04 001 1 01 0 2 30  85 0.850 1.137 736 53.0 -32.0 -56 -56 
04 002 1 02 0 2 30  85 0.850 2.006 856 73.0 -12.0  164 108 
04 003 1 03 0 1 60  51 0.510 2.341 723 51.0 0.0  200 308 
04 004 1 04 0 1 60  80 0.800 1.622 762 57.0 -23.0  68 376 
04 005 1 05 0 1 60  65 0.650 1.488 694 46.0 -19.0  110 486 
04 006 1 06 0 4  1  66 0.660 1.839 1020 100.0 34.0 -89 397 
04 007 1 07 0 2 30  68 0.680 2.424 700 47.0 -21.0  90 487 
04 008 1 08 0 1 60  77 0.770 1.488 966 91.0 14.0  151 638 
04 009 1 09 0 4  1  54 0.540 2.324 737 53.0 -1.0  200 838 
04 010 1 10 0 2 30  75 0.750 0.886 816 66.0 -9.0  180 1018 
04 011 1 11 0 4  1  43 0.430 2.257 752 55.0 12.0  164 1182 
04 012 1 12 0 2 30  14 0.140 1.304 500 13.0 -1.0  200 1382 
04 013 1 13 0 1 60  82 0.820 0.752 846 71.0 -11.0  170 1552 
04 014 1 14 0 1 60  88 0.880 1.204 980 93.0 5.0  194 1746 
04 015 1 15 0 2 30  65 0.650 0.970 767 58.0 -7.0  188 1934 
04 016 1 16 0 2 30  78 0.780 0.853 883 77.0 -1.0  200 2134 
04 017 1 17 0 2 30  38 0.380 0.819 607 31.0 -7.0  188 2322 
04 018 1 18 0 2 30  89 0.890 1.571 850 72.0 -17.0  128 2450 
04 019 1 19 0 2 30  74 0.740 0.786 821 67.0 -7.0  188 2638 
04 020 1 20 0 1 60  90 0.900 1.137 931 85.0 -5.0  194 2832 
04 021 1 21 0 2 30  75 0.750 0.919 790 62.0 -13.0  158 2990 
04 022 1 22 0 1 60  55 0.550 0.853 649 38.0 -17.0  128 3118 
04 023 1 23 0 3 10  36 0.360 0.685 753 56.0 20.0  100 3218 
04 024 1 24 0 3 10  69 0.690 0.769 696 46.0 -23.0  68 3286 
04 025 1 25 0 2 30  49 0.490 1.638 754 56.0 7.0  188 3474 
04 026 1 26 0 3 10  35 0.350 0.769 547 21.0 -14.0  151 3625 
04 027 1 27 0 3 10  56 0.560 1.187 625 34.0 -22.0  79 3704 
04 028 1 28 0 1 60  53 0.530 1.187 631 35.0 -18.0  119 3823 
04 029 1 29 0 2 30  95 0.950 1.254 1020 100.0 5.0  194 4017 
04 030 1 30 0 1 60  83 0.830 0.853 916 83.0 0.0  200 4217 
04 031 1 31 0 2 30  64 0.640 1.204 749 55.0 -9.0  180 4397 
04 032 1 32 0 2 30  47 0.470 1.304 629 35.0 -12.0  164 4561 
04 033 1 33 0 2 30  51 0.510 1.354 730 52.0 1.0  200 4761 
04 034 1 34 0 1 60  59 0.590 0.702 729 52.0 -7.0  188 4949 
04 035 1 35 0 2 30  89 0.890 0.903 943 87.0 -2.0  199 5148 
04 036 1 36 0 2 30  84 0.840 1.655 842 70.0 -14.0  151 5299 
04 037 1 37 0 2 30  53 0.530 0.903 668 41.0 -12.0  164 5463 
04 038 1 38 0 1 60  36 0.360 1.087 551 22.0 -14.0  151 5614 
04 039 1 39 0 1 60  62 0.620 1.321 741 54.0 -8.0  184 5798 
04 040 1 40 0 1 60  64 0.640 1.020 759 57.0 -7.0  188 5986 
04 041 1 41 0 1 60  78 0.780 2.307 848 71.0 -7.0  188 6174 
04 042 1 42 0 4  1  93 0.930 0.836 762 57.0 -36.0 -124 6050 
04 043 1 43 0 2 30  67 0.670 0.752 788 61.0 -6.0  191 6241 
04 044 1 44 0 2 30  70 0.700 0.886 731 52.0 -18.0  119 6360 
04 045 1 45 0 4  1  79 0.790 1.204 839 70.0 -9.0  180 6540 
04 046 1 46 0 1 60  90 0.900 1.137 845 71.0 -19.0  110 6650 
04 047 1 47 0 4  1  81 0.810 0.853 821 67.0 -14.0  151 6801 
04 048 1 48 0 3 10  74 0.740 0.919 898 80.0 6.0  191 6992 
04 049 1 49 0 3 10  62 0.620 1.087 773 59.0 -3.0  198 7190 
04 050 1 50 0 3 10  86 0.860 0.736 875 76.0 -10.0  175 7365 
04 051 1 51 0 1 60  53 0.530 0.752 738 53.0 0.0  200 7565 
04 052 1 52 0 1 60  82 0.820 0.786 790 62.0 -20.0  100 7665 
04 053 1 53 0 4  1  79 0.790 0.619 874 76.0 -3.0  198 7863 
04 054 1 54 0 4  1  90 0.900 0.669 785 61.0 -29.0 -10 7853 
04 055 2 01 0 1 60  80 0.800 1.622 800 63.0 -17.0  128 7981 
04 056 2 02 0 1 60  61 0.610 0.535 719 50.0 -11.0  170 8151 
04 057 2 03 0 3 10  77 0.770 0.719 835 69.0 -8.0  184 8335 
04 058 2 04 0 1 60  50 0.500 0.836 700 47.0 -3.0  198 8533 
04 059 2 05 0 3 10  87 0.870 1.989 740 53.0 -34.0 -89 8444 
04 060 2 06 0 1 60  87 0.870 1.103 962 90.0 3.0  198 8642 
04 061 2 07 0 1 60  34 0.340 1.271 534 19.0 -15.0  144 8786 
04 062 2 08 0 2 30  71 0.710 1.037 614 32.0 -39.0 -180 8606 
04 063 2 09 0 4  1  77 0.770 1.388 957 90.0 13.0  158 8764 
04 064 2 10 0 1 60  72 0.720 1.037 817 66.0 -6.0  191 8955 
04 065 2 11 0 1 60  81 0.810 0.903 879 77.0 -4.0  196 9151 
04 066 2 12 0 4  1  93 0.930 0.802 846 71.0 -22.0  79 9230 
04 067 2 13 0 2 30  37 0.370 0.719 693 46.0 9.0  180 9410 
04 068 2 14 0 1 60  53 0.530 0.652 749 55.0 2.0  199 9609 
04 069 2 15 0 2 30  57 0.570 0.769 749 55.0 -2.0  199 9808 
04 070 2 16 0 4  1  93 0.930 1.103 894 79.0 -14.0  151 9959 
04 071 2 17 0 1 60  79 0.790 2.207 942 87.0 8.0  184 10143 
04 072 2 18 0 3 10  42 0.420 0.986 712 49.0 7.0  188 10331 
04 073 2 19 0 1 60  77 0.770 0.736 770 58.0 -19.0  110 10441 
04 074 2 20 0 3 10  90 0.900 1.137 860 73.0 -17.0  128 10569 
04 075 2 21 0 3 10  32 0.320 0.986 597 30.0 -2.0  199 10768 
04 076 2 22 0 3 10  45 0.450 1.003 687 45.0 0.0  200 10968 
04 077 2 23 0 1 60  53 0.530 1.020 744 54.0 1.0  200 11168 
04 078 2 24 0 4  1  47 0.470 1.321 887 78.0 31.0 -40 11128 
04 079 2 25 0 1 60  61 0.610 1.471 831 69.0 8.0  184 11312 
04 080 2 26 0 4  1  44 0.440 1.421 849 72.0 28.0  4 11316 
04 081 2 27 0 3 10  62 0.620 0.669 589 28.0 -34.0 -89 11227 
04 082 2 28 0 1 60  81 0.810 0.970 796 63.0 -18.0  119 11346 
04 083 2 29 0 2 30  73 0.730 0.953 846 71.0 -2.0  199 11545 
04 084 2 30 0 4  1  51 0.510 1.070 584 27.0 -24.0  56 11601 
04 085 2 31 0 3 10  87 0.870 0.869 853 72.0 -15.0  144 11745 
04 086 2 32 0 2 30  83 0.830 0.719 857 73.0 -10.0  175 11920 
04 087 2 33 0 4  1  30 0.300 1.120 717 50.0 20.0  100 12020 
04 088 2 34 0 1 60  41 0.410 0.719 655 39.0 -2.0  199 12219 
04 089 2 35 0 3 10  79 0.790 1.421 761 57.0 -22.0  79 12298 
04 090 2 36 0 3 10  78 0.780 0.736 756 56.0 -22.0  79 12377 
04 091 2 37 0 4  1  85 0.850 0.869 720 50.0 -35.0 -106 12271 
04 092 2 38 0 2 30  79 0.790 0.802 795 63.0 -16.0  136 12407 
04 093 2 39 0 3 10  80 0.800 0.635 769 58.0 -22.0  79 12486 
04 094 2 40 0 1 60  62 0.620 0.602 701 47.0 -15.0  144 12630 
04 095 2 41 0 3 10  71 0.710 0.719 741 54.0 -17.0  128 12758 
04 096 2 42 0 1 60  55 0.550 0.518 720 50.0 -5.0  194 12952 
04 097 2 43 0 3 10  78 0.780 0.719 872 75.0 -3.0  198 13150 
04 098 2 44 0 3 10  54 0.540 1.271 698 46.0 -8.0  184 13334 
04 099 2 45 0 3 10  89 0.890 0.953 811 65.0 -24.0  56 13390 
04 100 2 46 0 3 10  38 0.380 0.786 576 26.0 -12.0  164 13554 
04 101 2 47 0 2 30  58 0.580 0.602 811 65.0 7.0  188 13742 
04 102 2 48 0 3 10  38 0.380 0.635 630 35.0 -3.0  198 13940 
04 103 2 49 0 2 30  73 0.730 0.652 832 69.0 -4.0  196 14136 
04 104 2 50 0 1 60  92 0.920 1.037 904 81.0 -11.0  170 14306 
04 105 2 51 0 2 30  49 0.490 1.872 836 69.0 20.0  100 14406 
04 106 2 52 0 2 30  43 0.430 2.341 618 33.0 -10.0  175 14581 
04 107 2 53 0 3 10  59 0.590 0.919 719 50.0 -9.0  180 14761 
04 108 2 54 0 3 10  98 0.980 0.736 766 58.0 -40.0 -200 14561 
04 109 3 01 0 1 60  92 0.920 0.802 898 80.0 -12.0  164 14725 
04 110 3 02 0 3 10  61 0.610 0.619 719 50.0 -11.0  170 14895 
04 111 3 03 0 1 60  76 0.760 1.354 736 53.0 -23.0  68 14963 
04 112 3 04 0 2 30  88 0.880 0.919 874 76.0 -12.0  164 15127 
04 113 3 05 0 2 30  59 0.590 0.719 673 42.0 -17.0  128 15255 
04 114 3 06 0 3 10  84 0.840 0.669 764 57.0 -27.0  18 15273 
04 115 3 07 0 2 30  70 0.700 1.371 842 70.0 0.0  200 15473 
04 116 3 08 0 1 60  55 0.550 1.421 853 72.0 17.0  128 15601 
04 117 3 09 0 4  1  70 0.700 0.903 720 50.0 -20.0  100 15701 
04 118 3 10 0 2 30  70 0.700 1.354 773 59.0 -11.0  170 15871 
04 119 3 11 0 4  1  43 0.430 0.769 720 50.0 7.0  188 16059 
04 120 3 12 0 3 10  61 0.610 2.090 742 54.0 -7.0  188 16247 
04 121 3 13 0 2 30  53 0.530 1.605 734 52.0 -1.0  200 16447 
04 122 3 14 0 2 30  60 0.600 0.602 729 52.0 -8.0  184 16631 
04 123 3 15 0 4  1  65 0.650 0.552 720 50.0 -15.0  144 16775 
04 124 3 16 0 1 60  89 0.890 0.802 858 73.0 -16.0  136 16911 
04 125 3 17 0 1 60  44 0.440 1.321 625 34.0 -10.0  175 17086 
04 126 3 18 0 3 10  70 0.700 1.037 728 51.0 -19.0  110 17196 
04 127 3 19 0 2 30  58 0.580 0.786 748 55.0 -3.0  198 17394 
04 128 3 20 0 3 10  95 0.950 0.552 807 65.0 -30.0 -25 17369 
04 129 3 21 0 1 60  66 0.660 0.552 720 50.0 -16.0  136 17505 
04 130 3 22 0 3 10  36 0.360 0.552 670 42.0 6.0  191 17696 
04 131 3 23 0 1 60  62 0.620 0.652 760 57.0 -5.0  194 17890 
04 132 3 24 0 2 30  90 0.900 0.585 840 70.0 -20.0  100 17990 
04 133 3 25 0 3 10  81 0.810 1.003 881 77.0 -4.0  196 18186 
04 134 3 26 0 2 30  50 0.500 0.685 631 35.0 -15.0  144 18330 
04 135 3 27 0 2 30  86 0.860 0.869 941 87.0 1.0  200 18530 
04 136 3 28 0 3 10  79 0.790 0.702 800 63.0 -16.0  136 18666 
04 137 3 29 0 3 10  73 0.730 0.619 770 58.0 -15.0  144 18810 
04 138 3 30 0 1 60  36 0.360 2.608 596 29.0 -7.0  188 18998 
04 139 3 31 0 2 30  80 0.800 1.220 913 82.0 2.0  199 19197 
04 140 3 32 0 1 60  51 0.510 0.819 704 47.0 -4.0  196 19393 
04 141 3 33 0 1 60  84 0.840 0.702 843 71.0 -13.0  158 19551 
04 142 3 34 0 2 30  24 0.240 1.421 554 22.0 -2.0  199 19750 
04 143 3 35 0 1 60  73 0.730 0.702 856 73.0 0.0  200 19950 
04 144 3 36 0 3 10  89 0.890 1.655 894 79.0 -10.0  175 20125 
04 145 3 37 0 3 10  87 0.870 0.685 874 76.0 -11.0  170 20295 
04 146 3 38 0 3 10  62 0.620 0.585 748 55.0 -7.0  188 20483 
04 147 3 39 0 2 30  72 0.720 1.705 961 90.0 18.0  119 20602 
04 148 3 40 0 1 60  63 0.630 0.619 740 53.0 -10.0  175 20777 
04 149 3 41 0 1 60  55 0.550 0.869 761 57.0 2.0  199 20976 
04 150 3 42 0 1 60  68 0.680 0.635 835 69.0 1.0  200 21176 
04 151 3 43 0 3 10  45 0.450 0.853 722 50.0 5.0  194 21370 
04 152 3 44 0 1 60  87 0.870 2.090 987 95.0 8.0  184 21554 
04 153 3 45 0 3 10  53 0.530 0.585 782 60.0 7.0  188 21742 
04 154 3 46 0 3 10  80 0.800 0.669 864 74.0 -6.0  191 21933 
04 155 3 47 0 1 60  71 0.710 0.635 804 64.0 -7.0  188 22121 
04 156 3 48 0 1 60  55 0.550 0.435 720 50.0 -5.0  194 22315 
04 157 3 49 0 2 30  71 0.710 0.970 874 76.0 5.0  194 22509 
04 158 3 50 0 2 30  61 0.610 0.518 772 59.0 -2.0  199 22708 
04 159 3 51 0 1 60  65 0.650 0.451 791 62.0 -3.0  198 22906 
04 160 3 52 0 1 60  53 0.530 0.518 720 50.0 -3.0  198 23104 
04 161 3 53 0 3 10  41 0.410 0.669 681 44.0 3.0  198 23302 
04 162 3 54 0 4  1  41 0.410 0.719 760 57.0 16.0  136 23438 
04 163 4 01 0 1 60  90 0.900 0.919 948 88.0 -2.0  199 23637 
04 164 4 02 0 2 30  41 0.410 0.970 594 29.0 -12.0  164 23801 
04 165 4 03 0 4  1  50 0.500 0.568 731 52.0 2.0  199 24000 
04 166 4 04 0 3 10  77 0.770 0.669 764 57.0 -20.0  100 24100 
04 167 4 05 0 4  1  85 0.850 0.451 720 50.0 -35.0 -106 23994 
04 168 4 06 0 3 10  92 0.920 0.752 924 84.0 -8.0  184 24178 
04 169 4 07 0 4  1  74 0.740 0.619 818 66.0 -8.0  184 24362 
04 170 4 08 0 2 30  75 0.750 1.739 809 65.0 -10.0  175 24537 
04 171 4 09 0 2 30  54 0.540 0.802 720 50.0 -4.0  196 24733 
04 172 4 10 0 2 30  82 0.820 1.103 916 83.0 1.0  200 24933 
04 173 4 11 0 4  1  83 0.830 0.802 757 56.0 -27.0  18 24951 
04 174 4 12 0 3 10  96 0.960 0.752 918 83.0 -13.0  158 25109 
04 175 4 13 0 4  1  53 0.530 0.719 793 62.0 9.0  180 25289 
04 176 4 14 0 1 60  78 0.780 1.337 894 79.0 1.0  200 25489 
04 177 4 15 0 1 60  96 0.960 1.872 996 96.0 0.0  200 25689 
04 178 4 16 0 3 10  95 0.950 0.819 972 92.0 -3.0  198 25887 
04 179 4 17 0 4  1  86 0.860 0.568 682 44.0 -42.0 -241 25646 
04 180 4 18 0 2 30  51 0.510 0.736 735 53.0 2.0  199 25845 
04 181 4 19 0 1 60  50 0.500 0.535 714 49.0 -1.0  200 26045 
04 182 4 20 0 2 30  90 0.900 1.187 943 87.0 -3.0  198 26243 
04 183 4 21 0 2 30  97 0.970 1.120 911 82.0 -15.0  144 26387 
04 184 4 22 0 2 30  85 0.850 0.769 870 75.0 -10.0  175 26562 
04 185 4 23 0 3 10  58 0.580 0.652 709 48.0 -10.0  175 26737 
04 186 4 24 0 3 10  44 0.440 0.752 593 29.0 -15.0  144 26881 
04 187 4 25 0 1 60  87 0.870 0.719 883 77.0 -10.0  175 27056 
04 188 4 26 0 4  1  61 0.610 0.936 774 59.0 -2.0  199 27255 
04 189 4 27 0 3 10  76 0.760 1.337 833 69.0 -7.0  188 27443 
04 190 4 28 0 3 10  91 0.910 1.254 963 91.0 0.0  200 27643 
04 191 4 29 0 1 60  54 0.540 1.337 763 57.0 3.0  198 27841 
04 192 4 30 0 4  1  64 0.640 1.237 720 50.0 -14.0  151 27992 
04 193 4 31 0 3 10  89 0.890 1.170 978 93.0 4.0  196 28188 
04 194 4 32 0 1 60  74 0.740 0.819 834 69.0 -5.0  194 28382 
04 195 4 33 0 2 30  74 0.740 0.769 815 66.0 -8.0  184 28566 
04 196 4 34 0 3 10  68 0.680 0.485 746 54.0 -14.0  151 28717 
04 197 4 35 0 2 30  61 0.610 0.635 649 38.0 -23.0  68 28785 
04 198 4 36 0 2 30  41 0.410 0.702 718 50.0 9.0  180 28965 
04 199 4 37 0 1 60  20 0.200 0.853 599 30.0 10.0  175 29140 
04 200 4 38 0 3 10  93 0.930 0.886 954 89.0 -4.0  196 29336 
04 201 4 39 0 1 60  57 0.570 0.418 720 50.0 -7.0  188 29524 
04 202 4 40 0 4  1  64 0.640 0.435 720 50.0 -14.0  151 29675 
04 203 4 41 0 2 30  59 0.590 0.702 736 53.0 -6.0  191 29866 
04 204 4 42 0 4  1  68 0.680 1.304 769 58.0 -10.0  175 30041 
04 205 4 43 0 3 10  81 0.810 0.635 766 58.0 -23.0  68 30109 
04 206 4 44 0 2 30  76 0.760 0.786 781 60.0 -16.0  136 30245 
04 207 4 45 0 1 60  89 0.890 1.053 970 92.0 3.0  198 30443 
04 208 4 46 0 3 10  95 0.950 0.736 968 91.0 -4.0  196 30639 
04 209 4 47 0 1 60  75 0.750 1.204 927 85.0 10.0  175 30814 
04 210 4 48 0 1 60  78 0.780 1.003 885 78.0 0.0  200 31014 
04 211 4 49 0 4  1  84 0.840 0.702 778 60.0 -24.0  56 31070 
04 212 4 50 0 4  1  69 0.690 0.552 784 61.0 -8.0  184 31254 
04 213 4 51 0 2 30  73 0.730 0.535 697 46.0 -27.0  18 31272 
04 214 4 52 0 1 60  50 0.500 0.619 796 63.0 13.0  158 31430 
04 215 4 53 0 2 30  95 0.950 1.037 993 96.0 1.0  200 31630 
04 216 4 54 0 2 30  79 0.790 0.652 957 90.0 11.0  170 31800 
04 217 5 01 0 1 60  79 0.790 1.037 885 78.0 -1.0  200 32000 
04 218 5 02 0 2 30  75 0.750 0.635 831 69.0 -6.0  191 32191 
04 219 5 03 0 1 60  91 0.910 1.471 952 89.0 -2.0  199 32390 
04 220 5 04 0 3 10  64 0.640 1.672 896 79.0 15.0  144 32534 
04 221 5 05 0 3 10  37 0.370 0.702 573 26.0 -11.0  170 32704 
04 222 5 06 0 3 10  68 0.680 0.869 702 47.0 -21.0  90 32794 
04 223 5 07 0 3 10  77 0.770 0.619 821 67.0 -10.0  175 32969 
04 224 5 08 0 2 30  50 0.500 0.418 719 50.0 0.0  200 33169 
04 225 5 09 0 1 60  83 0.830 0.769 904 81.0 -2.0  199 33368 
04 226 5 10 0 3 10  24 0.240 0.635 637 36.0 12.0  164 33532 
04 227 5 11 0 2 30  96 0.960 0.836 967 91.0 -5.0  194 33726 
04 228 5 12 0 4  1  65 0.650 0.819 780 60.0 -5.0  194 33920 
04 229 5 13 0 3 10  43 0.430 0.719 708 48.0 5.0  194 34114 
04 230 5 14 0 1 60  93 0.930 0.853 973 92.0 -1.0  200 34314 
04 231 5 15 0 2 30  34 0.340 0.635 578 26.0 -8.0  184 34498 
04 232 5 16 0 2 30  11 0.110 1.003 519 17.0 6.0  191 34689 
04 233 5 17 0 2 30  74 0.740 0.652 760 57.0 -17.0  128 34817 
04 234 5 18 0 3 10  76 0.760 0.652 765 58.0 -18.0  119 34936 
04 235 5 19 0 4  1  86 0.860 0.802 763 57.0 -29.0 -10 34926 
04 236 5 20 0 3 10  58 0.580 0.652 748 55.0 -3.0  198 35124 
04 237 5 21 0 2 30  85 0.850 1.003 832 69.0 -16.0  136 35260 
04 238 5 22 0 4  1  82 0.820 0.552 801 64.0 -18.0  119 35379 
04 239 5 23 0 2 30  73 0.730 0.652 764 57.0 -16.0  136 35515 
04 240 5 24 0 2 30  76 0.760 0.802 909 82.0 6.0  191 35706 
04 241 5 25 0 1 60  61 0.610 0.585 787 61.0 0.0  200 35906 
04 242 5 26 0 1 60  77 0.770 0.953 877 76.0 -1.0  200 36106 
04 243 5 27 0 3 10  79 0.790 0.769 862 74.0 -5.0  194 36300 
04 244 5 28 0 2 30  72 0.720 0.886 909 82.0 10.0  175 36475 
04 245 5 29 0 3 10  62 0.620 0.702 764 57.0 -5.0  194 36669 
04 246 5 30 0 3 10  62 0.620 0.836 748 55.0 -7.0  188 36857 
04 247 5 31 0 1 60  48 0.480 0.552 719 50.0 2.0  199 37056 
04 248 5 32 0 3 10  83 0.830 0.652 731 52.0 -31.0 -40 37016 
04 249 5 33 0 2 30  18 0.180 1.304 489 12.0 -6.0  191 37207 
04 250 5 34 0 2 30  84 0.840 0.702 894 79.0 -5.0  194 37401 
04 251 5 35 0 1 60  68 0.680 0.936 731 52.0 -16.0  136 37537 
04 252 5 36 0 2 30  68 0.680 0.919 851 72.0 4.0  196 37733 
04 253 5 37 0 1 60  75 0.750 0.786 891 79.0 4.0  196 37929 
04 254 5 38 0 3 10  59 0.590 0.535 743 54.0 -5.0  194 38123 
04 255 5 39 0 2 30  61 0.610 0.669 748 55.0 -6.0  191 38314 
04 256 5 40 0 2 30  92 0.920 1.053 925 84.0 -8.0  184 38498 
04 257 5 41 0 3 10  67 0.670 0.552 812 65.0 -2.0  199 38697 
04 258 5 42 0 3 10  70 0.700 0.385 720 50.0 -20.0  100 38797 
04 259 5 43 0 3 10  53 0.530 0.769 735 53.0 0.0  200 38997 
04 260 5 44 0 4  1  29 0.290 0.619 773 59.0 30.0 -25 38972 
04 261 5 45 0 3 10  57 0.570 0.652 698 46.0 -11.0  170 39142 
04 262 5 46 0 3 10  81 0.810 0.635 795 63.0 -18.0  119 39261 
04 263 5 47 0 3 10  74 0.740 0.769 745 54.0 -20.0  100 39361 
04 264 5 48 0 3 10  67 0.670 0.568 819 67.0 0.0  200 39561 
04 265 5 49 0 3 10  97 0.970 0.903 900 80.0 -17.0  128 39689 
04 266 5 50 0 1 60  82 0.820 1.739 951 89.0 7.0  188 39877 
04 267 5 51 0 3 10  35 0.350 0.619 711 49.0 14.0  151 40028 
04 268 5 52 0 3 10  61 0.610 0.552 765 58.0 -3.0  198 40226 
04 269 5 53 0 1 60  40 0.400 0.669 697 46.0 6.0  191 40417 
04 270 5 54 0 2 30  43 0.430 0.585 632 35.0 -8.0  184 40601 
