06 001 1 01 0 3 10  55 0.550 2.188 668 41.0 -14.0  151 151 
06 002 1 02 0 4  1  41 0.410 1.152 793 62.0 21.0  90 241 
06 003 1 03 0 2 30  84 0.840 1.603 698 46.0 -38.0 -161 80 
06 004 1 04 0 3 10  57 0.570 1.269 816 66.0 9.0  180 260 
06 005 1 05 0 2 30  74 0.740 1.737 877 76.0 2.0  199 459 
06 006 1 06 0 1 60  87 0.870 1.586 662 40.0 -47.0 -352 107 
06 007 1 07 0 1 60  95 0.950 0.751 857 73.0 -22.0  79 186 
06 008 1 08 0 3 10  26 0.260 1.369 859 73.0 47.0 -352 -166 
06 009 1 09 0 3 10  58 0.580 1.520 807 65.0 7.0  188 22 
06 010 1 10 0 1 60  83 0.830 2.054 821 67.0 -16.0  136 158 
06 011 1 11 0 3 10  48 0.480 1.219 871 75.0 27.0  18 176 
06 012 1 12 0 2 30  62 0.620 1.252 791 62.0 0.0  200 376 
06 013 1 13 0 1 60  56 0.560 1.653 807 65.0 9.0  180 556 
06 014 1 14 0 3 10  68 0.680 0.918 891 79.0 11.0  170 726 
06 015 1 15 0 3 10  61 0.610 2.922 871 75.0 14.0  151 877 
06 016 1 16 0 4  1  65 0.650 1.503 653 39.0 -26.0  31 908 
06 017 1 17 0 2 30  23 0.230 1.653 582 27.0 4.0  196 1104 
06 018 1 18 0 1 60  68 0.680 1.520 804 64.0 -4.0  196 1300 
06 019 1 19 0 3 10  73 0.730 1.687 659 40.0 -33.0 -72 1228 
06 020 1 20 0 2 30  49 0.490 1.085 807 65.0 16.0  136 1364 
06 021 1 21 0 3 10  64 0.640 1.369 821 67.0 3.0  198 1562 
06 022 1 22 0 3 10  68 0.680 1.102 865 74.0 6.0  191 1753 
06 023 1 23 0 3 10  69 0.690 1.553 802 64.0 -5.0  194 1947 
06 024 1 24 0 2 30  78 0.780 1.286 794 62.0 -16.0  136 2083 
06 025 1 25 0 4  1  56 0.560 2.054 588 28.0 -28.0  4 2087 
06 026 1 26 0 4  1  87 0.870 2.839 785 61.0 -26.0  31 2118 
06 027 1 27 0 1 60  84 0.840 1.035 837 70.0 -14.0  151 2269 
06 028 1 28 0 1 60  38 0.380 0.868 774 59.0 21.0  90 2359 
06 029 1 29 0 3 10  33 0.330 1.536 818 66.0 33.0 -72 2287 
06 030 1 30 0 1 60  55 0.550 0.835 665 41.0 -14.0  151 2438 
06 031 1 31 0 2 30  98 0.980 0.818 880 77.0 -21.0  90 2528 
06 032 1 32 0 2 30  93 0.930 2.288 933 86.0 -7.0  188 2716 
06 033 1 33 0 3 10  74 0.740 1.336 950 88.0 14.0  151 2867 
06 034 1 34 0 2 30  46 0.460 1.035 755 56.0 10.0  175 3042 
06 035 1 35 0 4  1  96 0.960 2.839 775 59.0 -37.0 -142 2900 
06 036 1 36 0 3 10  47 0.470 0.802 866 74.0 27.0  18 2918 
06 037 1 37 0 2 30  82 0.820 1.052 837 70.0 -12.0  164 3082 
06 038 1 38 0 2 30  68 0.680 0.885 686 44.0 -24.0  56 3138 
06 039 1 39 0 3 10  65 0.650 0.735 881 77.0 12.0  164 3302 
06 040 1 40 0 2 30  56 0.560 0.818 798 63.0 7.0  188 3490 
06 041 1 41 0 1 60  73 0.730 0.935 850 72.0 -1.0  200 3690 
06 042 1 42 0 1 60  56 0.560 0.868 819 67.0 11.0  170 3860 
06 043 1 43 0 3 10  49 0.490 2.856 827 68.0 19.0  110 3970 
06 044 1 44 0 1 60  59 0.590 1.052 766 58.0 -1.0  200 4170 
06 045 1 45 0 4  1  67 0.670 1.219 761 57.0 -10.0  175 4345 
06 046 1 46 0 2 30  80 0.800 0.768 797 63.0 -17.0  128 4473 
06 047 1 47 0 3 10  70 0.700 0.785 806 64.0 -6.0  191 4664 
06 048 1 48 0 2 30  39 0.390 0.935 679 43.0 4.0  196 4860 
06 049 1 49 0 2 30  46 0.460 1.202 684 44.0 -2.0  199 5059 
06 050 1 50 0 1 60  56 0.560 1.403 740 53.0 -3.0  198 5257 
06 051 1 51 0 1 60  35 0.350 1.152 682 44.0 9.0  180 5437 
06 052 1 52 0 2 30  81 0.810 1.136 902 80.0 -1.0  200 5637 
06 053 1 53 0 3 10  51 0.510 1.002 908 81.0 30.0 -25 5612 
06 054 1 54 0 2 30  80 0.800 1.202 892 79.0 -1.0  200 5812 
06 055 2 01 0 3 10  61 0.610 1.386 618 33.0 -28.0  4 5816 
06 056 2 02 0 2 30  85 0.850 0.885 770 58.0 -27.0  18 5834 
06 057 2 03 0 2 30  92 0.920 1.336 930 85.0 -7.0  188 6022 
06 058 2 04 0 3 10  27 0.270 0.985 858 73.0 46.0 -329 5693 
06 059 2 05 0 1 60  76 0.760 1.152 827 68.0 -8.0  184 5877 
06 060 2 06 0 1 60  95 0.950 0.935 819 67.0 -28.0  4 5881 
06 061 2 07 0 3 10  76 0.760 0.952 822 67.0 -9.0  180 6061 
06 062 2 08 0 3 10  71 0.710 1.586 775 59.0 -12.0  164 6225 
06 063 2 09 0 1 60  64 0.640 1.102 674 42.0 -22.0  79 6304 
06 064 2 10 0 1 60  45 0.450 0.952 616 33.0 -12.0  164 6468 
06 065 2 11 0 3 10  78 0.780 0.969 803 64.0 -14.0  151 6619 
06 066 2 12 0 4  1  80 0.800 1.085 608 31.0 -49.0 -400 6219 
06 067 2 13 0 1 60  80 0.800 0.768 835 69.0 -11.0  170 6389 
06 068 2 14 0 2 30  80 0.800 1.236 872 75.0 -5.0  194 6583 
06 069 2 15 0 1 60  39 0.390 1.002 611 32.0 -7.0  188 6771 
06 070 2 16 0 3 10  83 0.830 1.553 768 58.0 -25.0  44 6815 
06 071 2 17 0 2 30  88 0.880 0.718 867 75.0 -13.0  158 6973 
06 072 2 18 0 2 30  58 0.580 0.918 602 30.0 -28.0  4 6977 
06 073 2 19 0 2 30  94 0.940 0.818 838 70.0 -24.0  56 7033 
06 074 2 20 0 3 10  87 0.870 0.718 776 59.0 -28.0  4 7037 
06 075 2 21 0 4  1  76 0.760 1.603 607 31.0 -45.0 -306 6731 
06 076 2 22 0 4  1  88 0.880 0.918 861 74.0 -14.0  151 6882 
06 077 2 23 0 1 60  89 0.890 0.785 878 76.0 -13.0  158 7040 
06 078 2 24 0 2 30  75 0.750 0.668 833 69.0 -6.0  191 7231 
06 079 2 25 0 3 10  67 0.670 0.651 798 63.0 -4.0  196 7427 
06 080 2 26 0 3 10  65 0.650 0.601 801 64.0 -1.0  200 7627 
06 081 2 27 0 4  1  51 0.510 1.603 652 39.0 -12.0  164 7791 
06 082 2 28 0 3 10  97 0.970 1.570 806 64.0 -33.0 -72 7719 
06 083 2 29 0 1 60  94 0.940 0.868 858 73.0 -21.0  90 7809 
06 084 2 30 0 1 60  76 0.760 0.818 830 68.0 -8.0  184 7993 
06 085 2 31 0 4  1  56 0.560 1.252 644 37.0 -19.0  110 8103 
06 086 2 32 0 2 30  84 0.840 0.785 845 71.0 -13.0  158 8261 
06 087 2 33 0 3 10  79 0.790 0.852 854 72.0 -7.0  188 8449 
06 088 2 34 0 1 60  61 0.610 0.768 876 76.0 15.0  144 8593 
06 089 2 35 0 4  1  58 0.580 1.119 661 40.0 -18.0  119 8712 
06 090 2 36 0 2 30  73 0.730 0.768 720 50.0 -23.0  68 8780 
06 091 2 37 0 3 10  66 0.660 0.835 794 62.0 -4.0  196 8976 
06 092 2 38 0 2 30  81 0.810 0.701 820 67.0 -14.0  151 9127 
06 093 2 39 0 1 60  75 0.750 0.718 776 59.0 -16.0  136 9263 
06 094 2 40 0 4  1  59 0.590 0.868 850 72.0 13.0  158 9421 
06 095 2 41 0 4  1  51 0.510 0.969 650 38.0 -13.0  158 9579 
06 096 2 42 0 2 30  79 0.790 0.668 780 60.0 -19.0  110 9689 
06 097 2 43 0 4  1  52 0.520 0.768 788 61.0 9.0  180 9869 
06 098 2 44 0 2 30  93 0.930 0.802 806 64.0 -29.0 -10 9859 
06 099 2 45 0 3 10  90 0.900 0.735 869 75.0 -15.0  144 10003 
06 100 2 46 0 3 10  96 0.960 0.918 907 81.0 -15.0  144 10147 
06 101 2 47 0 2 30  90 0.900 0.802 914 82.0 -8.0  184 10331 
06 102 2 48 0 1 60  55 0.550 0.785 670 42.0 -13.0  158 10489 
06 103 2 49 0 2 30  74 0.740 1.102 810 65.0 -9.0  180 10669 
06 104 2 50 0 1 60  67 0.670 1.570 691 45.0 -22.0  79 10748 
06 105 2 51 0 3 10  65 0.650 0.651 836 69.0 4.0  196 10944 
06 106 2 52 0 2 30  62 0.620 0.685 677 43.0 -19.0  110 11054 
06 107 2 53 0 3 10  76 0.760 0.852 817 66.0 -10.0  175 11229 
06 108 2 54 0 4  1  57 0.570 0.885 845 71.0 14.0  151 11380 
06 109 3 01 0 1 60  62 0.620 0.818 674 42.0 -20.0  100 11480 
06 110 3 02 0 3 10  61 0.610 0.802 934 86.0 25.0  44 11524 
06 111 3 03 0 2 30  77 0.770 0.701 815 66.0 -11.0  170 11694 
06 112 3 04 0 2 30  88 0.880 1.369 773 59.0 -29.0 -10 11684 
06 113 3 05 0 2 30  88 0.880 0.668 862 74.0 -14.0  151 11835 
06 114 3 06 0 2 30  61 0.610 1.202 813 66.0 5.0  194 12029 
06 115 3 07 0 2 30  65 0.650 0.668 786 61.0 -4.0  196 12225 
06 116 3 08 0 3 10  55 0.550 0.701 820 67.0 12.0  164 12389 
06 117 3 09 0 1 60  89 0.890 0.701 822 67.0 -22.0  79 12468 
06 118 3 10 0 4  1  57 0.570 0.835 670 42.0 -15.0  144 12612 
06 119 3 11 0 1 60  69 0.690 0.685 782 60.0 -9.0  180 12792 
06 120 3 12 0 2 30  94 0.940 1.186 833 69.0 -25.0  44 12836 
06 121 3 13 0 2 30  86 0.860 0.902 877 76.0 -10.0  175 13011 
06 122 3 14 0 2 30  72 0.720 0.668 836 69.0 -3.0  198 13209 
06 123 3 15 0 1 60  84 0.840 0.885 885 78.0 -6.0  191 13400 
06 124 3 16 0 1 60  47 0.470 0.969 682 44.0 -3.0  198 13598 
06 125 3 17 0 3 10  82 0.820 1.019 906 81.0 -1.0  200 13798 
06 126 3 18 0 3 10  74 0.740 0.868 819 67.0 -7.0  188 13986 
06 127 3 19 0 3 10  57 0.570 0.618 841 70.0 13.0  158 14144 
06 128 3 20 0 3 10  63 0.630 0.651 800 63.0 0.0  200 14344 
06 129 3 21 0 3 10  77 0.770 0.785 861 74.0 -3.0  198 14542 
06 130 3 22 0 4  1  48 0.480 1.703 765 58.0 10.0  175 14717 
06 131 3 23 0 1 60  45 0.450 0.852 665 41.0 -4.0  196 14913 
06 132 3 24 0 3 10  48 0.480 0.651 843 71.0 23.0  68 14981 
06 133 3 25 0 3 10  74 0.740 0.751 774 59.0 -15.0  144 15125 
06 134 3 26 0 2 30  75 0.750 1.052 803 64.0 -11.0  170 15295 
06 135 3 27 0 3 10  83 0.830 0.868 875 76.0 -7.0  188 15483 
06 136 3 28 0 2 30  85 0.850 0.668 773 59.0 -26.0  31 15514 
06 137 3 29 0 4  1  97 0.970 0.701 914 82.0 -15.0  144 15658 
06 138 3 30 0 1 60  59 0.590 0.701 670 42.0 -17.0  128 15786 
06 139 3 31 0 3 10  53 0.530 0.635 830 68.0 15.0  144 15930 
06 140 3 32 0 1 60  69 0.690 1.486 781 60.0 -9.0  180 16110 
06 141 3 33 0 3 10  46 0.460 0.768 677 43.0 -3.0  198 16308 
06 142 3 34 0 2 30  63 0.630 0.668 646 38.0 -25.0  44 16352 
06 143 3 35 0 3 10  90 0.900 0.685 829 68.0 -22.0  79 16431 
06 144 3 36 0 1 60  38 0.380 0.802 672 42.0 4.0  196 16627 
06 145 3 37 0 2 30  77 0.770 0.768 647 38.0 -39.0 -180 16447 
06 146 3 38 0 3 10  90 0.900 0.835 917 83.0 -7.0  188 16635 
06 147 3 39 0 3 10  70 0.700 0.902 949 88.0 18.0  119 16754 
06 148 3 40 0 3 10  80 0.800 0.902 973 92.0 12.0  164 16918 
06 149 3 41 0 1 60  78 0.780 0.818 857 73.0 -5.0  194 17112 
06 150 3 42 0 2 30  29 0.290 0.802 604 31.0 2.0  199 17311 
06 151 3 43 0 1 60  60 0.600 1.236 704 47.0 -13.0  158 17469 
06 152 3 44 0 3 10  86 0.860 0.852 791 62.0 -24.0  56 17525 
06 153 3 45 0 1 60  73 0.730 0.601 775 59.0 -14.0  151 17676 
06 154 3 46 0 4  1  48 0.480 1.904 670 42.0 -6.0  191 17867 
06 155 3 47 0 2 30  83 0.830 0.701 790 62.0 -21.0  90 17957 
06 156 3 48 0 3 10  68 0.680 0.952 896 79.0 11.0  170 18127 
06 157 3 49 0 4  1  53 0.530 2.572 691 45.0 -8.0  184 18311 
06 158 3 50 0 2 30  39 0.390 2.054 587 28.0 -11.0  170 18481 
06 159 3 51 0 1 60  62 0.620 1.369 695 46.0 -16.0  136 18617 
06 160 3 52 0 3 10  59 0.590 1.152 789 62.0 3.0  198 18815 
06 161 3 53 0 3 10  66 0.660 0.751 860 73.0 7.0  188 19003 
06 162 3 54 0 2 30  56 0.560 0.868 656 39.0 -17.0  128 19131 
06 163 4 01 0 3 10  49 0.490 1.152 677 43.0 -6.0  191 19322 
06 164 4 02 0 3 10  44 0.440 1.219 628 35.0 -9.0  180 19502 
06 165 4 03 0 1 60  51 0.510 0.852 632 35.0 -16.0  136 19638 
06 166 4 04 0 3 10  71 0.710 0.668 828 68.0 -3.0  198 19836 
06 167 4 05 0 2 30  90 0.900 0.668 840 70.0 -20.0  100 19936 
06 168 4 06 0 1 60  57 0.570 0.902 774 59.0 2.0  199 20135 
06 169 4 07 0 3 10  68 0.680 0.651 804 64.0 -4.0  196 20331 
06 170 4 08 0 2 30  72 0.720 0.651 672 42.0 -30.0 -25 20306 
06 171 4 09 0 1 60  70 0.700 0.668 824 67.0 -3.0  198 20504 
06 172 4 10 0 3 10  76 0.760 0.651 868 75.0 -1.0  200 20704 
06 173 4 11 0 1 60  60 0.600 0.651 812 65.0 5.0  194 20898 
06 174 4 12 0 1 60  52 0.520 0.584 811 65.0 13.0  158 21056 
06 175 4 13 0 4  1  84 0.840 1.453 876 76.0 -8.0  184 21240 
06 176 4 14 0 1 60  94 0.940 0.818 845 71.0 -23.0  68 21308 
06 177 4 15 0 3 10  67 0.670 0.651 887 78.0 11.0  170 21478 
06 178 4 16 0 1 60  72 0.720 0.534 807 65.0 -7.0  188 21666 
06 179 4 17 0 1 60  64 0.640 0.685 777 60.0 -4.0  196 21862 
06 180 4 18 0 1 60  28 0.280 1.269 582 27.0 -1.0  200 22062 
06 181 4 19 0 1 60  75 0.750 0.818 911 82.0 7.0  188 22250 
06 182 4 20 0 3 10  84 0.840 0.601 847 71.0 -13.0  158 22408 
06 183 4 21 0 2 30  80 0.800 0.668 895 79.0 -1.0  200 22608 
06 184 4 22 0 1 60  51 0.510 0.735 591 29.0 -22.0  79 22687 
06 185 4 23 0 1 60  86 0.860 1.085 825 68.0 -18.0  119 22806 
06 186 4 24 0 1 60  33 0.330 0.969 583 27.0 -6.0  191 22997 
06 187 4 25 0 2 30  82 0.820 0.735 903 81.0 -1.0  200 23197 
06 188 4 26 0 1 60  80 0.800 1.069 837 70.0 -10.0  175 23372 
06 189 4 27 0 1 60  62 0.620 2.154 868 75.0 13.0  158 23530 
06 190 4 28 0 1 60  65 0.650 0.668 640 37.0 -28.0  4 23534 
06 191 4 29 0 2 30  78 0.780 0.601 826 68.0 -10.0  175 23709 
06 192 4 30 0 4  1  64 0.640 0.701 804 64.0 0.0  200 23909 
06 193 4 31 0 1 60  63 0.630 0.651 808 65.0 2.0  199 24108 
06 194 4 32 0 1 60  89 0.890 0.701 849 72.0 -17.0  128 24236 
06 195 4 33 0 2 30  77 0.770 0.685 874 76.0 -1.0  200 24436 
06 196 4 34 0 4  1  57 0.570 2.021 863 74.0 17.0  128 24564 
06 197 4 35 0 1 60  54 0.540 0.785 779 60.0 6.0  191 24755 
06 198 4 36 0 1 60  44 0.440 0.701 791 62.0 18.0  119 24874 
06 199 4 37 0 1 60  72 0.720 0.768 656 39.0 -33.0 -72 24802 
06 200 4 38 0 4  1  57 0.570 0.751 880 77.0 20.0  100 24902 
06 201 4 39 0 1 60  93 0.930 0.985 934 86.0 -7.0  188 25090 
06 202 4 40 0 2 30  83 0.830 0.768 935 86.0 3.0  198 25288 
06 203 4 41 0 1 60  70 0.700 1.136 789 62.0 -8.0  184 25472 
06 204 4 42 0 1 60  44 0.440 0.952 691 45.0 1.0  200 25672 
06 205 4 43 0 2 30  62 0.620 1.353 768 58.0 -4.0  196 25868 
06 206 4 44 0 2 30  50 0.500 0.668 743 54.0 4.0  196 26064 
06 207 4 45 0 2 30  75 0.750 0.601 853 72.0 -3.0  198 26262 
06 208 4 46 0 3 10  84 0.840 0.668 871 75.0 -9.0  180 26442 
06 209 4 47 0 1 60  35 0.350 0.768 630 35.0 0.0  200 26642 
06 210 4 48 0 2 30  39 0.390 0.935 608 31.0 -8.0  184 26826 
06 211 4 49 0 4  1  65 0.650 2.421 786 61.0 -4.0  196 27022 
06 212 4 50 0 3 10  91 0.910 0.852 949 88.0 -3.0  198 27220 
06 213 4 51 0 1 60  76 0.760 0.818 890 78.0 2.0  199 27419 
06 214 4 52 0 4  1  85 0.850 0.685 609 32.0 -53.0 -502 26917 
06 215 4 53 0 2 30  35 0.350 1.002 556 23.0 -12.0  164 27081 
06 216 4 54 0 2 30  75 0.750 0.852 827 68.0 -7.0  188 27269 
06 217 5 01 0 1 60  18 0.180 1.219 515 16.0 -2.0  199 27468 
06 218 5 02 0 1 60  90 0.900 0.618 816 66.0 -24.0  56 27524 
06 219 5 03 0 3 10  72 0.720 1.019 966 91.0 19.0  110 27634 
06 220 5 04 0 3 10  57 0.570 0.969 875 76.0 19.0  110 27744 
06 221 5 05 0 4  1  22 0.220 1.186 836 69.0 47.0 -352 27392 
06 222 5 06 0 2 30  90 0.900 1.269 802 64.0 -26.0  31 27423 
06 223 5 07 0 2 30  74 0.740 1.102 887 78.0 4.0  196 27619 
06 224 5 08 0 4  1  90 0.900 0.635 916 83.0 -7.0  188 27807 
06 225 5 09 0 4  1  76 0.760 0.701 819 67.0 -9.0  180 27987 
06 226 5 10 0 3 10  90 0.900 0.651 890 78.0 -12.0  164 28151 
06 227 5 11 0 3 10  95 0.950 0.685 917 83.0 -12.0  164 28315 
06 228 5 12 0 1 60  68 0.680 0.651 796 63.0 -5.0  194 28509 
06 229 5 13 0 3 10  66 0.660 0.651 842 70.0 4.0  196 28705 
06 230 5 14 0 3 10  88 0.880 0.618 914 82.0 -6.0  191 28896 
06 231 5 15 0 4  1  95 0.950 0.668 807 65.0 -30.0 -25 28871 
06 232 5 16 0 3 10  75 0.750 1.002 918 83.0 8.0  184 29055 
06 233 5 17 0 1 60  50 0.500 0.635 662 40.0 -10.0  175 29230 
06 234 5 18 0 3 10  83 0.830 0.735 914 82.0 -1.0  200 29430 
06 235 5 19 0 1 60  58 0.580 0.618 766 58.0 0.0  200 29630 
06 236 5 20 0 2 30  60 0.600 0.601 814 66.0 6.0  191 29821 
06 237 5 21 0 2 30  99 0.990 0.852 869 75.0 -24.0  56 29877 
06 238 5 22 0 1 60  68 0.680 1.152 950 88.0 20.0  100 29977 
06 239 5 23 0 2 30  39 0.390 1.102 773 59.0 20.0  100 30077 
06 240 5 24 0 2 30  71 0.710 0.635 765 58.0 -13.0  158 30235 
06 241 5 25 0 3 10  86 0.860 0.685 860 73.0 -13.0  158 30393 
06 242 5 26 0 2 30  49 0.490 0.935 682 44.0 -5.0  194 30587 
06 243 5 27 0 2 30  57 0.570 0.802 662 40.0 -17.0  128 30715 
06 244 5 28 0 2 30  78 0.780 0.735 812 65.0 -13.0  158 30873 
06 245 5 29 0 4  1  19 0.190 0.751 865 74.0 55.0 -556 30317 
06 246 5 30 0 3 10  47 0.470 0.668 620 33.0 -14.0  151 30468 
06 247 5 31 0 3 10  69 0.690 0.785 828 68.0 -1.0  200 30668 
06 248 5 32 0 3 10  50 0.500 0.918 653 39.0 -11.0  170 30838 
06 249 5 33 0 1 60  74 0.740 0.785 772 59.0 -15.0  144 30982 
06 250 5 34 0 4  1  73 0.730 0.885 818 66.0 -7.0  188 31170 
06 251 5 35 0 2 30  63 0.630 0.668 795 63.0 0.0  200 31370 
06 252 5 36 0 3 10  79 0.790 0.651 844 71.0 -8.0  184 31554 
06 253 5 37 0 3 10  31 0.310 0.802 549 22.0 -9.0  180 31734 
06 254 5 38 0 1 60  25 0.250 1.069 575 26.0 1.0  200 31934 
06 255 5 39 0 1 60  68 0.680 0.985 879 77.0 9.0  180 32114 
06 256 5 40 0 1 60  79 0.790 0.868 872 75.0 -4.0  196 32310 
06 257 5 41 0 2 30  55 0.550 0.668 803 64.0 9.0  180 32490 
06 258 5 42 0 4  1  84 0.840 0.868 937 86.0 2.0  199 32689 
06 259 5 43 0 2 30  23 0.230 1.670 503 14.0 -9.0  180 32869 
06 260 5 44 0 3 10  35 0.350 0.651 836 69.0 34.0 -89 32780 
06 261 5 45 0 2 30  71 0.710 0.835 659 40.0 -31.0 -40 32740 
06 262 5 46 0 4  1  90 0.900 0.568 802 64.0 -26.0  31 32771 
06 263 5 47 0 2 30  47 0.470 0.751 785 61.0 14.0  151 32922 
06 264 5 48 0 2 30  74 0.740 0.668 814 66.0 -8.0  184 33106 
06 265 5 49 0 1 60  57 0.570 0.685 790 62.0 5.0  194 33300 
06 266 5 50 0 1 60  92 0.920 0.952 912 82.0 -10.0  175 33475 
06 267 5 51 0 4  1  80 0.800 0.852 807 65.0 -15.0  144 33619 
06 268 5 52 0 1 60  96 0.960 1.085 944 87.0 -9.0  180 33799 
06 269 5 53 0 2 30  86 0.860 2.087 970 92.0 6.0  191 33990 
06 270 5 54 0 2 30  62 0.620 0.635 766 58.0 -4.0  196 34186 
