 11   1  1  1 FA_T0.jpeg A   5 1 H 0.398474 0 0
 11   2  1  2 FH_T0.jpeg H   5 1 H 0.243801 0 0
 11   3  1  3 FA_T20.jpeg A   1 1 H 0.249530 0 0
 11   4  1  4 FA_T9.jpeg A   3 1 H 0.221533 0 0
 11   5  1  5 FA_T20.jpeg A   1 1 H 0.205834 0 0
 11   6  1  6 FA_T20.jpeg A   1 1 H 0.200654 0 0
 11   7  1  7 FA_T6.jpeg A   4 1 H 0.182600 1 1
 11   8  1  8 FA_T0.jpeg A   5 1 H 0.426143 0 1
 11   9  1  9 FH_T0.jpeg H   5 1 H 0.410089 0 1
 11  10  1 10 FH_T20.jpeg H   1 1 H 0.790189 0 1
 11  11  1 11 FA_T9.jpeg A   3 1 H 0.265398 0 1
 11  12  1 12 FA_T6.jpeg A   4 1 H 0.282283 0 1
 11  13  1 13 FA_T13.jpeg A   2 1 H 0.243797 0 1
 11  14  1 14 FH_T6.jpeg H   4 1 H 0.311008 0 1
 11  15  1 15 FA_T20.jpeg A   1 1 H 0.217163 0 1
 11  16  1 16 FH_T0.jpeg H   5 1 H 0.298674 0 1
 11  17  1 17 FH_T13.jpeg H   2 1 H 0.271190 0 1
 11  18  1 18 FH_T0.jpeg H   5 1 H 0.315042 0 1
 11  19  2  1 FA_T20.jpeg A   1 1 H 1.214421 0 1
 11  20  2  2 FA_T0.jpeg A   5 1 H 0.249977 0 1
 11  21  2  3 FH_T20.jpeg H   1 1 H 0.326975 0 1
 11  22  2  4 FA_T0.jpeg A   5 1 H 0.243427 0 1
 11  23  2  5 FH_T6.jpeg H   4 1 H 0.254376 0 1
 11  24  2  6 FA_T0.jpeg A   5 1 H 0.403369 0 1
 11  25  2  7 FH_T20.jpeg H   1 1 H 0.238310 0 1
 11  26  2  8 FH_T13.jpeg H   2 1 H 0.299700 0 1
 11  27  2  9 FA_T13.jpeg A   2 1 H 0.300673 0 1
 11  28  2 10 FH_T0.jpeg H   5 1 H 0.238225 0 1
 11  29  2 11 FA_T20.jpeg A   1 1 H 0.249371 0 1
 11  30  2 12 FH_T0.jpeg H   5 1 H 0.243834 0 1
 11  31  2 13 FH_T20.jpeg H   1 1 H 0.244041 0 1
 11  32  2 14 FH_T9.jpeg H   3 1 H 0.254426 0 1
 11  33  2 15 FH_T20.jpeg H   1 1 H 0.276826 0 1
 11  34  2 16 FH_T9.jpeg H   3 1 H 0.244565 0 1
 11  35  2 17 FH_T20.jpeg H   1 1 H 0.304483 0 1
 11  36  2 18 FA_T0.jpeg A   5 1 H 0.249501 0 1
