08 0 01 01 01 03 0.940000 -0.220924 -0.515326 4.664297 422    421 
08 0 02 01 02 03 0.940000 -0.372015 -0.308053 2.022868 496    918 
08 0 03 01 03 02 0.870000 -0.148852 -0.284074 2.123176 484   1401 
08 0 04 01 04 02 0.870000 -0.402272 -0.540420 3.009225 483   1884 
08 0 05 01 05 03 0.940000 -0.424742 -0.415812 1.471178 500   2384 
08 0 06 01 06 01 0.200000 -0.290090 -0.380506 1.554768 493   2877 
08 0 07 01 07 03 0.940000 0.563096 0.829617 1.671793 436   3313 
08 0 08 01 08 02 0.870000 -0.177591 -0.222082 2.256913 498   3811 
08 0 09 01 09 04 1.000000 -0.768556 0.073939 1.671791 -139   3672 
08 0 10 01 10 03 0.940000 -0.268811 -0.431958 1.621638 476   4148 
08 0 11 01 11 03 0.940000 -0.343199 -0.319636 2.056302 500   4648 
08 0 12 01 12 02 0.870000 0.269587 0.321751 2.942355 498   5145 
08 0 13 01 13 04 1.000000 -0.284405 -0.373302 1.705228 493   5638 
08 0 14 01 14 02 0.870000 -0.083731 -0.165149 1.454462 494   6132 
08 0 15 01 15 02 0.870000 -0.593464 -0.723621 1.487896 485   6617 
08 0 16 01 16 02 0.870000 0.047103 0.130639 1.320717 494   7111 
08 0 17 01 17 04 1.000000 -0.428366 0.505791 2.156611 -285   6825 
08 0 18 01 18 01 0.200000 -0.400578 -0.413129 1.838971 500   7325 
08 0 19 01 19 02 0.870000 -0.096592 -0.160763 2.323786 496   7821 
08 0 20 01 20 03 0.940000 -1.230050 -1.015102 2.490965 458   8280 
08 0 21 01 21 02 0.870000 -0.800971 -0.839005 1.504612 499   8779 
08 0 22 01 22 01 0.200000 -0.492640 -0.495133 2.708302 500   9279 
08 0 23 01 23 01 0.200000 -0.177649 -0.253894 2.240199 495   9773 
08 0 24 01 24 01 0.200000 -0.707626 -0.883672 1.755381 472  10245 
08 0 25 01 25 02 0.870000 -0.519481 -0.766532 1.521320 445  10691 
08 0 26 01 26 03 0.940000 -0.120237 -0.502843 1.554766 368  11059 
08 0 27 01 27 02 0.870000 -0.926666 -0.834863 1.303997 492  11551 
08 0 28 01 28 03 0.940000 -0.311753 -0.339293 1.738665 499  12051 
08 0 29 01 29 03 0.940000 -1.320725 -1.305167 1.822254 500  12550 
08 0 30 01 30 01 0.200000 -0.047198 -0.169985 2.574559 486  13037 
08 0 31 01 31 03 0.940000 0.351774 0.306890 1.421018 498  13535 
08 0 32 01 32 02 0.870000 -0.251781 -0.342533 1.738656 493  14028 
08 0 33 01 33 02 0.870000 -0.697296 -0.861339 1.421024 476  14503 
08 0 34 01 34 01 0.200000 -0.262661 -0.321751 1.655074 497  15000 
08 0 35 01 35 02 0.870000 -0.786844 -1.018695 1.487895 452  15452 
08 0 36 01 36 03 0.940000 -0.548033 -0.746583 1.538052 465  15916 
08 0 37 01 37 01 0.200000 -0.995646 -1.136361 1.504614 482  16398 
08 0 38 01 38 01 0.200000 -0.330281 -0.335324 1.554766 500  16898 
08 0 39 01 39 02 0.870000 -1.205672 -1.139658 1.939280 496  17395 
08 0 40 01 40 04 1.000000 -0.545227 0.685206 2.674864 -863  16532 
08 0 41 01 41 01 0.200000 0.449765 0.365868 1.721948 494  17026 
08 0 42 01 42 02 0.870000 0.165795 0.232876 1.621640 496  17522 
08 0 43 01 43 03 0.940000 -0.552504 -0.729900 1.103382 472  17993 
08 0 44 01 44 03 0.940000 -1.039036 -0.740785 1.588203 420  18413 
08 0 45 01 45 04 1.000000 -0.661209 -0.291457 3.544199 377  18790 
08 0 46 01 46 01 0.200000 -0.878225 -0.855284 1.604921 500  19290 
08 0 47 01 47 03 0.940000 -0.301975 -0.379044 2.190048 495  19784 
08 0 48 01 48 03 0.940000 -0.007329 -0.012903 1.303998 500  20284 
08 0 49 01 49 01 0.200000 -0.812766 -0.824981 1.404307 500  20784 
08 0 50 01 50 02 0.870000 -0.404859 -0.262459 1.337435 482  21266 
08 0 51 01 51 04 1.000000 -0.773606 -0.117512 1.872408 113  21378 
08 0 52 01 52 01 0.200000 -0.161613 -0.229463 1.487898 496  21874 
08 0 53 01 53 04 1.000000 -0.637017 -0.578524 2.507693 497  22371 
08 0 54 01 54 03 0.940000 -0.297726 -0.258771 2.457534 499  22870 
08 0 55 01 55 03 0.940000 -0.448671 -0.368229 1.320716 494  23364 
08 0 56 01 56 03 0.940000 0.113022 0.122669 1.120101 500  23864 
08 0 57 01 57 01 0.200000 -0.733172 -0.677970 1.504613 497  24361 
08 0 58 01 58 01 0.200000 -0.830081 -0.674741 1.487893 478  24840 
08 0 59 01 59 04 1.000000 -0.111252 -0.193054 1.671781 494  25334 
08 0 60 01 60 04 1.000000 0.649983 0.113435 1.571488 241  25574 
08 0 61 02 01 03 0.940000 0.240695 0.317459 1.437743 495  26069 
08 0 62 02 02 02 0.870000 -0.334023 -0.216415 2.290355 488  26557 
08 0 63 02 03 01 0.200000 -0.764095 -0.667465 1.671792 492  27048 
08 0 64 02 04 04 1.000000 -0.810497 0.300606 2.474251 -611  26437 
08 0 65 02 05 01 0.200000 -0.392300 -0.346539 2.123175 498  26935 
08 0 66 02 06 01 0.200000 -0.172426 -0.161543 1.822254 500  27435 
08 0 67 02 07 01 0.200000 -0.317242 -0.343024 1.638357 499  27935 
08 0 68 02 08 02 0.870000 -0.019607 0.098966 1.738664 487  28422 
08 0 69 02 09 03 0.940000 -0.425508 -0.457069 1.287280 499  28921 
08 0 70 02 10 01 0.200000 -0.469182 -0.429277 1.872412 499  29420 
08 0 71 02 11 02 0.870000 -0.478911 -0.395350 2.658149 494  29913 
08 0 72 02 12 04 1.000000 -0.228092 0.418224 2.256920 124  30037 
08 0 73 02 13 01 0.200000 -0.061864 -0.043451 1.136820 500  30537 
08 0 74 02 14 04 1.000000 -0.497595 -0.593229 1.237126 492  31029 
08 0 75 02 15 03 0.940000 -0.810191 -0.555494 1.487897 442  31470 
08 0 76 02 16 02 0.870000 -0.516288 -0.616051 1.404306 491  31961 
08 0 77 02 17 02 0.870000 0.166681 0.213267 1.688505 498  32460 
08 0 78 02 18 03 0.940000 0.004232 0.083141 1.270564 494  32954 
08 0 79 02 19 03 0.940000 -0.488912 -0.375271 1.320717 488  33442 
08 0 80 02 20 01 0.200000 -0.799860 -0.774760 1.889126 499  33942 
08 0 81 02 21 04 1.000000 -0.392840 -0.035956 2.357225 385  34327 
08 0 82 02 22 04 1.000000 -0.589274 0.107279 3.460608  63  34390 
08 0 83 02 23 03 0.940000 -0.987608 -0.431958 1.989432 222  34613 
08 0 84 02 24 04 1.000000 -0.382718 0.232104 1.638351 160  34772 
08 0 85 02 25 03 0.940000 -0.578254 -0.576075 2.056299 500  35272 
08 0 86 02 26 03 0.940000 -0.368233 -0.312901 1.655074 497  35770 
08 0 87 02 27 02 0.870000 -0.549644 -0.418949 2.959068 485  36254 
08 0 88 02 28 04 1.000000 -0.491243 -0.004950 1.755383 287  36541 
08 0 89 02 29 04 1.000000 -0.289415 -0.470404 1.905844 471  37012 
08 0 90 02 30 02 0.870000 -0.048632 -0.140951 1.571485 492  37504 
08 0 91 02 31 04 1.000000 -0.098485 -0.100381 1.170258 500  38004 
08 0 92 02 32 02 0.870000 -0.232658 -0.227857 1.554767 500  38504 
08 0 93 02 33 03 0.940000 -1.002884 -0.578160 2.273637 338  38842 
08 0 94 02 34 02 0.870000 -0.128930 -0.298499 1.487896 474  39316 
08 0 95 02 35 03 0.940000 -0.125554 -0.166282 1.404305 499  39814 
08 0 96 02 36 02 0.870000 -1.257613 -1.144703 1.404307 489  40303 
08 0 97 02 37 01 0.200000 -0.345263 -0.312701 1.571485 499  40802 
08 0 98 02 38 01 0.200000 -0.766643 -0.658806 1.320718 490  41292 
08 0 99 02 39 03 0.940000 -0.779823 -0.330883 1.387588 319  41610 
08 0 100 02 40 03 0.940000 -0.676068 -0.644822 1.487895 499  42109 
08 0 101 02 41 03 0.940000 -0.006208 0.198779 1.872407 462  42572 
08 0 102 02 42 02 0.870000 -0.777570 -0.720812 1.387576 497  43069 
08 0 103 02 43 04 1.000000 -0.700153 -0.212645 2.741739 286  43355 
08 0 104 02 44 03 0.940000 -0.278930 -0.327987 1.604922 498  43853 
08 0 105 02 45 03 0.940000 -0.314382 -0.165149 1.521332 480  44333 
08 0 106 02 46 04 1.000000 -0.443171 -0.283421 3.611071 477  44810 
08 0 107 02 47 02 0.870000 -0.453197 -0.365201 1.554767 493  45303 
08 0 108 02 48 04 1.000000 -0.373965 0.230668 1.170256 171  45474 
08 0 109 02 49 01 0.200000 -0.290070 -0.264342 1.671793 499  45973 
08 0 110 02 50 04 1.000000 -0.815543 0.452154 1.538049 -946  45027 
08 0 111 02 51 03 0.940000 -0.495238 -0.414269 1.153536 494  45521 
08 0 112 02 52 03 0.940000 -0.555822 -0.436163 1.487900 487  46008 
08 0 113 02 53 01 0.200000 -0.625905 -0.586109 1.053230 499  46506 
08 0 114 02 54 03 0.940000 -0.517793 -0.400241 1.454457 488  46994 
08 0 115 02 55 03 0.940000 0.306040 0.149560 1.554766 478  47472 
08 0 116 02 56 02 0.870000 -0.486164 -0.328919 1.538050 478  47950 
08 0 117 02 57 02 0.870000 -1.059129 -0.945005 1.103383 488  48438 
08 0 118 02 58 04 1.000000 0.230490 -0.443103 2.390662  92  48530 
08 0 119 02 59 03 0.940000 -0.923955 -0.397498 1.989429 251  48780 
08 0 120 02 60 02 0.870000 -0.063760 -0.053283 1.153538 500  49280 
08 0 121 03 01 04 1.000000 -0.082065 -0.037020 1.805536 498  49778 
08 0 122 03 02 01 0.200000 0.087166 0.119151 1.303997 499  50277 
08 0 123 03 03 01 0.200000 -0.673616 -0.647811 1.437742 499  50777 
08 0 124 03 04 04 1.000000 -0.458142 0.166386 2.624715 149  50926 
08 0 125 03 05 02 0.870000 -0.182121 -0.193494 1.504612 500  51426 
08 0 126 03 06 01 0.200000 -0.706232 -0.595785 1.955997 489  51915 
08 0 127 03 07 04 1.000000 -0.355402 0.138959 1.604920 280  52195 
08 0 128 03 08 04 1.000000 0.311857 -0.127870 1.387587 326  52521 
08 0 129 03 09 01 0.200000 -0.109418 -0.180700 2.022870 495  53016 
08 0 130 03 10 01 0.200000 -0.563475 -0.531030 1.655075 499  53515 
08 0 131 03 11 03 0.940000 0.215740 0.132552 1.437742 494  54009 
08 0 132 03 12 02 0.870000 -0.623515 -0.624246 3.092815 500  54509 
08 0 133 03 13 04 1.000000 -0.100671 -0.377968 2.206770 431  54940 
08 0 134 03 14 03 0.940000 -0.099481 -0.169778 1.922560 496  55435 
08 0 135 03 15 03 0.940000 -0.569092 -0.362926 0.986358 462  55897 
08 0 136 03 16 04 1.000000 -0.571809 0.095299 1.588202  99  55996 
08 0 137 03 17 04 1.000000 -0.541836 -0.123457 1.604917 342  56339 
08 0 138 03 18 02 0.870000 -0.585498 -0.504377 1.538051 494  56833 
08 0 139 03 19 01 0.200000 -0.018108 -0.052191 1.571485 499  57332 
08 0 140 03 20 03 0.940000 0.207746 0.286422 1.621638 494  57826 
08 0 141 03 21 03 0.940000 0.092789 0.112111 1.287279 500  58326 
08 0 142 03 22 03 0.940000 -0.228160 -0.194587 1.454458 499  58825 
08 0 143 03 23 02 0.870000 -0.299974 -0.343969 1.186974 498  59323 
08 0 144 03 24 03 0.940000 0.342426 0.263780 2.156610 494  59818 
08 0 145 03 25 01 0.200000 -0.230806 -0.268703 1.454459 499  60316 
08 0 146 03 26 02 0.870000 0.056344 0.187551 1.237126 485  60801 
08 0 147 03 27 03 0.940000 -0.876998 -0.710164 1.521330 475  61276 
08 0 148 03 28 04 1.000000 -0.425653 0.287576 1.521332  42  61318 
08 0 149 03 29 02 0.870000 -0.289415 -0.236114 1.404305 497  61815 
08 0 150 03 30 01 0.200000 -0.299859 -0.338556 1.521330 499  62314 
08 0 151 03 31 04 1.000000 -0.292193 0.400793 1.889125  68  62382 
08 0 152 03 32 04 1.000000 -1.230732 -0.143925 1.955997 -563  61819 
08 0 153 03 33 04 1.000000 -0.305760 -0.389827 2.457535 494  62313 
08 0 154 03 34 01 0.200000 0.044492 0.065599 1.471172 500  62812 
08 0 155 03 35 01 0.200000 -0.517202 -0.511231 1.521331 500  63312 
08 0 156 03 36 02 0.870000 -0.544820 -0.636076 2.156611 493  63805 
08 0 157 03 37 03 0.940000 0.156680 0.192228 1.387588 499  64303 
08 0 158 03 38 02 0.870000 -0.505259 -0.499935 1.955987 500  64803 
08 0 159 03 39 03 0.940000 -0.554547 -0.261077 1.638355 422  65226 
08 0 160 03 40 02 0.870000 -0.235502 -0.224711 1.337433 500  65726 
08 0 161 03 41 03 0.940000 -0.543718 -0.457475 1.337435 493  66219 
08 0 162 03 42 01 0.200000 -0.638922 -0.504720 1.922562 484  66703 
08 0 163 03 43 02 0.870000 0.386197 0.258378 1.554769 485  67188 
08 0 164 03 44 02 0.870000 -0.189901 -0.205683 1.487896 500  67688 
08 0 165 03 45 01 0.200000 -0.056900 -0.106466 1.471176 498  68186 
08 0 166 03 46 01 0.200000 0.100054 0.100381 1.554767 500  68686 
08 0 167 03 47 03 0.940000 -0.083405 -0.272146 4.313221 468  69154 
08 0 168 03 48 01 0.200000 -0.092484 -0.142856 1.220407 498  69651 
08 0 169 03 49 02 0.870000 -0.135925 -0.112307 1.538047 499  70151 
08 0 170 03 50 04 1.000000 -0.469942 -1.317831 1.939277 -147  70004 
08 0 171 03 51 04 1.000000 -0.551732 -0.204508 1.889125 391  70395 
08 0 172 03 52 03 0.940000 -0.498912 -0.326255 1.822254 473  70869 
08 0 173 03 53 03 0.940000 -0.124704 -0.346136 1.303998 456  71324 
08 0 174 03 54 02 0.870000 -0.626223 -0.357030 1.655074 435  71759 
08 0 175 03 55 04 1.000000 -0.313373 -1.030377 2.975788  37  71797 
08 0 176 03 56 04 1.000000 -0.041063 -0.938477 2.006150 -225  71572 
08 0 177 03 57 01 0.200000 0.394410 0.277283 1.738662 488  72059 
08 0 178 03 58 02 0.870000 -0.657982 -0.477345 1.772101 471  72530 
08 0 179 03 59 01 0.200000 -0.454625 -0.383284 2.190048 495  73025 
08 0 180 03 60 01 0.200000 -0.385533 -0.448264 1.755383 496  73522 
08 0 181 04 01 03 0.940000 -0.818683 -0.355072 1.487895 307  73828 
08 0 182 04 02 03 0.940000 -0.176944 -0.210089 2.992506 499  74327 
08 0 183 04 03 01 0.200000 -0.622762 -0.591871 1.103382 499  74827 
08 0 184 04 04 04 1.000000 0.001587 0.557296 1.855693 222  75049 
08 0 185 04 05 01 0.200000 -0.574418 -0.488721 1.253844 493  75542 
08 0 186 04 06 04 1.000000 -0.399746 0.325427 1.755381  27  75569 
08 0 187 04 07 04 1.000000 -0.816425 -0.193211 1.354152 150  75719 
08 0 188 04 08 02 0.870000 0.123705 0.243309 1.972716 487  76206 
08 0 189 04 09 02 0.870000 -0.132625 -0.122669 1.504612 500  76706 
08 0 190 04 10 02 0.870000 -0.750149 -0.521686 1.805536 453  77159 
08 0 191 04 11 01 0.200000 -0.194866 -0.243260 1.437737 498  77657 
08 0 192 04 12 04 1.000000 -0.300871 -1.097595 2.039587 -71  77586 
08 0 193 04 13 03 0.940000 -0.614059 -0.593750 2.357226 500  78085 
08 0 194 04 14 02 0.870000 -0.284470 -0.286051 2.323792 500  78585 
08 0 195 04 15 01 0.200000 -0.481108 -0.395850 1.688507 493  79079 
08 0 196 04 16 04 1.000000 0.033602 0.418224 1.203692 367  79446 
08 0 197 04 17 02 0.870000 -0.524189 -0.373591 1.855689 480  79925 
08 0 198 04 18 03 0.940000 -0.036611 0.054740 2.307074 492  80418 
08 0 199 04 19 02 0.870000 -0.674611 -0.613405 1.688510 497  80915 
08 0 200 04 20 01 0.200000 -0.571317 -0.535420 1.354152 499  81413 
08 0 201 04 21 01 0.200000 -0.292960 -0.304875 1.487897 500  81913 
08 0 202 04 22 04 1.000000 -0.655996 -0.216261 1.972714 326  82239 
08 0 203 04 23 03 0.940000 -0.543691 -0.431912 1.855688 489  82728 
08 0 204 04 24 03 0.940000 -0.609599 -0.518348 1.588202 493  83220 
08 0 205 04 25 03 0.940000 -0.546381 -0.551655 1.103383 500  83720 
08 0 206 04 26 02 0.870000 0.199961 0.251887 1.487898 498  84218 
08 0 207 04 27 03 0.940000 -0.492054 -0.372988 1.220407 487  84705 
08 0 208 04 28 04 1.000000 -1.010904 0.271335 1.554766 -980  83726 
08 0 209 04 29 04 1.000000 -0.723855 -0.241464 1.772099 291  84016 
08 0 210 04 30 04 1.000000 -0.645726 -0.405889 1.471175 448  84464 
08 0 211 04 31 04 1.000000 -0.750401 -0.509071 1.588201 448  84912 
08 0 212 04 32 01 0.200000 0.179202 0.163929 2.206765 500  85412 
08 0 213 04 33 04 1.000000 -0.448395 -0.217913 2.674868 452  85864 
08 0 214 04 34 02 0.870000 -0.378033 -0.335968 2.039599 498  86362 
08 0 215 04 35 01 0.200000 -0.554863 -0.640688 2.641431 493  86856 
08 0 216 04 36 02 0.870000 -0.431431 -0.406853 1.788813 499  87355 
08 0 217 04 37 03 0.940000 -0.356683 -0.353997 2.190046 500  87855 
08 0 218 04 38 02 0.870000 -0.727318 -0.657389 2.407380 496  88351 
08 0 219 04 39 01 0.200000 0.011716 0.035956 1.772102 499  88850 
08 0 220 04 40 03 0.940000 0.001058 0.030066 1.755386 499  89349 
08 0 221 04 41 01 0.200000 -0.150441 -0.205640 1.588202 497  89847 
08 0 222 04 42 04 1.000000 0.078807 -0.563316 2.089740 129  89976 
08 0 223 04 43 04 1.000000 -0.325151 -0.216261 1.822254 489  90465 
08 0 224 04 44 01 0.200000 0.143267 0.186223 1.922561 498  90963 
08 0 225 04 45 02 0.870000 -0.620785 -0.712358 2.323791 492  91456 
08 0 226 04 46 04 1.000000 -0.239779 -0.667141 2.006150 336  91791 
08 0 227 04 47 01 0.200000 -0.288444 -0.371260 1.972715 494  92285 
08 0 228 04 48 04 1.000000 -1.108054 -0.966634 2.073021 482  92767 
08 0 229 04 49 02 0.870000 -0.418449 -0.466842 1.437741 498  93265 
08 0 230 04 50 03 0.940000 -0.308300 -0.431912 1.521332 486  93751 
08 0 231 04 51 03 0.940000 -0.380396 -0.387078 1.604916 500  94251 
08 0 232 04 52 03 0.940000 -0.285253 -0.266252 2.223483 500  94751 
08 0 233 04 53 04 1.000000 -0.647352 -0.708626 3.443890 497  95248 
08 0 234 04 54 01 0.200000 -0.348534 -0.355446 1.337425 500  95748 
08 0 235 04 55 04 1.000000 0.073056 -0.714809 1.554766 -59  95689 
08 0 236 04 56 04 1.000000 -0.069088 -0.367174 2.056305 420  96109 
08 0 237 04 57 01 0.200000 -0.830360 -0.708626 1.721946 487  96596 
08 0 238 04 58 02 0.870000 -1.169020 -0.990398 1.170253 471  97067 
08 0 239 04 59 04 1.000000 0.288473 -1.091765 0.936202 -1215  95852 
08 0 240 04 60 03 0.940000 -0.413605 -0.282328 1.220409 484  96337 
08 0 241 05 01 01 0.200000 -0.498984 -0.388859 1.337428 489  96826 
08 0 242 05 02 04 1.000000 -0.855154 -0.270153 2.073024 192  97018 
08 0 243 05 03 03 0.940000 -0.804082 -0.574305 1.538049 452  97470 
08 0 244 05 04 04 1.000000 -1.059951 0.180448 2.022866 -885  96586 
08 0 245 05 05 01 0.200000 -0.432056 -0.460442 1.287282 499  97085 
08 0 246 05 06 02 0.870000 -0.497903 -0.473681 1.069944 499  97584 
08 0 247 05 07 02 0.870000 -0.792406 -0.842155 1.738668 498  98082 
08 0 248 05 08 04 1.000000 -0.196203 -0.279271 0.886053 494  98576 
08 0 249 05 09 04 1.000000 -0.505057 -0.311650 1.337431 466  99042 
08 0 250 05 10 02 0.870000 -0.047184 -0.076241 1.019796 499  99541 
08 0 251 05 11 02 0.870000 -0.569501 -0.443103 1.086660 486 100027 
08 0 252 05 12 04 1.000000 -0.806965 0.265043 1.069947 -534  99493 
08 0 253 05 13 01 0.200000 -0.369587 -0.367174 1.186974 500  99993 
08 0 254 05 14 01 0.200000 -0.794368 -0.833438 2.206756 499 100491 
08 0 255 05 15 04 1.000000 -0.299075 -0.426627 0.819179 485 100977 
08 0 256 05 16 04 1.000000 -0.157356 -0.231091 1.554764 495 101472 
08 0 257 05 17 02 0.870000 -0.762095 -0.416205 1.320715 392 101864 
08 0 258 05 18 03 0.940000 -0.436095 -0.368696 1.153537 496 102360 
08 0 259 05 19 03 0.940000 -0.192960 -0.200286 1.170253 500 102860 
08 0 260 05 20 01 0.200000 -0.801274 -0.698660 1.538049 491 103351 
08 0 261 05 21 02 0.870000 -0.278044 -0.229232 2.591277 498 103848 
08 0 262 05 22 01 0.200000 -0.147153 -0.157769 1.120104 500 104348 
08 0 263 05 23 03 0.940000 -0.295913 -0.278300 1.120102 500 104848 
08 0 264 05 24 02 0.870000 -0.104030 -0.134521 1.136817 499 105347 
08 0 265 05 25 01 0.200000 -0.658381 -0.680521 1.203691 500 105847 
08 0 266 05 26 04 1.000000 -0.100360 0.356220 1.237127 312 106159 
08 0 267 05 27 02 0.870000 -0.355573 -0.269849 1.772090 493 106653 
08 0 268 05 28 01 0.200000 -0.319743 -0.340382 1.638355 500 107152 
08 0 269 05 29 04 1.000000 -0.226805 -0.501420 1.905843 432 107584 
08 0 270 05 30 04 1.000000 -0.302852 -0.292146 1.287281 500 108084 
08 0 271 05 31 01 0.200000 -0.462717 -0.451986 1.471179 500 108584 
08 0 272 05 32 01 0.200000 -0.322156 -0.311188 1.437743 500 109084 
08 0 273 05 33 02 0.870000 0.325992 0.281939 1.270562 498 109582 
08 0 274 05 34 02 0.870000 0.610400 0.425691 1.203688 469 110052 
08 0 275 05 35 01 0.200000 -0.275535 -0.224544 1.153541 498 110549 
08 0 276 05 36 02 0.870000 -0.982081 -1.069020 1.186973 493 111042 
08 0 277 05 37 02 0.870000 -0.921464 -0.709241 0.936204 459 111502 
08 0 278 05 38 03 0.940000 -0.381566 -0.306231 0.802450 495 111997 
08 0 279 05 39 02 0.870000 -0.654860 -0.697542 0.902780 498 112495 
08 0 280 05 40 03 0.940000 -0.009601 -0.077856 1.019794 496 112991 
08 0 281 05 41 01 0.200000 -0.282353 -0.316080 1.237128 499 113490 
08 0 282 05 42 01 0.200000 -0.392916 -0.415492 1.571484 500 113989 
08 0 283 05 43 01 0.200000 -0.049793 -0.122571 1.003076 495 114485 
08 0 284 05 44 01 0.200000 -0.999851 -0.946299 1.688508 497 114982 
08 0 285 05 45 01 0.200000 -0.311717 -0.295704 1.337425 500 115482 
08 0 286 05 46 04 1.000000 -0.375665 -0.212567 1.855690 476 115958 
08 0 287 05 47 04 1.000000 -0.040463 -0.948384 0.936203 -242 115716 
08 0 288 05 48 04 1.000000 0.067630 -0.248290 0.869327 410 116126 
08 0 289 05 49 04 1.000000 -0.308824 -0.209023 1.487896 491 116617 
08 0 290 05 50 03 0.940000 -0.142790 -0.238432 1.086665 492 117109 
08 0 291 05 51 03 0.940000 -0.854474 -0.790579 1.203689 496 117605 
08 0 292 05 52 01 0.200000 -0.283198 -0.372704 1.170256 493 118098 
08 0 293 05 53 04 1.000000 -0.019957 -0.431996 1.120090 347 118445 
08 0 294 05 54 04 1.000000 -0.526135 -0.153202 0.936206 375 118820 
08 0 295 05 55 02 0.870000 0.044919 -0.039979 1.069946 494 119314 
08 0 296 05 56 01 0.200000 -0.314580 -0.357309 1.337434 498 119812 
08 0 297 05 57 02 0.870000 0.366598 0.328553 1.003075 499 120311 
08 0 298 05 58 04 1.000000 -0.193623 -0.115427 1.170252 494 120805 
08 0 299 05 59 04 1.000000 -0.477926 -0.140017 0.986358 397 121202 
08 0 300 05 60 02 0.870000 -0.845790 -0.816499 0.969638 499 121702 
