11 0 01 01 01 01 0.200000 -0.333442 -0.625696 2.655163 423    423 
11 0 02 01 02 01 0.200000 -0.345937 -0.264722 1.669914 494    917 
11 0 03 01 03 02 0.870000 -0.475693 -0.273461 1.786815 463   1380 
11 0 04 01 04 04 1.000000 -0.304920 -0.123690 3.055941 470   1850 
11 0 05 01 05 02 0.870000 -0.636548 -0.661537 1.586418 499   2350 
11 0 06 01 06 04 1.000000 -0.064383 -0.080120 1.736709 500   2850 
11 0 07 01 07 04 1.000000 -0.597813 -0.025968 1.118843 206   3055 
11 0 08 01 08 02 0.870000 -0.556811 -0.648482 1.820206 492   3548 
11 0 09 01 09 03 0.940000 -0.855537 -0.630257 1.753409 454   4002 
11 0 10 01 10 02 0.870000 -0.387785 -0.430872 1.469524 498   4500 
11 0 11 01 11 01 0.200000 0.162493 0.310998 1.419427 480   4980 
11 0 12 01 12 03 0.940000 -0.550051 -0.733973 1.736710 470   5450 
11 0 13 01 13 01 0.200000 -0.685695 -0.631290 1.519621 497   5947 
11 0 14 01 14 01 0.200000 -0.121917 -0.186614 2.020596 496   6444 
11 0 15 01 15 02 0.870000 -1.101051 -0.780614 2.037294 408   6851 
11 0 16 01 16 04 1.000000 0.167809 -0.419004 1.853609 190   7041 
11 0 17 01 17 02 0.870000 0.170100 0.405702 1.185639 450   7491 
11 0 18 01 18 04 1.000000 -0.316433 -0.855459 1.653214 239   7730 
11 0 19 01 19 02 0.870000 0.212564 0.389480 1.219038 472   8202 
11 0 20 01 20 04 1.000000 -0.226872 -0.765983 1.168940 238   8440 
11 0 21 01 21 02 0.870000 0.038325 0.104877 1.619816 496   8936 
11 0 22 01 22 02 0.870000 0.253744 0.474852 2.939046 456   9392 
11 0 23 01 23 01 0.200000 -0.621440 -0.596501 0.935152 499   9892 
11 0 24 01 24 01 0.200000 -0.431381 -0.388034 2.204286 498  10390 
11 0 25 01 25 03 0.940000 0.168129 0.563617 1.836905 359  10749 
11 0 26 01 26 02 0.870000 -1.099176 -0.880852 2.120789 457  11206 
11 0 27 01 27 04 1.000000 -0.535091 -0.725007 1.335933 468  11674 
11 0 28 01 28 03 0.940000 -1.186211 -0.790276 1.285833 359  12033 
11 0 29 01 29 01 0.200000 -0.492252 -0.509438 1.469527 500  12532 
11 0 30 01 30 01 0.200000 0.272014 0.385494 1.686611 488  13021 
11 0 31 01 31 03 0.940000 -1.112025 -0.641420 1.352631 301  13321 
11 0 32 01 32 01 0.200000 -1.333159 -1.225496 1.502923 490  13811 
11 0 33 01 33 02 0.870000 -0.427604 -0.470078 1.836905 498  14309 
11 0 34 01 34 03 0.940000 -1.075784 -0.557124 1.603117 258  14567 
11 0 35 01 35 04 1.000000 -0.439874 0.468897 1.302535 -243  14324 
11 0 36 01 36 03 0.940000 -0.401139 -0.615620 1.836906 459  14783 
11 0 37 01 37 01 0.200000 0.009774 -0.029403 2.104091 499  15281 
11 0 38 01 38 01 0.200000 -0.208741 -0.313276 1.903699 490  15771 
11 0 39 01 39 02 0.870000 -0.751684 -0.646036 1.202338 490  16261 
11 0 40 01 40 01 0.200000 -0.789471 -0.751595 1.653215 499  16760 
11 0 41 01 41 04 1.000000 -0.645067 0.387120 1.653213 -459  16301 
11 0 42 01 42 03 0.940000 -0.727872 -0.780472 1.369329 498  16799 
11 0 43 01 43 01 0.200000 -0.088640 -0.146012 1.085444 497  17296 
11 0 44 01 44 02 0.870000 -0.335805 -0.424194 1.887003 493  17789 
11 0 45 01 45 02 0.870000 -0.347550 -0.373591 2.387978 499  18288 
11 0 46 01 46 04 1.000000 0.005679 -0.240419 2.488171 445  18734 
11 0 47 01 47 03 0.940000 -1.019361 -0.077856 1.502922 -298  18436 
11 0 48 01 48 02 0.870000 -0.607309 -0.618644 1.519620 500  18936 
11 0 49 01 49 01 0.200000 -0.690734 -0.626261 1.736710 496  19432 
11 0 50 01 50 01 0.200000 -0.602498 -0.526479 1.402731 495  19927 
11 0 51 01 51 03 0.940000 -0.468287 -0.521686 1.536323 497  20424 
11 0 52 01 52 02 0.870000 -0.521927 -0.710069 0.985249 468  20892 
11 0 53 01 53 01 0.200000 -0.484021 -0.520014 0.951851 499  21391 
11 0 54 01 54 04 1.000000 -0.491119 0.906022 2.254384 -1257  20134 
11 0 55 01 55 02 0.870000 -0.042564 -0.204254 1.569719 476  20611 
11 0 56 01 56 03 0.940000 -0.860560 -0.738313 1.486222 487  21097 
11 0 57 01 57 04 1.000000 -0.713895 -0.364993 1.302533 390  21488 
11 0 58 01 58 03 0.940000 -0.156133 0.514962 1.669913  95  21582 
11 0 59 01 59 01 0.200000 -0.183265 -0.356220 1.436125 473  22056 
11 0 60 01 60 04 1.000000 -0.078681 0.330297 1.252435 349  22405 
11 0 61 02 01 03 0.940000 -0.458172 -0.074188 1.736710 367  22772 
11 0 62 02 02 04 1.000000 -0.308298 -0.442693 1.302535 484  23256 
11 0 63 02 03 02 0.870000 -0.029673 0.173423 1.853605 463  23719 
11 0 64 02 04 02 0.870000 -0.728233 -0.795602 1.386027 496  24215 
11 0 65 02 05 04 1.000000 -0.774498 0.300920 1.920401 -541  23674 
11 0 66 02 06 02 0.870000 -0.366150 -0.724866 1.803501 384  24058 
11 0 67 02 07 04 1.000000 0.116047 -0.688033 1.252434 -82  23976 
11 0 68 02 08 04 1.000000 -0.510449 0.379159 1.068744 -212  23764 
11 0 69 02 09 04 1.000000 -0.318627 -0.106736 1.285834 460  24224 
11 0 70 02 10 02 0.870000 -0.569050 -0.652171 1.168940 494  24717 
11 0 71 02 11 01 0.200000 -0.692205 -0.715092 1.669915 500  25217 
11 0 72 02 12 02 0.870000 0.022686 0.327509 1.185639 416  25633 
11 0 73 02 13 04 1.000000 -0.621196 0.231865 1.469525 -155  25478 
11 0 74 02 14 04 1.000000 -0.505680 0.346037 1.168939 -153  25325 
11 0 75 02 15 04 1.000000 -0.261986 -0.569562 1.118842 415  25740 
11 0 76 02 16 03 0.940000 0.314347 -0.220062 1.252436 243  25983 
11 0 77 02 17 01 0.200000 -0.623621 -0.660425 1.168940 499  26482 
11 0 78 02 18 01 0.200000 -0.524428 -0.513920 1.102145 500  26982 
11 0 79 02 19 03 0.940000 0.077534 0.044415 1.269133 499  27481 
11 0 80 02 20 03 0.940000 -0.468513 -0.544864 1.202337 495  27976 
11 0 81 02 21 03 0.940000 -0.530757 -0.413330 2.104093 488  28463 
11 0 82 02 22 02 0.870000 0.052644 -0.275189 1.937100 403  28867 
11 0 83 02 23 02 0.870000 0.084919 0.175940 1.519622 493  29359 
11 0 84 02 24 04 1.000000 -0.956030 -0.210089 0.818256  -1  29358 
11 0 85 02 25 02 0.870000 0.158965 0.196122 1.202339 499  29857 
11 0 86 02 26 01 0.200000 -0.247515 -0.219544 2.438073 499  30356 
11 0 87 02 27 01 0.200000 -0.592155 -0.481938 2.354577 489  30845 
11 0 88 02 28 01 0.200000 -0.202254 -0.214938 1.836905 500  31345 
11 0 89 02 29 03 0.940000 -0.629800 -0.250804 2.053994 371  31716 
11 0 90 02 30 01 0.200000 -0.237064 -0.338455 1.452826 491  32207 
11 0 91 02 31 01 0.200000 -0.336219 -0.309986 1.269135 499  32706 
11 0 92 02 32 04 1.000000 -0.289674 -0.244979 1.102144 498  33204 
11 0 93 02 33 03 0.940000 -0.754214 -0.477115 1.085444 431  33635 
11 0 94 02 34 04 1.000000 -0.145167 -0.759763 1.001949 160  33795 
11 0 95 02 35 02 0.870000 -0.290093 -0.316943 1.436125 499  34295 
11 0 96 02 36 04 1.000000 -0.655341 -0.155204 2.655164 275  34570 
11 0 97 02 37 02 0.870000 -0.737884 -0.824214 1.035347 493  35063 
11 0 98 02 38 02 0.870000 -0.495035 -0.398168 1.085445 492  35554 
11 0 99 02 39 03 0.940000 -0.371145 -0.619373 1.168941 445  35999 
11 0 100 02 40 01 0.200000 -0.598486 -0.590060 1.118844 500  36499 
11 0 101 02 41 01 0.200000 -0.885591 -0.968509 1.970497 494  36993 
11 0 102 02 42 02 0.870000 -0.775600 -0.675890 1.168938 491  37484 
11 0 103 02 43 02 0.870000 -0.532275 -0.582062 1.285834 498  37982 
11 0 104 02 44 01 0.200000 -0.456278 -0.421871 1.285836 499  38480 
11 0 105 02 45 04 1.000000 -0.298092 -0.524470 1.519617 454  38934 
11 0 106 02 46 03 0.940000 -0.842531 -0.809203 1.736710 499  39433 
11 0 107 02 47 04 1.000000 -0.656771 -0.839005 1.018648 470  39903 
11 0 108 02 48 01 0.200000 -0.298962 -0.331096 1.235736 499  40403 
11 0 109 02 49 03 0.940000 -0.321717 -0.562130 0.985250 448  40851 
11 0 110 02 50 03 0.940000 -0.614701 -0.503141 1.068743 489  41339 
11 0 111 02 51 04 1.000000 -0.118971 -0.551198 1.135542 332  41671 
11 0 112 02 52 03 0.940000 -0.104174 -0.317056 1.720012 459  42130 
11 0 113 02 53 01 0.200000 0.397483 0.434244 1.135540 499  42629 
11 0 114 02 54 01 0.200000 -0.024643 -0.063207 1.269135 499  43128 
11 0 115 02 55 02 0.870000 0.116888 -0.261582 0.985248 371  43499 
11 0 116 02 56 02 0.870000 -0.893025 -0.820560 1.569718 495  43994 
11 0 117 02 57 03 0.940000 -0.792118 -0.679005 1.219038 488  44483 
11 0 118 02 58 03 0.940000 -0.374708 -0.440192 1.102143 496  44979 
11 0 119 02 59 03 0.940000 -0.458746 -0.685256 1.569719 454  45433 
11 0 120 02 60 01 0.200000 -0.814550 -0.883350 2.671863 496  45928 
11 0 121 03 01 01 0.200000 -1.125203 -1.013776 1.469529 489  46417 
11 0 122 03 02 02 0.870000 -0.162240 -0.448264 0.985248 426  46844 
11 0 123 03 03 03 0.940000 0.006773 -0.257324 1.619813 437  47281 
11 0 124 03 04 01 0.200000 -0.079374 -0.089504 1.135540 500  47781 
11 0 125 03 05 02 0.870000 -0.244036 -0.577902 1.502922 400  48180 
11 0 126 03 06 02 0.870000 0.058173 0.151156 2.037298 492  48673 
11 0 127 03 07 04 1.000000 0.174868 0.092592 1.068745 494  49167 
11 0 128 03 08 01 0.200000 -0.306583 -0.265630 1.185638 498  49665 
11 0 129 03 09 04 1.000000 -0.413404 -0.232742 1.235736 471  50136 
11 0 130 03 10 03 0.940000 -1.197552 -0.868082 1.519620 402  50538 
11 0 131 03 11 04 1.000000 -0.506331 -0.751595 1.001949 446  50984 
11 0 132 03 12 02 0.870000 -0.786012 -0.956484 1.469520 474  51458 
11 0 133 03 13 02 0.870000 -0.796290 -0.835357 1.185634 499  51956 
11 0 134 03 14 01 0.200000 -0.543130 -0.596564 1.219038 497  52454 
11 0 135 03 15 01 0.200000 -0.336139 -0.374334 1.569718 499  52952 
11 0 136 03 16 04 1.000000 -0.451396 -0.048349 1.636513 354  53306 
11 0 137 03 17 03 0.940000 0.213317 -0.213788 1.152243 336  53642 
11 0 138 03 18 01 0.200000 0.238361 0.331096 1.269133 492  54134 
11 0 139 03 19 04 1.000000 -0.124808 0.123627 0.868355 444  54579 
11 0 140 03 20 01 0.200000 0.011831 0.007407 1.018647 500  55079 
11 0 141 03 21 04 1.000000 -0.350691 0.640356 1.452823 -384  54695 
11 0 142 03 22 01 0.200000 -0.517670 -0.582739 1.202338 496  55191 
11 0 143 03 23 01 0.200000 -0.633308 -0.578325 1.603118 497  55688 
11 0 144 03 24 04 1.000000 -0.153421 -0.192048 1.569716 499  56187 
11 0 145 03 25 01 0.200000 -0.092633 -0.178631 1.770112 493  56680 
11 0 146 03 26 03 0.940000 -0.712295 -0.503101 1.135544 461  57141 
11 0 147 03 27 01 0.200000 -0.281705 -0.355636 1.653214 495  57636 
11 0 148 03 28 03 0.940000 -0.442030 -0.450315 2.003897 500  58136 
11 0 149 03 29 03 0.940000 -0.535961 -0.599175 0.951851 496  58632 
11 0 150 03 30 02 0.870000 -0.065968 -0.166386 1.219038 491  59123 
11 0 151 03 31 04 1.000000 -0.772101 -0.308316 1.001948 306  59430 
11 0 152 03 32 02 0.870000 0.148361 0.309703 2.321182 477  59906 
11 0 153 03 33 01 0.200000 -0.065309 -0.254896 1.035348 468  60374 
11 0 154 03 34 01 0.200000 -0.521785 -0.474400 2.521571 498  60872 
11 0 155 03 35 01 0.200000 -0.298307 -0.320064 2.989145 500  61371 
11 0 156 03 36 01 0.200000 -0.248086 -0.196163 2.755357 498  61869 
11 0 157 03 37 03 0.940000 -0.472824 -0.353997 1.386025 487  62356 
11 0 158 03 38 02 0.870000 0.013451 0.206474 1.085446 466  62823 
11 0 159 03 39 04 1.000000 -0.614180 -0.147725 1.269136 304  63127 
11 0 160 03 40 03 0.940000 0.159383 0.288430 1.185639 485  63612 
11 0 161 03 41 03 0.940000 -0.283592 -0.433455 1.569719 480  64092 
11 0 162 03 42 02 0.870000 -0.479695 -0.390607 1.736711 493  64585 
11 0 163 03 43 02 0.870000 -0.386327 -0.540420 1.486226 479  65063 
11 0 164 03 44 03 0.940000 0.097090 0.155364 1.335931 497  65560 
11 0 165 03 45 02 0.870000 -0.613107 -0.634481 1.068746 500  66060 
11 0 166 03 46 04 1.000000 0.073401 -0.855243 1.185638 -276  65784 
11 0 167 03 47 04 1.000000 -0.173355 -0.559381 1.302531 366  66149 
11 0 168 03 48 04 1.000000 -0.349916 -0.588003 1.235736 449  66598 
11 0 169 03 49 04 1.000000 -0.447199 -0.740652 1.018648 422  67021 
11 0 170 03 50 04 1.000000 0.016709 0.000000 0.901754 500  67521 
11 0 171 03 51 02 0.870000 -0.811867 -0.748378 1.536320 496  68017 
11 0 172 03 52 04 1.000000 -0.799190 -0.697542 1.219039 491  68508 
11 0 173 03 53 03 0.940000 -0.223517 -0.646036 2.387976 339  68847 
11 0 174 03 54 04 1.000000 -0.462428 -0.716878 1.369328 442  69289 
11 0 175 03 55 03 0.940000 -0.824246 -0.670331 2.053995 479  69767 
11 0 176 03 56 02 0.870000 -0.611474 -0.573128 1.085444 499  70266 
11 0 177 03 57 02 0.870000 -0.085103 -0.044842 1.018648 499  70765 
11 0 178 03 58 02 0.870000 0.242499 0.413542 1.168940 474  71238 
11 0 179 03 59 01 0.200000 -0.288601 -0.364845 1.219037 495  71733 
11 0 180 03 60 04 1.000000 -1.163655 0.724250 0.935153 -2708  69025 
11 0 181 04 01 02 0.870000 -0.200195 -0.414305 1.135542 459  69484 
11 0 182 04 02 04 1.000000 -0.668518 0.323847 0.935150 -386  69098 
11 0 183 04 03 03 0.940000 -0.668451 -0.561693 0.918453 490  69588 
11 0 184 04 04 02 0.870000 0.187858 0.436163 1.436125 445  70032 
11 0 185 04 05 02 0.870000 -0.194047 0.148386 0.801560 394  70427 
11 0 186 04 06 01 0.200000 0.779897 0.856465 1.269134 495  70921 
11 0 187 04 07 02 0.870000 -0.186525 -0.411227 0.901753 455  71376 
11 0 188 04 08 01 0.200000 -0.749931 -0.739277 1.436125 500  71876 
11 0 189 04 09 02 0.870000 0.044535 0.107690 0.918453 496  72372 
11 0 190 04 10 04 1.000000 -0.082580 -0.431958 0.868356 390  72762 
11 0 191 04 11 01 0.200000 -0.484201 -0.545227 1.319234 497  73259 
11 0 192 04 12 04 1.000000 -0.803618 -0.205683 1.202337 178  73437 
11 0 193 04 13 01 0.200000 -0.425745 -0.416898 1.319232 500  73937 
11 0 194 04 14 04 1.000000 -0.305785 -0.157228 0.818259 480  74417 
11 0 195 04 15 03 0.940000 -0.279119 -0.411227 1.836902 484  74901 
11 0 196 04 16 04 1.000000 -0.359928 0.006993 1.619817 379  75280 
11 0 197 04 17 02 0.870000 -0.239258 -0.458697 1.052047 457  75737 
11 0 198 04 18 01 0.200000 -0.103160 -0.071307 1.068743 499  76236 
11 0 199 04 19 03 0.940000 -0.262283 -0.307466 0.851657 498  76734 
11 0 200 04 20 04 1.000000 -0.636233 0.188222 0.935152 -112  76622 
11 0 201 04 21 01 0.200000 -0.475818 -0.436382 1.536321 499  77121 
11 0 202 04 22 02 0.870000 -0.585477 -0.681427 1.436127 492  77613 
11 0 203 04 23 02 0.870000 -0.498416 -0.471778 1.369330 499  78112 
11 0 204 04 24 02 0.870000 -0.718552 -0.641364 1.068746 495  78607 
11 0 205 04 25 04 1.000000 -0.532799 -0.579882 1.102145 498  79105 
11 0 206 04 26 04 1.000000 -0.421997 -0.329050 0.768161 492  79597 
11 0 207 04 27 04 1.000000 0.140582 -0.582739 0.918454  29  79626 
11 0 208 04 28 01 0.200000 -0.101502 -0.186820 1.402723 493  80120 
11 0 209 04 29 02 0.870000 -0.752968 -0.686199 0.935152 496  80616 
11 0 210 04 30 03 0.940000 -0.881609 -0.866763 0.985250 500  81115 
11 0 211 04 31 03 0.940000 -0.133497 -0.415492 1.001949 428  81544 
11 0 212 04 32 01 0.200000 -0.384061 -0.331320 1.536321 497  82041 
11 0 213 04 33 02 0.870000 -0.434756 -0.438731 1.252435 500  82541 
11 0 214 04 34 04 1.000000 -0.745848 -0.500441 0.784860 446  82987 
11 0 215 04 35 03 0.940000 -0.451065 -0.530216 0.834957 494  83481 
11 0 216 04 36 02 0.870000 0.027785 -0.105566 1.619815 484  83965 
11 0 217 04 37 03 0.940000 -0.532085 -0.576375 0.868355 498  84464 
11 0 218 04 38 03 0.940000 0.057451 -0.313621 1.419427 376  84840 
11 0 219 04 39 04 1.000000 -0.714914 -0.296352 1.118843 342  85182 
11 0 220 04 40 03 0.940000 -0.345719 -0.362764 0.968551 500  85682 
11 0 221 04 41 03 0.940000 0.288426 0.323988 1.018648 499  86181 
11 0 222 04 42 04 1.000000 -0.584071 -0.479951 0.901752 490  86671 
11 0 223 04 43 04 1.000000 -0.125256 -0.046020 0.868356 494  87165 
11 0 224 04 44 02 0.870000 -0.234008 -0.444151 1.035346 460  87626 
11 0 225 04 45 04 1.000000 -0.271311 0.042228 1.135541 412  88037 
11 0 226 04 46 03 0.940000 -0.279646 0.055499 0.868353 399  88436 
11 0 227 04 47 03 0.940000 0.064522 0.317635 0.885056 442  88878 
11 0 228 04 48 02 0.870000 -0.496675 -0.516558 1.536322 500  89378 
11 0 229 04 49 02 0.870000 -0.923110 -0.918927 1.252436 500  89878 
11 0 230 04 50 03 0.940000 -0.178082 -0.542951 1.736710 380  90258 
11 0 231 04 51 03 0.940000 -0.378726 -0.600050 0.935151 456  90714 
11 0 232 04 52 02 0.870000 -0.185715 -0.318088 0.985250 484  91198 
11 0 233 04 53 03 0.940000 -0.850148 -0.689539 0.784859 477  91675 
11 0 234 04 54 02 0.870000 -0.161434 -0.437791 1.285833 431  92106 
11 0 235 04 55 04 1.000000 0.016017 -0.051567 1.001948 496  92602 
11 0 236 04 56 03 0.940000 -0.638364 -0.595986 1.102143 498  93101 
11 0 237 04 57 03 0.940000 -0.337093 -0.567302 0.968550 452  93553 
11 0 238 04 58 03 0.940000 -0.929871 -0.812130 1.068745 488  94040 
11 0 239 04 59 02 0.870000 -0.353697 -0.509071 1.369329 478  94519 
11 0 240 04 60 04 1.000000 0.382945 -0.642004 1.452825 -445  94073 
11 0 241 05 01 03 0.940000 -0.005124 0.316101 0.985248 407  94480 
11 0 242 05 02 02 0.870000 -0.577596 -0.541568 1.018649 499  94979 
11 0 243 05 03 03 0.940000 -0.618303 -0.570583 1.219039 498  95477 
11 0 244 05 04 01 0.200000 -0.402943 -0.381720 0.985249 500  95977 
11 0 245 05 05 02 0.870000 -0.312444 -0.376909 2.020596 496  96473 
11 0 246 05 06 03 0.940000 -0.278673 -0.388625 1.686614 489  96962 
11 0 247 05 07 03 0.940000 -0.739781 -0.806014 1.569719 496  97458 
11 0 248 05 08 03 0.940000 -0.595783 -0.764783 2.003897 474  97932 
11 0 249 05 09 04 1.000000 -0.698259 -0.678006 1.168941 500  98432 
11 0 250 05 10 04 1.000000 -0.173314 -0.767382 0.935152 182  98614 
11 0 251 05 11 01 0.200000 -0.086060 -0.105666 1.118841 500  99114 
11 0 252 05 12 04 1.000000 -0.159794 -0.616648 1.001948 312  99426 
11 0 253 05 13 04 1.000000 -0.992090 -0.221174 0.768161 -35  99391 
11 0 254 05 14 04 1.000000 0.141093 -0.052583 0.935152 466  99858 
11 0 255 05 15 01 0.200000 0.303289 0.277464 0.985250 499 100357 
11 0 256 05 16 01 0.200000 0.205470 0.149210 1.035348 497 100854 
11 0 257 05 17 01 0.200000 -1.198277 -0.899484 1.035350 420 101274 
11 0 258 05 18 04 1.000000 -0.548424 0.125267 1.001949  92 101365 
11 0 259 05 19 04 1.000000 -0.375502 -0.390912 0.885055 500 101865 
11 0 260 05 20 04 1.000000 -0.133453 -0.590974 0.918452 312 102177 
11 0 261 05 21 01 0.200000 -0.431933 -0.488852 0.918449 497 102674 
11 0 262 05 22 03 0.940000 -0.936918 -0.722489 0.935153 459 103132 
11 0 263 05 23 04 1.000000 -0.743273 -0.487959 0.684665 441 103574 
11 0 264 05 24 03 0.940000 -0.557236 -0.446842 0.718067 489 104063 
11 0 265 05 25 03 0.940000 -0.529264 -0.600917 1.369331 495 104558 
11 0 266 05 26 03 0.940000 -0.528386 -0.406567 0.784861 487 105045 
11 0 267 05 27 02 0.870000 -0.329438 -0.228799 0.918455 491 105536 
11 0 268 05 28 01 0.200000 0.031661 0.139822 1.669913 489 106025 
11 0 269 05 29 01 0.200000 -1.123833 -0.940660 1.018648 470 106495 
11 0 270 05 30 03 0.940000 0.040288 0.016041 1.720016 499 106994 
11 0 271 05 31 04 1.000000 -0.499290 0.049141 0.985250 229 107224 
11 0 272 05 32 03 0.940000 -0.342033 -0.387770 0.718064 498 107722 
11 0 273 05 33 03 0.940000 -0.924124 -0.487959 0.951849 329 108051 
11 0 274 05 34 01 0.200000 -0.354910 -0.432888 0.868355 495 108545 
11 0 275 05 35 02 0.870000 -0.471267 -0.427832 1.202338 498 109043 
11 0 276 05 36 01 0.200000 -0.159901 -0.190831 0.784858 499 109543 
11 0 277 05 37 03 0.940000 0.115040 -0.294937 0.718062 349 109891 
11 0 278 05 38 02 0.870000 -0.797058 -0.795924 1.319231 500 110391 
11 0 279 05 39 03 0.940000 -0.600438 -0.505876 0.751462 492 110883 
11 0 280 05 40 01 0.200000 -0.522110 -0.411577 1.202338 489 111372 
11 0 281 05 41 04 1.000000 -0.373502 -0.652171 0.918455 430 111802 
11 0 282 05 42 04 1.000000 -0.649978 -0.349715 0.801559 419 112221 
11 0 283 05 43 01 0.200000 0.158277 0.246161 0.801560 493 112714 
11 0 284 05 44 03 0.940000 -0.378748 -0.506385 1.085445 485 113200 
11 0 285 05 45 01 0.200000 -0.662953 -0.493051 1.085445 474 113674 
11 0 286 05 46 01 0.200000 -1.362321 -1.024948 1.202337 398 114071 
11 0 287 05 47 04 1.000000 -0.501587 0.270947 0.818259 -37 114034 
11 0 288 05 48 03 0.940000 -0.165971 0.028977 0.851655 466 114500 
11 0 289 05 49 02 0.870000 0.294481 0.553430 0.734762 440 114940 
11 0 290 05 50 02 0.870000 -0.026610 0.292713 0.968549 408 115348 
11 0 291 05 51 03 0.940000 0.022985 0.394273 1.636514 376 115724 
11 0 292 05 52 04 1.000000 0.539680 -0.057491 1.085442 179 115903 
11 0 293 05 53 01 0.200000 -0.253672 -0.221130 1.469524 499 116402 
11 0 294 05 54 01 0.200000 -0.259456 -0.194778 1.219036 496 116898 
11 0 295 05 55 02 0.870000 -0.686287 -0.347062 1.085444 396 117294 
11 0 296 05 56 02 0.870000 -0.471573 -0.435456 0.684667 499 117793 
11 0 297 05 57 01 0.200000 0.074441 0.020405 1.035347 497 118291 
11 0 298 05 58 02 0.870000 -0.589910 -0.520014 0.801559 496 118786 
11 0 299 05 59 01 0.200000 -0.180367 -0.251003 1.152235 496 119282 
11 0 300 05 60 03 0.940000 -0.364867 -0.314117 0.901754 498 119779 
