15 0 01 01 01 01 0.200000 -0.142800 -0.263964 2.458484 487    486 
15 0 02 01 02 03 0.940000 -0.616008 -0.421419 1.271050 466    952 
15 0 03 01 03 03 0.940000 -0.262144 0.014084 1.304501 431   1384 
15 0 04 01 04 04 1.000000 -0.256091 0.091846 1.555366 391   1775 
15 0 05 01 05 02 0.870000 -0.878508 -0.625485 1.438297 442   2217 
15 0 06 01 06 02 0.870000 -0.755748 -0.619426 1.555367 483   2700 
15 0 07 01 07 03 0.940000 0.117259 -0.279223 1.271052 359   3059 
15 0 08 01 08 04 1.000000 -0.346261 0.326156 1.271053  93   3152 
15 0 09 01 09 02 0.870000 -0.233207 -0.251887 1.505197 500   3652 
15 0 10 01 10 04 1.000000 -0.054901 -0.013953 2.709344 498   4150 
15 0 11 01 11 02 0.870000 -0.351748 -0.361317 1.421569 500   4650 
15 0 12 01 12 04 1.000000 -0.233916 -0.050317 1.103808 470   5120 
15 0 13 01 13 01 0.200000 -0.197818 -0.301158 1.337954 490   5610 
15 0 14 01 14 02 0.870000 -0.612200 -0.418949 0.936563 466   6076 
15 0 15 01 15 01 0.200000 -0.657846 -0.723865 1.220876 496   6572 
15 0 16 01 16 01 0.200000 -0.758055 -0.785398 1.772783 499   7072 
15 0 17 01 17 04 1.000000 0.153273 -0.137289 1.672436 424   7496 
15 0 18 01 18 01 0.200000 -0.071895 -0.017044 2.190891 497   7993 
15 0 19 01 19 04 1.000000 -1.040084 -0.006711 1.354675 -461   7532 
15 0 20 01 20 04 1.000000 -0.703844 -0.460390 1.505192 447   7979 
15 0 21 01 21 03 0.940000 -0.571724 -0.610726 1.287766 499   8477 
15 0 22 01 22 03 0.940000 -0.387563 -0.477731 1.438296 493   8970 
15 0 23 01 23 03 0.940000 -0.686601 -0.473201 0.986738 459   9429 
15 0 24 01 24 01 0.200000 -1.268833 -1.113518 1.889851 478   9907 
15 0 25 01 25 04 1.000000 -0.467686 -0.376490 1.321227 493  10400 
15 0 26 01 26 02 0.870000 -0.333098 -0.494726 1.873131 476  10876 
15 0 27 01 27 03 0.940000 -0.790894 -0.428961 1.187431 382  11258 
15 0 28 01 28 02 0.870000 -0.955560 -0.920169 1.103809 499  11757 
15 0 29 01 29 01 0.200000 0.054461 0.111379 1.204149 497  12254 
15 0 30 01 30 02 0.870000 0.354685 0.211093 1.421573 481  12736 
15 0 31 01 31 01 0.200000 -0.589303 -0.584179 1.271053 500  13236 
15 0 32 01 32 03 0.940000 0.144572 -0.346955 1.421571 283  13518 
15 0 33 01 33 03 0.940000 -0.239380 -0.351031 0.936563 489  14007 
15 0 34 01 34 04 1.000000 -0.619611 0.332986 1.689162 -317  13690 
15 0 35 01 35 03 0.940000 -0.626250 -0.615413 2.023652 500  14190 
15 0 36 01 36 04 1.000000 -0.960116 -0.300920 1.220880 109  14299 
15 0 37 01 37 01 0.200000 -0.389606 -0.472497 0.986738 494  14793 
15 0 38 01 38 02 0.870000 -0.331341 -0.458077 1.053636 486  15279 
15 0 39 01 39 01 0.200000 -0.752603 -0.689205 1.371399 496  15775 
15 0 40 01 40 01 0.200000 -0.558986 -0.557124 1.471745 500  16275 
15 0 41 01 41 01 0.200000 0.500733 0.452629 1.120532 498  16773 
15 0 42 01 42 02 0.870000 -0.051337 -0.349715 1.739336 420  17193 
15 0 43 01 43 01 0.200000 -0.753609 -0.794407 1.237605 499  17691 
15 0 44 01 44 04 1.000000 -0.321953 -0.542189 2.943489 456  18148 
15 0 45 01 45 03 0.940000 -0.823062 -0.577083 0.919840 446  18593 
15 0 46 01 46 04 1.000000 -0.799312 -0.805003 1.421571 500  19093 
15 0 47 01 47 03 0.940000 -0.849554 -0.726642 1.220878 486  19580 
15 0 48 01 48 03 0.940000 -0.437587 -0.573325 1.572089 483  20063 
15 0 49 01 49 04 1.000000 -0.696549 -0.611808 1.689162 494  20556 
15 0 50 01 50 04 1.000000 -0.494384 -0.723331 1.622267 453  21009 
15 0 51 01 51 02 0.870000 0.293135 0.320092 1.271053 499  21509 
15 0 52 01 52 03 0.940000 -0.380608 -0.540420 1.070359 477  21986 
15 0 53 01 53 01 0.200000 -0.733632 -0.737358 1.103809 500  22486 
15 0 54 01 54 01 0.200000 -1.043190 -0.984642 1.304504 497  22983 
15 0 55 01 55 04 1.000000 -0.651469 0.345002 1.271051 -394  22589 
15 0 56 01 56 02 0.870000 -0.607106 -0.696273 1.404846 493  23082 
15 0 57 01 57 04 1.000000 -1.173250 -0.500582 1.187433  93  23175 
15 0 58 01 58 02 0.870000 0.143698 0.230834 1.471746 493  23668 
15 0 59 01 59 01 0.200000 -0.421179 -0.472766 1.488469 498  24165 
15 0 60 01 60 04 1.000000 -1.221374 -0.468829 1.488470 -10  24156 
15 0 61 02 01 04 1.000000 -0.166603 0.206072 1.204153 375  24531 
15 0 62 02 02 04 1.000000 -0.180729 0.209023 0.936562 363  24894 
15 0 63 02 03 04 1.000000 -0.331569 -0.414757 0.986739 494  25388 
15 0 64 02 04 01 0.200000 0.132763 0.192048 1.304504 497  25884 
15 0 65 02 05 02 0.870000 -0.014738 -0.633516 1.471744 155  26040 
15 0 66 02 06 03 0.940000 -0.055110 -0.437587 1.020188 368  26408 
15 0 67 02 07 01 0.200000 -0.577936 -0.566227 1.237604 500  26908 
15 0 68 02 08 03 0.940000 -0.771334 -0.798056 1.438296 499  27407 
15 0 69 02 09 02 0.870000 -0.553640 -0.516116 1.505193 499  27906 
15 0 70 02 10 04 1.000000 -0.486542 -0.207769 1.471744 430  28336 
15 0 71 02 11 01 0.200000 -0.054608 -0.083141 2.040373 499  28836 
15 0 72 02 12 01 0.200000 -0.130763 -0.177425 1.254325 498  29334 
15 0 73 02 13 01 0.200000 -0.549584 -0.591292 1.388126 498  29832 
15 0 74 02 14 03 0.940000 -0.008950 -0.047790 1.337952 499  30331 
15 0 75 02 15 04 1.000000 -0.394137 -0.172463 1.873128 456  30786 
15 0 76 02 16 02 0.870000 -0.326577 -0.488334 1.622261 476  31263 
15 0 77 02 17 03 0.940000 -0.385559 -0.226799 1.455018 477  31740 
15 0 78 02 18 02 0.870000 -0.482448 -0.556473 1.321226 495  32235 
15 0 79 02 19 04 1.000000 0.038781 -0.137492 1.304500 472  32707 
15 0 80 02 20 02 0.870000 0.202293 0.346539 1.822954 481  33189 
15 0 81 02 21 04 1.000000 -0.109929 0.431050 1.337949 237  33425 
15 0 82 02 22 03 0.940000 -0.399616 -0.276008 1.772789 486  33911 
15 0 83 02 23 03 0.940000 -0.327017 -0.278300 1.036909 498  34409 
15 0 84 02 24 01 0.200000 -0.659038 -0.669043 1.170706 500  34909 
15 0 85 02 25 01 0.200000 -0.342273 -0.382487 0.986738 499  35408 
15 0 86 02 26 04 1.000000 -0.097273 0.021387 1.087085 487  35895 
15 0 87 02 27 01 0.200000 -0.082056 -0.073692 1.220877 500  36395 
15 0 88 02 28 04 1.000000 -0.384088 0.035488 1.388124 342  36737 
15 0 89 02 29 02 0.870000 0.045164 0.005682 2.090550 499  37235 
15 0 90 02 30 04 1.000000 -0.228817 0.208831 1.153983 328  37563 
15 0 91 02 31 03 0.940000 -1.262724 -0.288834 1.321225 -354  37209 
15 0 92 02 32 01 0.200000 -0.296268 -0.302059 1.003463 500  37709 
15 0 93 02 33 02 0.870000 -0.376755 -0.504560 1.873128 485  38194 
15 0 94 02 34 02 0.870000 -0.981020 -0.993940 1.170708 500  38694 
15 0 95 02 35 04 1.000000 -0.385869 0.240299 1.103810 147  38841 
15 0 96 02 36 01 0.200000 -0.131298 -0.216085 1.337953 494  39335 
15 0 97 02 37 01 0.200000 0.001224 0.000000 0.886389 500  39835 
15 0 98 02 38 01 0.200000 -0.133188 -0.121972 2.090544 500  40335 
15 0 99 02 39 04 1.000000 0.046860 -0.310762 1.421571 385  40720 
15 0 100 02 40 01 0.200000 -1.062136 -0.980979 1.087089 494  41214 
15 0 101 02 41 02 0.870000 -0.613205 -0.520066 1.204154 492  41706 
15 0 102 02 42 03 0.940000 -0.116210 -0.103673 2.140719 500  42206 
15 0 103 02 43 02 0.870000 -0.495749 -0.521554 1.705885 499  42705 
15 0 104 02 44 01 0.200000 -0.432296 -0.492625 1.973475 497  43202 
15 0 105 02 45 04 1.000000 -0.074020 0.252554 1.271053 404  43606 
15 0 106 02 46 04 1.000000 -0.484075 0.290182 1.187432 -40  43566 
15 0 107 02 47 03 0.940000 -0.110326 0.038740 1.304502 480  44046 
15 0 108 02 48 04 1.000000 0.068557 0.310998 1.020185 447  44494 
15 0 109 02 49 02 0.870000 -0.903889 -0.827627 1.321226 495  44988 
15 0 110 02 50 02 0.870000 -0.158819 -0.149560 1.337950 500  45488 
15 0 111 02 51 01 0.200000 -0.155274 -0.169625 1.622264 500  45988 
15 0 112 02 52 04 1.000000 -0.224184 0.549853 1.204155 -39  45949 
15 0 113 02 53 01 0.200000 -0.573562 -0.552059 1.538641 500  46448 
15 0 114 02 54 02 0.870000 0.148416 0.297997 1.087083 480  46928 
15 0 115 02 55 02 0.870000 -0.524041 -0.433270 1.204156 493  47421 
15 0 116 02 56 01 0.200000 -0.539036 -0.614663 1.321227 495  47916 
15 0 117 02 57 01 0.200000 -0.610665 -0.617191 1.204157 500  48416 
15 0 118 02 58 02 0.870000 -0.574591 -0.577676 1.521918 500  48916 
15 0 119 02 59 02 0.870000 -1.006907 -0.841749 2.291237 475  49391 
15 0 120 02 60 04 1.000000 0.090196 -0.280108 1.170704 377  49768 
15 0 121 03 01 04 1.000000 -0.381574 -0.005555 1.438294 373  50140 
15 0 122 03 02 04 1.000000 -0.248481 -0.198568 1.271054 498  50638 
15 0 123 03 03 04 1.000000 -0.492655 -0.387120 1.053634 490  51128 
15 0 124 03 04 02 0.870000 -0.326937 -0.394194 1.822956 496  51624 
15 0 125 03 05 01 0.200000 -0.111649 -0.114877 1.036910 500  52124 
15 0 126 03 06 02 0.870000 -0.285133 -0.296038 0.886391 500  52624 
15 0 127 03 07 02 0.870000 0.103121 0.249470 0.953283 481  53105 
15 0 128 03 08 03 0.940000 -0.842626 -0.705111 1.889854 483  53588 
15 0 129 03 09 03 0.940000 -0.481654 -0.504166 1.321222 500  54087 
15 0 130 03 10 01 0.200000 0.083536 0.112111 1.906579 499  54587 
15 0 131 03 11 02 0.870000 -0.400323 -0.413330 0.886393 500  55086 
15 0 132 03 12 02 0.870000 -0.592519 -0.614394 1.271053 500  55586 
15 0 133 03 13 02 0.870000 0.511279 0.446943 0.903120 496  56082 
15 0 134 03 14 02 0.870000 -0.491824 -0.463648 1.672436 499  56581 
15 0 135 03 15 01 0.200000 -0.042951 -0.116041 1.087086 495  57077 
15 0 136 03 16 03 0.940000 -1.044537 -0.994421 1.588818 498  57574 
15 0 137 03 17 04 1.000000 -0.775493 -0.328876 0.786044 320  57895 
15 0 138 03 18 03 0.940000 -0.337080 -0.618029 1.421575 429  58324 
15 0 139 03 19 02 0.870000 -0.304308 -0.420197 1.471745 488  58812 
15 0 140 03 20 02 0.870000 -0.048939 -0.199289 1.087084 480  59291 
15 0 141 03 21 04 1.000000 -0.694295 -0.091696 0.852944 173  59465 
15 0 142 03 22 03 0.940000 -0.566620 -0.560360 1.204155 500  59965 
15 0 143 03 23 02 0.870000 -0.668102 -0.662426 1.137258 500  60465 
15 0 144 03 24 01 0.200000 -0.568023 -0.631079 1.638989 496  60961 
15 0 145 03 25 02 0.870000 -0.144277 -0.086489 1.120537 497  61458 
15 0 146 03 26 03 0.940000 -0.403642 -0.518201 0.970016 488  61946 
15 0 147 03 27 03 0.940000 -0.522831 -0.427735 1.237605 492  62438 
15 0 148 03 28 01 0.200000 0.095805 0.155452 1.321229 497  62935 
15 0 149 03 29 03 0.940000 -0.406847 -0.468574 1.254329 497  63431 
15 0 150 03 30 04 1.000000 -0.427808 -0.315616 1.070360 489  63920 
15 0 151 03 31 04 1.000000 -0.120905 -0.553782 1.020188 331  64251 
15 0 152 03 32 02 0.870000 -1.061683 -0.909225 1.087082 479  64730 
15 0 153 03 33 04 1.000000 -0.666829 0.061566 1.087083  22  64753 
15 0 154 03 34 03 0.940000 0.085494 0.076406 0.953289 500  65253 
15 0 155 03 35 03 0.940000 -0.189682 -0.232220 1.003463 498  65751 
15 0 156 03 36 04 1.000000 -0.892141 0.208122 0.936563 -590  65162 
15 0 157 03 37 03 0.940000 -0.333045 -0.554016 0.819492 456  65618 
15 0 158 03 38 02 0.870000 -0.501437 -0.498824 1.020184 500  66118 
15 0 159 03 39 02 0.870000 0.138482 0.169588 1.605539 499  66617 
15 0 160 03 40 04 1.000000 -0.412763 0.393212 1.204155 -85  66532 
15 0 161 03 41 03 0.940000 0.080187 -0.105428 1.622264 469  67001 
15 0 162 03 42 01 0.200000 0.244339 0.528625 0.618800 427  67429 
15 0 163 03 43 01 0.200000 -0.338255 -0.380506 1.521918 498  67927 
15 0 164 03 44 04 1.000000 -0.256551 -0.052086 1.321223 462  68389 
15 0 165 03 45 01 0.200000 0.223156 0.249587 1.354672 499  68889 
15 0 166 03 46 01 0.200000 -0.048462 -0.055159 1.287774 500  69389 
15 0 167 03 47 03 0.940000 -0.124137 -0.407494 1.672438 428  69816 
15 0 168 03 48 01 0.200000 -0.580298 -0.530608 1.505193 498  70314 
15 0 169 03 49 01 0.200000 -0.568978 -0.658090 1.020186 493  70807 
15 0 170 03 50 03 0.940000 -0.350132 -0.271288 0.886390 494  71301 
15 0 171 03 51 04 1.000000 -0.685578 -0.045720 1.070360 132  71433 
15 0 172 03 52 04 1.000000 -0.373958 -0.570654 1.321225 465  71898 
15 0 173 03 53 03 0.940000 -0.512850 -0.369531 1.321235 482  72380 
15 0 174 03 54 01 0.200000 -0.936937 -0.972827 1.287779 499  72878 
15 0 175 03 55 01 0.200000 -0.398588 -0.412096 1.287778 500  73378 
15 0 176 03 56 03 0.940000 0.336475 0.240419 1.170706 492  73870 
15 0 177 03 57 01 0.200000 -0.293283 -0.368696 1.388122 495  74365 
15 0 178 03 58 04 1.000000 -0.516777 -0.151463 1.153981 380  74745 
15 0 179 03 59 03 0.940000 0.241231 0.204018 1.404845 499  75244 
15 0 180 03 60 03 0.940000 0.001283 -0.361068 1.756060 382  75625 
15 0 181 04 01 03 0.940000 -0.938009 -0.559151 0.836219 371  75996 
15 0 182 04 02 02 0.870000 -0.995570 -0.904010 1.087083 492  76489 
15 0 183 04 03 04 1.000000 -0.937046 -0.230468 0.836220  51  76539 
15 0 184 04 04 04 1.000000 -1.103235 -0.818878 1.137255 427  76967 
15 0 185 04 05 03 0.940000 -0.225498 -0.337000 0.769322 489  77455 
15 0 186 04 06 04 1.000000 -0.808545 0.215575 1.271052 -444  77011 
15 0 187 04 07 02 0.870000 -0.190591 -0.303734 0.852947 488  77500 
15 0 188 04 08 04 1.000000 -0.071327 -0.537944 1.070362 304  77804 
15 0 189 04 09 01 0.200000 -0.403677 -0.472368 0.836219 496  78300 
15 0 190 04 10 02 0.870000 -0.230523 -0.233743 1.505192 500  78800 
15 0 191 04 11 02 0.870000 -0.259475 -0.356620 1.388125 492  79291 
15 0 192 04 12 03 0.940000 0.161291 0.111425 0.970014 498  79789 
15 0 193 04 13 03 0.940000 -0.325978 -0.282124 0.953290 498  80287 
15 0 194 04 14 03 0.940000 -0.753682 -0.563959 1.622264 468  80755 
15 0 195 04 15 04 1.000000 -0.572434 -0.013071 1.153979 218  80973 
15 0 196 04 16 02 0.870000 -0.483116 -0.625485 1.304501 482  81455 
15 0 197 04 17 02 0.870000 -0.641840 -0.658333 1.371396 500  81955 
15 0 198 04 18 01 0.200000 -0.346473 -0.409070 0.986737 496  82451 
15 0 199 04 19 04 1.000000 -1.076401 -0.420663 0.986738 113  82564 
15 0 200 04 20 03 0.940000 -0.491186 -0.743170 0.970009 443  83007 
15 0 201 04 21 04 1.000000 0.048110 -0.440456 1.990197 285  83292 
15 0 202 04 22 04 1.000000 -0.528213 -0.073730 0.786045 314  83606 
15 0 203 04 23 03 0.940000 -0.492767 -0.598911 0.886400 490  84096 
15 0 204 04 24 02 0.870000 -0.182315 -0.298941 0.970015 488  84584 
15 0 205 04 25 02 0.870000 -0.044386 -0.142856 0.970013 491  85075 
15 0 206 04 26 02 0.870000 -0.208169 -0.251690 0.986740 498  85574 
15 0 207 04 27 04 1.000000 -0.891912 -0.328553 1.187430 214  85788 
15 0 208 04 28 03 0.940000 -0.694550 -0.886502 1.889853 467  86255 
15 0 209 04 29 02 0.870000 -0.487959 -0.655335 1.020190 475  86730 
15 0 210 04 30 01 0.200000 -0.290076 -0.341356 2.241066 498  87227 
15 0 211 04 31 03 0.940000 -0.317615 -0.252997 1.438295 496  87723 
15 0 212 04 32 01 0.200000 0.147367 0.209323 1.940026 497  88220 
15 0 213 04 33 03 0.940000 -0.193171 -0.525898 0.903116 400  88620 
15 0 214 04 34 02 0.870000 -0.604648 -0.549688 0.970017 497  89118 
15 0 215 04 35 03 0.940000 -0.436624 -0.148890 1.588815 425  89543 
15 0 216 04 36 03 0.940000 -0.456524 -0.473356 1.204152 500  90043 
15 0 217 04 37 03 0.940000 -0.607066 -0.626375 1.505201 500  90543 
15 0 218 04 38 03 0.940000 -0.242844 -0.303272 1.521916 497  91039 
15 0 219 04 39 01 0.200000 -0.080385 -0.108271 1.471747 499  91539 
15 0 220 04 40 03 0.940000 -1.156713 -0.490749 1.271054 101  91639 
15 0 221 04 41 02 0.870000 -0.592449 -0.703456 1.036910 489  92128 
15 0 222 04 42 01 0.200000 -0.661485 -0.735440 1.371399 495  92623 
15 0 223 04 43 03 0.940000 0.471731 0.497489 1.153982 499  93123 
15 0 224 04 44 04 1.000000 -0.618420 0.006211 1.354674 149  93272 
15 0 225 04 45 02 0.870000 -0.277800 -0.372398 1.070358 492  93764 
15 0 226 04 46 04 1.000000 -0.115860 -0.397079 0.752598 429  94192 
15 0 227 04 47 02 0.870000 -0.869751 -0.666347 1.371399 463  94655 
15 0 228 04 48 02 0.870000 0.080213 0.173901 0.970014 492  95147 
15 0 229 04 49 03 0.940000 -0.944366 -0.923274 0.936565 500  95647 
15 0 230 04 50 03 0.940000 -0.278801 -0.321751 1.187430 498  96145 
15 0 231 04 51 02 0.870000 0.118245 0.269407 1.120528 479  96625 
15 0 232 04 52 01 0.200000 -0.592898 -0.627743 1.906578 499  97124 
15 0 233 04 53 02 0.870000 -0.593190 -0.625167 1.404849 499  97623 
15 0 234 04 54 01 0.200000 -0.335803 -0.390947 2.123995 497  98120 
15 0 235 04 55 01 0.200000 -0.637759 -0.629233 1.153981 500  98620 
15 0 236 04 56 01 0.200000 -0.095983 -0.177425 2.073822 494  99114 
15 0 237 04 57 02 0.870000 -0.672293 -0.718830 1.087088 498  99612 
15 0 238 04 58 03 0.940000 -0.462548 -0.441518 1.254327 500 100111 
15 0 239 04 59 04 1.000000 -0.219417 -0.625485 1.337948 352 100463 
15 0 240 04 60 03 0.940000 0.049869 0.125216 1.053636 495 100958 
15 0 241 05 01 02 0.870000 -0.381148 -0.370891 0.886397 500 101458 
15 0 242 05 02 03 0.940000 -0.833905 -0.634762 1.003462 464 101922 
15 0 243 05 03 01 0.200000 -0.365490 -0.395261 1.070360 499 102421 
15 0 244 05 04 04 1.000000 -0.703170 -0.119988 1.120533 194 102615 
15 0 245 05 05 02 0.870000 -0.008352 0.144614 1.020186 479 103094 
15 0 246 05 06 04 1.000000 -0.427462 -0.235374 0.819493 467 103561 
15 0 247 05 07 04 1.000000 -0.262637 -0.007246 1.170707 441 104002 
15 0 248 05 08 03 0.940000 -0.298114 -0.135043 1.421570 476 104478 
15 0 249 05 09 04 1.000000 0.336272 0.014084 1.906578 407 104885 
15 0 250 05 10 02 0.870000 -0.281683 -0.294382 1.087085 500 105385 
15 0 251 05 11 03 0.940000 0.389946 0.323371 0.869665 496 105881 
15 0 252 05 12 02 0.870000 -0.137744 -0.141897 0.903113 500 106381 
15 0 253 05 13 04 1.000000 -0.522251 -0.022723 1.103808 275 106656 
15 0 254 05 14 02 0.870000 -0.156106 -0.243831 0.869667 493 107149 
15 0 255 05 15 03 0.940000 0.070907 0.088807 1.254328 500 107649 
15 0 256 05 16 03 0.940000 -0.183959 -0.220829 1.204151 499 108148 
15 0 257 05 17 01 0.200000 0.338123 0.342620 1.956751 500 108648 
15 0 258 05 18 03 0.940000 0.420424 0.166156 1.388123 442 109090 
15 0 259 05 19 01 0.200000 0.284977 0.320171 1.237607 499 109588 
15 0 260 05 20 03 0.940000 -0.703994 -0.697391 1.187429 500 110088 
15 0 261 05 21 03 0.940000 -0.682093 -0.501013 1.287779 470 110559 
15 0 262 05 22 03 0.940000 -0.617994 -0.689539 1.287776 495 111054 
15 0 263 05 23 01 0.200000 0.203455 0.157910 1.321225 498 111552 
15 0 264 05 24 01 0.200000 -0.634735 -0.663556 1.153985 499 112052 
15 0 265 05 25 01 0.200000 -0.298150 -0.291457 2.006923 500 112552 
15 0 266 05 26 04 1.000000 -0.761622 -0.041356 1.187434  33 112585 
15 0 267 05 27 04 1.000000 -0.217421 -0.647270 1.271053 334 112918 
15 0 268 05 28 04 1.000000 -0.165439 -0.267411 1.003459 491 113409 
15 0 269 05 29 02 0.870000 -0.499857 1.570796 3.411770 -3359 110050 
15 0 270 05 30 01 0.200000 0.217842 0.241031 1.137259 500 110550 
15 0 271 05 31 03 0.940000 -0.398333 -0.545848 0.953288 480 111030 
15 0 272 05 32 04 1.000000 -0.047335 -0.248386 0.953291 464 111494 
15 0 273 05 33 03 0.940000 -0.768318 -0.617756 0.886395 480 111973 
15 0 274 05 34 01 0.200000 -0.007702 -0.042755 0.869663 499 112472 
15 0 275 05 35 03 0.940000 -0.625196 -0.638146 0.752597 500 112972 
15 0 276 05 36 04 1.000000 -0.059206 -0.393791 1.120529 399 113371 
15 0 277 05 37 01 0.200000 -0.481902 -0.450074 1.371397 499 113870 
15 0 278 05 38 01 0.200000 -0.230118 -0.273978 1.036912 498 114369 
15 0 279 05 39 03 0.940000 -0.183318 -0.348771 0.919840 475 114844 
15 0 280 05 40 01 0.200000 -0.410422 -0.404892 1.488464 500 115344 
15 0 281 05 41 01 0.200000 -0.160981 -0.239743 1.304501 494 115839 
15 0 282 05 42 02 0.870000 -0.839744 -0.736111 0.936564 490 116329 
15 0 283 05 43 03 0.940000 -0.719617 -0.427190 1.471745 423 116752 
15 0 284 05 44 02 0.870000 -0.753970 -0.886502 1.170707 484 117236 
15 0 285 05 45 04 1.000000 -0.049273 0.143394 1.822956 467 117703 
15 0 286 05 46 04 1.000000 -0.998667 -0.135997 1.087084 -170 117533 
15 0 287 05 47 01 0.200000 -0.282772 -0.341615 1.020189 497 118030 
15 0 288 05 48 04 1.000000 -0.286406 -0.145042 0.869668 482 118512 
15 0 289 05 49 02 0.870000 -0.455329 -0.436215 1.003463 500 119011 
15 0 290 05 50 04 1.000000 -0.212435 0.000000 1.822957 459 119471 
15 0 291 05 51 02 0.870000 -0.729534 -0.652847 0.986743 495 119966 
15 0 292 05 52 02 0.870000 -0.159598 -0.147312 1.036911 500 120465 
15 0 293 05 53 02 0.870000 -0.679363 -0.732308 1.187429 497 120963 
15 0 294 05 54 01 0.200000 -0.172055 -0.234042 1.020184 497 121459 
15 0 295 05 55 02 0.870000 -0.363791 -0.375425 1.053636 500 121959 
15 0 296 05 56 04 1.000000 -0.239080 0.396441 1.053637 137 122096 
15 0 297 05 57 01 0.200000 -0.177643 -0.224024 1.923305 498 122594 
15 0 298 05 58 02 0.870000 -0.335635 -0.347386 0.970016 500 123094 
15 0 299 05 59 01 0.200000 -0.435543 -0.514721 1.605537 494 123588 
15 0 300 05 60 01 0.200000 -0.563382 -0.589956 1.521915 499 124087 
