05 01 01 01 03 0.940000 -0.145276 1.052041 -0.147568 500    499 
05 02 01 02 04 1.000000 0.609630 1.335931 0.054002 222    722 
05 03 01 03 03 0.940000 -0.112152 1.118843 -0.232220 487   1209 
05 04 01 04 03 0.940000 0.027703 1.519620 -0.106265 484   1693 
05 05 01 05 02 0.870000 0.175442 1.252434 0.178093 500   2193 
05 06 01 06 03 0.940000 0.105030 1.369331 0.020545 494   2686 
05 07 01 07 03 0.940000 0.020736 0.901750 0.031635 500   3186 
05 08 01 08 04 1.000000 0.227838 1.118840 0.488721 439   3625 
05 09 01 09 04 1.000000 0.340882 1.636516 -0.141033 291   3916 
05 10 01 10 01 0.200000 0.086635 1.469522 0.128697 498   4414 
05 11 01 11 03 0.940000 0.774464 1.402728 0.434902 396   4810 
05 12 01 12 03 0.940000 0.280738 1.001949 0.241839 499   5309 
05 13 01 13 04 1.000000 0.609784 1.018648 -0.302481 -249   5060 
05 14 01 14 01 0.200000 -0.009729 1.068747 -0.136139 486   5546 
05 15 01 15 02 0.870000 0.174800 1.035347 0.167102 500   6046 
05 16 01 16 02 0.870000 -0.187083 1.452826 -0.375640 468   6514 
05 17 01 17 04 1.000000 -0.386854 1.436125 -0.029231 385   6898 
05 18 01 18 03 0.940000 -0.077169 1.536320 0.221895 420   7318 
05 19 01 19 03 0.940000 0.405148 1.419427 0.450661 498   7816 
05 20 01 20 03 0.940000 0.018766 1.018649 -0.129480 480   8296 
05 21 01 21 01 0.200000 -0.095038 1.335934 -0.166086 495   8792 
05 22 01 22 04 1.000000 0.349312 0.885054 0.129450 456   9248 
05 23 01 23 02 0.870000 0.352000 0.968548 0.359506 500   9748 
05 24 01 24 01 0.200000 0.015722 0.985251 0.000000 500  10248 
05 25 01 25 04 1.000000 -0.376020 0.868354 0.466225 -138  10110 
05 26 01 26 03 0.940000 -0.519848 0.985248 -0.418901 491  10600 
05 27 01 27 01 0.200000 -0.108424 1.452826 -0.178318 496  11096 
05 28 01 28 01 0.200000 -0.178054 1.452826 -0.295704 488  11584 
05 29 01 29 01 0.200000 0.451300 1.185636 0.455221 500  12084 
05 30 01 30 04 1.000000 -0.004104 0.918453 -0.277464 433  12516 
05 31 01 31 01 0.200000 0.412284 1.836903 0.399515 500  13016 
05 32 01 32 02 0.870000 0.601829 1.219037 0.517893 494  13510 
05 33 01 33 03 0.940000 -0.028054 0.801559 -0.338024 414  13923 
05 34 01 34 04 1.000000 0.173839 0.868355 0.365747 467  14390 
05 35 01 35 03 0.940000 0.023822 0.868356 0.000000 499  14890 
05 36 01 36 04 1.000000 -0.327715 1.269134 0.236849 213  15103 
05 37 01 37 04 1.000000 -0.196858 0.734759 0.224941 340  15443 
05 38 01 38 03 0.940000 -0.011948 1.987197 -0.050590 499  15941 
05 39 01 39 02 0.870000 0.224627 1.052046 0.202322 500  16441 
05 40 01 40 03 0.940000 0.565212 1.068747 0.452778 489  16929 
05 41 01 41 02 0.870000 -0.373543 1.202339 -0.478352 490  17420 
05 42 01 42 04 1.000000 0.394189 0.885055 0.288055 490  17909 
05 43 01 43 03 0.940000 -0.544711 1.219037 -0.609163 496  18406 
05 44 01 44 04 1.000000 -0.383990 0.718065 0.282401 100  18506 
05 45 01 45 01 0.200000 -0.234845 1.720012 -0.296216 497  19003 
05 46 01 46 02 0.870000 -0.209833 1.102143 -0.244979 499  19502 
05 47 01 47 01 0.200000 0.445145 1.352627 0.465807 500  20001 
05 48 01 48 01 0.200000 0.192756 0.968551 0.243355 498  20499 
05 49 01 49 01 0.200000 0.066361 0.818258 0.068856 500  20999 
05 50 01 50 02 0.870000 -0.149513 1.152239 -0.269167 487  21486 
05 51 01 51 04 1.000000 -0.404760 0.935152 0.191347 180  21666 
05 52 01 52 02 0.870000 0.157846 0.851660 0.098366 497  22163 
05 53 01 53 03 0.940000 0.013027 1.068745 0.035541 500  22663 
05 54 01 54 02 0.870000 -0.012861 0.968555 -0.138351 486  23148 
05 55 01 55 02 0.870000 -0.292464 0.801560 -0.492625 464  23612 
05 56 01 56 04 1.000000 -0.030215 0.634571 -0.016573 500  24112 
05 57 01 57 02 0.870000 -0.144185 1.502922 -0.135724 500  24612 
05 58 01 58 03 0.940000 -0.318732 1.152237 -0.260602 497  25109 
05 59 01 59 04 1.000000 -0.078273 1.068747 0.232557 413  25522 
05 60 01 60 02 0.870000 0.273746 0.801561 0.207175 496  26018 
05 61 02 01 03 0.940000 0.340534 1.168940 0.350314 500  26518 
05 62 02 02 02 0.870000 -0.867706 1.001948 -0.874448 500  27018 
05 63 02 03 02 0.870000 -0.132807 1.118843 -0.178718 498  27516 
05 64 02 04 02 0.870000 0.450435 0.985249 0.361068 493  28009 
05 65 02 05 01 0.200000 -0.613885 0.851655 -0.671854 497  28506 
05 66 02 06 03 0.940000 0.311633 1.102144 0.283794 499  29005 
05 67 02 07 03 0.940000 0.322638 0.901743 0.121619 464  29469 
05 68 02 08 04 1.000000 -0.002856 0.768160 0.062419 496  29965 
05 69 02 09 02 0.870000 0.486434 0.968550 0.389159 491  30456 
05 70 02 10 04 1.000000 0.113166 0.801559 0.005000 489  30946 
05 71 02 11 04 1.000000 -0.221475 0.985250 -0.104100 488  31433 
05 72 02 12 02 0.870000 -0.027617 1.102143 -0.137289 489  31923 
05 73 02 13 04 1.000000 0.125012 0.851658 -0.056901 470  32393 
05 74 02 14 04 1.000000 0.181721 0.851656 0.018403 476  32869 
05 75 02 15 04 1.000000 0.221375 0.718063 0.026310 466  33335 
05 76 02 16 04 1.000000 -0.002964 1.152242 0.234593 449  33784 
05 77 02 17 03 0.940000 0.072203 0.801558 0.026310 498  34282 
05 78 02 18 04 1.000000 0.057122 0.734761 0.000000 497  34779 
05 79 02 19 02 0.870000 0.087777 0.818256 0.026138 497  35276 
05 80 02 20 01 0.200000 -0.932500 1.820204 -0.896055 499  35774 
05 81 02 21 03 0.940000 -0.100874 1.118842 -0.040913 497  36271 
05 82 02 22 01 0.200000 0.313747 1.085444 0.356437 498  36770 
05 83 02 23 04 1.000000 -0.764487 1.853603 -0.094952  97  36866 
05 84 02 24 04 1.000000 -0.386636 0.601170 0.000000 365  37232 
05 85 02 25 01 0.200000 -0.663265 0.968550 -0.771946 489  37721 
05 86 02 26 03 0.940000 0.110019 0.868355 0.255486 481  38202 
05 87 02 27 03 0.940000 0.106948 0.968550 0.026036 494  38696 
05 88 02 28 01 0.200000 0.467846 1.302532 0.460885 500  39196 
05 89 02 29 04 1.000000 0.435301 0.834961 -0.102207 240  39436 
05 90 02 30 03 0.940000 0.013472 1.118843 0.109153 492  39928 
05 91 02 31 04 1.000000 -0.111775 0.684665 0.058135 474  40402 
05 92 02 32 03 0.940000 -0.171530 0.617868 -0.227166 497  40899 
05 93 02 33 03 0.940000 0.456631 0.818256 0.158655 420  41319 
05 94 02 34 01 0.200000 0.341167 1.102143 0.405702 496  41815 
05 95 02 35 03 0.940000 -0.166311 1.085442 -0.248113 494  42309 
05 96 02 36 02 0.870000 0.239212 1.269135 0.124973 488  42797 
05 97 02 37 02 0.870000 0.781221 0.818259 0.654922 486  43283 
05 98 02 38 04 1.000000 -0.136401 0.951852 -0.021161 488  43771 
05 99 02 39 02 0.870000 -0.065903 1.352628 -0.158871 492  44263 
05 100 02 40 01 0.200000 0.396087 1.703311 0.435084 499  44762 
05 101 02 41 01 0.200000 -0.323328 1.135542 -0.362087 499  45261 
05 102 02 42 03 0.940000 -0.422488 1.152240 -0.309986 489  45749 
05 103 02 43 04 1.000000 -0.592739 1.118843 -0.044746 230  45979 
05 104 02 44 03 0.940000 0.443944 0.918447 0.441708 500  46479 
05 105 02 45 01 0.200000 -0.010671 0.901754 -0.032699 500  46979 
05 106 02 46 04 1.000000 -0.244441 0.768160 0.162574 351  47329 
05 107 02 47 02 0.870000 -0.472917 0.868356 -0.606605 484  47813 
05 108 02 48 04 1.000000 -0.096180 0.834958 0.145628 447  48261 
05 109 02 49 02 0.870000 -0.221079 1.135542 -0.042984 471  48732 
05 110 02 50 02 0.870000 -0.242415 0.968552 -0.285403 498  49231 
05 111 02 51 04 1.000000 -0.105035 0.834959 0.056064 477  49707 
05 112 02 52 01 0.200000 -0.239796 1.018648 -0.319591 494  50201 
05 113 02 53 02 0.870000 -0.287000 0.885055 -0.304344 500  50701 
05 114 02 54 03 0.940000 0.131163 2.321179 0.114604 500  51201 
05 115 02 55 01 0.200000 0.459721 1.352631 0.506385 498  51699 
05 116 02 56 01 0.200000 0.341229 1.352629 0.365201 499  52198 
05 117 02 57 01 0.200000 0.094296 1.285832 0.088206 500  52698 
05 118 02 58 02 0.870000 -0.005268 0.834960 -0.028769 500  53198 
05 119 02 59 02 0.870000 0.070557 1.352629 0.156250 493  53691 
05 120 02 60 04 1.000000 0.143772 1.168940 -0.876058 -436  53255 
05 121 03 01 02 0.870000 0.156916 0.918451 0.138767 500  53755 
05 122 03 02 03 0.940000 0.289168 1.068744 0.169413 487  54242 
05 123 03 03 02 0.870000 0.390787 0.801559 0.311850 494  54736 
05 124 03 04 01 0.200000 -0.095638 1.269134 -0.143394 498  55234 
05 125 03 05 04 1.000000 0.041017 0.684666 0.076772 499  55733 
05 126 03 06 01 0.200000 -0.160221 1.018648 -0.235756 495  56228 
05 127 03 07 02 0.870000 -0.076648 1.219038 -0.167896 493  56721 
05 128 03 08 04 1.000000 0.217947 0.768161 0.290557 495  57216 
05 129 03 09 04 1.000000 -0.115035 0.918453 -0.595785 292  57508 
05 130 03 10 01 0.200000 0.274010 1.085444 0.265630 500  58008 
05 131 03 11 03 0.940000 -0.366786 0.885056 -0.430021 496  58504 
05 132 03 12 03 0.940000 -0.015721 0.985250 -0.128539 489  58993 
05 133 03 13 02 0.870000 -0.371968 0.985252 -0.427832 497  59490 
05 134 03 14 03 0.940000 0.496402 0.651265 0.455562 498  59988 
05 135 03 15 02 0.870000 0.072888 0.935151 0.058444 500  60488 
05 136 03 16 01 0.200000 -0.059578 1.469525 -0.083720 499  60988 
05 137 03 17 04 1.000000 0.460088 0.951853 -0.446106 -239  60749 
05 138 03 18 01 0.200000 -0.031527 0.968549 -0.055886 499  61248 
05 139 03 19 04 1.000000 -0.037829 0.935155 0.062854 491  61739 
05 140 03 20 02 0.870000 -0.044044 1.269132 -0.118326 495  62234 
05 141 03 21 03 0.940000 0.507956 1.252436 0.323763 469  62704 
05 142 03 22 02 0.870000 0.184882 1.185640 0.119247 496  63200 
05 143 03 23 04 1.000000 -0.209838 1.519624 0.474697  78  63278 
05 144 03 24 02 0.870000 0.317733 0.768161 0.288587 499  63777 
05 145 03 25 04 1.000000 -0.068063 0.768160 -0.321751 442  64219 
05 146 03 26 03 0.940000 0.080018 0.667967 -0.033968 488  64708 
05 147 03 27 02 0.870000 0.663292 0.667964 0.436320 454  65161 
05 148 03 28 01 0.200000 0.031422 0.751462 0.052278 500  65661 
05 149 03 29 04 1.000000 -0.525425 1.001949 -0.354851 474  66135 
05 150 03 30 04 1.000000 0.793596 1.803507 -0.269714 -518  65617 
05 151 03 31 04 1.000000 0.259462 0.617874 0.141186 487  66104 
05 152 03 32 04 1.000000 0.225394 0.768160 0.281088 497  66602 
05 153 03 33 04 1.000000 -0.026389 0.985250 -0.325361 420  67021 
05 154 03 34 02 0.870000 -0.024102 1.052047 -0.061650 499  67520 
05 155 03 35 03 0.940000 0.187088 0.751459 0.177596 500  68020 
05 156 03 36 01 0.200000 -0.542399 1.185639 -0.581235 499  68518 
05 157 03 37 03 0.940000 -0.580765 1.252438 -0.364614 458  68976 
05 158 03 38 01 0.200000 -0.745171 2.020598 -0.790276 498  69475 
05 159 03 39 01 0.200000 -0.187633 1.636516 -0.262995 495  69969 
05 160 03 40 02 0.870000 -0.346949 0.951851 -0.354113 500  70469 
05 161 03 41 01 0.200000 -0.114703 1.920402 -0.208465 492  70962 
05 162 03 42 03 0.940000 0.396280 0.601169 0.413689 500  71461 
05 163 03 43 02 0.870000 -0.391732 0.918452 -0.396441 500  71961 
05 164 03 44 02 0.870000 -0.278496 0.801559 -0.237836 499  72460 
05 165 03 45 03 0.940000 0.326362 1.052047 0.365747 499  72958 
05 166 03 46 01 0.200000 -0.258288 0.918453 -0.390912 484  73443 
05 167 03 47 01 0.200000 -0.225525 1.319231 -0.326359 491  73933 
05 168 03 48 02 0.870000 0.471956 0.935153 0.509071 499  74432 
05 169 03 49 02 0.870000 -0.070175 0.684666 -0.272548 463  74895 
05 170 03 50 01 0.200000 0.180939 0.718063 0.243649 496  75392 
05 171 03 51 03 0.940000 0.418893 0.834957 0.269522 480  75872 
05 172 03 52 04 1.000000 0.186482 0.617869 -0.307814 280  76152 
05 173 03 53 04 1.000000 0.235133 0.601170 0.446842 460  76611 
05 174 03 54 04 1.000000 -0.139710 0.634567 -0.128501 500  77111 
05 175 03 55 03 0.940000 0.315087 0.617871 0.108661 462  77573 
05 176 03 56 01 0.200000 -0.354622 0.834958 -0.328120 499  78072 
05 177 03 57 02 0.870000 0.075040 1.452825 0.148890 495  78567 
05 178 03 58 04 1.000000 0.230063 1.052046 0.163366 496  79063 
05 179 03 59 03 0.940000 -0.023978 0.567774 0.020976 498  79562 
05 180 03 60 01 0.200000 0.171774 1.168941 0.210622 499  80060 
05 181 04 01 02 0.870000 0.150295 0.718066 0.098205 498  80558 
05 182 04 02 03 0.940000 0.217130 0.885055 0.135224 494  81052 
05 183 04 03 02 0.870000 0.469138 1.001949 0.308316 477  81528 
05 184 04 04 04 1.000000 0.079376 0.601169 -0.271335 389  81918 
05 185 04 05 01 0.200000 0.043360 1.135537 0.144338 491  82409 
05 186 04 06 02 0.870000 0.082309 1.302537 0.074331 500  82909 
05 187 04 07 03 0.940000 0.377262 0.834957 0.105244 433  83342 
05 188 04 08 01 0.200000 0.055137 1.118843 0.043768 500  83842 
05 189 04 09 04 1.000000 0.279627 1.135546 -0.204508 289  84131 
05 190 04 10 02 0.870000 0.230760 0.818255 0.175060 497  84628 
05 191 04 11 03 0.940000 -0.305189 0.818259 -0.431958 486  85114 
05 192 04 12 01 0.200000 0.435509 1.185639 0.423171 500  85613 
05 193 04 13 04 1.000000 0.310729 0.651270 -0.353612 103  85716 
05 194 04 14 03 0.940000 0.773477 0.718061 0.476069 420  86137 
05 195 04 15 03 0.940000 0.612660 0.818259 0.500280 489  86625 
05 196 04 16 04 1.000000 0.290837 0.684664 -0.466441 -16  86609 
05 197 04 17 01 0.200000 -0.288651 1.018649 -0.338635 498  87107 
05 198 04 18 02 0.870000 0.030254 0.801559 -0.054740 493  87600 
05 199 04 19 01 0.200000 0.315972 0.885056 0.337000 500  88100 
05 200 04 20 03 0.940000 0.262892 0.885054 0.094607 475  88575 
05 201 04 21 04 1.000000 -0.704577 0.734761 -0.079304 148  88723 
05 202 04 22 04 1.000000 -0.182704 0.734764 -0.560825 371  89094 
05 203 04 23 04 1.000000 -0.084078 0.617869 -0.047262 499  89593 
05 204 04 24 01 0.200000 -0.543280 1.068745 -0.608036 496  90089 
05 205 04 25 02 0.870000 -0.049316 0.834957 -0.020405 499  90588 
05 206 04 26 02 0.870000 -0.265108 0.801569 -0.420663 478  91066 
05 207 04 27 01 0.200000 -0.083295 0.751462 -0.005780 495  91561 
05 208 04 28 04 1.000000 0.126107 0.551072 -0.269334 359  91920 
05 209 04 29 01 0.200000 -0.874289 1.452817 -0.864441 500  92420 
05 210 04 30 02 0.870000 -0.314273 0.834958 -0.404892 493  92913 
05 211 04 31 03 0.940000 0.095077 0.818259 0.146592 498  93410 
05 212 04 32 01 0.200000 -0.114355 0.968550 -0.098274 500  93910 
05 213 04 33 02 0.870000 -0.024859 1.001946 -0.074188 498  94408 
05 214 04 34 01 0.200000 0.341382 1.386029 0.349393 500  94908 
05 215 04 35 01 0.200000 0.445711 1.185641 0.440625 500  95408 
05 216 04 36 02 0.870000 -0.776167 0.885054 -0.739745 499  95907 
05 217 04 37 03 0.940000 0.075364 0.684664 0.000000 495  96402 
05 218 04 38 02 0.870000 0.016145 1.052044 -0.165149 470  96872 
05 219 04 39 01 0.200000 -0.061487 0.734762 -0.098966 499  97371 
05 220 04 40 01 0.200000 0.478328 1.052036 0.553782 495  97866 
05 221 04 41 03 0.940000 0.197582 1.118844 -0.160641 385  98250 
05 222 04 42 01 0.200000 0.685032 0.617868 0.568983 488  98738 
05 223 04 43 01 0.200000 0.369800 1.168938 0.344539 499  99237 
05 224 04 44 03 0.940000 -0.189413 0.651267 -0.383442 466  99704 
05 225 04 45 01 0.200000 -0.265338 1.553018 -0.308651 498 100202 
05 226 04 46 03 0.940000 -0.344593 1.168941 -0.443002 491 100693 
05 227 04 47 01 0.200000 -0.106605 0.901754 -0.211093 490 101183 
05 228 04 48 04 1.000000 -0.155077 0.734762 -0.098966 497 101681 
05 229 04 49 03 0.940000 -0.249878 0.985251 -0.235791 500 102180 
05 230 04 50 01 0.200000 -0.316175 0.868357 -0.348221 499 102679 
05 231 04 51 01 0.200000 -0.289150 0.734763 -0.358771 496 103175 
05 232 04 52 02 0.870000 0.109465 0.651268 0.073692 499 103674 
05 233 04 53 03 0.940000 -0.036296 0.667968 -0.229786 466 104140 
05 234 04 54 02 0.870000 -0.385071 0.784861 -0.446106 497 104637 
05 235 04 55 02 0.870000 0.315759 0.617867 0.156602 477 105114 
05 236 04 56 02 0.870000 0.028019 0.500975 -0.011834 499 105613 
05 237 04 57 03 0.940000 -0.260793 0.801559 -0.399515 483 106095 
05 238 04 58 01 0.200000 -0.815435 1.001948 -0.771824 498 106594 
05 239 04 59 01 0.200000 -0.117176 0.718064 -0.182655 496 107090 
05 240 04 60 04 1.000000 0.433019 0.885056 -0.289181  31 107120 
05 241 05 01 02 0.870000 0.137271 0.885052 0.026484 489 107609 
05 242 05 02 03 0.940000 -0.605413 0.684664 -0.477160 485 108095 
05 243 05 03 04 1.000000 0.243728 0.567772 0.209185 499 108593 
05 244 05 04 02 0.870000 0.288071 0.584472 0.201934 493 109087 
05 245 05 05 02 0.870000 0.338325 0.734763 0.298040 499 109585 
05 246 05 06 03 0.940000 -0.024707 0.601169 -0.180859 478 110063 
05 247 05 07 02 0.870000 0.342585 0.684664 0.310168 499 110562 
05 248 05 08 04 1.000000 -0.164910 0.517674 -0.101836 496 111059 
05 249 05 09 01 0.200000 0.302822 1.118842 0.281999 500 111558 
05 250 05 10 04 1.000000 -0.087670 0.634568 -0.231783 481 112040 
05 251 05 11 03 0.940000 -0.100813 1.102144 -0.120433 500 112539 
05 252 05 12 02 0.870000 -0.091630 0.667966 -0.032456 497 113036 
05 253 05 13 02 0.870000 -0.591770 0.851657 -0.703332 489 113525 
05 254 05 14 01 0.200000 0.314146 0.885055 0.360946 498 114023 
05 255 05 15 04 1.000000 0.254558 0.801559 -0.504861 -19 114004 
05 256 05 16 04 1.000000 0.131384 0.951852 0.011904 487 114491 
05 257 05 17 01 0.200000 -0.153120 0.784861 -0.094247 497 114988 
05 258 05 18 02 0.870000 -0.692943 0.634568 -0.650574 498 115486 
05 259 05 19 01 0.200000 -0.006930 1.836905 -0.027390 500 115986 
05 260 05 20 03 0.940000 0.180517 0.851657 0.119429 497 116483 
05 261 05 21 04 1.000000 -0.130051 1.035347 -0.173671 498 116981 
05 262 05 22 02 0.870000 -0.472981 1.219038 -0.270947 463 117444 
05 263 05 23 04 1.000000 -0.319633 0.701359 0.432779 -10 117435 
05 264 05 24 01 0.200000 -0.071094 0.751462 -0.103792 499 117934 
05 265 05 25 01 0.200000 0.354461 0.701367 0.288834 496 118430 
05 266 05 26 03 0.940000 -0.167826 0.601170 -0.218669 498 118928 
05 267 05 27 03 0.940000 0.561708 0.701364 0.395763 475 119403 
05 268 05 28 03 0.940000 -0.033380 0.818257 -0.181093 480 119883 
05 269 05 29 02 0.870000 -0.135006 0.751462 -0.146012 500 120383 
05 270 05 30 04 1.000000 0.840135 0.634568 0.306890 244 120627 
05 271 05 31 01 0.200000 0.061984 0.667966 0.134771 495 121122 
05 272 05 32 03 0.940000 -0.524491 0.551076 -0.318450 462 121584 
05 273 05 33 04 1.000000 -0.008891 0.651267 -0.647523 133 121717 
05 274 05 34 03 0.940000 0.410057 0.584470 0.187708 456 122173 
05 275 05 35 03 0.940000 -0.212846 1.052044 -0.441793 453 122625 
05 276 05 36 02 0.870000 -0.077250 1.269135 -0.074150 500 123125 
05 277 05 37 01 0.200000 0.211233 0.734763 0.243874 499 123624 
05 278 05 38 04 1.000000 0.066423 0.534372 0.066568 500 124124 
05 279 05 39 02 0.870000 0.764363 0.768161 0.661043 490 124615 
05 280 05 40 03 0.940000 0.600306 0.584469 0.250709 390 125005 
05 281 05 41 02 0.870000 0.285520 0.684666 0.402554 488 125493 
05 282 05 42 01 0.200000 -0.291112 0.951851 -0.365038 495 125988 
05 283 05 43 02 0.870000 0.115428 0.718064 0.062419 497 126485 
05 284 05 44 01 0.200000 0.026912 1.018647 -0.006135 499 126984 
05 285 05 45 04 1.000000 0.002742 0.684665 0.007812 500 127484 
05 286 05 46 01 0.200000 0.485866 2.354578 0.612820 485 127970 
05 287 05 47 03 0.940000 0.717760 1.686611 0.507099 460 128430 
05 288 05 48 02 0.870000 0.096057 0.751462 0.148890 497 128927 
05 289 05 49 03 0.940000 0.092427 0.584469 -0.270947 381 129308 
05 290 05 50 03 0.940000 -0.150509 0.601168 -0.305299 478 129787 
05 291 05 51 04 1.000000 -0.336916 0.617868 0.412147  -5 129782 
05 292 05 52 02 0.870000 0.508478 0.534373 0.466192 498 130280 
05 293 05 53 01 0.200000 0.149558 0.885055 0.179853 499 130779 
05 294 05 54 04 1.000000 -0.171420 0.601169 -0.456259 427 131206 
05 295 05 55 03 0.940000 0.079604 0.500975 0.183540 490 131697 
05 296 05 56 04 1.000000 0.321783 0.551071 -0.219150 237 131933 
05 297 05 57 01 0.200000 0.305968 0.885055 0.302645 500 132433 
05 298 05 58 04 1.000000 -0.318880 0.651268 -0.183400 483 132917 
05 299 05 59 03 0.940000 -0.074761 0.868357 -0.285746 460 133377 
05 300 05 60 01 0.200000 0.602821 0.601169 0.615937 500 133876 
