03 01 01 01 03 0.940000 -0.250693 1.786807 -0.541665 424    423 
03 02 01 02 04 1.000000 0.084937 1.636515 0.000000 494    917 
03 03 01 03 01 0.200000 0.477199 2.822158 0.666558 468   1385 
03 04 01 04 04 1.000000 -0.528699 1.703316 0.026310 223   1607 
03 05 01 05 01 0.200000 -0.284002 1.720009 -0.336675 498   2105 
03 06 01 06 04 1.000000 -0.039463 1.803505 -0.020687 500   2604 
03 07 01 07 03 0.940000 0.325789 2.020594 0.501604 472   3077 
03 08 01 08 01 0.200000 0.057777 1.803507 0.098045 499   3575 
03 09 01 09 04 1.000000 -0.130172 3.323126 0.027965 477   4053 
03 10 01 10 04 1.000000 -0.064572 1.519623 -0.045720 500   4552 
03 11 01 11 02 0.870000 -0.232167 1.920399 -0.370171 483   5035 
03 12 01 12 03 0.940000 0.277349 1.252433 0.379341 491   5526 
03 13 01 13 01 0.200000 0.228334 2.955746 0.276425 498   6024 
03 14 01 14 02 0.870000 -0.041109 2.538268 -0.297473 441   6465 
03 15 01 15 02 0.870000 0.136764 1.553019 0.082570 497   6962 
03 16 01 16 03 0.940000 0.027557 1.686612 -0.029842 497   7459 
03 17 01 17 03 0.940000 -0.034907 2.237685 -0.258594 455   7914 
03 18 01 18 02 0.870000 -0.376612 2.438075 -0.315488 497   8411 
03 19 01 19 01 0.200000 -0.392192 1.636520 -0.287576 490   8901 
03 20 01 20 03 0.940000 0.111656 1.419427 0.013698 491   9392 
03 21 01 21 03 0.940000 0.075776 1.152240 0.072242 500   9892 
03 22 01 22 01 0.200000 -0.423138 1.903704 -0.298980 486  10378 
03 23 01 23 02 0.870000 0.018514 2.755353 0.014387 500  10878 
03 24 01 24 01 0.200000 0.050102 1.386027 0.179303 485  11363 
03 25 01 25 03 0.940000 -0.412398 1.302532 -0.437510 499  11863 
03 26 01 26 02 0.870000 0.149869 1.335931 0.134977 500  12362 
03 27 01 27 03 0.940000 -0.186003 1.185638 -0.300676 488  12851 
03 28 01 28 02 0.870000 0.221586 1.603114 0.154780 496  13347 
03 29 01 29 02 0.870000 0.242542 1.486224 0.246721 500  13847 
03 30 01 30 03 0.940000 -0.427921 1.519619 -0.335639 492  14339 
03 31 01 31 01 0.200000 0.533424 1.920400 0.497172 499  14838 
03 32 01 32 01 0.200000 0.325524 2.705259 0.480595 478  15316 
03 33 01 33 02 0.870000 1.011562 3.607011 0.885067 486  15802 
03 34 01 34 04 1.000000 -0.002327 2.888956 -0.098850 492  16293 
03 35 01 35 02 0.870000 0.024659 1.553020 0.020830 500  16793 
03 36 01 36 01 0.200000 -0.252511 2.454773 -0.228341 499  17293 
03 37 01 37 02 0.870000 -0.448313 2.605064 -0.473052 499  17792 
03 38 01 38 04 1.000000 -0.312397 2.387975 0.015036 404  18196 
03 39 01 39 03 0.940000 0.517030 1.987196 0.832484 410  18606 
03 40 01 40 03 0.940000 -0.386174 1.803501 -0.422854 499  19105 
03 41 01 41 02 0.870000 -0.641405 2.972447 -0.548191 492  19597 
03 42 01 42 01 0.200000 0.015413 2.120790 0.026839 500  20097 
03 43 01 43 01 0.200000 -0.297390 1.219036 -0.336675 499  20596 
03 44 01 44 03 0.940000 -0.821197 1.586418 -0.729048 492  21088 
03 45 01 45 03 0.940000 -0.275677 1.502923 -0.440241 476  21564 
03 46 01 46 02 0.870000 0.069522 1.619824 0.246671 472  22035 
03 47 01 47 04 1.000000 0.453947 1.285832 -0.020976 297  22332 
03 48 01 48 04 1.000000 0.107027 1.586417 -0.371260 294  22627 
03 49 01 49 02 0.870000 0.450003 2.488171 0.560982 489  23115 
03 50 01 50 03 0.940000 -0.038517 1.469523 -0.030111 500  23615 
03 51 01 51 01 0.200000 0.237124 1.653215 0.291457 497  24113 
03 52 01 52 02 0.870000 0.287822 1.402727 0.328258 499  24611 
03 53 01 53 04 1.000000 0.606409 1.502922 0.034708 206  24817 
03 54 01 54 02 0.870000 -0.070464 1.386028 -0.214061 481  25299 
03 55 01 55 04 1.000000 0.468878 1.786808 -0.042831 264  25563 
03 56 01 56 04 1.000000 0.239447 2.571666 0.066568 473  26036 
03 57 01 57 04 1.000000 -0.436668 1.937099 -0.404892 499  26535 
03 58 01 58 01 0.200000 -0.153068 1.319231 -0.219343 496  27031 
03 59 01 59 03 0.940000 -0.071887 1.586419 0.037020 489  27520 
03 60 01 60 02 0.870000 0.122499 1.736709 0.051050 495  28016 
03 61 02 01 01 0.200000 -0.314531 1.319232 -0.312901 500  28516 
03 62 02 02 04 1.000000 0.084574 2.237686 0.007519 495  29010 
03 63 02 03 01 0.200000 -0.508052 1.703311 -0.561494 497  29508 
03 64 02 04 01 0.200000 -0.010248 2.204281 0.094455 490  29998 
03 65 02 05 03 0.940000 0.215691 1.235737 0.675839 309  30307 
03 66 02 06 04 1.000000 -0.237798 1.720011 -0.087368 480  30787 
03 67 02 07 03 0.940000 -0.256689 1.352631 -0.261077 500  31287 
03 68 02 08 03 0.940000 0.413376 2.387975 0.671466 440  31727 
03 69 02 09 04 1.000000 0.019039 2.070691 0.057408 499  32226 
03 70 02 10 04 1.000000 -0.002210 1.152241 -0.226799 455  32680 
03 71 02 11 03 0.940000 -0.044740 1.335936 0.026310 495  33176 
03 72 02 12 03 0.940000 0.393613 1.736711 0.404059 500  33676 
03 73 02 13 04 1.000000 -0.472599 1.235735 -0.087028 366  34042 
03 74 02 14 04 1.000000 -0.340139 2.154188 -0.037296 417  34459 
03 75 02 15 01 0.200000 0.251373 1.703312 0.319441 496  34955 
03 76 02 16 04 1.000000 0.304961 2.204284 0.000000 416  35372 
03 77 02 17 01 0.200000 -0.318225 1.753410 -0.265043 497  35869 
03 78 02 18 01 0.200000 0.212234 3.490118 0.315215 490  36359 
03 79 02 19 03 0.940000 0.533117 1.753409 0.485451 498  36857 
03 80 02 20 01 0.200000 -0.352177 1.469529 -0.348771 500  37357 
03 81 02 21 01 0.200000 -0.187496 2.438073 -0.204254 500  37857 
03 82 02 22 01 0.200000 0.148778 2.371276 0.179263 499  38356 
03 83 02 23 01 0.200000 0.058512 1.335930 0.107370 498  38854 
03 84 02 24 02 0.870000 -0.116050 1.603118 -0.122571 500  39354 
03 85 02 25 02 0.870000 0.160537 1.152241 0.244979 494  39848 
03 86 02 26 04 1.000000 0.086447 2.254382 -0.014387 491  40339 
03 87 02 27 04 1.000000 -0.113012 1.419426 0.024150 483  40822 
03 88 02 28 01 0.200000 0.209729 1.001949 0.330600 487  41309 
03 89 02 29 01 0.200000 -0.434452 2.003895 -0.417610 500  41808 
03 90 02 30 03 0.940000 0.931674 2.037294 0.418949 263  42072 
03 91 02 31 03 0.940000 -0.508184 1.269133 -0.577902 496  42567 
03 92 02 32 01 0.200000 0.102562 1.436124 0.194686 492  43060 
03 93 02 33 01 0.200000 0.427707 1.269136 0.416439 500  43560 
03 94 02 34 01 0.200000 0.423924 1.419426 0.468288 498  44058 
03 95 02 35 04 1.000000 -0.278471 1.452825 -0.011904 436  44494 
03 96 02 36 01 0.200000 0.393384 1.452825 0.422854 499  44993 
03 97 02 37 04 1.000000 0.185580 0.868354 -0.025801 460  45453 
03 98 02 38 01 0.200000 -0.509830 2.972445 -0.488721 500  45952 
03 99 02 39 03 0.940000 0.152138 2.321179 -0.022723 472  46425 
03 100 02 40 04 1.000000 0.325443 2.621764 0.029189 421  46846 
03 101 02 41 03 0.940000 0.527328 2.772055 0.569756 498  47344 
03 102 02 42 03 0.940000 -0.006636 2.337879 0.054368 497  47841 
03 103 02 43 01 0.200000 -0.572939 3.640410 -0.333702 448  48289 
03 104 02 44 02 0.870000 -0.700321 2.488171 -0.616051 494  48783 
03 105 02 45 04 1.000000 0.218051 2.454772 0.342581 486  49269 
03 106 02 46 03 0.940000 -0.235248 1.235738 -0.311650 495  49764 
03 107 02 47 04 1.000000 0.182500 1.903702 -0.182168 380  50144 
03 108 02 48 02 0.870000 0.220507 1.686613 0.217111 500  50644 
03 109 02 49 04 1.000000 0.725650 1.619816 -0.036850 -23  50621 
03 110 02 50 03 0.940000 0.474239 2.321180 0.211828 438  51059 
03 111 02 51 02 0.870000 0.218504 2.053993 0.454302 450  51509 
03 112 02 52 02 0.870000 0.226637 1.803505 0.441859 458  51967 
03 113 02 53 02 0.870000 0.438180 2.571666 0.611808 473  52440 
03 114 02 54 03 0.940000 -0.058681 1.937098 -0.181093 487  52927 
03 115 02 55 03 0.940000 0.309624 1.168941 0.236618 495  53422 
03 116 02 56 02 0.870000 0.146257 1.402727 0.194945 498  53920 
03 117 02 57 02 0.870000 0.052842 2.003897 -0.021894 495  54415 
03 118 02 58 03 0.940000 -0.000171 1.669910 0.166332 475  54890 
03 119 02 59 03 0.940000 0.234760 1.887002 0.090660 481  55371 
03 120 02 60 02 0.870000 0.044084 1.285834 -0.013333 497  55868 
03 121 03 01 02 0.870000 -0.074972 1.352628 -0.037020 499  56367 
03 122 03 02 04 1.000000 0.060171 1.636519 0.529030 302  56669 
03 123 03 03 01 0.200000 -0.299370 2.170886 -0.343969 498  57167 
03 124 03 04 02 0.870000 0.395923 1.970497 0.460680 496  57663 
03 125 03 05 04 1.000000 0.263189 2.321179 -0.043451 415  58079 
03 126 03 06 04 1.000000 0.759158 1.335931 0.048912  46  58125 
03 127 03 07 03 0.940000 -0.531469 1.436126 -0.352990 471  58596 
03 128 03 08 01 0.200000 -0.424535 1.369328 -0.404892 500  59096 
03 129 03 09 04 1.000000 -0.375291 1.219037 0.083141 311  59406 
03 130 03 10 04 1.000000 0.481998 0.868356 -0.039453 255  59662 
03 131 03 11 01 0.200000 -0.545729 1.586418 -0.348176 465  60127 
03 132 03 12 02 0.870000 -0.063053 1.803506 0.036129 491  60618 
03 133 03 13 03 0.940000 0.047589 1.502921 0.038690 500  61118 
03 134 03 14 01 0.200000 -0.462677 1.118842 -0.499935 499  61616 
03 135 03 15 04 1.000000 -0.317259 1.703311 0.021425 397  62013 
03 136 03 16 01 0.200000 -0.116887 1.653213 -0.179853 496  62510 
03 137 03 17 04 1.000000 0.460167 1.302535 -0.149812 165  62675 
03 138 03 18 02 0.870000 0.317332 1.786809 0.566729 444  63119 
03 139 03 19 01 0.200000 0.411131 1.619815 0.326156 494  63612 
03 140 03 20 03 0.940000 0.568915 2.037296 0.469690 491  64103 
03 141 03 21 04 1.000000 -0.301832 2.888950 0.277532 198  64301 
03 142 03 22 02 0.870000 0.063101 3.807402 -0.317718 369  64671 
03 143 03 23 03 0.940000 0.217639 1.536320 0.098168 487  65158 
03 144 03 24 03 0.940000 -0.298213 1.553023 -0.231865 496  65654 
03 145 03 25 01 0.200000 -0.423240 2.855551 -0.563959 482  66136 
03 146 03 26 03 0.940000 -0.490130 2.504871 -0.086081 353  66489 
03 147 03 27 02 0.870000 -0.405117 1.436121 -0.124355 429  66918 
03 148 03 28 02 0.870000 -0.590593 1.770107 -0.351904 449  67367 
03 149 03 29 03 0.940000 -0.545864 2.788754 -0.083773 308  67675 
03 150 03 30 02 0.870000 -0.067025 2.204286 -0.094653 499  68174 
03 151 03 31 03 0.940000 0.346188 1.770108 0.104877 448  68622 
03 152 03 32 01 0.200000 0.248452 1.402729 0.232220 500  69122 
03 153 03 33 02 0.870000 -0.118179 1.887002 -0.224544 490  69611 
03 154 03 34 04 1.000000 -0.145321 2.989144 0.006622 479  70091 
03 155 03 35 03 0.940000 0.045880 2.354578 0.177954 484  70575 
03 156 03 36 02 0.870000 -0.494310 1.636514 -0.216261 430  71005 
03 157 03 37 01 0.200000 0.092816 1.452824 0.223905 485  71490 
03 158 03 38 04 1.000000 -0.339782 1.001952 -0.013605 404  71894 
03 159 03 39 04 1.000000 -0.037228 2.120792 -0.401581 381  72275 
03 160 03 40 01 0.200000 -0.108036 1.269135 -0.093064 500  72774 
03 161 03 41 02 0.870000 -0.159870 2.421370 -0.174401 500  73274 
03 162 03 42 04 1.000000 0.013371 0.935152 0.056121 498  73773 
03 163 03 43 01 0.200000 -0.341770 1.653215 -0.278300 496  74269 
03 164 03 44 01 0.200000 -0.265254 1.486224 -0.286051 500  74769 
03 165 03 45 04 1.000000 0.431573 2.287781 0.031953 356  75125 
03 166 03 46 03 0.940000 0.034799 1.302533 0.065695 499  75624 
03 167 03 47 01 0.200000 -0.429253 2.538269 -0.265274 476  76100 
03 168 03 48 01 0.200000 0.338883 1.770107 0.410625 495  76595 
03 169 03 49 01 0.200000 -0.798227 1.486221 -0.887842 493  77088 
03 170 03 50 03 0.940000 0.362271 1.669913 0.608833 445  77533 
03 171 03 51 01 0.200000 0.281149 1.469525 0.247745 499  78032 
03 172 03 52 02 0.870000 0.722236 1.820204 0.650304 495  78528 
03 173 03 53 02 0.870000 0.071158 4.725855 -0.005952 495  79022 
03 174 03 54 01 0.200000 0.279114 1.669912 0.357134 495  79517 
03 175 03 55 04 1.000000 0.243516 3.256331 -0.161967 352  79869 
03 176 03 56 01 0.200000 -0.183514 1.202337 -0.215935 499  80368 
03 177 03 57 03 0.940000 -0.314509 2.621763 -0.216415 491  80859 
03 178 03 58 02 0.870000 0.109313 1.653213 0.343024 451  81310 
03 179 03 59 01 0.200000 0.091391 1.001949 0.138006 498  81808 
03 180 03 60 04 1.000000 0.294055 1.319227 -0.022384 410  82218 
03 181 04 01 03 0.940000 0.064140 1.219036 0.430527 379  82597 
03 182 04 02 03 0.940000 -0.027342 0.985249 -0.122571 492  83089 
03 183 04 03 03 0.940000 -0.591377 1.519621 -0.316943 432  83521 
03 184 04 04 02 0.870000 0.644996 2.822154 0.637762 500  84021 
03 185 04 05 04 1.000000 0.318369 1.653213 -0.239743 220  84241 
03 186 04 06 02 0.870000 -0.237537 1.352633 -0.179853 497  84738 
03 187 04 07 04 1.000000 -0.408679 1.386028 0.091939 274  85012 
03 188 04 08 03 0.940000 0.410195 1.937099 0.487595 495  85507 
03 189 04 09 03 0.940000 0.159703 1.836904 0.199829 499  86005 
03 190 04 10 02 0.870000 -0.133481 1.619815 -0.129147 500  86505 
03 191 04 11 03 0.940000 -0.098411 1.720012 -0.303734 462  86967 
03 192 04 12 02 0.870000 -0.252495 1.068746 -0.308053 497  87465 
03 193 04 13 04 1.000000 0.426797 0.834957 -0.051383 294  87759 
03 194 04 14 04 1.000000 -0.208737 1.519619 0.000000 461  88220 
03 195 04 15 02 0.870000 -0.042614 0.868354 -0.079304 499  88718 
03 196 04 16 01 0.200000 0.343087 1.970497 0.379300 499  89217 
03 197 04 17 01 0.200000 -0.175831 1.619814 -0.160934 500  89717 
03 198 04 18 01 0.200000 0.112336 1.452824 0.243260 485  90202 
03 199 04 19 03 0.940000 0.012935 1.168940 -0.032247 498  90700 
03 200 04 20 03 0.940000 0.480032 1.586418 0.482221 500  91200 
03 201 04 21 01 0.200000 -0.509058 1.987198 -0.442088 496  91696 
03 202 04 22 02 0.870000 -0.456181 1.118841 -0.506385 498  92193 
03 203 04 23 03 0.940000 -0.493879 1.419427 -0.476892 500  92693 
03 204 04 24 04 1.000000 -0.117974 1.736710 0.000000 487  93181 
03 205 04 25 04 1.000000 0.238884 1.786806 -0.338957 199  93380 
03 206 04 26 02 0.870000 0.380895 2.037294 0.256826 486  93866 
03 207 04 27 01 0.200000 0.358568 2.688560 0.406419 498  94364 
03 208 04 28 04 1.000000 0.429737 1.252444 -0.115611 232  94597 
03 209 04 29 01 0.200000 0.004327 1.452824 -0.018748 500  95096 
03 210 04 30 03 0.940000 0.358823 1.853610 0.532702 473  95569 
03 211 04 31 01 0.200000 -0.095385 0.918453 -0.204877 489  96058 
03 212 04 32 01 0.200000 0.517637 1.669912 0.520355 500  96558 
03 213 04 33 03 0.940000 0.155583 1.486221 0.032668 486  97044 
03 214 04 34 01 0.200000 0.258285 1.519622 0.450135 467  97511 
03 215 04 35 02 0.870000 0.154247 1.235738 0.087495 496  98007 
03 216 04 36 03 0.940000 -0.323256 1.102144 -0.326255 500  98507 
03 217 04 37 02 0.870000 -0.176690 1.920399 -0.133701 498  99006 
03 218 04 38 01 0.200000 0.065667 2.237682 0.085022 500  99505 
03 219 04 39 04 1.000000 -0.313662 1.619815 -0.132552 470  99976 
03 220 04 40 03 0.940000 0.296010 1.836906 0.125913 474 100450 
03 221 04 41 04 1.000000 0.774850 1.653214 -0.070306 -143 100307 
03 222 04 42 02 0.870000 -0.382768 1.703313 -0.363669 500 100807 
03 223 04 43 01 0.200000 0.065541 1.452825 0.157622 492 101299 
03 224 04 44 02 0.870000 -0.324949 2.104092 -0.399393 495 101794 
03 225 04 45 03 0.940000 0.064776 1.001948 0.044089 500 102294 
03 226 04 46 03 0.940000 -0.453011 1.820206 -0.490397 499 102792 
03 227 04 47 04 1.000000 0.269724 1.118841 -0.013792 428 103220 
03 228 04 48 04 1.000000 -0.087385 1.285833 0.044746 484 103704 
03 229 04 49 03 0.940000 -0.749525 1.786805 -0.513920 450 104154 
03 230 04 50 03 0.940000 -0.282810 1.469523 -0.397079 488 104643 
03 231 04 51 03 0.940000 -0.484977 1.285831 -0.470292 500 105142 
03 232 04 52 04 1.000000 0.106372 2.020594 -0.427832 243 105386 
03 233 04 53 02 0.870000 0.558745 1.369328 0.662216 490 105876 
03 234 04 54 02 0.870000 -0.516111 2.087392 -0.522189 500 106376 
03 235 04 55 02 0.870000 0.722484 1.185639 0.602287 487 106863 
03 236 04 56 02 0.870000 -0.109450 1.319231 -0.191379 494 107357 
03 237 04 57 01 0.200000 -0.178190 3.289726 -0.153113 499 107856 
03 238 04 58 01 0.200000 -0.145847 1.953797 -0.126489 500 108356 
03 239 04 59 04 1.000000 0.010099 2.020595 0.616297 169 108525 
03 240 04 60 03 0.940000 0.278915 1.820205 0.467600 468 108993 
03 241 05 01 01 0.200000 -0.091588 2.070694 -0.081689 500 109493 
03 242 05 02 02 0.870000 0.395756 3.072639 -0.173423 208 109701 
03 243 05 03 02 0.870000 0.013148 1.903701 -0.030998 498 110200 
03 244 05 04 02 0.870000 -0.015109 1.185637 -0.018291 500 110700 
03 245 05 05 02 0.870000 -0.314946 1.920402 -0.307397 500 111200 
03 246 05 06 02 0.870000 -0.073555 1.219037 -0.162831 493 111692 
03 247 05 07 04 1.000000 -1.274142 1.102142 -0.062419 -821 110871 
03 248 05 08 03 0.940000 0.276703 1.419426 0.610132 400 111271 
03 249 05 09 02 0.870000 -0.136671 5.160031 -0.319140 470 111741 
03 250 05 10 04 1.000000 0.706600 0.667967 0.373591 400 112141 
03 251 05 11 01 0.200000 -0.364035 2.104086 -0.261622 491 112632 
03 252 05 12 03 0.940000 0.013687 1.619816 0.300015 426 113058 
03 253 05 13 01 0.200000 -0.173553 1.937098 -0.199829 499 113557 
03 254 05 14 03 0.940000 0.280343 1.452827 0.507099 454 114011 
03 255 05 15 04 1.000000 -0.253065 1.753410 -0.025205 453 114464 
03 256 05 16 04 1.000000 0.150692 1.135540 0.012269 483 114947 
03 257 05 17 02 0.870000 0.264200 1.436126 0.407632 481 115429 
03 258 05 18 04 1.000000 0.578165 3.189537 0.212938 380 115809 
03 259 05 19 01 0.200000 0.312309 1.703312 0.303272 500 116308 
03 260 05 20 04 1.000000 -0.792697 2.120789 0.186487 -363 115946 
03 261 05 21 04 1.000000 0.060458 1.202338 -0.012986 495 116441 
03 262 05 22 02 0.870000 -0.327842 1.653214 -0.392570 496 116937 
03 263 05 23 01 0.200000 0.330241 1.636524 0.372704 498 117435 
03 264 05 24 02 0.870000 -0.118968 0.534373 -0.450661 401 117836 
03 265 05 25 04 1.000000 -0.203610 1.553020 -0.294235 493 118329 
03 266 05 26 02 0.870000 0.436417 1.970498 0.512079 495 118824 
03 267 05 27 02 0.870000 -0.233194 1.452825 -0.278300 498 119322 
03 268 05 28 04 1.000000 0.596378 1.603117 -0.105566  57 119378 
03 269 05 29 04 1.000000 -0.493049 1.553021 0.589698 -555 118823 
03 270 05 30 03 0.940000 0.216822 1.619818 0.305879 493 119316 
03 271 05 31 02 0.870000 -0.080272 1.436125 -0.075004 500 119816 
03 272 05 32 03 0.940000 -0.337733 1.736711 -0.583978 445 120262 
03 273 05 33 03 0.940000 -0.010009 1.603117 0.045654 497 120759 
03 274 05 34 03 0.940000 -0.291459 1.469527 -0.126973 476 121234 
03 275 05 35 04 1.000000 0.051312 1.502921 0.148890 491 121726 
03 276 05 36 03 0.940000 0.493449 1.920401 0.499935 500 122226 
03 277 05 37 04 1.000000 -0.239322 1.252435 0.068856 415 122640 
03 278 05 38 02 0.870000 0.498499 2.287784 0.505950 500 123140 
03 279 05 39 03 0.940000 0.745237 1.419427 0.574305 474 123614 
03 280 05 40 04 1.000000 -0.056589 2.387978 -0.131187 495 124109 
03 281 05 41 02 0.870000 0.346683 1.135542 0.284578 497 124606 
03 282 05 42 01 0.200000 -0.603976 2.655162 -0.628235 499 125105 
03 283 05 43 04 1.000000 0.352533 2.788756 -0.264940 157 125262 
03 284 05 44 04 1.000000 0.308437 1.469524 0.019106 425 125687 
03 285 05 45 03 0.940000 -0.233502 1.419426 -0.264342 499 126186 
03 286 05 46 03 0.940000 0.009051 1.786807 0.020545 500 126686 
03 287 05 47 02 0.870000 -0.219705 1.536320 -0.248487 499 127185 
03 288 05 48 04 1.000000 -0.194804 2.170893 0.036216 452 127637 
03 289 05 49 01 0.200000 -0.136513 1.519621 -0.157769 500 128136 
03 290 05 50 01 0.200000 0.498628 1.603116 0.467003 499 128636 
03 291 05 51 04 1.000000 0.233000 1.569717 0.017440 458 129094 
03 292 05 52 01 0.200000 0.240529 1.502922 0.284385 498 129592 
03 293 05 53 02 0.870000 -0.586057 1.870301 -0.615023 499 130091 
03 294 05 54 01 0.200000 -0.151561 2.154187 -0.186774 499 130590 
03 295 05 55 02 0.870000 -0.089372 2.655162 -0.059532 499 131089 
03 296 05 56 04 1.000000 1.007465 1.319232 -0.036480 -481 130608 
03 297 05 57 02 0.870000 0.640783 1.402726 0.770171 485 131093 
03 298 05 58 04 1.000000 -0.036096 1.519620 -0.044415 500 131593 
03 299 05 59 01 0.200000 -0.260517 1.502922 -0.302885 498 132092 
03 300 05 60 02 0.870000 -0.125963 1.369329 -0.124355 500 132592 
