12 01 01 01 01 0.200000 -0.143424 3.957694 -0.416978 433    432 
12 02 01 02 03 0.940000 -0.161848 6.796545 -0.055499 490    922 
12 03 01 03 03 0.940000 0.321315 1.586417 0.133529 468   1390 
12 04 01 04 01 0.200000 0.129840 1.720012 0.156602 499   1890 
12 05 01 05 01 0.200000 0.031321 1.469524 0.062419 499   2389 
12 06 01 06 03 0.940000 -0.146841 1.853603 -0.545227 357   2746 
12 07 01 07 03 0.940000 -0.005124 2.070691 -0.297473 423   3169 
12 08 01 08 01 0.200000 -0.078658 1.319233 -0.095859 500   3669 
12 09 01 09 04 1.000000 -0.342264 1.202337 -0.325970 500   4168 
12 10 01 10 04 1.000000 -1.178349 1.085448 0.050590 -859   3309 
12 11 01 11 04 1.000000 0.118553 1.319232 -0.762147 -198   3111 
12 12 01 12 04 1.000000 -0.079335 1.185639 -0.617191 240   3351 
12 13 01 13 04 1.000000 -0.449876 0.985253 -0.611808 476   3827 
12 14 01 14 02 0.870000 -0.731017 1.001948 -1.040781 414   4241 
12 15 01 15 02 0.870000 0.215544 2.504870 0.167254 498   4739 
12 16 01 16 01 0.200000 -0.180391 1.252437 -0.234042 497   5236 
12 17 01 17 02 0.870000 0.135998 1.820206 0.018403 488   5724 
12 18 01 18 02 0.870000 0.068330 1.252435 0.060168 500   6224 
12 19 01 19 01 0.200000 -0.121499 1.753409 -0.219343 491   6715 
12 20 01 20 02 0.870000 -0.050213 1.018648 -0.209185 477   7192 
12 21 01 21 04 1.000000 0.154809 0.734756 -0.290265 322   7514 
12 22 01 22 04 1.000000 -0.574909 0.718063 -0.337000 449   7963 
12 23 01 23 03 0.940000 -0.241896 1.018645 -0.864304 151   8114 
12 24 01 24 01 0.200000 0.322740 1.653214 0.399633 495   8609 
12 25 01 25 04 1.000000 -0.025880 1.319232 -1.099989 -538   8071 
12 26 01 26 02 0.870000 0.018607 0.951852 -0.376490 360   8430 
12 27 01 27 03 0.940000 -0.090127 0.834957 0.420078 266   8696 
12 28 01 28 01 0.200000 0.798017 1.603116 0.758168 499   9195 
12 29 01 29 03 0.940000 -0.145894 1.903700 -0.660575 262   9456 
12 30 01 30 01 0.200000 0.218624 1.486222 0.267330 498   9954 
12 31 01 31 03 0.940000 -0.146960 1.369330 -0.601599 314  10268 
12 32 01 32 03 0.940000 0.370105 1.018651 0.225750 481  10749 
12 33 01 33 01 0.200000 -0.451567 1.085444 -0.437027 500  11249 
12 34 01 34 01 0.200000 -0.041489 1.519622 -0.119429 495  11744 
12 35 01 35 03 0.940000 -0.399848 0.851655 -0.294937 490  12234 
12 36 01 36 04 1.000000 0.082788 1.068744 -0.580166 104  12338 
12 37 01 37 03 0.940000 0.065984 0.851656 0.333635 436  12774 
12 38 01 38 03 0.940000 0.368769 0.834958 0.522705 479  13252 
12 39 01 39 02 0.870000 -0.143570 0.784859 -0.449363 416  13668 
12 40 01 40 03 0.940000 -0.449374 1.068745 -0.516086 496  14164 
12 41 01 41 01 0.200000 0.435496 0.834956 0.415662 500  14664 
12 42 01 42 02 0.870000 -0.063613 1.135541 -0.325970 438  15102 
12 43 01 43 03 0.940000 0.106041 0.834956 0.170976 496  15598 
12 44 01 44 02 0.870000 0.340712 1.135539 0.373251 499  16097 
12 45 01 45 04 1.000000 -0.601555 1.018657 0.138413   7  16104 
12 46 01 46 03 0.940000 0.242921 1.219036 0.119429 486  16591 
12 47 01 47 02 0.870000 0.231272 0.885054 0.176235 497  17088 
12 48 01 48 02 0.870000 0.366667 0.701364 0.246536 487  17575 
12 49 01 49 02 0.870000 0.455276 0.868354 0.298499 478  18053 
12 50 01 50 03 0.940000 0.057327 0.818257 -0.484478 236  18289 
12 51 01 51 03 0.940000 -0.545492 0.851658 -0.507783 499  18787 
12 52 01 52 03 0.940000 0.354212 1.219038 0.528492 473  19260 
12 53 01 53 01 0.200000 -0.516661 1.152241 -0.502214 500  19760 
12 54 01 54 02 0.870000 0.629220 0.818258 0.487595 482  20242 
12 55 01 55 02 0.870000 -0.567416 1.135540 -0.496669 495  20737 
12 56 01 56 04 1.000000 0.185542 0.784860 0.392340 462  21199 
12 57 01 57 03 0.940000 -0.108126 1.152241 -0.377249 435  21633 
12 58 01 58 04 1.000000 0.181552 0.768160 -0.263467 322  21955 
12 59 01 59 01 0.200000 0.111851 2.220985 0.176488 496  22451 
12 60 01 60 03 0.940000 -0.355096 0.784861 -0.273978 494  22946 
12 61 02 01 03 0.940000 -0.293850 1.068744 -0.222082 495  23441 
12 62 02 02 03 0.940000 -0.174128 0.768159 0.341497 261  23702 
12 63 02 03 02 0.870000 -0.067540 1.903701 0.330297 358  24059 
12 64 02 04 03 0.940000 0.397220 0.951848 0.234325 476  24535 
12 65 02 05 01 0.200000 0.586058 1.386029 0.571729 500  25035 
12 66 02 06 03 0.940000 0.183804 5.059835 0.201188 500  25535 
12 67 02 07 04 1.000000 -0.288323 1.703312 0.130292 342  25877 
12 68 02 08 01 0.200000 -0.076222 2.438082 -0.147277 495  26373 
12 69 02 09 01 0.200000 0.419583 1.168939 0.418224 500  26873 
12 70 02 10 03 0.940000 -0.372547 0.901753 -0.550776 471  27344 
12 71 02 11 04 1.000000 0.126589 0.868355 -0.303571 333  27677 
12 72 02 12 04 1.000000 -0.274688 1.152241 0.414757  72  27750 
12 73 02 13 02 0.870000 -0.232457 1.836906 -0.330679 491  28241 
12 74 02 14 01 0.200000 -0.291255 1.402731 -0.329185 499  28740 
12 75 02 15 04 1.000000 0.408579 1.269133 -0.313452  31  28770 
12 76 02 16 02 0.870000 -0.541684 1.052045 -0.488334 497  29268 
12 77 02 17 01 0.200000 0.097121 1.569718 0.153708 497  29765 
12 78 02 18 03 0.940000 0.232517 1.870312 0.175060 497  30262 
12 79 02 19 04 1.000000 -0.597798 1.619817 -0.165149 332  30594 
12 80 02 20 02 0.870000 -0.020457 1.486222 0.056279 495  31088 
12 81 02 21 03 0.940000 0.158071 1.085445 0.260602 491  31579 
12 82 02 22 03 0.940000 -0.613591 0.885053 -0.689205 495  32074 
12 83 02 23 01 0.200000 1.012641 1.152241 0.981021 499  32573 
12 84 02 24 04 1.000000 0.529008 2.404676 -0.437791 -341  32232 
12 85 02 25 02 0.870000 0.296401 0.818260 0.418224 487  32718 
12 86 02 26 02 0.870000 0.025988 1.235737 0.095598 496  33214 
12 87 02 27 01 0.200000 -0.006810 1.168949 -0.046633 499  33712 
12 88 02 28 04 1.000000 0.358884 0.851658 -0.635982 -391  33322 
12 89 02 29 04 1.000000 -0.366831 0.868356 -0.037718 403  33724 
12 90 02 30 03 0.940000 -0.102251 0.584470 -0.380506 430  34154 
12 91 02 31 03 0.940000 -0.143954 1.686612 -0.236849 492  34647 
12 92 02 32 04 1.000000 -0.214846 0.701364 -0.757368 235  34882 
12 93 02 33 02 0.870000 0.204807 1.953800 0.229232 499  35381 
12 94 02 34 01 0.200000 -0.280718 1.219038 -0.319493 499  35880 
12 95 02 35 03 0.940000 -0.593802 0.801558 -0.526751 496  36376 
12 96 02 36 01 0.200000 -0.791848 2.070693 -0.846725 497  36873 
12 97 02 37 04 1.000000 0.295219 1.118844 0.020545 432  37305 
12 98 02 38 04 1.000000 -0.297424 1.469525 -0.329880 499  37804 
12 99 02 39 01 0.200000 -0.141761 1.836904 -0.179853 499  38303 
12 100 02 40 01 0.200000 -0.370429 1.770109 -0.385494 500  38803 
12 101 02 41 04 1.000000 0.109466 0.851656 -0.345746 314  39116 
12 102 02 42 04 1.000000 -0.545372 0.701364 0.000000 232  39349 
12 103 02 43 03 0.940000 -0.228822 0.834957 -0.398522 474  39823 
12 104 02 44 01 0.200000 -0.090443 1.001949 -0.090660 500  40323 
12 105 02 45 02 0.870000 0.157512 1.536319 0.243209 493  40816 
12 106 02 46 02 0.870000 -0.324534 2.003897 -0.334982 500  41316 
12 107 02 47 02 0.870000 0.132929 1.953800 0.193358 497  41813 
12 108 02 48 03 0.940000 0.114237 1.402728 -0.093254 461  42274 
12 109 02 49 02 0.870000 -0.143270 2.304479 -0.307199 476  42750 
12 110 02 50 04 1.000000 -0.132502 2.104092 -0.399852 436  43185 
12 111 02 51 02 0.870000 -0.535080 1.369328 -0.521434 500  43685 
12 112 02 52 04 1.000000 -0.063940 1.068744 -0.492031 335  44020 
12 113 02 53 01 0.200000 -0.288789 1.853602 -0.345816 497  44517 
12 114 02 54 04 1.000000 0.064331 0.667965 -0.378363 324  44841 
12 115 02 55 02 0.870000 0.535063 1.102143 0.484792 498  45339 
12 116 02 56 01 0.200000 0.082074 0.901758 0.140904 497  45836 
12 117 02 57 03 0.940000 0.283056 0.985247 0.256964 499  46335 
12 118 02 58 04 1.000000 0.586714 0.651267 -0.482018 -528  45807 
12 119 02 59 01 0.200000 -0.173379 1.252431 -0.186689 500  46307 
12 120 02 60 04 1.000000 -0.220790 0.484277 0.075613 421  46728 
12 121 03 01 04 1.000000 -0.049500 0.484274 0.076772 486  47213 
12 122 03 02 04 1.000000 -0.233914 1.352630 -0.170735 496  47710 
12 123 03 03 01 0.200000 0.403006 1.419427 0.407632 500  48210 
12 124 03 04 02 0.870000 0.147905 0.935150 0.200084 498  48707 
12 125 03 05 02 0.870000 0.078682 1.152241 0.074489 500  49207 
12 126 03 06 04 1.000000 -0.648346 1.001948 0.161375 -90  49117 
12 127 03 07 02 0.870000 -0.114390 1.319231 -0.312901 465  49582 
12 128 03 08 01 0.200000 -0.795344 0.885055 -0.749378 498  50080 
12 129 03 09 01 0.200000 0.244498 1.235736 0.307199 496  50576 
12 130 03 10 02 0.870000 -0.817087 0.868354 -1.009633 467  51043 
12 131 03 11 01 0.200000 0.538896 1.185640 0.511334 499  51542 
12 132 03 12 01 0.200000 -0.336698 0.951850 -0.355320 500  52042 
12 133 03 13 01 0.200000 -0.548354 1.669914 -0.531390 500  52542 
12 134 03 14 02 0.870000 0.903743 1.118842 0.468288 329  52871 
12 135 03 15 04 1.000000 0.247684 0.784860 0.855348 168  53039 
12 136 03 16 02 0.870000 0.158333 1.569719 0.269849 489  53528 
12 137 03 17 01 0.200000 0.054026 1.419425 0.177425 486  54014 
12 138 03 18 01 0.200000 -0.105374 0.935154 -0.170059 496  54510 
12 139 03 19 03 0.940000 -0.126723 0.818259 -0.650877 253  54763 
12 140 03 20 02 0.870000 -0.237913 1.252432 -0.697391 310  55073 
12 141 03 21 03 0.940000 -0.242647 0.634570 -0.520405 431  55503 
12 142 03 22 03 0.940000 0.747425 0.935151 0.554092 466  55970 
12 143 03 23 04 1.000000 0.324679 0.584473 -0.679414 -407  55562 
12 144 03 24 03 0.940000 -0.461767 1.436125 -0.580756 487  56050 
12 145 03 25 02 0.870000 -0.324049 1.469526 -0.460542 483  56533 
12 146 03 26 04 1.000000 0.068860 0.801559 -0.429762 276  56809 
12 147 03 27 04 1.000000 -0.029272 0.718063 -0.366394 398  57207 
12 148 03 28 02 0.870000 0.676663 1.102143 0.463648 459  57666 
12 149 03 29 02 0.870000 0.078040 0.784861 0.126156 498  58164 
12 150 03 30 02 0.870000 0.550411 1.052045 0.397271 479  58643 
12 151 03 31 03 0.940000 0.345467 1.335933 0.420197 495  59138 
12 152 03 32 01 0.200000 -0.177346 1.720010 -0.214938 499  59637 
12 153 03 33 01 0.200000 0.115047 2.588366 0.190375 495  60131 
12 154 03 34 04 1.000000 -0.264744 0.834959 -0.396878 484  60616 
12 155 03 35 02 0.870000 0.340611 1.185639 0.290087 498  61113 
12 156 03 36 01 0.200000 -1.384298 1.469515 -1.198308 469  61582 
12 157 03 37 02 0.870000 0.206053 1.386029 0.244979 499  62081 
12 158 03 38 04 1.000000 0.062879 1.285833 0.204642 482  62563 
12 159 03 39 03 0.940000 -0.013418 0.918450 0.104513 487  63050 
12 160 03 40 04 1.000000 0.035411 0.935153 0.066568 499  63549 
12 161 03 41 04 1.000000 -0.241757 1.118842 0.224024 305  63854 
12 162 03 42 02 0.870000 0.453160 1.035349 0.248386 462  64316 
12 163 03 43 01 0.200000 0.381835 1.402729 0.326359 497  64814 
12 164 03 44 04 1.000000 -0.636874 1.118844 0.373858 -419  64394 
12 165 03 45 01 0.200000 -0.057321 1.452824 -0.147849 493  64887 
12 166 03 46 02 0.870000 -0.522041 1.135541 -0.569756 498  65385 
12 167 03 47 01 0.200000 0.181488 1.519633 0.216415 499  65884 
12 168 03 48 04 1.000000 0.675047 0.935152 0.390289 427  66311 
12 169 03 49 01 0.200000 0.078722 1.669914 0.109241 499  66810 
12 170 03 50 03 0.940000 -0.374304 0.935154 -0.775194 355  67165 
12 171 03 51 02 0.870000 0.140212 0.834956 0.035956 490  67655 
12 172 03 52 03 0.940000 -0.094052 0.868357 0.036793 485  68140 
12 173 03 53 02 0.870000 0.192158 1.369334 0.240036 498  68638 
12 174 03 54 01 0.200000 -0.022252 0.784858 0.000000 500  69138 
12 175 03 55 02 0.870000 0.117564 1.369328 0.248487 485  69622 
12 176 03 56 04 1.000000 -0.032578 0.617873 -0.325118 423  70045 
12 177 03 57 01 0.200000 0.445607 1.770109 0.435877 500  70545 
12 178 03 58 03 0.940000 -0.424317 1.219037 -0.578862 479  71024 
12 179 03 59 01 0.200000 0.118264 1.603119 0.121842 500  71524 
12 180 03 60 01 0.200000 -0.017563 1.887000 -0.042528 499  72023 
12 181 04 01 04 1.000000 0.250848 1.235736 0.134321 488  72511 
12 182 04 02 01 0.200000 -0.338354 1.335927 -0.306231 499  73010 
12 183 04 03 03 0.940000 0.399947 0.851657 0.472629 495  73505 
12 184 04 04 03 0.940000 -0.821564 1.669914 -0.542579 430  73935 
12 185 04 05 02 0.870000 0.167696 0.901753 0.310257 482  74417 
12 186 04 06 02 0.870000 0.425681 1.352631 0.252318 473  74890 
12 187 04 07 04 1.000000 0.073982 1.185638 -0.203045 431  75321 
12 188 04 08 02 0.870000 -0.040019 1.135543 -0.109984 496  75816 
12 189 04 09 02 0.870000 -0.831132 0.935152 -0.657657 473  76289 
12 190 04 10 02 0.870000 -0.484197 0.868350 -0.454302 499  76788 
12 191 04 11 02 0.870000 -0.098107 1.953797 -0.316080 457  77246 
12 192 04 12 03 0.940000 -0.038442 1.285834 0.115067 479  77724 
12 193 04 13 01 0.200000 0.768626 1.452824 0.717403 498  78222 
12 194 04 14 03 0.940000 0.109828 0.701364 0.390366 429  78651 
12 195 04 15 02 0.870000 -0.645779 0.935150 -0.430693 458  79110 
12 196 04 16 04 1.000000 0.297620 0.768162 0.373251 495  79604 
12 197 04 17 04 1.000000 0.308788 0.834957 0.171628 483  80087 
12 198 04 18 03 0.940000 0.150676 0.901752 0.121352 499  80587 
12 199 04 19 03 0.940000 -0.374119 1.669912 -0.219307 478  81065 
12 200 04 20 01 0.200000 0.179360 1.219036 0.168207 500  81565 
12 201 04 21 04 1.000000 -0.261400 0.935152 -0.350431 493  82058 
12 202 04 22 04 1.000000 0.259953 0.584470 -0.101689 382  82440 
12 203 04 23 04 1.000000 -0.249919 0.634568 0.026172 431  82872 
12 204 04 24 03 0.940000 0.173590 1.102142 0.286051 489  83360 
12 205 04 25 04 1.000000 -0.215890 0.935152 0.174313 363  83723 
12 206 04 26 02 0.870000 -0.152624 1.085448 -0.229421 495  84218 
12 207 04 27 04 1.000000 0.153304 1.118844 -0.279881 331  84549 
12 208 04 28 01 0.200000 -0.192609 1.302532 -0.164308 499  85048 
12 209 04 29 02 0.870000 -0.137295 1.703311 -0.229642 492  85541 
12 210 04 30 04 1.000000 -0.225645 0.818256 -0.282555 497  86038 
12 211 04 31 02 0.870000 0.122383 0.818258 0.006289 488  86525 
12 212 04 32 04 1.000000 -0.202869 0.601167 -0.187429 500  87025 
12 213 04 33 02 0.870000 0.317479 1.369330 0.188222 485  87510 
12 214 04 34 01 0.200000 -0.212673 1.168938 -0.203045 500  88010 
12 215 04 35 01 0.200000 -0.124023 1.102144 -0.153708 499  88509 
12 216 04 36 01 0.200000 -0.328850 0.968550 -0.347767 500  89009 
12 217 04 37 02 0.870000 -0.401200 1.035346 -0.201528 464  89473 
12 218 04 38 03 0.940000 0.188583 0.601168 0.189806 500  89973 
12 219 04 39 04 1.000000 0.556851 0.718062 0.498897 497  90470 
12 220 04 40 04 1.000000 0.651434 0.718063 0.390912 439  90909 
12 221 04 41 02 0.870000 -0.324056 0.801554 -0.266252 497  91406 
12 222 04 42 01 0.200000 -0.170385 2.120789 -0.240643 496  91902 
12 223 04 43 03 0.940000 -0.570721 0.634568 -0.298499 433  92335 
12 224 04 44 02 0.870000 -0.175872 1.502926 -0.208465 499  92834 
12 225 04 45 04 1.000000 -0.139968 0.651264 0.323579 307  93141 
12 226 04 46 02 0.870000 -0.091649 0.851656 -0.078972 500  93640 
12 227 04 47 03 0.940000 0.511350 1.118843 0.346539 476  94116 
12 228 04 48 01 0.200000 0.080346 1.001949 0.144812 496  94612 
12 229 04 49 03 0.940000 -0.084873 0.601170 -0.032668 498  95110 
12 230 04 50 03 0.940000 -0.204111 0.935154 -0.205901 500  95610 
12 231 04 51 04 1.000000 0.227794 2.287782 -0.300752 249  95858 
12 232 04 52 04 1.000000 -0.061956 1.836906 -0.424976 381  96240 
12 233 04 53 02 0.870000 0.296063 1.269134 0.328120 499  96739 
12 234 04 54 02 0.870000 -0.435033 0.734765 -0.495981 497  97235 
12 235 04 55 03 0.940000 -0.239926 1.235735 -0.319722 494  97730 
12 236 04 56 01 0.200000 0.084751 0.801558 0.150177 496  98226 
12 237 04 57 02 0.870000 0.437557 2.521570 0.399515 499  98725 
12 238 04 58 04 1.000000 0.470551 0.784860 0.531892 497  99221 
12 239 04 59 02 0.870000 -0.183941 1.269135 -0.283794 491  99712 
12 240 04 60 02 0.870000 -0.369963 1.001948 -0.252096 487 100200 
12 241 05 01 01 0.200000 -0.258681 1.302532 -0.251003 500 100700 
12 242 05 02 03 0.940000 0.020932 0.467575 0.100722 494 101194 
12 243 05 03 02 0.870000 0.190810 0.985249 0.284033 492 101686 
12 244 05 04 02 0.870000 0.204966 0.734762 0.253465 498 102184 
12 245 05 05 03 0.940000 0.003785 1.202338 0.084764 494 102678 
12 246 05 06 01 0.200000 0.511518 0.968550 0.482917 499 103177 
12 247 05 07 04 1.000000 0.011030 0.851656 0.089580 494 103672 
12 248 05 08 04 1.000000 -0.479473 1.452826 0.455562 -287 103385 
12 249 05 09 01 0.200000 0.296492 0.768160 0.304001 500 103885 
12 250 05 10 03 0.940000 0.006892 0.968549 -0.295704 418 104302 
12 251 05 11 03 0.940000 0.439411 0.851654 0.108942 402 104704 
12 252 05 12 03 0.940000 -0.481042 0.768158 -0.232220 444 105148 
12 253 05 13 04 1.000000 -0.468101 0.768156 0.251129  34 105183 
12 254 05 14 04 1.000000 0.079790 0.450876 -0.413542 281 105464 
12 255 05 15 03 0.940000 0.528823 1.703315 -0.243586 -37 105427 
12 256 05 16 03 0.940000 -0.353673 0.567771 -0.135949 457 105884 
12 257 05 17 01 0.200000 -0.320843 2.204287 -0.315215 500 106384 
12 258 05 18 02 0.870000 0.076051 1.168939 0.027020 498 106882 
12 259 05 19 04 1.000000 0.306694 2.605066 -0.248199 223 107105 
12 260 05 20 03 0.940000 -0.221487 0.551074 -0.063330 477 107582 
12 261 05 21 02 0.870000 0.588189 1.035345 0.501977 493 108076 
12 262 05 22 03 0.940000 0.011688 0.517674 0.101037 493 108569 
12 263 05 23 01 0.200000 -0.270102 1.252435 -0.236657 499 109068 
12 264 05 24 03 0.940000 -0.412030 0.617869 -0.489343 495 109562 
12 265 05 25 03 0.940000 0.089427 0.517673 0.325008 450 110012 
12 266 05 26 02 0.870000 0.093959 0.801557 0.234494 482 110494 
12 267 05 27 04 1.000000 0.181156 0.450877 0.118490 496 110991 
12 268 05 28 01 0.200000 -0.176409 0.784859 -0.092630 494 111485 
12 269 05 29 03 0.940000 -0.126753 1.185650 0.274167 355 111840 
12 270 05 30 04 1.000000 -0.007408 0.651266 -0.131422 486 112326 
12 271 05 31 04 1.000000 0.112678 0.534373 0.239624 485 112812 
12 272 05 32 02 0.870000 0.137922 1.018648 0.237658 491 113303 
12 273 05 33 03 0.940000 -0.863907 0.634568 -0.404892 310 113613 
12 274 05 34 04 1.000000 0.408942 1.402729 -0.072164 292 113905 
12 275 05 35 04 1.000000 -0.274511 1.018649 -0.165149 489 114394 
12 276 05 36 03 0.940000 -0.397055 0.634568 -0.315106 494 114888 
12 277 05 37 03 0.940000 0.182427 0.718064 0.242272 497 115385 
12 278 05 38 03 0.940000 -0.392178 0.601171 -0.128323 437 115822 
12 279 05 39 01 0.200000 -0.009862 0.801554 0.047024 497 116319 
12 280 05 40 01 0.200000 -0.260432 0.801559 -0.315215 497 116816 
12 281 05 41 04 1.000000 -0.175253 0.684665 0.249151 338 117154 
12 282 05 42 02 0.870000 -0.378352 1.052048 -0.463648 493 117648 
12 283 05 43 03 0.940000 0.227631 1.068744 0.046324 470 118118 
12 284 05 44 01 0.200000 -0.332266 1.653216 -0.331554 500 118618 
12 285 05 45 01 0.200000 0.050365 2.705261 0.067314 500 119118 
12 286 05 46 02 0.870000 0.101156 0.885051 -0.013888 488 119606 
12 287 05 47 04 1.000000 -0.483303 0.968558 -0.304875 471 120077 
12 288 05 48 01 0.200000 -0.318023 1.569718 -0.300477 500 120577 
12 289 05 49 04 1.000000 0.262604 0.651267 -0.581520 -141 120436 
12 290 05 50 01 0.200000 0.082817 1.569719 0.067063 500 120936 
12 291 05 51 04 1.000000 -0.441168 1.018648 -0.028700 347 121282 
12 292 05 52 01 0.200000 -0.191451 1.953799 -0.251690 497 121779 
12 293 05 53 01 0.200000 1.010306 1.386028 0.866074 481 122260 
12 294 05 54 03 0.940000 0.080226 1.168942 -0.235286 410 122671 
12 295 05 55 03 0.940000 0.372784 1.219038 0.319722 497 123168 
12 296 05 56 02 0.870000 0.137775 0.651262 0.164030 499 123668 
12 297 05 57 01 0.200000 0.046959 0.718061 0.138994 492 124160 
12 298 05 58 01 0.200000 -0.402421 1.820205 -0.381508 500 124660 
12 299 05 59 02 0.870000 -0.088725 0.584471 -0.254966 475 125135 
12 300 05 60 01 0.200000 0.171152 0.951852 0.135528 499 125634 
