02 01 01 01 01 0.200000 -0.187886 1.820208 -0.383077 466    465 
02 02 01 02 01 0.200000 0.314870 1.369330 0.422575 490    955 
02 03 01 03 01 0.200000 -0.047700 1.068744 0.000000 498   1453 
02 04 01 04 04 1.000000 -0.868698 2.605064 -0.420331 319   1772 
02 05 01 05 01 0.200000 0.110638 1.319232 0.170976 497   2269 
02 06 01 06 04 1.000000 0.138357 1.603118 0.448997 413   2682 
02 07 01 07 02 0.870000 0.487363 1.569729 0.608876 487   3168 
02 08 01 08 04 1.000000 -0.173041 1.118841 0.158905 401   3569 
02 09 01 09 01 0.200000 -0.081417 1.118837 -0.098274 500   4069 
02 10 01 10 02 0.870000 0.022451 1.519622 0.012658 500   4569 
02 11 01 11 03 0.940000 0.032926 1.369330 0.228799 465   5034 
02 12 01 12 02 0.870000 -0.569657 1.018647 -0.533156 499   5533 
02 13 01 13 03 0.940000 -0.312702 1.102144 -0.405834 492   6025 
02 14 01 14 04 1.000000 0.138234 1.035348 0.223477 493   6519 
02 15 01 15 04 1.000000 0.056188 0.935151 0.161696 490   7009 
02 16 01 16 03 0.940000 -0.755378 1.001945 -0.745016 500   7509 
02 17 01 17 01 0.200000 0.598072 1.352630 0.608036 500   8009 
02 18 01 18 01 0.200000 -0.664752 1.052046 -0.664495 500   8509 
02 19 01 19 01 0.200000 -0.022846 1.135540 -0.066080 498   9007 
02 20 01 20 02 0.870000 0.079010 0.834957 0.217293 483   9490 
02 21 01 21 03 0.940000 -0.220226 1.052041 -0.390607 474   9964 
02 22 01 22 02 0.870000 -0.184745 1.068744 -0.236849 498  10461 
02 23 01 23 01 0.200000 0.504397 1.252435 0.466842 499  10960 
02 24 01 24 02 0.870000 -0.143300 1.018649 -0.429762 426  11386 
02 25 01 25 01 0.200000 1.069330 0.851656 0.966098 490  11876 
02 26 01 26 01 0.200000 0.193516 1.553017 0.250709 497  12373 
02 27 01 27 04 1.000000 0.053739 1.001948 -0.012422 496  12870 
02 28 01 28 03 0.940000 0.574294 1.419426 0.615620 498  13368 
02 29 01 29 01 0.200000 -0.073277 0.985248 -0.081580 500  13868 
02 30 01 30 03 0.940000 -0.233274 1.669914 -0.323988 493  14361 
02 31 01 31 04 1.000000 -0.201839 1.870304 -0.092995 489  14850 
02 32 01 32 02 0.870000 -0.358836 0.985249 -0.420197 497  15346 
02 33 01 33 02 0.870000 0.639543 1.102145 0.705568 496  15843 
02 34 01 34 01 0.200000 0.092382 1.803505 0.167896 495  16337 
02 35 01 35 04 1.000000 -0.052459 1.603116 -0.104513 498  16835 
02 36 01 36 04 1.000000 0.041312 1.135541 0.057491 500  17335 
02 37 01 37 01 0.200000 0.228594 1.102143 0.213267 500  17835 
02 38 01 38 03 0.940000 -0.063834 1.118842 -0.280025 458  18292 
02 39 01 39 01 0.200000 -0.272661 1.052047 -0.278300 500  18792 
02 40 01 40 01 0.200000 0.007680 1.419427 0.013792 500  19292 
02 41 01 41 02 0.870000 0.217484 1.436126 0.463648 445  19738 
02 42 01 42 01 0.200000 0.403812 1.319232 0.361729 498  20236 
02 43 01 43 04 1.000000 0.404030 0.768159 -0.422251 -114  20122 
02 44 01 44 02 0.870000 -0.229490 1.018644 -0.342581 488  20610 
02 45 01 45 03 0.940000 -0.211814 1.319232 -0.357134 481  21091 
02 46 01 46 03 0.940000 0.255890 0.801558 0.457834 463  21555 
02 47 01 47 02 0.870000 -0.086637 1.135542 -0.243209 478  22033 
02 48 01 48 03 0.940000 0.206029 0.801561 0.000000 462  22494 
02 49 01 49 04 1.000000 -0.080828 0.901753 0.088525 474  22969 
02 50 01 50 03 0.940000 -0.468838 1.102144 -0.408415 497  23465 
02 51 01 51 04 1.000000 -0.067001 1.018648 0.039714 490  23955 
02 52 01 52 01 0.200000 0.237924 0.868351 0.244979 500  24455 
02 53 01 53 04 1.000000 -0.149373 1.269134 -0.100333 498  24953 
02 54 01 54 02 0.870000 0.210122 1.052047 0.263249 497  25450 
02 55 01 55 01 0.200000 -0.062612 1.319232 -0.091846 499  25949 
02 56 01 56 03 0.940000 0.386847 1.152240 0.339641 498  26447 
02 57 01 57 04 1.000000 0.223972 1.402727 -0.298499 254  26702 
02 58 01 58 03 0.940000 -1.256568 1.619816 -0.747321 267  26968 
02 59 01 59 04 1.000000 0.035156 2.304480 0.117109 494  27462 
02 60 01 60 03 0.940000 0.361747 1.168940 0.417526 497  27960 
02 61 02 01 03 0.940000 0.249119 1.068746 0.236849 500  28459 
02 62 02 02 04 1.000000 0.107070 0.968551 -0.028361 483  28943 
02 63 02 03 01 0.200000 0.481408 1.068746 0.429499 498  29440 
02 64 02 04 03 0.940000 0.074600 1.068747 -0.302481 372  29812 
02 65 02 05 04 1.000000 0.244935 1.302533 0.007576 449  30262 
02 66 02 06 03 0.940000 -0.385102 1.202338 -0.589956 462  30724 
02 67 02 07 02 0.870000 0.660379 0.985248 0.706355 498  31222 
02 68 02 08 01 0.200000 0.209526 1.536321 0.215766 500  31722 
02 69 02 09 04 1.000000 -0.197335 1.152241 -0.192701 500  32222 
02 70 02 10 03 0.940000 0.143192 1.285833 0.237275 492  32714 
02 71 02 11 04 1.000000 -0.075934 1.185640 -0.019228 497  33211 
02 72 02 12 03 0.940000 -0.499416 1.536321 -0.525698 499  33711 
02 73 02 13 04 1.000000 0.580323 1.452824 -0.112203  68  33779 
02 74 02 14 03 0.940000 0.202257 1.202339 0.208122 500  34279 
02 75 02 15 02 0.870000 -0.684260 1.302533 -0.654832 499  34778 
02 76 02 16 01 0.200000 0.519604 1.018649 0.528528 500  35278 
02 77 02 17 02 0.870000 -0.277088 1.135542 -0.548241 434  35712 
02 78 02 18 02 0.870000 -0.211317 1.436122 -0.250709 499  36210 
02 79 02 19 02 0.870000 -0.464348 1.035347 -0.494887 499  36710 
02 80 02 20 02 0.870000 0.303063 1.269136 0.520014 458  37167 
02 81 02 21 04 1.000000 -0.360052 1.102143 0.015956 373  37540 
02 82 02 22 01 0.200000 -0.247314 1.035346 -0.256625 500  38040 
02 83 02 23 01 0.200000 -0.404979 1.185638 -0.440625 499  38539 
02 84 02 24 01 0.200000 0.473632 1.870303 0.451636 500  39038 
02 85 02 25 02 0.870000 -0.614097 0.918454 -0.601568 500  39538 
02 86 02 26 02 0.870000 -0.600556 1.720011 -0.721446 487  40025 
02 87 02 27 02 0.870000 0.216429 1.219037 0.366166 480  40505 
02 88 02 28 01 0.200000 -0.281377 1.369328 -0.279271 500  41005 
02 89 02 29 01 0.200000 0.209001 1.252434 0.220829 500  41505 
02 90 02 30 04 1.000000 -0.406527 1.202339 -0.147361 440  41944 
02 91 02 31 03 0.940000 -0.486089 1.319232 -0.482221 500  42444 
02 92 02 32 01 0.200000 0.187999 0.918454 0.213480 499  42944 
02 93 02 33 03 0.940000 -0.375103 1.001949 -0.712610 397  43341 
02 94 02 34 03 0.940000 0.908488 0.935152 0.488959 342  43683 
02 95 02 35 01 0.200000 0.185692 1.035348 0.190518 500  44183 
02 96 02 36 01 0.200000 -0.224021 1.252434 -0.250124 499  44682 
02 97 02 37 04 1.000000 -0.024727 0.968551 -0.074691 498  45180 
02 98 02 38 04 1.000000 0.095401 1.720009 -0.372988 303  45482 
02 99 02 39 03 0.940000 0.204989 1.202335 0.268703 496  45979 
02 100 02 40 03 0.940000 -0.321450 0.985251 -0.523513 463  46442 
02 101 02 41 02 0.870000 -0.460997 1.001949 -0.515549 497  46939 
02 102 02 42 02 0.870000 -0.233548 1.168941 -0.375064 482  47421 
02 103 02 43 03 0.940000 0.026836 0.968551 0.022384 500  47921 
02 104 02 44 04 1.000000 -0.077388 1.001948 0.081302 477  48399 
02 105 02 45 02 0.870000 -0.238070 0.951849 -0.249587 500  48899 
02 106 02 46 04 1.000000 -0.423079 0.968551 -0.299532 486  49385 
02 107 02 47 02 0.870000 0.101022 1.168940 0.177225 495  49880 
02 108 02 48 02 0.870000 0.019906 1.152241 0.091939 495  50375 
02 109 02 49 02 0.870000 -0.333431 0.818258 -0.344474 500  50875 
02 110 02 50 01 0.200000 -0.199781 1.102141 -0.250443 498  51373 
02 111 02 51 03 0.940000 -0.248361 0.951850 -0.557021 414  51787 
02 112 02 52 04 1.000000 0.242566 1.202338 -0.044746 426  52212 
02 113 02 53 01 0.200000 -0.025403 0.768156 0.014492 499  52711 
02 114 02 54 04 1.000000 0.360224 0.768161 -0.073202 331  53042 
02 115 02 55 02 0.870000 0.038579 1.386028 0.034233 500  53542 
02 116 02 56 02 0.870000 -0.569748 0.901752 -0.635316 496  54038 
02 117 02 57 03 0.940000 -0.028663 0.801559 0.048912 495  54533 
02 118 02 58 03 0.940000 -0.044273 1.168941 -0.265630 456  54989 
02 119 02 59 03 0.940000 -0.452273 0.951847 -0.573571 487  55475 
02 120 02 60 02 0.870000 -0.197164 0.918450 -0.416065 457  55932 
02 121 03 01 01 0.200000 -0.071240 1.035349 -0.069333 500  56432 
02 122 03 02 02 0.870000 -0.096239 1.152237 -0.177225 494  56926 
02 123 03 03 01 0.200000 0.155713 1.118842 0.177954 500  57426 
02 124 03 04 02 0.870000 0.245507 0.868345 0.340776 492  57918 
02 125 03 05 04 1.000000 -0.407864 0.801559 -0.030854 372  58290 
02 126 03 06 02 0.870000 -0.464094 1.068746 -0.496423 499  58789 
02 127 03 07 03 0.940000 0.042980 0.901754 0.424832 369  59158 
02 128 03 08 02 0.870000 0.176036 1.669914 0.252096 495  59652 
02 129 03 09 01 0.200000 -0.435461 1.168937 -0.436257 500  60152 
02 130 03 10 01 0.200000 0.195742 1.035345 0.217958 500  60652 
02 131 03 11 01 0.200000 0.415859 0.918453 0.387120 499  61151 
02 132 03 12 03 0.940000 0.003324 0.834957 -0.286051 425  61576 
02 133 03 13 04 1.000000 -0.383768 0.968550 0.022055 352  61928 
02 134 03 14 03 0.940000 -0.111188 1.419425 -0.168456 497  62425 
02 135 03 15 02 0.870000 0.005921 1.436127 -0.013985 500  62924 
02 136 03 16 03 0.940000 0.330532 0.851655 0.335639 500  63424 
02 137 03 17 02 0.870000 -0.284129 1.402729 -0.369769 493  63918 
02 138 03 18 02 0.870000 -0.254467 0.834957 -0.323892 496  64413 
02 139 03 19 04 1.000000 -0.488297 0.801559 0.485796 -354  64059 
02 140 03 20 01 0.200000 0.206947 0.801560 0.186614 500  64559 
02 141 03 21 04 1.000000 -0.049893 0.834957 -0.334198 427  64986 
02 142 03 22 03 0.940000 0.117815 0.985248 0.252096 484  65470 
02 143 03 23 03 0.940000 0.125454 1.068744 0.225403 491  65961 
02 144 03 24 01 0.200000 -0.260787 0.851655 -0.153708 490  66451 
02 145 03 25 04 1.000000 0.030138 1.185641 0.007246 500  66950 
02 146 03 26 02 0.870000 0.094476 0.801561 0.083720 500  67450 
02 147 03 27 03 0.940000 -0.067414 0.734762 -0.068386 500  67950 
02 148 03 28 04 1.000000 -0.593040 0.751462 -0.035197 220  68170 
02 149 03 29 01 0.200000 -0.003257 0.768159 -0.031240 499  68669 
02 150 03 30 03 0.940000 -0.070165 0.968550 -0.029403 499  69168 
02 151 03 31 04 1.000000 -0.185347 0.634569 0.012578 465  69633 
02 152 03 32 02 0.870000 0.067221 0.868353 0.109055 498  70131 
02 153 03 33 01 0.200000 -0.314320 0.751461 -0.294851 500  70631 
02 154 03 34 04 1.000000 -0.094545 1.018648 0.036748 484  71115 
02 155 03 35 01 0.200000 -0.296058 0.818257 -0.250124 498  71613 
02 156 03 36 03 0.940000 -0.251055 0.684664 0.068386 408  72021 
02 157 03 37 02 0.870000 -0.080801 1.068747 -0.140904 497  72518 
02 158 03 38 04 1.000000 -0.480955 0.801560 -0.069816 348  72866 
02 159 03 39 01 0.200000 0.340356 0.868357 0.270614 496  73362 
02 160 03 40 03 0.940000 -0.497196 0.918453 -0.667465 474  73836 
02 161 03 41 01 0.200000 0.130813 1.419428 0.152649 500  74335 
02 162 03 42 04 1.000000 -0.159984 1.052046 -0.067566 492  74827 
02 163 03 43 03 0.940000 0.094280 1.402728 -0.053520 480  75308 
02 164 03 44 03 0.940000 0.249051 0.968552 0.028361 456  75764 
02 165 03 45 04 1.000000 0.731514 1.486222 0.013333  36  75800 
02 166 03 46 02 0.870000 -0.685021 0.968551 -0.523513 477  76276 
02 167 03 47 03 0.940000 0.032063 1.720012 -0.020545 498  76774 
02 168 03 48 04 1.000000 -0.406276 2.154188 -0.109850 421  77195 
02 169 03 49 04 1.000000 -0.226898 0.901754 -0.394791 475  77669 
02 170 03 50 02 0.870000 0.240548 1.068745 0.273245 499  78168 
02 171 03 51 01 0.200000 -0.240791 0.801559 -0.266252 499  78668 
02 172 03 52 01 0.200000 0.024534 1.386030 -0.007042 499  79167 
02 173 03 53 03 0.940000 0.047050 0.968551 0.059631 500  79667 
02 174 03 54 03 0.940000 -0.288804 1.302533 -0.457175 474  80141 
02 175 03 55 04 1.000000 -0.418710 1.001950 -0.014598 353  80494 
02 176 03 56 03 0.940000 -0.094489 1.185640 -0.187551 492  80986 
02 177 03 57 04 1.000000 0.096307 0.768159 -0.197396 422  81409 
02 178 03 58 01 0.200000 -0.272990 0.834957 -0.304131 499  81908 
02 179 03 59 01 0.200000 -0.255622 1.168938 -0.258771 500  82408 
02 180 03 60 02 0.870000 -0.236229 0.885055 -0.562130 404  82812 
02 181 04 01 02 0.870000 -0.836026 0.985250 -0.543970 423  83236 
02 182 04 02 04 1.000000 0.106493 0.901749 0.298499 467  83702 
02 183 04 03 04 1.000000 -0.054030 0.868354 -0.037576 500  84202 
02 184 04 04 03 0.940000 -0.507993 0.885053 -0.517393 500  84702 
02 185 04 05 03 0.940000 -0.073429 0.851655 -0.080707 500  85202 
02 186 04 06 02 0.870000 -0.820127 1.152240 -0.685332 484  85686 
02 187 04 07 01 0.200000 -0.066481 1.102142 -0.070803 500  86186 
02 188 04 08 01 0.200000 -0.421786 0.868359 -0.460336 499  86684 
02 189 04 09 03 0.940000 -0.025584 0.885057 -0.048742 500  87184 
02 190 04 10 01 0.200000 0.407091 1.269133 0.379159 499  87683 
02 191 04 11 04 1.000000 -0.417332 1.035349 -0.337339 494  88177 
02 192 04 12 01 0.200000 -0.210093 1.402724 -0.203591 500  88677 
02 193 04 13 03 0.940000 0.431812 1.419426 0.523278 492  89170 
02 194 04 14 04 1.000000 -0.520905 1.252436 -0.307397 459  89629 
02 195 04 15 03 0.940000 0.785765 1.068743 0.683315 491  90119 
02 196 04 16 02 0.870000 -0.533840 1.168946 -0.602677 496  90615 
02 197 04 17 02 0.870000 0.907047 1.352632 0.994421 493  91108 
02 198 04 18 02 0.870000 0.119079 1.553019 0.068856 498  91606 
02 199 04 19 01 0.200000 0.035972 1.269130 0.037576 500  92106 
02 200 04 20 01 0.200000 -0.037030 1.553019 0.000000 499  92605 
02 201 04 21 04 1.000000 0.380819 0.801558 -0.029621 348  92953 
02 202 04 22 04 1.000000 0.997668 1.285833 0.068595 -277  92676 
02 203 04 23 04 1.000000 0.289845 0.784859 0.087028 463  93139 
02 204 04 24 03 0.940000 0.541831 0.851657 0.732815 467  93606 
02 205 04 25 01 0.200000 0.106226 1.185639 0.138959 499  94105 
02 206 04 26 04 1.000000 -0.105708 1.168941 -0.133945 499  94605 
02 207 04 27 03 0.940000 0.332120 0.968549 0.367174 499  95104 
02 208 04 28 03 0.940000 0.695824 1.603117 0.679414 500  95603 
02 209 04 29 01 0.200000 -0.051330 0.885056 -0.103334 498  96101 
02 210 04 30 01 0.200000 -0.154700 1.269134 -0.150576 500  96601 
02 211 04 31 01 0.200000 -0.327972 1.519620 -0.333515 500  97101 
02 212 04 32 03 0.940000 -0.427599 0.951851 -0.610132 470  97571 
02 213 04 33 02 0.870000 0.028937 1.519626 0.000000 499  98070 
02 214 04 34 04 1.000000 0.365470 1.018648 -0.022723 364  98435 
02 215 04 35 03 0.940000 -0.585871 1.269137 -0.649627 496  98931 
02 216 04 36 01 0.200000 0.119266 1.152241 0.162831 498  99429 
02 217 04 37 02 0.870000 -0.517289 1.135543 -0.738800 456  99885 
02 218 04 38 03 0.940000 -0.926673 1.118842 -0.800322 486 100371 
02 219 04 39 03 0.940000 -0.138965 1.419427 -0.227344 493 100864 
02 220 04 40 03 0.940000 0.001437 1.102143 0.214685 459 101323 
02 221 04 41 04 1.000000 0.397745 1.269132 0.148890 444 101767 
02 222 04 42 04 1.000000 -0.420404 0.901751 0.000000 341 102108 
02 223 04 43 04 1.000000 0.087237 1.452826 -0.058328 481 102589 
02 224 04 44 04 1.000000 -0.096803 0.784859 0.041933 483 103071 
02 225 04 45 02 0.870000 0.348828 1.452824 0.372398 500 103571 
02 226 04 46 01 0.200000 -0.338914 1.402729 -0.367174 499 104070 
02 227 04 47 02 0.870000 -0.043884 1.235736 -0.103792 497 104567 
02 228 04 48 04 1.000000 0.847728 1.235737 -0.028564 -191 104376 
02 229 04 49 04 1.000000 0.092378 1.118844 -0.044746 483 104859 
02 230 04 50 03 0.940000 0.385261 1.736710 0.532076 481 105340 
02 231 04 51 03 0.940000 0.119283 0.885053 0.237067 488 105827 
02 232 04 52 01 0.200000 0.428512 1.185639 0.393451 499 106326 
02 233 04 53 04 1.000000 0.276700 0.818257 -0.021736 420 106746 
02 234 04 54 03 0.940000 -0.032828 1.118841 0.149945 470 107216 
02 235 04 55 02 0.870000 -0.304863 0.818258 -0.445577 482 107698 
02 236 04 56 04 1.000000 -0.396247 1.202339 0.205395 174 107872 
02 237 04 57 04 1.000000 0.054950 0.935151 -0.007463 496 108369 
02 238 04 58 04 1.000000 0.074097 0.818259 0.012738 497 108865 
02 239 04 59 01 0.200000 0.140396 0.801556 0.078410 497 109362 
02 240 04 60 04 1.000000 0.367142 0.768161 0.000000 379 109741 
02 241 05 01 02 0.870000 -0.012913 0.985249 -0.122669 489 110230 
02 242 05 02 04 1.000000 -0.217911 0.935153 -0.030525 468 110698 
02 243 05 03 03 0.940000 0.053835 0.985251 0.125267 495 111194 
02 244 05 04 02 0.870000 0.578065 0.834957 0.625792 498 111691 
02 245 05 05 02 0.870000 0.145600 0.985249 0.148160 500 112191 
02 246 05 06 02 0.870000 -0.297169 0.968550 -0.372398 495 112686 
02 247 05 07 01 0.200000 -0.287696 0.868356 -0.334198 498 113184 
02 248 05 08 03 0.940000 -0.114947 0.784861 0.007576 486 113671 
02 249 05 09 04 1.000000 0.045323 0.667964 0.096918 498 114169 
02 250 05 10 02 0.870000 1.042980 0.935151 0.932835 489 114658 
02 251 05 11 01 0.200000 0.163163 1.219037 0.166120 500 115158 
02 252 05 12 02 0.870000 0.008030 1.369328 -0.191648 464 115622 
02 253 05 13 03 0.940000 0.494371 0.834957 0.591776 491 116113 
02 254 05 14 02 0.870000 -0.331563 1.001949 -0.420331 493 116606 
02 255 05 15 02 0.870000 -0.074147 1.669915 -0.154319 494 117100 
02 256 05 16 01 0.200000 -0.237742 1.018650 -0.166237 495 117596 
02 257 05 17 01 0.200000 -0.219935 0.968550 -0.204018 500 118095 
02 258 05 18 02 0.870000 -0.015183 1.335930 -0.141897 486 118581 
02 259 05 19 01 0.200000 0.341881 0.951853 0.300311 498 119079 
02 260 05 20 02 0.870000 -0.083944 0.834957 -0.381764 420 119500 
02 261 05 21 03 0.940000 -0.903825 1.018646 -0.980841 495 119994 
02 262 05 22 02 0.870000 0.262904 1.085443 0.325883 496 120491 
02 263 05 23 02 0.870000 -0.072729 1.052048 -0.266913 466 120957 
02 264 05 24 02 0.870000 0.461423 0.818259 0.552962 492 121449 
02 265 05 25 04 1.000000 -0.540702 0.885051 0.000000 237 121686 
02 266 05 26 04 1.000000 -0.078968 0.985249 0.443448 254 121940 
02 267 05 27 02 0.870000 0.378937 1.135542 0.457278 494 122435 
02 268 05 28 01 0.200000 0.111358 1.102141 0.147078 499 122934 
02 269 05 29 04 1.000000 0.269496 0.801559 -0.075047 393 123327 
02 270 05 30 04 1.000000 0.059203 1.035346 -0.061461 487 123814 
02 271 05 31 01 0.200000 0.557732 1.018648 0.509769 498 124312 
02 272 05 32 02 0.870000 -0.511658 0.901755 -0.585902 495 124807 
02 273 05 33 03 0.940000 0.500685 1.486223 0.463648 499 125306 
02 274 05 34 04 1.000000 0.007267 1.102142 -0.006329 500 125805 
02 275 05 35 02 0.870000 0.125602 1.102145 0.225126 491 126297 
02 276 05 36 01 0.200000 -0.195787 0.985248 -0.159225 499 126795 
02 277 05 37 03 0.940000 0.434016 0.935153 0.520814 493 127289 
02 278 05 38 02 0.870000 -0.522346 0.968548 -0.631544 489 127778 
02 279 05 39 02 0.870000 -0.443781 1.135540 -0.522789 494 128272 
02 280 05 40 03 0.940000 0.337181 1.185639 0.493051 478 128750 
02 281 05 41 04 1.000000 0.269103 0.901756 -0.030066 419 129170 
02 282 05 42 01 0.200000 -0.021818 0.834958 -0.028564 500 129670 
02 283 05 43 03 0.940000 -0.732652 1.486224 -0.640475 492 130162 
02 284 05 44 03 0.940000 -0.449046 1.085446 -0.651077 463 130625 
02 285 05 45 03 0.940000 -0.065669 1.619819 -0.197396 484 131110 
02 286 05 46 04 1.000000 0.324476 3.774003 0.214685 489 131599 
02 287 05 47 03 0.940000 0.159605 1.319231 0.364614 462 132061 
02 288 05 48 03 0.940000 0.246843 1.085448 0.152101 492 132553 
02 289 05 49 01 0.200000 0.498369 1.202338 0.452154 498 133051 
02 290 05 50 02 0.870000 0.044752 0.834957 -0.015266 497 133548 
02 291 05 51 03 0.940000 0.341250 1.052043 0.428406 493 134041 
02 292 05 52 04 1.000000 0.045952 0.718066 -0.006410 498 134539 
02 293 05 53 04 1.000000 -0.135920 0.751468 0.000000 483 135022 
02 294 05 54 02 0.870000 -0.230632 1.235734 -0.350045 487 135509 
02 295 05 55 01 0.200000 0.311959 1.052047 0.315354 500 136009 
02 296 05 56 01 0.200000 0.121224 0.901751 0.070306 498 136507 
02 297 05 57 02 0.870000 -0.147509 1.118844 -0.248595 491 136998 
02 298 05 58 02 0.870000 0.179402 0.935147 0.265043 493 137491 
02 299 05 59 04 1.000000 0.205681 0.651267 -0.166332 375 137866 
02 300 05 60 01 0.200000 -0.418527 1.035347 -0.394223 499 138366 
