13 01 01 01 04 1.000000 0.462290 2.805455 -0.010204 299    299 
13 02 01 02 04 1.000000 0.498472 3.022544 -0.178093  88    387 
13 03 01 03 01 0.200000 -0.437425 2.070694 -0.589861 479    866 
13 04 01 04 04 1.000000 0.308763 1.269135 0.830011 255   1121 
13 05 01 05 01 0.200000 0.104254 1.770109 0.144442 499   1620 
13 06 01 06 03 0.940000 0.178323 1.419427 -0.375462 224   1844 
13 07 01 07 03 0.940000 0.043146 3.189534 -0.196122 448   2292 
13 08 01 08 01 0.200000 -0.094498 1.887001 -0.185753 493   2785 
13 09 01 09 02 0.870000 0.005428 2.655162 -0.024870 499   3284 
13 10 01 10 04 1.000000 0.213036 1.669914 -0.248032 309   3593 
13 11 01 11 03 0.940000 -0.153309 1.686613 -0.274910 487   4079 
13 12 01 12 03 0.940000 -0.088735 1.352630 -0.159137 496   4575 
13 13 01 13 04 1.000000 -0.593122 2.154189 1.055834 -1947   2628 
13 14 01 14 02 0.870000 0.270665 1.519620 0.257618 500   3127 
13 15 01 15 02 0.870000 -0.229555 1.402728 -0.434086 462   3590 
13 16 01 16 01 0.200000 0.078951 1.586418 0.185348 490   4080 
13 17 01 17 03 0.940000 -0.704847 2.204283 -0.681427 500   4579 
13 18 01 18 02 0.870000 0.086157 1.786808 0.110657 499   5079 
13 19 01 19 04 1.000000 -0.091834 1.569720 -0.361441 435   5513 
13 20 01 20 01 0.200000 -0.450661 2.638463 -0.430693 500   6013 
13 21 01 21 03 0.940000 -0.247582 1.703310 -0.534955 426   6438 
13 22 01 22 04 1.000000 0.079065 1.068746 0.014492 496   6935 
13 23 01 23 03 0.940000 0.106811 1.419427 -0.044842 479   7414 
13 24 01 24 03 0.940000 0.196986 1.452822 0.225891 499   7913 
13 25 01 25 02 0.870000 -0.303981 1.269133 -0.394791 493   8406 
13 26 01 26 01 0.200000 -0.269089 1.352629 -0.262747 500   8906 
13 27 01 27 02 0.870000 0.130646 1.335932 0.106736 499   9405 
13 28 01 28 01 0.200000 0.746397 1.285832 0.721655 499   9905 
13 29 01 29 04 1.000000 0.082270 1.619820 -0.166156 444  10349 
13 30 01 30 01 0.200000 -0.621964 1.753408 -0.611254 500  10849 
13 31 01 31 04 1.000000 0.097910 1.118843 0.037250 497  11346 
13 32 01 32 02 0.870000 0.280550 1.669912 0.390947 489  11835 
13 33 01 33 01 0.200000 0.126576 1.753409 0.168597 498  12333 
13 34 01 34 04 1.000000 0.332411 1.419426 -0.078271 348  12681 
13 35 01 35 01 0.200000 -0.381952 1.419427 -0.428039 498  13180 
13 36 01 36 03 0.940000 -0.617099 2.170887 -0.561922 497  13677 
13 37 01 37 02 0.870000 -0.233140 1.335929 -0.131187 491  14167 
13 38 01 38 01 0.200000 -0.366607 1.369331 -0.475174 489  14657 
13 39 01 39 03 0.940000 -0.332331 2.838845 0.290402 151  14808 
13 40 01 40 03 0.940000 0.139960 1.903701 -0.084455 455  15262 
13 41 01 41 02 0.870000 -0.198494 1.770108 -0.313276 488  15751 
13 42 01 42 04 1.000000 0.661278 1.669914 0.687269 499  16250 
13 43 01 43 01 0.200000 -0.058865 1.068744 -0.131315 495  16745 
13 44 01 44 03 0.940000 -0.207697 1.836905 0.410911 156  16901 
13 45 01 45 02 0.870000 -0.291078 0.935147 -0.339293 498  17399 
13 46 01 46 01 0.200000 -0.172211 1.720011 -0.197396 499  17898 
13 47 01 47 01 0.200000 0.370991 1.352633 0.370891 500  18398 
13 48 01 48 01 0.200000 -0.106060 1.219037 -0.232557 486  18884 
13 49 01 49 01 0.200000 0.016103 1.519613 0.019865 500  19384 
13 50 01 50 04 1.000000 -0.720774 1.770108 -1.018377 420  19804 
13 51 01 51 02 0.870000 -0.091459 2.237684 0.531429 151  19955 
13 52 01 52 02 0.870000 -0.076431 0.885057 -0.068386 500  20455 
13 53 01 53 03 0.940000 0.140195 1.369319 0.425543 427  20882 
13 54 01 54 04 1.000000 -0.480421 1.068746 -0.179853 419  21300 
13 55 01 55 03 0.940000 -0.610960 1.369329 -0.520728 493  21793 
13 56 01 56 02 0.870000 0.414261 1.519621 0.385494 499  22292 
13 57 01 57 04 1.000000 -0.157946 1.469525 0.385494 234  22526 
13 58 01 58 04 1.000000 0.354160 1.102142 0.406747 498  23024 
13 59 01 59 02 0.870000 -0.168424 1.553019 -0.186689 500  23524 
13 60 01 60 03 0.940000 -0.463833 1.887003 -0.244979 457  23981 
13 61 02 01 03 0.940000 -0.077304 0.851656 -0.192813 488  24468 
13 62 02 02 04 1.000000 0.056887 1.486213 0.756835  59  24528 
13 63 02 03 02 0.870000 -0.219396 1.703312 -0.303644 494  25021 
13 64 02 04 04 1.000000 -0.692210 1.836905 0.482221 -741  24280 
13 65 02 05 03 0.940000 0.046560 1.436123 0.228799 470  24750 
13 66 02 06 02 0.870000 0.110168 1.202339 0.163423 497  25247 
13 67 02 07 03 0.940000 -0.005623 1.553020 0.523472 248  25495 
13 68 02 08 02 0.870000 0.458452 1.469525 0.256625 463  25959 
13 69 02 09 02 0.870000 -0.597149 1.369327 -0.653169 497  26456 
13 70 02 10 03 0.940000 0.028250 0.951852 0.090231 497  26952 
13 71 02 11 02 0.870000 -0.119287 1.118842 -0.185753 496  27449 
13 72 02 12 02 0.870000 0.278463 0.818257 0.289354 500  27948 
13 73 02 13 03 0.940000 0.588323 1.502923 0.328120 439  28387 
13 74 02 14 01 0.200000 0.040691 1.152241 0.034469 500  28887 
13 75 02 15 04 1.000000 0.245017 1.619817 0.589776 393  29280 
13 76 02 16 01 0.200000 -0.218422 1.953798 -0.226273 500  29780 
13 77 02 17 01 0.200000 -0.082842 0.951852 -0.113603 499  30280 
13 78 02 18 04 1.000000 0.286330 1.653213 -0.871160 -706  29574 
13 79 02 19 02 0.870000 0.594118 1.619816 0.381720 459  30033 
13 80 02 20 01 0.200000 -0.050836 0.985251 -0.109241 497  30530 
13 81 02 21 04 1.000000 -0.444113 2.337878 -0.013157 333  30863 
13 82 02 22 04 1.000000 -0.041751 1.770107 0.600541 129  30992 
13 83 02 23 01 0.200000 -0.143463 1.335931 -0.236618 492  31484 
13 84 02 24 04 1.000000 0.188137 2.788756 -0.126706 411  31895 
13 85 02 25 04 1.000000 -0.352043 1.502923 -0.442374 493  32387 
13 86 02 26 03 0.940000 0.124978 1.152242 0.079542 498  32885 
13 87 02 27 03 0.940000 0.157524 1.736707 -0.154780 412  33298 
13 88 02 28 03 0.940000 0.475502 1.569720 0.095252 370  33667 
13 89 02 29 04 1.000000 0.846638 1.519622 -0.315616 -716  32952 
13 90 02 30 01 0.200000 0.747854 1.937100 0.733652 500  33452 
13 91 02 31 02 0.870000 0.144919 1.720012 0.158655 500  33951 
13 92 02 32 03 0.940000 -0.468397 1.770110 -0.486243 500  34451 
13 93 02 33 04 1.000000 0.077856 2.003897 0.088807 500  34951 
13 94 02 34 02 0.870000 0.479638 1.586417 0.528528 498  35449 
13 95 02 35 04 1.000000 0.352411 2.772057 -0.547027 -228  35221 
13 96 02 36 04 1.000000 -0.095291 1.436125 -0.685256 187  35408 
13 97 02 37 04 1.000000 0.167819 1.202337 0.027390 482  35890 
13 98 02 38 03 0.940000 0.061496 1.202337 -0.179216 448  36338 
13 99 02 39 03 0.940000 0.182430 1.102143 0.115916 496  36834 
13 100 02 40 02 0.870000 -0.660559 1.720011 -0.655248 500  37334 
13 101 02 41 04 1.000000 0.048105 1.319233 0.411577 381  37715 
13 102 02 42 03 0.940000 -0.011198 0.918453 0.258953 434  38149 
13 103 02 43 02 0.870000 -0.016869 1.519622 -0.013071 500  38649 
13 104 02 44 02 0.870000 -0.215764 1.135542 -0.369769 479  39128 
13 105 02 45 03 0.940000 -0.143714 0.985248 -0.136643 500  39628 
13 106 02 46 01 0.200000 -0.541151 2.571667 -0.544864 500  40128 
13 107 02 47 04 1.000000 -0.041104 1.669914 0.385494 336  40464 
13 108 02 48 03 0.940000 -0.517817 0.784861 -0.321751 465  40929 
13 109 02 49 03 0.940000 0.003423 2.271083 -0.027020 499  41428 
13 110 02 50 04 1.000000 -0.037853 0.918455 0.434086 300  41728 
13 111 02 51 03 0.940000 -0.177245 1.285832 -0.119429 497  42225 
13 112 02 52 02 0.870000 -0.406439 1.519621 -0.369769 499  42724 
13 113 02 53 04 1.000000 -1.005919 1.202339 0.006493 -422  42301 
13 114 02 54 01 0.200000 0.124670 1.018649 0.164075 499  42800 
13 115 02 55 02 0.870000 0.533868 1.703312 0.452154 494  43294 
13 116 02 56 02 0.870000 -0.231537 1.235736 -0.358771 485  43779 
13 117 02 57 01 0.200000 -0.229411 1.386029 -0.280108 498  44277 
13 118 02 58 04 1.000000 -0.093283 3.222934 -0.691750 178  44455 
13 119 02 59 04 1.000000 0.034379 1.052046 -0.050272 494  44948 
13 120 02 60 02 0.870000 -0.011747 1.235737 -0.092329 494  45442 
13 121 03 01 03 0.940000 0.588299 1.118842 0.564084 499  45942 
13 122 03 02 02 0.870000 -0.262477 1.001950 -0.205127 497  46439 
13 123 03 03 03 0.940000 -0.137771 1.118842 0.014598 479  46918 
13 124 03 04 04 1.000000 -0.776081 1.619816 -0.087824  74  46992 
13 125 03 05 01 0.200000 -0.321609 1.335931 -0.376640 497  47489 
13 126 03 06 03 0.940000 0.675198 0.834958 0.659536 500  47989 
13 127 03 07 03 0.940000 -0.522214 1.202338 -0.543705 500  48488 
13 128 03 08 04 1.000000 -0.269436 3.506819 0.747680 -431  48057 
13 129 03 09 02 0.870000 0.536110 1.068745 0.343969 467  48524 
13 130 03 10 03 0.940000 -0.400018 1.920399 -0.420991 500  49024 
13 131 03 11 01 0.200000 0.379654 2.120790 0.370891 500  49523 
13 132 03 12 01 0.200000 -0.094510 1.052045 -0.158384 496  50020 
13 133 03 13 01 0.200000 0.006950 1.152240 0.014492 500  50520 
13 134 03 14 02 0.870000 -0.398800 1.636516 -0.482513 494  51013 
13 135 03 15 02 0.870000 0.071279 1.686613 0.549153 294  51308 
13 136 03 16 02 0.870000 -0.144567 1.536322 -0.310998 475  51783 
13 137 03 17 01 0.200000 -0.266616 1.653215 -0.333028 496  52279 
13 138 03 18 04 1.000000 -0.069749 1.903702 0.625167  65  52344 
13 139 03 19 02 0.870000 0.353177 1.569720 0.290833 497  52841 
13 140 03 20 01 0.200000 -0.266586 1.720009 -0.353997 493  53334 
13 141 03 21 03 0.940000 -0.410811 1.152239 -0.300920 489  53823 
13 142 03 22 02 0.870000 0.114970 0.985248 0.273290 477  54301 
13 143 03 23 03 0.940000 0.226533 1.235737 0.278300 498  54798 
13 144 03 24 01 0.200000 -0.057730 1.285834 -0.114877 497  55295 
13 145 03 25 03 0.940000 -0.793198 1.386028 -0.656123 483  55778 
13 146 03 26 04 1.000000 -0.118941 1.452825 0.616711  13  55791 
13 147 03 27 04 1.000000 -0.178896 1.519620 -0.294617 488  56279 
13 148 03 28 04 1.000000 -0.016302 1.653215 -0.150576 484  56763 
13 149 03 29 02 0.870000 0.615457 1.219038 0.426048 468  57231 
13 150 03 30 03 0.940000 0.634993 1.302531 0.729900 492  57723 
13 151 03 31 03 0.940000 -0.180666 1.001949 -0.100381 494  58217 
13 152 03 32 04 1.000000 0.149551 3.657111 -0.545475  65  58282 
13 153 03 33 02 0.870000 -0.013063 1.369330 0.014598 499  58781 
13 154 03 34 01 0.200000 -0.790664 2.170888 -0.864441 495  59276 
13 155 03 35 01 0.200000 -0.834860 1.452824 -0.699193 483  59760 
13 156 03 36 04 1.000000 0.373180 2.354580 0.188018 469  60229 
13 157 03 37 04 1.000000 0.078124 1.285833 0.486603 350  60579 
13 158 03 38 01 0.200000 0.871892 1.753410 0.759317 489  61067 
13 159 03 39 02 0.870000 0.082267 2.087392 0.150538 496  61563 
13 160 03 40 04 1.000000 -0.617472 1.068746 -0.118757 276  61839 
13 161 03 41 04 1.000000 -0.455104 1.035347 -0.025635 334  62173 
13 162 03 42 04 1.000000 -0.110438 1.118843 0.452475 215  62388 
13 163 03 43 03 0.940000 -0.294196 1.953799 -0.241200 497  62886 
13 164 03 44 02 0.870000 -0.842898 1.937098 -0.675839 475  63361 
13 165 03 45 04 1.000000 -0.071867 1.920400 0.525068 179  63540 
13 166 03 46 03 0.940000 -0.110572 1.703309 0.469878 197  63737 
13 167 03 47 04 1.000000 -0.570316 1.720009 0.446842 -431  63306 
13 168 03 48 03 0.940000 0.054195 0.768158 -0.149560 463  63768 
13 169 03 49 03 0.940000 -0.255270 1.770109 -1.004569  -5  63763 
13 170 03 50 04 1.000000 0.016915 1.018648 0.212938 465  64228 
13 171 03 51 02 0.870000 -0.284037 1.219037 -0.382673 491  64719 
13 172 03 52 01 0.200000 0.273780 0.951851 0.317798 498  65218 
13 173 03 53 02 0.870000 -0.199021 1.285835 -0.335024 483  65701 
13 174 03 54 04 1.000000 0.033123 2.154190 0.255383 456  66157 
13 175 03 55 02 0.870000 -0.347476 1.920399 -0.418901 495  66652 
13 176 03 56 03 0.940000 -0.291540 1.402729 -0.226799 496  67148 
13 177 03 57 01 0.200000 0.003951 1.486224 -0.034668 499  67647 
13 178 03 58 03 0.940000 -0.254582 1.302533 -0.169588 493  68140 
13 179 03 59 02 0.870000 0.652965 1.135541 0.622671 499  68640 
13 180 03 60 04 1.000000 0.038450 1.319232 -0.069655 489  69129 
13 181 04 01 02 0.870000 -0.341101 1.219037 -0.283221 497  69626 
13 182 04 02 04 1.000000 -0.127418 1.219037 0.206939 399  70025 
13 183 04 03 03 0.940000 0.083959 0.851657 -0.041153 486  70511 
13 184 04 04 03 0.940000 0.199025 1.068745 0.428538 453  70964 
13 185 04 05 01 0.200000 -0.051327 1.185638 -0.096089 498  71462 
13 186 04 06 04 1.000000 -0.195485 1.135542 0.176938 375  71837 
13 187 04 07 02 0.870000 0.229174 1.185639 0.280957 498  72335 
13 188 04 08 02 0.870000 0.135870 1.085446 0.083637 498  72832 
13 189 04 09 01 0.200000 -0.387762 1.820205 -0.458228 496  73328 
13 190 04 10 04 1.000000 -0.308280 0.918459 0.122669 333  73661 
13 191 04 11 02 0.870000 -0.702950 1.553020 -0.567141 483  74144 
13 192 04 12 04 1.000000 -0.380414 1.185639 0.385494 -28  74116 
13 193 04 13 02 0.870000 0.221121 0.968555 0.167339 497  74614 
13 194 04 14 02 0.870000 -0.037284 1.135542 0.006757 498  75112 
13 195 04 15 02 0.870000 0.269373 0.935152 0.129703 482  75594 
13 196 04 16 01 0.200000 0.072504 1.269132 0.081216 500  76094 
13 197 04 17 04 1.000000 0.441481 1.269135 0.099013 394  76489 
13 198 04 18 03 0.940000 -0.290865 1.252436 -0.277562 500  76989 
13 199 04 19 01 0.200000 -0.219791 1.335930 -0.265131 498  77487 
13 200 04 20 01 0.200000 0.274594 1.853604 0.213823 497  77983 
13 201 04 21 03 0.940000 -0.069226 1.686612 -0.375961 415  78399 
13 202 04 22 04 1.000000 0.108061 1.419426 0.082288 499  78898 
13 203 04 23 02 0.870000 0.450440 1.102144 0.365602 494  79392 
13 204 04 24 04 1.000000 0.467549 0.768161 -0.096253 214  79606 
13 205 04 25 01 0.200000 0.397751 1.118843 0.390991 500  80106 
13 206 04 26 02 0.870000 -0.333489 1.519621 -0.554876 456  80561 
13 207 04 27 01 0.200000 -0.316506 1.135543 -0.295752 500  81061 
13 208 04 28 03 0.940000 -0.172823 1.202336 0.012578 469  81530 
13 209 04 29 01 0.200000 -0.011480 0.951852 0.000000 500  82030 
13 210 04 30 01 0.200000 -0.005746 1.402726 0.007299 500  82530 
13 211 04 31 04 1.000000 0.443088 2.271082 0.435791 500  83030 
13 212 04 32 03 0.940000 -0.253624 1.185639 -0.479519 454  83484 
13 213 04 33 03 0.940000 -0.117290 1.185640 -0.188222 495  83979 
13 214 04 34 03 0.940000 0.503645 1.152240 0.428961 495  84474 
13 215 04 35 01 0.200000 -0.382862 2.220986 -0.511659 485  84959 
13 216 04 36 03 0.940000 0.139509 1.386029 -0.414757 224  85183 
13 217 04 37 03 0.940000 0.173873 1.252436 -0.458153 140  85323 
13 218 04 38 01 0.200000 0.280923 1.319232 0.305879 499  85823 
13 219 04 39 02 0.870000 -0.074586 1.553020 -0.539261 306  86129 
13 220 04 40 01 0.200000 -0.295793 1.035347 -0.264122 499  86628 
13 221 04 41 02 0.870000 -0.427267 1.335930 -0.396441 499  87127 
13 222 04 42 01 0.200000 -0.180513 1.085445 -0.199754 500  87626 
13 223 04 43 03 0.940000 -0.368467 0.968552 -0.255182 488  88115 
13 224 04 44 02 0.870000 -0.627223 1.085444 -0.620249 500  88615 
13 225 04 45 03 0.940000 0.093518 1.068747 0.044842 498  89113 
13 226 04 46 02 0.870000 0.611042 1.803509 0.460959 480  89592 
13 227 04 47 03 0.940000 -0.120804 0.935151 -0.100722 500  90092 
13 228 04 48 01 0.200000 -0.251358 0.951851 -0.259226 500  90592 
13 229 04 49 03 0.940000 0.201960 1.185636 0.463648 438  91030 
13 230 04 50 01 0.200000 0.116431 0.901754 0.141897 499  91530 
13 231 04 51 03 0.940000 -0.273532 1.135543 -0.582488 414  91944 
13 232 04 52 04 1.000000 -0.318765 1.419428 0.105489 338  92282 
13 233 04 53 01 0.200000 0.476361 1.352630 0.442693 499  92781 
13 234 04 54 01 0.200000 -0.235279 1.001949 -0.265043 499  93280 
13 235 04 55 01 0.200000 0.078826 1.369330 0.116709 499  93779 
13 236 04 56 02 0.870000 0.328166 1.586418 -1.034650 -1172  92607 
13 237 04 57 03 0.940000 -0.193308 1.001949 -0.442374 444  93051 
13 238 04 58 01 0.200000 0.634052 1.102140 0.533954 491  93542 
13 239 04 59 01 0.200000 -0.227111 2.104091 -0.304645 495  94037 
13 240 04 60 03 0.940000 0.018038 1.102142 0.244979 454  94491 
13 241 05 01 02 0.870000 -0.049384 0.868358 -0.045654 500  94991 
13 242 05 02 01 0.200000 0.368186 1.486220 0.355137 500  95490 
13 243 05 03 03 0.940000 -0.519121 1.402728 -0.552494 499  95989 
13 244 05 04 04 1.000000 -0.569849 0.951853 -0.030558 238  96228 
13 245 05 05 03 0.940000 0.364081 1.352629 0.231382 484  96712 
13 246 05 06 01 0.200000 -0.168795 1.152242 -0.175020 500  97212 
13 247 05 07 04 1.000000 -0.353616 1.052050 -0.416898 496  97708 
13 248 05 08 01 0.200000 0.533542 1.402729 0.604699 495  98204 
13 249 05 09 04 1.000000 0.499739 1.502924 -0.130982 142  98346 
13 250 05 10 04 1.000000 -0.019073 3.456722 0.059712 494  98840 
13 251 05 11 02 0.870000 0.113784 1.068746 0.087028 499  99339 
13 252 05 12 04 1.000000 0.336407 2.471474 -0.421233 -17  99323 
13 253 05 13 04 1.000000 -0.312814 0.851655 -0.342156 499  99822 
13 254 05 14 02 0.870000 0.189916 0.918452 0.101689 493 100315 
13 255 05 15 01 0.200000 -0.266099 1.386028 -0.282756 500 100815 
13 256 05 16 01 0.200000 0.425237 1.102145 0.390607 499 101314 
13 257 05 17 03 0.940000 0.374181 1.102145 -0.430021 -82 101232 
13 258 05 18 02 0.870000 0.038272 0.935151 0.202845 476 101707 
13 259 05 19 01 0.200000 -0.147539 1.001947 -0.229038 494 102201 
13 260 05 20 02 0.870000 0.032029 1.285834 0.147078 488 102689 
13 261 05 21 01 0.200000 -0.128286 1.352630 -0.195281 496 103185 
13 262 05 22 04 1.000000 0.758876 1.502923 0.484173 432 103617 
13 263 05 23 01 0.200000 -0.036313 1.135543 -0.138959 491 104108 
13 264 05 24 03 0.940000 -0.305638 1.469524 -0.301158 500 104608 
13 265 05 25 03 0.940000 -0.038738 1.068742 0.368446 351 104959 
13 266 05 26 02 0.870000 0.133284 0.885057 0.063867 496 105454 
13 267 05 27 03 0.940000 -0.711794 1.319233 -0.636744 495 105949 
13 268 05 28 01 0.200000 0.151451 0.885054 0.204877 497 106447 
13 269 05 29 02 0.870000 -0.031346 1.202337 -0.049343 500 106946 
13 270 05 30 03 0.940000 0.529792 2.220983 0.017750 264 107210 
13 271 05 31 04 1.000000 -0.116789 1.001949 0.312742 334 107544 
13 272 05 32 02 0.870000 -0.235525 1.018648 -0.367174 484 108029 
13 273 05 33 01 0.200000 0.327781 1.085443 0.246496 494 108523 
13 274 05 34 02 0.870000 -0.530990 1.185638 -0.502302 499 109022 
13 275 05 35 02 0.870000 -0.019213 1.987198 -0.165149 481 109503 
13 276 05 36 03 0.940000 -0.528670 1.252438 -0.615340 493 109996 
13 277 05 37 04 1.000000 -0.329685 0.951852 -0.643501 411 110408 
13 278 05 38 01 0.200000 -0.501982 1.352628 -0.502843 500 110908 
13 279 05 39 01 0.200000 -0.377992 1.202336 -0.413999 499 111406 
13 280 05 40 02 0.870000 0.011436 1.035347 -0.215195 454 111860 
13 281 05 41 03 0.940000 -0.002131 1.185639 -0.653128 119 111979 
13 282 05 42 03 0.940000 0.172879 1.285834 -0.051092 455 112434 
13 283 05 43 01 0.200000 -0.020537 1.419426 -0.027617 500 112934 
13 284 05 44 01 0.200000 -0.302790 1.502927 -0.356501 497 113431 
13 285 05 45 02 0.870000 -0.657284 1.469518 -0.547440 489 113920 
13 286 05 46 01 0.200000 -0.529804 1.386028 -0.636965 490 114410 
13 287 05 47 04 1.000000 -0.094369 1.335931 0.515710 165 114575 
13 288 05 48 01 0.200000 0.200165 1.703310 0.174672 499 115074 
13 289 05 49 01 0.200000 -0.014112 1.970498 -0.006289 500 115574 
13 290 05 50 02 0.870000 -0.396240 0.784862 -0.547562 479 116054 
13 291 05 51 04 1.000000 -0.200156 1.686612 0.538044  10 116063 
13 292 05 52 02 0.870000 -0.162038 1.202339 -0.101006 497 116560 
13 293 05 53 02 0.870000 0.225658 1.168946 0.315970 493 117052 
13 294 05 54 04 1.000000 0.254522 1.118843 -0.450661  52 117105 
13 295 05 55 04 1.000000 0.144887 1.068739 0.175020 499 117604 
13 296 05 56 01 0.200000 -0.238742 1.302534 -0.297562 497 118101 
13 297 05 57 04 1.000000 -0.628226 2.271083 -0.040440 189 118290 
13 298 05 58 02 0.870000 -0.494385 1.219032 -0.656923 476 118766 
13 299 05 59 04 1.000000 0.469070 0.918453 0.318088 479 119246 
13 300 05 60 03 0.940000 -0.058048 2.538269 0.246210 417 119662 
