24 01 01 01 02 0.870000 0.328512 2.006151 0.586061 440    440 
24 02 01 02 01 0.200000 0.375948 1.822257 0.292713 494    934 
24 03 01 03 02 0.870000 0.007013 1.437745 -0.030294 499   1432 
24 04 01 04 01 0.200000 0.496576 1.588203 0.557124 497   1929 
24 05 01 05 03 0.940000 -0.136428 1.838971 -0.058328 495   2424 
24 06 01 06 01 0.200000 0.070961 1.571483 0.125996 497   2921 
24 07 01 07 02 0.870000 -0.260673 2.842047 -0.531030 434   3355 
24 08 01 08 02 0.870000 0.511380 1.688510 0.325297 469   3824 
24 09 01 09 02 0.870000 0.330985 1.086665 0.418224 493   4317 
24 10 01 10 03 0.940000 0.583542 1.287277 0.343486 448   4765 
24 11 01 11 02 0.870000 0.021885 1.939277 -0.028361 498   5263 
24 12 01 12 01 0.200000 -0.446056 1.989433 -0.489120 498   5761 
24 13 01 13 04 1.000000 0.346766 1.955996 -0.020830 378   6140 
24 14 01 14 03 0.940000 -0.062154 1.354147 -0.261479 464   6604 
24 15 01 15 03 0.940000 -0.052812 1.554766 -0.200286 480   7084 
24 16 01 16 02 0.870000 0.443226 1.671794 0.479775 499   7583 
24 17 01 17 03 0.940000 0.223565 1.320716 -0.029189 443   8026 
24 18 01 18 02 0.870000 0.225528 1.638357 0.362087 483   8509 
24 19 01 19 02 0.870000 0.184025 1.688512 0.203045 500   9008 
24 20 01 20 04 1.000000 0.004972 1.354152 0.030066 499   9508 
24 21 01 21 02 0.870000 0.562614 1.939279 0.549853 500  10008 
24 22 01 22 04 1.000000 -0.145802 1.989434 -0.101347 498  10506 
24 23 01 23 02 0.870000 -0.287237 1.303997 -0.420663 484  10990 
24 24 01 24 03 0.940000 -0.404318 1.471176 -0.326255 495  11484 
24 25 01 25 04 1.000000 0.160895 1.688503 -0.097591 440  11924 
24 26 01 26 02 0.870000 -0.353747 1.287281 -0.501013 480  12405 
24 27 01 27 03 0.940000 0.394241 1.153537 0.586154 467  12872 
24 28 01 28 03 0.940000 0.120592 1.186972 -0.022723 482  13353 
24 29 01 29 04 1.000000 0.096118 1.303999 0.080120 500  13853 
24 30 01 30 02 0.870000 -0.284086 2.591278 -0.460390 472  14325 
24 31 01 31 02 0.870000 -0.357472 2.156614 -0.438731 494  14819 
24 32 01 32 02 0.870000 0.337176 1.688505 0.288587 498  15317 
24 33 01 33 02 0.870000 -0.167356 2.390662 0.246721 346  15663 
24 34 01 34 03 0.940000 -0.443113 1.604921 -0.390607 498  16160 
24 35 01 35 01 0.200000 -0.159805 1.588204 -0.224711 496  16656 
24 36 01 36 01 0.200000 0.347606 2.290354 0.345002 500  17156 
24 37 01 37 02 0.870000 0.773988 2.892199 0.723621 498  17654 
24 38 01 38 02 0.870000 0.298167 1.170256 0.270153 499  18153 
24 39 01 39 01 0.200000 0.624160 1.421026 0.612538 500  18653 
24 40 01 40 01 0.200000 -0.158897 1.688508 -0.274750 488  19141 
24 41 01 41 03 0.940000 0.053227 1.638355 -0.014285 496  19637 
24 42 01 42 03 0.940000 0.542867 1.086676 0.404892 483  20120 
24 43 01 43 01 0.200000 0.156079 1.437742 0.159473 500  20620 
24 44 01 44 04 1.000000 0.149698 1.671792 0.169985 500  21119 
24 45 01 45 03 0.940000 0.296908 0.952915 0.417571 487  21606 
24 46 01 46 03 0.940000 0.763053 1.621638 0.358771 353  21959 
24 47 01 47 03 0.940000 -0.020824 1.454458 -0.103334 494  22453 
24 48 01 48 04 1.000000 -0.133030 1.571484 0.249470 368  22821 
24 49 01 49 04 1.000000 0.205176 2.106457 0.013792 467  23289 
24 50 01 50 03 0.940000 -0.318539 1.153536 -0.042528 431  23720 
24 51 01 51 04 1.000000 0.031046 1.036512 -0.207131 449  24169 
24 52 01 52 02 0.870000 0.001090 1.387587 -0.014183 500  24669 
24 53 01 53 03 0.940000 0.202404 1.120101 0.014387 468  25137 
24 54 01 54 04 1.000000 0.459465 1.487896 0.222082 449  25586 
24 55 01 55 02 0.870000 -0.200545 1.404305 -0.244979 498  26084 
24 56 01 56 01 0.200000 0.721841 1.755382 0.697542 499  26584 
24 57 01 57 03 0.940000 0.572255 1.872407 0.467311 490  27074 
24 58 01 58 04 1.000000 -0.332095 2.173332 -0.081906 444  27518 
24 59 01 59 04 1.000000 0.008612 2.139893 -0.006757 500  28017 
24 60 01 60 02 0.870000 -0.024947 1.437742 -0.092451 496  28513 
24 61 02 01 03 0.940000 -0.173808 0.986358 -0.059190 488  29001 
24 62 02 02 03 0.940000 0.099543 1.120101 0.162831 496  29498 
24 63 02 03 03 0.940000 -0.537388 1.788817 -0.614312 495  29993 
24 64 02 04 02 0.870000 -0.317928 1.354153 -0.588003 434  30427 
24 65 02 05 01 0.200000 -0.239452 1.788816 -0.262459 500  30926 
24 66 02 06 02 0.870000 -0.127615 1.588203 -0.157769 499  31426 
24 67 02 07 01 0.200000 -0.558990 1.404301 -0.583978 499  31925 
24 68 02 08 01 0.200000 0.160588 1.538049 0.188897 499  32424 
24 69 02 09 02 0.870000 -0.204244 2.290356 -0.469977 436  32861 
24 70 02 10 02 0.870000 -0.163183 1.069946 -0.194480 499  33360 
24 71 02 11 02 0.870000 -0.369127 1.588202 -0.495383 486  33846 
24 72 02 12 03 0.940000 -0.799971 2.056306 -0.674741 486  34331 
24 73 02 13 03 0.940000 -0.186484 1.588204 -0.615253 335  34666 
24 74 02 14 04 1.000000 -0.012823 1.203689 -0.013244 500  35166 
24 75 02 15 04 1.000000 -0.618887 1.822254 0.007519 147  35313 
24 76 02 16 04 1.000000 -0.573556 1.588201 -0.069333 271  35584 
24 77 02 17 02 0.870000 0.004240 2.073022 -0.026484 499  36083 
24 78 02 18 02 0.870000 -0.036626 1.671796 -0.006944 499  36582 
24 79 02 19 04 1.000000 0.067436 2.524406 -0.016948 494  37076 
24 80 02 20 02 0.870000 -0.015209 1.788818 0.000000 500  37576 
24 81 02 21 02 0.870000 -0.149851 1.705228 -0.155452 500  38076 
24 82 02 22 03 0.940000 0.334173 2.206765 0.460590 486  38561 
24 83 02 23 01 0.200000 -0.104184 1.421025 -0.163014 497  39058 
24 84 02 24 02 0.870000 0.325046 1.621639 0.435084 489  39547 
24 85 02 25 02 0.870000 0.525028 1.538039 0.658631 484  40031 
24 86 02 26 01 0.200000 0.114258 1.705229 0.151828 499  40530 
24 87 02 27 03 0.940000 0.414866 1.036512 0.391700 500  41029 
24 88 02 28 04 1.000000 -0.194305 0.986356 -0.006896 468  41498 
24 89 02 29 03 0.940000 -0.569341 2.323789 -0.535420 499  41997 
24 90 02 30 01 0.200000 -0.030611 1.387588 -0.020545 500  42497 
24 91 02 31 04 1.000000 -0.561137 0.969640 -0.104513 312  42809 
24 92 02 32 01 0.200000 -0.365768 1.588201 -0.403116 499  43308 
24 93 02 33 03 0.940000 0.212271 1.588200 0.272749 497  43805 
24 94 02 34 01 0.200000 0.037589 1.638359 0.052583 500  44304 
24 95 02 35 03 0.940000 0.061282 1.521332 0.182168 487  44791 
24 96 02 36 02 0.870000 0.995844 1.253844 0.790093 462  45253 
24 97 02 37 04 1.000000 0.106253 2.190050 0.292056 469  45722 
24 98 02 38 01 0.200000 0.298336 2.641431 0.313938 500  46222 
24 99 02 39 03 0.940000 0.816194 1.170254 0.674741 482  46704 
24 100 02 40 04 1.000000 -0.044548 1.554765 0.051050 492  47196 
24 101 02 41 02 0.870000 -0.263201 2.006149 -0.262459 500  47696 
24 102 02 42 04 1.000000 0.242300 1.454457 0.007463 450  48146 
24 103 02 43 02 0.870000 0.308621 1.471176 0.229463 494  48640 
24 104 02 44 01 0.200000 -0.190679 1.588202 -0.221650 499  49139 
24 105 02 45 03 0.940000 0.660979 2.206766 0.554876 490  49629 
24 106 02 46 04 1.000000 0.194307 2.273637 0.124355 496  50125 
24 107 02 47 03 0.940000 -0.040141 1.688506 0.000000 499  50623 
24 108 02 48 01 0.200000 0.139992 1.404307 0.161543 500  51123 
24 109 02 49 01 0.200000 0.699187 1.905841 0.657889 498  51621 
24 110 02 50 02 0.870000 0.068179 1.186972 0.147078 494  52116 
24 111 02 51 02 0.870000 -0.125304 1.922562 -0.165149 499  52614 
24 112 02 52 02 0.870000 -0.082121 1.755380 -0.066568 500  53114 
24 113 02 53 03 0.940000 -0.070665 1.788822 -0.089982 500  53614 
24 114 02 54 01 0.200000 0.427729 1.755372 0.434902 500  54114 
24 115 02 55 02 0.870000 0.574745 1.655075 0.770474 466  54579 
24 116 02 56 02 0.870000 -0.281460 1.153535 -0.399633 487  55067 
24 117 02 57 01 0.200000 0.567845 1.320710 0.491591 495  55562 
24 118 02 58 01 0.200000 0.118592 1.855689 0.165149 498  56060 
24 119 02 59 03 0.940000 0.762862 1.671793 0.767701 500  56560 
24 120 02 60 04 1.000000 0.188326 1.838971 0.214685 499  57059 
24 121 03 01 01 0.200000 -0.077161 1.487897 -0.102580 499  57558 
24 122 03 02 01 0.200000 -0.287509 1.170255 -0.286830 500  58058 
24 123 03 03 01 0.200000 0.485993 1.872408 0.440625 498  58557 
24 124 03 04 04 1.000000 -0.394814 1.354151 0.000000 360  58916 
24 125 03 05 02 0.870000 0.438330 1.320717 0.404892 499  59415 
24 126 03 06 04 1.000000 0.838928 1.521330 -0.007407 -145  59271 
24 127 03 07 01 0.200000 0.431253 1.671788 0.418949 500  59770 
24 128 03 08 04 1.000000 -0.755293 1.287280 -0.553109 463  60234 
24 129 03 09 03 0.940000 0.767355 2.641429 0.674741 492  60726 
24 130 03 10 01 0.200000 0.079763 1.604921 0.075717 500  61226 
24 131 03 11 04 1.000000 0.253931 1.688511 0.588003 400  61625 
24 132 03 12 04 1.000000 0.153863 1.504613 0.168750 500  62125 
24 133 03 13 01 0.200000 0.182796 1.838971 0.132040 498  62623 
24 134 03 14 03 0.940000 0.616847 1.354152 0.513745 490  63113 
24 135 03 15 04 1.000000 0.109205 1.688509 0.548807 326  63439 
24 136 03 16 02 0.870000 -0.076518 1.320721 -0.091295 500  63939 
24 137 03 17 01 0.200000 0.206225 1.203690 0.255486 498  64437 
24 138 03 18 04 1.000000 0.150366 1.655074 0.204508 497  64934 
24 139 03 19 01 0.200000 -0.377907 1.454458 -0.413689 499  65433 
24 140 03 20 01 0.200000 0.360572 1.721946 0.376328 500  65933 
24 141 03 21 01 0.200000 -0.295597 1.638351 -0.355231 497  66430 
24 142 03 22 01 0.200000 0.072057 1.504613 0.073939 500  66930 
24 143 03 23 02 0.870000 -0.014530 1.370870 -0.272146 440  67370 
24 144 03 24 02 0.870000 0.134498 1.421024 0.302885 474  67845 
24 145 03 25 04 1.000000 -0.062986 2.273635 0.000000 496  68341 
24 146 03 26 03 0.940000 0.341052 1.604920 0.307046 499  68840 
24 147 03 27 01 0.200000 0.297983 1.588203 0.282756 500  69340 
24 148 03 28 02 0.870000 -0.353068 2.240198 -0.470404 488  69827 
24 149 03 29 02 0.870000 -0.382985 1.521331 -0.520910 483  70310 
24 150 03 30 04 1.000000 -0.519807 1.287280 -0.774982 441  70752 
24 151 03 31 02 0.870000 0.457781 1.538049 0.485796 499  71251 
24 152 03 32 01 0.200000 -0.456415 1.604920 -0.440998 500  71751 
24 153 03 33 01 0.200000 0.256230 1.019792 0.260602 500  72251 
24 154 03 34 01 0.200000 -0.224339 1.538047 -0.244979 500  72750 
24 155 03 35 03 0.940000 -0.248430 1.387589 -0.299027 498  73248 
24 156 03 36 04 1.000000 -0.009960 2.206757 0.000000 500  73748 
24 157 03 37 02 0.870000 0.064215 1.354152 0.096000 499  74247 
24 158 03 38 04 1.000000 -0.519353 2.106455 0.000000 257  74504 
24 159 03 39 02 0.870000 0.121412 1.772100 0.214593 492  74997 
24 160 03 40 03 0.940000 -0.292971 2.206758 -0.299415 500  75496 
24 161 03 41 04 1.000000 0.341827 1.170255 -0.006493 391  75887 
24 162 03 42 01 0.200000 -0.388689 1.253844 -0.381640 500  76387 
24 163 03 43 01 0.200000 0.121131 1.270561 0.157769 499  76886 
24 164 03 44 02 0.870000 0.132554 2.959072 0.221851 493  77379 
24 165 03 45 03 0.940000 -0.558683 1.370871 -0.550247 500  77879 
24 166 03 46 01 0.200000 -0.365558 1.588203 -0.364278 500  78379 
24 167 03 47 01 0.200000 0.213071 2.223482 0.228212 500  78879 
24 168 03 48 03 0.940000 -0.483352 0.986358 -0.570926 493  79372 
24 169 03 49 01 0.200000 -0.753779 1.370869 -0.836374 494  79866 
24 170 03 50 03 0.940000 0.633825 1.554767 0.562130 495  80361 
24 171 03 51 04 1.000000 0.252565 1.337437 0.310257 497  80858 
24 172 03 52 03 0.940000 -0.262898 1.437739 -0.286051 500  81357 
24 173 03 53 04 1.000000 -0.164596 1.069948 0.010810 472  81830 
24 174 03 54 04 1.000000 -0.172821 1.504616 -0.006579 475  82305 
24 175 03 55 04 1.000000 0.259319 1.571485 -0.176235 329  82634 
24 176 03 56 01 0.200000 -0.439700 1.621638 -0.404892 499  83133 
24 177 03 57 03 0.940000 0.074193 1.053230 0.352669 430  83563 
24 178 03 58 01 0.200000 0.490212 1.588208 0.414080 495  84058 
24 179 03 59 02 0.870000 -0.108008 1.788819 -0.390991 428  84486 
24 180 03 60 03 0.940000 -0.018422 0.986357 0.067693 493  84979 
24 181 04 01 01 0.200000 0.316114 0.852614 0.296005 500  85479 
24 182 04 02 02 0.870000 0.333846 1.337433 0.366166 499  85978 
24 183 04 03 03 0.940000 -0.523089 1.320715 -0.386337 483  86461 
24 184 04 04 02 0.870000 0.060464 1.153534 0.186223 486  86947 
24 185 04 05 03 0.940000 0.374868 2.006150 0.314758 497  87444 
24 186 04 06 03 0.940000 0.229343 1.136813 0.196031 499  87943 
24 187 04 07 02 0.870000 0.124398 1.370870 0.184543 497  88439 
24 188 04 08 03 0.940000 -0.014983 1.671801 -0.006622 500  88939 
24 189 04 09 02 0.870000 0.350078 2.658150 0.335324 500  89439 
24 190 04 10 01 0.200000 -0.413921 1.253844 -0.405785 500  89939 
24 191 04 11 04 1.000000 0.618700 1.320717 -0.007353 147  90086 
24 192 04 12 03 0.940000 -0.243919 1.354151 -0.298980 497  90584 
24 193 04 13 01 0.200000 -0.089250 1.253844 -0.122756 499  91083 
24 194 04 14 02 0.870000 0.274970 1.253844 0.301158 499  91582 
24 195 04 15 01 0.200000 0.038707 1.136819 0.103334 496  92078 
24 196 04 16 02 0.870000 0.659284 1.253845 0.580205 494  92573 
24 197 04 17 04 1.000000 -0.622568 1.086668 0.000000 151  92724 
24 198 04 18 01 0.200000 -0.028228 1.036512 0.047583 495  93219 
24 199 04 19 01 0.200000 -0.331142 1.220407 -0.354449 500  93718 
24 200 04 20 04 1.000000 0.427655 1.922561 0.654832 454  94172 
24 201 04 21 04 1.000000 0.208426 2.123175 -0.119988 403  94575 
24 202 04 22 04 1.000000 -0.339224 1.471176 0.085881 337  94912 
24 203 04 23 02 0.870000 -0.085122 1.738667 -0.187551 491  95403 
24 204 04 24 01 0.200000 0.148867 1.671790 0.109850 499  95901 
24 205 04 25 03 0.940000 0.012035 1.538050 -0.190263 463  96364 
24 206 04 26 03 0.940000 -0.544232 1.320715 -0.397498 481  96845 
24 207 04 27 01 0.200000 0.715752 1.437740 0.736548 500  97345 
24 208 04 28 04 1.000000 0.045128 2.641431 0.007194 499  97843 
24 209 04 29 04 1.000000 -0.153886 1.237129 0.042918 465  98308 
24 210 04 30 01 0.200000 0.291691 1.404305 0.269473 500  98808 
24 211 04 31 03 0.940000 -0.386587 1.003076 -0.412410 499  99307 
24 212 04 32 02 0.870000 -0.154967 2.156612 -0.282124 485  99793 
24 213 04 33 04 1.000000 -0.008876 1.287280 -0.029842 500 100292 
24 214 04 34 02 0.870000 0.618348 1.153537 0.628332 500 100792 
24 215 04 35 04 1.000000 0.627612 1.069946 -0.014387 129 100921 
24 216 04 36 04 1.000000 0.691309 0.936205 0.213267 294 101216 
24 217 04 37 04 1.000000 -0.326560 1.721947 0.626137 -317 100899 
24 218 04 38 01 0.200000 -0.231743 1.237127 -0.232742 500 101399 
24 219 04 39 04 1.000000 -0.295775 1.521331 0.000000 421 101820 
24 220 04 40 03 0.940000 -0.081189 1.387587 -0.212144 485 102305 
24 221 04 41 01 0.200000 -0.102775 1.370869 -0.123457 500 102804 
24 222 04 42 01 0.200000 0.294743 1.153534 0.291457 500 103304 
24 223 04 43 03 0.940000 -0.578021 1.320713 -0.521834 497 103801 
24 224 04 44 03 0.940000 -0.118223 1.922561 -0.434435 410 104211 
24 225 04 45 03 0.940000 0.696920 1.889122 0.716542 500 104711 
24 226 04 46 04 1.000000 0.223613 1.554768 -0.006944 452 105163 
24 227 04 47 03 0.940000 -0.437914 3.076096 -0.553681 488 105651 
24 228 04 48 04 1.000000 0.075335 1.421023 0.019865 497 106148 
24 229 04 49 03 0.940000 0.075774 1.437740 0.223477 480 106629 
24 230 04 50 01 0.200000 -0.570976 1.103393 -0.537045 499 107128 
24 231 04 51 03 0.940000 0.073235 1.588203 0.277425 462 107590 
24 232 04 52 01 0.200000 0.385768 1.671791 0.281772 490 108080 
24 233 04 53 03 0.940000 -0.047725 1.370879 -0.006944 499 108579 
24 234 04 54 03 0.940000 0.580911 1.454469 0.534270 498 109077 
24 235 04 55 04 1.000000 0.177139 2.373944 0.018291 477 109554 
24 236 04 56 04 1.000000 -0.226291 1.705225 -0.006803 457 110011 
24 237 04 57 03 0.940000 0.505288 1.237125 0.326156 471 110482 
24 238 04 58 03 0.940000 -0.217890 1.253846 -0.448497 452 110934 
24 239 04 59 04 1.000000 0.012675 1.822253 -0.007407 500 111434 
24 240 04 60 02 0.870000 -0.291458 1.688510 -0.463648 473 111907 
24 241 05 01 01 0.200000 0.072374 1.337434 0.168750 492 112399 
24 242 05 02 02 0.870000 0.121429 1.638357 0.169985 498 112897 
24 243 05 03 04 1.000000 0.248882 1.538048 -0.007353 441 113338 
24 244 05 04 03 0.940000 -0.397090 1.571485 -0.403918 500 113838 
24 245 05 05 02 0.870000 0.240619 1.220409 0.315215 495 114333 
24 246 05 06 03 0.940000 -0.384844 1.571486 -0.588003 463 114795 
24 247 05 07 03 0.940000 -0.248416 1.337433 -0.470078 456 115251 
24 248 05 08 04 1.000000 -0.347845 1.788820 -0.007463 396 115647 
24 249 05 09 01 0.200000 -0.419511 1.019790 -0.444722 499 116146 
24 250 05 10 02 0.870000 0.309772 2.006151 0.504166 466 116612 
24 251 05 11 02 0.870000 0.115284 1.237122 0.169985 497 117110 
24 252 05 12 01 0.200000 0.581620 1.086665 0.576075 500 117610 
24 253 05 13 04 1.000000 0.428376 1.972715 -0.086738 261 117871 
24 254 05 14 02 0.870000 0.093598 1.186972 0.271288 472 118342 
24 255 05 15 01 0.200000 0.047654 1.671792 0.099669 498 118840 
24 256 05 16 03 0.940000 0.305723 1.019794 0.379104 495 119335 
24 257 05 17 04 1.000000 0.413659 1.337436 0.339686 495 119830 
24 258 05 18 04 1.000000 0.336993 1.287277 -0.014924 389 120219 
24 259 05 19 02 0.870000 0.395427 1.955996 0.367723 499 120718 
24 260 05 20 01 0.200000 -0.487829 1.237130 -0.444870 498 121216 
24 261 05 21 01 0.200000 0.212403 1.772100 0.194480 500 121716 
24 262 05 22 01 0.200000 0.080915 1.454460 0.108271 499 122215 
24 263 05 23 02 0.870000 -0.173134 1.320716 -0.421871 444 122660 
24 264 05 24 04 1.000000 0.140890 1.588202 0.013605 485 123145 
24 265 05 25 01 0.200000 0.187273 1.454459 0.197396 500 123645 
24 266 05 26 02 0.870000 0.419925 1.538051 0.770015 390 124035 
24 267 05 27 03 0.940000 -0.248024 1.889122 -0.238167 500 124535 
24 268 05 28 04 1.000000 0.243005 1.370869 -0.091766 399 124934 
24 269 05 29 01 0.200000 0.140168 1.421025 0.085319 497 125431 
24 270 05 30 04 1.000000 -0.366635 1.153536 0.026839 361 125792 
24 271 05 31 04 1.000000 -0.093759 1.922561 -0.165149 495 126287 
24 272 05 32 03 0.940000 -0.529225 1.270555 -0.330883 465 126752 
24 273 05 33 02 0.870000 -0.611294 1.120102 -0.659848 498 127250 
24 274 05 34 03 0.940000 0.192191 1.303998 0.319722 485 127735 
24 275 05 35 02 0.870000 -0.779708 1.203692 -0.953995 473 128208 
24 276 05 36 04 1.000000 -0.170021 1.186973 -0.057739 489 128696 
24 277 05 37 03 0.940000 0.049243 1.922561 0.021736 499 129196 
24 278 05 38 04 1.000000 0.330132 1.170255 0.000000 402 129598 
24 279 05 39 01 0.200000 -0.488372 1.521331 -0.422532 496 130094 
24 280 05 40 04 1.000000 0.227854 0.986357 0.013888 459 130552 
24 281 05 41 03 0.940000 0.007872 1.521331 0.072242 496 131049 
24 282 05 42 04 1.000000 0.478060 1.872408 -0.012195 284 131332 
24 283 05 43 03 0.940000 0.592172 1.855690 0.414507 472 131804 
24 284 05 44 01 0.200000 0.384642 1.354152 0.357134 499 132303 
24 285 05 45 02 0.870000 0.132858 1.337434 0.152148 500 132803 
24 286 05 46 04 1.000000 -0.046266 1.237128 0.183799 452 133255 
24 287 05 47 01 0.200000 -0.241107 1.303989 -0.256625 500 133755 
24 288 05 48 01 0.200000 -0.278595 1.120100 -0.283221 500 134255 
24 289 05 49 04 1.000000 0.020689 1.370871 0.000000 500 134755 
24 290 05 50 02 0.870000 0.448923 1.487895 0.438337 500 135255 
24 291 05 51 04 1.000000 0.308079 1.588203 -0.015383 406 135660 
24 292 05 52 02 0.870000 0.104296 1.404312 0.179853 495 136155 
24 293 05 53 01 0.200000 0.444253 1.253844 0.338066 490 136645 
24 294 05 54 04 1.000000 -0.098589 1.153536 -0.022219 495 137140 
24 295 05 55 03 0.940000 -0.393191 0.936203 -0.514721 487 137627 
24 296 05 56 04 1.000000 -0.436536 1.003076 -0.020405 344 137971 
24 297 05 57 02 0.870000 -0.075190 1.253845 -0.207131 484 138455 
24 298 05 58 04 1.000000 -0.474208 1.404307 -0.230668 447 138902 
24 299 05 59 03 0.940000 0.074756 1.337434 0.358025 428 139329 
24 300 05 60 03 0.940000 0.017682 1.454459 0.053640 499 139828 
