12 000 0 01 1.135943 0.719347 0.761403 1.339433 1.320709 0.761403 903.000000 258.000000
12 000 0 02 1.351606 0.490208 0.497892 1.170915 1.170255 0.497892 851.000000 209.000000
12 000 0 03 1.003328 0.357266 0.407868 1.639011 1.638354 0.407868 825.000000 207.000000
12 000 0 04 1.052838 -0.054501 0.013422 2.174031 2.173328 0.013422 724.000000 152.000000
12 000 0 05 1.395098 0.966172 0.892597 1.338046 1.337434 0.892597 931.000000 280.000000
12 000 0 06 1.011621 0.043102 0.094415 1.087299 1.086666 0.094415 745.000000 186.000000
12 000 0 07 1.445390 0.573472 0.615773 1.120776 1.120103 0.615773 870.000000 238.000000
12 000 0 08 1.384827 0.603744 0.723331 1.354767 1.354151 0.723331 886.000000 262.000000
12 000 0 09 1.046681 0.472634 0.544651 1.170902 1.170251 0.544651 846.000000 242.000000
12 000 0 10 1.470457 -0.040061 0.007353 2.123839 2.123175 0.007353 722.000000 178.000000
12 001 1 01 1.400000 0.042176 0.078132 1.538721 1.538045 0.078132 742.000000 169.000000
12 002 1 02 1.650000 -0.129344 -0.224711 1.739304 1.738663 6.058474 656.000000 170.000000
12 003 1 03 1.450000 0.368019 0.417003 1.388223 1.387586 0.417003 821.000000 222.000000
12 004 1 04 0.650000 0.631632 0.706384 1.020452 1.019791 0.706384 877.000000 266.000000
12 005 1 05 1.650000 0.505731 0.530519 1.471831 1.471177 0.530519 869.000000 196.000000
12 006 1 06 1.000000 0.919871 0.835488 1.488552 1.487896 0.835488 919.000000 270.000000
12 007 1 07 1.000000 0.497472 0.606059 0.970385 0.969640 0.606059 860.000000 248.000000
12 008 1 08 1.700000 0.287942 0.356220 1.070601 1.069946 0.356220 816.000000 192.000000
12 009 1 09 1.450000 0.321915 0.369212 1.020483 1.019794 0.369212 809.000000 220.000000
12 010 1 10 0.800000 0.182868 0.321751 1.037153 1.036511 0.321751 794.000000 228.000000
12 011 1 11 0.100000 0.423909 0.064289 1.689129 1.688510 0.064289 735.000000 217.000000
12 012 1 12 1.700000 0.563751 0.579758 1.572118 1.571483 0.579758 849.000000 253.000000
12 013 1 13 0.450000 0.324998 0.367723 1.170942 1.170255 0.367723 814.000000 206.000000
12 014 1 14 0.250000 0.593628 0.177398 1.555387 1.554768 0.177398 765.000000 199.000000
12 015 1 15 0.850000 0.706422 0.668648 1.388310 1.387586 0.668648 863.000000 269.000000
12 016 1 16 1.650000 -0.147395 -0.186643 0.986981 0.986360 6.096542 676.000000 217.000000
12 017 1 17 1.450000 0.124793 0.165149 1.756115 1.755382 0.165149 764.000000 186.000000
12 018 1 18 0.350000 0.015380 -0.306288 1.020477 1.019790 5.976897 646.000000 216.000000
12 019 1 19 1.150000 -0.033420 -0.084414 1.672506 1.671794 6.198771 698.000000 190.000000
12 020 1 20 1.250000 0.006490 -0.024385 1.371502 1.370867 6.258800 714.000000 204.000000
12 021 1 21 0.800000 -0.023695 -0.050355 1.572149 1.571488 6.232830 701.000000 73.000000
12 022 1 22 0.100000 -0.168318 -0.232921 1.304648 1.303996 6.050265 655.000000 176.000000
12 023 1 23 0.900000 -0.398115 -0.366881 1.170937 1.170254 5.916304 632.000000 221.000000
12 024 1 24 0.550000 0.556816 0.607362 0.870020 0.869333 0.607362 859.000000 250.000000
12 025 1 25 0.600000 -0.162340 -0.252844 0.936871 0.936205 6.030342 666.000000 241.000000
12 026 1 26 1.250000 0.370117 0.387148 0.752841 0.752306 0.387148 815.000000 217.000000
12 027 1 27 0.100000 0.345088 -0.347607 0.719523 0.718872 5.935578 645.000000 243.000000
12 028 1 28 1.700000 -0.110574 -0.121997 0.987034 0.986359 6.161189 688.000000 189.000000
12 029 1 29 1.300000 0.252373 0.310852 0.987084 0.986359 0.310852 791.000000 229.000000
12 030 1 30 1.100000 1.015307 1.041766 1.120843 1.120101 1.041766 915.000000 336.000000
12 031 1 31 1.700000 -0.249526 -0.242895 1.137424 1.136818 6.040290 664.000000 224.000000
12 032 1 32 0.300000 -0.452913 -0.371633 1.053865 1.053228 5.911552 644.000000 255.000000
12 033 1 33 1.200000 -0.382878 -0.449035 0.953627 0.952923 5.834150 627.000000 257.000000
12 034 1 34 1.300000 0.722543 0.684052 1.321398 1.320716 0.684052 879.000000 255.000000
12 035 1 35 0.850000 0.603559 0.656212 0.869977 0.869332 0.656212 864.000000 263.000000
12 036 1 36 0.700000 -0.131003 -0.216642 1.053790 1.053229 6.066544 674.000000 241.000000
12 037 1 37 0.450000 0.368292 0.413689 1.321423 1.320715 0.413689 828.000000 204.000000
12 038 1 38 0.000000 0.960288 -0.248170 1.170916 1.170254 6.035015 664.000000 229.000000
12 039 1 39 1.350000 -0.011415 0.008810 1.421702 1.421025 0.008810 722.000000 223.000000
12 040 1 40 1.050000 0.451682 0.556330 1.806267 1.805535 0.556330 868.000000 212.000000
12 041 1 41 1.300000 0.780093 0.744958 1.588879 1.588203 0.744958 886.000000 270.000000
12 042 1 42 0.200000 0.130612 0.506709 0.803104 0.802460 0.506709 841.000000 232.000000
12 043 1 43 0.150000 0.334743 -0.290211 1.020455 1.019790 5.992974 654.000000 229.000000
12 044 1 44 0.150000 -0.229262 0.434670 0.752952 0.752305 0.434670 824.000000 226.000000
12 045 1 45 0.650000 0.120964 0.052583 1.137426 1.136819 0.052583 732.000000 222.000000
12 046 1 46 0.200000 0.320190 -0.387148 1.237741 1.237129 5.896037 625.000000 217.000000
12 047 1 47 1.000000 0.430822 0.428990 1.354795 1.354152 0.428990 822.000000 227.000000
12 048 1 48 0.450000 0.659079 0.564677 1.705869 1.705232 0.564677 860.000000 229.000000
12 049 1 49 0.550000 0.522853 0.636508 1.187686 1.186973 0.636508 856.000000 266.000000
12 050 1 50 0.400000 0.395753 0.435275 0.953600 0.952922 0.435275 833.000000 207.000000
12 051 1 51 0.050000 0.541477 -0.233403 0.803070 0.802459 6.049782 657.000000 185.000000
12 052 1 52 1.650000 0.680040 0.659310 0.635993 0.635282 0.659310 875.000000 250.000000
12 053 1 53 0.800000 0.201446 0.237726 1.404985 1.404306 0.237726 783.000000 190.000000
12 054 1 54 0.950000 -0.099545 -0.188954 2.107101 2.106458 6.094232 672.000000 199.000000
12 055 1 55 1.400000 0.418605 0.370696 1.221053 1.220409 0.370696 816.000000 203.000000
12 056 1 56 1.150000 0.578827 0.579074 0.836548 0.835896 0.579074 839.000000 268.000000
12 057 1 57 0.200000 0.941895 -0.242023 0.920162 0.919483 6.041162 661.000000 211.000000
12 058 1 58 0.250000 0.088699 -0.321751 1.003725 1.003075 5.961435 655.000000 255.000000
12 059 1 59 1.250000 -0.273562 -0.290557 1.404961 1.404304 5.992628 659.000000 246.000000
12 060 1 60 0.200000 0.478895 0.387670 1.204385 1.203687 0.387670 818.000000 210.000000
12 061 2 01 0.100000 0.183501 0.010695 3.611726 3.611073 0.010695 722.000000 263.000000
12 062 2 02 0.400000 0.764429 0.475800 1.287952 1.287277 0.475800 838.000000 221.000000
12 063 2 03 0.450000 0.617057 0.647811 1.187645 1.186968 0.647811 860.000000 265.000000
12 064 2 04 0.000000 0.527381 0.377530 1.254494 1.253846 0.377530 812.000000 218.000000
12 065 2 05 0.050000 0.613338 0.374773 1.321353 1.320717 0.374773 803.000000 239.000000
12 066 2 06 1.400000 0.243645 0.419530 1.187627 1.186978 0.419530 815.000000 237.000000
12 067 2 07 0.750000 -0.001083 0.004237 1.221076 1.220408 0.004237 721.000000 214.000000
12 068 2 08 1.100000 -0.122539 -0.140695 0.836512 0.835895 6.142490 687.000000 217.000000
12 069 2 09 0.950000 0.531180 0.520676 0.836547 0.835897 0.520676 841.000000 239.000000
12 070 2 10 1.450000 0.512458 0.534326 1.137555 1.136818 0.534326 849.000000 232.000000
12 071 2 11 0.400000 -0.245077 -0.211093 0.970333 0.969638 6.072092 669.000000 212.000000
12 072 2 12 1.200000 0.486095 0.513606 0.936858 0.936208 0.513606 830.000000 255.000000
12 073 2 13 0.750000 0.258200 0.256625 0.953545 0.952922 0.256625 794.000000 168.000000
12 074 2 14 0.450000 0.859687 0.469373 1.120826 1.120095 0.469373 826.000000 241.000000
12 075 2 15 1.250000 -0.044548 -0.093742 1.204338 1.203687 6.189444 698.000000 216.000000
12 076 2 16 0.600000 0.310012 0.351031 1.170930 1.170253 0.351031 798.000000 237.000000
12 077 2 17 0.300000 0.309879 0.004255 1.421669 1.421022 0.004255 721.000000 215.000000
12 078 2 18 0.550000 -0.327210 -0.295782 0.702887 0.702156 5.987403 649.000000 217.000000
12 079 2 19 0.600000 0.858106 0.718016 0.920100 0.919486 0.718016 872.000000 276.000000
12 080 2 20 1.350000 0.274069 0.284518 0.987013 0.986357 0.284518 782.000000 238.000000
12 081 2 21 1.500000 0.760624 0.728059 1.003758 1.003073 0.728059 876.000000 275.000000
12 082 2 22 0.950000 0.184117 0.237710 1.471857 1.471177 0.237710 775.000000 223.000000
12 083 2 23 1.400000 0.302170 0.283353 1.254461 1.253845 0.283353 796.000000 189.000000
12 084 2 24 0.650000 0.563141 0.425076 1.037183 1.036512 0.425076 830.000000 207.000000
12 085 2 25 0.250000 0.306499 0.334408 0.886701 0.886051 0.334408 802.000000 214.000000
12 086 2 26 0.600000 0.869850 0.714479 0.886674 0.886049 0.714479 890.000000 254.000000
12 087 2 27 1.400000 0.550377 0.527471 0.869942 0.869332 0.527471 840.000000 244.000000
12 088 2 28 1.050000 0.438200 0.484299 1.321371 1.320716 0.484299 841.000000 220.000000
12 089 2 29 0.300000 -0.558294 -0.273798 1.003720 1.003076 6.009388 654.000000 215.000000
12 090 2 30 1.700000 0.791661 0.744245 1.003821 1.003076 0.744245 883.000000 273.000000
12 091 2 31 0.000000 0.161441 -0.338610 1.154232 1.153536 5.944575 639.000000 220.000000
12 092 2 32 1.500000 0.237294 0.265833 1.053934 1.053229 0.265833 775.000000 248.000000
12 093 2 33 0.200000 0.624375 -0.302627 0.886700 0.886043 5.980558 651.000000 229.000000
12 094 2 34 0.300000 0.359560 0.484478 1.304619 1.303999 0.484478 820.000000 260.000000
12 095 2 35 1.450000 0.667572 0.662563 1.104042 1.103383 0.662563 862.000000 268.000000
12 096 2 36 1.650000 -0.277055 -0.303155 1.137472 1.136816 5.980031 654.000000 239.000000
12 097 2 37 0.050000 0.689633 -0.375400 0.736271 0.735583 5.907785 640.000000 247.000000
12 098 2 38 1.100000 0.332447 0.351122 1.488654 1.487895 0.351122 820.000000 177.000000
12 099 2 39 1.000000 0.312504 0.320423 0.920136 0.919487 0.320423 795.000000 224.000000
12 100 2 40 1.650000 -0.027862 0.007220 1.505255 1.504616 0.007220 722.000000 173.000000
12 101 2 41 1.500000 1.000117 0.946918 1.120743 1.120102 0.946918 902.000000 319.000000
12 102 2 42 0.250000 0.361985 -0.013888 1.003729 1.003075 6.269297 717.000000 234.000000
12 103 2 43 1.700000 -0.126640 -0.121352 1.204306 1.203690 6.161833 690.000000 204.000000
12 104 2 44 1.750000 0.327508 0.360020 1.338101 1.337434 0.360020 819.000000 187.000000
12 105 2 45 1.200000 0.461358 0.434405 1.237858 1.237126 0.434405 823.000000 228.000000
12 106 2 46 1.550000 0.548192 0.582182 0.886694 0.886050 0.582182 851.000000 251.000000
12 107 2 47 1.050000 0.559897 0.525011 1.772733 1.772095 0.525011 826.000000 267.000000
12 108 2 48 1.650000 0.512562 0.527780 1.321324 1.320714 0.527780 843.000000 239.000000
12 109 2 49 0.900000 0.532339 0.599717 2.240849 2.240198 0.599717 867.000000 235.000000
12 110 2 50 0.800000 0.004432 -0.102921 1.137510 1.136819 6.180264 698.000000 237.000000
12 111 2 51 0.050000 0.505250 -0.333546 0.719547 0.718871 5.949640 641.000000 222.000000
12 112 2 52 1.500000 0.588633 0.556902 0.920067 0.919487 0.556902 852.000000 238.000000
12 113 2 53 0.350000 0.445311 0.474400 0.986997 0.986359 0.474400 834.000000 228.000000
12 114 2 54 0.950000 0.646356 0.613915 1.588974 1.588203 0.613915 868.000000 240.000000
12 115 2 55 0.500000 0.362605 0.548124 0.987057 0.986362 0.548124 836.000000 260.000000
12 116 2 56 0.250000 0.421449 0.027020 0.987009 0.986354 0.027020 726.000000 228.000000
12 117 2 57 0.800000 0.690318 0.676157 1.037169 1.036512 0.676157 858.000000 278.000000
12 118 2 58 0.200000 0.354855 -0.074282 1.020449 1.019788 6.208904 704.000000 235.000000
12 119 2 59 1.750000 0.522884 0.527287 0.920155 0.919485 0.527287 858.000000 213.000000
12 120 2 60 0.250000 0.817509 0.060410 0.869994 0.869332 0.060410 735.000000 202.000000
12 121 3 01 0.100000 0.350319 0.021273 1.104063 1.103384 0.021273 725.000000 215.000000
12 122 3 02 0.150000 0.180600 0.432134 0.619252 0.618561 0.432134 827.000000 218.000000
12 123 3 03 0.500000 0.209418 0.201970 1.237868 1.237125 0.201970 763.000000 240.000000
12 124 3 04 1.750000 0.328811 0.388750 1.521987 1.521330 0.388750 831.000000 179.000000
12 125 3 05 0.700000 0.112998 0.146933 1.204403 1.203691 0.146933 757.000000 200.000000
12 126 3 06 0.750000 0.749316 0.623110 0.736300 0.735589 0.623110 886.000000 219.000000
12 127 3 07 1.250000 -0.262777 -0.238936 1.371464 1.370869 6.044249 663.000000 216.000000
12 128 3 08 0.700000 -0.078253 -0.272340 1.020449 1.019794 6.010845 658.000000 228.000000
12 129 3 09 0.350000 0.044553 -0.156198 0.803136 0.802460 6.126988 680.000000 196.000000
12 130 3 10 0.000000 0.510246 0.043451 1.103996 1.103385 0.043451 732.000000 174.000000
12 131 3 11 1.600000 -0.286882 -0.260884 0.936950 0.936205 6.022301 661.000000 229.000000
12 132 3 12 1.200000 0.340529 0.378385 1.388293 1.387589 0.378385 817.000000 206.000000
12 133 3 13 1.150000 0.327135 0.349856 0.736234 0.735588 0.349856 801.000000 228.000000
12 134 3 14 0.600000 0.300177 0.305697 1.221067 1.220409 0.305697 803.000000 187.000000
12 135 3 15 1.500000 0.495652 0.502843 1.053859 1.053229 0.502843 830.000000 250.000000
12 136 3 16 1.700000 0.364564 0.364408 1.722590 1.721946 0.364408 831.000000 159.000000
12 137 3 17 0.700000 0.508729 0.477440 0.769698 0.769024 0.477440 869.000000 162.000000
12 138 3 18 0.650000 -0.008564 -0.014492 0.987006 0.986358 6.268694 716.000000 174.000000
12 139 3 19 0.800000 0.574877 0.579407 1.271251 1.270561 0.579407 879.000000 207.000000
12 140 3 20 0.700000 -0.161175 -0.206324 1.003721 1.003075 6.076861 666.000000 192.000000
12 141 3 21 0.100000 -0.293246 0.547660 0.769692 0.769024 0.547660 831.000000 268.000000
12 142 3 22 0.850000 -0.066353 -0.142567 1.288003 1.287283 6.140618 690.000000 241.000000
12 143 3 23 0.850000 0.087666 0.085700 1.104124 1.103381 0.085700 745.000000 159.000000
12 144 3 24 1.550000 0.260512 0.278864 1.221037 1.220408 0.278864 787.000000 216.000000
12 145 3 25 0.450000 0.520846 0.260312 1.204417 1.203692 0.260312 777.000000 236.000000
12 146 3 26 0.300000 0.635810 0.196544 1.087318 1.086664 0.196544 765.000000 224.000000
12 147 3 27 0.900000 -0.092933 -0.272146 1.388244 1.387588 6.011039 660.000000 235.000000
12 148 3 28 1.500000 0.051354 0.068699 0.987072 0.986357 0.068699 735.000000 232.000000
12 149 3 29 0.600000 -0.136704 -0.329269 1.154250 1.153541 5.953916 652.000000 251.000000
12 150 3 30 0.550000 0.369983 0.264670 1.438283 1.437744 0.264670 778.000000 236.000000
12 151 3 31 0.450000 -0.223724 -0.284190 0.786419 0.785740 5.998995 635.000000 159.000000
12 152 3 32 1.200000 0.096382 0.139786 1.421643 1.421021 0.139786 748.000000 251.000000
12 153 3 33 1.050000 -0.310338 -0.296352 0.886741 0.886053 5.986833 640.000000 188.000000
12 154 3 34 1.500000 0.712647 0.702512 1.137523 1.136815 0.702512 869.000000 274.000000
12 155 3 35 1.300000 0.100367 0.141897 1.053986 1.053229 0.141897 752.000000 226.000000
12 156 3 36 0.000000 0.711397 0.148328 0.853366 0.852615 0.148328 772.000000 102.000000
12 157 3 37 0.950000 0.747647 0.688761 0.953552 0.952921 0.688761 897.000000 235.000000
12 158 3 38 0.150000 0.516213 -0.328553 0.702796 0.702152 5.954632 630.000000 186.000000
12 159 3 39 1.350000 -0.120410 -0.145895 0.819727 0.819179 6.137291 684.000000 205.000000
12 160 3 40 1.600000 0.597140 0.574700 1.204324 1.203695 0.574700 856.000000 240.000000
12 161 3 41 1.550000 0.671587 0.680759 1.137414 1.136818 0.680759 916.000000 208.000000
12 162 3 42 1.350000 0.412036 0.396441 0.936846 0.936204 0.396441 828.000000 192.000000
12 163 3 43 1.450000 0.559070 0.547077 0.752955 0.752303 0.547077 854.000000 230.000000
12 164 3 44 1.700000 0.314506 0.310998 1.053976 1.053228 0.310998 792.000000 226.000000
12 165 3 45 0.900000 0.457859 0.422854 1.087296 1.086666 0.422854 837.000000 190.000000
12 166 3 46 0.800000 0.780786 0.669639 1.538779 1.538051 0.669639 872.000000 258.000000
12 167 3 47 0.350000 -0.171046 -0.242023 1.003786 1.003072 6.041162 661.000000 211.000000
12 168 3 48 0.600000 0.505119 0.583302 0.736342 0.735589 0.583302 850.000000 253.000000
12 169 3 49 0.400000 0.496485 0.399781 0.702857 0.702154 0.399781 810.000000 237.000000
12 170 3 50 1.150000 -0.092254 -0.172511 0.970304 0.969639 6.110675 674.000000 186.000000
12 171 3 51 0.350000 0.877459 0.598598 0.953528 0.952919 0.598598 838.000000 277.000000
12 172 3 52 0.950000 0.686787 0.623026 0.886700 0.886044 0.623026 891.000000 212.000000
12 173 3 53 1.600000 0.504624 0.502246 1.287938 1.287279 0.502246 826.000000 257.000000
12 174 3 54 0.300000 0.307651 -0.494773 0.886745 0.886051 5.788412 604.000000 235.000000
12 175 3 55 0.250000 0.667154 0.447649 0.953586 0.952922 0.447649 841.000000 198.000000
12 176 3 56 0.000000 0.733628 -0.383401 0.987041 0.986360 5.899785 624.000000 212.000000
12 177 3 57 1.000000 -0.113226 -0.168430 1.020445 1.019794 6.114756 678.000000 203.000000
12 178 3 58 0.650000 0.766375 0.588003 1.037182 1.036511 0.588003 864.000000 234.000000
12 179 3 59 1.300000 0.699075 0.621368 1.053844 1.053225 0.621368 841.000000 281.000000
12 180 3 60 1.750000 0.212815 0.238245 1.438480 1.437743 0.238245 771.000000 240.000000
12 181 4 01 0.400000 0.389747 0.328238 1.221107 1.220409 0.328238 830.000000 127.000000
12 182 4 02 0.500000 0.270106 0.408489 1.070608 1.069945 0.408489 807.000000 249.000000
12 183 4 03 0.150000 -0.292005 -0.437191 1.221080 1.220407 5.845994 584.000000 159.000000
12 184 4 04 1.400000 0.528762 0.528074 0.803096 0.802450 0.528074 839.000000 246.000000
12 185 4 05 0.750000 0.775167 0.701537 0.836591 0.835897 0.701537 878.000000 263.000000
12 186 4 06 0.350000 -0.292807 -0.338957 1.037180 1.036510 5.944228 610.000000 138.000000
12 187 4 07 1.300000 0.754360 0.676737 1.003802 1.003075 0.676737 867.000000 267.000000
12 188 4 08 1.150000 0.761882 0.754480 1.037188 1.036511 0.754480 908.000000 250.000000
12 189 4 09 0.650000 0.265035 0.402580 0.936892 0.936204 0.402580 809.000000 241.000000
12 190 4 10 1.400000 0.620154 0.646177 1.120826 1.120101 0.646177 855.000000 271.000000
12 191 4 11 1.500000 0.589690 0.601918 1.237761 1.237122 0.601918 878.000000 220.000000
12 192 4 12 1.200000 0.273249 0.223681 1.170881 1.170258 0.223681 768.000000 239.000000
12 193 4 13 0.700000 0.286885 0.350538 0.936860 0.936204 0.350538 803.000000 223.000000
12 194 4 14 0.750000 -0.073572 -0.219483 1.321387 1.320723 6.063702 662.000000 190.000000
12 195 4 15 0.400000 -0.296818 -0.368420 1.053940 1.053229 5.914765 637.000000 235.000000
12 196 4 16 0.650000 -0.452428 -0.373166 0.903458 0.902764 5.910020 637.000000 238.000000
12 197 4 17 0.050000 0.543054 -0.568525 0.987010 0.986361 5.714661 605.000000 270.000000
12 198 4 18 0.650000 0.263834 0.398278 1.572093 1.571482 0.398278 797.000000 267.000000
12 199 4 19 1.150000 0.226944 0.259332 0.953538 0.952922 0.259332 772.000000 254.000000
12 200 4 20 1.600000 -0.343700 -0.314039 1.003700 1.003077 5.969147 644.000000 216.000000
12 201 4 21 0.200000 0.164666 -0.371093 0.920107 0.919484 5.912092 627.000000 211.000000
12 202 4 22 0.400000 0.659693 0.219914 0.970278 0.969641 0.219914 777.000000 195.000000
12 203 4 23 0.500000 -0.699138 -0.550549 0.836585 0.835897 5.732636 596.000000 248.000000
12 204 4 24 1.500000 -0.280455 -0.277661 1.438383 1.437742 6.005524 661.000000 243.000000
12 205 4 25 0.300000 0.636096 -0.409046 1.237795 1.237126 5.874139 632.000000 247.000000
12 206 4 26 1.400000 -0.132823 -0.160862 1.070623 1.069946 6.122323 677.000000 185.000000
12 207 4 27 0.750000 -0.408632 -0.457210 0.836576 0.835894 5.825975 628.000000 263.000000
12 208 4 28 1.750000 0.973482 0.932781 1.104076 1.103381 0.932781 925.000000 298.000000
12 209 4 29 1.100000 0.864102 0.813800 0.886703 0.886046 0.813800 901.000000 279.000000
12 210 4 30 0.100000 -0.362761 -0.204966 0.870014 0.869329 6.078219 662.000000 171.000000
12 211 4 31 0.300000 0.072388 -0.423820 0.920149 0.919485 5.859365 623.000000 235.000000
12 212 4 32 1.600000 0.082832 0.117109 2.408023 2.407376 0.117109 744.000000 246.000000
12 213 4 33 0.400000 0.482071 0.012447 0.719540 0.718869 0.012447 723.000000 209.000000
12 214 4 34 0.000000 0.864391 0.424452 0.702760 0.702156 0.424452 814.000000 242.000000
12 215 4 35 1.350000 0.697132 0.646513 0.819932 0.819178 0.646513 880.000000 238.000000
12 216 4 36 0.200000 0.422627 -0.387026 0.836533 0.835893 5.896159 634.000000 239.000000
12 217 4 37 0.550000 0.320587 0.422472 0.752989 0.752306 0.422472 818.000000 232.000000
12 218 4 38 1.050000 0.302633 0.308053 1.755981 1.755380 0.308053 783.000000 252.000000
12 219 4 39 1.450000 0.241264 0.260602 1.187657 1.186972 0.260602 804.000000 135.000000
12 220 4 40 1.000000 0.249138 0.211731 0.853272 0.852615 0.211731 766.000000 236.000000
12 221 4 41 1.650000 0.647694 0.632749 0.702742 0.702150 0.632749 852.000000 270.000000
12 222 4 42 1.200000 0.408380 0.399975 1.003769 1.003080 0.399975 824.000000 204.000000
12 223 4 43 1.450000 0.365967 0.341882 1.421700 1.421023 0.341882 799.000000 228.000000
12 224 4 44 0.600000 0.260835 0.250279 1.187626 1.186973 0.250279 788.000000 184.000000
12 225 4 45 0.850000 -0.134093 -0.262459 0.836586 0.835897 6.020726 666.000000 249.000000
12 226 4 46 1.150000 -0.053357 -0.136894 1.053908 1.053230 6.146292 693.000000 254.000000
12 227 4 47 0.900000 0.139577 0.151930 1.287978 1.287281 0.151930 752.000000 241.000000
12 228 4 48 0.550000 0.469740 0.396754 1.287945 1.287275 0.396754 826.000000 197.000000
12 229 4 49 0.600000 0.377636 0.443999 1.605669 1.604920 0.443999 808.000000 265.000000
12 230 4 50 0.700000 0.828207 0.680355 1.070628 1.069948 0.680355 860.000000 277.000000
12 231 4 51 0.000000 -0.335836 -0.243986 1.053876 1.053226 6.039200 661.000000 213.000000
12 232 4 52 0.850000 0.410947 0.442184 0.886753 0.886048 0.442184 827.000000 224.000000
12 233 4 53 1.250000 0.311688 0.309005 1.438436 1.437740 0.309005 803.000000 190.000000
12 234 4 54 1.750000 0.863386 0.819025 1.037221 1.036512 0.819025 889.000000 292.000000
12 235 4 55 0.000000 0.086345 -0.443166 0.769645 0.769024 5.840019 617.000000 233.000000
12 236 4 56 1.550000 0.223717 0.243095 1.354850 1.354152 0.243095 782.000000 200.000000
12 237 4 57 1.550000 0.394588 0.399607 1.421572 1.421021 0.399607 807.000000 244.000000
12 238 4 58 0.150000 0.050617 -0.288587 0.853294 0.852611 5.994598 644.000000 194.000000
12 239 4 59 0.350000 0.463559 0.387670 0.936855 0.936204 0.387670 818.000000 210.000000
12 240 4 60 0.800000 0.607982 0.584878 1.271280 1.270561 0.584878 867.000000 228.000000
12 241 5 01 1.600000 0.027704 0.060436 1.037190 1.036509 0.060436 739.000000 136.000000
12 242 5 02 0.900000 -0.035502 -0.070992 1.572142 1.571485 6.212194 704.000000 225.000000
12 243 5 03 0.350000 0.237594 0.073758 1.154186 1.153537 0.073758 735.000000 247.000000
12 244 5 04 1.000000 0.331663 0.413037 1.354836 1.354150 0.413037 830.000000 199.000000
12 245 5 05 0.950000 0.943072 0.817645 1.271277 1.270566 0.817645 896.000000 285.000000
12 246 5 06 1.150000 0.359227 0.411970 1.003810 1.003076 0.411970 824.000000 212.000000
12 247 5 07 0.750000 0.291925 0.370492 1.221034 1.220407 0.370492 814.000000 208.000000
12 248 5 08 1.750000 0.661294 0.611956 0.970292 0.969647 0.611956 873.000000 232.000000
12 249 5 09 1.300000 -0.177162 -0.205042 1.354874 1.354152 6.078143 673.000000 224.000000
12 250 5 10 0.950000 0.598828 0.567719 1.053895 1.053228 0.567719 845.000000 254.000000
12 251 5 11 1.750000 0.409302 0.394194 0.986987 0.986358 0.394194 819.000000 212.000000
12 252 5 12 1.550000 -0.308024 -0.263249 0.853267 0.852614 6.019936 644.000000 168.000000
12 253 5 13 0.900000 0.810938 0.654191 0.953585 0.952918 0.654191 868.000000 257.000000
12 254 5 14 1.250000 0.566307 0.596199 0.736141 0.735588 0.596199 853.000000 254.000000
12 255 5 15 1.350000 0.240177 0.277615 1.638953 1.638353 0.277615 775.000000 257.000000
12 256 5 16 1.600000 0.334865 0.326827 1.371504 1.370871 0.326827 800.000000 214.000000
12 257 5 17 1.300000 0.177343 0.196597 0.970247 0.969640 0.196597 768.000000 209.000000
12 258 5 18 0.500000 0.753115 0.815240 1.104035 1.103385 0.815240 927.000000 255.000000
12 259 5 19 0.600000 0.829510 0.609233 0.669373 0.668713 0.609233 877.000000 225.000000
12 260 5 20 1.150000 0.831856 0.744152 1.053904 1.053229 0.744152 871.000000 286.000000
12 261 5 21 1.550000 -0.510340 -0.434136 0.936867 0.936210 5.849049 618.000000 230.000000
12 262 5 22 0.950000 0.752157 0.653070 0.870050 0.869337 0.653070 847.000000 284.000000
12 263 5 23 1.100000 -0.349772 -0.368791 1.104068 1.103383 5.914394 640.000000 243.000000
12 264 5 24 0.250000 0.553952 -0.358771 1.070618 1.069943 5.924415 648.000000 258.000000
12 265 5 25 0.150000 0.207927 -0.146948 0.920211 0.919485 6.136238 679.000000 173.000000
12 266 5 26 1.350000 0.620512 0.577440 0.953642 0.952921 0.577440 849.000000 252.000000
12 267 5 27 0.700000 0.394658 0.394127 0.669347 0.668717 0.394127 809.000000 236.000000
12 268 5 28 1.100000 0.660335 0.633210 0.853364 0.852614 0.633210 858.000000 262.000000
12 269 5 29 1.200000 0.190756 0.218669 0.987038 0.986354 0.218669 780.000000 180.000000
12 270 5 30 0.100000 -0.294073 -0.205395 0.769769 0.769026 6.077790 665.000000 186.000000
12 271 5 31 1.050000 -0.139230 -0.214430 0.752923 0.752308 6.068756 671.000000 225.000000
12 272 5 32 0.150000 0.482843 -0.289692 0.903422 0.902764 5.993494 658.000000 242.000000
12 273 5 33 0.700000 0.630527 0.595656 0.752916 0.752307 0.595656 842.000000 270.000000
12 274 5 34 1.450000 0.312174 0.324856 1.137520 1.136820 0.324856 785.000000 257.000000
12 275 5 35 0.250000 0.617860 0.450290 1.605523 1.604922 0.450290 822.000000 239.000000
12 276 5 36 0.500000 0.048711 -0.006515 0.886731 0.886052 6.276671 718.000000 143.000000
12 277 5 37 0.750000 -0.589151 -0.450800 1.421697 1.421024 5.832385 629.000000 262.000000
12 278 5 38 0.800000 0.724170 0.563671 1.037154 1.036512 0.563671 854.000000 238.000000
12 279 5 39 1.100000 0.480397 0.469556 0.752984 0.752313 0.469556 857.000000 180.000000
12 280 5 40 0.200000 0.501752 -0.250279 0.786399 0.785746 6.032906 652.000000 184.000000
12 281 5 41 0.900000 0.741385 0.685065 0.853275 0.852614 0.685065 854.000000 286.000000
12 282 5 42 0.650000 0.477225 0.569864 0.769698 0.769026 0.569864 852.000000 244.000000
12 283 5 43 1.050000 -0.116377 -0.141211 1.722626 1.721947 6.141975 691.000000 246.000000
12 284 5 44 1.700000 0.484408 0.437962 1.070608 1.069946 0.437962 816.000000 245.000000
12 285 5 45 1.450000 0.924928 0.841519 1.221040 1.220409 0.841519 908.000000 282.000000
12 286 5 46 0.550000 0.999666 0.702001 0.819855 0.819179 0.702001 868.000000 275.000000
12 287 5 47 1.050000 0.723547 0.692419 1.020459 1.019792 0.692419 861.000000 280.000000
12 288 5 48 1.000000 -0.166212 -0.236706 1.170919 1.170255 6.046479 665.000000 222.000000
12 289 5 49 1.200000 0.897675 0.735876 0.769668 0.769024 0.735876 883.000000 270.000000
12 290 5 50 1.350000 -0.088960 -0.128083 0.953640 0.952926 6.155102 686.000000 186.000000
12 291 5 51 0.350000 -0.245976 -0.284134 1.053902 1.053231 5.999051 654.000000 224.000000
12 292 5 52 1.250000 0.375252 0.387604 0.786432 0.785744 0.387604 809.000000 232.000000
12 293 5 53 0.050000 -0.039343 -0.174672 0.719553 0.718883 6.108513 669.000000 161.000000
12 294 5 54 0.700000 0.288373 0.291887 1.003771 1.003074 0.291887 784.000000 237.000000
12 295 5 55 0.450000 0.771685 0.543755 0.686040 0.685432 0.543755 853.000000 230.000000
12 296 5 56 1.650000 0.288078 0.317578 0.786353 0.785742 0.317578 791.000000 234.000000
12 297 5 57 1.200000 0.632645 0.580556 1.338106 1.337433 0.580556 863.000000 232.000000
12 298 5 58 0.050000 -0.034454 -0.432408 0.669409 0.668720 5.850778 588.000000 164.000000
12 299 5 59 0.900000 0.140781 0.153332 1.104071 1.103386 0.153332 754.000000 230.000000
12 300 5 60 1.050000 0.386581 0.418688 0.819823 0.819179 0.418688 809.000000 250.000000
12 301 6 01 1.600000 -0.277468 -0.293408 1.020402 1.019786 5.989778 649.000000 215.000000
12 302 6 02 0.850000 0.708758 0.682109 0.753041 0.752308 0.682109 867.000000 269.000000
12 303 6 03 1.000000 -0.051214 -0.089687 1.221048 1.220408 6.193498 695.000000 172.000000
12 304 6 04 0.400000 0.358126 0.009756 1.137535 1.136823 0.009756 722.000000 245.000000
12 305 6 05 1.050000 0.197628 0.275531 1.471809 1.471181 0.275531 774.000000 259.000000
12 306 6 06 1.400000 0.014452 0.057314 1.120742 1.120102 0.057314 734.000000 206.000000
12 307 6 07 1.350000 0.438640 0.452552 0.970229 0.969641 0.452552 861.000000 160.000000
12 308 6 08 0.150000 0.438281 0.003731 1.605565 1.604922 0.003731 721.000000 182.000000
12 309 6 09 1.750000 0.396054 0.419603 1.053904 1.053225 0.419603 840.000000 181.000000
12 310 6 10 0.500000 0.953827 0.800175 0.903474 0.902768 0.800175 926.000000 250.000000
12 311 6 11 0.300000 0.401803 0.007692 0.786426 0.785745 0.007692 722.000000 190.000000
12 312 6 12 0.300000 0.440213 -0.151301 0.870050 0.869332 6.131884 686.000000 227.000000
12 313 6 13 0.550000 -0.337643 -0.319105 0.819861 0.819176 5.964080 645.000000 223.000000
12 314 6 14 1.250000 0.701069 0.652235 1.338126 1.337433 0.652235 859.000000 268.000000
12 315 6 15 0.850000 0.300647 0.383401 0.836633 0.835896 0.383401 816.000000 212.000000
12 316 6 16 0.000000 -0.009661 -0.257905 1.187648 1.186969 6.025280 653.000000 196.000000
12 317 6 17 0.400000 0.216583 0.178473 1.087320 1.086664 0.178473 766.000000 195.000000
12 318 6 18 0.250000 0.684248 0.303460 1.404943 1.404302 0.303460 782.000000 252.000000
12 319 6 19 0.100000 -0.159281 0.448967 0.702841 0.702153 0.448967 839.000000 203.000000
12 320 6 20 1.100000 0.826154 0.722359 0.886704 0.886051 0.722359 861.000000 290.000000
12 321 6 21 1.250000 -0.103532 -0.132552 1.053883 1.053224 6.150634 692.000000 240.000000
12 322 6 22 0.550000 0.512152 0.494827 0.769625 0.769020 0.494827 829.000000 248.000000
12 323 6 23 0.500000 0.177228 0.451814 0.702768 0.702154 0.451814 819.000000 246.000000
12 324 6 24 0.650000 0.771200 0.640655 1.221089 1.220409 0.640655 846.000000 281.000000
12 325 6 25 1.100000 0.370276 0.414870 0.719522 0.718872 0.414870 842.000000 173.000000
12 326 6 26 0.050000 0.393879 0.486693 0.752960 0.752308 0.486693 838.000000 227.000000
12 327 6 27 0.550000 0.328406 0.262995 0.669375 0.668718 0.262995 783.000000 216.000000
12 328 6 28 1.600000 0.329433 0.363147 0.920127 0.919484 0.363147 796.000000 250.000000
12 329 6 29 1.400000 0.807338 0.717101 1.354827 1.354150 0.717101 863.000000 286.000000
12 330 6 30 1.600000 0.848813 0.828107 1.521996 1.521331 0.828107 903.000000 282.000000
12 331 6 31 0.050000 0.411560 -0.240449 1.488559 1.487893 6.042737 669.000000 242.000000
12 332 6 32 0.350000 -0.138348 -0.278300 1.722619 1.721947 6.004886 658.000000 233.000000
12 333 6 33 1.650000 0.175986 0.238406 1.488635 1.487895 0.238406 781.000000 199.000000
12 334 6 34 1.750000 0.413135 0.414667 1.588852 1.588201 0.414667 812.000000 241.000000
12 335 6 35 0.100000 -0.142855 -0.330297 1.839630 1.838971 5.952888 648.000000 240.000000
12 336 6 36 1.150000 0.985317 0.801270 1.354777 1.354150 0.801270 880.000000 295.000000
12 337 6 37 0.850000 0.757363 0.709594 0.953541 0.952919 0.709594 866.000000 280.000000
12 338 6 38 0.950000 0.579541 0.657889 1.639089 1.638356 0.657889 873.000000 252.000000
12 339 6 39 0.150000 0.064247 0.251801 1.605642 1.604919 0.251801 782.000000 209.000000
12 340 6 40 1.000000 0.166285 0.134890 1.053973 1.053231 0.134890 758.000000 170.000000
12 341 6 41 1.500000 0.467940 0.483556 1.020487 1.019793 0.483556 814.000000 271.000000
12 342 6 42 0.900000 0.466401 0.561623 1.806137 1.805535 0.561623 832.000000 272.000000
12 343 6 43 1.550000 0.710085 0.785398 1.588807 1.588202 0.785398 871.000000 299.000000
12 344 6 44 1.300000 0.546559 0.590415 1.672432 1.671788 0.590415 848.000000 259.000000
12 345 6 45 0.450000 -0.395691 -0.521276 2.408031 2.407378 5.761909 604.000000 248.000000
12 346 6 46 1.550000 0.388178 0.557243 3.043369 3.042656 0.557243 844.000000 251.000000
12 347 6 47 0.450000 -0.066265 -0.262834 1.154155 1.153537 6.020351 660.000000 227.000000
12 348 6 48 1.550000 0.471901 0.491942 1.555503 1.554762 0.491942 832.000000 241.000000
12 349 6 49 0.850000 0.324025 0.496762 3.110228 3.109535 0.496762 823.000000 260.000000
12 350 6 50 1.350000 0.048249 0.040886 1.672479 1.671793 0.040886 729.000000 230.000000
12 351 6 51 0.200000 0.272114 -0.334552 1.104081 1.103378 5.948633 647.000000 240.000000
12 352 6 52 1.700000 0.741972 0.654719 3.360948 3.360301 0.654719 872.000000 252.000000
12 353 6 53 1.300000 0.795941 0.731397 1.538690 1.538046 0.731397 860.000000 294.000000
12 354 6 54 0.500000 0.658175 0.579882 1.287918 1.287280 0.579882 851.000000 250.000000
12 355 6 55 0.750000 0.914014 0.898069 1.505283 1.504611 0.898069 902.000000 305.000000
12 356 6 56 0.800000 0.900897 0.779374 1.204359 1.203691 0.779374 885.000000 283.000000
12 357 6 57 1.100000 0.891785 0.981599 1.655735 1.655073 0.981599 913.000000 321.000000
12 358 6 58 0.050000 0.513426 -0.284101 0.853330 0.852614 5.999084 647.000000 200.000000
12 359 6 59 0.500000 0.649556 0.524130 1.053849 1.053230 0.524130 857.000000 213.000000
12 360 6 60 0.750000 0.454410 0.454952 1.053841 1.053229 0.454952 833.000000 219.000000
12 000 0 01 -99.000000 -99.000000 0.000000 7.924964 7.924290 0.000000 720.000000 225.000000
12 000 0 02 -99.000000 -99.000000 0.003817 6.269865 6.269223 0.003817 721.000000 188.000000
12 000 0 03 -99.000000 -99.000000 0.000000 3.712076 3.711374 0.000000 720.000000 184.000000
12 000 0 04 -99.000000 -99.000000 0.004329 3.244007 3.243277 0.004329 721.000000 219.000000
12 000 0 05 -99.000000 -99.000000 0.004016 4.347338 4.346657 0.004016 721.000000 201.000000
12 000 0 06 -99.000000 -99.000000 0.004651 3.511460 3.510761 0.004651 721.000000 235.000000
12 000 0 07 -99.000000 -99.000000 0.003953 2.642112 2.641430 0.003953 721.000000 197.000000
12 000 0 08 -99.000000 -99.000000 0.003906 1.956695 1.955996 0.003906 721.000000 194.000000
12 000 0 09 -99.000000 -99.000000 0.004032 2.257567 2.256929 0.004032 721.000000 202.000000
12 000 0 10 -99.000000 -99.000000 0.004587 2.558543 2.557842 0.004587 721.000000 232.000000
12 000 0 11 -99.000000 -99.000000 0.004273 2.240752 2.240203 0.004273 721.000000 216.000000
12 000 0 12 -99.000000 -99.000000 0.004292 3.076822 3.076098 0.004292 721.000000 217.000000
12 000 0 13 -99.000000 -99.000000 0.000000 3.160302 3.159685 0.000000 720.000000 232.000000
12 000 0 14 -99.000000 -99.000000 0.003861 2.742402 2.741742 0.003861 721.000000 191.000000
12 000 0 15 -99.000000 -99.000000 0.000000 3.561565 3.560915 0.000000 720.000000 232.000000
