11 000 0 01 1.407234 -0.151093 -0.346885 2.399728 2.387976 5.936300 643.000000 237.000000
11 000 0 02 1.147176 0.393141 0.220911 1.403480 1.402730 0.220911 773.000000 214.000000
11 000 0 03 1.215923 0.499891 0.519146 1.319972 1.319232 0.519146 852.000000 219.000000
11 000 0 04 1.225134 0.289911 0.295257 1.203001 1.202340 0.295257 786.000000 233.000000
11 000 0 05 1.246682 0.455334 0.361607 1.954459 1.953798 0.361607 793.000000 257.000000
11 000 0 06 1.443464 0.237261 0.256708 1.537012 1.536320 0.256708 783.000000 210.000000
11 000 0 07 1.016153 0.910334 0.646631 1.737463 1.736709 0.646631 874.000000 246.000000
11 000 0 08 1.266814 0.286917 0.392186 1.737451 1.736709 0.392186 799.000000 259.000000
11 000 0 09 1.063861 0.806047 1.054661 4.643057 4.642363 1.054661 935.000000 328.000000
11 000 0 10 1.060939 0.001556 0.000000 1.820894 1.820205 0.000000 720.000000 220.000000
11 001 1 01 1.750000 0.033379 0.037663 1.670451 1.669916 0.037663 733.000000 105.000000
11 002 1 02 0.350000 -0.367584 0.017465 1.453561 1.452829 0.017465 724.000000 221.000000
11 003 1 03 1.500000 0.490120 0.440479 2.121454 2.120790 0.440479 827.000000 223.000000
11 004 1 04 0.600000 -0.077901 -0.033046 1.420208 1.419428 6.250139 712.000000 208.000000
11 005 1 05 0.200000 -0.078164 -0.027771 1.553744 1.553020 6.255415 714.000000 234.000000
11 006 1 06 0.950000 0.600133 0.608276 1.436851 1.436125 0.608276 892.000000 203.000000
11 007 1 07 1.050000 0.729977 0.653225 1.319997 1.319231 0.653225 870.000000 254.000000
11 008 1 08 0.950000 -0.155159 -0.259569 1.670704 1.669914 6.023616 656.000000 209.000000
11 009 1 09 0.500000 0.679764 0.683709 1.019391 1.018646 0.683709 874.000000 261.000000
11 010 1 10 1.500000 0.816711 0.837692 1.019347 1.018648 0.837692 911.000000 278.000000
11 011 1 11 0.350000 0.212881 0.561803 0.935849 0.935156 0.561803 861.000000 226.000000
11 012 1 12 1.500000 -0.024122 -0.031989 0.935840 0.935151 6.251196 712.000000 200.000000
11 013 1 13 1.100000 -0.281046 -0.310735 0.735491 0.734762 5.972450 641.000000 204.000000
11 014 1 14 0.200000 0.863696 0.013761 1.787530 1.786807 0.013761 723.000000 232.000000
11 015 1 15 0.250000 0.227568 0.713138 1.002683 1.001949 0.713138 893.000000 250.000000
11 016 1 16 0.550000 0.791200 0.794461 0.952394 0.951857 0.794461 887.000000 286.000000
11 017 1 17 1.500000 0.693613 0.636352 1.537064 1.536319 0.636352 853.000000 270.000000
11 018 1 18 0.350000 0.299322 0.019918 0.969201 0.968552 0.019918 725.000000 199.000000
11 019 1 19 1.600000 -0.087539 -0.198235 0.952516 0.951848 6.084950 674.000000 221.000000
11 020 1 20 1.650000 0.759766 0.730575 1.253149 1.252435 0.730575 875.000000 277.000000
11 021 1 21 0.900000 0.304153 0.284445 1.336679 1.335932 0.284445 789.000000 214.000000
11 022 1 22 0.900000 -0.513614 -0.656980 1.670633 1.669914 5.626206 575.000000 262.000000
11 023 1 23 0.400000 -0.147135 0.879083 1.102793 1.102144 0.879083 883.000000 315.000000
11 024 1 24 0.400000 0.486018 0.698409 1.002580 1.001948 0.698409 877.000000 263.000000
11 025 1 25 0.300000 0.140326 0.249587 0.902400 0.901755 0.249587 772.000000 246.000000
11 026 1 26 0.700000 0.713152 0.572619 0.902458 0.901752 0.572619 847.000000 253.000000
11 027 1 27 0.000000 0.347991 0.631349 0.919155 0.918448 0.631349 856.000000 264.000000
11 028 1 28 1.450000 0.458371 0.404311 1.236359 1.235736 0.404311 809.000000 242.000000
11 029 1 29 1.350000 0.383758 0.324552 0.868997 0.868352 0.324552 792.000000 236.000000
11 030 1 30 0.850000 0.514411 0.447374 1.036005 1.035345 0.447374 827.000000 227.000000
11 031 1 31 0.050000 0.625835 0.361005 1.403429 1.402728 0.361005 794.000000 254.000000
11 032 1 32 1.350000 0.753074 0.702532 1.002606 1.001949 0.702532 858.000000 287.000000
11 033 1 33 0.950000 0.463520 0.448145 1.119577 1.118840 0.448145 820.000000 242.000000
11 034 1 34 0.300000 0.646561 0.200954 1.186330 1.185640 0.200954 764.000000 234.000000
11 035 1 35 1.000000 -0.153827 -0.407256 2.589052 2.588366 5.875929 566.000000 93.000000
11 036 1 36 1.000000 0.378947 0.329050 1.820921 1.820206 0.329050 804.000000 204.000000
11 037 1 37 0.750000 0.790272 0.538044 2.205003 2.204289 0.538044 868.000000 202.000000
11 038 1 38 0.450000 0.232995 0.225013 0.969290 0.968551 0.225013 823.000000 0.000000
11 039 1 39 0.700000 -0.090588 -0.431139 1.086123 1.085444 5.852047 605.000000 200.000000
11 040 1 40 0.200000 0.470587 -0.049958 2.271753 2.271081 6.233227 709.000000 230.000000
11 041 1 41 0.650000 0.085146 0.024686 1.303207 1.302531 0.024686 728.000000 126.000000
11 042 1 42 0.700000 0.798373 0.608689 1.353392 1.352633 0.608689 858.000000 252.000000
11 043 1 43 0.600000 0.175675 0.373727 0.902440 0.901754 0.373727 820.000000 195.000000
11 044 1 44 1.450000 0.336676 0.320535 3.657805 3.657113 0.320535 802.000000 203.000000
11 045 1 45 0.650000 0.304364 0.317996 0.718787 0.718063 0.317996 799.000000 210.000000
11 046 1 46 1.600000 -0.037637 0.516404 1.269843 1.269134 0.516404 854.000000 214.000000
11 047 1 47 1.700000 0.346550 0.316226 1.036010 1.035346 0.316226 809.000000 178.000000
11 048 1 48 0.850000 0.208114 -0.043688 2.622508 2.621763 6.239497 704.000000 84.000000
11 049 1 49 0.450000 0.759359 0.446408 2.872842 2.872252 0.446408 832.000000 216.000000
11 050 1 50 1.250000 0.555876 0.540420 0.952595 0.951850 0.540420 846.000000 240.000000
11 051 1 51 0.050000 0.498186 0.044580 2.438732 2.438074 0.044580 732.000000 181.000000
11 052 1 52 1.600000 0.325524 0.408908 2.889693 2.888947 0.408908 824.000000 210.000000
11 053 1 53 0.550000 0.482219 0.318338 4.676404 4.675762 0.318338 807.000000 186.000000
11 054 1 54 0.700000 0.806929 0.641946 0.952579 0.951852 0.641946 874.000000 244.000000
11 055 1 55 0.900000 -0.184204 -0.376395 0.986027 0.985249 5.906791 637.000000 240.000000
11 056 1 56 1.100000 0.899300 0.818066 1.052765 1.052047 0.818066 878.000000 302.000000
11 057 1 57 1.550000 0.195710 0.637319 2.572326 2.571663 0.637319 874.000000 242.000000
11 058 1 58 1.550000 0.650804 0.621711 1.587178 1.586419 0.621711 859.000000 256.000000
11 059 1 59 1.000000 0.667520 0.570316 1.019319 1.018647 0.570316 847.000000 252.000000
11 060 1 60 1.700000 0.655215 0.701795 0.952564 0.951852 0.701795 884.000000 256.000000
11 061 2 01 1.650000 0.740931 0.623311 0.852310 0.851660 0.623311 853.000000 265.000000
11 062 2 02 0.850000 0.114387 -0.024686 0.935878 0.935154 6.258499 712.000000 126.000000
11 063 2 03 0.750000 -0.024607 0.038774 0.935819 0.935152 0.038774 729.000000 218.000000
11 064 2 04 1.750000 0.305512 0.351312 1.486959 1.486221 0.351312 801.000000 229.000000
11 065 2 05 1.600000 0.180922 0.148890 0.969243 0.968550 0.148890 756.000000 210.000000
11 066 2 06 0.300000 0.716906 -0.027020 1.436844 1.436128 6.256165 714.000000 228.000000
11 067 2 07 1.500000 -0.026964 -0.063913 1.537024 1.536324 6.219272 704.000000 200.000000
11 068 2 08 1.650000 0.496430 0.425994 1.370035 1.369329 0.425994 828.000000 212.000000
11 069 2 09 0.300000 0.184196 -0.004292 1.453562 1.452826 6.278893 719.000000 217.000000
11 070 2 10 0.600000 0.212116 0.386996 0.885737 0.885058 0.386996 828.000000 185.000000
11 071 2 11 0.850000 0.228676 0.081452 1.002675 1.001949 0.081452 740.000000 205.000000
11 072 2 12 1.450000 0.654758 0.733720 4.175318 4.174783 0.733720 885.000000 267.000000
11 073 2 13 0.300000 1.000250 0.456787 5.878809 5.878093 0.456787 835.000000 216.000000
11 074 2 14 1.400000 0.065187 0.032377 0.935840 0.935154 0.032377 728.000000 203.000000
11 075 2 15 1.350000 0.143184 0.128987 1.353317 1.352631 0.128987 751.000000 211.000000
11 076 2 16 0.000000 0.515509 0.040157 1.002624 1.001949 0.040157 729.000000 226.000000
11 077 2 17 0.100000 0.843860 0.620249 1.236279 1.235739 0.620249 855.000000 261.000000
11 078 2 18 1.200000 0.248467 0.260850 0.852377 0.851652 0.260850 787.000000 199.000000
11 079 2 19 0.900000 0.835004 0.788494 0.902487 0.901751 0.788494 882.000000 289.000000
11 080 2 20 0.700000 0.208592 0.366881 1.169683 1.168940 0.366881 808.000000 221.000000
11 081 2 21 0.250000 0.751566 0.077967 1.036023 1.035345 0.077967 740.000000 194.000000
11 082 2 22 1.750000 0.624815 0.642712 0.985965 0.985252 0.642712 872.000000 247.000000
11 083 2 23 0.800000 0.402535 0.388146 1.386753 1.386029 0.388146 812.000000 225.000000
11 084 2 24 0.450000 0.407890 0.054114 2.305221 2.304479 0.054114 733.000000 210.000000
11 085 2 25 1.150000 0.503425 0.383077 1.069383 1.068746 0.383077 828.000000 182.000000
11 086 2 26 1.500000 -0.135424 -0.273009 1.503630 1.502923 6.010177 650.000000 200.000000
11 087 2 27 0.250000 0.384587 0.028105 0.985789 0.985253 0.028105 727.000000 201.000000
11 088 2 28 1.400000 0.593681 0.500328 1.303241 1.302532 0.500328 837.000000 236.000000
11 089 2 29 0.950000 0.983610 0.931307 1.269688 1.269138 0.931307 880.000000 331.000000
11 090 2 30 1.300000 0.347075 0.337997 1.002688 1.001937 0.337997 791.000000 248.000000
11 091 2 31 0.900000 0.486078 0.557296 0.935828 0.935157 0.557296 849.000000 243.000000
11 092 2 32 1.500000 0.646260 0.624306 0.919129 0.918457 0.624306 854.000000 264.000000
11 093 2 33 1.650000 0.852542 0.820085 1.002681 1.001949 0.820085 884.000000 297.000000
11 094 2 34 0.450000 -0.115902 0.669043 1.019323 1.018647 0.669043 856.000000 278.000000
11 095 2 35 0.300000 0.125147 -0.296894 1.203054 1.202342 5.986292 653.000000 231.000000
11 096 2 36 1.200000 0.761680 0.722979 1.052745 1.052046 0.722979 885.000000 263.000000
11 097 2 37 0.500000 0.403805 0.017855 1.336613 1.335932 0.017855 724.000000 226.000000
11 098 2 38 0.250000 0.688165 0.308238 0.802262 0.801559 0.308238 791.000000 227.000000
11 099 2 39 0.900000 0.817607 0.856050 1.036086 1.035347 0.856050 894.000000 299.000000
11 100 2 40 0.850000 0.433928 0.395109 1.219793 1.219035 0.395109 813.000000 227.000000
11 101 2 41 1.250000 0.128557 0.070971 1.203023 1.202340 0.070971 735.000000 239.000000
11 102 2 42 0.900000 0.308533 0.261371 1.436781 1.436126 0.261371 785.000000 207.000000
11 103 2 43 1.000000 -0.389078 -0.076493 6.646969 6.646254 6.206693 699.000000 176.000000
11 104 2 44 0.500000 0.385306 0.359233 0.902452 0.901757 0.359233 809.000000 213.000000
11 105 2 45 1.050000 -0.388460 -0.481054 0.852382 0.851657 5.802131 613.000000 245.000000
11 106 2 46 0.800000 0.557460 0.398522 1.086110 1.085445 0.398522 840.000000 165.000000
11 107 2 47 0.700000 0.410780 0.536190 2.071399 2.070693 0.536190 865.000000 206.000000
11 108 2 48 0.050000 0.809906 0.095776 1.069414 1.068746 0.095776 742.000000 221.000000
11 109 2 49 0.200000 0.258928 0.998767 0.869109 0.868355 0.998767 939.000000 309.000000
11 110 2 50 0.250000 0.482350 0.012765 2.221711 2.220986 0.012765 723.000000 215.000000
11 111 2 51 1.350000 0.651868 0.673419 1.353372 1.352625 0.673419 941.000000 173.000000
11 112 2 52 1.600000 0.740094 0.749485 0.985940 0.985249 0.749485 881.000000 277.000000
11 113 2 53 1.100000 0.754190 0.735934 1.303244 1.302536 0.735934 864.000000 291.000000
11 114 2 54 0.750000 0.595458 0.502302 0.885735 0.885055 0.502302 837.000000 237.000000
11 115 2 55 1.600000 -0.032417 0.020465 1.787465 1.786806 0.020465 727.000000 108.000000
11 116 2 56 1.200000 0.866011 0.787831 0.952534 0.951850 0.787831 926.000000 245.000000
11 117 2 57 1.200000 0.537108 0.532668 0.785514 0.784860 0.532668 911.000000 126.000000
11 118 2 58 1.100000 0.472698 0.495199 0.768819 0.768161 0.495199 848.000000 213.000000
11 119 2 59 0.850000 0.239482 0.255977 0.969214 0.968550 0.255977 787.000000 194.000000
11 120 2 60 0.650000 0.218004 0.123012 1.052768 1.052043 0.123012 754.000000 175.000000
11 121 3 01 0.100000 0.681929 0.075458 0.935824 0.935149 0.075458 742.000000 159.000000
11 122 3 02 0.400000 0.560311 0.034769 1.119569 1.118843 0.034769 728.000000 220.000000
11 123 3 03 0.150000 -0.055107 -0.813604 1.019352 1.018648 5.469581 556.000000 295.000000
11 124 3 04 0.950000 0.383625 0.369471 1.169601 1.168941 0.369471 799.000000 246.000000
11 125 3 05 1.700000 0.112526 0.112082 0.969267 0.968551 0.112082 746.000000 219.000000
11 126 3 06 0.550000 0.249345 0.132853 1.119601 1.118842 0.132853 749.000000 233.000000
11 127 3 07 0.850000 0.853250 0.766532 1.236445 1.235736 0.766532 876.000000 288.000000
11 128 3 08 0.650000 0.586336 0.445207 1.403435 1.402730 0.445207 814.000000 253.000000
11 129 3 09 0.200000 0.506352 0.780051 1.553754 1.553021 0.780051 906.000000 262.000000
11 130 3 10 0.500000 0.781234 0.686526 2.088145 2.087395 0.686526 888.000000 245.000000
11 131 3 11 0.000000 0.006802 0.636658 0.835489 0.834959 0.636658 859.000000 262.000000
11 132 3 12 0.400000 0.433494 0.008097 0.936067 0.935153 0.008097 722.000000 203.000000
11 133 3 13 0.850000 0.817713 0.633920 1.169615 1.168942 0.633920 856.000000 265.000000
11 134 3 14 1.300000 0.433006 0.366256 1.186371 1.185638 0.366256 804.000000 231.000000
11 135 3 15 0.400000 -0.191818 0.000000 0.919187 0.918452 0.000000 720.000000 231.000000
11 136 3 16 0.800000 0.448150 0.337456 0.818962 0.818259 0.337456 800.000000 222.000000
11 137 3 17 1.200000 0.738235 0.754422 1.069405 1.068744 0.754422 892.000000 267.000000
11 138 3 18 0.250000 0.573404 0.707078 0.752191 0.751461 0.707078 902.000000 237.000000
11 139 3 19 1.300000 0.407233 0.371129 1.336604 1.335930 0.371129 799.000000 247.000000
11 140 3 20 0.950000 0.617958 0.567666 1.553710 1.553018 0.567666 852.000000 243.000000
11 141 3 21 1.150000 0.395831 0.403664 1.136289 1.135542 0.403664 846.000000 155.000000
11 142 3 22 1.100000 0.550233 0.484953 0.969240 0.968550 0.484953 857.000000 190.000000
11 143 3 23 0.100000 -0.131265 0.056392 0.902493 0.901754 0.056392 734.000000 202.000000
11 144 3 24 1.150000 -0.043314 -0.155452 1.253170 1.252436 6.127733 678.000000 182.000000
11 145 3 25 1.550000 0.954717 0.909058 0.969277 0.968546 0.909058 919.000000 295.000000
11 146 3 26 0.000000 0.818629 0.022418 1.102827 1.102144 0.022418 725.000000 227.000000
11 147 3 27 0.300000 -0.405084 0.403052 1.136263 1.135544 0.403052 804.000000 253.000000
11 148 3 28 1.250000 0.244048 0.195158 1.119404 1.118843 0.195158 771.000000 192.000000
11 149 3 29 0.150000 0.891451 -0.169413 1.186340 1.185642 6.113772 681.000000 222.000000
11 150 3 30 1.050000 0.876321 0.812156 1.219777 1.219035 0.812156 931.000000 250.000000
11 151 3 31 0.800000 0.115690 0.129895 1.219762 1.219038 0.129895 749.000000 228.000000
11 152 3 32 0.000000 0.582134 -0.027020 0.935923 0.935153 6.256165 714.000000 228.000000
11 153 3 33 0.800000 0.856962 0.702018 1.102723 1.102144 0.702018 879.000000 262.000000
11 154 3 34 1.750000 0.814375 0.831081 1.403376 1.402727 0.831081 903.000000 283.000000
11 155 3 35 1.750000 0.266309 0.280838 0.869086 0.868358 0.280838 795.000000 190.000000
11 156 3 36 0.700000 0.841779 0.730061 0.952591 0.951851 0.730061 882.000000 269.000000
11 157 3 37 1.400000 0.173521 0.251129 1.587078 1.586421 0.251129 769.000000 259.000000
11 158 3 38 1.400000 0.216953 0.225277 0.902413 0.901754 0.225277 786.000000 162.000000
11 159 3 39 1.450000 0.747023 0.617191 1.303245 1.302533 0.617191 852.000000 264.000000
11 160 3 40 0.500000 0.411889 0.553178 0.852347 0.851657 0.553178 833.000000 267.000000
11 161 3 41 1.750000 0.792152 0.765111 1.102821 1.102142 0.765111 889.000000 274.000000
11 162 3 42 1.600000 0.841059 0.758049 1.269891 1.269135 0.758049 880.000000 281.000000
11 163 3 43 0.200000 0.556855 0.363226 0.902454 0.901752 0.363226 804.000000 229.000000
11 164 3 44 0.500000 0.203048 0.087335 0.952548 0.951851 0.087335 739.000000 233.000000
11 165 3 45 0.450000 0.827091 0.651077 0.735298 0.734766 0.651077 864.000000 261.000000
11 166 3 46 0.150000 0.880041 0.039802 0.969210 0.968550 0.039802 729.000000 224.000000
11 167 3 47 0.800000 0.191460 0.192396 0.802202 0.801562 0.192396 765.000000 219.000000
11 168 3 48 1.400000 0.596267 0.576197 1.570391 1.569721 0.576197 848.000000 253.000000
11 169 3 49 0.500000 -0.037849 0.341538 0.852317 0.851659 0.341538 811.000000 194.000000
11 170 3 50 1.650000 0.698850 0.609806 0.952541 0.951851 0.609806 873.000000 231.000000
11 171 3 51 1.550000 0.250704 0.222530 1.152986 1.152239 0.222530 782.000000 176.000000
11 172 3 52 0.800000 0.085149 0.050590 1.019299 1.018652 0.050590 732.000000 213.000000
11 173 3 53 1.600000 0.744583 0.650771 0.852194 0.851658 0.650771 870.000000 253.000000
11 174 3 54 0.850000 0.550585 0.526704 1.336580 1.335930 0.526704 852.000000 223.000000
11 175 3 55 0.150000 0.252748 0.126592 1.019321 1.018646 0.126592 748.000000 230.000000
11 176 3 56 0.400000 0.389596 0.115858 0.919165 0.918453 0.115858 747.000000 218.000000
11 177 3 57 0.950000 0.955151 0.788065 0.902454 0.901754 0.788065 908.000000 263.000000
11 178 3 58 0.250000 0.015675 0.297504 0.969297 0.968550 0.297504 785.000000 238.000000
11 179 3 59 1.350000 0.447361 0.349856 0.835669 0.834958 0.349856 801.000000 228.000000
11 180 3 60 1.300000 0.724831 0.698008 0.969289 0.968549 0.698008 871.000000 270.000000
11 181 4 01 0.350000 0.452011 0.491564 0.935850 0.935151 0.491564 841.000000 224.000000
11 182 4 02 1.000000 -0.461498 -0.591491 1.002626 1.001949 5.691694 587.000000 252.000000
11 183 4 03 1.150000 0.657577 0.547562 1.019347 1.018647 0.547562 845.000000 245.000000
11 184 4 04 0.100000 0.210279 0.674143 0.969215 0.968551 0.674143 883.000000 246.000000
11 185 4 05 1.600000 0.627784 0.525515 1.336627 1.335931 0.525515 847.000000 231.000000
11 186 4 06 0.600000 0.259656 0.570842 0.969230 0.968551 0.570842 851.000000 246.000000
11 187 4 07 0.500000 1.036816 0.842193 1.136249 1.135541 0.842193 878.000000 309.000000
11 188 4 08 0.250000 0.288919 -0.003922 1.303295 1.302531 6.279264 719.000000 195.000000
11 189 4 09 1.250000 0.669598 0.544182 0.885750 0.885055 0.544182 838.000000 255.000000
11 190 4 10 0.650000 -0.017970 0.642680 0.785592 0.784860 0.642680 866.000000 255.000000
11 191 4 11 0.500000 -0.025071 0.502642 0.935870 0.935151 0.502642 825.000000 259.000000
11 192 4 12 0.050000 0.537531 -0.022418 1.286542 1.285831 6.260768 715.000000 227.000000
11 193 4 13 1.650000 0.047119 0.000000 1.019333 1.018648 0.000000 720.000000 187.000000
11 194 4 14 1.000000 -0.423272 -0.652652 1.470226 1.469524 5.630533 574.000000 259.000000
11 195 4 15 0.050000 0.219390 0.428264 0.985916 0.985249 0.428264 804.000000 266.000000
11 196 4 16 1.750000 0.526799 0.435683 1.086177 1.085443 0.435683 828.000000 218.000000
11 197 4 17 1.550000 0.881321 0.749095 0.802246 0.801558 0.749095 919.000000 236.000000
11 198 4 18 0.000000 0.557433 0.406239 1.436848 1.436126 0.406239 797.000000 271.000000
11 199 4 19 0.200000 -0.027155 0.231270 0.852382 0.851655 0.231270 793.000000 140.000000
11 200 4 20 0.600000 0.670030 0.476199 1.019380 1.018637 0.476199 818.000000 260.000000
11 201 4 21 1.050000 0.382900 0.313835 1.553678 1.553018 0.313835 794.000000 222.000000
11 202 4 22 0.550000 0.349248 0.270205 0.935871 0.935152 0.270205 797.000000 172.000000
11 203 4 23 0.350000 0.503089 0.327860 0.969251 0.968551 0.327860 820.000000 156.000000
11 204 4 24 0.000000 -0.444538 0.205683 0.902420 0.901753 0.205683 778.000000 172.000000
11 205 4 25 1.400000 0.193981 0.107583 0.969282 0.968551 0.107583 747.000000 200.000000
11 206 4 26 1.400000 0.083070 -0.008658 1.052596 1.052050 6.274528 718.000000 219.000000
11 207 4 27 1.650000 0.710718 0.636508 0.919145 0.918453 0.636508 873.000000 243.000000
11 208 4 28 1.150000 -0.406165 -0.563706 1.336692 1.335932 5.719479 598.000000 257.000000
11 209 4 29 1.100000 -0.091130 -0.345066 1.052822 1.052047 5.938119 642.000000 233.000000
11 210 4 30 1.450000 0.904546 0.806933 1.152998 1.152241 0.806933 886.000000 291.000000
11 211 4 31 0.400000 0.078344 -0.532644 0.869081 0.868356 5.750542 608.000000 260.000000
11 212 4 32 1.250000 0.466224 0.457944 1.152770 1.152235 0.457944 824.000000 239.000000
11 213 4 33 0.350000 0.869560 0.007168 1.921084 1.920400 0.007168 722.000000 171.000000
11 214 4 34 1.050000 -0.259621 -0.390366 1.954566 1.953799 5.892819 634.000000 241.000000
11 215 4 35 1.100000 -0.033177 0.008130 0.969293 0.968551 0.008130 722.000000 204.000000
11 216 4 36 0.600000 -0.297200 -0.545655 1.236439 1.235738 5.737530 601.000000 254.000000
11 217 4 37 1.200000 0.639871 0.409015 1.052786 1.052048 0.409015 834.000000 187.000000
11 218 4 38 1.400000 -0.123583 -0.244979 0.969329 0.968553 6.038207 654.000000 186.000000
11 219 4 39 0.050000 0.058167 0.008889 1.002606 1.001950 0.008889 722.000000 225.000000
11 220 4 40 1.750000 0.557226 0.430327 1.186331 1.185639 0.430327 832.000000 206.000000
11 221 4 41 0.300000 0.317247 -0.514287 0.935797 0.935156 5.768899 607.000000 250.000000
11 222 4 42 0.200000 -0.019266 -0.551930 1.336710 1.335931 5.731256 595.000000 247.000000
11 223 4 43 0.300000 0.613518 -0.013698 1.336685 1.335931 6.269488 717.000000 231.000000
11 224 4 44 0.000000 0.275657 0.521744 1.036012 1.035347 0.521744 839.000000 243.000000
11 225 4 45 1.700000 0.390968 0.258896 1.102816 1.102142 0.258896 778.000000 231.000000
11 226 4 46 1.150000 0.838999 0.653886 0.869111 0.868355 0.653886 884.000000 236.000000
11 227 4 47 0.950000 0.900253 0.691005 1.119579 1.118842 0.691005 873.000000 265.000000
11 228 4 48 0.550000 0.361900 0.392477 0.985780 0.985250 0.392477 809.000000 235.000000
11 229 4 49 1.150000 0.253477 0.182810 1.370047 1.369331 0.182810 764.000000 212.000000
11 230 4 50 1.350000 -0.015025 -0.070061 1.136088 1.135546 6.213125 704.000000 222.000000
11 231 4 51 0.000000 0.484093 -0.127164 0.919131 0.918454 6.156021 692.000000 231.000000
11 232 4 52 0.150000 0.858384 -0.388319 1.085999 1.085447 5.894867 639.000000 252.000000
11 233 4 53 1.700000 0.479460 0.495765 1.453477 1.452825 0.495765 826.000000 254.000000
11 234 4 54 0.150000 0.347389 0.626625 1.136276 1.135540 0.626625 859.000000 258.000000
11 235 4 55 1.700000 -0.114808 -0.209352 2.538958 2.538271 6.073834 645.000000 97.000000
11 236 4 56 0.650000 0.075990 0.029158 0.919141 0.918453 0.029158 727.000000 210.000000
11 237 4 57 0.450000 0.534090 0.096193 1.286545 1.285830 0.096193 742.000000 222.000000
11 238 4 58 0.050000 0.390407 -0.026542 2.271782 2.271081 6.256643 714.000000 224.000000
11 239 4 59 1.300000 -0.423729 -0.560232 0.969320 0.968547 5.722953 582.000000 230.000000
11 240 4 60 0.750000 0.345383 0.232289 1.587159 1.586415 0.232289 786.000000 171.000000
11 241 5 01 1.250000 0.514584 0.452340 0.985940 0.985250 0.452340 841.000000 201.000000
11 242 5 02 1.150000 -0.219988 -0.469846 1.186337 1.185639 5.813339 622.000000 257.000000
11 243 5 03 0.750000 0.263759 0.207496 1.303221 1.302528 0.207496 768.000000 222.000000
11 244 5 04 1.050000 -0.427518 -0.610359 4.559597 4.558863 5.672826 592.000000 267.000000
11 245 5 05 1.350000 0.040771 0.015554 1.486955 1.486224 0.015554 727.000000 0.000000
11 246 5 06 1.650000 -0.067834 -0.208920 1.436850 1.436136 6.074265 660.000000 167.000000
11 247 5 07 0.900000 0.116138 0.316164 3.657803 3.657109 0.316164 808.000000 181.000000
11 248 5 08 1.750000 0.394429 0.286745 1.353376 1.352630 0.286745 789.000000 216.000000
11 249 5 09 0.550000 1.002088 0.619312 1.052776 1.052047 0.619312 864.000000 248.000000
11 250 5 10 1.200000 0.056124 0.041470 0.885807 0.885055 0.041470 730.000000 209.000000
11 251 5 11 1.150000 0.054214 0.033885 1.252975 1.252440 0.033885 728.000000 214.000000
11 252 5 12 1.650000 0.361594 0.249176 0.969233 0.968551 0.249176 777.000000 226.000000
11 253 5 13 1.250000 -0.295008 -0.389159 1.086154 1.085445 5.894026 606.000000 172.000000
11 254 5 14 0.400000 0.172648 0.019682 1.236394 1.235736 0.019682 725.000000 196.000000
11 255 5 15 1.550000 0.764593 0.620640 1.035877 1.035347 0.620640 893.000000 208.000000
11 256 5 16 0.650000 0.314059 0.500668 0.919111 0.918453 0.500668 836.000000 238.000000
11 257 5 17 0.150000 0.656963 0.004651 1.086099 1.085445 0.004651 721.000000 235.000000
11 258 5 18 0.400000 0.575290 0.251565 0.919113 0.918454 0.251565 775.000000 236.000000
11 259 5 19 1.150000 0.747298 0.547927 0.852354 0.851658 0.547927 839.000000 255.000000
11 260 5 20 1.200000 0.328433 0.505448 2.722679 2.721959 0.505448 834.000000 244.000000
11 261 5 21 0.350000 0.524886 0.107344 0.919205 0.918444 0.107344 745.000000 218.000000
11 262 5 22 1.200000 0.419821 0.398923 1.537006 1.536320 0.398923 814.000000 227.000000
11 263 5 23 0.350000 0.156196 0.052371 0.752154 0.751461 0.052371 733.000000 202.000000
11 264 5 24 0.900000 0.121914 0.109319 0.985922 0.985249 0.109319 747.000000 204.000000
11 265 5 25 0.150000 0.355429 0.542691 0.818934 0.818258 0.542691 837.000000 256.000000
11 266 5 26 1.400000 0.393906 0.275629 1.069465 1.068745 0.275629 776.000000 252.000000
11 267 5 27 0.450000 0.428296 0.649870 1.052742 1.052045 0.649870 872.000000 250.000000
11 268 5 28 0.450000 0.655269 0.348771 0.902442 0.901755 0.348771 796.000000 241.000000
11 269 5 29 1.550000 -0.312914 -0.416151 0.935898 0.935151 5.867034 621.000000 226.000000
11 270 5 30 1.000000 0.374942 0.280108 1.169627 1.168940 0.280108 783.000000 231.000000
11 271 5 31 0.100000 0.803719 0.406514 1.269859 1.269136 0.406514 816.000000 227.000000
11 272 5 32 0.100000 0.367524 0.000000 0.969293 0.968552 0.000000 720.000000 208.000000
11 273 5 33 1.550000 -0.409294 -0.534326 1.119540 1.118839 5.748859 591.000000 232.000000
11 274 5 34 0.100000 0.660450 0.284632 0.902448 0.901755 0.284632 787.000000 221.000000
11 275 5 35 1.450000 0.195431 0.139647 1.186321 1.185639 0.139647 755.000000 201.000000
11 276 5 36 1.400000 0.785948 0.704494 1.036071 1.035345 0.704494 873.000000 270.000000
11 277 5 37 0.900000 0.457683 0.395737 0.902504 0.901752 0.395737 814.000000 225.000000
11 278 5 38 0.050000 -0.073270 0.675379 1.069406 1.068745 0.675379 873.000000 259.000000
11 279 5 39 0.250000 0.041546 -0.047135 1.687363 1.686613 6.236050 710.000000 238.000000
11 280 5 40 1.250000 0.608366 0.444870 0.952575 0.951852 0.444870 843.000000 192.000000
11 281 5 41 0.750000 0.139495 0.090305 0.935864 0.935152 0.090305 743.000000 196.000000
11 282 5 42 1.700000 0.480748 0.487359 0.785492 0.784862 0.487359 826.000000 250.000000
11 283 5 43 1.450000 0.158651 0.152649 1.019339 1.018648 0.152649 754.000000 229.000000
11 284 5 44 0.600000 0.414395 0.267011 0.952582 0.951850 0.267011 781.000000 227.000000
11 285 5 45 0.800000 0.707155 0.616297 0.952571 0.951852 0.616297 839.000000 282.000000
11 286 5 46 0.550000 0.413676 -0.661709 0.735522 0.734761 5.621477 558.000000 242.000000
11 287 5 47 0.150000 0.901567 0.194686 1.002714 1.001952 0.194686 762.000000 237.000000
11 288 5 48 0.700000 -0.240565 -0.522728 1.136282 1.135543 5.760457 599.000000 240.000000
11 289 5 49 1.300000 -0.097287 -0.219407 1.553770 1.553019 6.063779 656.000000 163.000000
11 290 5 50 1.300000 0.763896 0.710838 1.286515 1.285833 0.710838 912.000000 227.000000
11 291 5 51 1.750000 0.685131 0.626865 1.152938 1.152240 0.626865 854.000000 265.000000
11 292 5 52 0.800000 -0.290628 -0.575517 1.052744 1.052046 5.707668 587.000000 245.000000
11 293 5 53 1.000000 0.085762 -0.069072 1.152964 1.152241 6.214113 698.000000 132.000000
11 294 5 54 0.350000 0.651650 -0.674741 0.969275 0.968551 5.608444 540.000000 225.000000
11 295 5 55 1.300000 0.184958 0.216471 1.169687 1.168938 0.216471 773.000000 209.000000
11 296 5 56 1.300000 0.190220 0.128911 1.737378 1.736711 0.128911 748.000000 234.000000
11 297 5 57 0.750000 0.456368 0.341538 1.035997 1.035353 0.341538 811.000000 194.000000
11 298 5 58 0.350000 -0.024212 -0.012604 1.420099 1.419429 6.270581 717.000000 212.000000
11 299 5 59 0.700000 -0.137913 -0.025745 1.820961 1.820205 6.257440 714.000000 217.000000
11 300 5 60 0.700000 0.074008 -0.024686 2.405367 2.404676 6.258499 714.000000 207.000000
11 301 6 01 1.200000 0.557844 0.503244 1.169478 1.168948 0.503244 878.000000 163.000000
11 302 6 02 1.350000 0.928935 0.765111 0.902282 0.901757 0.765111 889.000000 274.000000
11 303 6 03 0.100000 0.121957 0.032247 0.969283 0.968547 0.032247 727.000000 233.000000
11 304 6 04 1.050000 0.439069 0.395737 0.869070 0.868357 0.395737 814.000000 225.000000
11 305 6 05 1.450000 0.659456 0.584550 1.870967 1.870303 0.584550 853.000000 249.000000
11 306 6 06 0.550000 -0.289439 -0.013333 0.902461 0.901756 6.269853 714.000000 0.000000
11 307 6 07 0.600000 -0.089498 -0.301188 1.136296 1.135542 5.981997 647.000000 215.000000
11 308 6 08 1.450000 0.208219 0.135825 0.835628 0.834956 0.135825 761.000000 150.000000
11 309 6 09 0.800000 0.598738 0.483523 1.436857 1.436129 0.483523 856.000000 191.000000
11 310 6 10 1.100000 0.858982 0.767291 1.136253 1.135542 0.767291 964.000000 197.000000
11 311 6 11 1.600000 -0.021048 -0.031118 0.718777 0.718064 6.252067 712.000000 193.000000
11 312 6 12 1.250000 -0.083841 -0.119429 1.202885 1.202341 6.163756 684.000000 150.000000
11 313 6 13 0.950000 0.264891 0.313835 0.902465 0.901754 0.313835 794.000000 222.000000
11 314 6 14 1.700000 0.270914 0.255182 1.319938 1.319232 0.255182 780.000000 220.000000
11 315 6 15 0.550000 0.331073 0.336313 0.919169 0.918454 0.336313 806.000000 204.000000
11 316 6 16 0.250000 0.262983 0.152338 1.420161 1.419429 0.152338 757.000000 209.000000
11 317 6 17 0.650000 0.483958 0.317549 1.453532 1.452825 0.317549 814.000000 164.000000
11 318 6 18 0.750000 0.133912 0.235838 0.885583 0.885055 0.235838 782.000000 192.000000
11 319 6 19 1.100000 0.433403 0.353903 2.038024 2.037294 0.353903 795.000000 247.000000
11 320 6 20 1.700000 0.074946 0.113705 0.835620 0.834955 0.113705 757.000000 126.000000
11 321 6 21 1.350000 0.053427 0.051445 1.420160 1.419425 0.051445 739.000000 81.000000
11 322 6 22 1.350000 0.461073 0.532323 2.589108 2.588366 0.532323 978.000000 12.000000
11 323 6 23 0.850000 0.432730 0.384676 0.902445 0.901754 0.384676 837.000000 161.000000
11 324 6 24 0.650000 0.656129 0.396878 1.219771 1.219038 0.396878 834.000000 178.000000
11 325 6 25 1.000000 0.334953 0.355916 1.119533 1.118842 0.355916 820.000000 181.000000
11 326 6 26 0.200000 0.510849 0.386996 1.587090 1.586418 0.386996 828.000000 185.000000
11 327 6 27 0.950000 -0.454553 -0.459193 1.236466 1.235740 5.823992 542.000000 90.000000
11 328 6 28 1.700000 -0.105841 -0.161621 1.036034 1.035347 6.121564 675.000000 174.000000
11 329 6 29 0.100000 -0.562167 0.327885 0.818996 0.818259 0.327885 803.000000 206.000000
11 330 6 30 0.750000 0.204867 0.017299 0.802241 0.801558 0.017299 725.000000 161.000000
11 331 6 31 0.450000 0.759680 0.548549 0.852318 0.851654 0.548549 841.000000 252.000000
11 332 6 32 0.400000 0.830401 0.799403 0.985943 0.985252 0.799403 901.000000 274.000000
11 333 6 33 0.450000 0.551082 0.759317 0.935904 0.935150 0.759317 888.000000 273.000000
11 334 6 34 1.500000 0.421394 0.402069 0.969216 0.968550 0.402069 811.000000 236.000000
11 335 6 35 0.300000 0.294955 0.731188 0.768808 0.768157 0.731188 903.000000 246.000000
11 336 6 36 1.550000 -0.329062 -0.363346 0.735506 0.734762 5.919839 620.000000 187.000000
11 337 6 37 1.050000 0.293930 0.203659 1.102859 1.102143 0.203659 777.000000 174.000000
11 338 6 38 1.650000 0.570613 0.573571 0.952595 0.951849 0.573571 866.000000 224.000000
11 339 6 39 1.100000 0.469991 0.501208 1.152882 1.152236 0.501208 823.000000 262.000000
11 340 6 40 0.100000 -0.128741 -0.009615 0.919176 0.918453 6.273570 718.000000 242.000000
11 341 6 41 0.050000 0.363182 -0.059690 1.269861 1.269135 6.223495 705.000000 199.000000
11 342 6 42 1.000000 0.025938 -0.022932 2.054702 2.053992 6.260254 715.000000 232.000000
11 343 6 43 0.750000 0.155701 0.291100 2.004624 2.003897 0.291100 797.000000 193.000000
11 344 6 44 0.200000 0.860038 0.744245 0.919208 0.918450 0.744245 883.000000 273.000000
11 345 6 45 1.250000 0.528650 0.505728 0.952566 0.951860 0.505728 823.000000 264.000000
11 346 6 46 1.450000 0.918572 0.814694 1.269669 1.269137 0.814694 1001.000000 185.000000
11 347 6 47 0.000000 0.347277 0.881690 0.885766 0.885055 0.881690 913.000000 291.000000
11 348 6 48 0.600000 0.035273 0.491254 1.002669 1.001948 0.491254 827.000000 250.000000
11 349 6 49 0.050000 0.210843 0.269473 1.119586 1.118843 0.269473 778.000000 240.000000
11 350 6 50 1.300000 0.459872 0.444782 0.752194 0.751461 0.444782 822.000000 236.000000
11 351 6 51 0.150000 0.507614 0.134138 1.486963 1.486222 0.134138 759.000000 161.000000
11 352 6 52 0.500000 -0.097876 0.551655 0.952543 0.951852 0.551655 840.000000 255.000000
11 353 6 53 0.650000 0.273800 0.659138 0.852401 0.851657 0.659138 861.000000 268.000000
11 354 6 54 1.050000 0.561645 0.568029 0.869103 0.868354 0.568029 847.000000 251.000000
11 355 6 55 1.500000 0.444998 0.378909 0.702072 0.701364 0.378909 806.000000 234.000000
11 356 6 56 0.600000 0.827314 0.607924 1.086138 1.085444 0.607924 887.000000 210.000000
11 357 6 57 1.500000 1.000439 0.944421 0.802215 0.801558 0.944421 966.000000 272.000000
11 358 6 58 1.050000 -0.456460 -0.592187 1.370004 1.369328 5.690999 572.000000 230.000000
11 359 6 59 1.550000 -0.419340 -0.496693 0.985973 0.985249 5.786492 591.000000 212.000000
11 360 6 60 0.550000 0.812589 0.417310 1.052718 1.052046 0.417310 810.000000 247.000000
11 000 0 01 -99.000000 -99.000000 -0.036442 1.687374 1.686604 6.246743 713.000000 258.000000
11 000 0 02 -99.000000 -99.000000 -0.024485 1.754118 1.753406 6.258700 714.000000 205.000000
11 000 0 03 -99.000000 -99.000000 -0.039196 1.704036 1.703313 6.243990 712.000000 246.000000
11 000 0 04 -99.000000 -99.000000 -0.024217 1.102819 1.102144 6.258969 713.000000 161.000000
11 000 0 05 -99.000000 -99.000000 -0.027643 1.687312 1.686614 6.255543 714.000000 233.000000
11 000 0 06 -99.000000 -99.000000 -0.022519 3.574257 3.573618 6.260667 715.000000 228.000000
11 000 0 07 -99.000000 -99.000000 -0.022078 2.572304 2.571667 6.261107 713.000000 133.000000
11 000 0 08 -99.000000 -99.000000 -0.004484 4.759923 4.759252 6.278701 719.000000 227.000000
11 000 0 09 -99.000000 -99.000000 -0.027020 3.390667 3.389924 6.256165 712.000000 154.000000
11 000 0 10 -99.000000 -99.000000 -0.026016 4.776669 4.775952 6.257169 713.000000 181.000000
11 000 0 11 -99.000000 -99.000000 -0.039979 3.140109 3.139438 6.243207 702.000000 0.000000
11 000 0 12 -99.000000 -99.000000 -0.026241 1.971223 1.970498 6.256945 710.000000 69.000000
11 000 0 13 -99.000000 -99.000000 -0.026660 0.935716 0.935157 6.256525 708.000000 0.000000
11 000 0 14 -99.000000 -99.000000 -0.024610 4.593020 4.592265 6.258575 712.000000 125.000000
11 000 0 15 -99.000000 -99.000000 -0.020563 2.405340 2.404676 6.262623 712.000000 61.000000
