08 000 0 01 1.218102 -0.237359 -0.615133 1.989606 1.987196 5.668052 602.000000 283.000000
08 000 0 02 1.304448 -0.149243 -0.241428 1.353344 1.352631 6.041757 671.000000 251.000000
08 000 0 03 1.456329 -0.437230 -0.585873 1.520263 1.519620 5.697313 576.000000 233.000000
08 000 0 04 1.425209 0.445614 0.574505 1.102822 1.102149 0.574505 854.000000 243.000000
08 000 0 05 1.283579 0.432051 0.611455 1.069380 1.068744 0.611455 849.000000 266.000000
08 000 0 06 1.277288 -0.429280 -0.519701 1.269773 1.269134 5.763484 609.000000 256.000000
08 000 0 07 1.306928 0.160223 0.370681 0.969213 0.968551 0.370681 809.000000 221.000000
08 000 0 08 1.317897 0.187603 0.230290 1.069390 1.068746 0.230290 769.000000 241.000000
08 000 0 09 1.154116 0.821816 0.834709 1.286494 1.285844 0.834709 922.000000 267.000000
08 000 0 10 1.023627 0.666421 0.878958 1.436766 1.436125 0.878958 924.000000 281.000000
08 001 1 01 1.150000 -0.011893 -0.245887 0.852342 0.851655 6.037298 655.000000 191.000000
08 002 1 02 0.300000 0.331792 -0.009302 1.086101 1.085444 6.273883 718.000000 235.000000
08 003 1 03 1.500000 0.278546 0.376189 1.119579 1.118843 0.376189 799.000000 250.000000
08 004 1 04 1.350000 0.717229 0.554307 1.269777 1.269136 0.554307 850.000000 240.000000
08 005 1 05 0.050000 -0.384273 -0.884053 1.069483 1.068745 5.399132 559.000000 318.000000
08 006 1 06 0.700000 0.834871 -0.904827 1.253140 1.252437 5.378358 552.000000 318.000000
08 007 1 07 1.150000 0.484137 0.481054 0.969196 0.968550 0.481054 827.000000 245.000000
08 008 1 08 0.250000 0.736477 1.162178 1.186272 1.185639 1.162178 914.000000 366.000000
08 009 1 09 1.700000 0.637354 0.620249 0.852347 0.851657 0.620249 860.000000 254.000000
08 010 1 10 1.300000 -0.193156 -0.449896 1.102816 1.102142 5.833289 621.000000 245.000000
08 011 1 11 1.300000 0.613012 0.729207 0.869058 0.868357 0.729207 871.000000 281.000000
08 012 1 12 0.250000 0.070799 -0.931027 1.002638 1.001948 5.352159 548.000000 322.000000
08 013 1 13 0.150000 0.838082 -0.440076 1.286549 1.285838 5.843109 623.000000 244.000000
08 014 1 14 1.300000 0.450143 0.519768 0.818939 0.818258 0.519768 819.000000 277.000000
08 015 1 15 0.350000 -0.122563 -0.648642 0.969155 0.968551 5.634543 579.000000 264.000000
08 016 1 16 0.450000 0.788164 0.647720 1.420087 1.419427 0.647720 863.000000 261.000000
08 017 1 17 0.550000 -0.071867 -0.593085 0.818879 0.818256 5.690100 598.000000 269.000000
08 018 1 18 1.750000 0.846920 0.773703 1.152965 1.152239 0.773703 889.000000 277.000000
08 019 1 19 0.200000 0.898977 -0.855053 0.919135 0.918452 5.428133 559.000000 310.000000
08 020 1 20 0.900000 0.660478 0.704668 1.152926 1.152239 0.704668 862.000000 283.000000
08 021 1 21 1.750000 0.723202 0.610041 0.969206 0.968550 0.610041 857.000000 254.000000
08 022 1 22 1.700000 0.763827 0.720642 0.785507 0.784860 0.720642 857.000000 294.000000
08 023 1 23 0.450000 0.759650 0.977711 1.319856 1.319228 0.977711 901.000000 328.000000
08 024 1 24 1.100000 0.584811 0.639855 0.869010 0.868355 0.639855 851.000000 274.000000
08 025 1 25 1.550000 0.453046 0.420107 0.752098 0.751465 0.420107 808.000000 253.000000
08 026 1 26 0.300000 0.535437 -0.874814 1.386677 1.386028 5.408371 562.000000 318.000000
08 027 1 27 1.400000 0.195471 0.254625 1.019245 1.018644 0.254625 777.000000 231.000000
08 028 1 28 0.100000 0.653258 -0.895298 1.303207 1.302530 5.387887 559.000000 321.000000
08 029 1 29 0.100000 0.696153 -0.756421 1.152969 1.152238 5.526765 586.000000 308.000000
08 030 1 30 0.400000 0.297188 1.033280 1.236405 1.235736 1.033280 923.000000 329.000000
08 031 1 31 0.300000 -0.553321 -0.700430 0.735437 0.734764 5.582756 575.000000 278.000000
08 032 1 32 1.750000 -0.241020 -0.237006 0.618536 0.617867 6.046179 670.000000 243.000000
08 033 1 33 1.250000 -0.169770 -0.413999 0.785493 0.784860 5.869186 633.000000 252.000000
08 034 1 34 0.700000 0.546572 0.727443 0.802304 0.801560 0.727443 858.000000 295.000000
08 035 1 35 0.750000 0.313925 0.625269 0.952493 0.951850 0.625269 842.000000 281.000000
08 036 1 36 1.750000 0.551861 0.415298 0.835662 0.834958 0.415298 832.000000 196.000000
08 037 1 37 0.700000 0.827474 0.832093 1.019336 1.018644 0.832093 888.000000 297.000000
08 038 1 38 1.700000 0.130853 0.146561 1.069291 1.068747 0.146561 751.000000 240.000000
08 039 1 39 0.250000 0.697739 1.030377 1.186322 1.185638 1.030377 920.000000 330.000000
08 040 1 40 0.400000 0.368111 -0.985189 1.119561 1.118844 5.297996 527.000000 322.000000
08 041 1 41 0.350000 0.301671 -0.635222 1.069407 1.068750 5.647964 591.000000 275.000000
08 042 1 42 1.650000 0.582546 0.586667 0.685421 0.684664 0.586667 835.000000 277.000000
08 043 1 43 0.300000 0.804033 -0.867183 0.835645 0.834958 5.416003 555.000000 310.000000
08 044 1 44 1.600000 -0.347821 -0.372161 0.635268 0.634567 5.911025 631.000000 222.000000
08 045 1 45 0.550000 0.504888 0.662985 1.236443 1.235738 0.662985 859.000000 272.000000
08 046 1 46 1.050000 0.641574 0.596501 0.635273 0.634566 0.596501 830.000000 288.000000
08 047 1 47 0.550000 0.588027 0.678540 1.019310 1.018645 0.678540 849.000000 290.000000
08 048 1 48 1.100000 -0.198937 -0.400241 1.219790 1.219037 5.882945 632.000000 242.000000
08 049 1 49 0.850000 0.390989 0.546360 0.752103 0.751461 0.546360 855.000000 228.000000
08 050 1 50 0.250000 0.685715 -0.806416 1.136198 1.135546 5.476769 550.000000 287.000000
08 051 1 51 0.100000 0.453583 0.800877 0.852298 0.851658 0.800877 884.000000 291.000000
08 052 1 52 0.000000 0.557416 0.760246 1.152879 1.152241 0.760246 875.000000 287.000000
08 053 1 53 1.550000 0.093410 0.010416 0.852309 0.851659 0.010416 723.000000 162.000000
08 054 1 54 0.150000 0.507844 1.019440 0.785536 0.784858 1.019440 907.000000 335.000000
08 055 1 55 1.700000 0.019481 0.093277 0.818938 0.818257 0.093277 749.000000 140.000000
08 056 1 56 0.150000 -0.109586 0.757882 0.652001 0.651267 0.757882 879.000000 282.000000
08 057 1 57 1.450000 0.849052 0.791112 1.036040 1.035349 0.791112 896.000000 276.000000
08 058 1 58 1.300000 -0.366639 -0.456543 1.219772 1.219038 5.826642 609.000000 224.000000
08 059 1 59 1.100000 -0.262436 -0.379697 0.718680 0.718062 5.903489 635.000000 237.000000
08 060 1 60 0.350000 0.799461 1.137707 0.718785 0.718064 1.137707 906.000000 364.000000
08 061 2 01 0.600000 0.907395 0.626625 0.785554 0.784860 0.626625 859.000000 258.000000
08 062 2 02 1.650000 -0.015672 -0.069453 0.651991 0.651270 6.213732 704.000000 220.000000
08 063 2 03 1.250000 0.154519 0.305223 0.651952 0.651267 0.305223 789.000000 231.000000
08 064 2 04 0.400000 0.162052 0.924427 0.702089 0.701366 0.924427 887.000000 324.000000
08 065 2 05 0.600000 0.005569 -0.165149 0.685399 0.684665 6.118037 684.000000 234.000000
08 066 2 06 0.650000 0.288107 0.593003 0.718742 0.718063 0.593003 844.000000 266.000000
08 067 2 07 0.850000 0.844970 0.792109 1.186355 1.185638 0.792109 870.000000 302.000000
08 068 2 08 0.950000 0.629811 0.634452 1.119519 1.118842 0.634452 851.000000 272.000000
08 069 2 09 1.400000 0.326756 0.303618 1.553656 1.553020 0.303618 793.000000 217.000000
08 070 2 10 0.100000 -0.337686 0.670263 0.601823 0.601176 0.670263 850.000000 286.000000
08 071 2 11 1.350000 0.707556 0.617557 0.919079 0.918453 0.617557 845.000000 274.000000
08 072 2 12 0.050000 0.317054 -0.976583 1.653880 1.653214 5.306603 498.000000 300.000000
08 073 2 13 0.050000 -0.024477 0.856851 0.785499 0.784862 0.856851 982.000000 223.000000
08 074 2 14 1.050000 0.930708 0.778947 1.069367 1.068744 0.778947 874.000000 294.000000
08 075 2 15 1.550000 0.471599 0.519146 0.818915 0.818258 0.519146 848.000000 226.000000
08 076 2 16 0.100000 0.651188 0.942000 1.169639 1.168940 0.942000 907.000000 314.000000
08 077 2 17 0.650000 0.523509 0.626344 0.668590 0.667965 0.626344 843.000000 280.000000
08 078 2 18 1.000000 0.812084 0.703946 0.952525 0.951851 0.703946 855.000000 291.000000
08 079 2 19 1.250000 0.523449 0.467680 0.702028 0.701365 0.467680 820.000000 252.000000
08 080 2 20 0.750000 0.869539 0.685409 0.701968 0.701367 0.685409 859.000000 280.000000
08 081 2 21 0.400000 0.234767 0.876978 0.835498 0.834960 0.876978 934.000000 272.000000
08 082 2 22 1.750000 0.524814 0.449334 0.668700 0.667965 0.449334 815.000000 253.000000
08 083 2 23 0.150000 0.904671 -0.831687 1.269823 1.269135 5.451499 528.000000 275.000000
08 084 2 24 0.800000 0.364495 0.318702 0.535013 0.534371 0.318702 785.000000 253.000000
08 085 2 25 0.200000 0.027557 -0.900002 0.852312 0.851655 5.383184 565.000000 327.000000
08 086 2 26 0.250000 0.656939 0.049958 1.436819 1.436128 0.049958 730.000000 250.000000
08 087 2 27 1.650000 0.705106 0.620249 0.735440 0.734763 0.620249 860.000000 254.000000
08 088 2 28 0.950000 0.633212 0.618059 1.102798 1.102144 0.618059 843.000000 277.000000
08 089 2 29 1.500000 0.300101 0.194686 0.902442 0.901754 0.194686 776.000000 166.000000
08 090 2 30 1.500000 0.385121 0.376490 0.701986 0.701361 0.376490 805.000000 235.000000
08 091 2 31 0.050000 0.436388 -0.970952 0.768866 0.768163 5.312233 546.000000 331.000000
08 092 2 32 1.000000 -0.219501 -0.374044 0.668594 0.667967 5.909141 636.000000 236.000000
08 093 2 33 1.150000 0.299719 0.394791 0.685340 0.684664 0.394791 805.000000 246.000000
08 094 2 34 1.050000 0.359142 0.287005 0.818893 0.818257 0.287005 787.000000 223.000000
08 095 2 35 0.450000 0.822809 1.107149 0.635213 0.634568 1.107149 912.000000 354.000000
08 096 2 36 0.300000 0.563119 -1.103157 1.520331 1.519622 5.180029 520.000000 349.000000
08 097 2 37 1.350000 0.378436 0.479363 1.136168 1.135541 0.479363 825.000000 248.000000
08 098 2 38 1.100000 0.817171 0.704326 0.919128 0.918454 0.704326 867.000000 277.000000
08 099 2 39 1.700000 0.259591 0.041073 0.768784 0.768161 0.041073 729.000000 231.000000
08 100 2 40 1.300000 0.033502 -0.141897 0.718767 0.718060 6.141288 689.000000 233.000000
08 101 2 41 1.450000 0.416832 0.410466 0.685331 0.684664 0.410466 814.000000 234.000000
08 102 2 42 1.700000 0.128809 -0.014353 0.835607 0.834958 6.268832 717.000000 241.000000
08 103 2 43 1.500000 -0.832582 -0.562638 0.752144 0.751463 5.720547 580.000000 228.000000
08 104 2 44 1.050000 0.682356 0.747515 0.885688 0.885055 0.747515 885.000000 272.000000
08 105 2 45 0.150000 0.103217 -0.966491 1.253099 1.252433 5.316694 510.000000 305.000000
08 106 2 46 0.700000 -0.348977 -0.556166 0.835579 0.834958 5.727019 605.000000 265.000000
08 107 2 47 0.950000 0.482231 0.496282 0.718717 0.718063 0.496282 844.000000 221.000000
08 108 2 48 0.250000 -0.098545 1.376555 1.136231 1.135542 1.376555 964.000000 402.000000
08 109 2 49 1.550000 0.510819 0.436132 0.701998 0.701368 0.436132 823.000000 229.000000
08 110 2 50 1.100000 0.710952 0.586865 0.902483 0.901753 0.586865 855.000000 247.000000
08 111 2 51 0.200000 0.598622 -0.324513 0.601866 0.601170 5.958672 647.000000 233.000000
08 112 2 52 1.200000 0.655815 0.723530 1.169649 1.168939 0.723530 879.000000 270.000000
08 113 2 53 1.600000 0.290465 0.233545 1.286510 1.285834 0.233545 774.000000 223.000000
08 114 2 54 1.200000 0.599974 0.525949 1.286476 1.285839 0.525949 839.000000 245.000000
08 115 2 55 0.800000 0.417287 0.202910 1.537003 1.536321 0.202910 763.000000 241.000000
08 116 2 56 1.350000 0.335417 0.359166 0.868993 0.868355 0.359166 824.000000 173.000000
08 117 2 57 1.350000 0.273760 0.216294 0.802208 0.801558 0.216294 769.000000 227.000000
08 118 2 58 0.100000 0.683551 -0.754069 1.403401 1.402723 5.529116 550.000000 269.000000
08 119 2 59 1.250000 0.643652 0.570040 0.702108 0.701363 0.570040 845.000000 255.000000
08 120 2 60 1.300000 0.266278 0.154868 0.618562 0.617868 0.154868 757.000000 213.000000
08 121 3 01 1.500000 0.492670 0.329232 0.852300 0.851658 0.329232 802.000000 210.000000
08 122 3 02 0.550000 0.147551 -0.048980 0.735432 0.734761 6.234205 710.000000 246.000000
08 123 3 03 0.600000 -0.149521 -0.326156 1.002614 1.001953 5.957029 651.000000 246.000000
08 124 3 04 0.900000 0.735828 0.768335 0.902435 0.901751 0.768335 864.000000 301.000000
08 125 3 05 0.000000 0.430673 -0.644385 0.768825 0.768161 5.638801 584.000000 269.000000
08 126 3 06 0.050000 0.327393 1.113321 1.921053 1.920400 1.113321 915.000000 354.000000
08 127 3 07 0.600000 0.449981 0.170867 0.885767 0.885055 0.170867 764.000000 195.000000
08 128 3 08 0.900000 0.384104 0.423034 0.735428 0.734763 0.423034 824.000000 219.000000
08 129 3 09 1.000000 0.759393 0.734594 1.319868 1.319230 0.734594 860.000000 295.000000
08 130 3 10 0.600000 0.619239 0.104513 1.052717 1.052045 0.104513 750.000000 164.000000
08 131 3 11 1.150000 0.822677 0.749583 0.618527 0.617869 0.749583 868.000000 291.000000
08 132 3 12 0.000000 -0.246259 -0.754951 0.585112 0.584469 5.528235 529.000000 247.000000
08 133 3 13 0.450000 0.212342 -0.037020 0.752185 0.751457 6.246165 710.000000 180.000000
08 134 3 14 0.900000 0.693892 0.663457 0.785552 0.784861 0.663457 899.000000 221.000000
08 135 3 15 0.550000 0.772145 0.686012 0.635425 0.634577 0.686012 878.000000 257.000000
08 136 3 16 1.150000 0.639696 0.480563 0.835652 0.834960 0.480563 830.000000 239.000000
08 137 3 17 1.200000 0.342877 0.263629 0.852393 0.851655 0.263629 781.000000 224.000000
08 138 3 18 0.500000 0.448459 0.127706 1.002593 1.001948 0.127706 753.000000 193.000000
08 139 3 19 0.600000 0.011155 -0.463648 0.735527 0.734759 5.819538 601.000000 212.000000
08 140 3 20 1.400000 0.605269 0.494161 0.668579 0.667966 0.494161 866.000000 179.000000
08 141 3 21 1.050000 -0.252671 -0.417003 1.152865 1.152241 5.866182 619.000000 222.000000
08 142 3 22 0.150000 0.697252 -0.841241 0.802198 0.801561 5.441945 550.000000 298.000000
08 143 3 23 1.600000 0.270713 0.328373 0.802207 0.801559 0.328373 797.000000 224.000000
08 144 3 24 1.000000 0.194504 0.160231 0.852274 0.851657 0.160231 752.000000 252.000000
08 145 3 25 1.300000 0.147180 0.118026 2.004576 2.003892 0.118026 750.000000 197.000000
08 146 3 26 1.450000 -0.291966 -0.541846 1.152897 1.152243 5.741339 596.000000 244.000000
08 147 3 27 0.400000 0.357350 0.007490 1.102777 1.102144 0.007490 722.000000 183.000000
08 148 3 28 0.700000 0.602791 0.601261 0.618601 0.617869 0.601261 862.000000 243.000000
08 149 3 29 1.150000 0.506456 0.318338 0.869013 0.868356 0.318338 807.000000 186.000000
08 150 3 30 0.450000 0.228679 -0.511057 0.635232 0.634569 5.772128 600.000000 236.000000
08 151 3 31 0.950000 -0.039999 -0.197396 0.735486 0.734763 6.085790 666.000000 180.000000
08 152 3 32 0.950000 -0.417662 -0.513493 1.102844 1.102143 5.769692 623.000000 278.000000
08 153 3 33 0.900000 0.883695 0.778732 0.969199 0.968550 0.778732 869.000000 299.000000
08 154 3 34 0.850000 0.977039 0.801898 0.818998 0.818258 0.801898 874.000000 301.000000
08 155 3 35 1.350000 0.417742 0.412410 0.718781 0.718065 0.412410 811.000000 242.000000
08 156 3 36 1.150000 0.454053 0.407468 1.035985 1.035345 0.407468 821.000000 216.000000
08 157 3 37 0.200000 -0.387248 -0.982794 1.269754 1.269135 5.300392 546.000000 334.000000
08 158 3 38 0.500000 -0.241402 -0.344474 0.635296 0.634568 5.938711 626.000000 188.000000
08 159 3 39 0.450000 0.009231 -0.299909 0.585162 0.584476 5.983276 643.000000 201.000000
08 160 3 40 1.500000 0.582272 0.571093 0.852268 0.851658 0.571093 853.000000 243.000000
08 161 3 41 1.000000 0.161607 0.210572 0.718685 0.718063 0.210572 776.000000 188.000000
08 162 3 42 0.800000 0.454536 0.423439 1.186318 1.185636 0.423439 816.000000 237.000000
08 163 3 43 0.950000 0.501945 0.451662 0.985869 0.985250 0.451662 834.000000 215.000000
08 164 3 44 1.100000 0.682433 0.634652 0.818850 0.818257 0.634652 854.000000 268.000000
08 165 3 45 1.050000 0.145190 0.113053 0.819001 0.818256 0.113053 746.000000 221.000000
08 166 3 46 0.450000 0.109988 -0.480006 1.486886 1.486225 5.803179 619.000000 256.000000
08 167 3 47 1.400000 0.746079 0.522292 0.969272 0.968551 0.522292 838.000000 245.000000
08 168 3 48 1.400000 0.717983 0.567719 0.735430 0.734765 0.567719 845.000000 254.000000
08 169 3 49 1.200000 0.379928 0.270700 0.818881 0.818259 0.270700 778.000000 241.000000
08 170 3 50 0.450000 0.705036 0.788348 0.735440 0.734762 0.788348 890.000000 281.000000
08 171 3 51 0.600000 0.784564 0.478722 2.772680 2.772056 0.478722 761.000000 371.000000
08 172 3 52 0.250000 0.379037 -0.453844 0.818896 0.818259 5.829341 620.000000 245.000000
08 173 3 53 1.650000 0.184663 0.215251 1.219719 1.219035 0.215251 781.000000 171.000000
08 174 3 54 1.400000 0.289098 0.335173 0.785522 0.784859 0.335173 813.000000 183.000000
08 175 3 55 0.300000 0.051853 -0.734996 0.718789 0.718062 5.548190 560.000000 273.000000
08 176 3 56 0.350000 0.641988 -0.284487 1.854177 1.853600 5.998698 639.000000 173.000000
08 177 3 57 1.550000 0.540236 0.524796 0.818846 0.818255 0.524796 841.000000 241.000000
08 178 3 58 0.350000 -0.200818 -0.581823 1.236497 1.235736 5.701362 572.000000 225.000000
08 179 3 59 0.350000 0.426665 -0.575072 1.036056 1.035348 5.708113 580.000000 234.000000
08 180 3 60 1.750000 0.408927 0.394194 0.969244 0.968551 0.394194 819.000000 212.000000
08 181 4 01 1.200000 0.271290 0.374192 0.802229 0.801560 0.374192 806.000000 231.000000
08 182 4 02 0.400000 0.076640 -0.414218 1.052739 1.052046 5.868967 618.000000 218.000000
08 183 4 03 0.000000 0.733690 -0.454033 0.551783 0.551072 5.829153 618.000000 241.000000
08 184 4 04 1.350000 0.925336 0.772899 1.303195 1.302533 0.772899 878.000000 288.000000
08 185 4 05 1.750000 0.309563 0.269296 0.768849 0.768159 0.269296 789.000000 200.000000
08 186 4 06 1.550000 0.234628 0.259006 1.169576 1.168942 0.259006 782.000000 216.000000
08 187 4 07 1.450000 0.084900 -0.042831 1.553635 1.553018 6.240354 711.000000 240.000000
08 188 4 08 0.200000 0.894021 -0.954375 0.919068 0.918455 5.328810 497.000000 292.000000
08 189 4 09 1.100000 -0.051327 -0.268039 0.685299 0.684663 6.015146 642.000000 166.000000
08 190 4 10 1.000000 0.172158 0.205395 0.868989 0.868360 0.205395 775.000000 186.000000
08 191 4 11 0.200000 0.294191 -0.989928 0.952555 0.951855 5.293257 525.000000 322.000000
08 192 4 12 1.450000 -0.001143 -0.200341 0.802286 0.801559 6.082844 667.000000 189.000000
08 193 4 13 0.700000 0.248483 0.365425 0.685326 0.684664 0.365425 808.000000 220.000000
08 194 4 14 1.600000 0.454971 0.503779 0.768763 0.768162 0.503779 833.000000 245.000000
08 195 4 15 1.200000 0.358611 0.301345 1.036002 1.035347 0.301345 789.000000 228.000000
08 196 4 16 0.650000 0.141964 -0.008163 0.735456 0.734763 6.275022 718.000000 205.000000
08 197 4 17 1.500000 0.433406 0.446441 0.885734 0.885056 0.446441 821.000000 239.000000
08 198 4 18 0.950000 0.413574 0.386268 0.885676 0.885052 0.386268 805.000000 241.000000
08 199 4 19 0.500000 0.688669 0.345117 1.386704 1.386028 0.345117 807.000000 208.000000
08 200 4 20 1.650000 0.459541 0.458102 0.685361 0.684668 0.458102 827.000000 233.000000
08 201 4 21 0.650000 0.507570 0.554792 0.635234 0.634568 0.554792 852.000000 237.000000
08 202 4 22 0.500000 0.229815 -0.102691 1.169722 1.168940 6.180494 693.000000 188.000000
08 203 4 23 1.650000 0.070973 0.035073 0.952480 0.951851 0.035073 728.000000 222.000000
08 204 4 24 0.000000 0.705613 -0.730698 1.236459 1.235735 5.552488 556.000000 267.000000
08 205 4 25 0.850000 -0.122068 -0.553077 1.219693 1.219037 5.730108 599.000000 254.000000
08 206 4 26 0.800000 0.480480 0.601534 1.152903 1.152242 0.601534 836.000000 281.000000
08 207 4 27 0.550000 0.734140 0.748166 0.752146 0.751460 0.748166 888.000000 269.000000
08 208 4 28 0.800000 0.136555 -0.054568 0.919188 0.918454 6.228618 707.000000 212.000000
08 209 4 29 0.650000 0.785664 0.719270 0.702104 0.701363 0.719270 861.000000 289.000000
08 210 4 30 0.150000 0.358123 -0.721938 0.752118 0.751463 5.561247 580.000000 291.000000
08 211 4 31 1.250000 0.970902 0.607802 1.319837 1.319232 0.607802 848.000000 266.000000
08 212 4 32 0.750000 0.077932 -0.281571 0.985870 0.985253 6.001614 650.000000 208.000000
08 213 4 33 1.000000 0.428615 0.424298 0.818884 0.818259 0.424298 837.000000 191.000000
08 214 4 34 0.950000 0.456570 0.423266 1.503580 1.502923 0.423266 811.000000 248.000000
08 215 4 35 0.850000 -0.239107 -0.447520 0.752078 0.751463 5.835665 600.000000 200.000000
08 216 4 36 0.700000 -0.160187 0.374334 2.355194 2.354579 0.374334 797.000000 254.000000
08 217 4 37 1.350000 -0.375090 -0.487595 0.752166 0.751471 5.795590 615.000000 252.000000
08 218 4 38 0.300000 0.522626 0.050272 1.470073 1.469528 0.050272 736.000000 132.000000
08 219 4 39 1.000000 0.500516 0.537995 0.651940 0.651267 0.537995 865.000000 207.000000
08 220 4 40 0.400000 0.669917 -1.038845 0.685299 0.684665 5.244341 528.000000 337.000000
08 221 4 41 1.750000 0.486857 0.426923 0.885772 0.885057 0.426923 836.000000 195.000000
08 222 4 42 0.300000 0.024775 -0.560510 0.551781 0.551069 5.722676 602.000000 262.000000
08 223 4 43 1.600000 0.587354 0.422069 0.818969 0.818262 0.422069 839.000000 185.000000
08 224 4 44 1.300000 0.559254 0.450030 0.835635 0.834958 0.450030 820.000000 243.000000
08 225 4 45 0.550000 0.895323 0.703849 1.002575 1.001948 0.703849 911.000000 225.000000
08 226 4 46 0.450000 0.573947 0.776900 0.752079 0.751461 0.776900 895.000000 272.000000
08 227 4 47 0.900000 0.667083 0.460163 0.685282 0.684664 0.460163 834.000000 220.000000
08 228 4 48 0.850000 0.809040 0.568105 0.785517 0.784857 0.568105 840.000000 262.000000
08 229 4 49 1.150000 0.689066 0.538106 1.052703 1.052045 0.538106 834.000000 259.000000
08 230 4 50 0.750000 0.457432 0.350045 0.835628 0.834958 0.350045 789.000000 261.000000
08 231 4 51 0.900000 -0.058003 -0.380506 0.718720 0.718063 5.902679 630.000000 225.000000
08 232 4 52 0.650000 0.533924 0.344079 0.685358 0.684665 0.344079 806.000000 210.000000
08 233 4 53 0.500000 0.168985 -0.205042 0.785516 0.784860 6.078143 673.000000 224.000000
08 234 4 54 0.000000 0.477854 -0.743871 1.253208 1.252435 5.539315 547.000000 262.000000
08 235 4 55 0.400000 0.845917 -0.944192 1.086117 1.085443 5.338993 557.000000 332.000000
08 236 4 56 1.750000 0.440009 0.343024 0.969248 0.968551 0.343024 805.000000 212.000000
08 237 4 57 0.100000 0.029025 0.502246 0.835593 0.834954 0.502246 826.000000 257.000000
08 238 4 58 0.700000 0.218068 0.076188 0.718728 0.718062 0.076188 740.000000 188.000000
08 239 4 59 1.450000 -0.156838 -0.317316 1.086128 1.085443 5.965869 631.000000 179.000000
08 240 4 60 1.250000 0.331021 0.338381 0.668678 0.667966 0.338381 821.000000 163.000000
08 241 5 01 1.300000 0.791815 0.530096 0.885708 0.885055 0.530096 846.000000 235.000000
08 242 5 02 1.550000 -0.493145 -0.473171 1.219674 1.219037 5.810014 613.000000 241.000000
08 243 5 03 1.100000 0.971194 0.772066 0.802244 0.801558 0.772066 868.000000 298.000000
08 244 5 04 0.800000 0.458367 0.253819 0.585124 0.584469 0.253819 782.000000 211.000000
08 245 5 05 1.700000 -0.757509 -0.624886 0.935879 0.935152 5.658299 588.000000 267.000000
08 246 5 06 1.100000 -0.481098 -0.626527 0.768775 0.768154 5.656658 568.000000 240.000000
08 247 5 07 1.050000 0.865316 0.679970 0.635286 0.634567 0.679970 889.000000 241.000000
08 248 5 08 0.200000 0.385866 -0.608325 0.885828 0.885056 5.674860 603.000000 282.000000
08 249 5 09 0.400000 -0.198882 -0.474497 1.086162 1.085442 5.808688 607.000000 230.000000
08 250 5 10 1.550000 0.469721 0.394501 0.685253 0.684664 0.394501 822.000000 205.000000
08 251 5 11 1.700000 0.469517 0.403175 0.618507 0.617869 0.403175 810.000000 239.000000
08 252 5 12 0.550000 0.207900 -0.053890 0.919090 0.918453 6.229296 707.000000 209.000000
08 253 5 13 0.750000 0.243050 0.136643 0.701983 0.701364 0.136643 753.000000 210.000000
08 254 5 14 0.900000 0.701738 0.732194 0.601841 0.601165 0.732194 880.000000 272.000000
08 255 5 15 1.250000 0.675425 0.566397 0.969230 0.968551 0.566397 844.000000 255.000000
08 256 5 16 1.450000 0.428244 0.366213 0.902351 0.901756 0.366213 827.000000 171.000000
08 257 5 17 1.200000 -0.227061 -0.373556 1.286484 1.285834 5.909629 642.000000 251.000000
08 258 5 18 1.550000 0.234044 0.259974 0.902393 0.901753 0.259974 799.000000 153.000000
08 259 5 19 0.600000 0.127371 -0.060762 1.102855 1.102142 6.222424 704.000000 187.000000
08 260 5 20 0.050000 0.110139 -0.666465 0.785523 0.784857 5.616720 580.000000 272.000000
08 261 5 21 0.200000 -0.220409 -0.622509 1.737400 1.736711 5.660676 570.000000 241.000000
08 262 5 22 0.600000 0.270608 0.155929 0.685322 0.684665 0.155929 756.000000 221.000000
08 263 5 23 1.250000 0.663934 0.549517 0.852385 0.851657 0.549517 848.000000 241.000000
08 264 5 24 1.350000 0.636656 0.594385 0.802213 0.801560 0.594385 866.000000 234.000000
08 265 5 25 0.300000 -0.158850 -0.782203 0.802215 0.801559 5.500982 564.000000 293.000000
08 266 5 26 0.450000 0.341352 -0.192396 1.837683 1.836906 6.090790 690.000000 296.000000
08 267 5 27 0.800000 -0.001765 -0.282664 0.835688 0.834958 6.000521 641.000000 178.000000
08 268 5 28 1.600000 0.385891 0.319070 0.768860 0.768160 0.319070 794.000000 226.000000
08 269 5 29 0.050000 -0.139666 -0.897390 0.752191 0.751462 5.385796 537.000000 304.000000
08 270 5 30 1.050000 -0.466284 -0.531310 0.752148 0.751461 5.751876 596.000000 239.000000
08 271 5 31 0.500000 0.630428 0.530078 0.618563 0.617869 0.530078 829.000000 264.000000
08 272 5 32 1.650000 0.666584 0.591600 0.702035 0.701365 0.591600 849.000000 258.000000
08 273 5 33 0.500000 0.893245 0.752730 0.685351 0.684667 0.752730 868.000000 292.000000
08 274 5 34 0.100000 0.067156 -0.420360 0.718715 0.718067 5.862825 623.000000 233.000000
08 275 5 35 0.550000 -0.241948 -0.494185 0.752074 0.751463 5.789001 588.000000 205.000000
08 276 5 36 1.000000 0.040379 -0.006493 1.136228 1.135539 6.276692 718.000000 142.000000
08 277 5 37 1.250000 0.768045 0.603643 0.818925 0.818258 0.603643 871.000000 231.000000
08 278 5 38 0.500000 0.264050 -0.139015 0.985909 0.985250 6.144170 686.000000 207.000000
08 279 5 39 0.900000 -0.140710 -0.268212 0.902402 0.901755 6.014973 637.000000 148.000000
08 280 5 40 0.850000 0.792912 0.514317 0.685256 0.684667 0.514317 859.000000 204.000000
08 281 5 41 1.150000 -0.409514 -0.327860 0.902377 0.901753 5.955325 620.000000 156.000000
08 282 5 42 1.250000 0.934422 -0.332214 3.841476 3.840799 5.950972 651.000000 250.000000
08 283 5 43 0.500000 0.688560 0.728769 0.651993 0.651265 0.728769 928.000000 217.000000
08 284 5 44 0.050000 0.618860 -0.115276 0.785605 0.784862 6.167909 687.000000 165.000000
08 285 5 45 1.100000 0.705257 0.585644 0.735489 0.734766 0.585644 850.000000 254.000000
08 286 5 46 0.250000 0.596277 -0.832717 0.702067 0.701366 5.450469 532.000000 279.000000
08 287 5 47 1.700000 0.237066 0.248386 0.702041 0.701363 0.248386 790.000000 174.000000
08 288 5 48 1.400000 0.017838 0.067626 0.718683 0.718063 0.067626 737.000000 199.000000
08 289 5 49 1.400000 0.817350 0.678426 0.969215 0.968548 0.678426 853.000000 285.000000
08 290 5 50 0.950000 0.221850 0.154868 0.935809 0.935152 0.154868 757.000000 213.000000
08 291 5 51 0.650000 0.687914 0.393212 0.585159 0.584467 0.393212 832.000000 180.000000
08 292 5 52 0.850000 0.275914 0.056543 1.386687 1.386026 0.056543 735.000000 185.000000
08 293 5 53 0.650000 0.171975 -0.169007 0.952552 0.951852 6.114178 677.000000 198.000000
08 294 5 54 0.500000 0.415034 0.145516 0.752101 0.751463 0.145516 754.000000 218.000000
08 295 5 55 0.050000 0.401561 -0.876529 1.303221 1.302533 5.406656 511.000000 276.000000
08 296 5 56 0.750000 0.154047 0.038443 1.002588 1.001950 0.038443 730.000000 190.000000
08 297 5 57 0.150000 -0.058175 -0.927295 0.601815 0.601169 5.355890 504.000000 288.000000
08 298 5 58 1.450000 -0.116640 -0.248059 0.752159 0.751463 6.035127 662.000000 221.000000
08 299 5 59 0.000000 0.371159 0.985152 0.902427 0.901750 0.985152 916.000000 320.000000
08 300 5 60 1.450000 0.139363 0.193959 0.752067 0.751461 0.193959 775.000000 170.000000
08 301 6 01 1.200000 0.371086 0.225038 0.702042 0.701367 0.225038 777.000000 201.000000
08 302 6 02 0.850000 0.530014 0.425076 0.601857 0.601167 0.425076 830.000000 207.000000
08 303 6 03 0.750000 0.778384 0.541812 0.585130 0.584469 0.541812 847.000000 239.000000
08 304 6 04 0.250000 0.481402 -0.585570 0.601859 0.601171 5.697616 594.000000 260.000000
08 305 6 05 1.600000 0.265657 0.210283 1.086113 1.085443 0.210283 774.000000 197.000000
08 306 6 06 0.350000 0.009331 -0.535096 0.585163 0.584471 5.748089 605.000000 256.000000
08 307 6 07 0.150000 -0.116947 -0.274051 0.585159 0.584469 6.009134 650.000000 201.000000
08 308 6 08 0.700000 0.551656 0.476571 0.668611 0.667963 0.476571 847.000000 204.000000
08 309 6 09 1.050000 0.805728 0.708626 0.702062 0.701377 0.708626 870.000000 275.000000
08 310 6 10 0.650000 0.646593 0.594845 0.668628 0.667965 0.594845 879.000000 215.000000
08 311 6 11 1.600000 0.314883 0.259062 2.121498 2.120789 0.259062 795.000000 167.000000
08 312 6 12 0.250000 -0.175624 -0.482917 1.036024 1.035347 5.800268 623.000000 265.000000
08 313 6 13 1.650000 0.589524 0.414950 0.668608 0.667974 0.414950 820.000000 223.000000
08 314 6 14 1.350000 0.237313 0.074424 0.785453 0.784861 0.074424 737.000000 222.000000
08 315 6 15 0.000000 0.010992 -0.715383 1.687295 1.686612 5.567802 541.000000 244.000000
08 316 6 16 0.100000 0.928000 -0.751703 1.169579 1.168936 5.531482 548.000000 266.000000
08 317 6 17 0.000000 -0.144511 -0.932891 0.768844 0.768162 5.350295 519.000000 301.000000
08 318 6 18 0.600000 0.219373 0.222952 0.835623 0.834956 0.222952 776.000000 203.000000
08 319 6 19 1.500000 1.033276 0.940565 0.802229 0.801558 0.940565 927.000000 299.000000
08 320 6 20 0.800000 0.766287 0.521434 0.601852 0.601166 0.521434 855.000000 215.000000
08 321 6 21 0.300000 0.202166 -0.345706 0.768827 0.768165 5.937480 635.000000 214.000000
08 322 6 22 1.500000 0.085736 -0.017122 0.668565 0.667967 6.266064 715.000000 158.000000
08 323 6 23 0.700000 0.626429 0.478035 0.702013 0.701364 0.478035 863.000000 174.000000
08 324 6 24 0.550000 0.353788 0.098274 0.835681 0.834958 0.098274 748.000000 166.000000
08 325 6 25 0.200000 0.896141 -0.895464 1.303292 1.302530 5.387722 514.000000 285.000000
08 326 6 26 0.200000 0.771365 -0.258648 1.002613 1.001949 6.024538 661.000000 227.000000
08 327 6 27 0.950000 0.056706 0.000000 0.685319 0.684666 0.000000 720.000000 197.000000
08 328 6 28 0.750000 -0.059935 -0.351871 0.651904 0.651266 5.931315 644.000000 243.000000
08 329 6 29 1.400000 0.707036 0.647111 0.585159 0.584468 0.647111 887.000000 229.000000
08 330 6 30 0.100000 0.092461 -0.489957 0.635229 0.634569 5.793228 600.000000 225.000000
08 331 6 31 1.500000 0.216212 0.367440 0.635300 0.634567 0.367440 817.000000 198.000000
08 332 6 32 1.700000 0.504538 0.395093 0.618556 0.617869 0.395093 818.000000 215.000000
08 333 6 33 1.200000 -0.306086 -0.506175 0.668663 0.667966 5.777010 618.000000 266.000000
08 334 6 34 0.800000 0.924349 0.738501 0.618492 0.617868 0.738501 852.000000 305.000000
08 335 6 35 1.000000 0.964374 0.944453 0.902384 0.901750 0.944453 890.000000 327.000000
08 336 6 36 0.650000 0.484286 0.448861 0.952581 0.951848 0.448861 825.000000 232.000000
08 337 6 37 0.750000 0.632893 0.576799 1.202955 1.202339 0.576799 882.000000 201.000000
08 338 6 38 1.450000 0.419516 0.347767 0.869034 0.868357 0.347767 807.000000 210.000000
08 339 6 39 0.400000 0.194518 0.750745 0.902472 0.901755 0.750745 901.000000 256.000000
08 340 6 40 0.350000 0.877249 -0.201909 1.069458 1.068747 6.081277 659.000000 152.000000
08 341 6 41 1.550000 -0.014856 -0.119557 0.952613 0.951854 6.163628 683.000000 142.000000
08 342 6 42 1.750000 -0.191218 -0.238114 1.019294 1.018649 6.045072 645.000000 141.000000
08 343 6 43 0.350000 0.783667 1.130266 0.802220 0.801560 1.130266 930.000000 351.000000
08 344 6 44 1.600000 0.402840 0.418224 1.136197 1.135543 0.418224 836.000000 189.000000
08 345 6 45 0.800000 0.374481 0.391084 1.503640 1.502921 0.391084 807.000000 239.000000
08 346 6 46 1.150000 -0.219950 -0.261326 0.752106 0.751462 6.021859 651.000000 192.000000
08 347 6 47 0.000000 -0.069485 0.282779 0.601818 0.601170 0.282779 797.000000 185.000000
08 348 6 48 1.050000 0.268729 0.309986 0.919106 0.918453 0.309986 802.000000 194.000000
08 349 6 49 1.300000 0.553745 0.523490 1.319925 1.319234 0.523490 877.000000 178.000000
08 350 6 50 0.150000 0.605999 1.202100 0.785507 0.784860 1.202100 940.000000 365.000000
08 351 6 51 1.650000 0.183325 0.121997 0.718718 0.718064 0.121997 752.000000 189.000000
08 352 6 52 0.900000 0.323573 0.469162 0.668659 0.667967 0.469162 830.000000 233.000000
08 353 6 53 0.350000 0.484338 -0.749814 0.919153 0.918450 5.533371 571.000000 290.000000
08 354 6 54 1.400000 0.212338 0.158794 0.685271 0.684665 0.158794 765.000000 169.000000
08 355 6 55 0.850000 0.369964 0.474497 0.668647 0.667966 0.474497 833.000000 230.000000
08 356 6 56 1.650000 -0.271088 -0.223662 0.752106 0.751461 6.059523 667.000000 217.000000
08 357 6 57 1.600000 0.445190 0.541079 0.668628 0.667966 0.541079 854.000000 227.000000
08 358 6 58 1.200000 0.193496 0.154469 1.069436 1.068745 0.154469 765.000000 161.000000
08 359 6 59 0.750000 0.503652 0.435129 1.102860 1.102143 0.435129 839.000000 194.000000
08 360 6 60 0.050000 -0.018884 -0.968089 0.969203 0.968551 5.315096 518.000000 311.000000
08 000 0 01 -99.000000 -99.000000 -0.073796 4.943662 4.942937 6.209390 701.000000 193.000000
08 000 0 02 -99.000000 -99.000000 0.542344 4.860173 4.859446 0.542344 858.000000 221.000000
08 000 0 03 -99.000000 -99.000000 1.081361 1.887637 1.887003 1.081361 919.000000 344.000000
08 000 0 04 -99.000000 -99.000000 -1.420714 1.553687 1.553020 4.862471 515.000000 419.000000
08 000 0 05 -99.000000 -99.000000 -1.032690 1.102777 1.102134 5.250495 529.000000 336.000000
08 000 0 06 -99.000000 -99.000000 -0.680355 1.052708 1.052046 5.602830 580.000000 277.000000
08 000 0 07 -99.000000 -99.000000 -0.443032 1.169632 1.168939 5.840153 627.000000 254.000000
08 000 0 08 -99.000000 -99.000000 -0.027143 1.169592 1.168937 6.256043 714.000000 229.000000
08 000 0 09 -99.000000 -99.000000 0.458300 0.935812 0.935153 0.458300 831.000000 225.000000
08 000 0 10 -99.000000 -99.000000 0.874902 0.885686 0.885055 0.874902 890.000000 308.000000
08 000 0 11 -99.000000 -99.000000 1.435269 0.701989 0.701363 1.435269 918.000000 423.000000
08 000 0 12 -99.000000 -99.000000 -1.424386 1.169637 1.168938 4.858799 503.000000 418.000000
08 000 0 13 -99.000000 -99.000000 -1.088459 1.520270 1.519622 5.194726 508.000000 339.000000
08 000 0 14 -99.000000 -99.000000 -0.887354 0.735410 0.734763 5.395832 553.000000 314.000000
08 000 0 15 -99.000000 -99.000000 -0.690879 0.768905 0.768158 5.592306 572.000000 271.000000
