04 000 0 01 1.303832 0.700991 0.795431 3.367407 3.339820 0.795431 871.000000 302.000000
04 000 0 02 1.294991 0.096623 0.159913 1.503658 1.502925 0.159913 765.000000 171.000000
04 000 0 03 1.263501 0.720991 0.806167 1.219777 1.219037 0.806167 892.000000 285.000000
04 000 0 04 1.293422 -0.057610 -0.045596 1.219802 1.219037 6.237590 708.000000 187.000000
04 000 0 05 1.044793 0.397583 0.403419 1.203070 1.202337 0.403419 825.000000 204.000000
04 000 0 06 1.260094 0.281642 0.396522 2.639123 2.638464 0.396522 823.000000 204.000000
04 000 0 07 1.375656 0.717272 0.753012 1.203029 1.202338 0.753012 944.000000 211.000000
04 000 0 08 1.359517 0.321621 0.378427 1.653858 1.653214 0.378427 819.000000 201.000000
04 000 0 09 1.040555 -0.019536 -0.028728 1.219746 1.219037 6.254458 710.000000 102.000000
04 000 0 10 1.388409 0.060116 0.105097 1.704046 1.703310 0.105097 745.000000 213.000000
04 001 1 01 1.100000 0.238051 0.264566 1.637220 1.636516 0.264566 788.000000 199.000000
04 002 1 02 1.700000 0.725062 0.747515 1.353325 1.352632 0.747515 885.000000 272.000000
04 003 1 03 1.600000 0.515177 0.497661 1.102850 1.102145 0.497661 833.000000 242.000000
04 004 1 04 1.600000 0.396810 0.425892 0.969262 0.968551 0.425892 813.000000 245.000000
04 005 1 05 1.300000 0.494259 0.491678 2.121502 2.120792 0.491678 833.000000 239.000000
04 006 1 06 0.700000 0.795546 0.748378 1.219741 1.219036 0.748378 863.000000 296.000000
04 007 1 07 1.700000 -0.148608 -0.114254 1.052755 1.052048 6.168931 692.000000 206.000000
04 008 1 08 0.800000 -0.091577 -0.148472 1.069455 1.068747 6.134713 685.000000 216.000000
04 009 1 09 0.350000 -0.071927 -0.161285 1.904385 1.903703 6.121900 679.000000 198.000000
04 010 1 10 0.350000 0.284804 -0.066829 2.004629 2.003896 6.216356 703.000000 196.000000
04 011 1 11 0.400000 0.432023 0.556835 1.169605 1.168939 0.556835 847.000000 246.000000
04 012 1 12 0.050000 -0.220965 -0.688212 1.336667 1.335931 5.594973 558.000000 253.000000
04 013 1 13 0.950000 0.500080 0.367174 2.021283 2.020596 0.367174 800.000000 242.000000
04 014 1 14 0.150000 0.361298 -0.520785 1.085987 1.085449 5.762401 607.000000 253.000000
04 015 1 15 0.500000 0.793996 0.770822 1.637265 1.636518 0.770822 889.000000 276.000000
04 016 1 16 1.000000 -0.017920 -0.030294 1.587138 1.586419 6.252892 713.000000 219.000000
04 017 1 17 1.200000 0.486299 0.602287 1.303186 1.302533 0.602287 841.000000 274.000000
04 018 1 18 1.200000 0.008853 -0.038117 1.236474 1.235736 6.245068 711.000000 214.000000
04 019 1 19 1.050000 0.946843 0.986195 1.536953 1.536323 0.986195 924.000000 315.000000
04 020 1 20 1.600000 0.688499 0.657075 1.637232 1.636516 0.657075 855.000000 275.000000
04 021 1 21 0.450000 0.450925 0.419880 1.486932 1.486224 0.419880 820.000000 226.000000
04 022 1 22 0.600000 0.387648 0.258896 1.520338 1.519622 0.258896 778.000000 231.000000
04 023 1 23 0.550000 0.775872 0.559586 1.420168 1.419429 0.559586 834.000000 268.000000
04 024 1 24 0.300000 0.135517 -0.152338 1.503653 1.502923 6.130848 683.000000 209.000000
04 025 1 25 1.350000 0.432429 0.445301 1.687356 1.686613 0.445301 825.000000 230.000000
04 026 1 26 0.550000 0.331561 0.102007 1.186301 1.185638 0.102007 746.000000 196.000000
04 027 1 27 0.750000 0.643792 0.595531 1.587146 1.586417 0.595531 844.000000 267.000000
04 028 1 28 0.700000 -0.072784 -0.187640 1.169626 1.168944 6.095546 675.000000 213.000000
04 029 1 29 0.850000 0.773280 0.769627 1.837630 1.836904 0.769627 876.000000 289.000000
04 030 1 30 0.650000 0.842987 0.920062 1.336677 1.335932 0.920062 896.000000 316.000000
04 031 1 31 1.050000 0.501395 0.459679 1.319902 1.319232 0.459679 820.000000 248.000000
04 032 1 32 0.450000 -0.160006 -0.329326 1.603856 1.603116 5.953859 639.000000 213.000000
04 033 1 33 0.000000 0.563179 -0.583508 1.153018 1.152242 5.699677 584.000000 244.000000
04 034 1 34 0.850000 0.480907 0.487776 1.169638 1.168936 0.487776 859.000000 188.000000
04 035 1 35 1.400000 0.086350 0.093622 1.269840 1.269134 0.093622 740.000000 237.000000
04 036 1 36 1.550000 0.621885 0.585607 1.136185 1.135541 0.585607 848.000000 257.000000
04 037 1 37 0.550000 0.992469 1.160669 1.119620 1.118842 1.160669 950.000000 350.000000
04 038 1 38 0.950000 0.604806 0.724866 1.603835 1.603118 0.724866 875.000000 275.000000
04 039 1 39 1.100000 -0.159735 -0.186979 1.203066 1.202338 6.096206 678.000000 228.000000
04 040 1 40 1.650000 0.380332 0.383818 1.520269 1.519621 0.383818 804.000000 242.000000
04 041 1 41 1.350000 0.187049 0.210795 1.269792 1.269135 0.210795 769.000000 221.000000
04 042 1 42 1.200000 0.302578 0.361494 1.303231 1.302533 0.361494 796.000000 249.000000
04 043 1 43 0.350000 0.610780 0.241753 1.169630 1.168939 0.241753 774.000000 231.000000
04 044 1 44 0.300000 0.088705 -0.362679 1.019329 1.018646 5.920506 635.000000 226.000000
04 045 1 45 1.200000 0.120250 0.159606 1.169605 1.168942 0.159606 753.000000 245.000000
04 046 1 46 0.200000 0.423739 -0.402655 1.002637 1.001949 5.880531 628.000000 234.000000
04 047 1 47 0.850000 0.685809 0.624635 1.470248 1.469525 0.624635 844.000000 278.000000
04 048 1 48 1.400000 0.173362 0.180926 1.269882 1.269134 0.180926 765.000000 204.000000
04 049 1 49 0.950000 0.547463 0.636841 1.102890 1.102142 0.636841 845.000000 281.000000
04 050 1 50 1.750000 0.538200 0.577902 1.036052 1.035348 0.577902 840.000000 266.000000
04 051 1 51 1.750000 0.512927 0.507099 1.069455 1.068746 0.507099 825.000000 261.000000
04 052 1 52 1.700000 0.273498 0.277720 2.054709 2.053992 0.277720 785.000000 222.000000
04 053 1 53 0.650000 0.321194 0.526445 0.935706 0.935152 0.526445 831.000000 259.000000
04 054 1 54 0.950000 0.778387 0.368194 1.236413 1.235736 0.368194 796.000000 253.000000
04 055 1 55 0.600000 0.197595 0.124927 1.036043 1.035349 0.124927 747.000000 235.000000
04 056 1 56 1.100000 0.608086 0.679988 0.952546 0.951848 0.679988 851.000000 288.000000
04 057 1 57 0.500000 0.689689 0.419185 0.902411 0.901754 0.419185 806.000000 257.000000
04 058 1 58 0.500000 0.142319 -0.156821 1.369984 1.369324 6.126364 683.000000 216.000000
04 059 1 59 0.650000 0.740684 0.806416 0.935819 0.935151 0.806416 890.000000 287.000000
04 060 1 60 0.150000 0.735289 -0.174467 1.303217 1.302533 6.108718 671.000000 172.000000
04 061 2 01 1.000000 -0.497803 -0.428346 1.236492 1.235736 5.854839 620.000000 231.000000
04 062 2 02 1.000000 -0.534364 -0.513799 0.969265 0.968550 5.769387 606.000000 248.000000
04 063 2 03 0.250000 -0.349121 -0.378980 1.486905 1.486223 5.904206 630.000000 224.000000
04 064 2 04 1.350000 0.886526 0.856247 0.969204 0.968551 0.856247 886.000000 306.000000
04 065 2 05 0.600000 0.052632 -0.242778 1.186352 1.185639 6.040407 667.000000 236.000000
04 066 2 06 1.350000 0.287029 0.347062 0.902415 0.901754 0.347062 805.000000 215.000000
04 067 2 07 0.500000 0.564663 0.286304 1.353378 1.352631 0.286304 783.000000 236.000000
04 068 2 08 1.000000 -0.036273 -0.043640 1.253097 1.252440 6.239545 710.000000 221.000000
04 069 2 09 0.750000 -0.391564 -0.483126 2.689320 2.688559 5.800060 624.000000 267.000000
04 070 2 10 1.300000 -0.247267 -0.300074 1.253222 1.252441 5.983112 651.000000 227.000000
04 071 2 11 1.250000 0.127661 0.167102 1.336602 1.335931 0.167102 762.000000 201.000000
04 072 2 12 0.200000 0.508884 -1.124193 1.052805 1.052045 5.158993 507.000000 348.000000
04 073 2 13 0.250000 0.281021 -0.402466 0.935860 0.935154 5.880720 614.000000 201.000000
04 074 2 14 1.550000 0.456217 0.369769 1.704035 1.703314 0.369769 820.000000 192.000000
04 075 2 15 0.000000 -0.097881 -0.218271 1.019400 1.018650 6.064914 661.000000 184.000000
04 076 2 16 0.050000 0.361865 -0.516957 1.036114 1.035347 5.766229 608.000000 253.000000
04 077 2 17 0.200000 0.647466 0.018114 1.086142 1.085445 0.018114 725.000000 174.000000
04 078 2 18 1.550000 0.151461 0.163901 0.985965 0.985250 0.163901 763.000000 190.000000
04 079 2 19 0.500000 0.320848 0.130403 0.952570 0.951854 0.130403 752.000000 206.000000
04 080 2 20 1.400000 -0.057486 -0.089447 1.036041 1.035347 6.193739 700.000000 227.000000
04 081 2 21 1.500000 0.319842 0.307143 1.587126 1.586418 0.307143 792.000000 223.000000
04 082 2 22 1.250000 0.304234 0.354380 1.086195 1.085448 0.354380 794.000000 250.000000
04 083 2 23 0.400000 0.571373 0.536435 1.219725 1.219035 0.536435 830.000000 265.000000
04 084 2 24 0.850000 0.157764 0.175660 1.169609 1.168934 0.175660 761.000000 219.000000
04 085 2 25 0.400000 -0.127757 -0.321751 0.835712 0.834952 5.961435 630.000000 180.000000
04 086 2 26 1.650000 0.719960 0.691921 0.835606 0.834957 0.691921 865.000000 275.000000
04 087 2 27 0.400000 0.659184 0.176488 0.919175 0.918453 0.176488 776.000000 136.000000
04 088 2 28 1.450000 0.674737 0.641850 1.319882 1.319233 0.641850 865.000000 256.000000
04 089 2 29 1.350000 0.770803 0.814292 1.253082 1.252437 0.814292 898.000000 282.000000
04 090 2 30 1.400000 0.743870 0.708204 1.069430 1.068746 0.708204 887.000000 255.000000
04 091 2 31 0.600000 0.134102 -0.181876 1.269907 1.269135 6.101310 672.000000 189.000000
04 092 2 32 1.300000 0.608767 0.498416 0.952551 0.951852 0.498416 843.000000 224.000000
04 093 2 33 1.450000 0.515084 0.557124 0.952503 0.951849 0.557124 834.000000 267.000000
04 094 2 34 1.100000 0.351911 0.277738 1.203056 1.202336 0.277738 787.000000 215.000000
04 095 2 35 0.750000 0.754317 0.748588 0.935856 0.935152 0.748588 890.000000 267.000000
04 096 2 36 1.650000 0.264776 0.239648 1.436861 1.436127 0.239648 774.000000 229.000000
04 097 2 37 0.000000 0.026634 -0.652633 1.169632 1.168937 5.630552 587.000000 276.000000
04 098 2 38 1.300000 0.157559 0.130476 1.052803 1.052047 0.130476 749.000000 229.000000
04 099 2 39 1.150000 0.736364 0.736330 1.319869 1.319231 0.736330 933.000000 215.000000
04 100 2 40 0.150000 0.455693 -0.510898 1.286596 1.285832 5.772287 595.000000 227.000000
04 101 2 41 0.800000 -0.053021 -0.103235 0.818982 0.818256 6.179950 697.000000 228.000000
04 102 2 42 0.600000 0.587271 0.472497 0.885715 0.885055 0.472497 835.000000 225.000000
04 103 2 43 1.450000 0.070262 0.064844 1.319930 1.319232 0.064844 735.000000 219.000000
04 104 2 44 0.100000 0.137526 0.003226 2.038002 2.037295 0.003226 721.000000 140.000000
04 105 2 45 0.850000 0.484730 0.505055 1.036058 1.035348 0.505055 835.000000 242.000000
04 106 2 46 0.750000 -0.425885 -0.567363 1.069480 1.068744 5.715822 590.000000 246.000000
04 107 2 47 1.100000 0.514222 0.454033 1.570456 1.569718 0.454033 822.000000 241.000000
04 108 2 48 1.650000 0.389242 0.418554 1.119573 1.118843 0.418554 845.000000 169.000000
04 109 2 49 0.450000 0.230832 0.341356 1.102790 1.102142 0.341356 801.000000 222.000000
04 110 2 50 0.350000 -0.297570 -0.358771 0.935915 0.935150 5.924415 618.000000 178.000000
04 111 2 51 0.300000 0.777963 -0.285857 1.286523 1.285833 5.997328 638.000000 171.000000
04 112 2 52 0.650000 0.418423 0.190435 1.169649 1.168940 0.190435 768.000000 201.000000
04 113 2 53 1.500000 0.805146 0.764616 1.370059 1.369330 0.764616 932.000000 229.000000
04 114 2 54 1.400000 -0.064287 -0.114392 0.952561 0.951852 6.168793 693.000000 215.000000
04 115 2 55 0.350000 0.779369 0.128780 0.835606 0.834956 0.128780 756.000000 172.000000
04 116 2 56 1.150000 0.199750 0.228236 1.102805 1.102142 0.228236 779.000000 196.000000
04 117 2 57 1.150000 0.661864 0.678662 1.186322 1.185638 0.678662 870.000000 264.000000
04 118 2 58 0.500000 0.193727 0.207959 0.852398 0.851656 0.207959 766.000000 232.000000
04 119 2 59 1.250000 -0.245167 -0.203166 1.036046 1.035346 6.080019 672.000000 217.000000
04 120 2 60 0.300000 0.118494 -0.280908 0.702070 0.701364 6.002277 647.000000 197.000000
04 121 3 01 1.650000 0.596446 0.539075 0.835616 0.834959 0.539075 851.000000 231.000000
04 122 3 02 0.800000 0.563532 0.490985 0.985919 0.985251 0.490985 828.000000 248.000000
04 123 3 03 1.250000 0.777561 0.739074 1.002630 1.001954 0.739074 864.000000 292.000000
04 124 3 04 0.450000 0.486430 0.115190 0.952530 0.951851 0.115190 748.000000 208.000000
04 125 3 05 1.700000 0.530919 0.508016 1.019318 1.018648 0.508016 823.000000 265.000000
04 126 3 06 0.900000 0.903070 0.984106 1.336664 1.335931 0.984106 896.000000 333.000000
04 127 3 07 0.900000 0.191642 0.156998 0.969263 0.968550 0.156998 761.000000 191.000000
04 128 3 08 1.450000 0.533430 0.523278 1.169598 1.168941 0.523278 855.000000 216.000000
04 129 3 09 0.700000 0.799220 0.682088 0.935892 0.935153 0.682088 854.000000 285.000000
04 130 3 10 0.750000 0.232343 0.193118 1.253177 1.252431 0.193118 764.000000 225.000000
04 131 3 11 0.050000 -0.074747 -0.280412 1.169710 1.168940 6.002774 648.000000 200.000000
04 132 3 12 0.000000 0.470899 -0.148720 1.837582 1.836905 6.134466 677.000000 163.000000
04 133 3 13 1.400000 0.771704 0.578752 0.818916 0.818258 0.578752 884.000000 199.000000
04 134 3 14 0.800000 0.937900 0.918829 1.152905 1.152240 0.918829 889.000000 321.000000
04 135 3 15 0.250000 0.298183 -0.191709 0.735435 0.734762 6.091476 674.000000 213.000000
04 136 3 16 0.250000 0.041460 -1.046387 0.869062 0.868357 5.236798 516.000000 332.000000
04 137 3 17 1.050000 -0.284276 -0.384864 1.937845 1.937100 5.898322 624.000000 213.000000
04 138 3 18 0.950000 0.485094 0.452059 0.902490 0.901755 0.452059 838.000000 207.000000
04 139 3 19 0.200000 0.271912 -0.355417 1.069423 1.068746 5.927769 635.000000 221.000000
04 140 3 20 0.450000 0.655334 0.471384 0.718741 0.718062 0.471384 825.000000 244.000000
04 141 3 21 1.100000 -0.124282 -0.250902 0.802257 0.801559 6.032284 659.000000 212.000000
04 142 3 22 1.500000 0.688314 0.559586 0.785525 0.784860 0.559586 834.000000 268.000000
04 143 3 23 0.900000 0.756482 0.737815 1.002596 1.001951 0.737815 870.000000 285.000000
04 144 3 24 0.050000 0.245756 -0.068732 0.618567 0.617870 6.214453 701.000000 174.000000
04 145 3 25 0.550000 0.419335 0.390366 0.868996 0.868355 0.390366 806.000000 241.000000
04 146 3 26 0.600000 0.070897 -0.027125 1.269885 1.269133 6.256060 713.000000 192.000000
04 147 3 27 1.450000 0.456686 0.416644 1.336590 1.335930 0.416644 824.000000 215.000000
04 148 3 28 0.700000 0.296665 0.277702 1.119532 1.118842 0.277702 783.000000 229.000000
04 149 3 29 0.200000 0.498635 -0.136821 1.820874 1.820205 6.146364 682.000000 174.000000
04 150 3 30 0.850000 0.509407 0.606731 1.253104 1.252437 0.606731 872.000000 231.000000
04 151 3 31 1.550000 -0.054857 -0.081531 0.802256 0.801557 6.201654 699.000000 193.000000
04 152 3 32 0.650000 -0.016903 -0.051678 1.119562 1.118841 6.231507 708.000000 218.000000
04 153 3 33 1.250000 0.752508 0.805003 1.169665 1.168939 0.805003 876.000000 300.000000
04 154 3 34 0.650000 -0.087814 -0.112140 0.952592 0.951852 6.171045 695.000000 228.000000
04 155 3 35 0.650000 0.219307 0.192919 1.136188 1.135540 0.192919 762.000000 235.000000
04 156 3 36 0.250000 0.522612 0.000000 0.818931 0.818259 0.000000 720.000000 208.000000
04 157 3 37 0.700000 -0.397054 -0.488642 1.420183 1.419428 5.794543 594.000000 213.000000
04 158 3 38 1.700000 -0.213372 -0.182496 2.004581 2.003897 6.100689 677.000000 217.000000
04 159 3 39 0.500000 -0.376063 -0.545655 1.336689 1.335930 5.737530 601.000000 254.000000
04 160 3 40 1.300000 0.472040 0.501519 1.052737 1.052047 0.501519 879.000000 160.000000
04 161 3 41 1.350000 0.241157 0.215987 1.219700 1.219037 0.215987 772.000000 213.000000
04 162 3 42 0.050000 0.409462 -0.270153 0.852344 0.851657 6.013032 630.000000 125.000000
04 163 3 43 1.450000 -0.081221 -0.140730 1.036017 1.035348 6.142455 686.000000 210.000000
04 164 3 44 1.200000 0.437641 0.424516 1.152887 1.152239 0.424516 833.000000 200.000000
04 165 3 45 1.750000 0.268078 0.235262 1.453559 1.452819 0.235262 784.000000 183.000000
04 166 3 46 1.700000 0.329624 0.312901 1.119502 1.118842 0.312901 797.000000 212.000000
04 167 3 47 1.050000 0.468909 0.508424 0.969215 0.968550 0.508424 827.000000 258.000000
04 168 3 48 1.700000 0.798379 0.728549 1.236474 1.235736 0.728549 894.000000 255.000000
04 169 3 49 0.500000 0.191161 -0.241693 1.336653 1.335937 6.041493 667.000000 235.000000
04 170 3 50 0.650000 0.557032 0.700768 1.119578 1.118840 0.700768 898.000000 239.000000
04 171 3 51 0.400000 0.725282 0.346745 0.885583 0.885055 0.346745 806.000000 212.000000
04 172 3 52 1.450000 0.517109 0.477481 0.985904 0.985249 0.477481 824.000000 249.000000
04 173 3 53 0.900000 0.161905 0.148505 1.069391 1.068744 0.148505 758.000000 196.000000
04 174 3 54 0.550000 0.502413 0.271395 1.219762 1.219036 0.271395 784.000000 220.000000
04 175 3 55 0.300000 0.448338 0.054633 1.203049 1.202337 0.054633 734.000000 194.000000
04 176 3 56 1.400000 0.259136 0.278818 1.002677 1.001949 0.278818 793.000000 195.000000
04 177 3 57 1.400000 0.307315 0.231091 1.036084 1.035348 0.231091 772.000000 229.000000
04 178 3 58 0.350000 0.972649 -0.403460 0.752211 0.751464 5.879726 612.000000 197.000000
04 179 3 59 1.750000 0.956648 0.816476 1.086105 1.085443 0.816476 919.000000 263.000000
04 180 3 60 0.150000 0.377251 -0.334608 1.420140 1.419428 5.948577 615.000000 148.000000
04 181 4 01 0.900000 0.241286 0.218209 0.952575 0.951853 0.218209 771.000000 220.000000
04 182 4 02 0.900000 0.758969 0.723679 0.718757 0.718064 0.723679 887.000000 261.000000
04 183 4 03 0.300000 0.616175 0.556239 0.902425 0.901754 0.556239 886.000000 183.000000
04 184 4 04 1.500000 0.498866 0.458614 0.785559 0.784859 0.458614 838.000000 211.000000
04 185 4 05 1.750000 -0.025888 -0.023525 1.186354 1.185639 6.259660 714.000000 195.000000
04 186 4 06 1.150000 0.114727 0.102320 1.002489 1.001951 0.102320 743.000000 226.000000
04 187 4 07 0.150000 0.800099 -0.225812 0.618635 0.617870 6.057374 652.000000 154.000000
04 188 4 08 0.150000 0.057351 -0.211599 0.752202 0.751463 6.071586 662.000000 180.000000
04 189 4 09 0.100000 0.464837 -0.153876 0.802226 0.801562 6.129309 682.000000 205.000000
04 190 4 10 0.900000 0.651254 0.581565 1.136228 1.135542 0.581565 862.000000 234.000000
04 191 4 11 1.650000 0.469085 0.439220 1.436784 1.436126 0.439220 829.000000 218.000000
04 192 4 12 1.050000 0.357929 0.285869 1.804174 1.803508 0.285869 807.000000 154.000000
04 193 4 13 0.950000 0.524178 0.657754 1.102856 1.102144 0.657754 883.000000 239.000000
04 194 4 14 0.000000 -0.058167 -0.336836 1.102886 1.102143 5.946350 623.000000 173.000000
04 195 4 15 0.300000 -0.067126 -0.086738 1.019201 1.018652 6.196447 694.000000 151.000000
04 196 4 16 1.050000 0.347268 0.429611 0.952531 0.951850 0.429611 824.000000 223.000000
04 197 4 17 0.050000 0.457442 -0.253819 0.885805 0.885053 6.029366 658.000000 211.000000
04 198 4 18 0.050000 0.314585 -0.164588 0.869132 0.868357 6.118598 672.000000 161.000000
04 199 4 19 0.700000 0.259356 0.189342 1.019331 1.018647 0.189342 775.000000 163.000000
04 200 4 20 1.250000 0.353622 0.356701 1.186368 1.185639 0.356701 799.000000 238.000000
04 201 4 21 0.450000 0.599228 0.678179 1.336663 1.335929 0.678179 948.000000 167.000000
04 202 4 22 1.500000 0.531361 0.396754 0.818953 0.818259 0.396754 826.000000 197.000000
04 203 4 23 0.100000 0.648193 -0.461803 0.819018 0.818259 5.821383 612.000000 233.000000
04 204 4 24 0.700000 0.298405 0.192048 1.470224 1.469525 0.192048 776.000000 162.000000
04 205 4 25 1.000000 0.336671 0.263751 1.119552 1.118843 0.263751 784.000000 213.000000
04 206 4 26 1.200000 0.370877 0.439220 1.136196 1.135542 0.439220 829.000000 218.000000
04 207 4 27 1.600000 0.276043 0.248059 1.119567 1.118844 0.248059 778.000000 221.000000
04 208 4 28 1.600000 0.290304 0.254625 0.735486 0.734762 0.254625 796.000000 158.000000
04 209 4 29 1.000000 0.520014 0.638505 1.069452 1.068745 0.638505 887.000000 225.000000
04 210 4 30 0.050000 -0.541807 -0.412875 1.002493 1.001954 5.870311 621.000000 224.000000
04 211 4 31 0.200000 0.824991 0.565581 0.869037 0.868355 0.565581 899.000000 168.000000
04 212 4 32 0.100000 0.249420 -0.365518 0.986007 0.985249 5.917667 627.000000 207.000000
04 213 4 33 0.950000 0.330129 0.268067 0.935885 0.935152 0.268067 784.000000 217.000000
04 214 4 34 0.000000 0.685802 -0.238299 0.935903 0.935153 6.044886 660.000000 203.000000
04 215 4 35 0.500000 0.462059 -0.494773 1.370028 1.369331 5.788412 604.000000 235.000000
04 216 4 36 1.400000 -0.496831 -0.424733 1.052733 1.052046 5.858452 630.000000 251.000000
04 217 4 37 1.500000 0.605775 0.498689 1.420087 1.419427 0.498689 836.000000 237.000000
04 218 4 38 0.750000 0.435357 0.457599 0.902299 0.901756 0.457599 818.000000 251.000000
04 219 4 39 0.400000 0.563894 0.519146 1.036008 1.035346 0.519146 892.000000 149.000000
04 220 4 40 0.300000 0.611390 0.456921 1.002676 1.001947 0.456921 808.000000 271.000000
04 221 4 41 0.550000 0.486197 0.553389 1.069492 1.068745 0.553389 859.000000 225.000000
04 222 4 42 0.350000 0.597475 0.311717 0.735475 0.734763 0.311717 807.000000 180.000000
04 223 4 43 0.950000 0.598278 0.580271 1.186297 1.185639 0.580271 838.000000 270.000000
04 224 4 44 0.850000 0.745241 0.751992 1.620456 1.619815 0.751992 908.000000 249.000000
04 225 4 45 1.000000 0.483643 0.491942 1.553748 1.553011 0.491942 832.000000 241.000000
04 226 4 46 0.850000 -0.241081 -0.375640 1.169689 1.168937 5.907545 608.000000 166.000000
04 227 4 47 0.100000 -0.045917 -0.582435 1.136084 1.135547 5.700751 583.000000 242.000000
04 228 4 48 0.350000 0.036799 0.352843 0.802249 0.801559 0.352843 836.000000 135.000000
04 229 4 49 1.550000 0.076929 0.139172 0.819005 0.818259 0.139172 756.000000 193.000000
04 230 4 50 1.050000 0.086519 0.144812 0.935885 0.935151 0.144812 755.000000 210.000000
04 231 4 51 1.200000 0.005964 -0.021349 1.303258 1.302533 6.261836 714.000000 169.000000
04 232 4 52 0.550000 0.011049 -0.110223 0.935918 0.935151 6.172962 692.000000 197.000000
04 233 4 53 0.300000 -0.121975 -0.398350 0.969281 0.968551 5.884835 611.000000 191.000000
04 234 4 54 0.650000 0.578627 0.628796 1.236427 1.235740 0.628796 864.000000 252.000000
04 235 4 55 1.150000 0.198583 0.261479 0.902409 0.901755 0.261479 777.000000 237.000000
04 236 4 56 1.150000 0.272287 0.316286 0.852343 0.851655 0.316286 792.000000 230.000000
04 237 4 57 1.650000 0.709861 0.705278 2.238336 2.237682 0.705278 846.000000 302.000000
04 238 4 58 0.150000 -0.043795 -0.214505 0.718773 0.718063 6.068680 659.000000 170.000000
04 239 4 59 1.700000 0.133755 0.134771 1.102861 1.102144 0.134771 752.000000 214.000000
04 240 4 60 1.600000 0.602803 0.501366 1.152959 1.152241 0.501366 834.000000 242.000000
04 241 5 01 0.900000 0.205530 0.147849 1.002689 1.001949 0.147849 755.000000 215.000000
04 242 5 02 1.150000 0.667179 0.691123 1.152974 1.152239 0.691123 878.000000 259.000000
04 243 5 03 0.600000 0.497423 0.502302 0.752184 0.751463 0.502302 837.000000 237.000000
04 244 5 04 1.500000 0.384962 0.400862 1.303207 1.302529 0.400862 809.000000 240.000000
04 245 5 05 1.550000 0.241689 0.211093 1.152777 1.152241 0.211093 768.000000 226.000000
04 246 5 06 1.600000 0.235988 0.222855 1.253060 1.252435 0.222855 783.000000 172.000000
04 247 5 07 0.600000 0.590463 0.720971 0.751992 0.751461 0.720971 894.000000 252.000000
04 248 5 08 1.250000 0.694718 0.670958 1.169650 1.168939 0.670958 874.000000 256.000000
04 249 5 09 0.250000 0.586326 -0.229342 1.052734 1.052047 6.053843 653.000000 163.000000
04 250 5 10 0.950000 0.245538 0.278900 0.868996 0.868354 0.278900 783.000000 230.000000
04 251 5 11 1.450000 -0.101813 -0.096000 1.002672 1.001948 6.187185 694.000000 180.000000
04 252 5 12 0.100000 0.632250 0.256151 0.935832 0.935152 0.256151 786.000000 198.000000
04 253 5 13 0.800000 0.780846 0.817925 1.436785 1.436126 0.817925 958.000000 227.000000
04 254 5 14 1.100000 -0.049105 -0.058230 0.869036 0.868356 6.224955 707.000000 227.000000
04 255 5 15 0.850000 -0.153262 -0.247024 0.885738 0.885055 6.036162 662.000000 220.000000
04 256 5 16 1.700000 0.633763 0.625321 1.353356 1.352628 0.625321 881.000000 227.000000
04 257 5 17 1.650000 0.825185 0.845754 1.219729 1.219036 0.845754 992.000000 209.000000
04 258 5 18 0.550000 0.477139 0.487698 0.852321 0.851656 0.487698 842.000000 220.000000
04 259 5 19 0.300000 0.278233 0.168750 1.253114 1.252438 0.168750 766.000000 180.000000
04 260 5 20 0.100000 0.724321 -0.513022 1.303195 1.302532 5.770163 551.000000 150.000000
04 261 5 21 1.600000 0.758159 0.740096 0.869008 0.868354 0.740096 899.000000 254.000000
04 262 5 22 0.650000 0.751333 0.777312 1.403468 1.402726 0.777312 904.000000 263.000000
04 263 5 23 1.650000 0.337212 0.289271 1.085980 1.085446 0.289271 795.000000 198.000000
04 264 5 24 1.250000 0.786616 0.793662 1.052724 1.052047 0.793662 903.000000 270.000000
04 265 5 25 0.100000 0.359993 -0.667559 0.986022 0.985249 5.615627 545.000000 228.000000
04 266 5 26 0.200000 0.389716 0.479519 0.952564 0.951852 0.479519 837.000000 225.000000
04 267 5 27 1.300000 0.337113 0.221529 1.086168 1.085443 0.221529 770.000000 228.000000
04 268 5 28 0.600000 0.444114 0.652220 1.186353 1.185639 0.652220 901.000000 213.000000
04 269 5 29 0.550000 0.438403 0.305879 0.919180 0.918455 0.305879 798.000000 203.000000
04 270 5 30 0.400000 0.589362 0.565149 0.835589 0.834963 0.565149 876.000000 204.000000
04 271 5 31 0.800000 -0.159540 -0.284957 1.069508 1.068744 5.998228 633.000000 153.000000
04 272 5 32 0.050000 0.074516 -0.908203 1.269885 1.269135 5.374983 497.000000 276.000000
04 273 5 33 1.750000 0.104561 0.094797 1.570366 1.569722 0.094797 749.000000 145.000000
04 274 5 34 0.700000 -0.524071 -0.558599 1.169690 1.168939 5.724586 605.000000 266.000000
04 275 5 35 1.300000 0.301485 0.263875 1.369974 1.369332 0.263875 797.000000 165.000000
04 276 5 36 1.050000 -0.161354 -0.182062 0.935886 0.935151 6.101123 676.000000 211.000000
04 277 5 37 1.100000 0.646466 0.607252 0.818923 0.818258 0.607252 868.000000 237.000000
04 278 5 38 1.350000 0.118633 0.096598 0.818908 0.818258 0.096598 745.000000 192.000000
04 279 5 39 0.150000 0.520230 -0.388319 1.019331 1.018647 5.894867 603.000000 164.000000
04 280 5 40 0.100000 0.714121 -0.185122 1.169630 1.168939 6.098063 670.000000 183.000000
04 281 5 41 1.400000 0.217643 0.215881 1.052715 1.052045 0.215881 770.000000 222.000000
04 282 5 42 1.500000 0.446680 0.474919 1.336594 1.335935 0.474919 847.000000 203.000000
04 283 5 43 0.050000 0.920816 0.776753 1.737374 1.736712 0.776753 892.000000 275.000000
04 284 5 44 0.150000 0.229977 -0.070221 1.820951 1.820207 6.212965 697.000000 123.000000
04 285 5 45 0.750000 0.775361 0.698241 0.969219 0.968551 0.698241 908.000000 226.000000
04 286 5 46 1.550000 0.465516 0.476125 0.952588 0.951852 0.476125 835.000000 227.000000
04 287 5 47 1.250000 0.445113 0.385681 0.919199 0.918454 0.385681 828.000000 184.000000
04 288 5 48 1.750000 -0.089662 -0.084092 1.069429 1.068745 6.199093 698.000000 189.000000
04 289 5 49 1.300000 0.322357 0.355828 0.869006 0.868354 0.355828 817.000000 189.000000
04 290 5 50 0.800000 0.111138 0.124714 1.319908 1.319222 0.124714 763.000000 107.000000
04 291 5 51 1.250000 0.545534 0.560072 1.102788 1.102144 0.560072 873.000000 206.000000
04 292 5 52 0.150000 0.205548 0.491375 1.086095 1.085445 0.491375 857.000000 194.000000
04 293 5 53 1.200000 0.475629 0.421567 1.036072 1.035345 0.421567 807.000000 256.000000
04 294 5 54 1.500000 0.536274 0.499347 1.653856 1.653214 0.499347 816.000000 274.000000
04 295 5 55 1.750000 -0.317054 -0.262995 0.869057 0.868346 6.020191 657.000000 216.000000
04 296 5 56 0.400000 0.334194 0.606794 0.919156 0.918453 0.606794 922.000000 159.000000
04 297 5 57 0.250000 -0.264253 -0.152148 1.436865 1.436125 6.131037 674.000000 150.000000
04 298 5 58 0.950000 -0.092577 -0.132817 1.770775 1.770112 6.150369 687.000000 203.000000
04 299 5 59 0.450000 0.100126 0.339821 0.785554 0.784859 0.339821 825.000000 153.000000
04 300 5 60 1.750000 0.617691 0.505218 1.002655 1.001949 0.505218 845.000000 224.000000
04 301 6 01 0.000000 0.316781 -0.258507 0.785634 0.784865 6.024679 665.000000 242.000000
04 302 6 02 0.350000 0.176224 0.275272 0.852346 0.851657 0.275272 794.000000 188.000000
04 303 6 03 0.000000 -0.025396 0.426327 0.785612 0.784861 0.426327 834.000000 199.000000
04 304 6 04 0.200000 0.022999 -0.216693 1.119533 1.118845 6.066493 661.000000 182.000000
04 305 6 05 1.450000 -0.051586 -0.096862 1.453520 1.452825 6.186323 696.000000 203.000000
04 306 6 06 1.700000 0.852866 0.768158 1.253137 1.252436 0.768158 891.000000 273.000000
04 307 6 07 0.500000 0.194621 0.051050 1.871061 1.870304 0.051050 734.000000 176.000000
04 308 6 08 0.450000 -0.230957 -0.176961 1.119397 1.118847 6.106224 671.000000 176.000000
04 309 6 09 0.800000 0.533900 0.593822 0.768815 0.768161 0.593822 880.000000 213.000000
04 310 6 10 1.000000 0.568991 0.517958 0.768823 0.768161 0.517958 875.000000 178.000000
04 311 6 11 0.100000 0.270142 -0.563143 0.869037 0.868357 5.720042 583.000000 233.000000
04 312 6 12 0.250000 0.397811 0.297411 0.869057 0.868356 0.297411 819.000000 127.000000
04 313 6 13 1.550000 -0.017099 -0.045980 1.319910 1.319235 6.237205 705.000000 124.000000
04 314 6 14 0.800000 0.169748 0.102207 0.969291 0.968549 0.102207 744.000000 216.000000
04 315 6 15 1.600000 0.545721 0.521915 0.935894 0.935149 0.521915 854.000000 217.000000
04 316 6 16 1.050000 0.313876 0.357879 0.952507 0.951851 0.357879 812.000000 204.000000
04 317 6 17 0.700000 0.680227 0.563179 1.019333 1.018647 0.563179 893.000000 176.000000
04 318 6 18 1.650000 1.010333 0.930596 1.219682 1.219039 0.930596 963.000000 269.000000
04 319 6 19 1.150000 -0.042242 -0.122421 1.136241 1.135543 6.160764 673.000000 68.000000
04 320 6 20 0.000000 0.461691 -0.176408 1.152910 1.152241 6.106777 679.000000 220.000000
04 321 6 21 1.300000 0.313176 0.240171 0.902485 0.901754 0.240171 792.000000 156.000000
04 322 6 22 1.150000 0.634620 0.657216 1.887692 1.887003 0.657216 916.000000 196.000000
04 323 6 23 1.750000 0.427747 0.366525 1.620476 1.619821 0.366525 839.000000 140.000000
04 324 6 24 0.850000 -0.444387 -0.493411 1.086129 1.085444 5.789774 599.000000 225.000000
04 325 6 25 1.350000 0.325728 0.338258 0.852404 0.851658 0.338258 809.000000 197.000000
04 326 6 26 0.450000 0.459561 0.181468 0.835704 0.834958 0.181468 760.000000 232.000000
04 327 6 27 0.600000 0.902204 0.618268 0.802226 0.801556 0.618268 890.000000 211.000000
04 328 6 28 1.200000 -0.284684 -0.240696 0.935842 0.935150 6.042489 666.000000 230.000000
04 329 6 29 1.600000 0.330046 0.276147 1.236456 1.235735 0.276147 807.000000 143.000000
04 330 6 30 0.750000 0.249673 0.217111 0.935877 0.935154 0.217111 795.000000 110.000000
04 331 6 31 0.900000 0.074265 0.018016 1.086149 1.085444 0.018016 724.000000 228.000000
04 332 6 32 1.300000 0.254484 0.300606 2.221714 2.220988 0.300606 813.000000 150.000000
04 333 6 33 1.350000 -0.251202 -0.264670 1.152995 1.152241 6.018516 633.000000 129.000000
04 334 6 34 0.200000 0.546160 0.120250 1.720717 1.720012 0.120250 749.000000 210.000000
04 335 6 35 0.250000 0.159313 -0.169588 0.935912 0.935153 6.113597 670.000000 158.000000
04 336 6 36 1.550000 0.526414 0.355636 0.735416 0.734763 0.355636 811.000000 205.000000
04 337 6 37 0.400000 -0.116565 -0.491359 0.952564 0.951849 5.791826 621.000000 265.000000
04 338 6 38 1.100000 0.386999 0.465489 0.735462 0.734763 0.465489 829.000000 233.000000
04 339 6 39 0.900000 0.349461 0.489578 1.470180 1.469525 0.489578 866.000000 176.000000
04 340 6 40 1.100000 0.510186 0.592131 1.086138 1.085444 0.592131 870.000000 227.000000
04 341 6 41 0.250000 0.652180 0.083803 2.104831 2.104088 0.083803 741.000000 200.000000
04 342 6 42 1.500000 0.849873 0.870044 0.952583 0.951848 0.870044 899.000000 299.000000
04 343 6 43 0.350000 0.874610 0.358372 0.835689 0.834956 0.358372 823.000000 175.000000
04 344 6 44 0.000000 0.343120 -0.038279 1.871048 1.870303 6.244906 711.000000 215.000000
04 345 6 45 0.750000 0.532319 0.631974 1.570440 1.569720 0.631974 843.000000 282.000000
04 346 6 46 1.150000 -0.210476 -0.248113 0.969260 0.968551 6.035072 663.000000 225.000000
04 347 6 47 0.750000 -0.217609 -0.333009 1.336591 1.335929 5.950176 619.000000 158.000000
04 348 6 48 1.450000 0.161242 0.157562 1.052768 1.052044 0.157562 754.000000 236.000000
04 349 6 49 1.200000 0.730081 0.661417 0.818977 0.818255 0.661417 864.000000 265.000000
04 350 6 50 0.400000 0.388864 0.345875 1.119571 1.118842 0.345875 800.000000 228.000000
04 351 6 51 1.000000 -0.116505 -0.109761 0.802241 0.801558 6.173424 693.000000 205.000000
04 352 6 52 1.550000 0.222158 0.214815 0.952570 0.951847 0.214815 780.000000 175.000000
04 353 6 53 0.200000 0.733956 -0.116018 1.169687 1.168939 6.167167 689.000000 184.000000
04 354 6 54 0.800000 -0.037507 -0.075978 0.919182 0.918451 6.207207 698.000000 161.000000
04 355 6 55 1.050000 0.078342 0.089758 1.637173 1.636516 0.089758 738.000000 250.000000
04 356 6 56 0.450000 0.295109 0.265510 0.985968 0.985251 0.265510 782.000000 222.000000
04 357 6 57 1.350000 -0.185128 -0.164508 1.286535 1.285836 6.118678 678.000000 197.000000
04 358 6 58 0.550000 -0.016561 0.121922 0.752121 0.751461 0.121922 751.000000 197.000000
04 359 6 59 0.700000 0.211063 0.174182 0.935888 0.935151 0.174182 761.000000 217.000000
04 360 6 60 1.000000 0.535442 0.524974 1.303067 1.302537 0.524974 848.000000 229.000000
04 000 0 01 -99.000000 -99.000000 0.004545 2.321912 2.321176 0.004545 721.000000 230.000000
04 000 0 02 -99.000000 -99.000000 0.009174 3.891569 3.890898 0.009174 722.000000 232.000000
04 000 0 03 -99.000000 -99.000000 0.000000 3.257022 3.256332 0.000000 720.000000 214.000000
04 000 0 04 -99.000000 -99.000000 0.000000 3.591036 3.590313 0.000000 720.000000 209.000000
04 000 0 05 -99.000000 -99.000000 0.000000 4.709824 4.709156 0.000000 720.000000 200.000000
04 000 0 06 -99.000000 -99.000000 0.000000 2.655879 2.655161 0.000000 720.000000 237.000000
04 000 0 07 -99.000000 -99.000000 0.004425 3.607705 3.607011 0.004425 721.000000 224.000000
04 000 0 08 -99.000000 -99.000000 0.003817 3.474066 3.473416 0.003817 721.000000 188.000000
04 000 0 09 -99.000000 -99.000000 0.000000 4.759950 4.759262 0.000000 720.000000 189.000000
04 000 0 10 -99.000000 -99.000000 0.000000 2.088131 2.087391 0.000000 720.000000 210.000000
04 000 0 11 -99.000000 -99.000000 0.012294 1.820953 1.820203 0.012294 723.000000 206.000000
04 000 0 12 -99.000000 -99.000000 0.017390 2.271802 2.271082 0.017390 724.000000 220.000000
04 000 0 13 -99.000000 -99.000000 0.000000 2.806101 2.805457 0.000000 720.000000 189.000000
04 000 0 14 -99.000000 -99.000000 0.004273 2.589076 2.588366 0.004273 721.000000 216.000000
04 000 0 15 -99.000000 -99.000000 0.010067 2.772699 2.772052 0.010067 723.000000 152.000000
