  3   1 0 43 1 1 NN 0 156 -46 156 -46 0 1 4.625208 0 0 2474.623563 2475.125290 2475.627022 2475.827709 2477.834639 2482.459847 1 C 
  3   2 0 44 2 2 LL 1 139 +26 159 +6 0 0 2.545824 0 0 2483.470747 2483.972478 2484.474210 2484.674901 2486.681827 2489.227651 1 E 
  3   3 0 45 3 2 HL 1 175 +9 227 -11 0 0 2.050752 0 0 2490.244116 2490.745844 2491.247577 2491.448270 2493.455194 2495.505946 1 E 
  3   4 0 46 1 2 NL 0 86 +76 86 +56 0 1 2.095675 0 0 2496.515753 2497.017484 2497.519217 2497.719905 2499.726830 2501.822505 1 C 
  3   5 0 47 1 2 NL 0 173 +44 173 +24 0 1 1.906622 0 0 2502.837564 2503.339294 2503.841027 2504.041718 2506.048643 2507.955265 1 C 
  3   6 0 48 3 1 HN 0 80 +24 104 +24 0 1 1.708239 0 0 2508.975405 2509.477138 2509.978868 2510.179559 2512.186484 2513.894723 1 C 
  3   7 0 49 3 2 HL 1 131 +75 170 +55 1 1 1.983659 0 0 2514.912556 2515.414288 2515.916018 2516.116710 2518.123634 2520.107293 1 C 
  3   8 0 50 2 1 LN 0 162 -20 186 -20 1 0 1.642803 0 0 2521.117294 2521.619024 2522.120757 2522.321449 2524.328384 2525.971187 1 E 
  3   9 0 51 2 1 LN 0 97 -28 111 -28 0 1 1.317205 0 0 2526.987547 2527.489278 2527.991012 2528.191702 2530.198629 2531.515834 1 C 
  3  10 0 52 3 1 HN 0 77 -14 100 -14 0 1 0.822108 0 0 2532.540038 2533.041767 2533.543501 2533.744189 2535.751115 2536.573223 1 C 
  3  11 0 53 3 2 HL 1 150 -75 105 -55 0 0 0.965221 0 0 2537.590797 2538.092526 2538.594257 2538.794950 2540.801874 2541.767094 1 E 
  3  12 0 54 3 3 HH 1 130 +82 91 +22 0 0 0.281603 0 0 2542.792074 2543.293805 2543.795535 2543.996228 2546.003154 2546.284757 1 E 
  3  13 0 55 3 1 HN 0 70 -16 91 -16 0 1 0.782951 0 0 2547.307652 2547.809389 2548.311121 2548.511808 2550.518733 2551.301684 1 C 
  3  14 0 56 3 1 HN 0 94 -28 65 -28 0 1 1.030887 0 0 2552.324962 2552.826693 2553.328424 2553.529116 2555.536042 2556.566930 1 C 
  3  15 0 57 3 2 HL 1 155 -22 108 -42 0 0 0.739173 0 0 2557.576412 2558.078141 2558.579875 2558.780565 2560.787491 2561.526663 1 E 
  3  16 0 58 2 1 LN 0 100 +33 85 +33 0 1 1.443232 0 0 2562.543551 2563.045284 2563.547014 2563.747703 2565.754630 2567.197862 1 C 
  3  17 0 59 1 3 NH 0 61 +83 61 +23 0 1 0.965117 0 0 2568.213110 2568.714841 2569.216572 2569.417265 2571.424187 2572.389305 1 C 
  3  18 0 60 3 3 HH 1 78 -26 101 +34 0 0 1.366560 0 0 2573.414389 2573.916121 2574.417852 2574.618543 2576.625466 2577.992026 1 E 
  3  19 1  1 2 3 LH 1 114 -53 131 +7 0 0 2.353228 0 0 2581.642774 2582.144506 2582.646239 2582.846929 2584.853855 2587.207083 1 E 
  3  20 1  2 2 3 LH 1 171 -1 145 +59 0 0 1.388142 0 0 2588.232176 2588.733909 2589.235638 2589.436329 2591.443257 2592.831399 1 E 
  3  21 1  3 2 2 LL 1 105 +70 120 +50 1 1 0.975178 0 0 2593.851563 2594.353294 2594.855029 2595.055715 2597.062643 2598.037821 1 C 
  3  22 1  4 1 1 NN 0 126 +72 126 +72 0 1 1.450249 0 0 2599.052841 2599.554572 2600.056303 2600.256994 2602.263916 2603.714165 1 C 
  3  23 1  5 3 1 HN 0 80 -34 56 -34 0 1 0.656473 0 0 2604.739125 2605.240856 2605.742594 2605.943277 2607.950203 2608.606676 1 C 
  3  24 1  6 3 1 HN 0 82 -39 57 -39 0 1 0.783054 0 0 2609.622641 2610.124373 2610.626103 2610.826794 2612.833718 2613.616771 1 C 
  3  25 1  7 2 2 LL 1 110 -84 93 -64 1 1 0.948341 0 0 2614.639951 2615.141681 2615.643414 2615.844103 2617.851025 2618.799366 1 C 
  3  26 1  8 1 1 NN 0 127 +73 127 +73 0 1 0.732521 0 0 2619.824503 2620.326235 2620.827965 2621.028658 2623.035585 2623.768106 1 C 
  3  27 1  9 2 3 LH 1 175 +4 148 +64 1 1 1.119376 0 0 2624.791641 2625.293373 2625.795100 2625.995794 2628.002718 2629.122094 1 C 
  3  28 1 10 2 3 LH 1 101 +9 116 +69 1 1 4.224344 0 0 2630.143437 2630.645171 2631.146899 2631.347591 2633.354518 2637.578862 1 C 
  3  29 1 11 2 1 LN 0 102 +42 86 +42 1 0 1.482441 0 0 2638.589242 2639.090973 2639.592706 2639.793396 2641.800322 2643.282763 1 E 
  3  30 1 12 2 1 LN 0 139 +51 159 +51 0 1 1.378211 0 0 2644.292251 2644.793979 2645.295712 2645.496406 2647.503332 2648.881543 1 C 
  3  31 1 13 1 2 NL 0 89 +28 89 +8 0 1 2.721546 0 0 2649.894914 2650.396652 2650.898375 2651.099067 2653.105989 2655.827535 1 C 
  3  32 1 14 1 2 NL 0 140 -65 140 -45 1 0 1.636650 0 0 2656.852249 2657.353980 2657.855714 2658.056404 2660.063329 2661.699979 1 E 
  3  33 1 15 2 2 LL 1 91 +15 77 +35 1 1 1.549012 0 0 2662.722503 2663.224235 2663.725970 2663.926656 2665.933583 2667.482595 1 C 
  3  34 1 16 2 2 LL 1 132 -66 112 -46 1 1 1.058529 0 0 2668.492409 2668.994146 2669.495871 2669.696563 2671.703487 2672.762016 1 C 
  3  35 1 17 1 3 NH 0 169 +34 169 -26 0 1 1.438286 0 0 2673.777308 2674.279041 2674.780773 2674.981462 2676.988389 2678.426675 1 C 
  3  36 1 18 2 2 LL 1 83 -27 70 -47 0 0 0.992316 0 0 2679.446868 2679.948598 2680.450336 2680.651022 2682.657947 2683.650263 1 E 
  3  37 1 19 1 2 NL 0 160 +16 160 +36 1 0 0.909454 0 0 2684.664871 2685.166601 2685.668343 2685.869022 2687.875949 2688.785403 1 E 
  3  38 1 20 1 2 NL 0 160 +16 160 +36 1 0 0.617757 0 0 2689.799251 2690.300981 2690.802712 2691.003405 2693.010329 2693.628087 1 E 
  3  39 1 21 3 2 HL 1 154 +20 107 +40 0 0 0.965008 0 0 2694.649318 2695.151048 2695.652777 2695.853474 2697.860395 2698.825404 1 E 
  3  40 1 22 1 1 NN 0 96 -21 96 -21 0 1 1.212310 0 0 2699.850595 2700.352326 2700.854057 2701.054748 2703.061673 2704.273983 1 C 
  3  41 1 23 3 1 HN 0 146 -31 189 -31 0 1 0.876606 0 0 2705.286014 2705.787744 2706.289474 2706.490168 2708.497094 2709.373700 1 C 
  3  42 1 24 2 1 LN 0 100 -78 85 -78 0 1 0.799487 0 0 2710.386946 2710.888676 2711.390408 2711.591099 2713.598023 2714.397510 1 C 
  3  43 1 25 1 1 NN 0 83 -12 83 -12 0 1 0.794256 0 0 2715.420980 2715.922713 2716.424442 2716.625131 2718.632061 2719.426316 1 C 
  3  44 1 26 1 1 NN 0 101 -76 101 -76 0 1 0.507672 0 0 2720.438289 2720.940019 2721.441756 2721.642444 2723.649368 2724.157040 1 C 
  3  45 1 27 2 2 LL 1 79 +42 67 +62 0 0 0.683549 0 0 2725.171284 2725.673017 2726.174747 2726.375439 2728.382366 2729.065915 1 E 
  3  46 1 28 1 1 NN 0 98 -57 98 -57 0 1 0.590659 0 0 2730.088250 2730.589981 2731.091711 2731.292403 2733.299327 2733.889986 1 C 
  3  47 1 29 2 1 LN 0 139 -51 118 -51 0 1 0.694474 0 0 2734.904864 2735.406599 2735.908326 2736.109020 2738.115944 2738.810418 1 C 
  3  48 1 30 3 2 HL 1 142 +6 184 -14 1 1 0.970505 0 0 2739.821829 2740.323562 2740.825291 2741.025984 2743.032905 2744.003410 1 C 
  3  49 1 31 3 2 HL 1 130 +28 91 +8 0 0 0.992414 0 0 2745.023107 2745.524840 2746.026569 2746.227262 2748.234186 2749.226600 1 E 
  3  50 1 32 2 3 LH 1 83 +27 70 -33 1 1 0.898816 0 0 2750.241110 2750.742843 2751.244571 2751.445264 2753.452191 2754.351006 1 C 
  3  51 1 33 2 1 LN 0 87 -81 73 -81 0 1 0.754721 0 0 2755.375488 2755.877231 2756.378948 2756.579644 2758.586568 2759.341289 1 C 
  3  52 1 34 2 1 LN 0 99 +59 113 +59 0 1 0.903787 0 0 2760.359352 2760.861089 2761.362816 2761.563505 2763.570432 2764.474219 1 C 
  3  53 1 35 1 2 NL 0 73 +68 73 +88 1 0 0.777511 0 0 2765.493731 2765.995461 2766.497195 2766.697886 2768.704809 2769.482321 1 E 
  3  54 1 36 1 2 NL 0 123 -88 123 -68 1 0 1.251830 0 0 2770.494317 2770.996048 2771.497781 2771.698470 2773.705395 2774.957225 1 E 
  3  55 1 37 3 1 HN 0 159 -3 111 -3 0 1 0.860504 0 0 2775.979909 2776.481639 2776.983374 2777.184063 2779.190986 2780.051490 1 C 
  3  56 1 38 2 3 LH 1 62 -2 71 -62 1 1 0.755739 0 0 2781.064117 2781.565847 2782.067579 2782.268270 2784.275195 2785.030934 1 C 
  3  57 1 39 3 3 HH 1 127 -59 88 +1 1 1 0.529274 0 0 2786.047977 2786.549708 2787.051442 2787.252131 2789.259056 2789.788330 1 C 
  3  58 1 40 2 2 LL 1 73 -86 62 -66 1 1 0.821968 0 0 2790.797697 2791.299431 2791.801161 2792.001852 2794.008773 2794.830741 1 C 
  3  59 1 41 3 1 HN 0 177 -86 230 -86 0 1 1.097181 0 0 2795.848456 2796.350190 2796.851915 2797.052610 2799.059536 2800.156717 1 C 
  3  60 1 42 3 1 HN 0 156 +31 202 +31 0 1 0.865833 0 0 2801.166804 2801.668539 2802.170276 2802.370959 2804.377892 2805.243725 1 C 
  3  61 1 43 2 1 LN 0 127 +89 107 +89 0 1 0.744267 0 0 2806.267736 2806.769467 2807.271199 2807.471890 2809.478816 2810.223084 1 C 
  3  62 1 44 2 2 LL 1 150 -6 172 +14 1 1 1.559420 0 0 2811.234873 2811.736605 2812.238335 2812.439030 2814.445958 2816.005378 1 C 
  3  63 1 45 2 3 LH 1 146 -36 167 +24 1 1 0.639965 0 0 2817.021504 2817.523234 2818.024962 2818.225657 2820.232579 2820.872544 1 C 
  3  64 1 46 1 2 NL 0 80 +10 80 +30 1 0 1.202571 0 0 2821.888294 2822.390025 2822.891754 2823.092444 2825.099371 2826.301943 1 E 
  3  65 1 47 1 2 NL 0 144 -18 144 +2 0 1 1.024923 0 0 2827.323715 2827.825443 2828.327176 2828.527867 2830.534792 2831.559715 1 C 
  3  66 1 48 1 3 NH 0 128 +79 128 +19 1 0 0.915250 0 0 2832.575163 2833.076895 2833.578625 2833.779317 2835.786245 2836.701494 1 E 
  3  67 1 49 3 3 HH 1 107 +51 74 -9 1 1 0.981798 0 0 2837.726269 2838.228004 2838.729737 2838.930422 2840.937346 2841.919144 1 C 
  3  68 1 50 3 1 HN 0 174 +40 226 +40 1 0 0.766722 0 0 2842.944270 2843.446002 2843.947736 2844.148424 2846.155350 2846.922072 1 E 
  3  69 1 51 2 1 LN 0 88 -45 101 -45 1 0 0.932059 0 0 2847.944857 2848.446587 2848.948325 2849.149010 2851.155934 2852.087993 1 E 
  3  70 1 52 3 3 HH 1 95 +44 66 -16 1 1 0.970168 0 0 2853.112687 2853.614416 2854.116149 2854.316840 2856.323763 2857.293932 1 C 
  3  71 1 53 3 3 HH 1 179 +75 125 +15 0 0 1.113391 0 0 2858.313965 2858.815693 2859.317423 2859.518117 2861.525041 2862.638432 1 E 
  3  72 1 54 2 2 LL 1 159 +41 182 +21 0 0 1.146679 0 0 2863.649036 2864.150768 2864.652498 2864.853190 2866.860113 2868.006793 1 E 
  3  73 1 55 2 3 LH 1 76 +8 87 +68 1 1 0.595793 0 0 2869.017554 2869.519288 2870.021019 2870.221712 2872.228637 2872.824430 1 C 
  3  74 1 56 1 2 NL 0 168 -24 168 -4 0 1 1.179937 0 0 2873.834172 2874.335907 2874.837639 2875.038329 2877.045254 2878.225191 1 C 
  3  75 1 57 3 1 HN 0 96 -81 67 -81 0 1 1.394428 0 0 2879.236143 2879.737872 2880.239607 2880.440296 2882.447225 2883.841653 1 C 
  3  76 1 58 3 1 HN 0 130 +2 91 +2 0 1 0.903979 0 0 2884.855531 2885.357262 2885.858993 2886.059685 2888.066611 2888.970590 1 C 
  3  77 1 59 2 2 LL 1 141 +17 119 +37 0 0 1.785628 0 0 2889.989913 2890.491645 2890.993381 2891.194066 2893.200993 2894.986621 1 E 
  3  78 1 60 2 3 LH 1 115 -27 132 +33 1 1 1.042446 0 0 2896.010681 2896.512414 2897.014148 2897.214838 2899.221759 2900.264204 1 C 
  3  79 2  1 2 2 LL 1 140 +70 161 +50 1 1 1.470776 0 0 2921.398273 2921.899999 2922.401735 2922.602426 2924.609352 2926.080127 1 C 
  3  80 2  2 2 3 LH 1 174 -31 147 +29 0 0 0.937296 0 0 2927.101283 2927.603013 2928.104739 2928.305434 2930.312357 2931.249653 1 E 
  3  81 2  3 2 3 LH 1 167 -78 192 -18 1 1 1.112634 0 0 2932.269111 2932.770842 2933.272571 2933.473266 2935.480189 2936.592823 1 C 
  3  82 2  4 2 2 LL 1 145 -58 123 -38 0 0 0.700262 0 0 2937.604180 2938.105922 2938.607641 2938.808335 2940.815260 2941.515521 1 E 
  3  83 2  5 2 3 LH 1 74 -50 62 +10 1 1 0.727969 0 0 2942.537870 2943.039600 2943.541332 2943.742024 2945.748948 2946.476917 1 C 
  3  84 2  6 3 1 HN 0 124 +90 86 +90 0 1 1.069617 0 0 2947.488282 2947.990013 2948.491744 2948.692437 2950.699362 2951.768979 1 C 
  3  85 2  7 3 3 HH 1 71 -60 49 +0 1 1 1.355151 0 0 2952.789907 2953.291642 2953.793365 2953.994060 2956.000984 2957.356135 1 C 
  3  86 2  8 3 2 HL 1 88 -89 61 -69 1 1 0.870321 0 0 2958.375845 2958.877575 2959.379309 2959.579996 2961.586920 2962.457241 1 C 
  3  87 2  9 2 2 LL 1 107 +4 90 +24 0 0 1.802622 0 0 2963.476776 2963.978507 2964.480238 2964.680930 2966.687854 2968.490476 1 E 
  3  88 2 10 3 2 HL 1 95 +14 123 +34 1 1 0.931986 0 0 2969.514272 2970.016008 2970.517739 2970.718426 2972.725351 2973.657337 1 C 
  3  89 2 11 1 3 NH 0 168 +73 168 +13 0 1 0.832879 0 0 2974.682101 2975.183833 2975.685562 2975.886256 2977.893181 2978.726060 1 C 
  3  90 2 12 3 2 HL 1 167 -30 116 -50 1 1 0.777837 0 0 2979.749589 2980.251316 2980.753044 2980.953737 2982.960662 2983.738499 1 C 
  3  91 2 13 1 2 NL 0 171 -57 171 -37 0 1 1.317718 0 0 2984.750169 2985.251908 2985.753632 2985.954322 2987.961250 2989.278969 1 C 
  3  92 2 14 2 1 LN 0 59 -81 50 -81 0 1 1.008676 0 0 2990.302660 2990.804394 2991.306119 2991.506816 2993.513740 2994.522416 1 C 
  3  93 2 15 3 3 HH 1 104 +57 72 -3 1 1 0.794194 0 0 2995.537386 2996.039116 2996.540848 2996.741540 2998.748464 2999.542659 1 C 
  3  94 2 16 3 2 HL 1 56 +60 39 +80 1 1 0.717275 0 0 3000.554695 3001.056426 3001.558153 3001.758849 3003.765773 3004.483048 1 C 
  3  95 2 17 3 2 HL 1 129 +47 90 +67 0 0 0.854408 0 0 3005.505109 3006.006842 3006.508580 3006.709262 3008.716188 3009.570596 1 E 
  3  96 2 18 2 3 LH 1 119 -21 101 +39 0 0 1.075079 0 0 3010.589314 3011.091048 3011.592779 3011.793469 3013.800392 3014.875472 1 E 
  3  97 2 19 2 2 LL 1 111 +55 127 +75 1 1 0.942309 0 0 3015.890940 3016.392672 3016.894408 3017.095090 3019.102020 3020.044329 1 C 
  3  98 2 20 1 3 NH 0 153 +71 153 +11 0 1 0.838091 0 0 3021.058768 3021.560502 3022.062232 3022.262923 3024.269849 3025.107940 1 C 
  3  99 2 21 2 2 LL 1 180 +86 153 +66 0 0 1.388613 0 0 3026.126252 3026.627992 3027.129712 3027.330405 3029.337329 3030.725942 1 E 
  3 100 2 22 2 1 LN 0 76 -55 87 -55 1 0 1.201688 0 0 3031.745638 3032.247371 3032.749099 3032.949792 3034.956716 3036.158404 1 E 
  3 101 2 23 3 3 HH 1 120 -45 84 +15 1 1 1.015338 0 0 3037.181058 3037.682787 3038.184516 3038.385211 3040.392135 3041.407473 1 C 
  3 102 2 24 1 1 NN 0 80 +57 80 +57 0 1 0.700722 0 0 3042.432511 3042.934240 3043.435973 3043.636661 3045.643587 3046.344309 1 C 
  3 103 2 25 3 1 HN 0 105 -35 136 -35 0 1 0.893012 0 0 3047.366196 3047.867928 3048.369660 3048.570350 3050.577277 3051.470289 1 C 
  3 104 2 26 1 2 NL 0 85 +71 85 +51 0 1 0.716957 0 0 3052.483852 3052.985584 3053.487316 3053.688005 3055.694933 3056.411890 1 C 
  3 105 2 27 2 1 LN 0 105 +26 120 +26 0 1 0.976344 0 0 3057.434265 3057.935995 3058.437728 3058.638418 3060.645346 3061.621689 1 C 
  3 106 2 28 3 3 HH 1 84 -79 58 -19 1 1 0.754515 0 0 3062.635542 3063.137276 3063.639005 3063.839696 3065.846620 3066.601136 1 C 
  3 107 2 29 2 1 LN 0 132 -79 112 -79 0 1 1.185768 0 0 3067.619406 3068.121132 3068.622865 3068.823557 3070.830484 3072.016252 1 C 
  3 108 2 30 2 1 LN 0 174 +52 200 +52 0 1 0.783429 0 0 3073.038097 3073.539827 3074.041560 3074.242249 3076.249176 3077.032605 1 C 
  3 109 2 31 3 2 HL 1 145 +76 188 +56 0 0 0.700398 0 0 3078.055408 3078.557140 3079.058870 3079.259562 3081.266486 3081.966884 1 E 
  3 110 2 32 3 2 HL 1 118 +45 153 +65 0 0 1.200813 0 0 3082.989095 3083.490827 3083.992559 3084.193253 3086.200176 3087.400989 1 E 
  3 111 2 33 3 2 HL 1 116 -76 81 -56 0 0 0.540981 0 0 3088.424515 3088.926246 3089.427978 3089.628669 3091.635593 3092.176573 1 E 
  3 112 2 34 3 3 HH 1 146 -12 189 +48 1 1 0.612511 0 0 3093.190958 3093.692693 3094.194421 3094.395113 3096.402037 3097.014548 1 C 
  3 113 2 35 3 2 HL 1 130 +42 169 +62 1 1 0.948554 0 0 3098.024302 3098.526034 3099.027759 3099.228453 3101.235378 3102.183933 1 C 
  3 114 2 36 1 3 NH 0 73 -61 73 -1 1 0 0.909543 0 0 3103.208855 3103.710585 3104.212316 3104.413008 3106.419933 3107.329475 1 E 
  3 115 2 37 2 3 LH 1 121 -49 102 +11 1 1 0.700231 0 0 3108.343233 3108.844968 3109.346694 3109.547389 3111.554315 3112.254547 1 C 
  3 116 2 38 1 1 NN 0 117 +3 117 +3 1 0 0.749656 0 0 3113.276924 3113.778655 3114.280385 3114.481076 3116.488003 3117.237659 1 E 
  3 117 2 39 1 2 NL 0 143 +90 143 +70 0 1 1.162095 0 0 3118.260784 3118.762513 3119.264248 3119.464935 3121.471864 3122.633959 1 C 
  3 118 2 40 2 3 LH 1 71 +7 60 -53 0 0 1.696936 0 0 3123.646029 3124.147762 3124.649489 3124.850183 3126.857108 3128.554044 1 E 
  3 119 2 41 3 3 HH 1 128 +66 89 +6 1 1 0.942958 0 0 3129.566456 3130.068186 3130.569916 3130.770610 3132.777533 3133.720491 1 C 
  3 120 2 42 2 3 LH 1 98 -75 83 -15 0 0 1.294743 0 0 3134.734283 3135.236015 3135.737746 3135.938438 3137.945364 3139.240107 1 E 
  3 121 2 43 1 1 NN 0 172 +41 172 +41 0 1 1.184767 0 0 3140.253325 3140.755054 3141.256789 3141.457479 3143.464403 3144.649170 1 C 
  3 122 2 44 2 3 LH 1 72 +6 82 -54 0 0 1.630924 0 0 3145.672021 3146.173753 3146.675484 3146.876172 3148.883097 3150.514021 1 E 
  3 123 2 45 2 1 LN 0 138 -85 117 -85 0 1 1.609782 0 0 3151.525547 3152.027281 3152.529012 3152.729700 3154.736626 3156.346408 1 C 
  3 124 2 46 2 1 LN 0 75 -25 63 -25 0 1 1.157307 0 0 3157.362351 3157.864082 3158.365816 3158.566505 3160.573432 3161.730739 1 C 
  3 125 2 47 3 2 HL 1 55 -43 38 -23 1 1 1.124912 0 0 3162.747597 3163.249325 3163.751059 3163.951750 3165.958677 3167.083589 1 C 
  3 126 2 48 1 2 NL 0 78 -35 78 -15 0 1 1.196835 0 0 3168.099395 3168.601125 3169.102859 3169.303546 3171.310469 3172.507305 1 C 
  3 127 2 49 1 1 NN 0 88 -74 88 -74 0 1 0.986540 0 0 3173.518088 3174.019820 3174.521549 3174.722240 3176.729169 3177.715709 1 C 
  3 128 2 50 3 2 HL 1 56 +66 39 +46 1 1 0.815664 0 0 3178.736091 3179.237822 3179.739553 3179.940245 3181.947171 3182.762835 1 C 
  3 129 2 51 2 1 LN 0 121 +89 102 +89 0 1 1.394472 0 0 3183.786850 3184.288581 3184.790312 3184.991004 3186.997928 3188.392400 1 C 
  3 130 2 52 1 1 NN 0 136 +19 136 +19 0 1 1.080535 0 0 3189.406237 3189.907968 3190.409699 3190.610391 3192.617315 3193.697850 1 C 
  3 131 2 53 3 2 HL 1 180 -90 125 -70 1 1 0.854710 0 0 3194.707861 3195.209595 3195.711323 3195.912012 3197.918939 3198.773648 1 C 
  3 132 2 54 2 1 LN 0 116 -89 98 -89 0 1 1.261703 0 0 3199.792068 3200.293796 3200.795532 3200.996224 3203.003148 3204.264851 1 C 
  3 133 2 55 1 1 NN 0 92 -3 92 -3 0 1 0.893256 0 0 3205.277660 3205.779388 3206.281122 3206.481814 3208.488738 3209.381994 1 C 
  3 134 2 56 1 3 NH 0 113 -45 113 +15 0 1 1.339976 0 0 3210.395315 3210.897047 3211.398778 3211.599468 3213.606394 3214.946370 1 C 
  3 135 2 57 2 2 LL 1 55 -60 63 -40 0 0 0.844754 0 0 3215.964530 3216.466263 3216.967992 3217.168684 3219.175607 3220.020361 1 E 
  3 136 2 58 1 2 NL 0 155 -38 155 -18 0 1 0.739218 0 0 3221.032012 3221.533743 3222.035477 3222.236166 3224.243093 3224.982312 1 C 
  3 137 2 59 3 3 HH 1 105 -50 73 +10 0 0 1.250494 0 0 3225.999149 3226.500881 3227.002608 3227.203303 3229.210230 3230.460723 1 E 
  3 138 2 60 3 3 HH 1 126 -3 88 -63 0 0 1.026042 0 0 3231.484743 3231.986472 3232.488211 3232.688895 3234.695820 3235.721863 1 E 
  3 139 3  1 3 2 HL 1 112 -19 78 -39 0 0 1.020210 0 0 3252.925378 3253.427110 3253.928844 3254.129533 3256.136458 3257.156668 1 E 
  3 140 3  2 1 3 NH 0 103 +19 103 +79 0 1 1.107746 0 0 3258.176830 3258.678561 3259.180292 3259.380983 3261.387908 3262.495654 1 C 
  3 141 3  3 3 2 HL 1 97 +75 126 +55 0 0 1.168000 0 0 3263.511903 3264.013632 3264.515371 3264.716056 3266.722983 3267.890983 1 E 
  3 142 3  4 1 3 NH 0 160 +63 160 +3 0 1 1.311699 0 0 3268.913872 3269.415603 3269.917336 3270.118026 3272.124951 3273.436650 1 C 
  3 143 3  5 3 1 HN 0 74 -12 96 -12 1 0 1.465671 0 0 3274.449639 3274.951369 3275.453100 3275.653789 3277.660716 3279.126387 1 E 
  3 144 3  6 1 3 NH 0 77 +72 77 +12 0 1 0.953992 0 0 3280.135922 3280.637653 3281.139384 3281.340075 3283.347003 3284.300995 1 C 
  3 145 3  7 2 3 LH 1 120 -29 102 -89 0 0 0.965171 0 0 3285.320476 3285.822209 3286.323940 3286.524628 3288.531551 3289.496722 1 E 
  3 146 3  8 2 3 LH 1 79 -23 67 -83 0 0 1.047629 0 0 3290.521755 3291.023482 3291.525215 3291.725911 3293.732831 3294.780460 1 E 
  3 147 3  9 1 2 NL 0 97 +23 97 +43 0 1 0.820873 0 0 3295.789930 3296.291662 3296.793393 3296.994083 3299.001009 3299.821882 1 C 
  3 148 3 10 3 2 HL 1 108 -78 140 -58 0 0 1.008705 0 0 3300.840688 3301.342421 3301.844158 3302.044841 3304.051768 3305.060474 1 E 
  3 149 3 11 2 2 LL 1 81 -81 68 -61 0 0 0.760952 0 0 3306.075414 3306.577148 3307.078886 3307.279568 3309.286492 3310.047444 1 E 
  3 150 3 12 2 2 LL 1 160 +48 136 +28 0 0 1.344986 0 0 3311.059274 3311.561005 3312.062737 3312.263428 3314.270352 3315.615339 1 E 
  3 151 3 13 2 1 LN 0 79 +82 90 +82 0 1 0.551691 0 0 3316.628488 3317.130220 3317.631948 3317.832640 3319.839569 3320.391260 1 C 
  3 152 3 14 2 1 LN 0 159 +44 182 +44 0 1 0.882658 0 0 3321.411657 3321.913388 3322.415120 3322.615811 3324.622735 3325.505393 1 C 
  3 153 3 15 3 1 HN 0 74 +73 96 +73 0 1 1.129168 0 0 3326.529314 3327.031045 3327.532773 3327.733468 3329.740391 3330.869559 1 C 
  3 154 3 16 3 1 HN 0 86 +18 60 +18 0 1 0.925768 0 0 3331.881111 3332.382839 3332.884575 3333.085265 3335.092188 3336.017957 1 C 
  3 155 3 17 1 3 NH 0 90 -11 90 +49 0 1 0.882203 0 0 3337.032215 3337.533947 3338.035679 3338.236369 3340.243293 3341.125497 1 C 
  3 156 3 18 3 3 HH 1 62 +37 43 -23 1 1 1.014341 0 0 3342.149871 3342.651600 3343.153333 3343.354024 3345.360951 3346.375292 1 C 
  3 157 3 19 2 3 LH 1 125 -60 143 +0 1 1 1.147019 0 0 3347.384598 3347.886331 3348.388060 3348.588750 3350.595675 3351.742694 1 C 
  3 158 3 20 2 1 LN 0 137 -55 116 -55 0 1 1.492910 0 0 3352.753119 3353.254847 3353.756581 3353.957271 3355.964197 3357.457107 1 C 
  3 159 3 21 1 1 NN 0 79 +44 79 +44 0 1 1.002917 0 0 3358.472856 3358.974581 3359.476315 3359.677007 3361.683930 3362.686847 1 C 
  3 160 3 22 3 1 HN 0 69 +17 48 +17 1 0 0.772039 0 0 3363.707579 3364.209310 3364.711041 3364.911733 3366.918657 3367.690696 1 E 
  3 161 3 23 3 2 HL 1 146 -39 102 -59 1 1 4.720526 0 0 3368.708165 3369.209896 3369.711630 3369.912319 3371.919243 3376.639769 1 C 
  3 162 3 24 2 3 LH 1 147 +54 124 -6 0 0 1.335221 0 0 3377.655701 3378.157436 3378.659165 3378.859854 3380.866777 3382.201999 1 E 
  3 163 3 25 2 3 LH 1 166 +17 141 +77 0 0 1.179577 0 0 3383.224913 3383.726644 3384.228384 3384.429068 3386.435992 3387.615568 1 E 
  3 164 3 26 1 1 NN 0 67 +87 67 +87 0 1 1.036203 0 0 3388.626887 3389.128618 3389.630349 3389.831038 3391.837962 3392.874165 1 C 
  3 165 3 27 1 2 NL 0 54 +2 54 -18 0 1 1.670734 0 0 3393.895061 3394.396791 3394.898521 3395.099214 3397.106135 3398.776869 1 C 
  3 166 3 28 2 2 LL 1 136 +51 115 +71 0 0 1.735426 0 0 3399.798760 3400.300492 3400.802235 3401.002913 3403.009839 3404.745265 1 E 
  3 167 3 29 3 1 HN 0 120 -60 84 -60 0 1 1.598706 0 0 3405.769359 3406.271088 3406.772822 3406.973513 3408.980435 3410.579142 1 C 
  3 168 3 30 3 3 HH 1 118 -21 82 +39 1 1 0.793752 0 0 3411.589439 3412.091175 3412.592901 3412.793593 3414.800519 3415.594271 1 C 
  3 169 3 31 1 1 NN 0 86 -18 86 -18 0 1 0.827204 0 0 3416.606750 3417.108479 3417.610211 3417.810903 3419.817826 3420.645030 1 C 
  3 170 3 32 1 3 NH 0 177 -60 177 +0 0 1 1.416639 0 0 3421.657506 3422.159241 3422.660970 3422.861661 3424.868588 3426.285226 1 C 
  3 171 3 33 1 1 NN 0 109 -29 109 -29 0 1 0.782773 0 0 3427.310343 3427.812076 3428.313805 3428.514497 3430.521422 3431.304194 1 C 
  3 172 3 34 3 3 HH 1 171 +71 119 +11 0 0 0.903813 0 0 3432.327650 3432.829386 3433.331115 3433.531806 3435.538733 3436.442546 1 E 
  3 173 3 35 1 3 NH 0 168 -3 168 -63 0 1 1.185293 0 0 3437.462033 3437.963761 3438.465495 3438.666187 3440.673111 3441.858404 1 C 
  3 174 3 36 3 2 HL 1 164 +20 114 +40 0 0 0.601400 0 0 3442.880727 3443.382461 3443.884193 3444.084881 3446.091806 3446.693206 1 E 
  3 175 3 37 1 3 NH 0 167 +9 167 +69 1 0 1.542719 0 0 3447.714070 3448.215802 3448.717532 3448.918226 3450.925146 3452.467865 1 E 
  3 176 3 38 3 2 HL 1 178 -67 231 -47 1 1 1.234678 0 0 3453.483976 3453.985703 3454.487436 3454.688130 3456.695054 3457.929732 1 C 
  3 177 3 39 1 2 NL 0 150 +40 150 +20 0 1 0.584348 0 0 3458.952844 3459.454574 3459.956308 3460.156997 3462.163920 3462.748268 1 C 
  3 178 3 40 1 2 NL 0 133 -44 133 -24 0 1 0.695021 0 0 3463.769461 3464.271192 3464.772925 3464.973613 3466.980539 3467.675561 1 C 
  3 179 3 41 3 1 HN 0 126 +62 88 +62 0 1 0.897780 0 0 3468.686423 3469.188157 3469.689886 3469.890577 3471.897502 3472.795283 1 C 
  3 180 3 42 3 1 HN 0 145 -87 188 -87 0 1 0.959235 0 0 3473.804079 3474.305817 3474.807545 3475.008235 3477.015156 3477.974391 1 C 
  3 181 3 43 3 1 HN 0 118 -56 153 -56 0 1 0.684072 0 0 3478.988634 3479.490365 3479.992092 3480.192788 3482.199712 3482.883784 1 C 
  3 182 3 44 2 2 LL 1 158 -87 181 -67 1 1 0.855729 0 0 3483.905598 3484.407329 3484.909063 3485.109752 3487.116676 3487.972405 1 C 
  3 183 3 45 2 2 LL 1 178 +55 204 +75 0 0 1.537439 0 0 3488.989805 3489.491535 3489.993278 3490.193959 3492.200883 3493.738322 1 E 
  3 184 3 46 2 3 LH 1 84 +25 71 +85 1 1 0.826481 0 0 3494.759711 3495.261442 3495.763175 3495.963865 3497.970789 3498.797270 1 C 
  3 185 3 47 1 3 NH 0 113 -89 113 -29 1 0 1.294190 0 0 3499.810470 3500.312199 3500.813934 3501.014624 3503.021550 3504.315740 1 E 
  3 186 3 48 3 3 HH 1 112 -85 145 -25 1 1 0.903836 0 0 3505.329511 3505.831243 3506.332973 3506.533664 3508.540589 3509.444426 1 C 
  3 187 3 49 2 1 LN 0 105 +88 120 +88 0 1 0.959656 0 0 3510.463891 3510.965623 3511.467352 3511.668045 3513.674966 3514.634622 1 C 
  3 188 3 50 3 2 HL 1 174 -21 121 -1 1 1 1.179462 0 0 3515.648448 3516.150175 3516.651906 3516.852598 3518.859521 3520.038983 1 C 
  3 189 3 51 2 2 LL 1 143 +27 164 +47 0 0 1.625122 0 0 3521.050414 3521.552144 3522.053879 3522.254566 3524.261495 3525.886616 1 E 
  3 190 3 52 2 2 LL 1 89 +40 102 +20 0 0 1.339636 0 0 3526.903943 3527.405676 3527.907413 3528.108096 3530.115020 3531.454656 1 E 
  3 191 3 53 3 1 HN 0 144 +35 187 +35 1 0 0.721675 0 0 3532.473157 3532.974887 3533.476620 3533.677311 3535.684237 3536.405912 1 E 
  3 192 3 54 3 3 HH 1 75 -7 52 +53 1 1 0.673132 0 0 3537.423569 3537.925302 3538.427031 3538.627719 3540.634646 3541.307778 1 C 
  3 193 3 55 3 3 HH 1 97 -56 126 +4 1 1 0.854221 0 0 3542.323809 3542.825539 3543.327270 3543.527959 3545.534886 3546.389107 1 C 
  3 194 3 56 3 1 HN 0 164 -79 213 -79 1 0 0.705366 0 0 3547.408016 3547.909748 3548.411478 3548.612170 3550.619096 3551.324462 1 E 
  3 195 3 57 1 1 NN 0 147 +71 147 +71 1 0 0.959208 0 0 3552.341704 3552.843437 3553.345171 3553.545857 3555.552784 3556.511991 1 E 
  3 196 3 58 2 2 LL 1 139 -54 159 -34 0 0 1.013459 0 0 3557.526257 3558.027994 3558.529725 3558.730411 3560.737338 3561.750796 1 E 
  3 197 3 59 3 3 HH 1 118 +40 82 -20 1 1 0.716314 0 0 3562.760984 3563.262721 3563.764443 3563.965137 3565.972064 3566.688378 1 C 
  3 198 3 60 2 3 LH 1 102 +40 117 -20 1 1 1.050923 0 0 3567.711400 3568.213127 3568.714858 3568.915551 3570.922474 3571.973397 1 C 
  3 199 4  1 3 2 HL 1 149 +87 104 +67 0 0 0.975770 0 0 3593.583990 3594.085720 3594.587452 3594.788144 3596.795067 3597.770838 1 E 
  3 200 4  2 2 2 LL 1 101 -72 116 -52 0 0 0.843647 0 0 3598.785268 3599.286995 3599.788734 3599.989419 3601.996344 3602.839991 1 E 
  3 201 4  3 3 2 HL 1 89 +52 115 +72 0 0 1.013807 0 0 3603.852751 3604.354482 3604.856215 3605.056905 3607.063829 3608.077636 1 E 
  3 202 4  4 3 1 HN 0 55 -51 71 -51 0 1 1.091516 0 0 3609.087477 3609.589209 3610.090948 3610.291632 3612.298555 3613.390071 1 C 
  3 203 4  5 2 1 LN 0 69 +5 79 +5 0 1 0.545794 0 0 3614.405823 3614.907558 3615.409288 3615.609979 3617.616904 3618.162698 1 C 
  3 204 4  6 2 1 LN 0 60 -65 69 -65 0 1 0.800123 0 0 3619.172271 3619.674004 3620.175734 3620.376424 3622.383345 3623.183468 1 C 
  3 205 4  7 3 3 HH 1 82 -77 106 -17 1 1 1.047921 0 0 3624.206305 3624.708032 3625.209768 3625.410458 3627.417381 3628.465302 1 C 
  3 206 4  8 1 2 NL 0 180 -52 180 -72 1 0 1.124843 0 0 3629.474479 3629.976220 3630.477939 3630.678633 3632.685557 3633.810400 1 E 
  3 207 4  9 2 3 LH 1 115 -23 132 +37 1 1 0.860797 0 0 3634.826277 3635.328010 3635.829738 3636.030430 3638.037354 3638.898151 1 C 
  3 208 4 10 3 3 HH 1 156 -86 109 -26 1 1 0.502657 0 0 3639.910485 3640.412214 3640.913945 3641.114637 3643.121564 3643.624221 1 C 
  3 209 4 11 1 3 NH 0 162 -77 162 -17 1 0 1.163694 0 0 3644.643481 3645.145212 3645.646943 3645.847632 3647.854557 3649.018251 1 E 
  3 210 4 12 3 3 HH 1 135 -57 94 +3 1 1 0.584510 0 0 3650.028725 3650.530459 3651.032187 3651.232879 3653.239803 3653.824313 1 C 
  3 211 4 13 1 2 NL 0 122 +71 122 +51 0 1 1.289216 0 0 3654.845343 3655.347074 3655.848802 3656.049496 3658.056421 3659.345637 1 C 
  3 212 4 14 1 1 NN 0 111 +71 111 +71 0 1 1.394521 0 0 3660.364384 3660.866114 3661.367848 3661.568538 3663.575461 3664.969982 1 C 
  3 213 4 15 2 3 LH 1 62 -69 52 -9 1 1 0.887312 0 0 3665.983771 3666.485501 3666.987232 3667.187924 3669.194851 3670.082163 1 C 
  3 214 4 16 2 3 LH 1 163 -34 138 +26 0 0 1.449931 0 0 3671.101426 3671.603154 3672.104888 3672.305580 3674.312504 3675.762435 1 E 
  3 215 4 17 2 2 LL 1 99 +23 84 +3 1 1 0.694807 0 0 3676.770987 3677.272718 3677.774451 3677.975138 3679.982064 3680.676871 1 C 
  3 216 4 18 3 3 HH 1 178 +46 124 -14 1 1 0.765824 0 0 3681.687950 3682.189681 3682.691412 3682.892104 3684.899030 3685.664855 1 C 
  3 217 4 19 2 2 LL 1 127 +26 146 +46 1 1 0.832694 0 0 3686.688537 3687.190266 3687.692004 3687.892692 3689.899616 3690.732310 1 C 
  3 218 4 20 1 3 NH 0 168 -8 168 -68 1 0 0.810290 0 0 3691.756016 3692.257749 3692.759480 3692.960172 3694.967098 3695.777388 1 E 
  3 219 4 21 2 2 LL 1 176 -80 149 -60 1 1 0.419510 0 0 3696.790056 3697.291784 3697.793512 3697.994206 3700.001130 3700.420641 1 C 
  3 220 4 22 3 2 HL 1 101 +75 70 +55 1 1 0.656451 0 0 3701.439426 3701.941159 3702.442890 3702.643581 3704.650504 3705.306956 1 C 
  3 221 4 23 2 3 LH 1 73 +72 62 +12 1 1 0.727434 0 0 3706.322941 3706.824676 3707.326400 3707.527095 3709.534022 3710.261457 1 C 
  3 222 4 24 1 1 NN 0 139 -35 139 -35 0 1 0.832833 0 0 3711.273353 3711.775085 3712.276815 3712.477508 3714.484432 3715.317265 1 C 
  3 223 4 25 1 3 NH 0 106 +68 106 +8 0 1 1.405080 0 0 3716.340836 3716.842568 3717.344297 3717.544988 3719.551917 3720.956997 1 C 
  3 224 4 26 2 3 LH 1 75 -25 86 +35 1 1 1.466324 0 0 3721.976947 3722.478680 3722.980410 3723.181099 3725.188026 3726.654350 1 C 
  3 225 4 27 2 1 LN 0 120 -48 102 -48 0 1 0.700694 0 0 3727.663233 3728.164963 3728.666694 3728.867386 3730.874310 3731.575004 1 C 
  3 226 4 28 3 2 HL 1 82 -17 57 +3 1 1 0.805586 0 0 3732.596920 3733.098656 3733.600378 3733.801071 3735.807994 3736.613580 1 C 
  3 227 4 29 2 2 LL 1 136 -69 115 -49 0 0 1.251524 0 0 3737.630957 3738.132690 3738.634416 3738.835108 3740.842037 3742.093561 1 E 
  3 228 4 30 3 3 HH 1 120 +20 156 -40 1 1 0.749954 0 0 3743.116546 3743.618279 3744.120014 3744.320700 3746.327627 3747.077581 1 C 
  3 229 4 31 3 1 HN 0 99 -89 128 -89 0 1 0.942300 0 0 3748.100407 3748.602140 3749.103871 3749.304561 3751.311488 3752.253788 1 C 
  3 230 4 32 2 3 LH 1 139 +24 118 +84 0 0 0.948487 0 0 3753.268237 3753.769967 3754.271699 3754.472393 3756.479315 3757.427802 1 E 
  3 231 4 33 2 1 LN 0 135 -65 155 -65 1 0 0.755506 0 0 3758.452793 3758.954520 3759.456254 3759.656944 3761.663868 3762.419375 1 E 
  3 232 4 34 3 2 HL 1 138 +66 179 +46 0 0 1.151955 0 0 3763.436652 3763.938382 3764.440113 3764.640805 3766.647729 3767.799684 1 E 
  3 233 4 35 1 3 NH 0 114 +11 114 +71 0 1 0.859379 0 0 3768.821897 3769.323628 3769.825360 3770.026050 3772.032975 3772.892354 1 C 
  3 234 4 36 3 3 HH 1 63 +74 44 +14 1 1 0.689368 0 0 3773.906105 3774.407838 3774.909563 3775.110258 3777.117182 3777.806551 1 C 
  3 235 4 37 1 1 NN 0 100 +2 100 +2 0 1 0.860579 0 0 3778.823068 3779.324800 3779.826530 3780.027219 3782.034145 3782.894725 1 C 
  3 236 4 38 2 3 LH 1 123 +64 104 +4 0 0 1.312221 0 0 3783.907275 3784.409008 3784.910738 3785.111429 3787.118350 3788.430571 1 E 
  3 237 4 39 3 3 HH 1 103 -85 72 -25 0 0 5.458934 0 0 3789.443040 3789.944771 3790.446502 3790.647194 3792.654120 3798.113054 1 E 
  3 238 4 40 2 3 LH 1 157 -27 133 -87 0 0 1.411407 0 0 3799.126449 3799.628181 3800.129913 3800.330603 3802.337526 3803.748933 1 E 
  3 239 4 41 3 1 HN 0 115 +5 149 +5 1 0 1.146958 0 0 3804.762560 3805.264291 3805.766018 3805.966713 3807.973638 3809.120596 1 E 
  3 240 4 42 2 1 LN 0 84 +36 96 +36 1 0 1.081142 0 0 3810.131080 3810.632811 3811.134545 3811.335235 3813.342162 3814.423304 1 E 
  3 241 4 43 2 2 LL 1 111 +35 94 +55 0 0 0.860402 0 0 3815.432705 3815.934441 3816.436167 3816.636860 3818.643785 3819.504187 1 E 
  3 242 4 44 1 2 NL 0 115 -78 115 -58 1 0 1.247320 0 0 3820.516912 3821.018645 3821.520374 3821.721065 3823.727989 3824.975309 1 E 
  3 243 4 45 1 1 NN 0 74 +62 74 +62 0 1 0.964550 0 0 3825.985779 3826.487508 3826.989245 3827.189934 3829.196858 3830.161408 1 C 
  3 244 4 46 1 3 NH 0 124 -70 124 -10 0 1 1.680304 0 0 3831.170333 3831.672069 3832.173795 3832.374487 3834.381414 3836.061718 1 C 
  3 245 4 47 2 1 LN 0 92 -17 105 -17 0 1 0.480843 0 0 3837.074035 3837.575774 3838.077496 3838.278186 3840.285112 3840.765955 1 C 
  3 246 4 48 3 2 HL 1 99 +63 128 +43 1 1 1.080442 0 0 3841.790306 3842.292039 3842.793768 3842.994459 3845.001387 3846.081829 1 C 
  3 247 4 49 2 3 LH 1 82 -20 69 +40 1 1 0.866107 0 0 3847.091929 3847.593663 3848.095391 3848.296084 3850.303008 3851.169115 1 C 
  3 248 4 50 3 3 HH 1 120 +8 156 +68 0 0 1.212345 0 0 3852.192861 3852.694594 3853.196323 3853.397015 3855.403939 3856.616284 1 E 
  3 249 4 51 3 1 HN 0 112 -88 145 -88 0 1 0.914974 0 0 3857.628281 3858.130010 3858.631739 3858.832433 3860.839358 3861.754331 1 C 
  3 250 4 52 1 3 NH 0 56 +21 56 -39 1 0 0.948271 0 0 3862.779382 3863.281126 3863.782850 3863.983539 3865.990463 3866.938734 1 E 
  3 251 4 53 1 1 NN 0 76 +66 76 +66 1 0 0.986480 0 0 3867.963939 3868.465670 3868.967402 3869.168089 3871.175017 3872.161496 1 E 
  3 252 4 54 3 3 HH 1 150 -17 105 -77 1 1 0.799229 0 0 3873.181940 3873.683677 3874.185409 3874.386095 3876.393022 3877.192251 1 C 
  3 253 4 55 3 1 HN 0 113 +19 146 +19 1 0 0.782418 0 0 3878.215975 3878.717716 3879.219438 3879.420129 3881.427056 3882.209474 1 E 
  3 254 4 56 3 2 HL 1 87 +38 60 +18 1 1 0.783745 0 0 3883.233284 3883.735028 3884.236747 3884.437441 3886.444363 3887.228108 1 C 
  3 255 4 57 1 1 NN 0 76 +36 76 +36 0 1 1.411089 0 0 3888.250593 3888.752322 3889.254057 3889.454748 3891.461672 3892.872761 1 C 
  3 256 4 58 2 2 LL 1 73 +87 83 +67 0 0 1.074319 0 0 3893.886706 3894.388436 3894.890173 3895.090860 3897.097784 3898.172103 1 E 
  3 257 4 59 3 3 HH 1 70 +18 91 +78 1 1 0.876828 0 0 3899.188330 3899.690063 3900.191789 3900.392484 3902.399405 3903.276233 1 C 
  3 258 4 60 1 2 NL 0 67 -57 67 -77 1 0 2.363309 0 0 3904.289262 3904.790995 3905.292720 3905.493416 3907.500341 3909.863650 1 E 
  3 259 5  1 3 2 HL 1 135 -25 94 -5 1 1 0.402854 0 0 3940.363722 3940.865450 3941.367180 3941.567873 3943.574798 3943.977652 1 C 
  3 260 5  2 2 1 LN 0 89 +35 102 +35 1 0 1.372517 0 0 3944.996365 3945.498103 3945.999830 3946.200522 3948.207446 3949.579964 1 E 
  3 261 5  3 3 1 HN 0 170 -51 118 -51 0 1 1.305864 0 0 3950.599031 3951.100762 3951.602493 3951.803185 3953.810118 3955.115982 1 C 
  3 262 5  4 2 3 LH 1 99 -60 113 +0 0 0 1.047957 0 0 3956.134796 3956.636529 3957.138256 3957.338947 3959.345873 3960.393831 1 E 
  3 263 5  5 2 2 LL 1 89 +25 102 +5 0 0 0.656257 0 0 3961.402970 3961.904699 3962.406442 3962.607126 3964.614049 3965.270306 1 E 
  3 264 5  6 1 3 NH 0 82 -50 82 +10 1 0 0.667369 0 0 3966.286486 3966.788218 3967.289950 3967.490640 3969.497564 3970.164933 1 E 
  3 265 5  7 3 2 HL 1 91 +51 63 +71 1 1 0.837877 0 0 3971.186726 3971.688456 3972.190196 3972.390879 3974.397804 3975.235681 1 C 
  3 266 5  8 3 3 HH 1 131 -87 91 -27 1 1 0.457891 0 0 3976.254209 3976.755941 3977.257670 3977.458363 3979.465286 3979.923177 1 C 
  3 267 5  9 2 2 LL 1 155 +52 178 +72 1 1 0.870402 0 0 3980.937032 3981.438762 3981.940493 3982.141185 3984.148111 3985.018513 1 C 
  3 268 5 10 2 2 LL 1 94 -8 108 +12 1 1 0.921106 0 0 3986.037962 3986.539693 3987.041424 3987.242116 3989.249040 3990.170146 1 C 
  3 269 5 11 3 3 HH 1 84 +55 109 -5 1 1 0.810392 0 0 3991.189067 3991.690800 3992.192528 3992.393221 3994.400148 3995.210540 1 C 
  3 270 5 12 3 2 HL 1 79 -57 55 -37 1 1 1.609747 0 0 3996.223101 3996.724832 3997.226565 3997.427255 3999.434179 4001.043927 1 C 
  3 271 5 13 1 1 NN 0 134 +23 134 +23 0 1 1.348795 0 0 4002.059905 4002.561636 4003.063364 4003.264059 4005.270986 4006.619780 1 C 
  3 272 5 14 1 2 NL 0 128 -18 128 -38 1 0 1.251378 0 0 4007.629119 4008.130855 4008.632591 4008.833274 4010.840195 4012.091573 1 E 
  3 273 5 15 3 3 HH 1 81 -38 56 +22 1 1 0.993273 0 0 4013.114712 4013.616443 4014.118171 4014.318865 4016.325790 4017.319063 1 C 
  3 274 5 16 1 1 NN 0 87 +84 87 +84 1 0 0.623315 0 0 4018.332713 4018.834442 4019.336173 4019.536867 4021.543790 4022.167105 1 E 
  3 275 5 17 1 1 NN 0 89 -78 89 -78 1 0 0.937298 0 0 4023.182779 4023.684513 4024.186244 4024.386934 4026.393857 4027.331156 1 E 
  3 276 5 18 2 1 LN 0 170 -90 144 -90 1 0 1.217948 0 0 4028.350608 4028.852341 4029.354070 4029.554763 4031.561689 4032.779637 1 E 
  3 277 5 19 2 2 LL 1 174 -47 200 -27 0 0 0.827155 0 0 4033.802753 4034.304483 4034.806216 4035.006906 4037.013830 4037.840985 1 E 
  3 278 5 20 1 3 NH 0 65 -62 65 -2 0 1 1.400539 0 0 4038.853510 4039.355244 4039.856975 4040.057665 4042.064589 4043.465128 1 C 
  3 279 5 21 1 2 NL 0 79 -81 79 -61 0 1 0.827112 0 0 4044.489621 4044.991351 4045.493086 4045.693776 4047.700700 4048.527812 1 C 
  3 280 5 22 2 1 LN 0 164 +88 188 +88 0 1 1.047425 0 0 4049.540380 4050.042108 4050.543847 4050.744535 4052.751461 4053.798886 1 C 
  3 281 5 23 1 2 NL 0 81 -90 81 -70 1 0 0.970851 0 0 4054.808555 4055.310296 4055.812020 4056.012710 4058.019634 4058.990485 1 E 
  3 282 5 24 2 2 LL 1 131 +11 150 +31 0 0 1.218038 0 0 4060.009833 4060.511567 4061.013295 4061.213987 4063.220913 4064.438951 1 E 
  3 283 5 25 3 3 HH 1 72 -64 50 -4 0 0 0.981156 0 0 4065.461978 4065.963710 4066.465438 4066.666130 4068.673055 4069.654211 1 E 
  3 284 5 26 3 3 HH 1 90 +42 117 -18 0 0 1.763125 0 0 4070.663255 4071.164982 4071.666718 4071.867409 4073.874332 4075.637457 1 E 
  3 285 5 27 1 2 NL 0 136 +54 136 +74 1 0 1.212528 0 0 4076.650581 4077.152310 4077.654043 4077.854732 4079.861658 4081.074186 1 E 
  3 286 5 28 2 3 LH 1 177 -5 203 +55 0 0 1.245832 0 0 4082.085997 4082.587735 4083.089456 4083.290150 4085.297075 4086.542907 1 E 
  3 287 5 29 3 1 HN 0 176 +37 123 +37 0 1 1.042427 0 0 4087.554865 4088.056595 4088.558336 4088.759016 4090.765942 4091.808369 1 C 
  3 288 5 30 1 3 NH 0 162 -81 162 -21 0 1 1.951053 0 0 4092.823039 4093.324773 4093.826502 4094.027194 4096.034118 4097.985170 1 C 
  3 289 5 31 3 2 HL 1 133 +46 172 +66 0 0 0.843675 0 0 4098.994331 4099.496063 4099.997800 4100.198484 4102.205409 4103.049084 1 E 
  3 290 5 32 2 3 LH 1 57 -30 65 +30 1 1 0.910483 0 0 4104.061814 4104.563542 4105.065277 4105.265968 4107.272892 4108.183375 1 C 
  3 291 5 33 2 2 LL 1 149 -10 126 +10 1 1 0.849198 0 0 4109.196194 4109.697924 4110.199655 4110.400348 4112.407272 4113.256469 1 C 
  3 292 5 34 2 3 LH 1 97 -27 82 +33 0 0 1.036311 0 0 4114.280402 4114.782134 4115.283864 4115.484555 4117.491479 4118.527791 1 E 
  3 293 5 35 3 2 HL 1 112 -86 145 -66 0 0 1.041960 0 0 4119.548576 4120.050308 4120.552038 4120.752731 4122.759656 4123.801616 1 E 
  3 294 5 36 1 3 NH 0 127 +5 127 +65 0 1 1.179527 0 0 4124.816752 4125.318485 4125.820214 4126.020905 4128.027830 4129.207357 1 C 
  3 295 5 37 2 2 LL 1 82 +49 69 +29 0 0 0.970259 0 0 4130.218722 4130.720450 4131.222188 4131.422876 4133.429802 4134.400060 1 E 
  3 296 5 38 1 1 NN 0 119 +37 119 +37 0 1 1.168081 0 0 4135.420000 4135.921733 4136.423467 4136.624153 4138.631080 4139.799161 1 C 
  3 297 5 39 3 3 HH 1 98 -21 127 -81 1 1 0.727915 0 0 4140.821971 4141.323699 4141.825431 4142.026124 4144.033046 4144.760961 1 C 
  3 298 5 40 3 2 HL 1 111 -60 77 -80 1 1 0.717259 0 0 4145.772382 4146.274115 4146.775847 4146.976535 4148.983459 4149.700718 1 C 
  3 299 5 41 3 1 HN 0 107 -18 139 -18 0 1 1.366729 0 0 4150.722796 4151.224525 4151.726257 4151.926946 4153.933870 4155.300598 1 C 
  3 300 5 42 1 1 NN 0 148 -69 148 -69 0 1 0.953323 0 0 4156.325458 4156.827188 4157.328921 4157.529611 4159.536533 4160.489855 1 C 
  3 301 5 43 2 3 LH 1 140 +62 119 +2 0 0 0.870725 0 0 4161.510013 4162.011741 4162.513475 4162.714164 4164.721088 4165.591813 1 E 
  3 302 5 44 1 1 NN 0 127 -10 127 -10 0 1 0.804496 0 0 4166.610943 4167.112675 4167.614407 4167.815097 4169.822023 4170.626518 1 C 
  3 303 5 45 1 2 NL 0 165 -88 165 -68 0 1 0.690126 0 0 4171.644973 4172.146707 4172.648438 4172.849130 4174.856055 4175.546180 1 C 
  3 304 5 46 3 2 HL 1 173 +39 121 +19 1 1 1.196482 0 0 4176.561940 4177.063673 4177.565402 4177.766094 4179.773016 4180.969498 1 C 
  3 305 5 47 2 2 LL 1 138 -77 117 -57 1 1 1.212202 0 0 4181.980634 4182.482368 4182.984097 4183.184788 4185.191713 4186.403915 1 C 
  3 306 5 48 3 1 HN 0 83 -63 107 -63 0 1 0.810311 0 0 4187.416053 4187.917784 4188.419516 4188.620206 4190.627131 4191.437443 1 C 
  3 307 5 49 2 2 LL 1 91 -33 104 -53 0 0 0.711387 0 0 4192.450088 4192.951818 4193.453550 4193.654242 4195.661165 4196.372552 1 E 
  3 308 5 50 3 1 HN 0 88 +75 114 +75 0 1 1.190887 0 0 4197.383776 4197.885505 4198.387237 4198.587930 4200.594857 4201.785744 1 C 
  3 309 5 51 3 2 HL 1 134 +1 174 -19 1 1 0.838030 0 0 4202.802472 4203.304203 4203.805932 4204.006625 4206.013549 4206.851579 1 C 
  3 310 5 52 3 3 HH 1 125 -35 87 +25 0 0 0.617897 0 0 4207.869953 4208.371692 4208.873417 4209.074107 4211.081033 4211.698930 1 E 
  3 311 5 53 1 3 NH 0 169 +31 169 -29 0 1 1.482288 0 0 4212.720020 4213.221753 4213.723481 4213.924173 4215.931098 4217.413387 1 C 
  3 312 5 54 3 1 HN 0 105 +85 136 +85 1 0 0.640070 0 0 4218.423028 4218.924756 4219.426497 4219.627180 4221.634106 4222.274177 1 E 
  3 313 5 55 1 1 NN 0 119 +72 119 +72 0 1 0.949056 0 0 4223.289819 4223.791556 4224.293283 4224.493973 4226.500897 4227.449954 1 C 
  3 314 5 56 3 3 HH 1 141 +43 183 -17 0 0 1.008673 0 0 4228.474373 4228.976105 4229.477834 4229.678526 4231.685452 4232.694125 1 E 
  3 315 5 57 1 2 NL 0 127 -28 127 -48 0 1 0.794763 0 0 4233.709099 4234.210829 4234.712561 4234.913253 4236.920177 4237.714939 1 C 
  3 316 5 58 3 3 HH 1 88 -35 61 +25 1 1 0.793977 0 0 4238.726409 4239.228141 4239.729871 4239.930562 4241.937489 4242.731466 1 C 
  3 317 5 59 1 2 NL 0 97 -72 97 -52 0 1 0.948425 0 0 4243.743719 4244.245454 4244.747183 4244.947873 4246.954799 4247.903224 1 C 
  3 318 5 60 1 3 NH 0 92 +68 92 +8 1 0 1.295501 0 0 4248.928272 4249.430003 4249.931734 4250.132427 4252.139353 4253.434854 1 E 
  3 319 6  1 3 2 HL 1 132 +73 171 +53 1 1 0.678000 0 0 4294.669415 4295.171146 4295.672875 4295.873567 4297.880491 4298.558491 1 C 
  3 320 6  2 3 2 HL 1 98 +2 68 +22 1 1 0.650751 0 0 4299.569652 4300.071380 4300.573116 4300.773807 4302.780728 4303.431479 1 C 
  3 321 6  3 2 3 LH 1 165 +70 189 +10 1 1 0.606727 0 0 4304.453167 4304.954898 4305.456629 4305.657321 4307.664245 4308.270972 1 C 
  3 322 6  4 3 1 HN 0 178 +47 124 +47 0 1 0.981223 0 0 4309.286510 4309.788240 4310.289971 4310.490662 4312.497584 4313.478807 1 C 
  3 323 6  5 2 1 LN 0 109 -89 92 -89 0 1 0.964380 0 0 4314.487786 4314.989518 4315.491250 4315.691941 4317.698865 4318.663245 1 C 
  3 324 6  6 1 3 NH 0 168 -30 168 +30 0 1 1.195974 0 0 4319.672339 4320.174071 4320.675802 4320.876494 4322.883420 4324.079395 1 C 
  3 325 6  7 3 2 HL 1 89 -70 62 -90 1 1 0.865826 0 0 4325.091034 4325.592766 4326.094500 4326.295188 4328.302113 4329.167939 1 C 
  3 326 6  8 2 1 LN 0 87 +30 73 +30 0 1 0.651103 0 0 4330.191965 4330.693699 4331.195431 4331.396121 4333.403047 4334.054150 1 C 
  3 327 6  9 3 3 HH 1 95 +59 66 -1 1 1 0.887232 0 0 4335.075481 4335.577215 4336.078941 4336.279634 4338.286559 4339.173791 1 C 
  3 328 6 10 1 2 NL 0 134 -11 134 +9 0 1 1.228373 0 0 4340.193137 4340.694870 4341.196608 4341.397292 4343.404217 4344.632590 1 C 
  3 329 6 11 1 3 NH 0 79 +10 79 -50 0 1 1.536569 0 0 4345.645281 4346.147011 4346.648739 4346.849434 4348.856359 4350.392928 1 C 
  3 330 6 12 1 3 NH 0 75 +68 75 +8 0 1 0.662034 0 0 4351.415186 4351.916919 4352.418649 4352.619341 4354.626265 4355.288299 1 C 
  3 331 6 13 1 2 NL 0 56 +24 56 +4 0 1 0.904790 0 0 4356.298702 4356.800433 4357.302166 4357.502856 4359.509780 4360.414569 1 C 
  3 332 6 14 3 1 HN 0 61 -52 42 -52 1 0 0.628480 0 0 4361.433086 4361.934812 4362.436543 4362.637234 4364.644162 4365.272642 1 E 
  3 333 6 15 1 3 NH 0 138 -80 138 -20 0 1 0.970021 0 0 4366.283149 4366.784879 4367.286610 4367.487300 4369.494229 4370.464249 1 C 
  3 334 6 16 2 2 LL 1 105 +88 120 +68 0 0 0.567753 0 0 4371.484427 4371.986156 4372.487888 4372.688579 4374.695504 4375.263257 1 E 
  3 335 6 17 1 3 NH 0 107 -41 107 +19 0 1 0.799477 0 0 4376.284319 4376.786057 4377.287780 4377.488473 4379.495396 4380.294873 1 C 
  3 336 6 18 1 1 NN 0 126 +81 126 +81 0 1 0.512524 0 0 4381.318355 4381.820087 4382.321821 4382.522508 4384.529434 4385.041958 1 C 
  3 337 6 19 2 3 LH 1 79 +90 90 +30 0 0 0.562576 0 0 4386.051350 4386.553080 4387.054813 4387.255501 4389.262429 4389.825005 1 E 
  3 338 6 20 3 3 HH 1 68 -15 88 +45 0 0 0.898651 0 0 4390.834518 4391.336253 4391.837980 4392.038673 4394.045595 4394.944246 1 E 
  3 339 6 21 3 1 HN 0 150 -2 105 -2 0 1 0.452386 0 0 4395.968898 4396.470631 4396.972357 4397.173052 4399.179975 4399.632361 1 C 
  3 340 6 22 1 1 NN 0 132 -37 132 -37 0 1 0.435662 0 0 4400.651720 4401.153451 4401.655189 4401.855874 4403.862801 4404.298463 1 C 
  3 341 6 23 3 3 HH 1 61 +84 42 +24 1 1 0.766691 0 0 4405.317818 4405.819553 4406.321279 4406.521973 4408.528894 4409.295585 1 C 
  3 342 6 24 3 3 HH 1 165 -77 115 -17 1 1 1.074745 0 0 4410.318402 4410.820135 4411.321867 4411.522557 4413.529479 4414.604224 1 C 
  3 343 6 25 2 1 LN 0 130 -1 149 -1 0 1 1.070306 0 0 4415.620028 4416.121758 4416.623497 4416.824185 4418.831106 4419.901412 1 C 
  3 344 6 26 1 3 NH 0 117 +75 117 +15 0 1 1.334414 0 0 4420.921652 4421.423382 4421.925113 4422.125806 4424.132732 4425.467146 1 C 
  3 345 6 27 2 2 LL 1 157 +75 133 +55 0 0 0.826692 0 0 4426.490866 4426.992598 4427.494328 4427.695020 4429.701946 4430.528638 1 E 
  3 346 6 28 3 2 HL 1 120 -88 156 -68 1 1 1.388586 0 0 4431.541624 4432.043358 4432.545089 4432.745776 4434.752699 4436.141286 1 C 
  3 347 6 29 3 1 HN 0 137 -63 95 -63 0 1 0.766577 0 0 4437.161011 4437.662739 4438.164475 4438.365165 4440.372089 4441.138667 1 C 
  3 348 6 30 2 2 LL 1 135 -73 114 -53 0 0 0.678364 0 0 4442.161596 4442.663331 4443.165058 4443.365751 4445.372673 4446.051037 1 E 
  3 349 6 31 2 2 LL 1 58 -58 49 -38 0 0 0.689081 0 0 4447.061836 4447.563571 4448.065299 4448.265990 4450.272911 4450.961992 1 E 
  3 350 6 32 2 3 LH 1 77 +79 88 +19 1 1 3.096515 0 0 4451.978799 4452.480532 4452.982264 4453.182953 4455.189878 4458.286393 1 C 
  3 351 6 33 2 3 LH 1 84 +8 71 +68 0 0 0.832056 0 0 4459.304072 4459.805802 4460.307536 4460.508224 4462.515152 4463.347208 1 E 
  3 352 6 34 1 2 NL 0 179 -18 179 +2 1 0 0.965214 0 0 4464.371554 4464.873286 4465.375021 4465.575709 4467.582633 4468.547847 1 E 
  3 353 6 35 1 3 NH 0 147 -7 147 -67 0 1 1.235461 0 0 4469.572830 4470.074563 4470.576298 4470.776988 4472.783910 4474.019372 1 C 
  3 354 6 36 3 1 HN 0 140 +26 98 +26 1 0 0.854094 0 0 4475.041699 4475.543433 4476.045165 4476.245854 4478.252781 4479.106875 1 E 
  3 355 6 37 2 1 LN 0 137 +35 116 +35 0 1 1.769218 0 0 4480.125907 4480.627639 4481.129368 4481.330061 4483.336986 4485.106204 1 C 
  3 356 6 38 2 2 LL 1 175 -59 201 -39 1 1 0.000826 1 1 4486.129955 4486.631691 4487.133416 4487.334109 4489.341033 4489.341859 1 N 
  3 357 6 39 2 1 LN 0 166 -14 190 -14 1 0 5.766826 0 1 4493.037118 4493.538851 4494.040580 4494.241277 4496.248198 4502.015024 1 E 
  3 358 6 40 2 2 LL 1 129 +55 148 +75 0 0 0.662310 0 1 4503.038289 4503.540020 4504.041756 4504.242443 4506.249367 4506.911677 1 E 
  3 359 6 41 3 3 HH 1 180 +77 234 +17 1 1 0.799983 0 1 4507.921804 4508.423536 4508.925268 4509.125958 4511.132882 4511.932865 1 C 
  3 360 6 42 1 3 NH 0 175 +81 175 +21 1 0 1.537450 0 1 4512.955838 4513.457568 4513.959300 4514.159992 4516.166918 4517.704367 1 E 
  3 361 6 43 3 3 HH 1 137 +13 178 +73 1 1 0.771850 0 1 4518.725744 4519.227475 4519.729208 4519.929898 4521.936822 4522.708673 1 C 
  3 362 6 44 2 3 LH 1 116 -34 133 +26 0 0 0.766437 0 1 4523.726329 4524.228062 4524.729792 4524.930484 4526.937410 4527.703847 1 E 
  3 363 6 45 1 2 NL 0 180 +47 180 +27 0 1 1.134531 0 1 4528.726920 4529.228648 4529.730377 4529.931068 4531.937993 4533.072524 1 C 
  3 364 6 46 1 2 NL 0 131 -63 131 -43 0 1 1.163376 0 1 4534.095437 4534.597170 4535.098903 4535.299590 4537.306513 4538.469889 1 C 
  3 365 6 47 3 2 HL 1 105 +10 136 +30 0 0 0.754583 0 1 4539.480682 4539.982418 4540.484149 4540.684836 4542.691763 4543.446345 1 E 
  3 366 6 48 2 1 LN 0 66 +49 75 +49 0 1 0.666796 0 1 4544.464543 4544.966276 4545.468005 4545.668695 4547.675621 4548.342417 1 C 
  3 367 6 49 2 2 LL 1 154 +11 177 +31 0 0 0.567621 0 1 4549.364782 4549.866514 4550.368250 4550.568937 4552.575863 4553.143484 1 E 
  3 368 6 50 1 1 NN 0 61 +62 61 +62 0 1 0.590441 0 1 4554.164675 4554.666408 4555.168142 4555.368830 4557.375754 4557.966196 1 C 
  3 369 6 51 3 3 HH 1 100 +23 70 +83 1 1 0.860416 0 1 4558.981293 4559.483029 4559.984752 4560.185444 4562.192371 4563.052787 1 C 
  3 370 6 52 2 1 LN 0 121 +40 102 +40 0 1 0.717556 0 1 4564.065500 4564.567233 4565.068960 4565.269654 4567.276581 4567.994137 1 C 
  3 371 6 53 1 2 NL 0 108 +58 108 +38 1 0 0.942120 0 1 4569.015913 4569.517640 4570.019377 4570.220064 4572.226988 4573.169108 1 E 
  3 372 6 54 1 2 NL 0 169 -30 169 -50 0 1 0.755151 0 1 4574.183742 4574.685470 4575.187208 4575.387896 4577.394819 4578.149970 1 C 
  3 373 6 55 1 3 NH 0 145 +39 145 -21 1 0 0.981217 0 1 4579.167606 4579.669331 4580.171066 4580.371759 4582.378683 4583.359901 1 E 
  3 374 6 56 3 2 HL 1 134 -58 93 -38 1 1 0.947363 0 1 4584.368880 4584.870619 4585.372343 4585.573034 4587.579961 4588.527324 1 C 
  3 375 6 57 3 3 HH 1 158 +72 205 +12 1 1 0.810429 0 1 4589.536709 4590.038440 4590.540175 4590.740864 4592.747788 4593.558217 1 C 
  3 376 6 58 3 2 HL 1 55 -63 38 -43 1 1 0.826938 0 1 4594.570744 4595.072475 4595.574204 4595.774898 4597.781822 4598.608759 1 C 
  3 377 6 59 3 1 HN 0 164 +11 213 +11 1 0 0.689197 0 1 4599.621502 4600.123235 4600.624964 4600.825656 4602.832581 4603.521777 1 E 
  3 378 6 60 2 3 LH 1 121 +48 102 -12 1 1 0.628867 0 1 4604.538466 4605.040195 4605.541928 4605.742621 4607.749544 4608.378411 1 C 
