  7   1 0 43 3 1 HN 0 57 -23 74 -23 0 1 3.460309 0 0 6529.831082 6530.335734 6530.840394 6531.042255 6533.044074 6536.504383 1 C 
  7   2 0 44 1 3 NH 0 169 +53 169 -7 1 0 3.931557 0 0 6537.518722 6538.023381 6538.528041 6538.729905 6540.731721 6544.663278 1 E 
  7   3 0 45 2 3 LH 1 95 +25 80 +85 0 0 1.854269 0 0 6545.677386 6546.182045 6546.686703 6546.888568 6548.890383 6550.744652 1 E 
  7   4 0 46 3 2 HL 1 134 +1 174 -19 1 1 2.131118 0 0 6551.766945 6552.271603 6552.776262 6552.978127 6554.979943 6557.111061 1 C 
  7   5 0 47 3 3 HH 1 124 +74 161 +14 0 0 1.567000 0 0 6558.125654 6558.630313 6559.134973 6559.336840 6561.338653 6562.905653 1 E 
  7   6 0 48 3 1 HN 0 73 +62 94 +62 0 1 2.322407 0 0 6563.929244 6564.433898 6564.938558 6565.140425 6567.142238 6569.464644 1 C 
  7   7 0 49 3 2 HL 1 89 +87 62 +67 0 0 5.891904 0 0 6570.489814 6570.994473 6571.499130 6571.700999 6573.702813 6579.594717 1 E 
  7   8 0 50 1 2 NL 0 150 -64 150 -84 1 0 5.744905 0 0 6580.616660 6581.121308 6581.625967 6581.827835 6583.829648 6589.574553 1 E 
  7   9 0 51 2 3 LH 1 161 +9 185 +69 0 0 1.326410 0 0 6590.592087 6591.096744 6591.601404 6591.803268 6593.805090 6595.131500 1 E 
  7  10 0 52 1 3 NH 0 151 +24 151 +84 0 1 1.642445 0 0 6596.143342 6596.648001 6597.152661 6597.354527 6599.356341 6600.998785 1 C 
  7  11 0 53 1 3 NH 0 134 +16 134 +76 0 1 1.327513 0 0 6602.014214 6602.518874 6603.023533 6603.225397 6605.227213 6606.554727 1 C 
  7  12 0 54 2 2 LL 1 66 -45 56 -25 1 1 1.215360 0 0 6607.565470 6608.070129 6608.574787 6608.776653 6610.778468 6611.993829 1 C 
  7  13 0 55 2 2 LL 1 146 +10 124 -10 1 1 1.300028 0 0 6613.015793 6613.520452 6614.025112 6614.226975 6616.228792 6617.528819 1 C 
  7  14 0 56 2 1 LN 0 111 -2 127 -2 1 0 1.542929 0 0 6618.550227 6619.054887 6619.559546 6619.761412 6621.763225 6623.306154 1 E 
  7  15 0 57 2 1 LN 0 120 +53 102 +53 0 1 0.938381 0 0 6624.320168 6624.824824 6625.329486 6625.531350 6627.533165 6628.471546 1 C 
  7  16 0 58 2 3 LH 1 158 -53 134 +7 1 1 1.710968 0 0 6629.484518 6629.989176 6630.493836 6630.695703 6632.697516 6634.408484 1 C 
  7  17 0 59 1 3 NH 0 172 -43 172 +17 1 0 1.809548 0 0 6635.422678 6635.927342 6636.431996 6636.633862 6638.635677 6640.445224 1 E 
  7  18 0 60 3 1 HN 0 131 -47 170 -47 0 1 1.209755 0 0 6641.461772 6641.966430 6642.471090 6642.672953 6644.674770 6645.884525 1 C 
  7  19 1  1 2 1 LN 0 162 -15 186 -15 0 1 3.568881 0 0 6714.687873 6715.192533 6715.697193 6715.899058 6717.900873 6721.469754 1 C 
  7  20 1  2 1 2 NL 0 159 +7 159 -13 1 0 1.473321 0 0 6722.493275 6722.997934 6723.502597 6723.704457 6725.706274 6727.179595 1 E 
  7  21 1  3 3 2 HL 1 62 +19 43 +39 0 0 1.197308 0 0 6728.195929 6728.700587 6729.205246 6729.407113 6731.408925 6732.606234 1 E 
  7  22 1  4 2 3 LH 1 155 -85 178 -25 0 0 2.273615 0 0 6733.629429 6734.134088 6734.638750 6734.840617 6736.842428 6739.116043 1 E 
  7  23 1  5 3 2 HL 1 133 +80 93 +60 0 0 1.716319 0 0 6740.139539 6740.644197 6741.148857 6741.350721 6743.352537 6745.068856 1 E 
  7  24 1  6 1 3 NH 0 78 -12 78 -72 0 1 1.316781 0 0 6746.094521 6746.599179 6747.103842 6747.305705 6749.307519 6750.624300 1 C 
  7  25 1  7 2 2 LL 1 120 +62 138 +82 0 0 1.669199 0 0 6751.645777 6752.150435 6752.655094 6752.856961 6754.858775 6756.527973 1 E 
  7  26 1  8 1 1 NN 0 109 +1 109 +1 1 0 1.492845 0 0 6757.550292 6758.054951 6758.559611 6758.761475 6760.763292 6762.256137 1 E 
  7  27 1  9 1 1 NN 0 172 +32 172 +32 0 1 1.341861 0 0 6763.269769 6763.774426 6764.279089 6764.480949 6766.482766 6767.824627 1 C 
  7  28 1 10 2 3 LH 1 91 +18 77 -42 1 1 1.197345 0 0 6768.837845 6769.342507 6769.847164 6770.049029 6772.050844 6773.248188 1 C 
  7  29 1 11 3 2 HL 1 78 -75 54 -55 0 0 2.420669 0 0 6774.271347 6774.776006 6775.280665 6775.482532 6777.484345 6779.905015 1 E 
  7  30 1 12 3 2 HL 1 54 +3 37 -17 1 1 1.566302 0 0 6780.916030 6781.420690 6781.925350 6782.127213 6784.129029 6785.695331 1 C 
  7  31 1 13 2 1 LN 0 132 +88 112 +88 1 0 1.172657 0 0 6786.719617 6787.224275 6787.728934 6787.930797 6789.932615 6791.105272 1 E 
  7  32 1 14 2 2 LL 1 80 -86 92 -66 0 0 1.980183 0 0 6792.119472 6792.624132 6793.128791 6793.330657 6795.332472 6797.312655 1 E 
  7  33 1 15 1 3 NH 0 125 -77 125 -17 0 1 2.046675 0 0 6798.326787 6798.831442 6799.336104 6799.537970 6801.539786 6803.586462 1 C 
  7  34 1 16 3 2 HL 1 177 +9 123 +29 0 0 1.321211 0 0 6804.601386 6805.106045 6805.610705 6805.812571 6807.814385 6809.135596 1 E 
  7  35 1 17 3 3 HH 1 141 +69 183 +9 0 0 1.404976 0 0 6810.152643 6810.657302 6811.161960 6811.363824 6813.365640 6814.770617 1 E 
  7  36 1 18 1 3 NH 0 98 -31 98 +29 0 1 3.304795 0 0 6815.788008 6816.292670 6816.797325 6816.999190 6819.001008 6822.305803 1 C 
  7  37 1 19 1 2 NL 0 125 -55 125 -75 0 1 2.165113 0 0 6823.324253 6823.828914 6824.333575 6824.535439 6826.537254 6828.702367 1 C 
  7  38 1 20 2 2 LL 1 76 -79 64 -59 0 0 10.559630 0 0 6829.716612 6830.221269 6830.725930 6830.927794 6832.929609 6843.489240 1 E 
  7  39 1 21 1 1 NN 0 82 +82 82 +82 1 0 0.655435 0 0 6844.503137 6845.007796 6845.512455 6845.714322 6847.716134 6848.371569 1 E 
  7  40 1 22 1 2 NL 0 97 +80 97 +60 0 1 1.198599 0 0 6849.398333 6849.902993 6850.407651 6850.609518 6852.611333 6853.809932 1 C 
  7  41 1 23 3 3 HH 1 164 +36 114 -24 1 1 1.333470 0 0 6854.831834 6855.336494 6855.841154 6856.043018 6858.044834 6859.378304 1 C 
  7  42 1 24 2 3 LH 1 153 -83 130 -23 0 0 1.942297 0 0 6860.399913 6860.904571 6861.409229 6861.611097 6863.612910 6865.555207 1 E 
  7  43 1 25 2 3 LH 1 135 -73 114 -13 0 0 4.949285 0 0 6866.573581 6867.078240 6867.582900 6867.784763 6869.786580 6874.735864 1 E 
  7  44 1 26 2 2 LL 1 145 +50 123 +70 0 0 2.774887 0 0 6875.758386 6876.263043 6876.767704 6876.969571 6878.971382 6881.746269 1 E 
  7  45 1 27 3 1 HN 0 78 -59 101 -59 0 1 1.375934 0 0 6882.773162 6883.277812 6883.782470 6883.984339 6885.986151 6887.362085 1 C 
  7  46 1 28 3 1 HN 0 67 -83 46 -83 0 1 1.404565 0 0 6888.374875 6888.879533 6889.384193 6889.586057 6891.587874 6892.992440 1 C 
  7  47 1 29 1 3 NH 0 116 -25 116 -85 1 0 2.478068 0 0 6894.010240 6894.514899 6895.019558 6895.221425 6897.223238 6899.701306 1 E 
  7  48 1 30 3 2 HL 1 155 +80 201 +60 0 0 1.621348 0 0 6900.722212 6901.226871 6901.731530 6901.933398 6903.935210 6905.556558 1 E 
  7  49 1 31 2 2 LL 1 129 +36 109 +56 0 0 1.719906 0 0 6906.576264 6907.080922 6907.585580 6907.787447 6909.789261 6911.509168 1 E 
  7  50 1 32 2 3 LH 1 124 +22 105 +82 1 1 1.589494 0 0 6912.531249 6913.035905 6913.540566 6913.742431 6915.744244 6917.333738 1 C 
  7  51 1 33 1 3 NH 0 123 +44 123 -16 1 0 2.037734 0 0 6918.351654 6918.856312 6919.360971 6919.562837 6921.564650 6923.602384 1 E 
  7  52 1 34 2 2 LL 1 137 +25 116 +5 1 1 1.650382 0 0 6924.626254 6925.130912 6925.635572 6925.837438 6927.839252 6929.489634 1 C 
  7  53 1 35 3 2 HL 1 77 -59 100 -39 0 0 1.652642 0 0 6930.513959 6931.018605 6931.523267 6931.725134 6933.726946 6935.379589 1 E 
  7  54 1 36 2 3 LH 1 56 +69 64 +9 1 1 1.317053 0 0 6936.401644 6936.906302 6937.410962 6937.612824 6939.614644 6940.931696 1 C 
  7  55 1 37 3 3 HH 1 89 -5 115 -65 1 1 1.830945 0 0 6941.952899 6942.457557 6942.962217 6943.164079 6945.165897 6946.996842 1 C 
  7  56 1 38 2 3 LH 1 83 -40 70 +20 1 1 1.792932 0 0 6948.008814 6948.513473 6949.018132 6949.219999 6951.221815 6953.014747 1 C 
  7  57 1 39 3 2 HL 1 62 -76 43 -56 1 1 1.288435 0 0 6954.031085 6954.535743 6955.040403 6955.242266 6957.244082 6958.532517 1 C 
  7  58 1 40 1 2 NL 0 156 -8 156 -28 1 0 1.337055 0 0 6959.548695 6960.053355 6960.558013 6960.759879 6962.761696 6964.098752 1 E 
  7  59 1 41 1 3 NH 0 156 -35 156 +25 1 0 1.225614 0 0 6965.116772 6965.621430 6966.126091 6966.327955 6968.329771 6969.555385 1 E 
  7  60 1 42 3 1 HN 0 163 +33 114 +33 0 1 1.714004 0 0 6970.567095 6971.071755 6971.576414 6971.778278 6973.780094 6975.494098 1 C 
  7  61 1 43 3 1 HN 0 127 +73 88 +73 1 0 2.271948 0 0 6976.505257 6977.009916 6977.514575 6977.716439 6979.718253 6981.990201 1 E 
  7  62 1 44 3 1 HN 0 88 -1 114 -1 1 0 2.175223 0 0 6983.015367 6983.520023 6984.024684 6984.226549 6986.228363 6988.403586 1 E 
  7  63 1 45 3 3 HH 1 70 -88 91 -28 1 1 1.160920 0 0 6989.424542 6989.929201 6990.433860 6990.635724 6992.637541 6993.798461 1 C 
  7  64 1 46 3 1 HN 0 177 +63 230 +63 0 1 1.503974 0 0 6994.824399 6995.329057 6995.833717 6996.035583 6998.037396 6999.541370 1 C 
  7  65 1 47 3 1 HN 0 176 +82 228 +82 0 1 11.530420 0 0 7000.560697 7001.065356 7001.570015 7001.771878 7003.773695 7015.304115 1 C 
  7  66 1 48 2 1 LN 0 179 -59 152 -59 0 1 2.181941 0 0 7016.322898 7016.827556 7017.332216 7017.534082 7019.535892 7021.717833 1 C 
  7  67 1 49 2 1 LN 0 140 -73 161 -73 0 1 1.469021 0 0 7022.732073 7023.236732 7023.741391 7023.943255 7025.945072 7027.414093 1 C 
  7  68 1 50 3 2 HL 1 107 +29 74 +9 1 1 2.038792 0 0 7028.434726 7028.939385 7029.444044 7029.645910 7031.647724 7033.686516 1 C 
  7  69 1 51 1 2 NL 0 64 +61 64 +81 1 0 1.463685 0 0 7034.709327 7035.213985 7035.718645 7035.920509 7037.922329 7039.386014 1 E 
  7  70 1 52 3 3 HH 1 151 -72 105 -12 1 1 1.343817 0 0 7040.411980 7040.916639 7041.421298 7041.623161 7043.624978 7044.968795 1 C 
  7  71 1 53 3 2 HL 1 160 -47 112 -27 1 1 1.264998 0 0 7045.980055 7046.484718 7046.989376 7047.191242 7049.193056 7050.458054 1 C 
  7  72 1 54 1 3 NH 0 148 -37 148 +23 1 0 1.924812 0 0 7051.480846 7051.985504 7052.490165 7052.692028 7054.693845 7056.618657 1 E 
  7  73 1 55 2 3 LH 1 137 -49 157 +11 1 1 1.811953 0 0 7057.637692 7058.142352 7058.647011 7058.848876 7060.850691 7062.662645 1 C 
  7  74 1 56 3 3 HH 1 80 +2 104 +62 1 1 2.412162 0 0 7063.676786 7064.181445 7064.686104 7064.887969 7066.889784 7069.301946 1 C 
  7  75 1 57 2 2 LL 1 97 +90 111 +70 0 0 1.992990 0 0 7070.321470 7070.826128 7071.330788 7071.532654 7073.534471 7075.527462 1 E 
  7  76 1 58 2 1 LN 0 128 -6 108 -6 0 1 3.467862 0 0 7076.545605 7077.050264 7077.554923 7077.756787 7079.758603 7083.226465 1 C 
  7  77 1 59 2 2 LL 1 80 +76 92 +56 1 1 1.776204 0 0 7084.250075 7084.754733 7085.259392 7085.461256 7087.463073 7089.239277 1 C 
  7  78 1 60 3 3 HH 1 132 +28 92 -32 1 1 1.023079 0 0 7090.255520 7090.760182 7091.264842 7091.466708 7093.468526 7094.491605 1 C 
  7  79 2  1 1 1 NN 0 174 +23 174 +23 0 1 1.800924 0 0 7266.617222 7267.121878 7267.626538 7267.828401 7269.830218 7271.631142 1 C 
  7  80 2  2 3 1 HN 0 124 +1 161 +1 0 1 1.217207 0 0 7272.656312 7273.160971 7273.665633 7273.867498 7275.869312 7277.086519 1 C 
  7  81 2  3 2 2 LL 1 92 +56 78 +36 1 1 1.034328 0 0 7278.106635 7278.611294 7279.115957 7279.317820 7281.319634 7282.353962 1 C 
  7  82 2  4 1 2 NL 0 161 -17 161 +3 1 0 1.237502 0 0 7283.371916 7283.876575 7284.381235 7284.583101 7286.584913 7287.822415 1 E 
  7  83 2  5 1 1 NN 0 97 -38 97 -38 0 1 1.914559 0 0 7288.839062 7289.343722 7289.848380 7290.050245 7292.052065 7293.966624 1 C 
  7  84 2  6 1 2 NL 0 63 +11 63 +31 0 1 1.198304 0 0 7294.979092 7295.483744 7295.988405 7296.190270 7298.192086 7299.390390 1 C 
  7  85 2  7 1 3 NH 0 88 -7 88 -67 1 0 2.147598 0 0 7300.412589 7300.917247 7301.421907 7301.623771 7303.625586 7305.773184 1 E 
  7  86 2  8 3 3 HH 1 100 +5 70 -55 1 1 1.039031 0 0 7306.788120 7307.292780 7307.797439 7307.999303 7310.001122 7311.040153 1 C 
  7  87 2  9 1 3 NH 0 112 -53 112 +7 1 0 1.487375 0 0 7312.053403 7312.558062 7313.062721 7313.264587 7315.266400 7316.753775 1 E 
  7  88 2 10 1 1 NN 0 76 +75 76 +75 1 0 1.861598 0 0 7317.772878 7318.277536 7318.782196 7318.984062 7320.985876 7322.847474 1 E 
  7  89 2 11 3 1 HN 0 140 +21 98 +21 0 1 0.926908 0 0 7323.862435 7324.367094 7324.871754 7325.073622 7327.075434 7328.002341 1 C 
  7  90 2 12 2 1 LN 0 58 +3 66 +3 0 1 0.959569 0 0 7329.026786 7329.531444 7330.036104 7330.237968 7332.239783 7333.199352 1 C 
  7  91 2 13 1 2 NL 0 84 +0 84 +20 0 1 0.899626 0 0 7334.224779 7334.729438 7335.234097 7335.435961 7337.437779 7338.337405 1 C 
  7  92 2 14 3 2 HL 1 87 -28 60 -8 0 0 1.371306 0 0 7339.355482 7339.860143 7340.364803 7340.566666 7342.568483 7343.939789 1 E 
  7  93 2 15 2 3 LH 1 152 -42 129 +18 0 0 1.653991 0 0 7344.957207 7345.461865 7345.966524 7346.168390 7348.170206 7349.824197 1 E 
  7  94 2 16 1 3 NH 0 163 +17 163 -43 1 0 1.175332 0 0 7350.844901 7351.349560 7351.854219 7352.056083 7354.057899 7355.233231 1 E 
  7  95 2 17 2 2 LL 1 174 +81 147 +61 0 0 0.482539 0 0 7356.244765 7356.749417 7357.254077 7357.455939 7359.457756 7359.940295 1 E 
  7  96 2 18 3 2 HL 1 139 +83 97 +63 0 0 1.065602 0 0 7360.954913 7361.459573 7361.964233 7362.166098 7364.167913 7365.233514 1 E 
  7  97 2 19 2 1 LN 0 169 -44 194 -44 0 1 0.998929 0 0 7366.253841 7366.758499 7367.263158 7367.465021 7369.466835 7370.465765 1 C 
  7  98 2 20 3 3 HH 1 178 +7 231 -53 1 1 1.640763 0 0 7371.485478 7371.990136 7372.494795 7372.696659 7374.698476 7376.339239 1 C 
  7  99 2 21 3 1 HN 0 109 -33 141 -33 0 1 1.242610 0 0 7377.356350 7377.861008 7378.365669 7378.567531 7380.569351 7381.811961 1 C 
  7 100 2 22 3 3 HH 1 141 -22 98 +38 1 1 1.692463 0 0 7382.823496 7383.328154 7383.832814 7384.034681 7386.036495 7387.728958 1 C 
  7 101 2 23 1 2 NL 0 74 -48 74 -68 0 1 0.907059 0 0 7388.744833 7389.249491 7389.754152 7389.956018 7391.957833 7392.864892 1 C 
  7 102 2 24 3 3 HH 1 83 -54 107 +6 1 1 1.281507 0 0 7393.875539 7394.380198 7394.884858 7395.086728 7397.088538 7398.370045 1 C 
  7 103 2 25 3 2 HL 1 87 +51 113 +31 0 0 0.949398 0 0 7399.393152 7399.897809 7400.402469 7400.604333 7402.606149 7403.555547 1 E 
  7 104 2 26 3 1 HN 0 165 -55 115 -55 0 1 0.967338 0 0 7404.574322 7405.078981 7405.583641 7405.785505 7407.787321 7408.754659 1 C 
  7 105 2 27 2 2 LL 1 122 -21 140 -1 1 1 1.210658 0 0 7409.772316 7410.276975 7410.781634 7410.983502 7412.985314 7414.195972 1 C 
  7 106 2 28 1 1 NN 0 131 +84 131 +84 1 0 1.392512 0 0 7415.222639 7415.727297 7416.231957 7416.433819 7418.435637 7419.828149 1 E 
  7 107 2 29 3 2 HL 1 133 -38 172 -58 0 0 0.973541 0 0 7420.841183 7421.345842 7421.850501 7422.052368 7424.054184 7425.027725 1 E 
  7 108 2 30 3 3 HH 1 166 -57 116 +3 1 1 1.794341 0 0 7426.039176 7426.543835 7427.048495 7427.250358 7429.252178 7431.046519 1 C 
  7 109 2 31 1 3 NH 0 140 +54 140 -6 1 0 1.320362 0 0 7432.061447 7432.566106 7433.070765 7433.272632 7435.274445 7436.594807 1 E 
  7 110 2 32 2 1 LN 0 180 +68 153 +68 1 0 0.826883 0 0 7437.612703 7438.117365 7438.622021 7438.823883 7440.825701 7441.652583 1 E 
  7 111 2 33 1 3 NH 0 132 +64 132 +4 1 0 0.948962 0 0 7442.676120 7443.180782 7443.685438 7443.887304 7445.889118 7446.838080 1 E 
  7 112 2 34 2 1 LN 0 124 +12 105 +12 1 0 1.094649 0 0 7447.857291 7448.361950 7448.866610 7449.068474 7451.070294 7452.164943 1 E 
  7 113 2 35 3 2 HL 1 93 -12 65 -32 1 1 1.188681 0 0 7453.189865 7453.694519 7454.199178 7454.401045 7456.402859 7457.591540 1 C 
  7 114 2 36 1 3 NH 0 138 +40 138 -20 1 0 0.843746 0 0 7458.606539 7459.111199 7459.615859 7459.817722 7461.819539 7462.663284 1 E 
  7 115 2 37 3 2 HL 1 80 -64 56 -84 1 1 0.932078 0 0 7463.686779 7464.191439 7464.696097 7464.897964 7466.899778 7467.831856 1 C 
  7 116 2 38 1 3 NH 0 137 -41 137 +19 1 0 1.414946 0 0 7468.851134 7469.355787 7469.860446 7470.062314 7472.064128 7473.479074 1 E 
  7 117 2 39 2 1 LN 0 134 +15 154 +15 1 0 1.122408 0 0 7474.503321 7475.007976 7475.512633 7475.714499 7477.716313 7478.838721 1 E 
  7 118 2 40 3 3 HH 1 136 -37 95 +23 1 1 0.940194 0 0 7479.852708 7480.357367 7480.862026 7481.063892 7483.065707 7484.005900 1 C 
  7 119 2 41 2 2 LL 1 61 +69 70 +49 0 0 1.871346 0 0 7485.017058 7485.521715 7486.026375 7486.228246 7488.230055 7490.101402 1 E 
  7 120 2 42 2 3 LH 1 138 +48 158 -12 0 0 1.430705 0 0 7491.123442 7491.628097 7492.132757 7492.334624 7494.336436 7495.767141 1 E 
  7 121 2 43 3 3 HH 1 144 +42 187 -18 0 0 0.911046 0 0 7496.792447 7497.297106 7497.801765 7498.003626 7500.005445 7500.916491 1 E 
  7 122 2 44 2 3 LH 1 58 +20 66 -40 1 1 1.028765 0 0 7501.939976 7502.444634 7502.949293 7503.151160 7505.152974 7506.181739 1 C 
  7 123 2 45 3 1 HN 0 63 +16 44 +16 1 0 1.202044 0 0 7507.205256 7507.709915 7508.214574 7508.416439 7510.418254 7511.620298 1 E 
  7 124 2 46 3 3 HH 1 141 +13 98 +73 1 1 1.625483 0 0 7512.638757 7513.143416 7513.648076 7513.849942 7515.851760 7517.477242 1 C 
  7 125 2 47 3 1 HN 0 74 +28 51 +28 1 0 0.683053 0 0 7518.492809 7518.997467 7519.502126 7519.703991 7521.705808 7522.388862 1 E 
  7 126 2 48 2 3 LH 1 124 +36 142 -24 1 1 0.716356 0 0 7523.404833 7523.909488 7524.414146 7524.616015 7526.617826 7527.334182 1 C 
  7 127 2 49 2 2 LL 1 114 +54 96 +74 1 1 5.609507 0 0 7528.350493 7528.855151 7529.359811 7529.561677 7531.563489 7537.172997 1 C 
  7 128 2 50 3 2 HL 1 96 -68 67 -48 1 1 1.209371 0 0 7538.191354 7538.696013 7539.200671 7539.402535 7541.404351 7542.613722 1 C 
  7 129 2 51 1 2 NL 0 161 -87 161 -67 1 0 0.771744 0 0 7543.624856 7544.129513 7544.634173 7544.836040 7546.837853 7547.609598 1 E 
  7 130 2 52 1 3 NH 0 151 -40 151 +20 1 0 1.278118 0 0 7548.620985 7549.125644 7549.630303 7549.832167 7551.833983 7553.112101 1 E 
  7 131 2 53 3 2 HL 1 179 +80 125 +60 1 1 0.545522 0 0 7554.138596 7554.643263 7555.147914 7555.349782 7557.351594 7557.897116 1 C 
  7 132 2 54 1 1 NN 0 125 -78 125 -78 1 0 0.887933 0 0 7558.916040 7559.420699 7559.925358 7560.127222 7562.129041 7563.016974 1 E 
  7 133 2 55 1 3 NH 0 114 +77 114 +17 1 0 1.277928 0 0 7564.029924 7564.534583 7565.039241 7565.241107 7567.242922 7568.520851 1 E 
  7 134 2 56 3 1 HN 0 100 -24 70 -24 1 0 0.739080 0 0 7569.547535 7570.052193 7570.556853 7570.758717 7572.760532 7573.499611 1 E 
  7 135 2 57 1 1 NN 0 75 +73 75 +73 0 1 1.821403 0 0 7574.526843 7575.031501 7575.536161 7575.738028 7577.739844 7579.561247 1 C 
  7 136 2 58 3 2 HL 1 176 -37 228 -57 0 0 1.748322 0 0 7580.582758 7581.087420 7581.592076 7581.793939 7583.795758 7585.544080 1 E 
  7 137 2 59 3 2 HL 1 170 -18 221 +2 1 1 1.521469 0 0 7586.571385 7587.076047 7587.580703 7587.782568 7589.784383 7591.305851 1 C 
  7 138 2 60 3 3 HH 1 152 -39 197 +21 1 1 1.449746 0 0 7592.324503 7592.829161 7593.333822 7593.535687 7595.537502 7596.987248 1 C 
  7 139 3  1 1 1 NN 0 94 +44 94 +44 0 1 1.859258 0 0 7600.264479 7600.769140 7601.273796 7601.475664 7603.477482 7605.336740 1 C 
  7 140 3  2 2 1 LN 0 111 +56 94 +56 1 0 1.288207 0 0 7606.354039 7606.858698 7607.363357 7607.565224 7609.567037 7610.855244 1 E 
  7 141 3  3 2 3 LH 1 116 -44 133 +16 1 1 1.309808 0 0 7611.871649 7612.376309 7612.880979 7613.082833 7615.084648 7616.394456 1 C 
  7 142 3  4 2 1 LN 0 97 +45 111 +45 1 0 0.992573 0 0 7617.406084 7617.910742 7618.415402 7618.617266 7620.619079 7621.611652 1 E 
  7 143 3  5 2 3 LH 1 79 -63 67 -3 1 1 1.089369 0 0 7622.637725 7623.142379 7623.647040 7623.848902 7625.850719 7626.940088 1 C 
  7 144 3  6 3 3 HH 1 144 -61 187 -1 1 1 8.731829 0 0 7627.953478 7628.458127 7628.962786 7629.164652 7631.166464 7639.898293 1 C 
  7 145 3  7 1 3 NH 0 83 -83 83 -23 1 0 1.920959 0 0 7640.923219 7641.427878 7641.932537 7642.134402 7644.136215 7646.057175 1 E 
  7 146 3  8 3 2 HL 1 162 +87 210 +67 1 1 1.509414 0 0 7647.080065 7647.584724 7648.089384 7648.291247 7650.293066 7651.802480 1 C 
  7 147 3  9 1 2 NL 0 163 -45 163 -65 1 0 1.885838 0 0 7652.816364 7653.321022 7653.825681 7654.027550 7656.029362 7657.915200 1 E 
  7 148 3 10 3 2 HL 1 135 +17 175 -3 1 1 0.593029 0 0 7658.939567 7659.444224 7659.948883 7660.150748 7662.152564 7662.745593 1 C 
  7 149 3 11 2 3 LH 1 156 +26 132 +86 1 1 1.493034 0 0 7663.767475 7664.272138 7664.776793 7664.978661 7666.980474 7668.473508 1 C 
  7 150 3 12 1 1 NN 0 64 -27 64 -27 1 0 2.304130 0 0 7669.486952 7669.991610 7670.496269 7670.698137 7672.699955 7675.004085 1 E 
  7 151 3 13 3 3 HH 1 167 +47 217 -13 1 1 3.120877 0 0 7676.030704 7676.535362 7677.040023 7677.241885 7679.243701 7682.364578 1 C 
  7 152 3 14 3 3 HH 1 99 -13 69 +47 0 0 5.975802 0 0 7683.381914 7683.886570 7684.391229 7684.593093 7686.594909 7692.570711 1 E 
  7 153 3 15 2 3 LH 1 68 -31 57 +29 1 1 0.505372 0 0 7693.592857 7694.097515 7694.602174 7694.804038 7696.805855 7697.311226 1 C 
  7 154 3 16 3 3 HH 1 124 -45 161 +15 1 1 0.366970 0 0 7698.336656 7698.841315 7699.345974 7699.547838 7701.549655 7701.916625 1 C 
  7 155 3 17 3 1 HN 0 79 +38 102 +38 1 0 1.086588 0 0 7702.929056 7703.433716 7703.938376 7704.140240 7706.142057 7707.228645 1 E 
  7 156 3 18 1 3 NH 0 103 -37 103 +23 1 0 0.489119 0 0 7708.244817 7708.749465 7709.254123 7709.455987 7711.457804 7711.946923 1 E 
  7 157 3 19 3 3 HH 1 166 +87 116 +27 1 1 0.450250 0 0 7712.971782 7713.476442 7713.981102 7714.182966 7716.184781 7716.635032 1 C 
  7 158 3 20 3 1 HN 0 80 -83 104 -83 1 0 0.562335 0 0 7717.648295 7718.152954 7718.657613 7718.859478 7720.861293 7721.423628 1 E 
  7 159 3 21 1 3 NH 0 169 -17 169 -77 1 0 0.693836 0 0 7722.442560 7722.947224 7723.451878 7723.653745 7725.655568 7726.349404 1 E 
  7 160 3 22 2 3 LH 1 156 +62 132 +2 1 1 0.517841 0 0 7727.371404 7727.876059 7728.380721 7728.582588 7730.584402 7731.102243 1 C 
  7 161 3 23 3 1 HN 0 84 +19 109 +19 0 1 1.855102 0 0 7732.115202 7732.619862 7733.124521 7733.326388 7735.328201 7737.183303 1 C 
  7 162 3 24 2 2 LL 1 79 -65 90 -85 1 1 2.197589 0 0 7738.204762 7738.709420 7739.214081 7739.415947 7741.417761 7743.615351 1 C 
  7 163 3 25 2 2 LL 1 63 +7 53 -13 0 0 1.275992 0 0 7744.630761 7745.135419 7745.640079 7745.841944 7747.843758 7749.119751 1 E 
  7 164 3 26 2 2 LL 1 71 -43 81 -23 1 1 1.387496 0 0 7750.131558 7750.636208 7751.140867 7751.342733 7753.344549 7754.732044 1 C 
  7 165 3 27 2 2 LL 1 180 -38 153 -58 1 1 1.245037 0 0 7755.750093 7756.254752 7756.759411 7756.961275 7758.963091 7760.208128 1 C 
  7 166 3 28 2 1 LN 0 58 -33 49 -33 1 0 1.005528 0 0 7761.234060 7761.738719 7762.243379 7762.445246 7764.447060 7765.452588 1 E 
  7 167 3 29 3 1 HN 0 125 +44 87 +44 0 1 1.248074 0 0 7766.465697 7766.970355 7767.475015 7767.676879 7769.678696 7770.926770 1 C 
  7 168 3 30 1 1 NN 0 175 +73 175 +73 0 1 1.154318 0 0 7771.949665 7772.454324 7772.958981 7773.160847 7775.162661 7776.316979 1 C 
  7 169 3 31 1 1 NN 0 169 +83 169 +83 1 0 1.309078 0 0 7777.332700 7777.837363 7778.342018 7778.543882 7780.545703 7781.854781 1 E 
  7 170 3 32 2 1 LN 0 72 +64 61 +64 0 1 1.134955 0 0 7782.867133 7783.371792 7783.876452 7784.078315 7786.080132 7787.215087 1 C 
  7 171 3 33 2 3 LH 1 176 -47 149 +13 1 1 1.736276 0 0 7788.233349 7788.738006 7789.242665 7789.444532 7791.446345 7793.182620 1 C 
  7 172 3 34 1 3 NH 0 147 +44 147 -16 1 0 2.084988 0 0 7794.205150 7794.709810 7795.214470 7795.416335 7797.418153 7799.503142 1 E 
  7 173 3 35 3 2 HL 1 55 -74 71 -54 1 1 1.394948 0 0 7800.530218 7801.034876 7801.539537 7801.741400 7803.743217 7805.138165 1 C 
  7 174 3 36 3 2 HL 1 152 +56 197 +36 1 1 2.607518 0 0 7806.148766 7806.653420 7807.158079 7807.359947 7809.361759 7811.969278 1 C 
  7 175 3 37 3 1 HN 0 83 -51 58 -51 1 0 1.586154 0 0 7812.995316 7813.499968 7814.004628 7814.206491 7816.208309 7817.794463 1 E 
  7 176 3 38 2 3 LH 1 168 -35 193 +25 1 1 1.426249 0 0 7818.815717 7819.320375 7819.825034 7820.026898 7822.028716 7823.454965 1 C 
  7 177 3 39 2 2 LL 1 145 -40 123 -60 1 1 1.520807 0 0 7824.467904 7824.972566 7825.477222 7825.679086 7827.680902 7829.201709 1 C 
  7 178 3 40 2 2 LL 1 55 -14 46 -34 1 1 1.257389 0 0 7830.221023 7830.725680 7831.230340 7831.432205 7833.434021 7834.691410 1 C 
  7 179 3 41 1 2 NL 0 113 -61 113 -41 1 0 1.181996 0 0 7835.704991 7836.209650 7836.714308 7836.916174 7838.917988 7840.099984 1 E 
  7 180 3 42 2 3 LH 1 155 -40 178 +20 1 1 0.977654 0 0 7841.121669 7841.626328 7842.130987 7842.332855 7844.334671 7845.312324 1 C 
  7 181 3 43 2 2 LL 1 168 +84 142 +64 1 1 1.172855 0 0 7846.336484 7846.841144 7847.345803 7847.547667 7849.549483 7850.722338 1 C 
  7 182 3 44 1 1 NN 0 82 +56 82 +56 1 0 0.954213 0 0 7851.736343 7852.241001 7852.745660 7852.947522 7854.949340 7855.903554 1 E 
  7 183 3 45 1 1 NN 0 94 -9 94 -9 0 1 1.056040 0 0 7856.917512 7857.422172 7857.926832 7858.128695 7860.130512 7861.186552 1 C 
  7 184 3 46 2 1 LN 0 92 -26 105 -26 1 0 1.487811 0 0 7862.199616 7862.704276 7863.208938 7863.410799 7865.412615 7866.900426 1 E 
  7 185 3 47 3 2 HL 1 87 +48 113 +28 1 1 1.176468 0 0 7867.919092 7868.423750 7868.928409 7869.130274 7871.132089 7872.308558 1 C 
  7 186 3 48 2 2 LL 1 63 -22 72 -2 1 1 1.966509 0 0 7873.335772 7873.840431 7874.345089 7874.546954 7876.548770 7878.515279 1 C 
  7 187 3 49 2 1 LN 0 135 +31 114 +31 1 0 1.136376 0 0 7879.526263 7880.030921 7880.535581 7880.737446 7882.739261 7883.875637 1 E 
  7 188 3 50 3 1 HN 0 159 -82 111 -82 1 0 0.810703 0 0 7884.892475 7885.397133 7885.901794 7886.103657 7888.105474 7888.916178 1 E 
  7 189 3 51 3 3 HH 1 98 -29 127 +31 1 1 0.612446 0 0 7889.939071 7890.443730 7890.948390 7891.150253 7893.152070 7893.764516 1 C 
  7 190 3 52 2 1 LN 0 154 +31 130 +31 0 1 1.125721 0 0 7894.783803 7895.288462 7895.793121 7895.994988 7897.996802 7899.122523 1 C 
  7 191 3 53 2 2 LL 1 94 -88 108 -68 1 1 1.299291 0 0 7900.133194 7900.637853 7901.142513 7901.344379 7903.346192 7904.645483 1 C 
  7 192 3 54 1 3 NH 0 117 +15 117 +75 1 0 1.171041 0 0 7905.667628 7906.172285 7906.676946 7906.878810 7908.880631 7910.051672 1 E 
  7 193 3 55 3 3 HH 1 88 +41 61 -19 1 1 0.955643 0 0 7911.067495 7911.572144 7912.076803 7912.278671 7914.280483 7915.236126 1 C 
  7 194 3 56 2 3 LH 1 143 +11 164 +71 1 1 1.180025 0 0 7916.248656 7916.753316 7917.257975 7917.459841 7919.461655 7920.641680 1 C 
  7 195 3 57 2 1 LN 0 108 +42 91 +42 1 0 1.495426 0 0 7921.665338 7922.169994 7922.674654 7922.876518 7924.878334 7926.373760 1 E 
  7 196 3 58 2 3 LH 1 61 +9 51 +69 1 1 0.929320 0 0 7927.384812 7927.889470 7928.394130 7928.595996 7930.597810 7931.527129 1 C 
  7 197 3 59 2 3 LH 1 138 -57 117 +3 1 1 1.139135 0 0 7932.549161 7933.053820 7933.558479 7933.760346 7935.762159 7936.901294 1 C 
  7 198 3 60 3 2 HL 1 88 -59 114 -39 1 1 1.066972 0 0 7937.915375 7938.420033 7938.924692 7939.126556 7941.128372 7942.195344 1 C 
  7 199 4  1 3 1 HN 0 148 -81 192 -81 0 1 1.326251 0 0 7945.468447 7945.973104 7946.477763 7946.679628 7948.681443 7950.007694 1 C 
  7 200 4  2 1 2 NL 0 133 +19 133 +39 0 1 1.660439 0 0 7951.019700 7951.524358 7952.029019 7952.230880 7954.232704 7955.893143 1 C 
  7 201 4  3 2 3 LH 1 109 +28 92 +88 1 1 1.034608 0 0 7956.907403 7957.412054 7957.916714 7958.118582 7960.120394 7961.155002 1 C 
  7 202 4  4 3 1 HN 0 124 -16 86 -16 0 1 1.195382 0 0 7962.172676 7962.677335 7963.181995 7963.383862 7965.385676 7966.581057 1 C 
  7 203 4  5 3 3 HH 1 77 -44 53 +16 1 1 1.121757 0 0 7967.606178 7968.110836 7968.615497 7968.817361 7970.819176 7971.940933 1 C 
  7 204 4  6 3 2 HL 1 110 -56 143 -76 0 0 1.259005 0 0 7972.955569 7973.460228 7973.964888 7974.166754 7976.168568 7977.427573 1 E 
  7 205 4  7 2 2 LL 1 109 +36 125 +56 1 1 1.137842 0 0 7978.439535 7978.944196 7979.448856 7979.650719 7981.652535 7982.790377 1 C 
  7 206 4  8 3 3 HH 1 161 -38 209 +22 1 1 0.812896 0 0 7983.805751 7984.310409 7984.815069 7985.016936 7987.018749 7987.831645 1 C 
  7 207 4  9 1 1 NN 0 100 +59 100 +59 0 1 1.239233 0 0 7988.852346 7989.357005 7989.861665 7990.063530 7992.065345 7993.304578 1 C 
  7 208 4 10 3 2 HL 1 112 +82 78 +62 0 0 1.176106 0 0 7994.319495 7994.824150 7995.328809 7995.530675 7997.532494 7998.708600 1 E 
  7 209 4 11 2 2 LL 1 154 -79 130 -59 1 1 1.428402 0 0 7999.719349 8000.224007 8000.728667 8000.930534 8002.932346 8004.360748 1 C 
  7 210 4 12 2 3 LH 1 165 +66 189 +6 1 1 1.183532 0 0 8005.371535 8005.876195 8006.380854 8006.582720 8008.584533 8009.768065 1 C 
  7 211 4 13 2 1 LN 0 69 +13 58 +13 1 0 0.838825 0 0 8010.788222 8011.292874 8011.797533 8011.999397 8014.001214 8014.840038 1 E 
  7 212 4 14 2 3 LH 1 135 +81 114 +21 1 1 0.816445 0 0 8015.851632 8016.356291 8016.860951 8017.062815 8019.064631 8019.881077 1 C 
  7 213 4 15 3 1 HN 0 70 +50 91 +50 1 0 0.810531 0 0 8020.898229 8021.402887 8021.907546 8022.109417 8024.111227 8024.921758 1 E 
  7 214 4 16 1 1 NN 0 155 -8 155 -8 1 0 0.898956 0 0 8025.944822 8026.449483 8026.954143 8027.156005 8029.157826 8030.056782 1 E 
  7 215 4 17 2 2 LL 1 154 +51 130 +71 1 1 0.934146 0 0 8031.075530 8031.580188 8032.084847 8032.286712 8034.288530 8035.222676 1 C 
  7 216 4 18 3 3 HH 1 123 +18 86 -42 1 1 0.973272 0 0 8036.239879 8036.744538 8037.249198 8037.451061 8039.452877 8040.426149 1 C 
  7 217 4 19 3 3 HH 1 94 -35 122 +25 1 1 1.099762 0 0 8041.437873 8041.942532 8042.447191 8042.649058 8044.650871 8045.750633 1 C 
  7 218 4 20 1 2 NL 0 75 +47 75 +27 1 0 0.970899 0 0 8046.770442 8047.275100 8047.779761 8047.981624 8049.983441 8050.954340 1 E 
  7 219 4 21 1 1 NN 0 55 -57 55 -57 1 0 0.906125 0 0 8051.968435 8052.473094 8052.977754 8053.179621 8055.181434 8056.087559 1 E 
  7 220 4 22 2 1 LN 0 83 -60 70 -60 0 1 1.411172 0 0 8057.099142 8057.603798 8058.108460 8058.310323 8060.312140 8061.723312 1 C 
  7 221 4 23 2 1 LN 0 69 -83 79 -83 0 1 1.918607 0 0 8062.734511 8063.239166 8063.743825 8063.945688 8065.947505 8067.866112 1 C 
  7 222 4 24 2 1 LN 0 103 +58 87 +58 0 1 1.216977 0 0 8068.891353 8069.396011 8069.900671 8070.102536 8072.104354 8073.321331 1 C 
  7 223 4 25 2 1 LN 0 59 +41 50 +41 0 1 1.288856 0 0 8074.341677 8074.846335 8075.350995 8075.552861 8077.554675 8078.843531 1 C 
  7 224 4 26 2 3 LH 1 129 -6 148 -66 0 0 1.497111 0 0 8079.859288 8080.363951 8080.868607 8081.070470 8083.072286 8084.569397 1 E 
  7 225 4 27 2 3 LH 1 110 +70 126 +10 1 1 1.054941 0 0 8085.595586 8086.100244 8086.604903 8086.806768 8088.808583 8089.863524 1 C 
  7 226 4 28 2 3 LH 1 142 -41 163 +19 1 1 0.988373 0 0 8090.877686 8091.382347 8091.887007 8092.088871 8094.090689 8095.079062 1 C 
  7 227 4 29 3 1 HN 0 73 +51 94 +51 0 1 1.422573 0 0 8096.092504 8096.597161 8097.101823 8097.303686 8099.305503 8100.728076 1 C 
  7 228 4 30 1 2 NL 0 142 +4 142 +24 1 0 1.068436 0 0 8101.744691 8102.249350 8102.754009 8102.955873 8104.957689 8106.026125 1 E 
  7 229 4 31 2 2 LL 1 128 +3 108 +23 1 1 1.035978 0 0 8107.043617 8107.548276 8108.052935 8108.254798 8110.256615 8111.292592 1 C 
  7 230 4 32 2 2 LL 1 132 +12 151 -8 1 1 0.922752 0 0 8112.308898 8112.813557 8113.318215 8113.520080 8115.521896 8116.444648 1 C 
  7 231 4 33 2 1 LN 0 133 +56 113 +56 1 0 1.004814 0 0 8117.456424 8117.961084 8118.465744 8118.667611 8120.669424 8121.674238 1 E 
  7 232 4 34 1 2 NL 0 140 +49 140 +69 0 1 1.323100 0 0 8122.688062 8123.192722 8123.697382 8123.899245 8125.901059 8127.224159 1 C 
  7 233 4 35 1 2 NL 0 138 -62 138 -82 1 0 1.037574 0 0 8128.239318 8128.743977 8129.248636 8129.450502 8131.452318 8132.489892 1 E 
  7 234 4 36 3 3 HH 1 80 +89 104 +29 1 1 1.613292 0 0 8133.504598 8134.009257 8134.513918 8134.715779 8136.717599 8138.330891 1 C 
  7 235 4 37 2 2 LL 1 74 -70 85 -50 1 1 1.714950 0 0 8139.341833 8139.846487 8140.351147 8140.553014 8142.554826 8144.269775 1 C 
  7 236 4 38 3 1 HN 0 83 +87 58 +87 1 0 1.195279 0 0 8145.296816 8145.801471 8146.306129 8146.507994 8148.509813 8149.705092 1 E 
  7 237 4 39 2 1 LN 0 157 +26 180 +26 1 0 1.142598 0 0 8150.730313 8151.234970 8151.739631 8151.941495 8153.943309 8155.085907 1 E 
  7 238 4 40 1 2 NL 0 54 -40 54 -60 1 0 1.403818 0 0 8156.096526 8156.601184 8157.105845 8157.307712 8159.309524 8160.713342 1 E 
  7 239 4 41 1 3 NH 0 136 -8 136 -68 1 0 1.164954 0 0 8161.731891 8162.236549 8162.741210 8162.943073 8164.944891 8166.109846 1 E 
  7 240 4 42 1 3 NH 0 61 +27 61 -33 1 0 1.409021 0 0 8167.131750 8167.636405 8168.141065 8168.342933 8170.344747 8171.753767 1 E 
  7 241 4 43 2 2 LL 1 66 -82 75 -62 0 0 1.021809 0 0 8172.767114 8173.271772 8173.776432 8173.978296 8175.980112 8177.001921 1 E 
  7 242 4 44 1 2 NL 0 132 +57 132 +77 1 0 1.393629 0 0 8178.015572 8178.520232 8179.024892 8179.226755 8181.228574 8182.622202 1 E 
  7 243 4 45 3 2 HL 1 120 -46 156 -66 1 1 1.583739 0 0 8183.634117 8184.138776 8184.643435 8184.845302 8186.847115 8188.430854 1 C 
  7 244 4 46 3 3 HH 1 89 +83 62 +23 1 1 1.955291 0 0 8189.454523 8189.959182 8190.463842 8190.665706 8192.667522 8194.622812 1 C 
  7 245 4 47 2 2 LL 1 71 -24 81 -4 1 1 5.122347 0 0 8195.645014 8196.149673 8196.654333 8196.856198 8198.858012 8203.980359 1 C 
  7 246 4 48 3 1 HN 0 68 -43 88 -43 1 0 4.332944 0 0 8204.998038 8205.502696 8206.007356 8206.209220 8208.211037 8212.543981 1 E 
  7 247 4 49 1 2 NL 0 168 +71 168 +51 1 0 5.305904 0 0 8213.560429 8214.065088 8214.569748 8214.771611 8216.773427 8222.079331 1 E 
  7 248 4 50 3 3 HH 1 170 -52 118 +8 1 1 5.076306 0 0 8223.098495 8223.603157 8224.107813 8224.309677 8226.311492 8231.387798 1 C 
  7 249 4 51 1 2 NL 0 67 -31 67 -11 1 0 7.662697 0 0 8232.401053 8232.905711 8233.410371 8233.612237 8235.614050 8243.276747 1 E 
  7 250 4 52 1 1 NN 0 129 +83 129 +83 1 0 1.454023 0 0 8244.294197 8244.798855 8245.303515 8245.505381 8247.507195 8248.961218 1 E 
  7 251 4 53 2 2 LL 1 104 -62 88 -42 0 0 0.982783 0 0 8249.980025 8250.484686 8250.989347 8251.191209 8253.193026 8254.175809 1 E 
  7 252 4 54 3 3 HH 1 112 +63 78 +3 0 0 1.127829 0 0 8255.194843 8255.699502 8256.204159 8256.406025 8258.407840 8259.535669 1 E 
  7 253 4 55 3 1 HN 0 130 -38 91 -38 1 0 1.104322 0 0 8260.561057 8261.065713 8261.570375 8261.772238 8263.774055 8264.878377 1 E 
  7 254 4 56 2 1 LN 0 177 -76 203 -76 0 1 0.651530 0 0 8265.893626 8266.398285 8266.902944 8267.104808 8269.106624 8269.758154 1 C 
  7 255 4 57 3 1 HN 0 162 -29 210 -29 0 1 0.716015 0 0 8270.772000 8271.276660 8271.781321 8271.983183 8273.985000 8274.701015 1 C 
  7 256 4 58 1 2 NL 0 95 +6 95 -14 1 0 1.711498 0 0 8275.717666 8276.222323 8276.726983 8276.928851 8278.930663 8280.642161 1 E 
  7 257 4 59 2 1 LN 0 75 +33 63 +33 0 1 0.649673 0 0 8281.655825 8282.160485 8282.665145 8282.867008 8284.868823 8285.518496 1 C 
  7 258 4 60 2 3 LH 1 130 +20 110 -40 0 0 1.071781 0 0 8286.534201 8287.038858 8287.543521 8287.745387 8289.747201 8290.818982 1 E 
  7 259 5  1 2 3 LH 1 170 +69 195 +9 1 1 1.326393 0 0 8451.675636 8452.180292 8452.684952 8452.886818 8454.888632 8456.215025 1 C 
  7 260 5  2 1 2 NL 0 92 -32 92 -12 1 0 1.709066 0 0 8457.226888 8457.731547 8458.236207 8458.438073 8460.439891 8462.148957 1 E 
  7 261 5  3 2 1 LN 0 104 +61 88 +61 0 1 1.148696 0 0 8463.165050 8463.669707 8464.174368 8464.376234 8466.378049 8467.526744 1 C 
  7 262 5  4 3 1 HN 0 87 -73 113 -73 1 0 1.399091 0 0 8468.548085 8469.052744 8469.557404 8469.759267 8471.761083 8473.160174 1 E 
  7 263 5  5 1 3 NH 0 66 -53 66 +7 1 0 1.555493 0 0 8474.183451 8474.688109 8475.192769 8475.394634 8477.396453 8478.951946 1 E 
  7 264 5  6 2 3 LH 1 173 +39 147 -21 1 1 0.327742 0 0 8479.970213 8480.474873 8480.979532 8481.181398 8483.183210 8483.510953 1 C 
  7 265 5  7 3 3 HH 1 175 -47 227 +13 1 1 0.599313 0 0 8484.528972 8485.033631 8485.538290 8485.740154 8487.741974 8488.341287 1 C 
  7 266 5  8 3 1 HN 0 144 -50 100 -50 1 0 0.733532 0 0 8489.356881 8489.861541 8490.366199 8490.568063 8492.569880 8493.303412 1 E 
  7 267 5  9 3 2 HL 1 151 +70 196 +50 1 1 0.616732 0 0 8494.319365 8494.824026 8495.328684 8495.530551 8497.532365 8498.149097 1 C 
  7 268 5 10 2 1 LN 0 91 +19 77 +19 1 0 0.843486 0 0 8499.164099 8499.668758 8500.173417 8500.375285 8502.377101 8503.220587 1 E 
  7 269 5 11 2 3 LH 1 69 +83 79 +23 1 1 0.871321 0 0 8504.244339 8504.748998 8505.253657 8505.455521 8507.457337 8508.328658 1 C 
  7 270 5 12 3 3 HH 1 142 +77 184 +17 1 1 8.623590 0 0 8509.341400 8509.846059 8510.350719 8510.552583 8512.554398 8521.177988 1 C 
  7 271 5 13 3 2 HL 1 139 +78 180 +58 1 1 5.672525 0 0 8522.193397 8522.698055 8523.202716 8523.404581 8525.406396 8531.078921 1 C 
  7 272 5 14 1 1 NN 0 57 -78 57 -78 1 0 1.011142 0 0 8532.101548 8532.606206 8533.110865 8533.312732 8535.314547 8536.325689 1 E 
  7 273 5 15 3 3 HH 1 113 -11 79 -71 1 1 0.679271 0 0 8537.350011 8537.854666 8538.359325 8538.561190 8540.563009 8541.242280 1 C 
  7 274 5 16 3 2 HL 1 92 +59 119 +39 1 1 1.414928 0 0 8542.262026 8542.766685 8543.271344 8543.473210 8545.475023 8546.889951 1 C 
  7 275 5 17 3 2 HL 1 76 -25 98 -45 1 1 0.800874 0 0 8547.914221 8548.418872 8548.923531 8549.125393 8551.127212 8551.928086 1 C 
  7 276 5 18 2 3 LH 1 62 +0 52 -60 1 1 0.556362 0 0 8552.943987 8553.448646 8553.953305 8554.155172 8556.156985 8556.713347 1 C 
  7 277 5 19 3 3 HH 1 97 +50 126 -10 1 1 0.672273 0 0 8557.738253 8558.242912 8558.747571 8558.949435 8560.951252 8561.623524 1 C 
  7 278 5 20 3 3 HH 1 142 -56 99 +4 1 1 0.594092 0 0 8562.650272 8563.154931 8563.659590 8563.861456 8565.863270 8566.457362 1 C 
  7 279 5 21 1 2 NL 0 109 +78 109 +58 1 0 0.440512 0 0 8567.478180 8567.982840 8568.487501 8568.689363 8570.691178 8571.131691 1 E 
  7 280 5 22 3 2 HL 1 166 -73 215 -53 1 1 0.802171 0 0 8572.154694 8572.659353 8573.164016 8573.365878 8575.367692 8576.169863 1 C 
  7 281 5 23 3 2 HL 1 138 +68 179 +88 1 1 18.427830 0 0 8577.184468 8577.689126 8578.193786 8578.395650 8580.397470 8598.825300 1 C 
  7 282 5 24 3 3 HH 1 114 -62 148 -2 1 1 1.594033 0 0 8599.843683 8600.348342 8600.853000 8601.054866 8603.056681 8604.650714 1 C 
  7 283 5 25 1 2 NL 0 117 +5 117 -15 1 0 66.257323 0 0 8605.664088 8606.168748 8606.673408 8606.875276 8608.877088 8675.134411 1 E 
  7 284 5 26 2 1 LN 0 136 -84 156 -84 1 0 2.873216 0 0 8676.148209 8676.652868 8677.157528 8677.359395 8679.361207 8682.234423 1 E 
  7 285 5 27 3 2 HL 1 137 +49 178 +29 1 1 4.449491 0 0 8683.247087 8683.751745 8684.256405 8684.458269 8686.460085 8690.909576 1 C 
  7 286 5 28 2 2 LL 1 96 +61 81 +81 0 0 0.666713 0 0 8691.927242 8692.431889 8692.936550 8693.138412 8695.140230 8695.806943 1 E 
  7 287 5 29 2 1 LN 0 124 +7 105 +7 1 0 0.807397 0 0 8696.822430 8697.327086 8697.831748 8698.033613 8700.035427 8700.842824 1 E 
  7 288 5 30 3 1 HN 0 93 +42 120 +42 1 0 0.787782 0 0 8701.869030 8702.373682 8702.878343 8703.080208 8705.082023 8705.869806 1 E 
  7 289 5 31 1 2 NL 0 98 -75 98 -55 0 1 1.662531 0 0 8706.881977 8707.386635 8707.891295 8708.093161 8710.094975 8711.757506 1 C 
  7 290 5 32 1 1 NN 0 80 +3 80 +3 1 0 0.877338 0 0 8712.769672 8713.274333 8713.778989 8713.980855 8715.982670 8716.860009 1 E 
  7 291 5 33 1 3 NH 0 132 +14 132 +74 1 0 0.372569 0 0 8717.883561 8718.388225 8718.892873 8719.094737 8721.096553 8721.469122 1 E 
  7 292 5 34 1 2 NL 0 134 -72 134 -52 0 1 1.045430 0 0 8722.492779 8722.997438 8723.502098 8723.703961 8725.705781 8726.751212 1 C 
  7 293 5 35 3 3 HH 1 137 +59 95 -1 1 1 2.100413 0 0 8727.774883 8728.279545 8728.784200 8728.986066 8730.987881 8733.088295 1 C 
  7 294 5 36 1 1 NN 0 118 -41 118 -41 0 1 1.183519 0 0 8734.099949 8734.604608 8735.109268 8735.311134 8737.312948 8738.496467 1 C 
  7 295 5 37 2 1 LN 0 72 +65 61 +65 1 0 4.646355 0 0 8739.516630 8740.021288 8740.525947 8740.727814 8742.729627 8747.375982 1 E 
  7 296 5 38 3 3 HH 1 102 +82 71 +22 0 0 0.417381 0 0 8748.398637 8748.903295 8749.407955 8749.609819 8751.611635 8752.029016 1 E 
  7 297 5 39 1 3 NH 0 85 -19 85 +41 1 0 1.043159 0 0 8753.041513 8753.546163 8754.050824 8754.252689 8756.254503 8757.297663 1 E 
  7 298 5 40 1 1 NN 0 162 -36 162 -36 1 0 1.164372 0 0 8758.323607 8758.828267 8759.332925 8759.534792 8761.536608 8762.700980 1 E 
  7 299 5 41 3 1 HN 0 101 +83 131 +83 1 0 2.742223 0 0 8763.723466 8764.228124 8764.732784 8764.934645 8766.936463 8769.678686 1 E 
  7 300 5 42 2 2 LL 1 161 -7 136 -27 0 0 1.026642 0 0 8770.704590 8771.209248 8771.713907 8771.915772 8773.917588 8774.944230 1 E 
  7 301 5 43 1 3 NH 0 152 +40 152 -20 1 0 60.176888 0 0 8775.969871 8776.474530 8776.979188 8777.181057 8779.182870 8839.359758 1 E 
  7 302 5 44 3 2 HL 1 126 -81 88 -61 1 1 51.894978 0 0 8840.381253 8840.885912 8841.390572 8841.592439 8843.594252 8895.489230 1 C 
  7 303 5 45 3 1 HN 0 131 +87 170 +87 1 0 15.397208 0 0 8896.516230 8897.020878 8897.525538 8897.727404 8899.729222 8915.126429 1 E 
  7 304 5 46 1 2 NL 0 88 -89 88 -69 0 1 0.389611 0 0 8916.147477 8916.652133 8917.156795 8917.358660 8919.360475 8919.750085 1 C 
  7 305 5 47 1 1 NN 0 119 +64 119 +64 1 0 1.487668 0 0 8920.773522 8921.278181 8921.782841 8921.984705 8923.986521 8925.474189 1 E 
  7 306 5 48 1 3 NH 0 59 +12 59 -48 0 1 0.521968 0 0 8926.492996 8926.997655 8927.502315 8927.704180 8929.705996 8930.227964 1 C 
  7 307 5 49 2 3 LH 1 155 -86 131 -26 1 1 14.435991 0 0 8931.253620 8931.758278 8932.262940 8932.464805 8934.466618 8948.902609 1 C 
  7 308 5 50 2 1 LN 0 154 -43 130 -43 0 1 1.921470 0 0 8949.926023 8950.430682 8950.935341 8951.137207 8953.139022 8955.060492 1 C 
  7 309 5 51 3 1 HN 0 80 -49 56 -49 1 0 0.006481 1 1 8956.082870 8956.587529 8957.092189 8957.294054 8959.295874 8959.302355 1 N 
  7 310 5 52 2 3 LH 1 161 +15 185 +75 1 1 0.345434 0 1 8965.873266 8966.377922 8966.882584 8967.084448 8969.086264 8969.431698 1 C 
  7 311 5 53 2 1 LN 0 105 +20 89 +20 1 0 0.262021 0 1 8970.448845 8970.953505 8971.458163 8971.660029 8973.661844 8973.923865 1 E 
  7 312 5 54 3 1 HN 0 148 -49 192 -49 1 0 0.395794 0 1 8974.940313 8975.444975 8975.949635 8976.151501 8978.153315 8978.549108 1 E 
  7 313 5 55 2 2 LL 1 118 +30 135 +10 1 1 0.523344 0 1 8979.566362 8980.071020 8980.575681 8980.777544 8982.779364 8983.302708 1 C 
  7 314 5 56 2 3 LH 1 169 -5 194 -65 0 0 2.434584 0 1 8984.326983 8984.831643 8985.336303 8985.538168 8987.539983 8989.974566 1 E 
  7 315 5 57 2 2 LL 1 169 +39 194 +59 1 1 0.733388 0 1 8990.988490 8991.493149 8991.997809 8992.199674 8994.201488 8994.934876 1 C 
  7 316 5 58 3 2 HL 1 173 +23 121 +3 1 1 1.032619 0 1 8995.950976 8996.455635 8996.960294 8997.162161 8999.163978 9000.196598 1 C 
  7 317 5 59 3 3 HH 1 178 +36 231 -24 1 1 0.567619 0 1 9001.216258 9001.720918 9002.225579 9002.427443 9004.429256 9004.996875 1 C 
  7 318 5 60 2 1 LN 0 95 -46 109 -46 1 0 0.589986 0 1 9006.010526 9006.515182 9007.019841 9007.221706 9009.223521 9009.813507 1 E 
  7 319 6  1 3 3 HH 1 171 +26 222 -34 1 1 1.018202 0 1 9013.042114 9013.546772 9014.051430 9014.253297 9016.255112 9017.273314 1 C 
  7 320 6  2 2 2 LL 1 131 +67 111 +87 1 1 0.839698 0 1 9018.290575 9018.795233 9019.299891 9019.501759 9021.503572 9022.343269 1 C 
  7 321 6  3 1 1 NN 0 76 +15 76 +15 1 0 89.282483 0 1 9023.353989 9023.858648 9024.363309 9024.565173 9026.566990 9115.849472 1 E 
  7 322 6  4 1 2 NL 0 160 +63 160 +83 1 0 0.361953 0 1 9116.867408 9117.372066 9117.876726 9118.078590 9120.080410 9120.442363 1 E 
  7 323 6  5 2 3 LH 1 141 +32 119 -28 1 1 0.266539 0 1 9121.459810 9121.964467 9122.469132 9122.670992 9124.672810 9124.939349 1 C 
  7 324 6  6 1 1 NN 0 54 +19 54 +19 1 0 0.000847 1 2 9125.951282 9126.455939 9126.960599 9127.162465 9129.164279 9129.165126 1 N 
  7 325 6  7 1 2 NL 0 163 -1 163 -21 1 0 0.206945 0 2 9133.437064 9133.941722 9134.446382 9134.648248 9136.650062 9136.857007 1 E 
  7 326 6  8 2 2 LL 1 122 +19 103 +39 1 1 0.000835 1 3 9137.878070 9138.382726 9138.887385 9139.089250 9141.091066 9141.091901 1 N 
  7 327 6  9 1 1 NN 0 176 +14 176 +14 1 0 0.451105 0 3 9142.941486 9143.446144 9143.950804 9144.152667 9146.154484 9146.605589 1 E 
  7 328 6 10 3 3 HH 1 68 -58 88 +2 1 1 0.367723 0 3 9147.618002 9148.122657 9148.627316 9148.829181 9150.830998 9151.198721 1 C 
  7 329 6 11 1 1 NN 0 112 -52 112 -52 1 0 0.378792 0 3 9152.210399 9152.715059 9153.219717 9153.421582 9155.423398 9155.802190 1 E 
  7 330 6 12 2 2 LL 1 152 -56 129 -36 1 1 0.666475 0 3 9156.819624 9157.324281 9157.828940 9158.030806 9160.032621 9160.699096 1 C 
  7 331 6 13 3 2 HL 1 89 -74 115 -54 1 1 0.461973 0 3 9161.714822 9162.219480 9162.724139 9162.926007 9164.927819 9165.389792 1 C 
  7 332 6 14 2 3 LH 1 73 +59 83 -1 1 1 0.000846 1 4 9166.408155 9166.912813 9167.417472 9167.619341 9169.621156 9169.622002 1 N 
  7 333 6 15 3 2 HL 1 77 +17 53 +37 1 1 0.987613 0 4 9172.565002 9173.069659 9173.574319 9173.776186 9175.778000 9176.765613 1 C 
  7 334 6 16 3 1 HN 0 148 -48 103 -48 1 0 20.589280 0 4 9177.779828 9178.284477 9178.789136 9178.991003 9180.992816 9201.582095 1 E 
  7 335 6 17 2 2 LL 1 97 +23 111 +43 1 1 30.335473 0 4 9202.609066 9203.113727 9203.618385 9203.820250 9205.822071 9236.157544 1 C 
  7 336 6 18 1 1 NN 0 170 +61 170 +61 1 0 1.078363 0 4 9237.178248 9237.682908 9238.187566 9238.389435 9240.391246 9241.469609 1 E 
  7 337 6 19 1 3 NH 0 167 -45 167 +15 1 0 3.828873 0 4 9242.493996 9242.998654 9243.503314 9243.705181 9245.706994 9249.535868 1 E 
  7 338 6 20 1 3 NH 0 118 +23 118 -37 1 0 37.817516 0 4 9250.551728 9251.056386 9251.561044 9251.762910 9253.764725 9291.582241 1 E 
  7 339 6 21 1 3 NH 0 72 -6 72 -66 1 0 5.235586 0 4 9292.606691 9293.111350 9293.616007 9293.817874 9295.819689 9301.055275 1 E 
  7 340 6 22 2 1 LN 0 173 +24 147 +24 1 0 43.894023 0 4 9302.077470 9302.582127 9303.086785 9303.288651 9305.290468 9349.184490 1 E 
  7 341 6 23 3 2 HL 1 178 -34 124 -14 1 1 0.472539 0 4 9350.205168 9350.709828 9351.214488 9351.416351 9353.418168 9353.890706 1 C 
  7 342 6 24 1 1 NN 0 96 +82 96 +82 1 0 3.202407 0 4 9354.915326 9355.419984 9355.924643 9356.126507 9358.128324 9361.330731 1 E 
  7 343 6 25 2 3 LH 1 56 -63 47 -3 1 1 24.375790 0 4 9362.350643 9362.855301 9363.359960 9363.561825 9365.563641 9389.939431 1 C 
  7 344 6 26 2 2 LL 1 74 -88 62 -68 1 1 39.188420 0 4 9390.964841 9391.469498 9391.974158 9392.176026 9394.177838 9433.366258 1 C 
  7 345 6 27 3 3 HH 1 101 -9 70 -69 1 1 30.440529 0 4 9434.382386 9434.887044 9435.391705 9435.593564 9437.595383 9468.035912 1 C 
  7 346 6 28 1 3 NH 0 77 -53 77 +7 1 0 0.332743 0 4 9469.052501 9469.557156 9470.061820 9470.263681 9472.265496 9472.598238 1 E 
  7 347 6 29 1 3 NH 0 174 +89 174 +29 1 0 4.143584 0 4 9473.611254 9474.115914 9474.620573 9474.822441 9476.824254 9480.967838 1 E 
  7 348 6 30 1 1 NN 0 85 -58 85 -58 1 0 4.726614 0 4 9481.988604 9482.493263 9482.997923 9483.199788 9485.201601 9489.928215 1 E 
  7 349 6 31 1 2 NL 0 88 -56 88 -36 1 0 1.470518 0 4 9490.954723 9491.459384 9491.964040 9492.165904 9494.167720 9495.638239 1 E 
  7 350 6 32 3 2 HL 1 97 +65 67 +45 1 1 2.728429 0 4 9496.657372 9497.162033 9497.666693 9497.868561 9499.870373 9502.598803 1 C 
  7 351 6 33 1 1 NN 0 131 -13 131 -13 1 0 4.291761 0 4 9503.621678 9504.126336 9504.630995 9504.832860 9506.834679 9511.126440 1 E 
  7 352 6 34 1 2 NL 0 155 -69 155 -89 1 0 1.459175 0 4 9512.150423 9512.655083 9513.159743 9513.361606 9515.363422 9516.822597 1 E 
  7 353 6 35 2 2 LL 1 109 +33 92 +13 1 1 0.816668 0 4 9517.836258 9518.340911 9518.845573 9519.047437 9521.049255 9521.865923 1 C 
  7 354 6 36 3 2 HL 1 122 +4 85 -16 1 1 2.264136 0 4 9522.882851 9523.387509 9523.892168 9524.094035 9526.095848 9528.359984 1 C 
  7 355 6 37 1 2 NL 0 141 +77 141 +57 1 0 3.849619 0 4 9529.376138 9529.880796 9530.385455 9530.587319 9532.589138 9536.438756 1 E 
  7 356 6 38 3 1 HN 0 156 +35 109 +35 1 0 4.542636 0 4 9537.450690 9537.955349 9538.460009 9538.661876 9540.663689 9545.206325 1 E 
  7 357 6 39 1 2 NL 0 146 +85 146 +65 1 0 0.771501 0 4 9546.231767 9546.736424 9547.241084 9547.442949 9549.444765 9550.216265 1 E 
  7 358 6 40 1 1 NN 0 142 -84 142 -84 1 0 0.989814 0 4 9551.227896 9551.732555 9552.237213 9552.439079 9554.440894 9555.430708 1 E 
  7 359 6 41 2 3 LH 1 124 +12 142 -48 1 1 1.409890 0 4 9556.442712 9556.947369 9557.452030 9557.653895 9559.655710 9561.065599 1 C 
  7 360 6 42 2 2 LL 1 78 -72 89 -52 1 1 0.272409 0 4 9562.078077 9562.582736 9563.087396 9563.289257 9565.291074 9565.563483 1 C 
  7 361 6 43 2 3 LH 1 55 -46 63 +14 1 1 25.794720 0 4 9566.586368 9567.091028 9567.595688 9567.797551 9569.799367 9595.594087 1 C 
  7 362 6 44 3 3 HH 1 157 +18 204 -42 1 1 4.665032 0 4 9596.613613 9597.118270 9597.622931 9597.824799 9599.826611 9604.491643 1 C 
  7 363 6 45 1 3 NH 0 123 -65 123 -5 1 0 0.628393 0 4 9605.512444 9606.017103 9606.521762 9606.723629 9608.725443 9609.353836 1 E 
  7 364 6 46 1 1 NN 0 108 +23 108 +23 1 0 0.472835 0 4 9610.373996 9610.878656 9611.383316 9611.585180 9613.586995 9614.059831 1 E 
  7 365 6 47 1 2 NL 0 97 +6 97 -14 1 0 0.772682 0 4 9615.084154 9615.588815 9616.093471 9616.295336 9618.297152 9619.069835 1 E 
  7 366 6 48 3 3 HH 1 134 +62 174 +2 1 1 0.539140 0 4 9620.097106 9620.601764 9621.106423 9621.308291 9623.310103 9623.849243 1 C 
  7 367 6 49 3 2 HL 1 145 +54 188 +74 1 1 1.601568 0 4 9624.874549 9625.379208 9625.883867 9626.085732 9628.087552 9629.689120 1 C 
  7 368 6 50 1 3 NH 0 125 +17 125 -43 1 0 3.765690 0 4 9630.711777 9631.216436 9631.721096 9631.922962 9633.924780 9637.690470 1 E 
  7 369 6 51 3 2 HL 1 143 +9 100 -11 1 1 2.624118 0 4 9638.702221 9639.206880 9639.711538 9639.913406 9641.915223 9644.539342 1 C 
  7 370 6 52 1 3 NH 0 151 +59 151 -1 1 0 0.722736 0 4 9645.565590 9646.070249 9646.574909 9646.776776 9648.778589 9649.501325 1 E 
  7 371 6 53 3 2 HL 1 95 -84 66 -64 1 1 0.305802 0 4 9650.528080 9651.032735 9651.537395 9651.739261 9653.741074 9654.046876 1 C 
  7 372 6 54 3 2 HL 1 96 +73 67 +53 1 1 0.416671 0 4 9655.070012 9655.574672 9656.079331 9656.281199 9658.283015 9658.699686 1 C 
  7 373 6 55 3 3 HH 1 57 +8 74 -52 1 1 0.334258 0 4 9659.712880 9660.217540 9660.722199 9660.924063 9662.925878 9663.260136 1 C 
  7 374 6 56 1 2 NL 0 96 -32 96 -52 1 0 0.289515 0 4 9664.271638 9664.776298 9665.280958 9665.482824 9667.484638 9667.774152 1 E 
  7 375 6 57 2 3 LH 1 165 +48 189 -12 1 1 0.433542 0 4 9668.796754 9669.301412 9669.806072 9670.007938 9672.009752 9672.443294 1 C 
  7 376 6 58 2 3 LH 1 57 -85 48 -25 1 1 1.006353 0 4 9673.456442 9673.961102 9674.465761 9674.667629 9676.669441 9677.675794 1 C 
  7 377 6 59 2 2 LL 1 81 -74 93 -54 1 1 4.978845 0 4 9678.688081 9679.192739 9679.697397 9679.899264 9681.901080 9686.879925 1 C 
  7 378 6 60 3 2 HL 1 73 -69 94 -89 1 1 0.605474 0 4 9687.906527 9688.411187 9688.915847 9689.117713 9691.119527 9691.725001 1 C 
