 31   1 0 43 1 1 NN 0 91 -51 91 -51 1 0 89.808022 0 0 2491.364154 2491.865124 2492.366098 2492.566486 2494.570382 2584.378404 1 E 
 31   2 0 44 2 3 LH 1 156 -16 202 +54 1 1 9.466259 0 0 2585.396943 2585.897914 2586.398888 2586.599278 2588.603173 2598.069432 1 C 
 31   3 0 45 3 1 HN 0 120 -81 180 -81 0 1 2.572469 0 0 2599.090228 2599.591200 2600.092174 2600.292563 2602.296458 2604.868927 1 C 
 31   4 0 46 1 2 NL 0 55 -12 55 -47 1 0 5.566652 0 0 2605.886773 2606.387745 2606.888720 2607.089109 2609.093004 2614.659656 1 E 
 31   5 0 47 3 2 HL 1 55 -38 82 -73 1 1 2.622570 0 0 2615.672462 2616.173434 2616.674409 2616.874798 2618.878693 2621.501263 1 C 
 31   6 0 48 1 1 NN 0 123 +7 123 +7 0 1 1.483191 0 0 2622.519104 2623.020077 2623.521051 2623.721440 2625.725336 2627.208527 1 C 
 31   7 0 49 3 3 HH 1 126 -38 63 +32 1 1 1.092960 0 0 2628.230205 2628.731181 2629.232155 2629.432543 2631.436438 2632.529398 1 C 
 31   8 0 50 1 1 NN 0 116 +17 116 +17 0 1 1.453600 0 0 2633.540526 2634.041502 2634.542476 2634.742865 2636.746760 2638.200360 1 C 
 31   9 0 51 1 2 NL 0 84 +65 84 +30 0 1 1.999133 0 0 2639.218233 2639.719206 2640.220180 2640.420569 2642.424464 2644.423597 1 C 
 31  10 0 52 2 3 LH 1 85 -58 59 +12 1 1 0.737681 0 0 2645.447008 2645.947980 2646.448955 2646.649343 2648.653243 2649.390924 1 C 
 31  11 0 53 3 2 HL 1 159 -31 79 -66 1 1 1.411248 0 0 2650.406648 2650.907622 2651.408598 2651.608985 2653.612883 2655.024131 1 C 
 31  12 0 54 2 1 LN 0 124 -62 161 -62 0 1 1.462393 0 0 2656.050955 2656.551929 2657.052903 2657.253290 2659.257186 2660.719579 1 C 
 31  13 0 55 2 2 LL 1 172 -26 120 +9 1 1 0.680132 0 0 2661.745357 2662.246329 2662.747303 2662.947693 2664.951586 2665.631719 1 C 
 31  14 0 56 3 2 HL 1 65 +62 97 +27 1 1 1.067518 0 0 2666.654901 2667.155873 2667.656848 2667.857237 2669.861135 2670.928653 1 C 
 31  15 0 57 3 3 HH 1 84 -88 126 -18 0 0 0.739274 0 0 2671.948526 2672.449499 2672.950470 2673.150861 2675.154755 2675.894030 1 E 
 31  16 0 58 2 2 LL 1 97 +9 67 +44 1 1 1.414811 0 0 2676.908164 2677.409140 2677.910112 2678.110502 2680.114397 2681.529208 1 C 
 31  17 0 59 3 1 HN 0 86 +17 129 +17 0 1 1.184550 0 0 2682.552471 2683.053442 2683.554416 2683.754806 2685.758702 2686.943252 1 C 
 31  18 0 60 3 1 HN 0 120 +3 60 +3 1 0 1.032317 0 0 2687.962987 2688.463961 2688.964935 2689.165325 2691.169219 2692.201536 1 E 
 31  19 1  1 3 1 HN 0 65 -19 32 -19 0 1 1.601007 0 0 2696.496244 2696.997219 2697.498191 2697.698579 2699.702474 2701.303481 1 C 
 31  20 1  2 3 3 HH 1 117 +9 58 -61 1 1 0.936097 0 0 2702.324240 2702.825212 2703.326185 2703.526575 2705.530478 2706.466575 1 C 
 31  21 1  3 3 2 HL 1 104 +68 156 +33 1 1 0.902112 0 0 2707.484267 2707.985242 2708.486216 2708.686605 2710.690500 2711.592612 1 C 
 31  22 1  4 3 2 HL 1 160 +68 80 +33 1 1 2.238679 0 0 2712.610901 2713.111875 2713.612853 2713.813238 2715.817133 2718.055813 1 C 
 31  23 1  5 1 2 NL 0 95 -72 95 -37 0 1 1.431554 0 0 2719.073463 2719.574434 2720.075410 2720.275801 2722.279696 2723.711250 1 C 
 31  24 1  6 1 3 NH 0 175 +74 175 +4 0 1 1.092006 0 0 2724.734469 2725.235442 2725.736416 2725.936805 2727.940701 2729.032706 1 C 
 31  25 1  7 1 2 NL 0 60 +67 60 +32 0 1 1.105496 0 0 2730.044794 2730.545764 2731.046738 2731.247128 2733.251023 2734.356519 1 C 
 31  26 1  8 1 1 NN 0 76 +38 76 +38 0 1 0.879625 0 0 2735.371813 2735.872784 2736.373760 2736.574149 2738.578045 2739.457670 1 C 
 31  27 1  9 3 3 HH 1 112 +48 168 -22 1 1 0.780258 0 0 2740.481745 2740.982719 2741.483697 2741.684083 2743.687978 2744.468236 1 C 
 31  28 1 10 2 1 LN 0 105 +74 73 +74 0 1 1.222314 0 0 2745.491486 2745.992457 2746.493436 2746.693822 2748.697717 2749.920031 1 C 
 31  29 1 11 3 1 HN 0 175 +16 87 +16 0 1 0.742491 0 0 2750.935400 2751.436374 2751.937348 2752.137737 2754.141633 2754.884124 1 C 
 31  30 1 12 2 2 LL 1 116 +15 150 +50 1 1 0.955692 0 0 2755.895042 2756.396015 2756.896989 2757.097378 2759.101274 2760.056965 1 C 
 31  31 1 13 1 1 NN 0 138 +83 138 +83 0 1 0.973530 0 0 2761.071773 2761.572745 2762.073723 2762.274106 2764.278004 2765.251534 1 C 
 31  32 1 14 3 2 HL 1 159 -29 238 +6 1 1 1.019617 0 0 2766.265200 2766.766173 2767.267148 2767.467537 2769.471432 2770.491049 1 C 
 31  33 1 15 3 1 HN 0 96 -24 144 -24 0 1 0.938211 0 0 2771.508729 2772.009700 2772.510676 2772.711064 2774.714959 2775.653170 1 C 
 31  34 1 16 2 3 LH 1 89 -10 115 +60 1 1 0.518637 0 0 2776.668757 2777.169731 2777.670708 2777.871094 2779.874989 2780.393626 1 C 
 31  35 1 17 3 1 HN 0 116 -89 174 -89 0 1 1.064164 0 0 2781.411311 2781.912286 2782.413257 2782.613646 2784.617543 2785.681707 1 C 
 31  36 1 18 3 3 HH 1 68 +28 102 -42 1 1 0.835344 0 0 2786.704933 2787.205907 2787.706880 2787.907270 2789.911166 2790.746510 1 C 
 31  37 1 19 2 3 LH 1 118 -46 82 +24 0 0 1.080930 0 0 2791.764775 2792.265748 2792.766716 2792.967106 2794.971001 2796.051931 1 E 
 31  38 1 20 2 2 LL 1 62 -30 43 +5 1 1 0.835727 0 0 2797.075093 2797.576068 2798.077040 2798.277428 2800.281325 2801.117052 1 C 
 31  39 1 21 3 2 HL 1 80 +78 120 +43 1 1 1.415583 0 0 2802.134928 2802.635901 2803.136875 2803.337264 2805.341161 2806.756744 1 C 
 31  40 1 22 2 2 LL 1 173 -66 121 -31 0 0 1.314977 0 0 2807.779233 2808.280206 2808.781181 2808.981570 2810.985465 2812.300442 1 E 
 31  41 1 23 1 2 NL 0 56 +30 56 +65 0 1 1.483218 0 0 2813.323343 2813.824317 2814.325294 2814.525681 2816.529576 2818.012794 1 C 
 31  42 1 24 3 1 HN 0 61 -70 30 -70 0 1 0.925035 0 0 2819.034446 2819.535423 2820.036393 2820.236782 2822.240677 2823.165712 1 C 
 31  43 1 25 1 1 NN 0 155 +36 155 +36 0 1 0.767336 0 0 2824.177778 2824.678750 2825.179724 2825.380114 2827.384009 2828.151345 1 C 
 31  44 1 26 2 1 LN 0 180 +24 234 +24 0 1 0.657740 0 0 2829.170816 2829.671790 2830.172764 2830.373158 2832.377049 2833.034789 1 C 
 31  45 1 27 2 2 LL 1 161 -38 112 -73 1 1 0.896013 0 0 2834.046962 2834.547936 2835.048910 2835.249299 2837.253195 2838.149208 1 C 
 31  46 1 28 3 3 HH 1 155 -12 232 +58 1 1 0.795140 0 0 2839.173593 2839.674568 2840.175545 2840.375931 2842.379826 2843.174966 1 C 
 31  47 1 29 3 1 HN 0 71 -78 106 -78 0 1 0.924958 0 0 2844.200033 2844.701009 2845.201980 2845.402369 2847.406264 2848.331222 1 C 
 31  48 1 30 3 2 HL 1 92 -45 138 -80 1 1 0.830227 0 0 2849.343365 2849.844337 2850.345312 2850.545700 2852.549596 2853.379822 1 C 
 31  49 1 31 3 3 HH 1 86 +82 129 +12 1 1 0.930548 0 0 2854.403200 2854.904173 2855.405150 2855.605536 2857.609432 2858.539980 1 C 
 31  50 1 32 2 3 LH 1 67 -24 87 +46 0 0 1.661279 0 0 2859.563236 2860.064204 2860.565180 2860.765567 2862.769463 2864.430742 1 E 
 31  51 1 33 3 1 HN 0 117 -66 58 -66 0 1 0.863747 0 0 2865.441329 2865.942297 2866.443271 2866.643661 2868.647556 2869.511303 1 C 
 31  52 1 34 3 3 HH 1 71 +15 35 -55 0 0 1.339021 0 0 2870.534557 2871.035531 2871.536505 2871.736895 2873.740790 2875.079811 1 E 
 31  53 1 35 2 1 LN 0 144 -85 100 -85 0 1 1.699836 0 0 2876.095369 2876.596340 2877.097318 2877.297704 2879.301599 2881.001436 1 C 
 31  54 1 36 3 3 HH 1 166 +53 83 -17 1 1 2.019467 0 0 2882.023558 2882.524531 2883.025504 2883.225895 2885.229790 2887.249257 1 C 
 31  55 1 37 3 3 HH 1 62 +3 93 +73 1 1 1.825274 0 0 2888.269032 2888.770005 2889.270980 2889.471367 2891.475264 2893.300538 1 C 
 31  56 1 38 3 2 HL 1 97 +90 145 +55 1 1 1.424192 0 0 2894.314116 2894.815091 2895.316063 2895.516454 2897.520348 2898.944540 1 C 
 31  57 1 39 3 3 HH 1 72 -46 108 +24 1 1 1.010328 0 0 2899.958423 2900.459395 2900.960368 2901.160759 2903.164654 2904.174983 1 C 
 31  58 1 40 2 2 LL 1 135 -45 94 -80 1 1 1.280102 0 0 2905.201949 2905.702922 2906.203896 2906.404285 2908.408181 2909.688284 1 C 
 31  59 1 41 3 2 HL 1 104 -87 156 -52 1 1 0.990489 0 0 2910.712662 2911.213634 2911.714607 2911.914998 2913.918893 2914.909382 1 C 
 31  60 1 42 1 1 NN 0 90 -67 90 -67 0 1 0.457295 0 0 2915.922791 2916.423761 2916.924739 2917.125126 2919.129020 2919.586316 1 C 
 31  61 1 43 3 2 HL 1 159 +32 238 -3 1 1 0.788144 0 0 2920.598546 2921.099518 2921.600495 2921.800881 2923.804777 2924.592921 1 C 
 31  62 1 44 3 2 HL 1 67 +87 33 +52 1 1 0.810596 0 0 2925.608283 2926.109256 2926.610230 2926.810619 2928.814515 2929.625111 1 C 
 31  63 1 45 2 1 LN 0 107 -87 74 -87 0 1 0.934374 0 0 2930.651420 2931.152393 2931.653367 2931.853757 2933.857651 2934.792025 1 C 
 31  64 1 46 2 2 LL 1 160 -34 112 +1 1 1 0.784264 0 0 2935.811451 2936.312423 2936.813398 2937.013799 2939.017683 2939.801947 1 C 
 31  65 1 47 3 3 HH 1 58 +60 87 -10 0 0 1.163796 0 0 2940.821189 2941.322163 2941.823136 2942.023526 2944.027421 2945.191217 1 E 
 31  66 1 48 2 2 LL 1 138 +69 179 +34 1 1 1.221470 0 0 2946.215006 2946.715982 2947.216955 2947.417344 2949.421240 2950.642710 1 C 
 31  67 1 49 1 3 NH 0 128 -19 128 +51 1 0 1.390891 0 0 2951.658924 2952.159896 2952.660871 2952.861261 2954.865155 2956.256046 1 E 
 31  68 1 50 3 3 HH 1 80 -34 120 +36 1 1 1.173599 0 0 2957.269833 2957.770804 2958.271777 2958.472167 2960.476062 2961.649661 1 C 
 31  69 1 51 1 1 NN 0 170 +54 170 +54 0 1 2.058592 0 0 2962.663650 2963.164621 2963.665596 2963.865985 2965.869880 2967.928473 1 C 
 31  70 1 52 3 2 HL 1 89 +24 133 +59 0 0 0.797002 0 0 2968.942520 2969.443494 2969.944471 2970.144862 2972.148753 2972.945755 1 E 
 31  71 1 53 1 2 NL 0 58 +79 58 +44 0 1 2.683971 0 0 2973.968958 2974.469935 2974.970906 2975.171295 2977.175190 2979.859162 1 C 
 31  72 1 54 2 2 LL 1 105 -32 73 +3 1 1 1.119750 0 0 2980.882399 2981.383374 2981.884345 2982.084734 2984.088630 2985.208380 1 C 
 31  73 1 55 2 3 LH 1 136 +76 95 +6 0 0 0.633501 0 0 2986.226124 2986.727092 2987.228066 2987.428455 2989.432351 2990.065852 1 E 
 31  74 1 56 2 3 LH 1 101 +29 70 -41 0 0 0.557621 0 0 2991.085564 2991.586541 2992.087512 2992.287902 2994.291797 2994.849418 1 E 
 31  75 1 57 2 3 LH 1 117 -27 152 +43 1 1 1.526168 0 0 2995.861517 2996.362491 2996.863463 2997.063853 2999.067748 3000.593916 1 C 
 31  76 1 58 1 3 NH 0 93 -1 93 +69 0 1 1.773239 0 0 3001.606016 3002.106989 3002.607963 3002.808352 3004.812249 3006.585487 1 C 
 31  77 1 59 3 1 HN 0 155 -27 77 -27 0 1 0.969474 0 0 3007.601004 3008.101977 3008.602955 3008.803340 3010.807236 3011.776710 1 C 
 31  78 1 60 1 2 NL 0 161 +69 161 +34 1 0 1.897484 0 0 3012.794433 3013.295406 3013.796381 3013.996767 3016.000664 3017.898149 1 E 
 31  79 2  1 3 3 HH 1 150 +31 75 -39 0 0 1.005609 0 0 3023.014302 3023.515275 3024.016246 3024.216635 3026.220531 3027.226140 1 E 
 31  80 2  2 1 2 NL 0 147 -10 147 +25 0 1 1.114218 0 0 3028.241127 3028.742101 3029.243077 3029.443463 3031.447363 3032.561581 1 C 
 31  81 2  3 2 2 LL 1 105 -88 73 -53 1 1 0.668973 0 0 3033.584847 3034.085820 3034.586797 3034.787200 3036.791079 3037.460052 1 C 
 31  82 2  4 1 1 NN 0 106 -21 106 -21 0 1 0.846957 0 0 3038.477691 3038.978666 3039.479643 3039.680028 3041.683923 3042.530880 1 C 
 31  83 2  5 2 3 LH 1 54 -87 70 -17 1 1 0.729874 0 0 3043.554228 3044.055200 3044.556174 3044.756563 3046.760459 3047.490332 1 C 
 31  84 2  6 3 3 HH 1 69 -43 34 +27 1 1 2.433533 0 0 3048.513868 3049.014841 3049.515818 3049.716204 3051.720099 3054.153632 1 C 
 31  85 2  7 1 1 NN 0 92 -64 92 -64 0 1 0.823397 0 0 3055.176819 3055.677793 3056.178767 3056.379157 3058.383052 3059.206449 1 C 
 31  86 2  8 3 2 HL 1 58 -73 87 -38 1 1 1.192829 0 0 3060.219958 3060.720930 3061.221904 3061.422294 3063.426189 3064.619018 1 C 
 31  87 2  9 2 3 LH 1 54 -19 70 -89 1 1 1.186657 0 0 3065.630474 3066.131447 3066.632425 3066.832811 3068.836709 3070.023366 1 C 
 31  88 2 10 2 1 LN 0 133 -44 172 -44 0 1 1.965857 0 0 3071.040994 3071.541965 3072.042937 3072.243328 3074.247224 3076.213081 1 C 
 31  89 2 11 1 1 NN 0 61 +6 61 +6 0 1 1.369049 0 0 3077.236371 3077.737345 3078.238315 3078.438705 3080.442600 3081.811650 1 C 
 31  90 2 12 1 2 NL 0 134 -73 134 -38 0 1 1.294146 0 0 3082.830577 3083.331549 3083.832523 3084.032915 3086.036806 3087.330952 1 C 
 31  91 2 13 2 1 LN 0 79 +66 102 +66 0 1 1.298800 0 0 3088.357987 3088.858964 3089.359935 3089.560324 3091.564220 3092.863019 1 C 
 31  92 2 14 3 2 HL 1 153 +88 76 +53 1 1 0.986052 0 0 3093.885400 3094.386372 3094.887350 3095.087736 3097.091631 3098.077683 1 C 
 31  93 2 15 1 1 NN 0 90 +5 90 +5 1 0 0.639465 0 0 3099.095526 3099.596504 3100.097478 3100.297864 3102.301759 3102.941224 1 E 
 31  94 2 16 2 1 LN 0 132 -5 92 -5 0 1 1.196094 0 0 3103.954976 3104.455950 3104.956919 3105.157311 3107.161205 3108.357300 1 C 
 31  95 2 17 1 1 NN 0 174 -34 174 -34 0 1 1.032325 0 0 3109.382190 3109.883166 3110.384138 3110.584526 3112.588421 3113.620747 1 C 
 31  96 2 18 2 3 LH 1 166 -77 215 -7 1 1 0.763539 0 0 3114.642417 3115.143389 3115.644363 3115.844752 3117.848647 3118.612186 1 C 
 31  97 2 19 2 3 LH 1 99 -66 69 +4 1 1 0.885870 0 0 3119.635456 3120.136428 3120.637405 3120.837792 3122.841687 3123.727557 1 C 
 31  98 2 20 2 3 LH 1 133 +1 93 -69 1 1 0.936144 0 0 3124.745389 3125.246359 3125.747335 3125.947726 3127.951619 3128.887763 1 C 
 31  99 2 21 3 1 HN 0 170 -24 85 -24 0 1 0.668526 0 0 3129.905420 3130.406392 3130.907366 3131.107755 3133.111656 3133.780181 1 C 
 31 100 2 22 1 1 NN 0 150 -55 150 -55 0 1 0.652155 0 0 3134.798264 3135.299237 3135.800211 3136.000601 3138.004496 3138.656651 1 C 
 31 101 2 23 1 1 NN 0 139 +54 139 +54 0 1 1.071251 0 0 3139.674409 3140.175384 3140.676358 3140.876748 3142.880641 3143.951891 1 C 
 31 102 2 24 1 1 NN 0 121 -54 121 -54 0 1 0.440580 0 0 3144.968034 3145.469006 3145.969980 3146.170370 3148.174265 3148.614845 1 C 
 31 103 2 25 3 2 HL 1 140 +74 70 +39 1 1 1.598515 0 0 3149.627089 3150.128063 3150.629036 3150.829426 3152.833322 3154.431837 1 C 
 31 104 2 26 1 3 NH 0 57 +6 57 -64 1 0 1.029082 0 0 3155.455090 3155.956058 3156.457033 3156.657422 3158.661318 3159.690399 1 E 
 31 105 2 27 2 3 LH 1 62 +25 80 -45 1 1 1.815627 0 0 3160.715310 3161.216284 3161.717258 3161.917648 3163.921543 3165.737170 1 C 
 31 106 2 28 2 1 LN 0 123 -87 86 -87 0 1 1.035109 0 0 3166.760395 3167.261368 3167.762347 3167.962732 3169.966627 3171.001736 1 C 
 31 107 2 29 3 2 HL 1 99 -38 148 -73 0 0 0.883703 0 0 3172.020622 3172.521598 3173.022571 3173.222957 3175.226857 3176.110560 1 E 
 31 108 2 30 2 1 LN 0 121 +17 84 +17 0 1 0.791396 0 0 3177.130555 3177.631526 3178.132501 3178.332891 3180.336786 3181.128183 1 C 
 31 109 2 31 1 2 NL 0 174 +3 174 -32 0 1 0.919421 0 0 3182.140293 3182.641266 3183.142240 3183.342629 3185.346525 3186.265946 1 C 
 31 110 2 32 2 1 LN 0 101 -78 131 -78 0 1 0.640165 0 0 3187.283625 3187.784597 3188.285573 3188.485960 3190.489855 3191.130019 1 C 
 31 111 2 33 2 1 LN 0 111 -61 144 -61 0 1 0.602108 0 0 3192.143070 3192.644043 3193.145017 3193.345407 3195.349302 3195.951410 1 C 
 31 112 2 34 3 3 HH 1 55 +48 27 -22 1 1 1.467267 0 0 3196.969121 3197.470094 3197.971066 3198.171456 3200.175351 3201.642617 1 C 
 31 113 2 35 1 1 NN 0 57 -17 57 -17 0 1 1.125387 0 0 3202.663522 3203.164492 3203.665469 3203.865858 3205.869753 3206.995140 1 C 
 31 114 2 36 3 1 HN 0 80 -86 120 -86 0 1 0.940855 0 0 3208.007242 3208.508215 3209.009190 3209.209583 3211.213475 3212.154330 1 C 
 31 115 2 37 3 3 HH 1 140 -24 70 +46 1 1 0.668955 0 0 3213.167273 3213.668247 3214.169220 3214.369610 3216.373510 3217.042465 1 C 
 31 116 2 38 3 3 HH 1 176 -31 88 +39 1 1 0.710122 0 0 3218.060117 3218.561094 3219.062065 3219.262454 3221.266349 3221.976471 1 C 
 31 117 2 39 1 2 NL 0 56 -2 56 -37 1 0 1.214295 0 0 3223.003059 3223.504031 3224.005007 3224.205396 3226.209292 3227.423588 1 E 
 31 118 2 40 3 3 HH 1 158 +83 79 +13 1 1 0.663236 0 0 3228.446977 3228.947949 3229.448926 3229.649312 3231.653207 3232.316444 1 C 
 31 119 2 41 3 1 HN 0 157 +70 78 +70 0 1 0.874907 0 0 3233.339821 3233.840796 3234.341767 3234.542156 3236.546052 3237.420959 1 C 
 31 120 2 42 3 2 HL 1 130 -67 65 -32 1 1 0.513126 0 0 3238.433054 3238.934030 3239.435001 3239.635391 3241.639289 3242.152416 1 C 
 31 121 2 43 3 3 HH 1 96 -16 144 -86 1 1 0.718930 0 0 3243.175607 3243.676581 3244.177557 3244.377943 3246.381838 3247.100768 1 C 
 31 122 2 44 2 2 LL 1 123 +46 159 +11 1 1 0.963962 0 0 3248.118548 3248.619528 3249.120496 3249.320885 3251.324788 3252.288750 1 C 
 31 123 2 45 2 3 LH 1 153 -65 107 +5 1 1 0.718986 0 0 3253.311977 3253.812951 3254.313925 3254.514314 3256.518209 3257.237195 1 C 
 31 124 2 46 2 1 LN 0 142 +44 184 +44 0 1 0.804860 0 0 3258.254921 3258.755892 3259.256867 3259.457256 3261.461151 3262.266012 1 C 
 31 125 2 47 2 1 LN 0 133 +74 93 +74 0 1 0.785823 0 0 3263.281356 3263.782330 3264.283307 3264.483693 3266.487589 3267.273411 1 C 
 31 126 2 48 2 3 LH 1 125 -7 162 -77 1 1 0.652236 0 0 3268.291095 3268.792072 3269.293043 3269.493433 3271.497328 3272.149564 1 C 
 31 127 2 49 2 1 LN 0 64 +34 44 +34 0 1 0.796168 0 0 3273.167240 3273.668218 3274.169188 3274.369577 3276.373473 3277.169641 1 C 
 31 128 2 50 3 2 HL 1 151 -27 75 +8 1 1 0.691198 0 0 3278.193679 3278.694652 3279.195625 3279.396016 3281.399911 3282.091109 1 C 
 31 129 2 51 3 2 HL 1 108 -38 162 -73 1 1 0.607771 0 0 3283.103223 3283.604195 3284.105172 3284.305561 3286.309455 3286.917225 1 C 
 31 130 2 52 3 2 HL 1 70 +62 105 +27 1 1 0.901598 0 0 3287.929270 3288.430243 3288.931217 3289.131607 3291.135503 3292.037101 1 C 
 31 131 2 53 1 3 NH 0 112 +33 112 -37 0 1 1.998203 0 0 3293.055904 3293.556876 3294.057847 3294.258240 3296.262135 3298.260338 1 C 
 31 132 2 54 3 1 HN 0 95 +57 142 +57 0 1 0.843230 0 0 3299.284679 3299.785651 3300.286625 3300.487015 3302.490918 3303.334148 1 C 
 31 133 2 55 1 1 NN 0 91 +12 91 +12 0 1 0.546631 0 0 3304.361214 3304.862190 3305.363162 3305.563550 3307.567445 3308.114077 1 C 
 31 134 2 56 2 3 LH 1 56 +59 72 -11 1 1 0.651118 0 0 3309.137164 3309.638137 3310.139113 3310.339500 3312.343395 3312.994512 1 C 
 31 135 2 57 2 2 LL 1 169 -65 118 -30 1 1 0.889261 0 0 3314.013308 3314.514282 3315.015256 3315.215646 3317.219546 3318.108807 1 C 
 31 136 2 58 2 2 LL 1 82 +46 57 +11 0 0 2.315258 0 0 3319.123242 3319.624217 3320.125190 3320.325579 3322.329481 3324.644739 1 E 
 31 137 2 59 1 3 NH 0 106 +83 106 +13 1 0 0.794426 0 0 3325.669300 3326.170273 3326.671248 3326.871637 3328.875533 3329.669958 1 E 
 31 138 2 60 3 3 HH 1 75 +44 37 -26 1 1 1.069688 0 0 3330.695739 3331.196715 3331.697686 3331.898075 3333.901969 3334.971656 1 C 
 31 139 3  1 1 2 NL 0 156 +66 156 +31 0 1 6.435838 0 0 3340.297740 3340.798714 3341.299682 3341.500074 3343.503969 3349.939807 1 C 
 31 140 3  2 3 2 HL 1 142 +22 71 +57 0 0 3.502575 0 0 3350.951781 3351.452756 3351.953728 3352.154117 3354.158012 3357.660587 1 E 
 31 141 3  3 2 2 LL 1 113 +21 79 +56 1 1 0.723864 0 0 3358.683477 3359.184452 3359.685425 3359.885814 3361.889709 3362.613573 1 C 
 31 142 3  4 3 1 HN 0 150 -69 75 -69 0 1 0.891479 0 0 3363.626421 3364.127396 3364.628366 3364.828756 3366.832651 3367.724131 1 C 
 31 143 3  5 3 3 HH 1 79 -26 39 +44 1 1 0.574318 0 0 3368.736353 3369.237325 3369.738300 3369.938693 3371.942584 3372.516902 1 C 
 31 144 3  6 3 2 HL 1 98 -20 147 -55 1 1 0.783647 0 0 3373.529003 3374.029978 3374.530951 3374.731339 3376.735234 3377.518881 1 C 
 31 145 3  7 1 3 NH 0 131 -71 131 -1 1 0 0.629964 0 0 3378.538742 3379.039714 3379.540687 3379.741078 3381.744973 3382.374937 1 E 
 31 146 3  8 3 3 HH 1 157 -67 78 +3 1 1 0.529819 0 0 3383.398187 3383.899163 3384.400134 3384.600523 3386.604420 3387.134240 1 C 
 31 147 3  9 2 3 LH 1 176 -1 123 +69 1 1 0.757848 0 0 3388.157439 3388.658412 3389.159386 3389.359776 3391.363674 3392.121522 1 C 
 31 148 3 10 1 3 NH 0 88 +13 88 +83 0 1 0.317103 0 0 3393.133780 3393.634752 3394.135726 3394.336115 3396.340011 3396.657114 1 C 
 31 149 3 11 2 3 LH 1 64 -90 83 -20 0 0 0.826992 0 0 3397.675943 3398.176915 3398.677892 3398.878278 3400.882174 3401.709165 1 E 
 31 150 3 12 1 2 NL 0 58 -88 58 -53 0 1 0.993447 0 0 3402.735778 3403.236754 3403.737725 3403.938114 3405.942010 3406.935457 1 C 
 31 151 3 13 2 3 LH 1 59 +27 76 -43 0 0 1.086335 0 0 3407.962608 3408.463578 3408.964554 3409.164941 3411.168836 3412.255171 1 E 
 31 152 3 14 2 3 LH 1 139 -35 180 +35 1 1 0.624448 0 0 3413.272926 3413.773901 3414.274875 3414.475265 3416.479160 3417.103608 1 C 
 31 153 3 15 1 3 NH 0 139 +18 139 +88 0 1 1.111515 0 0 3418.115676 3418.616646 3419.117622 3419.318012 3421.321909 3422.433424 1 C 
 31 154 3 16 1 3 NH 0 166 -21 166 +49 1 0 0.783259 0 0 3423.459396 3423.960369 3424.461343 3424.661732 3426.665628 3427.448887 1 E 
 31 155 3 17 2 3 LH 1 106 -87 74 -17 1 1 0.900857 0 0 3428.469135 3428.970110 3429.471082 3429.671471 3431.675367 3432.576224 1 C 
 31 156 3 18 1 2 NL 0 90 +82 90 +47 0 1 0.885942 0 0 3433.595768 3434.096740 3434.597714 3434.798104 3436.801999 3437.687941 1 C 
 31 157 3 19 1 1 NN 0 178 -2 178 -2 0 1 1.075209 0 0 3438.705701 3439.206673 3439.707647 3439.908037 3441.911933 3442.987142 1 C 
 31 158 3 20 2 3 LH 1 156 +18 202 +88 1 1 0.961506 0 0 3443.999323 3444.500297 3445.001271 3445.201660 3447.205556 3448.167061 1 C 
 31 159 3 21 2 1 LN 0 142 -39 184 -39 1 0 0.721383 0 0 3449.192752 3449.693726 3450.194700 3450.395090 3452.398985 3453.120368 1 E 
 31 160 3 22 1 3 NH 0 72 +0 72 +70 1 0 0.602043 0 0 3454.135695 3454.636670 3455.137642 3455.338032 3457.341927 3457.943970 1 E 
 31 161 3 23 3 3 HH 1 133 -22 199 +48 1 1 0.618692 0 0 3458.961743 3459.462718 3459.963690 3460.164080 3462.167974 3462.786666 1 C 
 31 162 3 24 3 2 HL 1 91 -44 45 -9 1 1 0.641102 0 0 3463.804491 3464.305464 3464.806437 3465.006826 3467.010722 3467.651825 1 C 
 31 163 3 25 3 1 HN 0 117 +54 58 +54 0 1 1.069690 0 0 3468.663937 3469.164909 3469.665883 3469.866273 3471.870168 3472.939858 1 C 
 31 164 3 26 3 1 HN 0 130 +38 65 +38 0 1 0.752474 0 0 3473.957559 3474.458534 3474.959508 3475.159897 3477.163792 3477.916266 1 C 
 31 165 3 27 1 2 NL 0 137 +45 137 +10 1 0 0.877988 0 0 3478.933900 3479.434871 3479.935849 3480.136237 3482.140133 3483.018121 1 E 
 31 166 3 28 1 2 NL 0 125 +75 125 +40 1 0 1.031295 0 0 3484.043833 3484.544807 3485.045779 3485.246173 3487.250066 3488.281361 1 E 
 31 167 3 29 2 2 LL 1 72 -4 50 +31 1 1 1.058261 0 0 3489.304060 3489.805034 3490.306006 3490.506396 3492.510291 3493.568552 1 C 
 31 168 3 30 1 2 NL 0 112 -27 112 +8 1 0 1.976839 0 0 3494.580984 3495.081957 3495.582930 3495.783320 3497.787216 3499.764054 1 E 
 31 169 3 31 2 3 LH 1 168 +47 117 -23 1 1 1.804625 0 0 3500.776361 3501.277337 3501.778307 3501.978696 3503.982592 3505.787217 1 C 
 31 170 3 32 3 2 HL 1 162 -82 81 -47 1 1 1.089506 0 0 3506.804748 3507.305719 3507.806692 3508.007082 3510.010977 3511.100484 1 C 
 31 171 3 33 3 1 HN 0 64 -33 96 -33 0 1 1.353691 0 0 3512.115068 3512.616041 3513.117019 3513.317405 3515.321300 3516.674991 1 C 
 31 172 3 34 2 3 LH 1 76 +32 53 -38 1 1 4.008634 0 0 3517.692577 3518.193550 3518.694528 3518.894914 3520.898809 3524.907443 1 C 
 31 173 3 35 2 3 LH 1 55 +55 38 -15 1 1 0.894657 0 0 3525.925248 3526.426223 3526.927193 3527.127583 3529.131480 3530.026137 1 C 
 31 174 3 36 2 1 LN 0 138 -52 179 -52 1 0 0.810552 0 0 3531.051879 3531.552853 3532.053827 3532.254216 3534.258110 3535.068662 1 E 
 31 175 3 37 3 2 HL 1 152 -62 76 -27 1 1 0.829433 0 0 3536.095016 3536.595993 3537.096963 3537.297353 3539.301248 3540.130681 1 C 
 31 176 3 38 2 1 LN 0 115 -78 149 -78 0 1 0.772543 0 0 3541.154852 3541.655829 3542.156799 3542.357189 3544.361085 3545.133628 1 C 
 31 177 3 39 3 1 HN 0 169 +76 84 +76 0 1 0.904671 0 0 3546.147892 3546.648867 3547.149839 3547.350229 3549.354123 3550.258794 1 C 
 31 178 3 40 3 3 HH 1 58 +76 87 +6 1 1 0.700648 0 0 3551.274524 3551.775497 3552.276471 3552.476861 3554.480756 3555.181404 1 C 
 31 179 3 41 1 3 NH 0 138 +66 138 -4 1 0 0.566420 0 0 3556.200768 3556.701741 3557.202713 3557.403104 3559.406999 3559.973420 1 E 
 31 180 3 42 3 3 HH 1 93 -37 46 +33 1 1 0.700366 0 0 3560.993417 3561.494394 3561.995364 3562.195754 3564.199649 3564.900015 1 C 
 31 181 3 43 3 2 HL 1 139 +70 69 +35 1 1 0.735707 0 0 3565.919660 3566.420633 3566.921610 3567.121996 3569.125899 3569.861606 1 C 
 31 182 3 44 2 3 LH 1 125 -52 87 +18 1 1 0.583175 0 0 3570.879301 3571.380274 3571.881248 3572.081637 3574.085533 3574.668708 1 C 
 31 183 3 45 3 3 HH 1 107 -47 53 +23 1 1 0.552108 0 0 3575.688649 3576.189623 3576.690600 3576.890987 3578.894882 3579.446990 1 C 
 31 184 3 46 2 2 LL 1 131 +82 170 +47 1 1 0.752234 0 0 3580.464600 3580.965574 3581.466551 3581.666937 3583.670833 3584.423067 1 C 
 31 185 3 47 2 2 LL 1 105 -56 73 -21 1 1 0.796940 0 0 3585.440941 3585.941914 3586.442890 3586.643277 3588.647173 3589.444113 1 C 
 31 186 3 48 1 1 NN 0 97 +9 97 +9 0 1 0.779631 0 0 3590.467378 3590.968356 3591.469326 3591.669715 3593.673611 3594.453242 1 C 
 31 187 3 49 3 2 HL 1 80 +75 120 +40 1 1 0.616300 0 0 3595.477118 3595.978090 3596.479066 3596.679454 3598.683349 3599.299649 1 C 
 31 188 3 50 1 2 NL 0 176 +69 176 +34 1 0 0.638587 0 0 3600.319864 3600.820837 3601.321815 3601.522201 3603.526096 3604.164683 1 E 
 31 189 3 51 3 2 HL 1 180 +20 90 -15 1 1 0.660640 0 0 3605.179310 3605.680287 3606.181258 3606.381647 3608.385542 3609.046182 1 C 
 31 190 3 52 1 3 NH 0 73 +59 73 -11 1 0 0.663429 0 0 3610.072157 3610.573130 3611.074102 3611.274491 3613.278388 3613.941816 1 E 
 31 191 3 53 2 3 LH 1 145 -33 188 +37 1 1 0.769147 0 0 3614.964999 3615.465973 3615.966947 3616.167337 3618.171238 3618.940385 1 C 
 31 192 3 54 3 1 HN 0 101 +49 50 +49 0 1 0.912398 0 0 3619.958039 3620.459011 3620.959986 3621.160375 3623.164269 3624.076667 1 C 
 31 193 3 55 1 2 NL 0 80 -37 80 -72 1 0 1.043232 0 0 3625.101372 3625.602342 3626.103318 3626.303707 3628.307602 3629.350834 1 E 
 31 194 3 56 3 3 HH 1 145 -3 72 -73 1 1 1.050002 0 0 3630.361596 3630.862572 3631.363543 3631.563933 3633.567828 3634.617830 1 C 
 31 195 3 57 2 2 LL 1 69 -27 89 -62 1 1 0.930526 0 0 3635.638521 3636.139498 3636.640468 3636.840857 3638.844753 3639.775279 1 C 
 31 196 3 58 3 2 HL 1 66 +89 99 +54 1 1 0.674553 0 0 3640.798550 3641.299527 3641.800499 3642.000888 3644.004786 3644.679340 1 C 
 31 197 3 59 1 3 NH 0 161 -2 161 -72 1 0 1.037848 0 0 3645.691395 3646.192369 3646.693345 3646.893730 3648.897628 3649.935476 1 E 
 31 198 3 60 1 2 NL 0 97 +60 97 +25 1 0 0.996076 0 0 3650.951621 3651.452595 3651.953569 3652.153958 3654.157854 3655.153930 1 E 
 31 199 4  1 2 3 LH 1 71 +76 49 +6 1 1 1.142266 0 0 3658.666621 3659.167591 3659.668566 3659.868955 3661.872851 3663.015117 1 C 
 31 200 4  2 1 3 NH 0 54 -35 54 +35 1 0 0.567245 0 0 3664.027041 3664.528012 3665.028986 3665.229376 3667.233271 3667.800516 1 E 
 31 201 4  3 3 2 HL 1 108 -65 162 -30 0 0 1.269361 0 0 3668.819688 3669.320661 3669.821637 3670.022025 3672.025920 3673.295282 1 E 
 31 202 4  4 1 1 NN 0 123 +64 123 +64 0 1 0.734551 0 0 3674.313703 3674.814675 3675.315651 3675.516039 3677.519933 3678.254484 1 C 
 31 203 4  5 1 1 NN 0 150 -17 150 -17 0 1 0.646632 0 0 3679.273343 3679.774316 3680.275290 3680.475679 3682.479575 3683.126208 1 C 
 31 204 4  6 2 3 LH 1 164 +5 114 -65 1 1 1.359224 0 0 3684.149490 3684.650462 3685.151436 3685.351824 3687.355720 3688.714944 1 C 
 31 205 4  7 1 3 NH 0 179 -9 179 -79 0 1 1.164328 0 0 3689.726996 3690.227970 3690.728947 3690.929333 3692.933230 3694.097558 1 C 
 31 206 4  8 1 1 NN 0 117 -87 117 -87 0 1 0.607748 0 0 3695.120815 3695.621791 3696.122763 3696.323152 3698.327048 3698.934795 1 C 
 31 207 4  9 3 2 HL 1 135 -26 67 -61 1 1 1.438584 0 0 3699.946865 3700.447837 3700.948811 3701.149201 3703.153097 3704.591681 1 C 
 31 208 4 10 2 1 LN 0 148 -74 192 -74 0 1 0.709803 0 0 3705.607867 3706.108842 3706.609815 3706.810205 3708.814105 3709.523908 1 C 
 31 209 4 11 3 3 HH 1 61 -73 91 -3 1 1 1.683768 0 0 3710.550810 3711.051784 3711.552757 3711.753147 3713.757042 3715.440810 1 C 
 31 210 4 12 2 1 LN 0 92 -16 119 -16 0 1 0.638137 0 0 3716.462303 3716.963275 3717.464251 3717.664639 3719.668544 3720.306681 1 C 
 31 211 4 13 1 2 NL 0 118 +5 118 +40 1 0 0.824805 0 0 3721.321745 3721.822722 3722.323695 3722.524088 3724.527980 3725.352786 1 E 
 31 212 4 14 3 3 HH 1 152 -85 76 -15 1 1 0.952794 0 0 3726.364883 3726.865860 3727.366833 3727.567221 3729.571122 3730.523916 1 C 
 31 213 4 15 2 2 LL 1 145 -29 101 -64 1 1 0.719033 0 0 3731.541614 3732.042586 3732.543562 3732.743952 3734.747847 3735.466880 1 C 
 31 214 4 16 2 2 LL 1 117 +88 81 +53 1 1 0.702208 0 0 3736.484556 3736.985529 3737.486505 3737.686893 3739.690789 3740.392997 1 C 
 31 215 4 17 2 3 LH 1 83 +48 58 -22 1 1 0.802602 0 0 3741.410799 3741.911773 3742.412746 3742.613136 3744.617031 3745.419633 1 C 
 31 216 4 18 2 1 LN 0 62 -70 80 -70 0 1 0.934675 0 0 3746.437238 3746.938212 3747.439184 3747.639574 3749.643469 3750.578144 1 C 
 31 217 4 19 3 3 HH 1 54 +33 81 -37 1 1 0.655741 0 0 3751.597267 3752.098241 3752.599214 3752.799605 3754.803500 3755.459242 1 C 
 31 218 4 20 2 2 LL 1 89 +52 115 +87 1 1 0.869302 0 0 3756.473413 3756.974387 3757.475364 3757.675751 3759.679646 3760.548948 1 C 
 31 219 4 21 1 2 NL 0 98 +79 98 +44 1 0 0.702349 0 0 3761.566649 3762.067620 3762.568593 3762.768986 3764.772880 3765.475228 1 E 
 31 220 4 22 3 1 HN 0 94 -22 141 -22 0 1 0.730081 0 0 3766.492890 3766.993870 3767.494840 3767.695227 3769.699122 3770.429203 1 C 
 31 221 4 23 2 3 LH 1 129 +77 90 +7 1 1 0.667646 0 0 3771.452531 3771.953504 3772.454477 3772.654866 3774.658764 3775.326410 1 C 
 31 222 4 24 1 2 NL 0 111 -7 111 -42 1 0 0.741258 0 0 3776.345375 3776.846349 3777.347323 3777.547713 3779.551608 3780.292866 1 E 
 31 223 4 25 3 3 HH 1 159 -3 79 -73 1 1 0.596478 0 0 3781.305016 3781.805991 3782.306964 3782.507353 3784.511247 3785.107724 1 C 
 31 224 4 26 3 1 HN 0 130 -67 65 -67 0 1 0.778561 0 0 3786.131066 3786.632039 3787.133013 3787.333402 3789.337297 3790.115859 1 C 
 31 225 4 27 2 1 LN 0 90 +68 117 +68 0 1 0.711330 0 0 3791.140805 3791.641776 3792.142751 3792.343140 3794.347035 3795.058365 1 C 
 31 226 4 28 3 2 HL 1 141 +5 211 -30 1 1 0.540933 0 0 3796.083745 3796.584719 3797.085696 3797.286083 3799.289977 3799.830911 1 C 
 31 227 4 29 1 3 NH 0 104 -20 104 +50 0 1 0.997230 0 0 3800.842998 3801.343973 3801.844944 3802.045334 3804.049229 3805.046458 1 C 
 31 228 4 30 1 3 NH 0 120 -89 120 -19 0 1 0.823980 0 0 3806.069824 3806.570798 3807.071771 3807.272161 3809.276056 3810.100036 1 C 
 31 229 4 31 3 3 HH 1 102 +52 153 -18 1 1 0.758071 0 0 3811.112962 3811.613936 3812.114908 3812.315298 3814.319193 3815.077264 1 C 
 31 230 4 32 3 3 HH 1 154 +42 77 -28 1 1 0.635523 0 0 3816.089305 3816.590278 3817.091248 3817.291638 3819.295533 3819.931056 1 C 
 31 231 4 33 1 1 NN 0 169 +5 169 +5 0 1 0.961129 0 0 3820.948748 3821.449721 3821.950695 3822.151085 3824.154979 3825.116108 1 C 
 31 232 4 34 1 3 NH 0 83 -5 83 -75 0 1 1.070384 0 0 3826.142178 3826.643152 3827.144123 3827.344513 3829.348409 3830.418792 1 C 
 31 233 4 35 1 3 NH 0 177 -67 177 +3 0 1 0.980943 0 0 3831.435800 3831.936774 3832.437748 3832.638137 3834.642033 3835.622976 1 C 
 31 234 4 36 2 2 LL 1 55 +35 38 +70 1 1 0.672775 0 0 3836.645928 3837.146902 3837.647875 3837.848265 3839.852160 3840.524935 1 C 
 31 235 4 37 2 2 LL 1 92 -66 119 -31 1 1 0.763614 0 0 3841.538774 3842.039747 3842.540720 3842.741110 3844.745009 3845.508623 1 C 
 31 236 4 38 1 2 NL 0 70 +43 70 +78 0 1 1.539468 0 0 3846.531814 3847.032785 3847.533759 3847.734149 3849.738043 3851.277512 1 C 
 31 237 4 39 2 3 LH 1 127 +39 88 -31 1 1 0.796834 0 0 3852.293011 3852.793984 3853.294958 3853.495348 3855.499243 3856.296077 1 C 
 31 238 4 40 1 2 NL 0 180 +16 180 -19 0 1 0.934417 0 0 3857.319450 3857.820422 3858.321396 3858.521786 3860.525681 3861.460098 1 C 
 31 239 4 41 2 3 LH 1 100 +30 70 -40 1 1 0.818797 0 0 3862.479480 3862.980453 3863.481428 3863.681816 3865.685710 3866.504507 1 C 
 31 240 4 42 3 1 HN 0 68 +25 102 +25 1 0 0.568176 0 0 3867.522616 3868.023589 3868.524564 3868.724953 3870.728849 3871.297025 1 E 
 31 241 4 43 3 1 HN 0 56 -22 84 -22 0 1 0.683557 0 0 3872.315267 3872.816242 3873.317218 3873.517604 3875.521499 3876.205056 1 C 
 31 242 4 44 3 1 HN 0 166 -52 83 -52 0 1 0.682769 0 0 3877.224810 3877.725783 3878.226761 3878.427146 3880.431041 3881.113811 1 C 
 31 243 4 45 3 1 HN 0 152 -60 76 -60 0 1 0.472553 0 0 3882.134354 3882.635327 3883.136302 3883.336694 3885.340586 3885.813140 1 C 
 31 244 4 46 1 1 NN 0 72 +62 72 +62 1 0 1.309673 0 0 3886.826811 3887.327782 3887.828756 3888.029146 3890.033041 3891.342714 1 E 
 31 245 4 47 1 3 NH 0 172 +57 172 -13 1 0 0.889430 0 0 3892.354220 3892.855194 3893.356165 3893.556555 3895.560453 3896.449883 1 E 
 31 246 4 48 2 1 LN 0 74 +21 51 +21 1 0 0.874868 0 0 3897.464154 3897.965129 3898.466103 3898.666491 3900.670387 3901.545254 1 E 
 31 247 4 49 3 3 HH 1 111 -48 55 +22 1 1 0.700694 0 0 3902.557388 3903.058361 3903.559338 3903.759725 3905.763619 3906.464313 1 C 
 31 248 4 50 3 3 HH 1 152 +88 76 +18 1 1 0.638870 0 0 3907.483629 3907.984606 3908.485578 3908.685967 3910.689863 3911.328733 1 C 
 31 249 4 51 1 3 NH 0 107 -90 107 -20 0 1 1.019468 0 0 3912.343079 3912.844051 3913.345024 3913.545413 3915.549309 3916.568777 1 C 
 31 250 4 52 2 2 LL 1 75 +15 52 -20 1 1 0.694691 0 0 3917.586604 3918.087575 3918.588551 3918.788940 3920.792835 3921.487526 1 C 
 31 251 4 53 2 2 LL 1 168 -48 117 -13 1 1 0.995595 0 0 3922.512846 3923.013820 3923.514795 3923.715183 3925.719080 3926.714676 1 C 
 31 252 4 54 2 3 LH 1 159 +59 206 -11 1 1 0.679503 0 0 3927.739674 3928.240651 3928.741623 3928.942010 3930.945906 3931.625408 1 C 
 31 253 4 55 2 2 LL 1 140 +43 98 +78 1 1 0.639277 0 0 3932.649218 3933.150190 3933.651163 3933.851555 3935.855449 3936.494726 1 C 
 31 254 4 56 3 1 HN 0 165 -42 247 -42 1 0 1.143969 0 0 3937.508665 3938.009637 3938.510614 3938.711000 3940.714895 3941.858865 1 E 
 31 255 4 57 3 3 HH 1 94 +37 141 -33 1 1 1.061087 0 0 3942.885784 3943.386756 3943.887729 3944.088120 3946.092014 3947.153101 1 C 
 31 256 4 58 3 2 HL 1 78 -40 117 -75 1 1 0.997339 0 0 3948.179407 3948.680380 3949.181353 3949.381743 3951.385638 3952.382977 1 C 
 31 257 4 59 1 3 NH 0 70 +53 70 -17 0 1 1.427856 0 0 3953.406234 3953.907207 3954.408181 3954.608570 3956.612466 3958.040322 1 C 
 31 258 4 60 1 1 NN 0 128 -67 128 -67 0 1 0.912365 0 0 3959.067238 3959.568211 3960.069186 3960.269575 3962.273470 3963.185835 1 C 
 31 259 5  1 1 3 NH 0 178 -2 178 -72 1 0 0.229208 0 0 3967.350008 3967.850979 3968.351954 3968.552342 3970.556236 3970.785444 1 E 
 31 260 5  2 2 2 LL 1 160 +5 112 +40 1 1 0.916509 0 0 3971.808672 3972.309649 3972.810620 3973.011010 3975.014909 3975.931418 1 C 
 31 261 5  3 2 3 LH 1 55 -76 71 -6 0 0 0.950690 0 0 3976.952004 3977.452978 3977.953951 3978.154341 3980.158245 3981.108935 1 E 
 31 262 5  4 2 3 LH 1 93 -88 120 -18 1 1 0.813633 0 0 3982.128735 3982.629711 3983.130681 3983.331072 3985.334977 3986.148610 1 C 
 31 263 5  5 2 1 LN 0 152 -33 106 -33 0 1 1.418042 0 0 3987.171870 3987.672844 3988.173818 3988.374208 3990.378113 3991.796155 1 C 
 31 264 5  6 2 2 LL 1 111 +68 77 +33 0 0 0.829292 0 0 3992.816176 3993.317150 3993.818124 3994.018513 3996.022409 3996.851701 1 E 
 31 265 5  7 2 1 LN 0 57 -6 39 -6 0 1 0.977946 0 0 3997.876012 3998.376986 3998.877960 3999.078349 4001.082244 4002.060190 1 C 
 31 266 5  8 1 1 NN 0 92 +26 92 +26 0 1 0.680013 0 0 4003.086141 4003.587116 4004.088091 4004.288477 4006.292373 4006.972386 1 C 
 31 267 5  9 3 2 HL 1 136 -8 68 +27 1 1 1.898162 0 0 4007.995684 4008.496658 4008.997629 4009.198021 4011.201916 4013.100078 1 C 
 31 268 5 10 2 3 LH 1 142 -42 99 +28 1 1 1.027330 0 0 4014.124265 4014.625243 4015.126212 4015.326601 4017.330497 4018.357827 1 C 
 31 269 5 11 1 3 NH 0 175 +85 175 +15 0 1 1.766589 0 0 4019.384491 4019.885467 4020.386437 4020.586829 4022.590722 4024.357311 1 C 
 31 270 5 12 1 1 NN 0 103 -53 103 -53 0 1 1.620893 0 0 4025.379477 4025.880450 4026.381426 4026.581813 4028.585709 4030.206602 1 C 
 31 271 5 13 1 2 NL 0 117 +68 117 +33 0 1 1.158080 0 0 4031.224173 4031.725147 4032.226119 4032.426509 4034.430404 4035.588484 1 C 
 31 272 5 14 2 1 LN 0 110 +3 143 +3 0 1 0.611239 0 0 4036.601292 4037.102265 4037.603237 4037.803628 4039.807523 4040.418762 1 C 
 31 273 5 15 3 2 HL 1 136 +70 68 +35 0 0 0.880502 0 0 4041.444038 4041.945011 4042.445985 4042.646377 4044.650271 4045.530772 1 E 
 31 274 5 16 1 2 NL 0 71 +69 71 +34 0 1 1.350064 0 0 4046.553973 4047.054944 4047.555922 4047.756308 4049.760206 4051.110270 1 C 
 31 275 5 17 2 3 LH 1 117 +70 81 +0 0 0 2.264703 0 0 4052.131481 4052.632456 4053.133428 4053.333816 4055.337712 4057.602416 1 E 
 31 276 5 18 1 2 NL 0 146 -45 146 -80 1 0 1.776475 0 0 4058.627442 4059.128417 4059.629391 4059.829778 4061.833674 4063.610149 1 E 
 31 277 5 19 1 1 NN 0 128 +43 128 +43 0 1 1.537181 0 0 4064.622429 4065.123404 4065.624376 4065.824765 4067.828659 4069.365839 1 C 
 31 278 5 20 1 1 NN 0 102 -52 102 -52 0 1 1.574826 0 0 4070.383627 4070.884602 4071.385574 4071.585965 4073.589859 4075.164685 1 C 
 31 279 5 21 3 2 HL 1 71 +38 106 +3 1 1 1.341717 0 0 4076.178226 4076.679198 4077.180172 4077.380562 4079.384457 4080.726174 1 C 
 31 280 5 22 2 1 LN 0 137 +8 95 +8 0 1 1.410107 0 0 4081.739036 4082.240012 4082.740982 4082.941371 4084.945266 4086.355373 1 C 
 31 281 5 23 3 3 HH 1 144 +25 72 -45 1 1 1.858387 0 0 4087.366641 4087.867615 4088.368588 4088.568978 4090.572873 4092.431260 1 C 
 31 282 5 24 1 3 NH 0 114 +63 114 -7 1 0 1.488746 0 0 4093.445130 4093.946096 4094.447072 4094.647460 4096.651356 4098.140102 1 E 
 31 283 5 25 2 1 LN 0 70 +51 91 +51 0 1 1.369689 0 0 4099.156225 4099.657199 4100.158173 4100.358562 4102.362457 4103.732147 1 C 
 31 284 5 26 3 3 HH 1 124 +49 62 -21 1 1 1.367047 0 0 4104.750433 4105.251411 4105.752384 4105.952770 4107.956666 4109.323713 1 C 
 31 285 5 27 3 1 HN 0 167 -9 83 -9 0 1 0.975140 0 0 4110.344643 4110.845615 4111.346589 4111.546978 4113.550873 4114.526014 1 C 
 31 286 5 28 3 3 HH 1 86 -71 129 -1 1 1 1.552737 0 0 4115.538070 4116.039044 4116.540021 4116.740407 4118.744303 4120.297040 1 C 
 31 287 5 29 3 1 HN 0 86 -69 129 -69 0 1 1.565114 0 0 4121.315969 4121.816944 4122.317916 4122.518306 4124.522201 4126.087316 1 C 
 31 288 5 30 2 3 LH 1 59 -80 41 -10 0 0 2.645139 0 0 4127.110568 4127.611540 4128.112513 4128.312902 4130.316799 4132.961938 1 E 
 31 289 5 31 2 1 LN 0 120 -15 156 -15 1 0 2.306996 0 0 4133.973909 4134.474883 4134.975858 4135.176245 4137.180141 4139.487137 1 E 
 31 290 5 32 3 3 HH 1 121 -64 181 +6 1 1 1.242335 0 0 4140.503268 4141.004243 4141.505215 4141.705604 4143.709500 4144.951834 1 C 
 31 291 5 33 1 2 NL 0 75 +59 75 +24 0 1 1.263833 0 0 4145.963882 4146.464858 4146.965830 4147.166219 4149.170115 4150.433947 1 C 
 31 292 5 34 3 1 HN 0 154 +71 77 +71 0 1 1.032969 0 0 4151.457897 4151.958868 4152.459843 4152.660234 4154.664126 4155.697095 1 C 
 31 293 5 35 1 1 NN 0 72 -85 72 -85 0 1 0.766410 0 0 4156.718122 4157.219095 4157.720072 4157.920458 4159.924353 4160.690763 1 C 
 31 294 5 36 3 2 HL 1 174 +63 87 +28 1 1 1.562159 0 0 4161.711161 4162.212134 4162.713108 4162.913499 4164.917393 4166.479552 1 C 
 31 295 5 37 2 1 LN 0 74 +54 96 +54 0 1 1.495109 0 0 4167.505760 4168.006731 4168.507706 4168.708095 4170.711988 4172.207097 1 C 
 31 296 5 38 1 3 NH 0 76 -86 76 -16 0 1 1.488025 0 0 4173.233558 4173.734533 4174.235506 4174.435895 4176.439791 4177.927816 1 C 
 31 297 5 39 3 2 HL 1 180 -18 90 -53 1 1 1.178815 0 0 4178.944660 4179.445634 4179.946608 4180.146998 4182.150893 4183.329708 1 C 
 31 298 5 40 3 2 HL 1 125 -53 187 -88 1 1 1.798891 0 0 4184.355179 4184.856152 4185.357125 4185.557515 4187.561410 4189.360302 1 C 
 31 299 5 41 2 2 LL 1 178 -3 231 +32 1 1 1.243877 0 0 4190.383563 4190.884541 4191.385511 4191.585900 4193.589806 4194.833684 1 C 
 31 300 5 42 2 1 LN 0 153 +81 198 +81 0 1 1.287733 0 0 4195.844180 4196.345152 4196.846126 4197.046515 4199.050411 4200.338144 1 C 
 31 301 5 43 2 3 LH 1 164 +54 213 -16 1 1 1.368130 0 0 4201.354892 4201.855865 4202.356843 4202.557228 4204.561123 4205.929253 1 C 
 31 302 5 44 1 2 NL 0 67 +74 67 +39 0 1 2.305173 0 0 4206.949098 4207.450072 4207.951047 4208.151436 4210.155331 4212.460503 1 C 
 31 303 5 45 2 2 LL 1 135 -90 94 -55 1 1 1.246326 0 0 4213.478458 4213.979431 4214.480406 4214.680795 4216.684690 4217.931016 1 C 
 31 304 5 46 1 3 NH 0 104 -67 104 +3 0 1 2.098327 0 0 4218.955772 4219.456746 4219.957719 4220.158108 4222.162004 4224.260331 1 C 
 31 305 5 47 3 3 HH 1 109 +86 54 +16 1 1 1.270586 0 0 4225.284741 4225.785718 4226.286689 4226.487079 4228.490974 4229.761560 1 C 
 31 306 5 48 1 1 NN 0 73 +71 73 +71 0 1 0.882950 0 0 4230.778756 4231.279728 4231.780705 4231.981091 4233.984985 4234.867935 1 C 
 31 307 5 49 1 3 NH 0 122 +88 122 +18 1 0 0.757938 0 0 4235.888690 4236.389661 4236.890635 4237.091025 4239.094920 4239.852858 1 E 
 31 308 5 50 2 2 LL 1 98 -32 68 -67 1 1 1.329477 0 0 4240.865029 4241.366004 4241.866976 4242.067365 4244.071260 4245.400737 1 C 
 31 309 5 51 1 2 NL 0 64 -12 64 -47 0 1 1.460332 0 0 4246.425839 4246.926815 4247.427786 4247.628176 4249.632069 4251.092401 1 C 
 31 310 5 52 2 2 LL 1 165 +80 115 +45 0 0 1.871349 0 0 4252.103543 4252.604516 4253.105487 4253.305879 4255.309775 4257.181123 1 E 
 31 311 5 53 1 3 NH 0 160 -72 160 -2 0 1 1.854521 0 0 4258.198723 4258.699700 4259.200671 4259.401061 4261.404953 4263.259475 1 C 
 31 312 5 54 3 2 HL 1 76 +84 114 +49 1 1 1.142114 0 0 4264.277207 4264.778178 4265.279155 4265.479544 4267.483439 4268.625554 1 C 
 31 313 5 55 3 3 HH 1 123 -51 61 +19 1 1 1.046132 0 0 4269.637628 4270.138600 4270.639576 4270.839964 4272.843859 4273.889991 1 C 
 31 314 5 56 2 2 LL 1 81 +76 56 +41 0 0 1.453843 0 0 4274.914552 4275.415527 4275.916499 4276.116893 4278.120784 4279.574627 1 E 
 31 315 5 57 3 1 HN 0 54 +43 81 +43 0 1 1.355757 0 0 4280.592256 4281.093229 4281.594202 4281.794591 4283.798486 4285.154243 1 C 
 31 316 5 58 1 3 NH 0 107 +56 107 -14 1 0 1.049940 0 0 4286.169763 4286.670737 4287.171711 4287.372101 4289.375996 4290.425937 1 E 
 31 317 5 59 3 3 HH 1 63 -86 94 -16 1 1 3.457575 0 0 4291.446689 4291.947664 4292.448636 4292.649025 4294.652921 4298.110496 1 C 
 31 318 5 60 2 1 LN 0 84 +3 58 +3 0 1 1.448246 0 0 4299.128288 4299.629260 4300.130234 4300.330626 4302.334519 4303.782765 1 C 
 31 319 6  1 2 2 LL 1 156 +33 109 +68 1 1 1.164269 0 0 4309.080970 4309.581941 4310.082917 4310.283304 4312.287201 4313.451470 1 C 
 31 320 6  2 3 3 HH 1 127 -46 63 +24 1 1 1.332622 0 0 4314.474787 4314.975759 4315.476733 4315.677124 4317.681018 4319.013641 1 C 
 31 321 6  3 3 2 HL 1 113 +22 56 +57 1 1 1.051078 0 0 4320.035596 4320.536570 4321.037544 4321.237933 4323.241829 4324.292906 1 C 
 31 322 6  4 1 2 NL 0 163 -63 163 -28 0 1 0.800131 0 0 4325.312520 4325.813494 4326.314468 4326.514857 4328.518753 4329.318884 1 C 
 31 323 6  5 1 2 NL 0 64 -45 64 -10 0 1 1.373077 0 0 4330.338959 4330.839938 4331.340906 4331.541295 4333.545196 4334.918274 1 C 
 31 324 6  6 2 1 LN 0 148 +2 192 +2 0 1 1.931721 0 0 4335.933166 4336.434139 4336.935116 4337.135503 4339.139398 4341.071120 1 C 
 31 325 6  7 1 3 NH 0 164 +24 164 -46 1 0 1.183463 0 0 4342.095146 4342.596122 4343.097092 4343.297482 4345.301377 4346.484840 1 E 
 31 326 6  8 2 1 LN 0 82 +55 106 +55 0 1 1.119894 0 0 4347.505664 4348.006636 4348.507610 4348.707999 4350.711895 4351.831789 1 C 
 31 327 6  9 2 2 LL 1 171 +77 222 +42 0 0 1.286779 0 0 4352.849384 4353.350357 4353.851332 4354.051720 4356.055616 4357.342395 1 E 
 31 328 6 10 1 1 NN 0 135 -49 135 -49 0 1 1.272412 0 0 4358.360097 4358.861069 4359.362041 4359.562431 4361.566327 4362.838739 1 C 
 31 329 6 11 2 2 LL 1 61 +63 42 +28 1 1 1.451991 0 0 4363.854110 4364.355082 4364.856058 4365.056446 4367.060340 4368.512331 1 C 
 31 330 6 12 2 2 LL 1 109 +7 76 -28 1 1 0.894236 0 0 4369.531814 4370.032786 4370.533760 4370.734150 4372.738044 4373.632280 1 C 
 31 331 6 13 1 2 NL 0 173 +6 173 -29 0 1 0.951419 0 0 4374.658446 4375.159419 4375.660392 4375.860782 4377.864677 4378.816096 1 C 
 31 332 6 14 2 2 LL 1 60 -61 78 -26 0 0 1.199568 0 0 4379.835174 4380.336148 4380.837122 4381.037511 4383.041407 4384.240975 1 E 
 31 333 6 15 2 3 LH 1 102 -19 132 -89 1 1 1.130956 0 0 4385.262391 4385.763365 4386.264339 4386.464728 4388.468623 4389.599579 1 C 
 31 334 6 16 2 1 LN 0 131 -54 170 -54 0 1 1.611811 0 0 4390.622812 4391.123785 4391.624759 4391.825148 4393.829044 4395.440855 1 C 
 31 335 6 17 1 2 NL 0 114 +17 114 +52 1 0 0.975102 0 0 4396.467507 4396.968480 4397.469454 4397.669844 4399.673738 4400.648840 1 E 
 31 336 6 18 3 3 HH 1 152 -44 76 +26 1 1 1.655004 0 0 4401.660937 4402.161909 4402.662882 4402.863272 4404.867167 4406.522171 1 C 
 31 337 6 19 2 3 LH 1 128 -79 166 -9 1 1 1.337602 0 0 4407.539029 4408.040001 4408.540980 4408.741366 4410.745261 4412.082863 1 C 
 31 338 6 20 3 1 HN 0 116 +41 58 +41 0 1 1.239583 0 0 4413.099838 4413.600812 4414.101786 4414.302175 4416.306071 4417.545654 1 C 
 31 339 6 21 3 1 HN 0 113 +88 169 +88 0 1 1.562193 0 0 4418.560453 4419.061426 4419.562400 4419.762791 4421.766686 4423.328879 1 C 
 31 340 6 22 2 2 LL 1 87 -30 113 +5 1 1 1.181134 0 0 4424.355055 4424.856024 4425.356998 4425.557387 4427.561283 4428.742416 1 C 
 31 341 6 23 1 1 NN 0 173 -62 173 -62 0 1 1.203279 0 0 4429.765569 4430.266542 4430.767516 4430.967905 4432.971801 4434.175080 1 C 
 31 342 6 24 2 2 LL 1 143 +5 185 +40 1 1 1.272700 0 0 4435.192785 4435.693758 4436.194732 4436.395122 4438.399017 4439.671717 1 C 
 31 343 6 25 2 2 LL 1 92 -65 64 -30 1 1 1.513789 0 0 4440.686798 4441.187771 4441.688746 4441.889135 4443.893030 4445.406819 1 C 
 31 344 6 26 1 1 NN 0 156 +14 156 +14 0 1 0.988133 0 0 4446.431299 4446.932272 4447.433246 4447.633636 4449.637531 4450.625664 1 C 
 31 345 6 27 1 3 NH 0 156 -39 156 +31 0 1 1.403681 0 0 4451.641426 4452.142398 4452.643374 4452.843764 4454.847659 4456.251340 1 C 
 31 346 6 28 1 2 NL 0 64 -38 64 -73 1 0 0.925060 0 0 4457.269031 4457.770007 4458.270982 4458.471372 4460.475270 4461.400330 1 E 
 31 347 6 29 2 2 LL 1 87 +59 60 +24 1 1 0.974179 0 0 4462.412364 4462.913341 4463.414312 4463.614701 4465.618596 4466.592775 1 C 
 31 348 6 30 2 2 LL 1 134 -72 93 -37 1 1 1.295044 0 0 4467.605793 4468.106766 4468.607744 4468.808130 4470.812025 4472.107070 1 C 
 31 349 6 31 3 2 HL 1 150 -35 75 -70 0 0 1.359704 0 0 4473.133205 4473.634175 4474.135152 4474.335541 4476.339436 4477.699140 1 E 
 31 350 6 32 1 3 NH 0 161 -6 161 +64 0 1 1.548386 0 0 4478.710718 4479.211688 4479.712661 4479.913050 4481.916945 4483.465331 1 C 
 31 351 6 33 2 3 LH 1 168 -43 117 +27 1 1 1.121140 0 0 4484.488611 4484.989585 4485.490559 4485.690948 4487.694844 4488.815984 1 C 
 31 352 6 34 1 3 NH 0 113 +8 113 -62 1 0 0.937677 0 0 4489.832339 4490.333307 4490.834280 4491.034669 4493.038565 4493.976242 1 E 
 31 353 6 35 3 1 HN 0 113 -42 56 -42 0 1 1.741418 0 0 4494.992369 4495.493340 4495.994311 4496.194700 4498.198596 4499.940013 1 C 
 31 354 6 36 2 3 LH 1 151 +3 105 -67 1 1 1.132089 0 0 4500.953952 4501.454926 4501.955900 4502.156289 4504.160185 4505.292274 1 C 
 31 355 6 37 1 1 NN 0 65 -24 65 -24 0 1 0.880340 0 0 4506.314372 4506.815346 4507.316320 4507.516710 4509.520605 4510.400945 1 C 
 31 356 6 38 3 2 HL 1 175 +69 262 +34 1 1 1.119882 0 0 4511.424307 4511.925278 4512.426253 4512.626642 4514.630538 4515.750420 1 C 
 31 357 6 39 2 3 LH 1 147 -51 191 +19 1 1 0.795464 0 0 4516.768026 4517.268999 4517.769976 4517.970364 4519.974259 4520.769723 1 C 
 31 358 6 40 3 2 HL 1 124 +56 62 +21 0 0 2.138409 0 0 4521.794463 4522.295439 4522.796412 4522.996801 4525.000697 4527.139105 1 E 
 31 359 6 41 1 3 NH 0 65 -75 65 -5 0 1 1.577194 0 0 4528.156833 4528.657805 4529.158780 4529.359168 4531.363068 4532.940262 1 C 
 31 360 6 42 1 2 NL 0 167 +39 167 +74 0 1 0.885962 0 0 4533.951431 4534.452407 4534.953377 4535.153767 4537.157662 4538.043624 1 C 
 31 361 6 43 3 1 HN 0 126 +40 63 +40 0 1 0.978865 0 0 4539.061364 4539.562337 4540.063312 4540.263701 4542.267596 4543.246461 1 C 
 31 362 6 44 3 1 HN 0 143 +38 71 +38 0 1 0.958434 0 0 4544.271492 4544.772464 4545.273439 4545.473828 4547.477723 4548.436157 1 C 
 31 363 6 45 2 3 LH 1 97 -52 67 +18 1 1 1.033057 0 0 4549.448224 4549.949195 4550.450167 4550.650557 4552.654454 4553.687511 1 C 
 31 364 6 46 3 1 HN 0 58 -87 87 -87 0 1 1.075203 0 0 4554.708448 4555.209420 4555.710399 4555.910783 4557.914679 4558.989882 1 C 
 31 365 6 47 2 1 LN 0 156 -14 109 -14 0 1 0.973529 0 0 4560.002071 4560.503044 4561.004018 4561.204407 4563.208303 4564.181831 1 C 
 31 366 6 48 1 1 NN 0 81 -9 81 -9 0 1 1.507186 0 0 4565.195500 4565.696472 4566.197447 4566.397836 4568.401731 4569.908918 1 C 
 31 367 6 49 2 1 LN 0 147 -8 191 -8 0 1 1.283528 0 0 4570.923303 4571.424273 4571.925247 4572.125637 4574.129539 4575.413067 1 C 
 31 368 6 50 1 1 NN 0 169 +67 169 +67 0 1 0.908315 0 0 4576.434014 4576.934989 4577.435960 4577.636349 4579.640244 4580.548560 1 C 
 31 369 6 51 3 2 HL 1 176 -68 88 -33 1 1 1.112218 0 0 4581.560645 4582.061619 4582.562592 4582.762979 4584.766878 4585.879095 1 C 
 31 370 6 52 3 3 HH 1 87 -14 43 -84 1 1 1.025732 0 0 4586.904365 4587.405341 4587.906313 4588.106703 4590.110598 4591.136330 1 C 
 31 371 6 53 2 2 LL 1 64 +80 83 +45 1 1 0.827904 0 0 4592.147892 4592.648866 4593.149839 4593.350229 4595.354129 4596.182033 1 C 
 31 372 6 54 2 2 LL 1 171 +31 119 -4 1 1 1.880331 0 0 4597.207728 4597.708701 4598.209675 4598.410065 4600.413960 4602.294291 1 C 
 31 373 6 55 3 2 HL 1 142 +67 71 +32 1 1 1.080848 0 0 4603.319610 4603.820583 4604.321556 4604.521946 4606.525841 4607.606689 1 C 
 31 374 6 56 2 2 LL 1 118 -18 153 +17 1 1 1.247849 0 0 4608.629932 4609.130905 4609.631879 4609.832268 4611.836164 4613.084012 1 C 
 31 375 6 57 1 1 NN 0 128 +29 128 +29 0 1 1.151484 0 0 4614.107246 4614.608224 4615.109193 4615.309583 4617.313479 4618.464963 1 C 
 31 376 6 58 1 2 NL 0 141 +62 141 +27 1 0 1.726433 0 0 4619.484366 4619.985339 4620.486313 4620.686702 4622.690597 4624.417031 1 E 
 31 377 6 59 3 2 HL 1 112 +43 56 +78 1 1 1.213058 0 0 4625.429257 4625.930228 4626.431205 4626.631592 4628.635487 4629.848545 1 C 
 31 378 6 60 3 1 HN 0 118 +81 59 +81 0 1 0.961350 0 0 4630.873172 4631.374147 4631.875118 4632.075507 4634.079403 4635.040753 1 C 
