 11   1 0 43 2 1 LN 0 105 -77 120 -77 0 1 4.894094 0 0 1715.477785 1715.978754 1716.479728 1716.680122 1718.684014 1723.578108 1 C 
 11   2 0 44 3 2 HL 1 106 -9 74 -29 0 0 2.606041 0 0 1724.595506 1725.096479 1725.597453 1725.797842 1727.801738 1730.407778 1 E 
 11   3 0 45 2 3 LH 1 86 +54 98 -6 1 1 1.982616 0 0 1731.425449 1731.926423 1732.427395 1732.627786 1734.631681 1736.614298 1 C 
 11   4 0 46 3 1 HN 0 153 -17 107 -17 0 1 1.819690 0 0 1737.637523 1738.138498 1738.639473 1738.839863 1740.843757 1742.663447 1 C 
 11   5 0 47 1 3 NH 0 119 +87 119 +27 1 0 1.682399 0 0 1743.682608 1744.183583 1744.684557 1744.884946 1746.888841 1748.571241 1 E 
 11   6 0 48 2 1 LN 0 154 -18 130 -18 0 1 1.483468 0 0 1749.594102 1750.095084 1750.596048 1750.796438 1752.800333 1754.283801 1 C 
 11   7 0 49 2 1 LN 0 180 +86 153 +86 0 1 1.434116 0 0 1755.305202 1755.806176 1756.307150 1756.507539 1758.511435 1759.945551 1 C 
 11   8 0 50 2 1 LN 0 63 -18 53 -18 0 1 1.292373 0 0 1760.966206 1761.467180 1761.968158 1762.168543 1764.172439 1765.464812 1 C 
 11   9 0 51 1 2 NL 0 113 +61 113 +81 1 0 0.980494 0 0 1766.476917 1766.977893 1767.478867 1767.679256 1769.683151 1770.663645 1 E 
 11  10 0 52 2 3 LH 1 169 +2 143 +62 1 1 1.743075 0 0 1771.687048 1772.188021 1772.688995 1772.889384 1774.893279 1776.636354 1 C 
 11  11 0 53 3 3 HH 1 84 -9 109 -69 0 0 1.300116 0 0 1777.648637 1778.149613 1778.650587 1778.850973 1780.854869 1782.154985 1 E 
 11  12 0 54 3 3 HH 1 61 -22 79 +38 0 0 1.293019 0 0 1783.176048 1783.677021 1784.177999 1784.378384 1786.382280 1787.675299 1 E 
 11  13 0 55 3 2 HL 1 143 -86 185 -66 0 0 2.085277 0 0 1788.686761 1789.187736 1789.688707 1789.889097 1791.892992 1793.978270 1 E 
 11  14 0 56 2 1 LN 0 115 -58 97 -58 1 0 1.197853 0 0 1794.999031 1795.500008 1796.000976 1796.201368 1798.205262 1799.403116 1 E 
 11  15 0 57 1 1 NN 0 138 -27 138 -27 0 1 2.076083 0 0 1800.426248 1800.927221 1801.428195 1801.628584 1803.632480 1805.708563 1 C 
 11  16 0 58 1 3 NH 0 117 -25 117 +35 1 0 1.904835 0 0 1806.721819 1807.222792 1807.723766 1807.924156 1809.928051 1811.832885 1 E 
 11  17 0 59 3 1 HN 0 84 +2 109 +2 0 1 1.826709 0 0 1812.850398 1813.351374 1813.852346 1814.052735 1816.056631 1817.883340 1 C 
 11  18 0 60 2 2 LL 1 107 +75 90 +55 0 0 1.269985 0 0 1818.895488 1819.396457 1819.897430 1820.097820 1822.101716 1823.371701 1 E 
 11  19 1  1 1 2 NL 0 128 +38 128 +58 0 1 2.343008 0 0 1835.277329 1835.778302 1836.279276 1836.479665 1838.483560 1840.826568 1 C 
 11  20 1  2 3 1 HN 0 89 -48 62 -48 0 1 1.572166 0 0 1841.840085 1842.341059 1842.842033 1843.042423 1845.046322 1846.618488 1 C 
 11  21 1  3 1 3 NH 0 141 +7 141 +67 1 0 1.125588 0 0 1847.634684 1848.135657 1848.636631 1848.837020 1850.840914 1851.966502 1 E 
 11  22 1  4 2 3 LH 1 145 -46 123 +14 0 0 1.125382 0 0 1852.978405 1853.479380 1853.980352 1854.180741 1856.184636 1857.310018 1 E 
 11  23 1  5 1 3 NH 0 93 +34 93 -26 0 1 1.075305 0 0 1858.322126 1858.823100 1859.324073 1859.524462 1861.528358 1862.603663 1 C 
 11  24 1  6 2 2 LL 1 180 +82 153 +62 0 0 1.064077 0 0 1863.615748 1864.116723 1864.617699 1864.818091 1866.821981 1867.886058 1 E 
 11  25 1  7 2 2 LL 1 56 -60 47 -80 1 1 1.369339 0 0 1868.909373 1869.410346 1869.911319 1870.111709 1872.115602 1873.484941 1 C 
 11  26 1  8 1 1 NN 0 132 -65 132 -65 0 1 1.854567 0 0 1874.503581 1875.004556 1875.505527 1875.705917 1877.709814 1879.564381 1 C 
 11  27 1  9 3 1 HN 0 149 +89 104 +89 0 1 1.537261 0 0 1880.582064 1881.083035 1881.584010 1881.784400 1883.788294 1885.325556 1 C 
 11  28 1 10 3 3 HH 1 95 -30 123 +30 0 0 1.186321 0 0 1886.343263 1886.844234 1887.345211 1887.545600 1889.549495 1890.735816 1 E 
 11  29 1 11 2 2 LL 1 136 -44 115 -24 0 0 0.878398 0 0 1891.753781 1892.254753 1892.755726 1892.956121 1894.960013 1895.838411 1 E 
 11  30 1 12 2 3 LH 1 143 -89 121 -29 0 0 1.239411 0 0 1896.863714 1897.364687 1897.865661 1898.066050 1900.069945 1901.309356 1 E 
 11  31 1 13 3 1 HN 0 175 +49 122 +49 0 1 1.365912 0 0 1902.324328 1902.825304 1903.326278 1903.526665 1905.530558 1906.896470 1 C 
 11  32 1 14 3 2 HL 1 136 +3 176 -17 1 1 1.547258 0 0 1907.918536 1908.419510 1908.920483 1909.120877 1911.124771 1912.672029 1 C 
 11  33 1 15 2 1 LN 0 160 -46 136 -46 0 1 1.193976 0 0 1913.696434 1914.197410 1914.698381 1914.898770 1916.902667 1918.096644 1 C 
 11  34 1 16 1 2 NL 0 54 -84 54 -64 1 0 1.765125 0 0 1919.123653 1919.624625 1920.125599 1920.325988 1922.329883 1924.095009 1 E 
 11  35 1 17 2 2 LL 1 147 -1 169 +19 1 1 1.754685 0 0 1925.118637 1925.619614 1926.120584 1926.320975 1928.324871 1930.079555 1 C 
 11  36 1 18 2 1 LN 0 123 -35 141 -35 0 1 1.247832 0 0 1931.096927 1931.597904 1932.098877 1932.299263 1934.303159 1935.550991 1 C 
 11  37 1 19 2 1 LN 0 81 +42 93 +42 0 1 1.128696 0 0 1936.574242 1937.075213 1937.576190 1937.776577 1939.780473 1940.909169 1 C 
 11  38 1 20 3 2 HL 1 74 +43 51 +63 1 1 1.338689 0 0 1941.934663 1942.435634 1942.936608 1943.136998 1945.140893 1946.479582 1 C 
 11  39 1 21 3 1 HN 0 73 +24 94 +24 0 1 1.330787 0 0 1947.495470 1947.996445 1948.497421 1948.697807 1950.701703 1952.032490 1 C 
 11  40 1 22 1 3 NH 0 102 +57 102 -3 1 0 1.721001 0 0 1953.056281 1953.557254 1954.058228 1954.258617 1956.262512 1957.983513 1 E 
 11  41 1 23 2 2 LL 1 155 -67 131 -47 0 0 1.281275 0 0 1959.001170 1959.502146 1960.003117 1960.203507 1962.207402 1963.488677 1 E 
 11  42 1 24 1 2 NL 0 173 +69 173 +49 0 1 1.083861 0 0 1964.511882 1965.012856 1965.513830 1965.714219 1967.718115 1968.801975 1 C 
 11  43 1 25 3 1 HN 0 135 -80 94 -80 0 1 0.956163 0 0 1969.822206 1970.323179 1970.824152 1971.024542 1973.028440 1973.984604 1 C 
 11  44 1 26 3 3 HH 1 97 +72 67 +12 1 1 1.219991 0 0 1974.998934 1975.499908 1976.000882 1976.201272 1978.205167 1979.425158 1 C 
 11  45 1 27 2 2 LL 1 106 -81 121 -61 1 1 1.186640 0 0 1980.442852 1980.943827 1981.444805 1981.645188 1983.649083 1984.835723 1 C 
 11  46 1 28 3 1 HN 0 174 +65 121 +65 0 1 1.131625 0 0 1985.853369 1986.354343 1986.855316 1987.055705 1989.059600 1990.191224 1 C 
 11  47 1 29 3 3 HH 1 138 -8 179 -68 1 1 0.925031 0 0 1991.213788 1991.714762 1992.215738 1992.416125 1994.420020 1995.345051 1 C 
 11  48 1 30 1 1 NN 0 174 -50 174 -50 0 1 1.125404 0 0 1996.357121 1996.858094 1997.359068 1997.559469 1999.563352 2000.688756 1 C 
 11  49 1 31 2 2 LL 1 112 +24 95 +4 1 1 1.128500 0 0 2001.700842 2002.201814 2002.702789 2002.903177 2004.907074 2006.035574 1 C 
 11  50 1 32 2 3 LH 1 59 -86 67 -26 0 0 1.381831 0 0 2007.061262 2007.562238 2008.063209 2008.263598 2010.267493 2011.649324 1 E 
 11  51 1 33 1 1 NN 0 120 +84 120 +84 0 1 1.177661 0 0 2012.672175 2013.173149 2013.674116 2013.874504 2015.878400 2017.056061 1 C 
 11  52 1 34 3 2 HL 1 156 -39 202 -59 1 1 1.606921 0 0 2018.082689 2018.583661 2019.084633 2019.285023 2021.288918 2022.895839 1 C 
 11  53 1 35 1 2 NL 0 172 +73 172 +53 1 0 1.253173 0 0 2023.910682 2024.411655 2024.912629 2025.113019 2027.116913 2028.370086 1 E 
 11  54 1 36 1 3 NH 0 60 -44 60 +16 1 0 2.050529 0 0 2029.387996 2029.888970 2030.389943 2030.590330 2032.594228 2034.644757 1 E 
 11  55 1 37 1 3 NH 0 132 +60 132 +0 0 1 1.675858 0 0 2035.666868 2036.167842 2036.668815 2036.869205 2038.873107 2040.548965 1 C 
 11  56 1 38 2 2 LL 1 65 +24 55 +44 0 0 1.201262 0 0 2041.561661 2042.062634 2042.563608 2042.763997 2044.767893 2045.969155 1 E 
 11  57 1 39 1 2 NL 0 75 +24 75 +44 0 1 1.136145 0 0 2046.988875 2047.489852 2047.990825 2048.191214 2050.195109 2051.331255 1 C 
 11  58 1 40 2 1 LN 0 97 +37 111 +37 0 1 1.665241 0 0 2052.349299 2052.850270 2053.351245 2053.551634 2055.555530 2057.220771 1 C 
 11  59 1 41 2 1 LN 0 160 +54 136 +54 0 1 2.488535 0 0 2058.244090 2058.745065 2059.246037 2059.446428 2061.450321 2063.938856 1 C 
 11  60 1 42 1 1 NN 0 130 -35 130 -35 1 0 0.958393 0 0 2064.957140 2065.458113 2065.959086 2066.159475 2068.163372 2069.121765 1 E 
 11  61 1 43 2 3 LH 1 73 -10 83 -70 0 0 1.114302 0 0 2070.133868 2070.634843 2071.135816 2071.336206 2073.340102 2074.454404 1 E 
 11  62 1 44 1 2 NL 0 145 +3 145 +23 1 0 1.592933 0 0 2075.477590 2075.978564 2076.479539 2076.679927 2078.683822 2080.276756 1 E 
 11  63 1 45 1 2 NL 0 79 +33 79 +13 0 1 1.028711 0 0 2081.288886 2081.789860 2082.290837 2082.491223 2084.495119 2085.523829 1 C 
 11  64 1 46 3 2 HL 1 93 +33 120 +53 1 1 1.353536 0 0 2086.549112 2087.050086 2087.551062 2087.751451 2089.755344 2091.108880 1 C 
 11  65 1 47 1 1 NN 0 76 +42 76 +42 1 0 1.329786 0 0 2092.126622 2092.627595 2093.128568 2093.328957 2095.332853 2096.662640 1 E 
 11  66 1 48 2 1 LN 0 169 +29 194 +29 0 1 1.464759 0 0 2097.687430 2098.188408 2098.689381 2098.889767 2100.893662 2102.358421 1 C 
 11  67 1 49 3 3 HH 1 168 +15 117 -45 1 1 1.353775 0 0 2103.381834 2103.882811 2104.383781 2104.584171 2106.588065 2107.941840 1 C 
 11  68 1 50 1 3 NH 0 110 +24 110 -36 0 1 1.665324 0 0 2108.959342 2109.460319 2109.961290 2110.161679 2112.165576 2113.830900 1 C 
 11  69 1 51 3 3 HH 1 82 -68 106 -8 1 1 1.289194 0 0 2114.854135 2115.355108 2115.856082 2116.056471 2118.060367 2119.349560 1 C 
 11  70 1 52 3 1 HN 0 123 -69 86 -69 1 0 1.236535 0 0 2120.364847 2120.865820 2121.366795 2121.567184 2123.571080 2124.807615 1 E 
 11  71 1 53 1 1 NN 0 87 +25 87 +25 0 1 0.780220 0 0 2125.825463 2126.326436 2126.827409 2127.027799 2129.031700 2129.811920 1 C 
 11  72 1 54 3 2 HL 1 103 -6 133 -26 1 1 1.103068 0 0 2130.835202 2131.336175 2131.837148 2132.037537 2134.041432 2135.144500 1 C 
 11  73 1 55 3 2 HL 1 128 +46 89 +26 0 0 1.275544 0 0 2136.162224 2136.663195 2137.164172 2137.364559 2139.368453 2140.643997 1 E 
 11  74 1 56 3 1 HN 0 111 +19 144 +19 0 1 0.711506 0 0 2141.656234 2142.157210 2142.658182 2142.858573 2144.862467 2145.573973 1 C 
 11  75 1 57 2 3 LH 1 97 +24 111 -36 1 1 1.306543 0 0 2146.599179 2147.100152 2147.601125 2147.801514 2149.805410 2151.111953 1 C 
 11  76 1 58 1 2 NL 0 70 -51 70 -31 0 1 1.075267 0 0 2152.126593 2152.627563 2153.128536 2153.328926 2155.332821 2156.408088 1 C 
 11  77 1 59 3 3 HH 1 171 -68 222 -8 1 1 1.060269 0 0 2157.420214 2157.921185 2158.422160 2158.622549 2160.626445 2161.686713 1 C 
 11  78 1 60 1 2 NL 0 71 +17 71 +37 1 0 1.466120 0 0 2162.697138 2163.198111 2163.699085 2163.899475 2165.903369 2167.369489 1 E 
 11  79 2  1 2 2 LL 1 100 -56 85 -36 0 0 1.498325 0 0 2206.164968 2206.665945 2207.166916 2207.367305 2209.371201 2210.869526 1 E 
 11  80 2  2 3 1 HN 0 108 -52 140 -52 0 1 1.069627 0 0 2211.892771 2212.393743 2212.894716 2213.095110 2215.099002 2216.168629 1 C 
 11  81 2  3 3 1 HN 0 99 +53 69 +53 0 1 0.702354 0 0 2217.186393 2217.687367 2218.188340 2218.388730 2220.392625 2221.094979 1 C 
 11  82 2  4 3 1 HN 0 156 -37 109 -37 0 1 0.641085 0 0 2222.112636 2222.613607 2223.114586 2223.314972 2225.318868 2225.959953 1 C 
 11  83 2  5 2 3 LH 1 108 +69 124 +9 1 1 0.808101 0 0 2226.972082 2227.473056 2227.974030 2228.174430 2230.178314 2230.986415 1 C 
 11  84 2  6 1 3 NH 0 84 +1 84 +61 0 1 1.219642 0 0 2231.998521 2232.499493 2233.000468 2233.200857 2235.204752 2236.424394 1 C 
 11  85 2  7 3 1 HN 0 118 +56 153 +56 0 1 0.944067 0 0 2237.442436 2237.943409 2238.444382 2238.644771 2240.648668 2241.592734 1 C 
 11  86 2  8 2 2 LL 1 154 -31 130 -51 1 1 0.713405 0 0 2242.619165 2243.120140 2243.621113 2243.821502 2245.825397 2246.538802 1 C 
 11  87 2  9 1 2 NL 0 77 -67 77 -87 0 1 1.161503 0 0 2247.562108 2248.063080 2248.564055 2248.764444 2250.768345 2251.929848 1 C 
 11  88 2 10 2 3 LH 1 168 -86 142 -26 0 0 1.973311 0 0 2252.955927 2253.456898 2253.957873 2254.158263 2256.162159 2258.135470 1 E 
 11  89 2 11 1 2 NL 0 95 -76 95 -56 0 1 0.774618 0 0 2259.151301 2259.652278 2260.153250 2260.353640 2262.357535 2263.132153 1 C 
 11  90 2 12 1 1 NN 0 121 +61 121 +61 0 1 0.868607 0 0 2264.144342 2264.645315 2265.146290 2265.346679 2267.350574 2268.219181 1 C 
 11  91 2 13 1 3 NH 0 113 -13 113 -73 0 1 0.750143 0 0 2269.237577 2269.738549 2270.239524 2270.439913 2272.443809 2273.193951 1 C 
 11  92 2 14 3 3 HH 1 168 -62 117 -2 1 1 0.718040 0 0 2274.213917 2274.714890 2275.215863 2275.416253 2277.420148 2278.138188 1 C 
 11  93 2 15 2 1 LN 0 142 +82 163 +82 1 0 0.734424 0 0 2279.156859 2279.657832 2280.158806 2280.359195 2282.363091 2283.097514 1 E 
 11  94 2 16 1 1 NN 0 90 -30 90 -30 1 0 0.975113 0 0 2284.116501 2284.617475 2285.118450 2285.318836 2287.322732 2288.297845 1 E 
 11  95 2 17 1 1 NN 0 168 +28 168 +28 0 1 0.790518 0 0 2289.309929 2289.810904 2290.311876 2290.512265 2292.516158 2293.306676 1 C 
 11  96 2 18 3 2 HL 1 140 +74 98 +54 1 1 0.902643 0 0 2294.319668 2294.820642 2295.321615 2295.522004 2297.525899 2298.428542 1 C 
 11  97 2 19 3 2 HL 1 65 -47 45 -27 1 1 1.069711 0 0 2299.446300 2299.947272 2300.448247 2300.648636 2302.652532 2303.722243 1 C 
 11  98 2 20 3 3 HH 1 152 +8 197 +68 1 1 0.867281 0 0 2304.739923 2305.240901 2305.741870 2305.942260 2307.946155 2308.813436 1 C 
 11  99 2 21 1 1 NN 0 85 -86 85 -86 0 1 1.533705 0 0 2309.833157 2310.334130 2310.835105 2311.035494 2313.039388 2314.573094 1 C 
 11 100 2 22 3 2 HL 1 164 -59 213 -79 1 1 0.874880 0 0 2315.594356 2316.095332 2316.596304 2316.796693 2318.800589 2319.675469 1 C 
 11 101 2 23 3 1 HN 0 64 +77 44 +77 1 0 0.807972 0 0 2320.687591 2321.188564 2321.689537 2321.889926 2323.893823 2324.701794 1 E 
 11 102 2 24 3 2 HL 1 86 +51 111 +31 1 1 1.189126 0 0 2325.714028 2326.215004 2326.715975 2326.916364 2328.920260 2330.109386 1 C 
 11 103 2 25 2 1 LN 0 57 +74 65 +74 0 1 0.963961 0 0 2331.124545 2331.625519 2332.126493 2332.326883 2334.330778 2335.294739 1 C 
 11 104 2 26 2 3 LH 1 166 +83 190 +23 1 1 0.874922 0 0 2336.317974 2336.818948 2337.319922 2337.520312 2339.524206 2340.399129 1 C 
 11 105 2 27 1 1 NN 0 88 -58 88 -58 0 1 0.852697 0 0 2341.411209 2341.912181 2342.413157 2342.613545 2344.617441 2345.470138 1 C 
 11 106 2 28 2 1 LN 0 91 -13 104 -13 0 1 0.829601 0 0 2346.487741 2346.988717 2347.489691 2347.690081 2349.693975 2350.523575 1 C 
 11 107 2 29 1 2 NL 0 122 +86 122 +66 1 0 0.761201 0 0 2351.547581 2352.048553 2352.549529 2352.749915 2354.753812 2355.515013 1 E 
 11 108 2 30 3 1 HN 0 117 +60 152 +60 0 1 0.969456 0 0 2356.540618 2357.041596 2357.542568 2357.742956 2359.746861 2360.716318 1 C 
 11 109 2 31 2 1 LN 0 143 -43 121 -43 0 1 0.719047 0 0 2361.734050 2362.235021 2362.735995 2362.936385 2364.940279 2365.659326 1 C 
 11 110 2 32 2 2 LL 1 128 -57 147 -37 0 0 0.672793 0 0 2366.676991 2367.177963 2367.678939 2367.879324 2369.883222 2370.556015 1 E 
 11 111 2 33 1 1 NN 0 71 -39 71 -39 0 1 0.646678 0 0 2371.569835 2372.070807 2372.571783 2372.772171 2374.776066 2375.422743 1 C 
 11 112 2 34 2 2 LL 1 174 +30 147 +10 1 1 0.663325 0 0 2376.445980 2376.946954 2377.447931 2377.648317 2379.652212 2380.315537 1 C 
 11 113 2 35 3 2 HL 1 96 +16 67 -4 1 1 0.763001 0 0 2381.338826 2381.839798 2382.340774 2382.541162 2384.545057 2385.308058 1 C 
 11 114 2 36 2 1 LN 0 158 -86 181 -86 0 1 0.778664 0 0 2386.331863 2386.832837 2387.333811 2387.534201 2389.538096 2390.316761 1 C 
 11 115 2 37 2 1 LN 0 126 +53 144 +53 0 1 0.810790 0 0 2391.341603 2391.842576 2392.343552 2392.543939 2394.547833 2395.358624 1 C 
 11 116 2 38 3 3 HH 1 102 -21 132 +39 1 1 0.713426 0 0 2396.384739 2396.885713 2397.386687 2397.587076 2399.590970 2400.304396 1 C 
 11 117 2 39 1 1 NN 0 110 +13 110 +13 0 1 0.763514 0 0 2401.327681 2401.828655 2402.329629 2402.530018 2404.533913 2405.297427 1 C 
 11 118 2 40 2 1 LN 0 148 +86 125 +86 0 1 0.858210 0 0 2406.320722 2406.821695 2407.322670 2407.523057 2409.526953 2410.385162 1 C 
 11 119 2 41 2 3 LH 1 55 +82 63 +22 1 1 0.644655 0 0 2411.397255 2411.898233 2412.399205 2412.599593 2414.603488 2415.248144 1 C 
 11 120 2 42 3 1 HN 0 54 -44 37 -44 0 1 0.757183 0 0 2416.273402 2416.774375 2417.275348 2417.475738 2419.479633 2420.236816 1 C 
 11 121 2 43 1 1 NN 0 135 -40 135 -40 0 1 0.585274 0 0 2421.249742 2421.750715 2422.251688 2422.452078 2424.455973 2425.041248 1 C 
 11 122 2 44 1 1 NN 0 79 -46 79 -46 0 1 0.478320 0 0 2426.059091 2426.560065 2427.061038 2427.261428 2429.265322 2429.743642 1 C 
 11 123 2 45 1 2 NL 0 152 -42 152 -62 1 0 0.921906 0 0 2430.768244 2431.269218 2431.770191 2431.970581 2433.974477 2434.896383 1 E 
 11 124 2 46 1 2 NL 0 77 -17 77 -37 0 1 1.075319 0 0 2435.911574 2436.412551 2436.913523 2437.113913 2439.117808 2440.193127 1 C 
 11 125 2 47 2 3 LH 1 155 +69 178 +9 1 1 0.707923 0 0 2441.205201 2441.706175 2442.207147 2442.407536 2444.411431 2445.119354 1 C 
 11 126 2 48 2 2 LL 1 153 -58 175 -38 1 1 1.269518 0 0 2446.131443 2446.632415 2447.133393 2447.333779 2449.337675 2450.607192 1 C 
 11 127 2 49 1 1 NN 0 84 +40 84 +40 0 1 0.606169 0 0 2451.625457 2452.126429 2452.627403 2452.827792 2454.831688 2455.437857 1 C 
 11 128 2 50 2 3 LH 1 81 -17 93 -77 1 1 1.045035 0 0 2456.451504 2456.952476 2457.453451 2457.653838 2459.657736 2460.702771 1 C 
 11 129 2 51 3 3 HH 1 179 +53 125 -7 1 1 0.652242 0 0 2461.728429 2462.229403 2462.730376 2462.930765 2464.934661 2465.586903 1 C 
 11 130 2 52 3 1 HN 0 169 +44 219 +44 0 1 0.589971 0 0 2466.604573 2467.105546 2467.606525 2467.806910 2469.810806 2470.400776 1 C 
 11 131 2 53 1 2 NL 0 161 -55 161 -35 1 0 1.058616 0 0 2471.413924 2471.914896 2472.415870 2472.616260 2474.620155 2475.678772 1 E 
 11 132 2 54 3 1 HN 0 164 -70 114 -70 0 1 0.649834 0 0 2476.690847 2477.191823 2477.692795 2477.893184 2479.897077 2480.546911 1 C 
 11 133 2 55 3 3 HH 1 96 +58 67 -2 1 1 0.701576 0 0 2481.566994 2482.067966 2482.568944 2482.769330 2484.773225 2485.474800 1 C 
 11 134 2 56 1 3 NH 0 70 +16 70 +76 1 0 0.751128 0 0 2486.493236 2486.994214 2487.495185 2487.695571 2489.699468 2490.450596 1 E 
 11 135 2 57 2 3 LH 1 80 +8 92 +68 0 0 0.844440 0 0 2491.469576 2491.970550 2492.471527 2492.671913 2494.675808 2495.520248 1 E 
 11 136 2 58 3 2 HL 1 112 +86 78 +66 1 1 1.019696 0 0 2496.546111 2497.047086 2497.548059 2497.748448 2499.752343 2500.772039 1 C 
 11 137 2 59 3 2 HL 1 157 +51 204 +71 0 0 1.069704 0 0 2501.789637 2502.290614 2502.791585 2502.991974 2504.995867 2506.065571 1 E 
 11 138 2 60 3 1 HN 0 90 -29 117 -29 1 0 0.863590 0 0 2507.083262 2507.584238 2508.085208 2508.285597 2510.289493 2511.153083 1 E 
 11 139 3  1 3 1 HN 0 146 +57 102 +57 0 1 0.949559 0 0 2559.017552 2559.518527 2560.019498 2560.219886 2562.223782 2563.173342 1 C 
 11 140 3  2 2 3 LH 1 100 +84 85 +24 0 0 0.891607 0 0 2564.194280 2564.695255 2565.196227 2565.396617 2567.400512 2568.292118 1 E 
 11 141 3  3 2 3 LH 1 151 +47 128 -13 0 0 0.563178 0 0 2569.304213 2569.805185 2570.306164 2570.506550 2572.510446 2573.073624 1 E 
 11 142 3  4 2 1 LN 0 102 +24 86 +24 0 1 0.762573 0 0 2574.096862 2574.597837 2575.098810 2575.299200 2577.303095 2578.065668 1 C 
 11 143 3  5 3 2 HL 1 71 -65 49 -85 1 1 0.618864 0 0 2579.089902 2579.590879 2580.091850 2580.292239 2582.296134 2582.914998 1 C 
 11 144 3  6 2 2 LL 1 69 -3 58 -23 1 1 0.930582 0 0 2583.932650 2584.433622 2584.934596 2585.134990 2587.138882 2588.069463 1 C 
 11 145 3  7 2 3 LH 1 63 +16 53 +76 1 1 0.763342 0 0 2589.092681 2589.593653 2590.094628 2590.295017 2592.298912 2593.062255 1 C 
 11 146 3  8 1 2 NL 0 113 +27 113 +7 1 0 0.632605 0 0 2594.085720 2594.586692 2595.087673 2595.288056 2597.291962 2597.924566 1 E 
 11 147 3  9 3 1 HN 0 156 +40 109 +40 1 0 1.198546 0 0 2598.945167 2599.446139 2599.947117 2600.147502 2602.151398 2603.349944 1 E 
 11 148 3 10 3 1 HN 0 133 -83 93 -83 0 1 0.808159 0 0 2604.372384 2604.873355 2605.374329 2605.574719 2607.578619 2608.386778 1 C 
 11 149 3 11 3 3 HH 1 128 +83 89 +23 1 1 0.696845 0 0 2609.398819 2609.899793 2610.400768 2610.601157 2612.605053 2613.301897 1 C 
 11 150 3 12 2 2 LL 1 171 +5 196 -15 1 1 0.985161 0 0 2614.325064 2614.826038 2615.327010 2615.527400 2617.531294 2618.516455 1 C 
 11 151 3 13 3 1 HN 0 97 +14 67 +14 0 1 1.087782 0 0 2619.535191 2620.036164 2620.537139 2620.737528 2622.741433 2623.829216 1 C 
 11 152 3 14 1 1 NN 0 166 -65 166 -65 0 1 0.802345 0 0 2624.845515 2625.346487 2625.847461 2626.047851 2628.051746 2628.854091 1 C 
 11 153 3 15 3 2 HL 1 172 +48 120 +68 0 0 1.136473 0 0 2629.871951 2630.372926 2630.873899 2631.074289 2633.078184 2634.214657 1 E 
 11 154 3 16 2 2 LL 1 155 -58 131 -78 1 1 0.816458 0 0 2635.232374 2635.733345 2636.234319 2636.434709 2638.438604 2639.255062 1 C 
 11 155 3 17 2 2 LL 1 66 +48 75 +68 1 1 0.796926 0 0 2640.275506 2640.776481 2641.277456 2641.477845 2643.481743 2644.278669 1 C 
 11 156 3 18 3 2 HL 1 168 -36 117 -56 1 1 0.744553 0 0 2645.301947 2645.802923 2646.303894 2646.504283 2648.508179 2649.252732 1 C 
 11 157 3 19 3 2 HL 1 92 -69 64 -49 1 1 0.683660 0 0 2650.278287 2650.779262 2651.280234 2651.480623 2653.484522 2654.168182 1 C 
 11 158 3 20 2 3 LH 1 139 +74 118 +14 1 1 0.718996 0 0 2655.187830 2655.688803 2656.189777 2656.390167 2658.394062 2659.113058 1 C 
 11 159 3 21 2 1 LN 0 179 -67 205 -67 0 1 0.763603 0 0 2660.130772 2660.631746 2661.132721 2661.333108 2663.337005 2664.100608 1 C 
 11 160 3 22 2 3 LH 1 101 +47 85 -13 1 1 0.507444 0 0 2665.123813 2665.624785 2666.125762 2666.326148 2668.330044 2668.837488 1 C 
 11 161 3 23 2 3 LH 1 178 -26 151 +34 1 1 0.808116 0 0 2669.849664 2670.350637 2670.851613 2671.052001 2673.055896 2673.864013 1 C 
 11 162 3 24 1 2 NL 0 145 +13 145 +33 0 1 1.318865 0 0 2674.876103 2675.377075 2675.878049 2676.078439 2678.082335 2679.401199 1 C 
 11 163 3 25 2 3 LH 1 147 -85 124 -25 1 1 1.247862 0 0 2680.420214 2680.921186 2681.422160 2681.622550 2683.626447 2684.874309 1 C 
 11 164 3 26 1 2 NL 0 67 +7 67 +27 1 0 0.969507 0 0 2685.897526 2686.398501 2686.899475 2687.099863 2689.103759 2690.073267 1 E 
 11 165 3 27 1 1 NN 0 159 +3 159 +3 0 1 1.069649 0 0 2691.090956 2691.591927 2692.092901 2692.293293 2694.297189 2695.366838 1 C 
 11 166 3 28 1 3 NH 0 155 -61 155 -1 0 1 0.739628 0 0 2696.384580 2696.885553 2697.386530 2697.586916 2699.590812 2700.330440 1 C 
 11 167 3 29 2 2 LL 1 167 +5 192 -15 1 1 0.899705 0 0 2701.344222 2701.845194 2702.346168 2702.546558 2704.550451 2705.450155 1 C 
 11 168 3 30 1 3 NH 0 119 +55 119 -5 1 0 1.114299 0 0 2706.470852 2706.971827 2707.472801 2707.673190 2709.677085 2710.791384 1 E 
 11 169 3 31 3 3 HH 1 114 -27 79 -87 1 1 0.507454 0 0 2711.814574 2712.315553 2712.816522 2713.016911 2715.020807 2715.528261 1 C 
 11 170 3 32 3 1 HN 0 109 -12 76 -12 0 1 1.078229 0 0 2716.540428 2717.041400 2717.542375 2717.742764 2719.746660 2720.824889 1 C 
 11 171 3 33 2 2 LL 1 144 +67 165 +87 1 1 1.095380 0 0 2721.850751 2722.351723 2722.852698 2723.053087 2725.056983 2726.152363 1 C 
 11 172 3 34 1 1 NN 0 118 +41 118 +41 0 1 0.827164 0 0 2727.177772 2727.678748 2728.179720 2728.380109 2730.384004 2731.211168 1 C 
 11 173 3 35 2 3 LH 1 71 -32 60 +28 1 1 0.774666 0 0 2732.237609 2732.738581 2733.239555 2733.439945 2735.443846 2736.218513 1 C 
 11 174 3 36 3 2 HL 1 91 -3 118 -23 1 1 0.646717 0 0 2737.230647 2737.731621 2738.232595 2738.432984 2740.436880 2741.083597 1 C 
 11 175 3 37 1 2 NL 0 163 +36 163 +56 1 0 0.630017 0 0 2742.106793 2742.607773 2743.108743 2743.309130 2745.313025 2745.943042 1 E 
 11 176 3 38 3 3 HH 1 95 -32 66 +28 1 1 0.573360 0 0 2746.966240 2747.467216 2747.968186 2748.168577 2750.172471 2750.745831 1 C 
 11 177 3 39 1 3 NH 0 172 +86 172 +26 0 1 1.557107 0 0 2751.758890 2752.259863 2752.760839 2752.961226 2754.965122 2756.522229 1 C 
 11 178 3 40 1 3 NH 0 110 -73 110 -13 1 0 0.880472 0 0 2757.536785 2758.037760 2758.538735 2758.739124 2760.743020 2761.623492 1 E 
 11 179 3 41 1 2 NL 0 89 -16 89 -36 0 1 0.524269 0 0 2762.646723 2763.147697 2763.648669 2763.849057 2765.852953 2766.377222 1 C 
 11 180 3 42 2 2 LL 1 138 +43 158 +63 0 0 1.236681 0 0 2767.389274 2767.890247 2768.391224 2768.591610 2770.595506 2771.832187 1 E 
 11 181 3 43 1 3 NH 0 57 -86 57 -26 0 1 0.802310 0 0 2772.849888 2773.350865 2773.851836 2774.052226 2776.056120 2776.858430 1 C 
 11 182 3 44 1 1 NN 0 153 +89 153 +89 0 1 0.545704 0 0 2777.876329 2778.377302 2778.878273 2779.078662 2781.082559 2781.628263 1 C 
 11 183 3 45 3 2 HL 1 124 -1 161 +19 1 1 0.761628 0 0 2782.652279 2783.153251 2783.654223 2783.854614 2785.858508 2786.620137 1 C 
 11 184 3 46 2 2 LL 1 173 +67 147 +47 1 1 0.774577 0 0 2787.645315 2788.146289 2788.647263 2788.847653 2790.851548 2791.626126 1 C 
 11 185 3 47 1 2 NL 0 145 +32 145 +12 1 0 0.724631 0 0 2792.638356 2793.139329 2793.640303 2793.840692 2795.844588 2796.569219 1 E 
 11 186 3 48 3 1 HN 0 165 +14 115 +14 0 1 0.549979 0 0 2797.581297 2798.082278 2798.583245 2798.783634 2800.787529 2801.337508 1 C 
 11 187 3 49 1 1 NN 0 171 -66 171 -66 0 1 0.529774 0 0 2802.357252 2802.858221 2803.359196 2803.559585 2805.563480 2806.093254 1 C 
 11 188 3 50 1 3 NH 0 151 +33 151 -27 1 0 0.713344 0 0 2807.116500 2807.617473 2808.118449 2808.318837 2810.322732 2811.036076 1 E 
 11 189 3 51 1 1 NN 0 78 +11 78 +11 0 1 0.600738 0 0 2812.059441 2812.560415 2813.061389 2813.261779 2815.265673 2815.866412 1 C 
 11 190 3 52 2 1 LN 0 139 +87 159 +87 0 1 0.687894 0 0 2816.885490 2817.386466 2817.887438 2818.087827 2820.091720 2820.779614 1 C 
 11 191 3 53 3 2 HL 1 101 +51 70 +31 0 0 0.546454 0 0 2821.795033 2822.296012 2822.796979 2822.997371 2825.001266 2825.547720 1 E 
 11 192 3 54 3 3 HH 1 119 -4 154 +56 1 1 0.585122 0 0 2826.570985 2827.071960 2827.572932 2827.773320 2829.777217 2830.362338 1 C 
 11 193 3 55 3 3 HH 1 80 -46 104 +14 1 1 0.563192 0 0 2831.380333 2831.881305 2832.382279 2832.582670 2834.586565 2835.149757 1 C 
 11 194 3 56 3 3 HH 1 92 +33 119 -27 1 1 0.696669 0 0 2836.172983 2836.673956 2837.174930 2837.375320 2839.379214 2840.075883 1 C 
 11 195 3 57 2 2 LL 1 102 -29 86 -9 0 0 0.732533 0 0 2841.099227 2841.600199 2842.101173 2842.301563 2844.305459 2845.037991 1 E 
 11 196 3 58 3 1 HN 0 146 +70 189 +70 1 0 0.668920 0 0 2846.058868 2846.559843 2847.060815 2847.261204 2849.265098 2849.934018 1 E 
 11 197 3 59 3 2 HL 1 147 +80 191 +60 1 1 0.863741 0 0 2850.951710 2851.452687 2851.953659 2852.154048 2854.157944 2855.021685 1 C 
 11 198 3 60 3 3 HH 1 117 -28 152 +32 1 1 0.795781 0 0 2856.044946 2856.545919 2857.046893 2857.247287 2859.251178 2860.046959 1 C 
 11 199 4  1 1 2 NL 0 164 +11 164 +31 0 1 17.739805 0 0 2898.110050 2898.611023 2899.111997 2899.312387 2901.316281 2919.056086 1 C 
 11 200 4  2 3 3 HH 1 171 +11 119 +71 1 1 0.628899 0 0 2920.069404 2920.570381 2921.071351 2921.271740 2923.275636 2923.904535 1 C 
 11 201 4  3 3 2 HL 1 165 +46 214 +26 1 1 0.743989 0 0 2924.928851 2925.429823 2925.930797 2926.131187 2928.135083 2928.879072 1 C 
 11 202 4  4 3 3 HH 1 167 -51 217 +9 1 1 0.663310 0 0 2929.905191 2930.406166 2930.907139 2931.107527 2933.111423 2933.774733 1 C 
 11 203 4  5 3 3 HH 1 137 -20 95 -80 1 1 0.457332 0 0 2934.798034 2935.299008 2935.799982 2936.000372 2938.004270 2938.461602 1 C 
 11 204 4  6 2 1 LN 0 134 -27 113 -27 0 1 0.841653 0 0 2939.473789 2939.974764 2940.475738 2940.676128 2942.680023 2943.521677 1 C 
 11 205 4  7 3 3 HH 1 142 +65 184 +5 1 1 0.563255 0 0 2944.533626 2945.034600 2945.535576 2945.735964 2947.739859 2948.303114 1 C 
 11 206 4  8 2 2 LL 1 86 -45 73 -25 1 1 0.730047 0 0 2949.326277 2949.827253 2950.328223 2950.528614 2952.532508 2953.262555 1 C 
 11 207 4  9 3 2 HL 1 84 +73 58 +53 1 1 1.278071 0 0 2954.285918 2954.786891 2955.287865 2955.488255 2957.492149 2958.770221 1 C 
 11 208 4 10 2 2 LL 1 73 +14 62 +34 1 1 1.027822 0 0 2959.796631 2960.297604 2960.798577 2960.998966 2963.002862 2964.030684 1 C 
 11 209 4 11 3 2 HL 1 76 -71 53 -51 0 0 0.986304 0 0 2965.056854 2965.557831 2966.058803 2966.259192 2968.263088 2969.249391 1 E 
 11 210 4 12 3 3 HH 1 137 -82 178 -22 1 1 0.913697 0 0 2970.266982 2970.767955 2971.268932 2971.469321 2973.473216 2974.386913 1 C 
 11 211 4 13 2 1 LN 0 55 +22 63 +22 0 1 0.890728 0 0 2975.410316 2975.911288 2976.412262 2976.612651 2978.616555 2979.507283 1 C 
 11 212 4 14 1 3 NH 0 145 -30 145 -90 1 0 0.741178 0 0 2980.520249 2981.021223 2981.522199 2981.722584 2983.726481 2984.467659 1 E 
 11 213 4 15 2 2 LL 1 70 +64 59 +84 0 0 0.819051 0 0 2985.479889 2985.980863 2986.481836 2986.682225 2988.686122 2989.505173 1 E 
 11 214 4 16 2 2 LL 1 118 -44 100 -24 1 1 0.641060 0 0 2990.523026 2991.024004 2991.524973 2991.725363 2993.729259 2994.370318 1 C 
 11 215 4 17 2 2 LL 1 100 -45 85 -65 1 1 0.663371 0 0 2995.382473 2995.883446 2996.384420 2996.584809 2998.588703 2999.252074 1 C 
 11 216 4 18 2 1 LN 0 179 -24 205 -24 0 1 0.711127 0 0 3000.275316 3000.776290 3001.277266 3001.477654 3003.481550 3004.192677 1 C 
 11 217 4 19 2 1 LN 0 59 -55 50 -55 0 1 0.663325 0 0 3005.218259 3005.719233 3006.220206 3006.420598 3008.424497 3009.087823 1 C 
 11 218 4 20 1 1 NN 0 87 +67 87 +67 0 1 0.735749 0 0 3010.111105 3010.612077 3011.113050 3011.313441 3013.317335 3014.053085 1 C 
 11 219 4 21 2 3 LH 1 139 +77 118 +17 1 1 0.635611 0 0 3015.070746 3015.571718 3016.072692 3016.273082 3018.276975 3018.912586 1 C 
 11 220 4 22 3 1 HN 0 140 -80 98 -80 0 1 0.624317 0 0 3019.930190 3020.431165 3020.932138 3021.132528 3023.136423 3023.760741 1 C 
 11 221 4 23 2 1 LN 0 64 +60 73 +60 0 1 0.745452 0 0 3024.772939 3025.273911 3025.774886 3025.975275 3027.979168 3028.724620 1 C 
 11 222 4 24 3 3 HH 1 101 +72 131 +12 1 1 0.679939 0 0 3029.749278 3030.250251 3030.751225 3030.951616 3032.955511 3033.635450 1 C 
 11 223 4 25 2 2 LL 1 127 +12 107 -8 0 0 1.432295 0 0 3034.658823 3035.159796 3035.660771 3035.861159 3037.865055 3039.297349 1 E 
 11 224 4 26 2 3 LH 1 103 -61 87 -1 1 1 0.668885 0 0 3040.319828 3040.820803 3041.321777 3041.522163 3043.526058 3044.194943 1 C 
 11 225 4 27 3 3 HH 1 122 +72 85 +12 1 1 0.866347 0 0 3045.212672 3045.713645 3046.214618 3046.415008 3048.418903 3049.285250 1 C 
 11 226 4 28 3 2 HL 1 91 +37 63 +57 1 1 1.001504 0 0 3050.305906 3050.806879 3051.307853 3051.508242 3053.512138 3054.513642 1 C 
 11 227 4 29 2 2 LL 1 64 -40 54 -60 1 1 0.769117 0 0 3055.532733 3056.033706 3056.534680 3056.735069 3058.738965 3059.508082 1 C 
 11 228 4 30 3 3 HH 1 88 +38 61 -22 1 1 0.733657 0 0 3060.525772 3061.026749 3061.527720 3061.728109 3063.732005 3064.465661 1 C 
 11 229 4 31 3 2 HL 1 147 +77 102 +57 0 0 1.330161 0 0 3065.485414 3065.986387 3066.487364 3066.687754 3068.691646 3070.021806 1 E 
 11 230 4 32 3 2 HL 1 72 -54 50 -34 0 0 1.287740 0 0 3071.046224 3071.547203 3072.048171 3072.248559 3074.252455 3075.540195 1 E 
 11 231 4 33 1 3 NH 0 157 -41 157 +19 1 0 0.641099 0 0 3076.556936 3077.057909 3077.558882 3077.759272 3079.763167 3080.404266 1 E 
 11 232 4 34 2 3 LH 1 174 +12 200 +72 1 1 0.663358 0 0 3081.416383 3081.917358 3082.418329 3082.618718 3084.622614 3085.285972 1 C 
 11 233 4 35 3 1 HN 0 166 -41 215 -41 0 1 0.663084 0 0 3086.309228 3086.810199 3087.311177 3087.511563 3089.515459 3090.178543 1 C 
 11 234 4 36 3 1 HN 0 111 -30 144 -30 0 1 0.474135 0 0 3091.202070 3091.703046 3092.204018 3092.404408 3094.408303 3094.882437 1 C 
 11 235 4 37 2 3 LH 1 88 -26 74 -86 1 1 1.047523 0 0 3095.894527 3096.395499 3096.896474 3097.096862 3099.100758 3100.148281 1 C 
 11 236 4 38 2 3 LH 1 141 -48 119 +12 1 1 0.507536 0 0 3101.171451 3101.672427 3102.173398 3102.373787 3104.377683 3104.885219 1 C 
 11 237 4 39 2 2 LL 1 81 +12 68 -8 1 1 0.691395 0 0 3105.897304 3106.398278 3106.899251 3107.099641 3109.103536 3109.794931 1 C 
 11 238 4 40 3 2 HL 1 161 -84 112 -64 1 1 0.840823 0 0 3110.806849 3111.307820 3111.808796 3112.009184 3114.013080 3114.853903 1 C 
 11 239 4 41 2 3 LH 1 61 -58 51 +2 1 1 0.422612 0 0 3115.866683 3116.367657 3116.868631 3117.069020 3119.072915 3119.495528 1 C 
 11 240 4 42 1 2 NL 0 62 +18 62 -2 1 0 0.561786 0 0 3120.509042 3121.010019 3121.510988 3121.711378 3123.715273 3124.277059 1 E 
 11 241 4 43 1 3 NH 0 139 +45 139 -15 1 0 0.841499 0 0 3125.301692 3125.802667 3126.303638 3126.504027 3128.507921 3129.349420 1 E 
 11 242 4 44 2 3 LH 1 146 -15 124 -75 0 0 1.125439 0 0 3130.361526 3130.862504 3131.363474 3131.563864 3133.567759 3134.693197 1 E 
 11 243 4 45 3 3 HH 1 155 -24 201 -84 1 1 1.064154 0 0 3135.705248 3136.206224 3136.707195 3136.907584 3138.911482 3139.975635 1 C 
 11 244 4 46 2 3 LH 1 140 -40 161 +20 1 1 1.451668 0 0 3140.998872 3141.499846 3142.000821 3142.201208 3144.205104 3145.656772 1 C 
 11 245 4 47 2 2 LL 1 145 +71 166 +51 0 0 0.841551 0 0 3146.676576 3147.177548 3147.678523 3147.878912 3149.882807 3150.724359 1 E 
 11 246 4 48 2 2 LL 1 116 -81 98 -61 0 0 0.791490 0 0 3151.736411 3152.237388 3152.738358 3152.938748 3154.942644 3155.734134 1 E 
 11 247 4 49 2 2 LL 1 66 -23 56 -43 0 0 0.680044 0 0 3156.746149 3157.247127 3157.748097 3157.948487 3159.952386 3160.632430 1 E 
 11 248 4 50 3 1 HN 0 69 -9 89 -9 0 1 0.585414 0 0 3161.655694 3162.156669 3162.657641 3162.858030 3164.861925 3165.447339 1 C 
 11 249 4 51 3 2 HL 1 108 +23 75 +43 1 1 0.641158 0 0 3166.465042 3166.966015 3167.466990 3167.667379 3169.671275 3170.312432 1 C 
 11 250 4 52 1 1 NN 0 88 +26 88 +26 0 1 0.774036 0 0 3171.324489 3171.825462 3172.326435 3172.526824 3174.530721 3175.304757 1 C 
 11 251 4 53 2 3 LH 1 100 -28 85 +32 1 1 0.662247 0 0 3176.317532 3176.818502 3177.319475 3177.519865 3179.523760 3180.186007 1 C 
 11 252 4 54 1 1 NN 0 73 -78 73 -78 0 1 0.710062 0 0 3181.210373 3181.711346 3182.212320 3182.412709 3184.416605 3185.126667 1 C 
 11 253 4 55 1 1 NN 0 163 -29 163 -29 0 1 0.634709 0 0 3186.153314 3186.654288 3187.155262 3187.355651 3189.359546 3189.994255 1 C 
 11 254 4 56 2 2 LL 1 112 +15 95 -5 1 1 1.164104 0 0 3191.012763 3191.513734 3192.014708 3192.215097 3194.218993 3195.383097 1 C 
 11 255 4 57 1 1 NN 0 170 -38 170 -38 0 1 0.585166 0 0 3196.406580 3196.907555 3197.408527 3197.608918 3199.612812 3200.197978 1 C 
 11 256 4 58 1 3 NH 0 163 +66 163 +6 1 0 0.624407 0 0 3201.215929 3201.716901 3202.217876 3202.418265 3204.422163 3205.046570 1 E 
 11 257 4 59 2 2 LL 1 105 -41 89 -61 1 1 0.805810 0 0 3206.058676 3206.559647 3207.060623 3207.261013 3209.264908 3210.070717 1 C 
 11 258 4 60 1 1 NN 0 172 +54 172 +54 0 1 0.596614 0 0 3211.085114 3211.586087 3212.087064 3212.287450 3214.291345 3214.887959 1 C 
 11 259 5  1 3 2 HL 1 109 +57 76 +37 1 1 1.210668 0 0 3237.302746 3237.803717 3238.304692 3238.505082 3240.508977 3241.719645 1 C 
 11 260 5  2 3 3 HH 1 147 -86 191 -26 1 1 0.696069 0 0 3242.746660 3243.247634 3243.748607 3243.948997 3245.952893 3246.648962 1 C 
 11 261 5  3 3 2 HL 1 144 +14 100 +34 1 1 0.696679 0 0 3247.672904 3248.173880 3248.674854 3248.875248 3250.879134 3251.575812 1 C 
 11 262 5  4 1 2 NL 0 65 -52 65 -32 1 0 0.655546 0 0 3252.599145 3253.100119 3253.601094 3253.801483 3255.805378 3256.460924 1 E 
 11 263 5  5 1 2 NL 0 110 +17 110 +37 1 0 0.641145 0 0 3257.475292 3257.976267 3258.477239 3258.677629 3260.681523 3261.322668 1 E 
 11 264 5  6 3 3 HH 1 137 -17 178 +43 1 1 0.596732 0 0 3262.334737 3262.835715 3263.336689 3263.537075 3265.540970 3266.137702 1 C 
 11 265 5  7 1 1 NN 0 102 +46 102 +46 0 1 0.634426 0 0 3267.160786 3267.661760 3268.162734 3268.363123 3270.367018 3271.001443 1 C 
 11 266 5  8 2 1 LN 0 172 +60 197 +60 0 1 0.640288 0 0 3272.020233 3272.521208 3273.022181 3273.222569 3275.226463 3275.866751 1 C 
 11 267 5  9 2 3 LH 1 83 -1 95 +59 1 1 0.499424 0 0 3276.879678 3277.380652 3277.881626 3278.082016 3280.085921 3280.585346 1 C 
 11 268 5 10 2 1 LN 0 125 -69 106 -69 0 1 0.657765 0 0 3281.605533 3282.106506 3282.607480 3282.807874 3284.811764 3285.469529 1 C 
 11 269 5 11 1 3 NH 0 135 +82 135 +22 1 0 0.515779 0 0 3286.481678 3286.982650 3287.483629 3287.684014 3289.687910 3290.203689 1 E 
 11 270 5 12 3 3 HH 1 77 -8 100 +52 1 1 0.524148 0 0 3291.224232 3291.725204 3292.226180 3292.426566 3294.430462 3294.954610 1 C 
 11 271 5 13 3 3 HH 1 111 +21 77 +81 1 1 0.440729 0 0 3295.966784 3296.467755 3296.968730 3297.169119 3299.173015 3299.613744 1 C 
 11 272 5 14 1 3 NH 0 147 -47 147 +13 1 0 0.512926 0 0 3300.625839 3301.126813 3301.627787 3301.828176 3303.832072 3304.344999 1 E 
 11 273 5 15 2 3 LH 1 174 -27 147 +33 1 1 0.490880 0 0 3305.368393 3305.869365 3306.370342 3306.570729 3308.574634 3309.065514 1 C 
 11 274 5 16 2 3 LH 1 96 -23 110 +37 1 1 0.535224 0 0 3310.077545 3310.578521 3311.079493 3311.279883 3313.283778 3313.819002 1 C 
 11 275 5 17 2 1 LN 0 74 +4 85 +4 0 1 0.835961 0 0 3314.836796 3315.337771 3315.838746 3316.039133 3318.043030 3318.878991 1 C 
 11 276 5 18 2 3 LH 1 80 -26 68 +34 1 1 0.479699 0 0 3319.896634 3320.397606 3320.898580 3321.098968 3323.102869 3323.582568 1 C 
 11 277 5 19 2 1 LN 0 69 -37 79 -37 0 1 0.646624 0 0 3324.605786 3325.106761 3325.607735 3325.808125 3327.812019 3328.458643 1 C 
 11 278 5 20 1 3 NH 0 138 -17 138 -77 1 0 0.522597 0 0 3329.481934 3329.982906 3330.483881 3330.684270 3332.688175 3333.210773 1 E 
 11 279 5 21 2 1 LN 0 66 -72 56 -72 0 1 0.485206 0 0 3334.224485 3334.725463 3335.226433 3335.426823 3337.430717 3337.915923 1 C 
 11 280 5 22 2 3 LH 1 80 +17 68 +77 1 1 0.643827 0 0 3338.933641 3339.434613 3339.935587 3340.135980 3342.139869 3342.783696 1 C 
 11 281 5 23 2 1 LN 0 166 +85 141 +85 0 1 0.690870 0 0 3343.809784 3344.310763 3344.811733 3345.012120 3347.016017 3347.706887 1 C 
 11 282 5 24 3 2 HL 1 108 +35 140 +55 1 1 0.905916 0 0 3348.719330 3349.220305 3349.721278 3349.921666 3351.925561 3352.831477 1 C 
 11 283 5 25 2 3 LH 1 132 -26 112 -86 0 0 0.735722 0 0 3353.845962 3354.346935 3354.847908 3355.048298 3357.052194 3357.787916 1 E 
 11 284 5 26 3 2 HL 1 158 -15 110 -35 0 0 0.611282 0 0 3358.805602 3359.306579 3359.807550 3360.007939 3362.011835 3362.623116 1 E 
 11 285 5 27 3 2 HL 1 148 +18 103 +38 0 0 0.886051 0 0 3363.648350 3364.149326 3364.650297 3364.850686 3366.854579 3367.740631 1 E 
 11 286 5 28 1 3 NH 0 75 +50 75 -10 1 0 0.735689 0 0 3368.758284 3369.259257 3369.760231 3369.960620 3371.964515 3372.700203 1 E 
 11 287 5 29 3 2 HL 1 160 -8 112 -28 0 0 0.834244 0 0 3373.717925 3374.218900 3374.719872 3374.920261 3376.924156 3377.758400 1 E 
 11 288 5 30 3 1 HN 0 88 -15 114 -15 1 0 0.496339 0 0 3378.777760 3379.278733 3379.779707 3379.980097 3381.984001 3382.480340 1 E 
 11 289 5 31 3 2 HL 1 119 +47 83 +27 0 0 0.618117 0 0 3383.503613 3384.004589 3384.505561 3384.705950 3386.709845 3387.327962 1 E 
 11 290 5 32 2 1 LN 0 165 +74 140 +74 0 1 0.652079 0 0 3388.346360 3388.847337 3389.348308 3389.548697 3391.552593 3392.204672 1 C 
 11 291 5 33 1 2 NL 0 116 +20 116 +0 1 0 0.673109 0 0 3393.222504 3393.723480 3394.224453 3394.424843 3396.428738 3397.101847 1 E 
 11 292 5 34 2 1 LN 0 97 -25 111 -25 0 1 0.661177 0 0 3398.115350 3398.616324 3399.117298 3399.317687 3401.321583 3401.982760 1 C 
 11 293 5 35 1 3 NH 0 87 +72 87 +12 1 0 0.758198 0 0 3403.008194 3403.509169 3404.010142 3404.210532 3406.214427 3406.972625 1 E 
 11 294 5 36 2 2 LL 1 128 +69 108 +49 0 0 0.618799 0 0 3407.984536 3408.485509 3408.986483 3409.186872 3411.190768 3411.809567 1 E 
 11 295 5 37 2 3 LH 1 101 +66 85 +6 1 1 0.863703 0 0 3412.827283 3413.328260 3413.829230 3414.029619 3416.033515 3416.897218 1 C 
 11 296 5 38 1 1 NN 0 77 +89 77 +89 1 0 0.535250 0 0 3417.920517 3418.421492 3418.922464 3419.122854 3421.126748 3421.661998 1 E 
 11 297 5 39 2 1 LN 0 84 +68 96 +68 0 1 0.674476 0 0 3422.679768 3423.180741 3423.681716 3423.882105 3425.886003 3426.560479 1 C 
 11 298 5 40 3 1 HN 0 88 +1 61 +1 0 1 0.485136 0 0 3427.572614 3428.073588 3428.574560 3428.774950 3430.778845 3431.263981 1 C 
 11 299 5 41 2 3 LH 1 100 +78 85 +18 1 1 0.960092 0 0 3432.281767 3432.782745 3433.283714 3433.484104 3435.488004 3436.448096 1 C 
 11 300 5 42 1 3 NH 0 104 +85 104 +25 0 1 1.414834 0 0 3437.458497 3437.959471 3438.460445 3438.660834 3440.664729 3442.079563 1 C 
 11 301 5 43 3 3 HH 1 140 +6 98 -54 1 1 1.117973 0 0 3443.102803 3443.603776 3444.104750 3444.305139 3446.309033 3447.427007 1 C 
 11 302 5 44 2 2 LL 1 83 -23 70 -3 1 1 1.113164 0 0 3448.446524 3448.947496 3449.448474 3449.648860 3451.652756 3452.765919 1 C 
 11 303 5 45 3 2 HL 1 80 -40 56 -60 0 0 0.860554 0 0 3453.790245 3454.291221 3454.792192 3454.992581 3456.996478 3457.857032 1 E 
 11 304 5 46 1 3 NH 0 77 -16 77 -76 1 0 0.534021 0 0 3458.883480 3459.384452 3459.885426 3460.085815 3462.089710 3462.623731 1 E 
 11 305 5 47 2 1 LN 0 54 -16 45 -16 0 1 0.802525 0 0 3463.642728 3464.143707 3464.644677 3464.845067 3466.848962 3467.651487 1 C 
 11 306 5 48 3 3 HH 1 108 +63 75 +3 1 1 1.134799 0 0 3468.669168 3469.170141 3469.671115 3469.871505 3471.875399 3473.010198 1 C 
 11 307 5 49 3 2 HL 1 156 -40 109 -60 1 1 1.258846 0 0 3474.029589 3474.530565 3475.031539 3475.231924 3477.235820 3478.494667 1 C 
 11 308 5 50 1 2 NL 0 59 +25 59 +45 1 0 0.822427 0 0 3479.506902 3480.007877 3480.508850 3480.709239 3482.713132 3483.535559 1 E 
 11 309 5 51 2 3 LH 1 98 +76 83 +16 1 1 0.613282 0 0 3484.550040 3485.051014 3485.551986 3485.752376 3487.756273 3488.369554 1 C 
 11 310 5 52 3 3 HH 1 100 -11 130 +49 1 1 0.490821 0 0 3489.392786 3489.893759 3490.394734 3490.595123 3492.599018 3493.089839 1 C 
 11 311 5 53 3 2 HL 1 66 -66 85 -46 0 0 0.563267 0 0 3494.101941 3494.602914 3495.103888 3495.304277 3497.308172 3497.871439 1 E 
 11 312 5 54 2 3 LH 1 133 +87 152 +27 1 1 0.607700 0 0 3498.894589 3499.395565 3499.896539 3500.096926 3502.100821 3502.708521 1 C 
 11 313 5 55 2 3 LH 1 145 +13 123 -47 1 1 1.125364 0 0 3503.720638 3504.221612 3504.722585 3504.922975 3506.926870 3508.052234 1 C 
 11 314 5 56 3 3 HH 1 65 +20 45 +80 0 0 0.739447 0 0 3509.064360 3509.565337 3510.066307 3510.266696 3512.270592 3513.010038 1 E 
 11 315 5 57 2 3 LH 1 107 +12 123 +72 1 1 1.013127 0 0 3514.024000 3514.524974 3515.025948 3515.226337 3517.230233 3518.243359 1 C 
 11 316 5 58 1 1 NN 0 179 +76 179 +76 1 0 1.016008 0 0 3519.267527 3519.768500 3520.269473 3520.469864 3522.473758 3523.489766 1 E 
 11 317 5 59 3 3 HH 1 97 +49 67 -11 1 1 1.693080 0 0 3524.511052 3525.012026 3525.513000 3525.713390 3527.717284 3529.410364 1 C 
 11 318 5 60 3 1 HN 0 90 +81 117 +81 0 1 0.451999 0 0 3530.422544 3530.923518 3531.424492 3531.624883 3533.628776 3534.080774 1 C 
 11 319 6  1 3 1 HN 0 83 +22 58 +22 0 1 0.673083 0 0 3546.988092 3547.489051 3547.990031 3548.190416 3550.194311 3550.867394 1 C 
 11 320 6  2 2 3 LH 1 175 -18 148 -78 1 1 0.533205 0 0 3551.880926 3552.381901 3552.882873 3553.083261 3555.087157 3555.620362 1 C 
 11 321 6  3 2 1 LN 0 71 -12 60 -12 0 1 0.944454 0 0 3556.640176 3557.141153 3557.642123 3557.842513 3559.846408 3560.790861 1 C 
 11 322 6  4 2 1 LN 0 116 -65 98 -65 0 1 0.629965 0 0 3561.816905 3562.317879 3562.818853 3563.019242 3565.023137 3565.653102 1 C 
 11 323 6  5 2 1 LN 0 55 +68 46 +68 0 1 0.524204 0 0 3566.676351 3567.177325 3567.678301 3567.878689 3569.882584 3570.406788 1 C 
 11 324 6  6 2 3 LH 1 173 +38 198 -22 1 1 0.563123 0 0 3571.418904 3571.919880 3572.420853 3572.621244 3574.625136 3575.188259 1 C 
 11 325 6  7 1 3 NH 0 160 +80 160 +20 1 0 0.812164 0 0 3576.211554 3576.712528 3577.213501 3577.413891 3579.417787 3580.229951 1 E 
 11 326 6  8 2 2 LL 1 102 -20 117 -40 0 0 1.190948 0 0 3581.254692 3581.755667 3582.256638 3582.457028 3584.460923 3585.651871 1 E 
 11 327 6  9 2 3 LH 1 97 +44 82 -16 0 0 0.788807 0 0 3586.665209 3587.166182 3587.667156 3587.867545 3589.871441 3590.660249 1 E 
 11 328 6 10 2 2 LL 1 55 +65 63 +85 1 1 1.570435 0 0 3591.674948 3592.175921 3592.676898 3592.877284 3594.881179 3596.451614 1 C 
 11 329 6 11 2 2 LL 1 142 -30 163 -50 1 1 1.297689 0 0 3597.469544 3597.970516 3598.471492 3598.671882 3600.675777 3601.973466 1 C 
 11 330 6 12 2 2 LL 1 139 +38 118 +58 1 1 0.795983 0 0 3602.996957 3603.497930 3603.998903 3604.199293 3606.203189 3606.999172 1 C 
 11 331 6 13 3 2 HL 1 65 +70 45 +90 1 1 1.030747 0 0 3608.023393 3608.524366 3609.025341 3609.225730 3611.229626 3612.260373 1 C 
 11 332 6 14 2 2 LL 1 178 -47 204 -27 1 1 0.713555 0 0 3613.283620 3613.784592 3614.285569 3614.485956 3616.489851 3617.203406 1 C 
 11 333 6 15 3 3 HH 1 95 -44 123 +16 1 1 0.862716 0 0 3618.226562 3618.727539 3619.228509 3619.428898 3621.432793 3622.295509 1 C 
 11 334 6 16 1 2 NL 0 75 -78 75 -58 1 0 0.746876 0 0 3623.319795 3623.820769 3624.321742 3624.522132 3626.526027 3627.272904 1 E 
 11 335 6 17 1 1 NN 0 85 -88 85 -88 0 1 0.457450 0 0 3628.296135 3628.797110 3629.298082 3629.498473 3631.502367 3631.959817 1 C 
 11 336 6 18 3 3 HH 1 114 -12 148 +48 1 1 0.630086 0 0 3632.971891 3633.472864 3633.973839 3634.174228 3636.178124 3636.808210 1 C 
 11 337 6 19 3 3 HH 1 108 +87 75 +27 1 1 0.567373 0 0 3637.831339 3638.332310 3638.833285 3639.033674 3641.037574 3641.604947 1 C 
 11 338 6 20 3 2 HL 1 61 -35 79 -55 1 1 0.643447 0 0 3642.623987 3643.124964 3643.625935 3643.826325 3645.830220 3646.473667 1 C 
 11 339 6 21 3 1 HN 0 110 -46 77 -46 0 1 0.706263 0 0 3647.500134 3648.001106 3648.502080 3648.702469 3650.706365 3651.412629 1 C 
 11 340 6 22 1 1 NN 0 75 -44 75 -44 0 1 0.727609 0 0 3652.426376 3652.927349 3653.428324 3653.628713 3655.632613 3656.360222 1 C 
 11 341 6 23 3 3 HH 1 101 -26 70 -86 1 1 0.485238 0 0 3657.386017 3657.886991 3658.387965 3658.588354 3660.592249 3661.077487 1 C 
 11 342 6 24 1 3 NH 0 156 -23 156 -83 1 0 0.563126 0 0 3662.095172 3662.596145 3663.097122 3663.297508 3665.301404 3665.864529 1 E 
 11 343 6 25 3 2 HL 1 94 -37 122 -57 0 0 0.568675 0 0 3666.887822 3667.388793 3667.889770 3668.090158 3670.094053 3670.662728 1 E 
 11 344 6 26 2 2 LL 1 104 -81 88 -61 1 1 0.912741 0 0 3671.680475 3672.181448 3672.682418 3672.882811 3674.886703 3675.799444 1 C 
 11 345 6 27 1 2 NL 0 132 +34 132 +14 1 0 1.114098 0 0 3676.823804 3677.324776 3677.825752 3678.026140 3680.030034 3681.144132 1 E 
 11 346 6 28 1 2 NL 0 79 -10 79 -30 0 1 0.617750 0 0 3682.167524 3682.668501 3683.169471 3683.369859 3685.373755 3685.991505 1 C 
 11 347 6 29 3 2 HL 1 133 +46 172 +66 0 0 0.849781 0 0 3687.010270 3687.511244 3688.012218 3688.212606 3690.216502 3691.066283 1 E 
 11 348 6 30 1 3 NH 0 179 -40 179 +20 1 0 0.618808 0 0 3692.086807 3692.587779 3693.088753 3693.289143 3695.293037 3695.911845 1 E 
 11 349 6 31 1 2 NL 0 167 -38 167 -18 0 1 0.674511 0 0 3696.929557 3697.430528 3697.931500 3698.131890 3700.135785 3700.810296 1 C 
 11 350 6 32 3 3 HH 1 108 +61 75 +1 1 1 0.613271 0 0 3701.822397 3702.323373 3702.824348 3703.024734 3705.028630 3705.641901 1 C 
 11 351 6 33 1 3 NH 0 76 +78 76 +18 1 0 0.663364 0 0 3706.665145 3707.166118 3707.667092 3707.867482 3709.871387 3710.534751 1 E 
 11 352 6 34 3 3 HH 1 111 -60 144 +0 1 1 1.084317 0 0 3711.557989 3712.058963 3712.559937 3712.760326 3714.764222 3715.848539 1 C 
 11 353 6 35 2 2 LL 1 145 -84 166 -64 1 1 0.768447 0 0 3716.868313 3717.369288 3717.870260 3718.070649 3720.074545 3720.842992 1 C 
 11 354 6 36 3 3 HH 1 157 -32 204 +28 1 1 0.878241 0 0 3721.861351 3722.362325 3722.863299 3723.063691 3725.067584 3725.945825 1 C 
 11 355 6 37 1 1 NN 0 98 +62 98 +62 0 1 0.904468 0 0 3726.971286 3727.472258 3727.973232 3728.173621 3730.177517 3731.081985 1 C 
 11 356 6 38 2 3 LH 1 114 -42 96 +18 0 0 1.409275 0 0 3732.097918 3732.598894 3733.099865 3733.300254 3735.304150 3736.713425 1 E 
 11 357 6 39 2 1 LN 0 58 -51 66 -51 0 1 0.996088 0 0 3737.725524 3738.226499 3738.727471 3738.927860 3740.931755 3741.927843 1 C 
 11 358 6 40 3 3 HH 1 123 -19 159 -79 1 1 0.505789 0 0 3742.952350 3743.453326 3743.954298 3744.154688 3746.158583 3746.664372 1 C 
 11 359 6 41 1 2 NL 0 155 -28 155 -8 0 1 0.788696 0 0 3747.678204 3748.179178 3748.680152 3748.880541 3750.884437 3751.673133 1 C 
 11 360 6 42 1 2 NL 0 132 +89 132 +69 1 0 0.550097 0 0 3752.687943 3753.188915 3753.689890 3753.890279 3755.894175 3756.444271 1 E 
 11 361 6 43 2 2 LL 1 90 +63 76 +83 0 0 0.830296 0 0 3757.463892 3757.964867 3758.465840 3758.666230 3760.670125 3761.500421 1 E 
 11 362 6 44 2 2 LL 1 161 -8 136 +12 1 1 0.806849 0 0 3762.523730 3763.024702 3763.525678 3763.726066 3765.729961 3766.536810 1 C 
 11 363 6 45 1 2 NL 0 105 +34 105 +54 1 0 0.741296 0 0 3767.550168 3768.051140 3768.552114 3768.752503 3770.756399 3771.497695 1 E 
 11 364 6 46 2 1 LN 0 135 -65 155 -65 0 1 1.125199 0 0 3772.509807 3773.010785 3773.511754 3773.712145 3775.716040 3776.841238 1 C 
 11 365 6 47 3 3 HH 1 140 +29 98 +89 1 1 0.678342 0 0 3777.853530 3778.354502 3778.855480 3779.055865 3781.059771 3781.738113 1 C 
 11 366 6 48 3 2 HL 1 152 -58 106 -38 1 1 0.857306 0 0 3782.763074 3783.264053 3783.765019 3783.965409 3785.969305 3786.826611 1 C 
 11 367 6 49 3 2 HL 1 140 -87 98 -67 1 1 0.741314 0 0 3787.839607 3788.340583 3788.841557 3789.041944 3791.045840 3791.787154 1 C 
 11 368 6 50 1 1 NN 0 120 +90 120 +90 0 1 0.613215 0 0 3792.799248 3793.300224 3793.801196 3794.001585 3796.005481 3796.618696 1 C 
 11 369 6 51 1 3 NH 0 124 +75 124 +15 1 0 0.602176 0 0 3797.641997 3798.142969 3798.643943 3798.844333 3800.848227 3801.450403 1 E 
 11 370 6 52 3 3 HH 1 83 +40 58 -20 1 1 0.641134 0 0 3802.468043 3802.969022 3803.469995 3803.670381 3805.674276 3806.315410 1 C 
 11 371 6 53 3 2 HL 1 102 +34 132 +54 1 1 0.696642 0 0 3807.327491 3807.828464 3808.329441 3808.529827 3810.533723 3811.230365 1 C 
 11 372 6 54 1 3 NH 0 129 -49 129 +11 1 0 0.585444 0 0 3812.253733 3812.754708 3813.255681 3813.456070 3815.459965 3816.045409 1 E 
 11 373 6 55 3 1 HN 0 119 -53 154 -53 0 1 0.641132 0 0 3817.063083 3817.564054 3818.065030 3818.265419 3820.269315 3820.910447 1 C 
 11 374 6 56 3 3 HH 1 75 -28 52 -88 1 1 0.691065 0 0 3821.922528 3822.423505 3822.924476 3823.124866 3825.128761 3825.819825 1 C 
 11 375 6 57 1 2 NL 0 130 -42 130 -22 0 1 0.788498 0 0 3826.832073 3827.333045 3827.834020 3828.034410 3830.038305 3830.826802 1 C 
 11 376 6 58 1 1 NN 0 165 -83 165 -83 0 1 1.075251 0 0 3831.841810 3832.342785 3832.843758 3833.044148 3835.048043 3836.123294 1 C 
 11 377 6 59 2 3 LH 1 101 -19 85 +41 1 1 1.114226 0 0 3837.135434 3837.636410 3838.137382 3838.337771 3840.341667 3841.455893 1 C 
 11 378 6 60 1 2 NL 0 110 +79 110 +59 0 1 1.046778 0 0 3842.479155 3842.980129 3843.481102 3843.681493 3845.685387 3846.732165 1 C 
