 25   1 0 43 3 1 HN 0 73 -53 109 -53 0 1 5.023713 0 0 1609.613899 1610.115424 1610.616962 1610.817581 1612.823725 1617.847438 1 C 
 25   2 0 44 3 2 HL 1 147 -75 220 -40 0 0 1.945942 0 0 1618.858891 1619.360429 1619.861967 1620.062579 1622.068731 1624.014673 1 E 
 25   3 0 45 3 1 HN 0 112 -72 168 -72 0 1 1.505542 0 0 1625.027802 1625.529340 1626.030877 1626.231489 1628.237641 1629.743183 1 C 
 25   4 0 46 2 1 LN 0 89 +88 115 +88 0 1 1.187498 0 0 1630.762047 1631.263583 1631.765120 1631.965740 1633.971886 1635.159383 1 C 
 25   5 0 47 3 3 HH 1 173 -77 259 -7 1 1 0.955154 0 0 1636.178648 1636.680187 1637.181724 1637.382346 1639.388486 1640.343641 1 C 
 25   6 0 48 3 2 HL 1 54 -26 81 -61 0 0 5.229307 0 0 1641.361204 1641.862739 1642.364277 1642.564890 1644.571042 1649.800349 1 E 
 25   7 0 49 2 3 LH 1 106 +32 137 -38 1 1 0.745547 0 0 1650.823543 1651.325078 1651.826617 1652.027230 1654.033382 1654.778929 1 C 
 25   8 0 50 2 2 LL 1 127 -1 165 -36 1 1 0.630758 0 0 1655.805480 1656.307016 1656.808553 1657.009169 1659.015318 1659.646075 1 C 
 25   9 0 51 2 2 LL 1 125 +16 87 -19 0 0 0.959520 0 0 1660.670391 1661.171929 1661.673466 1661.874085 1663.880230 1664.839751 1 E 
 25  10 0 52 3 2 HL 1 69 -9 34 -44 1 1 0.719669 0 0 1665.852945 1666.354482 1666.856019 1667.056637 1669.062784 1669.782453 1 C 
 25  11 0 53 1 1 NN 0 75 +85 75 +85 0 1 0.725444 0 0 1670.801448 1671.302983 1671.804521 1672.005134 1674.011286 1674.736730 1 C 
 25  12 0 54 3 2 HL 1 158 +74 79 +39 1 1 1.176815 0 0 1675.749950 1676.251486 1676.753023 1676.953636 1678.959787 1680.136602 1 C 
 25  13 0 55 2 2 LL 1 151 -48 196 -13 1 1 0.873736 0 0 1681.149836 1681.651371 1682.152909 1682.353521 1684.359677 1685.233413 1 C 
 25  14 0 56 2 2 LL 1 72 +57 93 +22 0 0 1.110013 0 0 1686.248799 1686.750335 1687.251871 1687.452487 1689.458637 1690.568651 1 E 
 25  15 0 57 1 1 NN 0 175 -89 175 -89 1 0 0.753155 0 0 1691.581813 1692.083349 1692.584886 1692.785504 1694.791651 1695.544805 1 E 
 25  16 0 58 1 2 NL 0 170 -36 170 -1 0 1 1.054178 0 0 1696.563752 1697.065286 1697.566825 1697.767438 1699.773589 1700.827767 1 C 
 25  17 0 59 2 2 LL 1 87 -69 113 -34 0 0 0.842446 0 0 1701.846612 1702.348147 1702.849688 1703.050297 1705.056449 1705.898895 1 E 
 25  18 0 60 3 1 HN 0 86 +46 129 +46 0 1 0.926166 0 0 1706.912137 1707.413674 1707.915212 1708.115827 1710.121980 1711.048145 1 C 
 25  19 1  1 1 2 NL 0 141 +38 141 +3 1 0 0.552435 0 0 1716.575090 1717.076632 1717.578166 1717.778782 1719.784932 1720.337367 1 E 
 25  20 1  2 1 3 NH 0 97 +84 97 +14 0 1 0.523400 0 0 1721.356414 1721.857951 1722.359488 1722.560107 1724.566252 1725.089652 1 C 
 25  21 1  3 2 3 LH 1 98 -35 68 +35 1 1 0.747771 0 0 1726.104302 1726.605838 1727.107376 1727.307988 1729.314139 1730.061910 1 C 
 25  22 1  4 1 3 NH 0 93 +25 93 -45 0 1 0.980970 0 0 1731.086241 1731.587776 1732.089314 1732.289939 1734.296078 1735.277047 1 C 
 25  23 1  5 2 3 LH 1 163 -18 211 -88 1 1 0.649741 0 0 1736.302226 1736.803765 1737.305300 1737.505915 1739.512065 1740.161806 1 C 
 25  24 1  6 3 2 HL 1 56 +85 84 +50 0 0 0.992875 0 0 1741.183858 1741.685395 1742.186933 1742.387551 1744.393697 1745.386572 1 E 
 25  25 1  7 3 2 HL 1 71 -29 35 +6 1 1 0.639965 0 0 1746.399848 1746.901384 1747.402922 1747.603539 1749.609686 1750.249651 1 C 
 25  26 1  8 1 1 NN 0 115 +40 115 +40 0 1 0.876011 0 0 1751.264761 1751.766296 1752.267834 1752.468449 1754.474598 1755.350609 1 C 
 25  27 1  9 3 3 HH 1 58 +47 87 -23 0 0 0.864666 0 0 1756.363724 1756.865259 1757.366798 1757.567413 1759.573563 1760.438229 1 E 
 25  28 1 10 2 1 LN 0 153 +52 107 +52 0 1 1.165639 0 0 1761.462686 1761.964223 1762.465760 1762.666375 1764.672525 1765.838163 1 C 
 25  29 1 11 1 2 NL 0 90 +41 90 +76 1 0 0.641848 0 0 1766.862572 1767.364109 1767.865646 1768.066267 1770.072409 1770.714257 1 E 
 25  30 1 12 3 1 HN 0 85 +72 42 +72 0 1 0.833848 0 0 1771.727483 1772.229022 1772.730559 1772.931171 1774.937326 1775.771174 1 C 
 25  31 1 13 3 2 HL 1 141 -85 211 -50 1 1 0.771490 0 0 1776.793013 1777.294549 1777.796087 1777.996699 1780.002851 1780.774341 1 C 
 25  32 1 14 3 3 HH 1 79 +52 39 -18 1 1 0.948287 0 0 1781.791669 1782.293207 1782.794742 1782.995357 1785.001510 1785.949797 1 C 
 25  33 1 15 3 3 HH 1 170 -85 85 -15 0 0 0.646479 0 0 1786.974220 1787.475757 1787.977294 1788.177914 1790.184059 1790.830538 1 E 
 25  34 1 16 3 1 HN 0 161 -33 80 -33 0 1 1.050017 0 0 1791.855852 1792.357388 1792.858926 1793.059543 1795.065692 1796.115709 1 C 
 25  35 1 17 2 1 LN 0 95 -80 123 -80 1 0 2.241097 0 0 1797.138710 1797.640249 1798.141786 1798.342406 1800.348549 1802.589646 1 E 
 25  36 1 18 2 3 LH 1 176 -72 123 -2 0 0 1.084743 0 0 1803.608545 1804.110080 1804.611617 1804.812237 1806.818386 1807.903130 1 E 
 25  37 1 19 1 3 NH 0 136 -19 136 +51 0 1 1.031918 0 0 1808.924841 1809.426376 1809.927915 1810.128529 1812.134678 1813.166597 1 C 
 25  38 1 20 1 2 NL 0 71 -65 71 -30 0 1 1.254736 0 0 1814.190985 1814.692519 1815.194060 1815.394675 1817.400822 1818.655558 1 C 
 25  39 1 21 2 2 LL 1 54 +34 70 +69 0 0 1.065340 0 0 1819.674458 1820.175997 1820.677532 1820.878151 1822.884298 1823.949638 1 E 
 25  40 1 22 3 2 HL 1 62 +35 93 +0 1 1 1.080736 0 0 1824.974035 1825.475573 1825.977110 1826.177723 1828.183874 1829.264610 1 C 
 25  41 1 23 3 3 HH 1 89 +51 133 -19 0 0 0.899114 0 0 1830.290332 1830.791869 1831.293407 1831.494026 1833.500171 1834.399285 1 E 
 25  42 1 24 1 2 NL 0 136 -49 136 -84 0 1 1.059741 0 0 1835.422731 1835.924268 1836.425805 1836.626424 1838.632570 1839.692310 1 C 
 25  43 1 25 3 3 HH 1 88 -27 132 +43 1 1 1.416841 0 0 1840.705593 1841.207128 1841.708666 1841.909286 1843.915430 1845.332271 1 C 
 25  44 1 26 2 1 LN 0 56 +81 72 +81 0 1 0.971136 0 0 1846.356247 1846.857783 1847.359324 1847.559935 1849.566083 1850.537218 1 C 
 25  45 1 27 1 1 NN 0 95 -24 95 -24 0 1 2.255575 0 0 1851.555517 1852.057054 1852.558592 1852.759206 1854.765355 1857.020931 1 C 
 25  46 1 28 1 1 NN 0 170 +6 170 +6 1 0 1.321536 0 0 1858.042068 1858.543603 1859.045141 1859.245756 1861.251905 1862.573441 1 E 
 25  47 1 29 2 3 LH 1 167 +71 217 +1 1 1 1.477943 0 0 1863.592413 1864.093950 1864.595492 1864.796101 1866.802251 1868.280195 1 C 
 25  48 1 30 3 2 HL 1 76 -78 114 -43 1 1 0.817352 0 0 1869.293223 1869.794759 1870.296297 1870.496911 1872.503060 1873.320412 1 C 
 25  49 1 31 2 2 LL 1 139 +67 180 +32 1 1 0.825698 0 0 1874.342033 1874.843568 1875.345105 1875.545731 1877.551868 1878.377566 1 C 
 25  50 1 32 3 3 HH 1 112 +18 56 +88 1 1 0.780969 0 0 1879.390843 1879.892381 1880.393916 1880.594528 1882.600679 1883.381648 1 C 
 25  51 1 33 1 3 NH 0 78 -87 78 -17 0 1 1.122191 0 0 1884.406214 1884.907752 1885.409290 1885.609904 1887.616054 1888.738245 1 C 
 25  52 1 34 1 2 NL 0 142 +43 142 +8 0 1 0.940632 0 0 1889.755948 1890.257484 1890.759021 1890.959634 1892.965786 1893.906418 1 C 
 25  53 1 35 1 1 NN 0 141 -9 141 -9 0 1 2.172646 0 0 1894.921781 1895.423319 1895.924857 1896.125469 1898.131624 1900.304270 1 C 
 25  54 1 36 3 1 HN 0 160 +88 80 +88 1 0 0.876699 0 0 1901.324742 1901.826279 1902.327817 1902.528431 1904.534581 1905.411280 1 E 
 25  55 1 37 2 3 LH 1 144 +53 100 -17 1 1 1.488851 0 0 1906.423707 1906.925243 1907.426780 1907.627395 1909.633545 1911.122397 1 C 
 25  56 1 38 2 1 LN 0 86 +1 60 +1 0 1 0.970552 0 0 1912.141232 1912.642769 1913.144306 1913.344920 1915.351071 1916.321623 1 C 
 25  57 1 39 2 3 LH 1 129 -16 167 +54 1 1 1.477773 0 0 1917.340503 1917.842039 1918.343577 1918.544195 1920.550341 1922.028114 1 C 
 25  58 1 40 2 1 LN 0 105 -75 136 -75 1 0 1.238118 0 0 1923.041310 1923.542848 1924.044385 1924.245003 1926.251149 1927.489267 1 E 
 25  59 1 41 2 3 LH 1 162 +57 210 -13 1 1 0.929758 0 0 1928.508068 1929.009605 1929.511142 1929.711757 1931.717906 1932.647665 1 C 
 25  60 1 42 3 2 HL 1 122 -19 61 -54 1 1 1.910567 0 0 1933.673905 1934.175440 1934.676978 1934.877594 1936.883742 1938.794309 1 C 
 25  61 1 43 1 2 NL 0 71 -82 71 -47 0 1 1.236156 0 0 1939.809378 1940.310913 1940.812451 1941.013066 1943.019213 1944.255368 1 C 
 25  62 1 44 3 2 HL 1 132 +1 66 +36 1 1 0.858479 0 0 1945.276133 1945.777671 1946.279208 1946.479833 1948.485973 1949.344452 1 C 
 25  63 1 45 2 3 LH 1 65 +11 84 +81 1 1 1.011811 0 0 1950.358381 1950.859917 1951.361454 1951.562069 1953.568220 1954.580031 1 C 
 25  64 1 46 2 3 LH 1 60 +58 78 -12 1 1 1.137985 0 0 1955.591088 1956.092623 1956.594161 1956.794775 1958.800925 1959.938910 1 C 
 25  65 1 47 3 1 HN 0 89 -44 133 -44 0 1 1.204632 0 0 1960.957536 1961.459074 1961.960610 1962.161236 1964.167375 1965.372007 1 C 
 25  66 1 48 1 2 NL 0 91 +76 91 +41 1 0 1.554469 0 0 1966.390858 1966.892395 1967.393932 1967.594556 1969.600697 1971.155166 1 E 
 25  67 1 49 3 3 HH 1 149 +54 223 -16 1 1 0.859118 0 0 1972.175257 1972.676793 1973.178330 1973.378942 1975.385094 1976.244213 1 C 
 25  68 1 50 2 2 LL 1 114 +28 79 -7 1 1 0.902636 0 0 1977.257502 1977.759038 1978.260576 1978.461188 1980.467339 1981.369975 1 C 
 25  69 1 51 1 2 NL 0 136 +28 136 -7 0 1 1.492835 0 0 1982.389902 1982.891437 1983.392974 1983.593587 1985.599743 1987.092578 1 C 
 25  70 1 52 3 2 HL 1 174 -51 87 -16 1 1 1.017157 0 0 1988.107426 1988.608963 1989.110498 1989.311120 1991.317265 1992.334422 1 C 
 25  71 1 53 2 1 LN 0 73 +75 94 +75 1 0 1.122470 0 0 1993.356850 1993.858387 1994.359925 1994.560543 1996.566690 1997.689160 1 E 
 25  72 1 54 1 3 NH 0 132 +60 132 -10 0 1 0.960979 0 0 1998.706581 1999.208119 1999.709657 1999.910270 2001.916422 2002.877401 1 C 
 25  73 1 55 1 2 NL 0 64 -83 64 -48 0 1 1.438802 0 0 2003.889134 2004.390672 2004.892210 2005.092822 2007.098974 2008.537776 1 C 
 25  74 1 56 1 2 NL 0 81 -31 81 -66 0 1 0.974204 0 0 2009.556510 2010.058045 2010.559582 2010.760202 2012.766348 2013.740552 1 C 
 25  75 1 57 3 2 HL 1 128 +35 64 +0 1 1 1.193499 0 0 2014.755779 2015.257316 2015.758853 2015.959471 2017.965618 2019.159117 1 C 
 25  76 1 58 3 3 HH 1 173 +15 259 +85 1 1 1.020034 0 0 2020.172382 2020.673919 2021.175456 2021.376069 2023.382221 2024.402254 1 C 
 25  77 1 59 3 2 HL 1 166 +81 83 +46 1 1 1.042898 0 0 2025.421805 2025.923344 2026.424881 2026.625499 2028.631645 2029.674544 1 C 
 25  78 1 60 2 2 LL 1 152 +48 197 +83 1 1 1.460255 0 0 2030.687949 2031.189486 2031.691023 2031.891636 2033.897788 2035.358043 1 C 
 25  79 2  1 2 1 LN 0 159 -12 206 -12 1 0 0.690394 0 0 2043.360129 2043.861664 2044.363208 2044.563816 2046.569969 2047.260363 1 E 
 25  80 2  2 3 1 HN 0 91 -84 136 -84 0 1 2.385828 0 0 2048.275193 2048.776730 2049.278267 2049.478880 2051.485032 2053.870860 1 C 
 25  81 2  3 1 2 NL 0 89 -60 89 -25 0 1 1.265976 0 0 2054.895487 2055.397024 2055.898561 2056.099180 2058.105326 2059.371302 1 C 
 25  82 2  4 2 1 LN 0 60 +22 78 +22 0 1 1.986543 0 0 2060.395679 2060.897216 2061.398754 2061.599369 2063.605518 2065.592061 1 C 
 25  83 2  5 3 2 HL 1 167 +55 83 +90 1 1 0.935009 0 0 2066.614744 2067.116280 2067.617818 2067.818433 2069.824584 2070.759593 1 C 
 25  84 2  6 1 3 NH 0 106 -15 106 -85 0 1 1.134536 0 0 2071.780577 2072.282115 2072.783653 2072.984266 2074.990417 2076.124953 1 C 
 25  85 2  7 1 1 NN 0 55 -71 55 -71 0 1 1.537455 0 0 2077.147029 2077.648565 2078.150102 2078.350715 2080.356866 2081.894321 1 C 
 25  86 2  8 3 1 HN 0 81 +86 40 +86 0 1 0.968428 0 0 2082.914710 2083.416245 2083.917782 2084.118405 2086.124550 2087.092977 1 C 
 25  87 2  9 2 3 LH 1 94 +59 65 -11 1 1 0.970592 0 0 2088.113978 2088.615515 2089.117053 2089.317668 2091.323817 2092.294409 1 C 
 25  88 2 10 3 3 HH 1 102 -40 153 +30 0 0 1.201985 0 0 2093.313251 2093.814786 2094.316324 2094.516942 2096.523088 2097.725073 1 E 
 25  89 2 11 2 3 LH 1 165 +80 115 +10 1 1 1.139257 0 0 2098.746570 2099.248108 2099.749646 2099.950258 2101.956409 2103.095665 1 C 
 25  90 2 12 1 2 NL 0 58 +25 58 -10 0 1 0.970446 0 0 2104.113022 2104.614558 2105.116095 2105.316710 2107.322860 2108.293306 1 C 
 25  91 2 13 1 2 NL 0 55 -73 55 -38 1 0 2.004868 0 0 2109.312292 2109.813828 2110.315365 2110.515985 2112.522130 2114.526997 1 E 
 25  92 2 14 3 2 HL 1 80 +87 120 +52 1 1 0.808931 0 0 2115.548076 2116.049609 2116.551146 2116.751763 2118.757917 2119.566848 1 C 
 25  93 2 15 1 2 NL 0 68 +28 68 +63 1 0 1.344020 0 0 2120.580165 2121.081701 2121.583239 2121.783854 2123.790003 2125.134024 1 E 
 25  94 2 16 1 2 NL 0 104 +49 104 +84 0 1 1.405174 0 0 2126.147231 2126.648770 2127.150304 2127.350917 2129.357073 2130.762246 1 C 
 25  95 2 17 3 3 HH 1 164 -60 82 +10 1 1 0.703091 0 0 2131.781168 2132.282701 2132.784241 2132.984853 2134.991005 2135.694096 1 C 
 25  96 2 18 2 1 LN 0 134 +40 93 +40 0 1 2.029489 0 0 2136.712951 2137.214487 2137.716025 2137.916637 2139.922789 2141.952278 1 C 
 25  97 2 19 1 3 NH 0 155 +10 155 +80 0 1 1.288909 0 0 2142.965452 2143.466987 2143.968522 2144.169140 2146.175288 2147.464197 1 C 
 25  98 2 20 3 3 HH 1 73 +40 36 -30 1 1 1.405364 0 0 2148.482362 2148.983898 2149.485435 2149.686050 2151.692200 2153.097564 1 C 
 25  99 2 21 2 3 LH 1 114 -71 148 -1 1 1 1.065356 0 0 2154.116298 2154.617834 2155.119371 2155.319984 2157.326136 2158.391492 1 C 
 25 100 2 22 1 2 NL 0 131 +60 131 +25 0 1 1.015204 0 0 2159.415875 2159.917412 2160.418950 2160.619568 2162.625714 2163.640918 1 C 
 25 101 2 23 2 1 LN 0 169 -47 219 -47 0 1 1.254743 0 0 2164.665302 2165.166835 2165.668375 2165.868991 2167.875139 2169.129882 1 C 
 25 102 2 24 1 1 NN 0 132 +45 132 +45 0 1 1.650457 0 0 2170.148775 2170.650313 2171.151849 2171.352469 2173.358615 2175.009072 1 C 
 25 103 2 25 2 1 LN 0 134 -11 174 -11 0 1 1.031924 0 0 2176.033480 2176.535020 2177.036555 2177.237170 2179.243319 2180.275243 1 C 
 25 104 2 26 1 2 NL 0 121 +28 121 -7 0 1 1.171154 0 0 2181.299623 2181.801160 2182.302697 2182.503310 2184.509461 2185.680615 1 C 
 25 105 2 27 2 2 LL 1 170 +17 221 +52 1 1 1.163838 0 0 2186.699510 2187.201045 2187.702583 2187.903204 2189.909347 2191.073185 1 C 
 25 106 2 28 1 3 NH 0 140 +64 140 -6 0 1 1.559222 0 0 2192.099397 2192.600932 2193.102469 2193.303083 2195.309235 2196.868458 1 C 
 25 107 2 29 3 3 HH 1 81 -54 121 +16 1 1 0.814544 0 0 2197.883793 2198.385329 2198.886867 2199.087482 2201.093630 2201.908174 1 C 
 25 108 2 30 2 2 LL 1 79 +54 55 +89 1 1 0.811301 0 0 2202.932603 2203.434138 2203.935676 2204.136289 2206.142440 2206.953741 1 C 
 25 109 2 31 2 1 LN 0 147 +18 191 +18 0 1 1.011066 0 0 2207.964694 2208.466231 2208.967768 2209.168381 2211.174532 2212.185598 1 C 
 25 110 2 32 3 3 HH 1 90 +28 135 -42 1 1 1.076459 0 0 2213.197402 2213.698937 2214.200475 2214.401089 2216.407239 2217.483698 1 C 
 25 111 2 33 3 1 HN 0 60 +12 90 +12 0 1 0.719908 0 0 2218.496978 2218.998514 2219.500052 2219.700667 2221.706817 2222.426725 1 C 
 25 112 2 34 3 2 HL 1 175 +24 87 +59 1 1 1.037313 0 0 2223.445482 2223.947017 2224.448554 2224.649171 2226.655319 2227.692632 1 C 
 25 113 2 35 3 2 HL 1 135 -77 202 -42 1 1 1.394948 0 0 2228.711622 2229.213160 2229.714697 2229.915312 2231.921462 2233.316410 1 C 
 25 114 2 36 2 3 LH 1 108 -34 140 +36 0 0 1.059842 0 0 2234.328840 2234.830378 2235.331916 2235.532531 2237.538681 2238.598523 1 E 
 25 115 2 37 1 3 NH 0 179 -79 179 -9 0 1 0.892617 0 0 2239.611702 2240.113240 2240.614776 2240.815391 2242.821541 2243.714159 1 C 
 25 116 2 38 2 2 LL 1 83 -16 58 +19 1 1 0.875660 0 0 2244.727383 2245.228920 2245.730457 2245.931076 2247.937222 2248.812882 1 C 
 25 117 2 39 1 2 NL 0 178 +65 178 +30 0 1 1.405251 0 0 2249.826351 2250.327883 2250.829421 2251.030033 2253.036185 2254.441437 1 C 
 25 118 2 40 3 1 HN 0 72 -6 108 -6 0 1 0.736467 0 0 2255.460283 2255.961820 2256.463357 2256.663972 2258.670122 2259.406589 1 C 
 25 119 2 41 1 1 NN 0 159 +49 159 +49 0 1 1.160100 0 0 2260.425502 2260.927039 2261.428577 2261.629195 2263.635342 2264.795441 1 C 
 25 120 2 42 1 3 NH 0 103 -69 103 +1 0 1 2.720382 0 0 2265.808671 2266.310208 2266.811748 2267.012359 2269.018510 2271.738892 1 C 
 25 121 2 43 1 3 NH 0 83 -87 83 -17 0 1 1.394147 0 0 2272.763325 2273.264859 2273.766397 2273.967015 2275.973161 2277.367308 1 C 
 25 122 2 44 3 3 HH 1 92 -24 138 +46 1 1 4.791280 0 0 2278.380543 2278.882078 2279.383615 2279.584231 2281.590380 2286.381659 1 C 
 25 123 2 45 2 3 LH 1 121 -63 157 +7 1 1 1.249185 0 0 2287.408213 2287.909751 2288.411288 2288.611902 2290.618055 2291.867240 1 C 
 25 124 2 46 2 3 LH 1 141 +46 183 -24 1 1 0.729178 0 0 2292.891689 2293.393228 2293.894763 2294.095376 2296.101527 2296.830706 1 C 
 25 125 2 47 3 3 HH 1 141 +29 70 -41 1 1 0.906168 0 0 2297.856909 2298.358446 2298.859983 2299.060598 2301.066746 2301.972914 1 C 
 25 126 2 48 1 3 NH 0 180 +81 180 +11 0 1 0.926045 0 0 2302.989308 2303.490846 2303.992382 2304.193000 2306.199147 2307.125192 1 C 
 25 127 2 49 2 2 LL 1 152 +87 106 +52 1 1 0.831370 0 0 2308.138425 2308.639962 2309.141499 2309.342114 2311.348265 2312.179634 1 C 
 25 128 2 50 3 3 HH 1 151 +31 226 -39 1 1 0.807061 0 0 2313.203952 2313.705489 2314.207036 2314.407640 2316.413791 2317.220852 1 C 
 25 129 2 51 2 2 LL 1 149 -80 104 -45 1 1 0.686330 0 0 2318.236044 2318.737581 2319.239117 2319.439743 2321.445884 2322.132213 1 C 
 25 130 2 52 3 1 HN 0 106 +14 159 +14 0 1 1.086436 0 0 2323.151110 2323.652647 2324.154185 2324.354800 2326.360949 2327.447386 1 C 
 25 131 2 53 2 2 LL 1 174 +63 226 +28 1 1 0.758929 0 0 2328.467408 2328.968943 2329.470481 2329.671096 2331.677245 2332.436174 1 C 
 25 132 2 54 2 2 LL 1 121 +19 84 -16 1 1 1.044927 0 0 2333.449346 2333.950881 2334.452419 2334.653034 2336.659186 2337.704113 1 C 
 25 133 2 55 3 1 HN 0 126 +69 63 +69 0 1 0.923160 0 0 2338.715488 2339.217024 2339.718561 2339.919174 2341.925324 2342.848485 1 C 
 25 134 2 56 1 2 NL 0 67 -41 67 -76 1 0 2.374993 0 0 2343.864605 2344.366142 2344.867677 2345.068298 2347.074443 2349.449436 1 E 
 25 135 2 57 3 2 HL 1 75 -58 112 -23 1 1 1.555768 0 0 2350.468180 2350.969717 2351.471255 2351.671869 2353.678018 2355.233786 1 C 
 25 136 2 58 3 3 HH 1 85 -61 42 +9 1 1 0.754163 0 0 2356.252577 2356.754114 2357.255652 2357.456267 2359.462416 2360.216579 1 C 
 25 137 2 59 3 3 HH 1 83 -9 41 +61 1 1 0.784884 0 0 2361.234516 2361.736052 2362.237590 2362.438202 2364.444355 2365.229238 1 C 
 25 138 2 60 2 1 LN 0 157 -10 109 -10 0 1 1.525814 0 0 2366.249889 2366.751426 2367.252963 2367.453578 2369.459728 2370.985542 1 C 
 25 139 3  1 1 2 NL 0 115 +63 115 +28 0 1 1.475698 0 0 2390.123067 2390.624606 2391.126143 2391.326755 2393.332910 2394.808609 1 C 
 25 140 3  2 3 2 HL 1 89 -81 133 -46 1 1 0.792209 0 0 2395.823876 2396.325413 2396.826955 2397.027570 2399.033714 2399.825924 1 C 
 25 141 3  3 2 3 LH 1 118 +55 82 -15 1 1 0.640948 0 0 2400.839250 2401.340787 2401.842329 2402.042939 2404.049091 2404.690039 1 C 
 25 142 3  4 3 3 HH 1 122 -6 61 -76 1 1 0.652959 0 0 2405.704164 2406.205699 2406.707237 2406.907853 2408.914001 2409.566960 1 C 
 25 143 3  5 3 3 HH 1 163 +9 244 +79 1 1 0.892647 0 0 2410.585793 2411.087330 2411.588868 2411.789482 2413.795631 2414.688278 1 C 
 25 144 3  6 3 3 HH 1 109 -24 163 +46 1 1 0.792182 0 0 2415.701475 2416.203011 2416.704549 2416.905164 2418.911313 2419.703495 1 C 
 25 145 3  7 2 3 LH 1 129 +66 167 -4 1 1 1.177669 0 0 2420.716849 2421.218383 2421.719926 2421.920539 2423.926686 2425.104355 1 C 
 25 146 3  8 2 3 LH 1 92 +39 119 -31 1 1 2.019372 0 0 2426.116735 2426.618270 2427.119808 2427.320420 2429.326572 2431.345944 1 C 
 25 147 3  9 3 2 HL 1 84 -47 126 -82 1 1 0.903719 0 0 2432.369232 2432.870770 2433.372307 2433.572922 2435.579072 2436.482791 1 C 
 25 148 3 10 2 1 LN 0 171 +4 119 +4 1 0 1.667191 0 0 2437.501632 2438.003170 2438.504706 2438.705322 2440.711471 2442.378662 1 E 
 25 149 3 11 3 1 HN 0 93 +70 139 +70 1 0 2.118509 0 0 2443.403055 2443.904592 2444.406130 2444.606755 2446.612895 2448.731404 1 E 
 25 150 3 12 3 1 HN 0 115 -73 57 -73 0 1 0.884212 0 0 2449.755862 2450.257399 2450.758937 2450.959552 2452.965700 2453.849912 1 C 
 25 151 3 13 1 3 NH 0 64 +51 64 -19 0 1 1.081943 0 0 2454.871543 2455.373081 2455.874617 2456.075233 2458.081382 2459.163325 1 C 
 25 152 3 14 2 2 LL 1 113 +56 79 +21 1 1 1.316178 0 0 2460.187841 2460.689376 2461.190913 2461.391528 2463.397682 2464.713860 1 C 
 25 153 3 15 3 1 HN 0 134 +83 67 +83 0 1 1.142125 0 0 2465.738188 2466.239724 2466.741260 2466.941873 2468.948026 2470.090151 1 C 
 25 154 3 16 2 1 LN 0 162 -61 113 -61 0 1 1.082123 0 0 2471.104636 2471.606174 2472.107711 2472.308330 2474.314475 2475.396597 1 C 
 25 155 3 17 3 2 HL 1 74 +88 111 +53 1 1 1.243640 0 0 2476.420934 2476.922470 2477.424007 2477.624626 2479.630771 2480.874412 1 C 
 25 156 3 18 1 1 NN 0 142 -14 142 -14 0 1 1.916436 0 0 2481.887690 2482.389226 2482.890764 2483.091379 2485.097528 2487.013964 1 C 
 25 157 3 19 3 2 HL 1 130 -18 65 +17 1 1 0.937142 0 0 2488.039883 2488.541418 2489.042956 2489.243574 2491.249720 2492.186862 1 C 
 25 158 3 20 1 1 NN 0 109 +36 109 +36 0 1 0.886793 0 0 2493.205718 2493.707253 2494.208791 2494.409403 2496.415555 2497.302348 1 C 
 25 159 3 21 2 3 LH 1 168 -80 218 -10 1 1 0.942668 0 0 2498.321397 2498.822935 2499.324472 2499.525091 2501.531237 2502.473905 1 C 
 25 160 3 22 3 1 HN 0 174 -58 87 -58 0 1 0.808912 0 0 2503.487234 2503.988769 2504.490307 2504.690920 2506.697071 2507.505983 1 C 
 25 161 3 23 1 2 NL 0 173 -30 173 -65 1 0 2.202031 0 0 2508.519325 2509.020868 2509.522399 2509.723011 2511.729163 2513.931195 1 E 
 25 162 3 24 3 3 HH 1 118 +11 177 -59 1 1 1.673710 0 0 2514.955722 2515.457258 2515.958795 2516.159414 2518.165560 2519.839269 1 C 
 25 163 3 25 3 3 HH 1 143 -47 214 +23 1 1 1.298359 0 0 2520.857145 2521.358681 2521.860218 2522.060831 2524.066983 2525.365342 1 C 
 25 164 3 26 2 2 LL 1 178 +2 231 -33 1 1 1.503034 0 0 2526.390773 2526.892310 2527.393847 2527.594462 2529.600612 2531.103646 1 C 
 25 165 3 27 1 3 NH 0 87 -30 87 +40 0 1 0.775612 0 0 2532.125017 2532.626554 2533.128094 2533.328704 2535.334856 2536.110468 1 C 
 25 166 3 28 1 2 NL 0 117 -16 117 +19 0 1 1.501198 0 0 2537.123673 2537.625210 2538.126747 2538.327366 2540.333511 2541.834709 1 C 
 25 167 3 29 3 1 HN 0 58 -18 87 -18 0 1 1.152895 0 0 2542.857916 2543.359454 2543.860991 2544.061616 2546.067755 2547.220650 1 C 
 25 168 3 30 2 1 LN 0 162 -66 113 -66 0 1 0.848515 0 0 2548.241086 2548.742622 2549.244159 2549.444773 2551.450920 2552.299435 1 C 
 25 169 3 31 2 1 LN 0 143 -40 185 -40 0 1 0.903922 0 0 2553.323331 2553.824867 2554.326404 2554.527018 2556.533173 2557.437095 1 C 
 25 170 3 32 1 3 NH 0 118 -39 118 +31 0 1 1.115584 0 0 2558.455728 2558.957266 2559.458803 2559.659419 2561.665570 2562.781154 1 C 
 25 171 3 33 2 1 LN 0 157 +84 204 +84 0 1 0.812596 0 0 2563.805461 2564.306998 2564.808540 2565.009152 2567.015300 2567.827896 1 C 
 25 172 3 34 1 2 NL 0 122 -62 122 -27 0 1 0.765763 0 0 2568.854270 2569.355807 2569.857345 2570.057965 2572.064109 2572.829872 1 C 
 25 173 3 35 1 1 NN 0 130 +3 130 +3 0 1 1.864597 0 0 2573.852926 2574.354464 2574.856001 2575.056616 2577.062766 2578.927363 1 C 
 25 174 3 36 3 1 HN 0 159 +79 79 +79 0 1 0.866410 0 0 2579.938248 2580.439784 2580.941321 2581.141936 2583.148085 2584.014495 1 C 
 25 175 3 37 2 1 LN 0 87 -84 60 -84 0 1 0.887560 0 0 2585.037210 2585.538747 2586.040284 2586.240897 2588.247049 2589.134609 1 C 
 25 176 3 38 3 3 HH 1 106 +16 159 +86 1 1 0.842445 0 0 2590.152892 2590.654428 2591.155966 2591.356578 2593.362732 2594.205177 1 C 
 25 177 3 39 2 1 LN 0 130 -41 169 -41 0 1 0.677665 0 0 2595.218420 2595.719956 2596.221493 2596.422108 2598.428257 2599.105922 1 C 
 25 178 3 40 1 3 NH 0 62 +21 62 -49 1 0 1.162838 0 0 2600.116767 2600.618305 2601.119842 2601.320460 2603.326608 2604.489446 1 E 
 25 179 3 41 2 3 LH 1 56 +30 39 -40 1 1 0.927502 0 0 2605.499935 2606.001472 2606.503009 2606.703625 2608.709773 2609.637276 1 C 
 25 180 3 42 1 2 NL 0 100 +85 100 +50 0 1 0.836842 0 0 2610.649053 2611.150589 2611.652127 2611.852739 2613.858890 2614.695732 1 C 
 25 181 3 43 2 2 LL 1 55 +2 71 +37 1 1 3.010173 0 0 2615.714579 2616.216116 2616.717654 2616.918268 2618.924418 2621.934591 1 C 
 25 182 3 44 1 1 NN 0 84 -74 84 -74 0 1 0.868455 0 0 2622.953435 2623.454972 2623.956510 2624.157127 2626.163274 2627.031729 1 C 
 25 183 3 45 3 1 HN 0 77 -40 38 -40 0 1 1.185334 0 0 2628.052400 2628.553936 2629.055473 2629.256091 2631.262237 2632.447571 1 C 
 25 184 3 46 1 1 NN 0 97 -29 97 -29 0 1 0.807445 0 0 2633.469001 2633.970543 2634.472077 2634.672695 2636.678841 2637.486287 1 C 
 25 185 3 47 3 3 HH 1 76 +19 114 -51 1 1 0.959440 0 0 2638.501095 2639.002631 2639.504169 2639.704781 2641.710933 2642.670373 1 C 
 25 186 3 48 3 3 HH 1 69 -60 34 +10 1 1 0.798066 0 0 2643.683647 2644.185184 2644.686722 2644.887341 2646.893486 2647.691552 1 C 
 25 187 3 49 2 2 LL 1 57 -57 74 -22 0 0 1.165663 0 0 2648.715738 2649.217275 2649.718812 2649.919428 2651.925578 2653.091241 1 E 
 25 188 3 50 3 3 HH 1 86 -6 129 +64 1 1 0.714287 0 0 2654.115624 2654.617161 2655.118699 2655.319311 2657.325463 2658.039749 1 C 
 25 189 3 51 2 2 LL 1 95 -12 66 -47 1 1 0.832922 0 0 2659.064127 2659.565661 2660.067201 2660.267816 2662.273963 2663.106885 1 C 
 25 190 3 52 2 2 LL 1 112 -47 145 -12 1 1 0.797821 0 0 2664.129653 2664.631192 2665.132728 2665.333341 2667.339493 2668.137314 1 C 
 25 191 3 53 1 3 NH 0 106 -62 106 +8 0 1 1.908040 0 0 2669.161747 2669.663282 2670.164820 2670.365445 2672.371584 2674.279623 1 C 
 25 192 3 54 1 1 NN 0 136 -32 136 -32 0 1 1.572532 0 0 2675.297219 2675.798757 2676.300293 2676.500909 2678.507059 2680.079591 1 C 
 25 193 3 55 3 3 HH 1 146 -5 73 +65 1 1 0.647260 0 0 2681.098334 2681.599872 2682.101409 2682.302028 2684.308175 2684.955435 1 C 
 25 194 3 56 1 3 NH 0 95 +60 95 -10 0 1 1.397465 0 0 2685.979967 2686.481501 2686.983040 2687.183653 2689.189805 2690.587270 1 C 
 25 195 3 57 3 1 HN 0 154 +87 77 +87 0 1 0.888717 0 0 2691.613903 2692.115439 2692.616976 2692.817593 2694.823741 2695.712458 1 C 
 25 196 3 58 1 1 NN 0 127 -87 127 -87 0 1 0.647241 0 0 2696.729582 2697.231120 2697.732656 2697.933277 2699.939420 2700.586661 1 C 
 25 197 3 59 1 1 NN 0 160 +13 160 +13 0 1 0.675330 0 0 2701.611214 2702.112751 2702.614288 2702.814903 2704.821052 2705.496382 1 C 
 25 198 3 60 2 1 LN 0 76 -82 98 -82 0 1 0.926018 0 0 2706.509564 2707.011099 2707.512636 2707.713252 2709.719400 2710.645418 1 C 
 25 199 4  1 1 1 NN 0 70 +71 70 +71 0 1 1.143379 0 0 2738.892158 2739.393696 2739.895233 2740.095848 2742.101997 2743.245375 1 C 
 25 200 4  2 2 1 LN 0 145 +65 101 +65 0 1 0.728096 0 0 2744.258608 2744.760145 2745.261683 2745.462302 2747.468447 2748.196543 1 C 
 25 201 4  3 3 1 HN 0 155 +75 232 +75 0 1 0.866038 0 0 2749.207110 2749.708648 2750.210185 2750.410799 2752.416950 2753.282988 1 C 
 25 202 4  4 2 3 LH 1 91 -9 63 +61 1 1 0.777899 0 0 2754.306076 2754.807611 2755.309148 2755.509762 2757.515913 2758.293812 1 C 
 25 203 4  5 2 2 LL 1 95 -73 66 -38 1 1 1.087775 0 0 2759.304730 2759.806267 2760.307804 2760.508420 2762.514567 2763.602343 1 C 
 25 204 4  6 2 2 LL 1 97 -44 126 -9 1 1 0.805816 0 0 2764.621027 2765.122561 2765.624102 2765.824718 2767.830864 2768.636680 1 C 
 25 205 4  7 1 1 NN 0 66 +77 66 +77 0 1 0.750135 0 0 2769.653117 2770.154654 2770.656202 2770.856811 2772.862957 2773.613092 1 C 
 25 206 4  8 3 3 HH 1 73 +35 36 -35 1 1 0.670888 0 0 2774.635061 2775.136593 2775.638130 2775.838747 2777.844892 2778.515780 1 C 
 25 207 4  9 1 2 NL 0 107 +87 107 +52 0 1 1.683765 0 0 2779.533405 2780.034940 2780.536479 2780.737094 2782.743241 2784.427006 1 C 
 25 208 4 10 1 3 NH 0 144 +86 144 +16 0 1 1.072433 0 0 2785.451547 2785.953082 2786.454619 2786.655238 2788.661384 2789.733817 1 C 
 25 209 4 11 1 1 NN 0 130 +47 130 +47 0 1 0.855394 0 0 2790.751124 2791.252660 2791.754198 2791.954813 2793.960967 2794.816361 1 C 
 25 210 4 12 2 3 LH 1 56 -50 39 +20 1 1 1.449762 0 0 2795.833369 2796.334906 2796.836443 2797.037056 2799.043208 2800.492970 1 C 
 25 211 4 13 2 1 LN 0 62 +48 43 +48 0 1 0.870183 0 0 2801.517458 2802.018996 2802.520544 2802.721151 2804.727296 2805.597478 1 C 
 25 212 4 14 1 2 NL 0 121 +65 121 +30 0 1 1.066525 0 0 2806.616424 2807.117959 2807.619497 2807.820109 2809.826261 2810.892786 1 C 
 25 213 4 15 3 3 HH 1 82 -55 123 +15 1 1 1.065347 0 0 2811.916000 2812.417543 2812.919075 2813.119690 2815.125840 2816.191187 1 C 
 25 214 4 16 1 3 NH 0 55 +53 55 -17 1 0 3.299424 0 0 2817.215579 2817.717115 2818.218653 2818.419267 2820.425417 2823.724842 1 E 
 25 215 4 17 1 2 NL 0 162 -56 162 -21 0 1 0.920449 0 0 2824.738639 2825.240175 2825.741714 2825.942331 2827.948478 2828.868927 1 C 
 25 216 4 18 3 1 HN 0 59 +53 29 +53 0 1 0.798576 0 0 2829.887758 2830.389293 2830.890831 2831.091450 2833.097602 2833.896177 1 C 
 25 217 4 19 3 3 HH 1 103 -27 51 +43 1 1 0.664172 0 0 2834.919849 2835.421385 2835.922922 2836.123536 2838.129687 2838.793859 1 C 
 25 218 4 20 1 3 NH 0 154 -11 154 -81 1 0 0.953828 0 0 2839.818198 2840.319734 2840.821271 2841.021883 2843.028035 2843.981863 1 E 
 25 219 4 21 2 2 LL 1 80 -30 56 -65 1 1 1.466465 0 0 2845.000751 2845.502286 2846.003824 2846.204438 2848.210588 2849.677053 1 C 
 25 220 4 22 2 3 LH 1 122 -68 85 +2 1 1 0.849725 0 0 2850.701559 2851.203095 2851.704632 2851.905245 2853.911396 2854.761121 1 C 
 25 221 4 23 1 1 NN 0 164 +29 164 +29 0 1 0.627799 0 0 2855.783805 2856.285340 2856.786877 2856.987490 2858.993642 2859.621440 1 C 
 25 222 4 24 3 2 HL 1 56 +32 84 -3 1 1 1.428684 0 0 2860.631999 2861.133535 2861.635076 2861.835688 2863.841836 2865.270520 1 C 
 25 223 4 25 1 3 NH 0 109 +26 109 -44 0 1 1.901125 0 0 2866.282652 2866.784189 2867.285727 2867.486344 2869.492491 2871.393615 1 C 
 25 224 4 26 2 1 LN 0 65 +82 84 +82 0 1 1.206154 0 0 2872.418127 2872.919662 2873.421200 2873.621815 2875.627965 2876.834119 1 C 
 25 225 4 27 2 1 LN 0 94 -89 65 -89 0 1 1.450335 0 0 2877.851447 2878.352985 2878.854522 2879.055134 2881.061286 2882.511621 1 C 
 25 226 4 28 1 2 NL 0 119 +32 119 -3 1 0 1.917964 0 0 2883.535539 2884.037076 2884.538612 2884.739237 2886.745377 2888.663341 1 E 
 25 227 4 29 2 3 LH 1 141 +71 183 +1 1 1 0.937217 0 0 2889.687729 2890.189266 2890.690804 2890.891416 2892.897568 2893.834785 1 C 
 25 228 4 30 2 2 LL 1 62 +90 80 +55 1 1 0.959317 0 0 2894.853565 2895.355102 2895.856642 2896.057253 2898.063403 2899.022720 1 C 
 25 229 4 31 3 3 HH 1 135 -14 202 +56 1 1 0.725433 0 0 2900.036117 2900.537654 2901.039192 2901.239810 2903.245956 2903.971389 1 C 
 25 230 4 32 3 3 HH 1 120 -80 60 -10 1 1 0.797692 0 0 2904.984618 2905.486157 2905.987694 2906.188309 2908.194458 2908.992149 1 C 
 25 231 4 33 3 2 HL 1 75 -13 112 -48 1 1 0.872168 0 0 2910.016711 2910.518248 2911.019789 2911.220408 2913.226550 2914.098719 1 C 
 25 232 4 34 3 2 HL 1 104 +61 156 +26 1 1 0.909326 0 0 2915.115676 2915.617211 2916.118748 2916.319367 2918.325515 2919.234840 1 C 
 25 233 4 35 2 2 LL 1 60 +27 78 -8 1 1 0.625134 0 0 2920.248073 2920.749609 2921.251148 2921.451762 2923.457915 2924.083048 1 C 
 25 234 4 36 3 2 HL 1 129 +40 64 +5 1 1 0.608325 0 0 2925.096268 2925.597805 2926.099342 2926.299957 2928.306107 2928.914431 1 C 
 25 235 4 37 2 2 LL 1 87 +35 113 +70 1 1 1.154673 0 0 2929.927746 2930.429281 2930.930819 2931.131432 2933.137583 2934.292257 1 C 
 25 236 4 38 2 2 LL 1 123 -14 159 +21 1 1 0.825855 0 0 2935.310914 2935.812450 2936.313987 2936.514602 2938.520751 2939.346606 1 C 
 25 237 4 39 3 1 HN 0 133 +27 199 +27 0 1 0.870372 0 0 2940.359724 2940.861259 2941.362794 2941.563409 2943.569561 2944.439932 1 C 
 25 238 4 40 2 3 LH 1 77 -90 100 -20 1 1 0.741593 0 0 2945.458685 2945.960222 2946.461760 2946.662373 2948.668525 2949.410118 1 C 
 25 239 4 41 3 1 HN 0 97 -23 48 -23 0 1 0.721335 0 0 2950.423908 2950.925443 2951.426980 2951.627597 2953.633745 2954.355080 1 C 
 25 240 4 42 1 1 NN 0 147 -15 147 -15 0 1 0.659550 0 0 2955.372408 2955.873944 2956.375481 2956.576099 2958.582247 2959.241797 1 C 
 25 241 4 43 3 1 HN 0 142 -36 71 -36 0 1 0.565568 0 0 2960.254038 2960.755575 2961.257112 2961.457730 2963.463878 2964.029446 1 C 
 25 242 4 44 1 3 NH 0 124 +57 124 -13 1 0 0.671208 0 0 2965.052079 2965.553616 2966.055154 2966.255768 2968.261917 2968.933125 1 E 
 25 243 4 45 3 2 HL 1 125 -1 62 +34 1 1 0.666273 0 0 2969.950427 2970.451964 2970.953502 2971.154114 2973.160265 2973.826538 1 C 
 25 244 4 46 3 2 HL 1 171 -55 85 -20 0 0 1.048644 0 0 2974.848780 2975.350313 2975.851850 2976.052465 2978.058615 2979.107259 1 E 
 25 245 4 47 2 3 LH 1 63 -8 81 -78 0 0 1.093093 0 0 2980.131638 2980.633173 2981.134711 2981.335330 2983.341475 2984.434568 1 E 
 25 246 4 48 1 3 NH 0 100 +23 100 -47 0 1 1.227003 0 0 2985.447934 2985.949470 2986.451007 2986.651621 2988.657771 2989.884774 1 C 
 25 247 4 49 2 2 LL 1 72 +16 93 +51 1 1 1.074870 0 0 2990.897973 2991.399509 2991.901047 2992.101659 2994.107811 2995.182681 1 C 
 25 248 4 50 1 2 NL 0 105 -44 105 -9 0 1 1.109953 0 0 2996.197550 2996.699087 2997.200625 2997.401247 2999.407388 3000.517342 1 C 
 25 249 4 51 2 1 LN 0 135 -18 94 -18 0 1 1.094195 0 0 3001.530563 3002.032101 3002.533638 3002.734252 3004.740403 3005.834598 1 C 
 25 250 4 52 3 3 HH 1 130 -87 65 -17 1 1 1.018487 0 0 3006.846861 3007.348397 3007.849934 3008.050560 3010.056698 3011.075185 1 C 
 25 251 4 53 3 1 HN 0 172 +72 86 +72 0 1 0.809375 0 0 3012.096286 3012.597822 3013.099360 3013.299972 3015.306125 3016.115501 1 C 
 25 252 4 54 2 2 LL 1 99 -83 128 -48 0 0 1.611475 0 0 3017.128378 3017.629914 3018.131451 3018.332064 3020.338216 3021.949690 1 E 
 25 253 4 55 2 3 LH 1 78 -9 54 +61 1 1 0.842458 0 0 3022.962927 3023.464465 3023.966008 3024.166615 3026.172766 3027.015225 1 C 
 25 254 4 56 3 3 HH 1 99 +26 148 -44 1 1 0.753257 0 0 3028.028456 3028.529993 3029.031530 3029.232143 3031.238294 3031.991551 1 C 
 25 255 4 57 2 3 LH 1 77 +19 100 +89 1 1 1.433781 0 0 3033.010395 3033.511930 3034.013468 3034.214093 3036.220231 3037.654012 1 C 
 25 256 4 58 3 2 HL 1 151 +58 226 +23 1 1 0.712229 0 0 3038.677767 3039.179303 3039.680840 3039.881455 3041.887602 3042.599831 1 C 
 25 257 4 59 1 2 NL 0 130 -10 130 -45 0 1 1.047467 0 0 3043.626269 3044.127807 3044.629343 3044.829957 3046.836106 3047.883573 1 C 
 25 258 4 60 1 1 NN 0 66 -41 66 -41 0 1 1.121062 0 0 3048.909130 3049.410665 3049.912203 3050.112825 3052.118967 3053.240029 1 C 
 25 259 5  1 1 1 NN 0 85 +16 85 +16 0 1 0.715136 0 0 3074.002715 3074.504251 3075.005790 3075.206403 3077.212554 3077.927691 1 C 
 25 260 5  2 3 2 HL 1 120 -67 60 -32 1 1 1.142476 0 0 3078.951218 3079.452754 3079.954291 3080.154904 3082.161056 3083.303533 1 C 
 25 261 5  3 2 1 LN 0 159 +20 111 +20 0 1 0.826465 0 0 3084.317668 3084.819204 3085.320741 3085.521354 3087.527508 3088.353973 1 C 
 25 262 5  4 2 2 LL 1 159 +77 206 +42 0 0 0.991956 0 0 3089.366478 3089.868014 3090.369551 3090.570169 3092.576315 3093.568272 1 E 
 25 263 5  5 3 3 HH 1 96 -2 144 -72 1 1 0.893659 0 0 3094.582465 3095.084002 3095.585540 3095.786152 3097.792304 3098.685963 1 C 
 25 264 5  6 2 1 LN 0 54 -69 70 -69 0 1 0.794927 0 0 3099.698148 3100.199683 3100.701221 3100.901833 3102.907986 3103.702912 1 C 
 25 265 5  7 1 1 NN 0 104 +37 104 +37 0 1 0.826095 0 0 3104.713519 3105.215061 3105.716594 3105.917207 3107.923359 3108.749454 1 C 
 25 266 5  8 3 2 HL 1 70 -40 105 -5 1 1 1.076463 0 0 3109.762330 3110.263866 3110.765406 3110.966017 3112.972169 3114.048633 1 C 
 25 267 5  9 1 3 NH 0 99 -55 99 +15 0 1 2.040390 0 0 3115.061908 3115.563445 3116.064982 3116.265599 3118.271747 3120.312136 1 C 
 25 268 5 10 3 2 HL 1 163 -65 81 -30 1 1 1.424828 0 0 3121.331125 3121.832662 3122.334199 3122.534814 3124.540964 3125.965792 1 C 
 25 269 5 11 2 1 LN 0 124 -9 86 -9 0 1 0.768255 0 0 3126.981779 3127.483316 3127.984854 3128.185480 3130.191618 3130.959873 1 C 
 25 270 5 12 1 3 NH 0 55 +60 55 -10 0 1 1.009658 0 0 3131.980435 3132.481972 3132.983510 3133.184122 3135.190274 3136.199932 1 C 
 25 271 5 13 1 2 NL 0 138 +64 138 +29 0 1 1.067247 0 0 3137.213144 3137.714679 3138.216217 3138.416829 3140.422981 3141.490227 1 C 
 25 272 5 14 2 3 LH 1 66 -11 46 +59 1 1 0.775550 0 0 3142.512721 3143.014257 3143.515795 3143.716408 3145.722558 3146.498109 1 C 
 25 273 5 15 2 2 LL 1 117 +15 152 +50 1 1 1.901274 0 0 3147.511376 3148.012913 3148.514450 3148.715063 3150.721215 3152.622489 1 C 
 25 274 5 16 2 3 LH 1 83 +0 58 +70 1 1 0.640166 0 0 3153.646851 3154.148387 3154.649925 3154.850546 3156.856693 3157.496859 1 C 
 25 275 5 17 2 2 LL 1 78 -4 101 +31 1 1 1.374762 0 0 3158.511763 3159.013300 3159.514837 3159.715453 3161.721601 3163.096363 1 C 
 25 276 5 18 3 3 HH 1 163 +40 244 -30 1 1 0.736578 0 0 3164.112262 3164.613800 3165.115338 3165.315956 3167.322101 3168.058679 1 C 
 25 277 5 19 2 2 LL 1 165 +78 115 +43 1 1 1.090431 0 0 3169.077483 3169.579020 3170.080555 3170.281170 3172.287325 3173.377756 1 C 
 25 278 5 20 3 1 HN 0 93 +4 46 +4 0 1 0.948206 0 0 3174.393781 3174.895316 3175.396854 3175.597471 3177.603619 3178.551825 1 C 
 25 279 5 21 1 2 NL 0 92 +10 92 -25 0 1 1.313902 0 0 3179.576332 3180.077869 3180.579406 3180.780031 3182.786171 3184.100073 1 C 
 25 280 5 22 1 3 NH 0 54 +88 54 +18 0 1 0.859190 0 0 3185.126681 3185.628216 3186.129754 3186.330368 3188.336519 3189.195709 1 C 
 25 281 5 23 2 1 LN 0 56 -2 72 -2 0 1 0.613792 0 0 3190.208926 3190.710461 3191.211999 3191.412611 3193.418763 3194.032555 1 C 
 25 282 5 24 3 2 HL 1 147 +35 220 +0 1 1 0.809012 0 0 3195.057119 3195.558656 3196.060193 3196.260811 3198.266958 3199.075970 1 C 
 25 283 5 25 3 2 HL 1 173 +39 259 +74 1 1 0.785727 0 0 3200.089212 3200.590748 3201.092285 3201.292905 3203.299050 3204.084777 1 C 
 25 284 5 26 3 1 HN 0 99 -60 49 -60 0 1 0.754868 0 0 3205.104584 3205.606121 3206.107659 3206.308272 3208.314425 3209.069293 1 C 
 25 285 5 27 3 2 HL 1 69 -72 34 -37 1 1 0.948507 0 0 3210.086525 3210.588060 3211.089597 3211.290211 3213.296366 3214.244873 1 C 
 25 286 5 28 1 3 NH 0 95 +55 95 -15 0 1 0.946058 0 0 3215.269075 3215.770612 3216.272150 3216.472764 3218.478914 3219.424972 1 C 
 25 287 5 29 1 1 NN 0 120 -77 120 -77 0 1 0.574956 0 0 3220.451629 3220.953165 3221.454706 3221.655315 3223.661467 3224.236423 1 C 
 25 288 5 30 1 2 NL 0 61 -68 61 -33 0 1 1.751421 0 0 3225.249670 3225.751207 3226.252745 3226.453356 3228.459508 3230.210929 1 C 
 25 289 5 31 2 1 LN 0 147 -58 191 -58 0 1 0.524838 0 0 3231.234682 3231.736218 3232.237756 3232.438371 3234.444523 3234.969360 1 C 
 25 290 5 32 2 3 LH 1 61 -7 42 -77 1 1 0.946217 0 0 3235.982568 3236.484106 3236.985643 3237.186267 3239.192408 3240.138625 1 C 
 25 291 5 33 1 1 NN 0 78 +64 78 +64 0 1 0.591672 0 0 3241.165121 3241.666659 3242.168196 3242.368817 3244.374960 3244.966632 1 C 
 25 292 5 34 3 3 HH 1 68 +11 102 -59 1 1 0.998431 0 0 3245.979880 3246.481417 3246.982956 3247.183578 3249.189720 3250.188151 1 C 
 25 293 5 35 1 3 NH 0 164 -55 164 +15 0 1 0.863026 0 0 3251.212588 3251.714128 3252.215662 3252.416281 3254.422426 3255.285452 1 C 
 25 294 5 36 3 3 HH 1 151 +87 226 +17 1 1 0.809763 0 0 3256.311550 3256.813087 3257.314625 3257.515246 3259.521391 3260.331154 1 C 
 25 295 5 37 1 2 NL 0 100 -86 100 -51 0 1 0.725477 0 0 3261.343644 3261.845178 3262.346717 3262.547332 3264.553480 3265.278958 1 C 
 25 296 5 38 2 2 LL 1 176 -80 123 -45 1 1 1.750726 0 0 3266.292145 3266.793681 3267.295219 3267.495834 3269.501986 3271.252712 1 C 
 25 297 5 39 2 3 LH 1 69 +89 48 +19 1 1 0.725213 0 0 3272.277157 3272.778694 3273.280231 3273.480844 3275.486995 3276.212208 1 C 
 25 298 5 40 3 1 HN 0 114 -76 171 -76 0 1 1.137655 0 0 3277.225660 3277.727197 3278.228734 3278.429353 3280.435498 3281.573152 1 C 
 25 299 5 41 3 3 HH 1 91 +86 136 +16 1 1 0.930545 0 0 3282.592109 3283.093646 3283.595184 3283.795796 3285.801947 3286.732492 1 C 
 25 300 5 42 2 3 LH 1 100 +86 130 +16 1 1 0.900969 0 0 3287.757944 3288.259481 3288.761018 3288.961633 3290.967783 3291.868752 1 C 
 25 301 5 43 3 1 HN 0 65 -82 32 -82 0 1 0.976190 0 0 3292.890344 3293.391881 3293.893417 3294.094030 3296.100182 3297.076372 1 C 
 25 302 5 44 1 2 NL 0 121 -4 121 -39 0 1 0.992298 0 0 3298.089615 3298.591151 3299.092686 3299.293301 3301.299455 3302.291753 1 C 
 25 303 5 45 3 1 HN 0 67 -42 33 -42 0 1 0.728467 0 0 3303.305604 3303.807141 3304.308677 3304.509292 3306.515442 3307.243910 1 C 
 25 304 5 46 2 1 LN 0 150 -20 105 -20 0 1 0.725444 0 0 3308.270822 3308.772360 3309.273897 3309.474516 3311.480661 3312.206105 1 C 
 25 305 5 47 2 3 LH 1 70 +13 91 -57 0 0 0.937065 0 0 3313.219326 3313.720861 3314.222400 3314.423014 3316.429164 3317.366229 1 E 
 25 306 5 48 2 3 LH 1 77 +75 100 +5 1 1 1.113475 0 0 3318.385160 3318.886697 3319.388234 3319.588851 3321.594999 3322.708474 1 C 
 25 307 5 49 1 1 NN 0 144 +60 144 +60 0 1 0.725376 0 0 3323.734891 3324.236429 3324.737966 3324.938581 3326.944732 3327.670108 1 C 
 25 308 5 50 1 1 NN 0 59 -40 59 -40 0 1 0.656294 0 0 3328.683395 3329.184931 3329.686469 3329.887088 3331.893232 3332.549526 1 C 
 25 309 5 51 2 2 LL 1 151 -48 196 -13 1 1 0.797989 0 0 3333.565023 3334.066561 3334.568099 3334.768713 3336.774863 3337.572852 1 C 
 25 310 5 52 2 2 LL 1 90 -71 117 -36 1 1 0.886800 0 0 3338.597118 3339.098653 3339.600191 3339.800806 3341.806955 3342.693754 1 C 
 25 311 5 53 1 3 NH 0 55 +52 55 -18 0 1 1.092975 0 0 3343.712799 3344.214335 3344.715871 3344.916491 3346.922638 3348.015613 1 C 
 25 312 5 54 3 1 HN 0 86 -67 129 -67 0 1 0.811414 0 0 3349.029094 3349.530631 3350.032168 3350.232787 3352.238933 3353.050347 1 C 
 25 313 5 55 3 1 HN 0 123 +33 184 +33 0 1 0.753247 0 0 3354.061186 3354.562722 3355.064260 3355.264872 3357.271028 3358.024276 1 C 
 25 314 5 56 3 2 HL 1 96 +41 144 +6 1 1 0.641803 0 0 3359.043124 3359.544659 3360.046196 3360.246812 3362.252962 3362.894764 1 C 
 25 315 5 57 2 2 LL 1 135 -22 94 -57 1 1 1.039991 0 0 3363.908035 3364.409572 3364.911110 3365.111722 3367.117874 3368.157865 1 C 
 25 316 5 58 3 1 HN 0 170 -47 85 -47 0 1 0.511030 0 0 3369.174180 3369.675715 3370.177252 3370.377867 3372.384019 3372.895049 1 C 
 25 317 5 59 1 1 NN 0 178 -75 178 -75 0 1 0.518805 0 0 3373.922066 3374.423602 3374.925140 3375.125756 3377.131904 3377.650709 1 C 
 25 318 5 60 3 3 HH 1 92 +38 138 -32 1 1 0.742133 0 0 3378.669952 3379.171489 3379.673027 3379.873639 3381.879792 3382.621925 1 C 
 25 319 6  1 1 3 NH 0 110 +59 110 -11 1 0 1.731730 0 0 3401.038518 3401.540056 3402.041593 3402.242206 3404.248358 3405.980087 1 E 
 25 320 6  2 2 3 LH 1 72 -50 93 +20 1 1 0.623730 0 0 3407.006814 3407.508351 3408.009888 3408.210501 3410.216653 3410.840383 1 C 
 25 321 6  3 2 2 LL 1 140 -20 98 -55 1 1 0.625177 0 0 3411.855010 3412.356546 3412.858084 3413.058698 3415.064847 3415.690024 1 C 
 25 322 6  4 3 3 HH 1 87 +74 43 +4 1 1 0.583243 0 0 3416.703203 3417.204740 3417.706277 3417.906890 3419.913042 3420.496285 1 C 
 25 323 6  5 3 2 HL 1 173 -49 259 -14 1 1 0.608407 0 0 3421.517961 3422.019500 3422.521037 3422.721649 3424.727802 3425.336209 1 C 
 25 324 6  6 3 3 HH 1 96 +51 144 -19 1 1 0.569458 0 0 3426.349440 3426.850977 3427.352513 3427.553126 3429.559277 3430.128735 1 C 
 25 325 6  7 2 1 LN 0 144 -41 187 -41 0 1 0.636254 0 0 3431.147479 3431.649017 3432.150554 3432.351178 3434.357318 3434.993573 1 C 
 25 326 6  8 3 2 HL 1 90 +84 135 +49 1 1 0.554605 0 0 3436.012393 3436.513929 3437.015467 3437.216093 3439.222233 3439.776838 1 C 
 25 327 6  9 1 1 NN 0 177 +54 177 +54 0 1 0.550772 0 0 3440.793717 3441.295252 3441.796790 3441.997409 3444.003554 3444.554326 1 C 
 25 328 6 10 1 2 NL 0 127 +29 127 -6 0 1 2.434632 0 0 3445.575039 3446.076575 3446.578114 3446.778728 3448.784877 3451.219509 1 C 
 25 329 6 11 3 2 HL 1 131 -2 65 +33 1 1 0.611600 0 0 3452.245486 3452.747022 3453.248560 3453.449178 3455.455327 3456.066927 1 C 
 25 330 6 12 1 3 NH 0 138 +77 138 +7 0 1 2.379118 0 0 3457.093681 3457.595217 3458.096754 3458.297367 3460.303518 3462.682635 1 C 
 25 331 6 13 2 3 LH 1 74 -28 51 +42 1 1 0.664040 0 0 3463.697256 3464.198792 3464.700329 3464.900942 3466.907095 3467.571135 1 C 
 25 332 6 14 3 3 HH 1 152 +26 76 -44 1 1 0.563868 0 0 3468.595603 3469.097140 3469.598678 3469.799290 3471.805442 3472.369311 1 C 
 25 333 6 15 2 2 LL 1 136 +70 176 +35 1 1 0.920484 0 0 3473.393645 3473.895181 3474.396719 3474.597331 3476.603483 3477.523967 1 C 
 25 334 6 16 1 1 NN 0 77 +27 77 +27 0 1 0.614026 0 0 3478.542760 3479.044299 3479.545836 3479.746455 3481.752601 3482.366627 1 C 
 25 335 6 17 1 1 NN 0 129 +87 129 +87 0 1 0.988590 0 0 3483.390958 3483.892493 3484.394031 3484.594646 3486.600795 3487.589385 1 C 
 25 336 6 18 3 2 HL 1 163 +72 244 +37 1 1 0.714263 0 0 3488.606944 3489.108481 3489.610019 3489.810632 3491.816787 3492.531049 1 C 
 25 337 6 19 2 3 LH 1 81 -9 105 -79 1 1 0.753265 0 0 3493.555447 3494.056984 3494.558521 3494.759136 3496.765286 3497.518551 1 C 
 25 338 6 20 3 3 HH 1 160 +51 80 -19 1 1 0.650222 0 0 3498.537386 3499.038922 3499.540459 3499.741073 3501.747223 3502.397445 1 C 
 25 339 6 21 3 1 HN 0 66 -15 99 -15 0 1 0.782359 0 0 3503.419017 3503.920555 3504.422090 3504.622703 3506.628854 3507.411213 1 C 
 25 340 6 22 1 1 NN 0 142 -2 142 -2 0 1 0.744046 0 0 3508.434388 3508.935930 3509.437463 3509.638081 3511.644228 3512.388274 1 C 
 25 341 6 23 3 2 HL 1 121 +51 181 +16 1 1 0.954849 0 0 3513.399610 3513.901146 3514.402684 3514.603297 3516.609448 3517.564297 1 C 
 25 342 6 24 3 1 HN 0 88 -5 132 -5 0 1 0.819306 0 0 3518.582163 3519.083699 3519.585237 3519.785855 3521.792000 3522.611306 1 C 
 25 343 6 25 1 1 NN 0 163 -14 163 -14 0 1 0.619489 0 0 3523.630971 3524.132509 3524.634046 3524.834658 3526.840810 3527.460299 1 C 
 25 344 6 26 1 3 NH 0 138 -87 138 -17 1 0 3.117719 0 0 3528.479168 3528.980703 3529.482240 3529.682853 3531.689005 3534.806724 1 E 
 25 345 6 27 2 1 LN 0 54 -20 37 -20 0 1 0.831272 0 0 3535.818329 3536.319866 3536.821404 3537.022022 3539.028168 3539.859441 1 C 
 25 346 6 28 2 3 LH 1 173 +73 224 +3 1 1 0.696160 0 0 3540.883857 3541.385394 3541.886934 3542.087544 3544.093696 3544.789856 1 C 
 25 347 6 29 3 1 HN 0 56 -14 84 -14 0 1 1.026296 0 0 3545.815643 3546.317178 3546.818714 3547.019328 3549.025480 3550.051776 1 C 
 25 348 6 30 3 1 HN 0 87 +77 43 +77 0 1 1.132414 0 0 3551.065066 3551.566603 3552.068141 3552.268753 3554.274904 3555.407319 1 C 
 25 349 6 31 1 1 NN 0 152 +72 152 +72 0 1 0.943739 0 0 3556.431518 3556.933053 3557.434591 3557.635204 3559.641354 3560.585093 1 C 
 25 350 6 32 3 1 HN 0 171 +19 256 +19 0 1 0.725429 0 0 3561.597352 3562.098893 3562.600425 3562.801045 3564.807194 3565.532623 1 C 
 25 351 6 33 1 2 NL 0 87 -17 87 -52 0 1 1.105340 0 0 3566.545854 3567.047390 3567.548927 3567.749542 3569.755690 3570.861030 1 C 
 25 352 6 34 3 2 HL 1 127 +90 63 +55 1 1 0.719891 0 0 3571.878867 3572.380405 3572.881941 3573.082561 3575.088706 3575.808597 1 C 
 25 353 6 35 2 2 LL 1 171 +34 119 -1 1 1 0.816172 0 0 3576.827370 3577.328906 3577.830444 3578.031056 3580.037208 3580.853381 1 C 
 25 354 6 36 2 2 LL 1 63 -55 81 -20 1 1 0.814565 0 0 3581.876180 3582.377716 3582.879253 3583.079872 3585.086020 3585.900585 1 C 
 25 355 6 37 1 1 NN 0 143 -3 143 -3 0 1 0.730784 0 0 3586.924990 3587.426525 3587.928062 3588.128681 3590.134827 3590.865611 1 C 
 25 356 6 38 2 1 LN 0 90 -47 117 -47 0 1 0.541384 0 0 3591.890210 3592.391745 3592.893285 3593.093902 3595.100047 3595.641431 1 C 
 25 357 6 39 1 3 NH 0 61 -44 61 +26 1 0 0.748746 0 0 3596.654813 3597.156350 3597.657892 3597.858507 3599.864654 3600.613400 1 E 
 25 358 6 40 2 2 LL 1 89 +58 115 +23 0 0 0.630761 0 0 3601.636752 3602.138291 3602.639825 3602.840440 3604.846590 3605.477350 1 E 
 25 359 6 41 2 3 LH 1 144 +20 187 -50 1 1 0.721801 0 0 3606.501664 3607.003201 3607.504738 3607.705351 3609.711503 3610.433304 1 C 
 25 360 6 42 2 1 LN 0 113 -43 79 -43 0 1 0.697660 0 0 3611.450166 3611.951703 3612.453241 3612.653853 3614.660006 3615.357665 1 C 
 25 361 6 43 2 2 LL 1 92 -45 119 -80 0 0 0.936994 0 0 3616.381952 3616.883487 3617.385024 3617.585639 3619.591789 3620.528783 1 E 
 25 362 6 44 3 1 HN 0 118 -89 59 -89 0 1 0.809008 0 0 3621.547786 3622.049323 3622.550859 3622.751472 3624.757623 3625.566631 1 C 
 25 363 6 45 2 1 LN 0 58 +75 40 +75 0 1 0.516682 0 0 3626.579878 3627.081414 3627.582951 3627.783564 3629.789719 3630.306400 1 C 
 25 364 6 46 2 2 LL 1 156 -30 109 +5 1 1 0.865744 0 0 3631.327765 3631.829302 3632.330837 3632.531451 3634.537607 3635.403350 1 C 
 25 365 6 47 2 3 LH 1 176 -74 228 -4 1 1 0.669208 0 0 3636.426729 3636.928265 3637.429803 3637.630415 3639.636566 3640.305774 1 C 
 25 366 6 48 3 2 HL 1 82 +51 123 +86 1 1 0.666353 0 0 3641.325077 3641.826613 3642.328150 3642.528763 3644.534915 3645.201268 1 C 
 25 367 6 49 2 1 LN 0 141 +5 183 +5 0 1 0.567360 0 0 3646.223424 3646.724959 3647.226499 3647.427122 3649.433263 3650.000623 1 C 
 25 368 6 50 3 2 HL 1 74 -39 111 -74 1 1 1.864722 0 0 3651.021466 3651.523002 3652.024538 3652.225155 3654.231304 3656.096026 1 C 
 25 369 6 51 3 3 HH 1 115 -3 57 -73 1 1 0.727485 0 0 3657.106786 3657.608322 3658.109860 3658.310474 3660.316624 3661.044108 1 C 
 25 370 6 52 3 2 HL 1 119 -79 178 -44 1 1 0.654732 0 0 3662.055289 3662.556824 3663.058361 3663.258980 3665.265126 3665.919858 1 C 
 25 371 6 53 3 3 HH 1 116 +84 174 +14 1 1 0.541547 0 0 3666.936918 3667.438454 3667.939992 3668.140604 3670.146758 3670.688305 1 C 
 25 372 6 54 3 1 HN 0 154 +35 77 +35 0 1 0.753136 0 0 3671.701524 3672.203059 3672.704597 3672.905212 3674.911361 3675.664497 1 C 
 25 373 6 55 3 2 HL 1 105 -85 157 -50 1 1 0.557023 0 0 3676.683463 3677.184998 3677.686535 3677.887154 3679.893300 3680.450323 1 C 
 25 374 6 56 1 2 NL 0 58 -16 58 +19 0 1 1.009639 0 0 3681.464783 3681.966320 3682.467858 3682.668479 3684.674623 3685.684262 1 C 
 25 375 6 57 2 3 LH 1 129 +31 167 -39 1 1 1.022123 0 0 3686.697490 3687.199027 3687.700564 3687.901183 3689.907332 3690.929455 1 C 
 25 376 6 58 1 1 NN 0 112 -56 112 -56 0 1 0.636063 0 0 3691.946914 3692.448451 3692.949989 3693.150611 3695.156753 3695.792816 1 C 
 25 377 6 59 2 1 LN 0 143 +81 100 +81 0 1 2.004022 0 0 3696.811827 3697.313364 3697.814902 3698.015515 3700.021667 3702.025689 1 C 
 25 378 6 60 2 2 LL 1 99 +16 128 -19 1 1 1.778606 0 0 3703.047610 3703.549146 3704.050683 3704.251296 3706.257448 3708.036054 1 C 
