 14   1 0 43 2 1 LN 0 95 +4 80 +4 0 1 1.030791 0 0 5268.530108 5269.031076 5269.532049 5269.732440 5271.736335 5272.767125 1 C 
 14   2 0 44 1 1 NN 0 118 +19 118 +19 0 1 0.910870 0 0 5273.790328 5274.291301 5274.792279 5274.992665 5276.996570 5277.907439 1 C 
 14   3 0 45 3 3 HH 1 147 -11 102 +49 1 1 1.205767 0 0 5278.933658 5279.434632 5279.935605 5280.135996 5282.139891 5283.345659 1 C 
 14   4 0 46 3 3 HH 1 119 +59 154 -1 1 1 0.856623 0 0 5284.360877 5284.861850 5285.362823 5285.563213 5287.567109 5288.423732 1 C 
 14   5 0 47 1 3 NH 0 100 +78 100 +18 0 1 1.228144 0 0 5289.437410 5289.938384 5290.439358 5290.639747 5292.643643 5293.871787 1 C 
 14   6 0 48 3 2 HL 1 144 -47 100 -67 1 1 1.080793 0 0 5294.898025 5295.398998 5295.899975 5296.100363 5298.104258 5299.185052 1 C 
 14   7 0 49 1 1 NN 0 138 +55 138 +55 1 0 2.283837 0 0 5300.208349 5300.709325 5301.210299 5301.410685 5303.414584 5305.698421 1 E 
 14   8 0 50 1 1 NN 0 95 +37 95 +37 0 1 2.024903 0 0 5306.721010 5307.221985 5307.722959 5307.923345 5309.927241 5311.952144 1 C 
 14   9 0 51 3 3 HH 1 113 +56 146 -4 1 1 1.091994 0 0 5312.966482 5313.467458 5313.968430 5314.168819 5316.172714 5317.264708 1 C 
 14  10 0 52 1 2 NL 0 99 +5 99 -15 0 1 2.661683 0 0 5318.276806 5318.777782 5319.278753 5319.479142 5321.483038 5324.144721 1 C 
 14  11 0 53 1 3 NH 0 118 -49 118 +11 1 0 1.753659 0 0 5325.156846 5325.657824 5326.158794 5326.359182 5328.363079 5330.116737 1 E 
 14  12 0 54 1 2 NL 0 129 -27 129 -7 0 1 1.710217 0 0 5331.135134 5331.636110 5332.137081 5332.337472 5334.341366 5336.051583 1 C 
 14  13 0 55 2 2 LL 1 71 -50 81 -70 0 0 1.398206 0 0 5337.063326 5337.564299 5338.065276 5338.265661 5340.269558 5341.667764 1 E 
 14  14 0 56 2 3 LH 1 138 +73 158 +13 1 1 2.228745 0 0 5342.690932 5343.191904 5343.692881 5343.893268 5345.897164 5348.125909 1 C 
 14  15 0 57 3 2 HL 1 168 +8 117 +28 0 0 3.574296 0 0 5349.136794 5349.637769 5350.138742 5350.339132 5352.343026 5355.917322 1 E 
 14  16 0 58 3 3 HH 1 138 +38 96 -22 1 1 3.132711 0 0 5356.935290 5357.436265 5357.937234 5358.137624 5360.141520 5363.274231 1 C 
 14  17 0 59 3 3 HH 1 133 -12 172 +48 1 1 2.496055 0 0 5364.299603 5364.800577 5365.301554 5365.501940 5367.505835 5370.001890 1 C 
 14  18 0 60 2 2 LL 1 60 +25 69 +5 0 0 3.071318 0 0 5371.012652 5371.513626 5372.014600 5372.214990 5374.218885 5377.290203 1 E 
 14  19 1  1 1 3 NH 0 158 -18 158 +42 1 0 1.072945 0 0 5382.368061 5382.869037 5383.370007 5383.570396 5385.574290 5386.647235 1 E 
 14  20 1  2 2 2 LL 1 88 +76 101 +56 0 0 1.470754 0 0 5387.661686 5388.162657 5388.663631 5388.864021 5390.867916 5392.338670 1 E 
 14  21 1  3 3 3 HH 1 138 -13 179 -73 1 1 2.778357 0 0 5393.356088 5393.857061 5394.358034 5394.558423 5396.562319 5399.340676 1 C 
 14  22 1  4 3 2 HL 1 70 +83 91 +63 0 0 2.019769 0 0 5400.353022 5400.853994 5401.354972 5401.555358 5403.559253 5405.579023 1 E 
 14  23 1  5 3 2 HL 1 56 -66 39 -46 0 0 3.153769 0 0 5406.598496 5407.099469 5407.600442 5407.800832 5409.804728 5412.958497 1 E 
 14  24 1  6 2 3 LH 1 157 -56 180 +4 1 1 2.379667 0 0 5413.979514 5414.480488 5414.981457 5415.181847 5417.185742 5419.565408 1 C 
 14  25 1  7 1 1 NN 0 85 -37 85 -37 0 1 2.265163 0 0 5420.592365 5421.093341 5421.594312 5421.794702 5423.798597 5426.063759 1 C 
 14  26 1  8 3 2 HL 1 123 +29 159 +49 1 1 1.784527 0 0 5427.088326 5427.589299 5428.090276 5428.290662 5430.294555 5432.079082 1 C 
 14  27 1  9 1 2 NL 0 127 -89 127 -69 0 1 1.579005 0 0 5433.100012 5433.600985 5434.101960 5434.302349 5436.306244 5437.885249 1 C 
 14  28 1 10 3 3 HH 1 65 +26 45 -34 1 1 2.610523 0 0 5438.911309 5439.412282 5439.913256 5440.113645 5442.117541 5444.728064 1 C 
 14  29 1 11 2 3 LH 1 102 +50 86 -10 0 0 2.245196 0 0 5445.741253 5446.242226 5446.743200 5446.943589 5448.947484 5451.192680 1 E 
 14  30 1 12 1 2 NL 0 147 +76 147 +56 0 1 2.845483 0 0 5452.203816 5452.704792 5453.205761 5453.406151 5455.410047 5458.255530 1 C 
 14  31 1 13 2 3 LH 1 87 -29 100 -89 0 0 1.399722 0 0 5459.267547 5459.768523 5460.269493 5460.469882 5462.473778 5463.873500 1 E 
 14  32 1 14 2 3 LH 1 144 +37 165 -23 1 1 1.241467 0 0 5464.895153 5465.396128 5465.897102 5466.097489 5468.101385 5469.342852 1 C 
 14  33 1 15 3 1 HN 0 176 +20 228 +20 0 1 2.166216 0 0 5470.355767 5470.856743 5471.357715 5471.558104 5473.561999 5475.728214 1 C 
 14  34 1 16 2 1 LN 0 93 -59 106 -59 0 1 1.515140 0 0 5476.751533 5477.252507 5477.753481 5477.953871 5479.957765 5481.472905 1 C 
 14  35 1 17 1 2 NL 0 121 +60 121 +40 1 0 1.729491 0 0 5482.496034 5482.997007 5483.497985 5483.698370 5485.702265 5487.431757 1 E 
 14  36 1 18 2 3 LH 1 92 +26 105 +86 0 0 1.680390 0 0 5488.457621 5488.958598 5489.459570 5489.659960 5491.663855 5493.344245 1 E 
 14  37 1 19 3 1 HN 0 110 +36 143 +36 0 1 1.343770 0 0 5494.369113 5494.870087 5495.371060 5495.571451 5497.575344 5498.919114 1 C 
 14  38 1 20 1 1 NN 0 78 +47 78 +47 0 1 2.539312 0 0 5499.929923 5500.430897 5500.931871 5501.132262 5503.136156 5505.675468 1 C 
 14  39 1 21 2 1 LN 0 113 +90 129 +90 1 0 1.199109 0 0 5506.693071 5507.194047 5507.695021 5507.895407 5509.899303 5511.098412 1 E 
 14  40 1 22 2 2 LL 1 56 -56 47 -36 0 0 2.107509 0 0 5512.120288 5512.621259 5513.122235 5513.322624 5515.326520 5517.434029 1 E 
 14  41 1 23 1 2 NL 0 58 +85 58 +65 0 1 2.049874 0 0 5518.449256 5518.950234 5519.451204 5519.651594 5521.655489 5523.705363 1 C 
 14  42 1 24 2 2 LL 1 137 -64 116 -44 0 0 2.650402 0 0 5524.728130 5525.229105 5525.730077 5525.930466 5527.934361 5530.584762 1 E 
 14  43 1 25 3 2 HL 1 64 +76 83 +56 1 1 1.217223 0 0 5531.608170 5532.109144 5532.610120 5532.810506 5534.814402 5536.031625 1 C 
 14  44 1 26 1 1 NN 0 156 +36 156 +36 0 1 1.503924 0 0 5537.052089 5537.553059 5538.054035 5538.254423 5540.258318 5541.762242 1 C 
 14  45 1 27 3 1 HN 0 83 +0 58 +0 0 1 1.074145 0 0 5542.779888 5543.280860 5543.781834 5543.982223 5545.986119 5547.060264 1 C 
 14  46 1 28 3 3 HH 1 179 +38 232 -22 1 1 1.593167 0 0 5548.073511 5548.574486 5549.075458 5549.275847 5551.279743 5552.872910 1 C 
 14  47 1 29 2 2 LL 1 162 +75 137 +55 1 1 2.288712 0 0 5553.884808 5554.385780 5554.886753 5555.087144 5557.091040 5559.379752 1 C 
 14  48 1 30 3 2 HL 1 80 +51 104 +71 1 1 1.583816 0 0 5560.397467 5560.898444 5561.399418 5561.599804 5563.603699 5565.187515 1 C 
 14  49 1 31 3 2 HL 1 178 -78 231 -58 1 1 2.138597 0 0 5566.208764 5566.709741 5567.210711 5567.411101 5569.414995 5571.553593 1 C 
 14  50 1 32 2 2 LL 1 178 -2 151 +18 0 0 2.040601 0 0 5572.571132 5573.072104 5573.573079 5573.773469 5575.777364 5577.817966 1 E 
 14  51 1 33 2 1 LN 0 163 +16 138 +16 0 1 1.737842 0 0 5578.833306 5579.334280 5579.835253 5580.035642 5582.039537 5583.777379 1 C 
 14  52 1 34 3 2 HL 1 152 -65 106 -45 1 1 4.448585 0 0 5584.794893 5585.295868 5585.796843 5585.997229 5588.001132 5592.449717 1 C 
 14  53 1 35 2 2 LL 1 110 +22 93 +42 1 1 1.919178 0 0 5593.461741 5593.962715 5594.463689 5594.664078 5596.667974 5598.587152 1 C 
 14  54 1 36 2 1 LN 0 105 -35 89 -35 0 1 1.181159 0 0 5599.607021 5600.107994 5600.608968 5600.809357 5602.813253 5603.994412 1 C 
 14  55 1 37 3 1 HN 0 69 -16 48 -16 0 1 1.609723 0 0 5605.017537 5605.518512 5606.019487 5606.219875 5608.223770 5609.833493 1 C 
 14  56 1 38 1 2 NL 0 69 -57 69 -37 0 1 2.088373 0 0 5610.845535 5611.346511 5611.847485 5612.047870 5614.051766 5616.140139 1 C 
 14  57 1 39 2 1 LN 0 96 -67 110 -67 1 0 1.778463 0 0 5617.157805 5617.658781 5618.159752 5618.360141 5620.364037 5622.142500 1 E 
 14  58 1 40 1 3 NH 0 106 -63 106 -3 0 1 1.542865 0 0 5623.169490 5623.670464 5624.171438 5624.371825 5626.375721 5627.918586 1 C 
 14  59 1 41 1 1 NN 0 167 +6 167 +6 0 1 1.843455 0 0 5628.930688 5629.431664 5629.932638 5630.133028 5632.136920 5633.980374 1 C 
 14  60 1 42 2 3 LH 1 81 +11 68 +71 1 1 1.175519 0 0 5634.992474 5635.493451 5635.994422 5636.194812 5638.198706 5639.374225 1 C 
 14  61 1 43 1 2 NL 0 56 -63 56 -43 1 0 2.244917 0 0 5640.386293 5640.887269 5641.388239 5641.588629 5643.592524 5645.837441 1 E 
 14  62 1 44 1 3 NH 0 85 -2 85 -62 0 1 1.476039 0 0 5646.848855 5647.349828 5647.850802 5648.051191 5650.055087 5651.531126 1 C 
 14  63 1 45 1 1 NN 0 163 -7 163 -7 0 1 1.398132 0 0 5652.543259 5653.044230 5653.545204 5653.745594 5655.749490 5657.147622 1 C 
 14  64 1 46 2 2 LL 1 140 -90 119 -70 0 0 1.147777 0 0 5658.170864 5658.671841 5659.172812 5659.373200 5661.377096 5662.524873 1 E 
 14  65 1 47 2 3 LH 1 144 +20 122 +80 0 0 1.548428 0 0 5663.547983 5664.048956 5664.549930 5664.750319 5666.754215 5668.302643 1 E 
 14  66 1 48 1 3 NH 0 64 -13 64 +47 0 1 1.088880 0 0 5669.325881 5669.826855 5670.327829 5670.528218 5672.532114 5673.620993 1 C 
 14  67 1 49 1 3 NH 0 166 +47 166 -13 1 0 1.196295 0 0 5674.636204 5675.137177 5675.638150 5675.838543 5677.842437 5679.038732 1 E 
 14  68 1 50 1 1 NN 0 64 -63 64 -63 0 1 1.154876 0 0 5680.063423 5680.564396 5681.065368 5681.265758 5683.269653 5684.424528 1 C 
 14  69 1 51 2 2 LL 1 117 -1 99 +19 0 0 1.576492 0 0 5685.440540 5685.941514 5686.442488 5686.642877 5688.646772 5690.223264 1 E 
 14  70 1 52 1 3 NH 0 144 +86 144 +26 1 0 3.118419 0 0 5691.235138 5691.736113 5692.237085 5692.437475 5694.441369 5697.559788 1 E 
 14  71 1 53 1 2 NL 0 73 -10 73 +10 0 1 1.168536 0 0 5698.582753 5699.083727 5699.584702 5699.785091 5701.788984 5702.957519 1 C 
 14  72 1 54 2 1 LN 0 107 -76 90 -76 0 1 1.122298 0 0 5703.976572 5704.477546 5704.978521 5705.178910 5707.182804 5708.305102 1 C 
 14  73 1 55 2 1 LN 0 148 -35 125 -35 0 1 1.103240 0 0 5709.320293 5709.821267 5710.322241 5710.522631 5712.526526 5713.629766 1 C 
 14  74 1 56 3 3 HH 1 69 +33 89 -27 1 1 2.553269 0 0 5714.647316 5715.148289 5715.649263 5715.849653 5717.853547 5720.406817 1 C 
 14  75 1 57 1 2 NL 0 113 +27 113 +47 0 1 1.253200 0 0 5721.427161 5721.928135 5722.429112 5722.629498 5724.633394 5725.886594 1 C 
 14  76 1 58 1 3 NH 0 115 +15 115 -45 0 1 1.019527 0 0 5726.904477 5727.405452 5727.906425 5728.106812 5730.110708 5731.130235 1 C 
 14  77 1 59 1 1 NN 0 132 -24 132 -24 0 1 2.550254 0 0 5732.148003 5732.648975 5733.149950 5733.350340 5735.354235 5737.904489 1 C 
 14  78 1 60 1 3 NH 0 72 -38 72 +22 0 1 1.068875 0 0 5738.927849 5739.428822 5739.929796 5740.130190 5742.134081 5743.202956 1 C 
 14  79 2  1 3 1 HN 0 88 -84 61 -84 1 0 2.338809 0 0 5761.705460 5762.206433 5762.707406 5762.907796 5764.911692 5767.250500 1 E 
 14  80 2  2 3 1 HN 0 123 -80 86 -80 0 1 2.032721 0 0 5768.268218 5768.769192 5769.270166 5769.470554 5771.474449 5773.507171 1 C 
 14  81 2  3 2 1 LN 0 95 +46 109 +46 0 1 4.799263 0 0 5774.530389 5775.031365 5775.532337 5775.732727 5777.736622 5782.535885 1 C 
 14  82 2  4 3 3 HH 1 63 -56 81 +4 0 0 0.965736 0 0 5783.547920 5784.048896 5784.549866 5784.750256 5786.754162 5787.719897 1 E 
 14  83 2  5 3 1 HN 0 111 +27 77 +27 0 1 1.792650 0 0 5788.741349 5789.242325 5789.743295 5789.943685 5791.947580 5793.740230 1 C 
 14  84 2  6 2 2 LL 1 176 -14 202 +6 1 1 2.355548 0 0 5794.753035 5795.254008 5795.754985 5795.955371 5797.959266 5800.314815 1 C 
 14  85 2  7 3 1 HN 0 71 +65 49 +65 0 1 2.406528 0 0 5801.332492 5801.833467 5802.334438 5802.534827 5804.538722 5806.945250 1 C 
 14  86 2  8 3 3 HH 1 107 -72 74 -12 1 1 1.516140 0 0 5807.962045 5808.463022 5808.963992 5809.164381 5811.168277 5812.684417 1 C 
 14  87 2  9 3 1 HN 0 106 +61 137 +61 0 1 1.448261 0 0 5813.706545 5814.207520 5814.708492 5814.908881 5816.912777 5818.361038 1 C 
 14  88 2 10 2 2 LL 1 81 +33 68 +13 0 0 2.923268 0 0 5819.384249 5819.885222 5820.386199 5820.586582 5822.590481 5825.513749 1 E 
 14  89 2 11 3 1 HN 0 160 -57 112 -57 0 1 1.266495 0 0 5826.531477 5827.032449 5827.533422 5827.733812 5829.737707 5831.004201 1 C 
 14  90 2 12 2 3 LH 1 98 +84 112 +24 1 1 1.437003 0 0 5832.025489 5832.526462 5833.027440 5833.227826 5835.231720 5836.668724 1 C 
 14  91 2 13 1 1 NN 0 166 -9 166 -9 0 1 2.097177 0 0 5837.686498 5838.187467 5838.688440 5838.888831 5840.892725 5842.989902 1 C 
 14  92 2 14 3 3 HH 1 179 -29 232 +31 1 1 1.375957 0 0 5844.015463 5844.516436 5845.017410 5845.217797 5847.221694 5848.597652 1 C 
 14  93 2 15 1 1 NN 0 145 +34 145 +34 0 1 1.126809 0 0 5849.609671 5850.110644 5850.611622 5850.812008 5852.815900 5853.942709 1 C 
 14  94 2 16 1 2 NL 0 171 -66 171 -46 1 0 3.657967 0 0 5854.953391 5855.454366 5855.955341 5856.155729 5858.159624 5861.817591 1 E 
 14  95 2 17 3 2 HL 1 166 +57 215 +37 1 1 1.826722 0 0 5862.835380 5863.336357 5863.837328 5864.037717 5866.041614 5867.868336 1 C 
 14  96 2 18 3 2 HL 1 142 -80 184 -60 1 1 1.923557 0 0 5868.880466 5869.381439 5869.882414 5870.082802 5872.086696 5874.010252 1 C 
 14  97 2 19 2 2 LL 1 137 +33 116 +53 1 1 1.370426 0 0 5875.025745 5875.526718 5876.027692 5876.228081 5878.231975 5879.602401 1 C 
 14  98 2 20 3 3 HH 1 114 -83 79 -23 1 1 1.267397 0 0 5880.619953 5881.120926 5881.621899 5881.822291 5883.826185 5885.093581 1 C 
 14  99 2 21 3 2 HL 1 117 +6 152 -14 1 1 1.915747 0 0 5886.113967 5886.614938 5887.115913 5887.316302 5889.320198 5891.235944 1 C 
 14 100 2 22 3 2 HL 1 145 -27 101 -7 1 1 1.333268 0 0 5892.259245 5892.760218 5893.261195 5893.461581 5895.465479 5896.798747 1 C 
 14 101 2 23 2 3 LH 1 115 -43 97 +17 0 0 1.921346 0 0 5897.820056 5898.321028 5898.822002 5899.022391 5901.026287 5902.947632 1 E 
 14 102 2 24 2 2 LL 1 122 +76 103 +56 0 0 1.196171 0 0 5903.965334 5904.466307 5904.967281 5905.167670 5907.171566 5908.367737 1 E 
 14 103 2 25 1 2 NL 0 60 -10 60 -30 0 1 1.865769 0 0 5909.392550 5909.893530 5910.394498 5910.594887 5912.598782 5914.464551 1 C 
 14 104 2 26 2 3 LH 1 121 +54 102 -6 0 0 1.832338 0 0 5915.487733 5915.988706 5916.489679 5916.690069 5918.693967 5920.526305 1 E 
 14 105 2 27 3 3 HH 1 121 -53 84 +7 1 1 1.592981 0 0 5921.549516 5922.050493 5922.551467 5922.751852 5924.755748 5926.348729 1 C 
 14 106 2 28 1 2 NL 0 165 -8 165 +12 1 0 2.077181 0 0 5927.360812 5927.861786 5928.362759 5928.563149 5930.567044 5932.644225 1 E 
 14 107 2 29 2 1 LN 0 130 +80 149 +80 0 1 2.472456 0 0 5933.656384 5934.157355 5934.658329 5934.858721 5936.862616 5939.335072 1 C 
 14 108 2 30 2 1 LN 0 180 -15 153 -15 0 1 2.462745 0 0 5940.352735 5940.853708 5941.354681 5941.555071 5943.558967 5946.021712 1 C 
 14 109 2 31 2 3 LH 1 56 -41 64 +19 0 0 1.559527 0 0 5947.032385 5947.533362 5948.034333 5948.234722 5950.238618 5951.798145 1 E 
 14 110 2 32 3 2 HL 1 112 +84 78 +64 0 0 1.800029 0 0 5952.810284 5953.311261 5953.812235 5954.012621 5956.016516 5957.816545 1 E 
 14 111 2 33 3 1 HN 0 88 +47 61 +47 0 1 1.759883 0 0 5958.838671 5959.339646 5959.840616 5960.041010 5962.044901 5963.804784 1 C 
 14 112 2 34 3 3 HH 1 135 -36 175 +24 1 1 1.854738 0 0 5964.816957 5965.317931 5965.818905 5966.019294 5968.023189 5969.877927 1 C 
 14 113 2 35 3 2 HL 1 180 -55 125 -75 1 1 1.704138 0 0 5970.895439 5971.396413 5971.897387 5972.097777 5974.101682 5975.805821 1 C 
 14 114 2 36 2 3 LH 1 171 -73 145 -13 1 1 1.459437 0 0 5976.823631 5977.324604 5977.825580 5978.025967 5980.029863 5981.489299 1 C 
 14 115 2 37 3 2 HL 1 175 -38 122 -18 1 1 3.379845 0 0 5982.501335 5983.002307 5983.503281 5983.703671 5985.707566 5989.087411 1 C 
 14 116 2 38 1 1 NN 0 114 -32 114 -32 0 1 1.496540 0 0 5990.099439 5990.600412 5991.101385 5991.301774 5993.305670 5994.802209 1 C 
 14 117 2 39 2 3 LH 1 77 +45 88 -15 1 1 1.225539 0 0 5995.827239 5996.328215 5996.829185 5997.029575 5999.033471 6000.259010 1 C 
 14 118 2 40 1 1 NN 0 56 -42 56 -42 0 1 1.667228 0 0 6001.271155 6001.772127 6002.273101 6002.473490 6004.477387 6006.144615 1 C 
 14 119 2 41 3 3 HH 1 56 -48 39 +12 1 1 1.286958 0 0 6007.165948 6007.666920 6008.167894 6008.368284 6010.372179 6011.659137 1 C 
 14 120 2 42 2 1 LN 0 89 -53 75 -53 0 1 1.756466 0 0 6012.676659 6013.177633 6013.678608 6013.878996 6015.882890 6017.639356 1 C 
 14 121 2 43 2 2 LL 1 112 +87 128 +67 1 1 1.123358 0 0 6018.654947 6019.155920 6019.656894 6019.857284 6021.861179 6022.984537 1 C 
 14 122 2 44 1 3 NH 0 178 -6 178 +54 1 0 1.581933 0 0 6023.998669 6024.499641 6025.000615 6025.201004 6027.204900 6028.786833 1 E 
 14 123 2 45 3 1 HN 0 62 -80 43 -80 0 1 1.800978 0 0 6029.809966 6030.310936 6030.811915 6031.012301 6033.016196 6034.817175 1 C 
 14 124 2 46 2 1 LN 0 154 +63 177 +63 0 1 1.559456 0 0 6035.838350 6036.339323 6036.840301 6037.040686 6039.044582 6040.604038 1 C 
 14 125 2 47 1 2 NL 0 178 +55 178 +35 0 1 1.426639 0 0 6041.616250 6042.117222 6042.618196 6042.818585 6044.822480 6046.249120 1 C 
 14 126 2 48 2 2 LL 1 164 +19 188 -1 1 1 1.578008 0 0 6047.260555 6047.761527 6048.262504 6048.462890 6050.466785 6052.044793 1 C 
 14 127 2 49 1 1 NN 0 167 +34 167 +34 0 1 1.333356 0 0 6053.071852 6053.572824 6054.073798 6054.274188 6056.278083 6057.611438 1 C 
 14 128 2 50 3 3 HH 1 73 +7 94 -53 1 1 2.186833 0 0 6058.632661 6059.133633 6059.634606 6059.834997 6061.838892 6064.025725 1 C 
 14 129 2 51 1 2 NL 0 118 -33 118 -13 0 1 1.352509 0 0 6065.045126 6065.546099 6066.047072 6066.247462 6068.251358 6069.603867 1 C 
 14 130 2 52 2 2 LL 1 65 +74 55 +54 1 1 1.484195 0 0 6070.622635 6071.123608 6071.624581 6071.824971 6073.828866 6075.313061 1 C 
 14 131 2 53 1 1 NN 0 88 +78 88 +78 0 1 1.345151 0 0 6076.333737 6076.834710 6077.335683 6077.536073 6079.539968 6080.885120 1 C 
 14 132 2 54 1 2 NL 0 158 -83 158 -63 1 0 1.464771 0 0 6081.911245 6082.412219 6082.913193 6083.113582 6085.117477 6086.582248 1 E 
 14 133 2 55 1 3 NH 0 85 +32 85 -28 0 1 1.743354 0 0 6087.605649 6088.106621 6088.607595 6088.807985 6090.811880 6092.555233 1 C 
 14 134 2 56 2 1 LN 0 62 +57 52 +57 1 0 1.480070 0 0 6093.567237 6094.068213 6094.569188 6094.769585 6096.773469 6098.253539 1 E 
 14 135 2 57 2 3 LH 1 59 +60 67 +0 0 0 2.311054 0 0 6099.278339 6099.779315 6100.280285 6100.480675 6102.484571 6104.795624 1 E 
 14 136 2 58 1 3 NH 0 54 +8 54 +68 0 1 2.053136 0 0 6105.807698 6106.308674 6106.809645 6107.010034 6109.013930 6111.067066 1 C 
 14 137 2 59 2 2 LL 1 71 -13 60 +7 0 0 0.973922 0 0 6112.086570 6112.587543 6113.088525 6113.288907 6115.292802 6116.266724 1 E 
 14 138 2 60 2 3 LH 1 164 -80 139 -20 1 1 1.092011 0 0 6117.279999 6117.780973 6118.281946 6118.482336 6120.486231 6121.578242 1 C 
 14 139 3  1 2 2 LL 1 146 +47 167 +67 1 1 2.388841 0 0 6148.540768 6149.041744 6149.542714 6149.743103 6151.747003 6154.135844 1 C 
 14 140 3  2 3 3 HH 1 74 +42 51 -18 1 1 1.190578 0 0 6155.153622 6155.654595 6156.155569 6156.355958 6158.359854 6159.550432 1 C 
 14 141 3  3 3 2 HL 1 168 +78 117 +58 1 1 1.682152 0 0 6160.564139 6161.065113 6161.566089 6161.766477 6163.770372 6165.452524 1 C 
 14 142 3  4 3 3 HH 1 120 -43 84 +17 1 1 1.548164 0 0 6166.475630 6166.976606 6167.477580 6167.677965 6169.681861 6171.230025 1 C 
 14 143 3  5 2 3 LH 1 121 -53 139 +7 1 1 0.858208 0 0 6172.253529 6172.754507 6173.255476 6173.455866 6175.459762 6176.317970 1 C 
 14 144 3  6 1 3 NH 0 76 +74 76 +14 1 0 1.603997 0 0 6177.330066 6177.831037 6178.332012 6178.532400 6180.536297 6182.140293 1 E 
 14 145 3  7 2 2 LL 1 63 +0 72 -20 0 0 9.364719 0 0 6183.158061 6183.659033 6184.160011 6184.360397 6186.364292 6195.729011 1 E 
 14 146 3  8 2 2 LL 1 112 -66 95 -86 0 0 1.536863 0 0 6196.751152 6197.252127 6197.753098 6197.953487 6199.957382 6201.494245 1 E 
 14 147 3  9 3 1 HN 0 77 +28 100 +28 0 1 1.505599 0 0 6202.512351 6203.013323 6203.514297 6203.714686 6205.718582 6207.224181 1 C 
 14 148 3 10 3 2 HL 1 68 -79 88 -59 1 1 1.139142 0 0 6208.240151 6208.741124 6209.242098 6209.442487 6211.446383 6212.585524 1 C 
 14 149 3 11 1 3 NH 0 54 -78 54 -18 1 0 0.863940 0 0 6213.600578 6214.101548 6214.602522 6214.802908 6216.806802 6217.670742 1 E 
 14 150 3 12 3 2 HL 1 123 -68 86 -88 1 1 0.657801 0 0 6218.693807 6219.194781 6219.695756 6219.896142 6221.900037 6222.557838 1 C 
 14 151 3 13 2 3 LH 1 177 -31 150 +29 1 1 1.017358 0 0 6223.569950 6224.070924 6224.571901 6224.772288 6226.776183 6227.793541 1 C 
 14 152 3 14 2 3 LH 1 168 -84 142 -24 0 0 1.970725 0 0 6228.813477 6229.314453 6229.815428 6230.015813 6232.019710 6233.990434 1 E 
 14 153 3 15 3 1 HN 0 56 +61 72 +61 1 0 0.847046 0 0 6235.008855 6235.509827 6236.010800 6236.211191 6238.215086 6239.062132 1 E 
 14 154 3 16 1 1 NN 0 74 -9 74 -9 0 1 1.516934 0 0 6240.085390 6240.586362 6241.087336 6241.287726 6243.291620 6244.808555 1 C 
 14 155 3 17 3 3 HH 1 98 -3 68 -63 1 1 1.030632 0 0 6245.829889 6246.330863 6246.831836 6247.032232 6249.036121 6250.066753 1 C 
 14 156 3 18 2 3 LH 1 98 -12 112 -72 1 1 1.186631 0 0 6251.090113 6251.591088 6252.092065 6252.292451 6254.296346 6255.482977 1 C 
 14 157 3 19 2 3 LH 1 145 -29 123 -89 0 0 2.236778 0 0 6256.500633 6257.001609 6257.502581 6257.702969 6259.706863 6261.943641 1 E 
 14 158 3 20 2 3 LH 1 105 -64 120 -4 0 0 1.119844 0 0 6262.963197 6263.464169 6263.965141 6264.165531 6266.169427 6267.289271 1 E 
 14 159 3 21 2 2 LL 1 127 +27 107 +7 1 1 2.238463 0 0 6268.306916 6268.807889 6269.308863 6269.509252 6271.513147 6273.751610 1 C 
 14 160 3 22 3 2 HL 1 84 +87 109 +67 1 1 1.128111 0 0 6274.769479 6275.270452 6275.771428 6275.971815 6277.975710 6279.103822 1 C 
 14 161 3 23 3 1 HN 0 95 +68 66 +68 0 1 1.674011 0 0 6280.129899 6280.630871 6281.131845 6281.332235 6283.336131 6285.010142 1 C 
 14 162 3 24 2 2 LL 1 111 +33 94 +13 1 1 3.633467 0 0 6286.024692 6286.525666 6287.026638 6287.227027 6289.230923 6292.864390 1 C 
 14 163 3 25 1 1 NN 0 90 +86 90 +86 1 0 2.575955 0 0 6293.889981 6294.390954 6294.891928 6295.092317 6297.096211 6299.672166 1 E 
 14 164 3 26 3 1 HN 0 98 +39 68 +39 0 1 2.167463 0 0 6300.686525 6301.187501 6301.688473 6301.888862 6303.892758 6306.060221 1 C 
 14 165 3 27 2 1 LN 0 86 -59 98 -59 0 1 0.936071 0 0 6307.082290 6307.583265 6308.084239 6308.284628 6310.288522 6311.224593 1 C 
 14 166 3 28 2 3 LH 1 56 -73 64 -13 1 1 1.249560 0 0 6312.242323 6312.743296 6313.244270 6313.444659 6315.448555 6316.698115 1 C 
 14 167 3 29 3 1 HN 0 130 +87 91 +87 0 1 1.564828 0 0 6317.719638 6318.220610 6318.721583 6318.921973 6320.925868 6322.490695 1 C 
 14 168 3 30 2 1 LN 0 172 +11 146 +11 0 1 1.738344 0 0 6323.514234 6324.015211 6324.516182 6324.716570 6326.720466 6328.458810 1 C 
 14 169 3 31 2 3 LH 1 129 -89 109 -29 0 0 2.800919 0 0 6329.475822 6329.976796 6330.477770 6330.678160 6332.682055 6335.482974 1 E 
 14 170 3 32 2 3 LH 1 95 -57 80 +3 1 1 2.300724 0 0 6336.506156 6337.007129 6337.508103 6337.708492 6339.712387 6342.013111 1 C 
 14 171 3 33 1 2 NL 0 78 -15 78 +5 0 1 2.231845 0 0 6343.035515 6343.536490 6344.037462 6344.237852 6346.241747 6348.473592 1 C 
 14 172 3 34 1 3 NH 0 81 -79 81 -19 0 1 1.370703 0 0 6349.498077 6349.999051 6350.500025 6350.700414 6352.704310 6354.075013 1 C 
 14 173 3 35 3 3 HH 1 72 +10 50 +70 1 1 1.231272 0 0 6355.092286 6355.593262 6356.094232 6356.294622 6358.298518 6359.529790 1 C 
 14 174 3 36 1 3 NH 0 121 +80 121 +20 1 0 1.563096 0 0 6360.552901 6361.053877 6361.554847 6361.755237 6363.759134 6365.322230 1 E 
 14 175 3 37 3 2 HL 1 94 -77 122 -57 0 0 1.203460 0 0 6366.347500 6366.848475 6367.349446 6367.549834 6369.553730 6370.757190 1 E 
 14 176 3 38 2 1 LN 0 154 -84 177 -84 0 1 1.008536 0 0 6371.774717 6372.275688 6372.776664 6372.977052 6374.980952 6375.989487 1 C 
 14 177 3 39 3 2 HL 1 103 -70 72 -50 1 1 1.058785 0 0 6377.001542 6377.502516 6378.003487 6378.203879 6380.207774 6381.266560 1 C 
 14 178 3 40 1 3 NH 0 105 -11 105 -71 1 0 0.920821 0 0 6382.278466 6382.779443 6383.280414 6383.480803 6385.484699 6386.405519 1 E 
 14 179 3 41 2 3 LH 1 80 +81 68 +21 1 1 2.353447 0 0 6387.421798 6387.922773 6388.423746 6388.624135 6390.628028 6392.981475 1 C 
 14 180 3 42 3 2 HL 1 179 -69 125 -89 1 1 1.659780 0 0 6394.001256 6394.502228 6395.003201 6395.203591 6397.207485 6398.867265 1 C 
 14 181 3 43 1 1 NN 0 142 -63 142 -63 0 1 0.952593 0 0 6399.879348 6400.380321 6400.881295 6401.081684 6403.085580 6404.038173 1 C 
 14 182 3 44 3 2 HL 1 79 +81 102 +61 1 1 2.695820 0 0 6405.056078 6405.557054 6406.058024 6406.258414 6408.262310 6410.958130 1 C 
 14 183 3 45 2 1 LN 0 101 +21 85 +21 0 1 0.951316 0 0 6411.969518 6412.470490 6412.971464 6413.171853 6415.175749 6416.127064 1 C 
 14 184 3 46 2 2 LL 1 102 +36 117 +16 1 1 0.871902 0 0 6417.146248 6417.647220 6418.148194 6418.348584 6420.352478 6421.224380 1 C 
 14 185 3 47 3 3 HH 1 92 +37 119 -23 1 1 0.746801 0 0 6422.239481 6422.740458 6423.241428 6423.441818 6425.445713 6426.192515 1 C 
 14 186 3 48 2 3 LH 1 109 +63 92 +3 1 1 0.952965 0 0 6427.215820 6427.716794 6428.217768 6428.418158 6430.422053 6431.375017 1 C 
 14 187 3 49 3 3 HH 1 80 +4 56 -56 1 1 1.314256 0 0 6432.392551 6432.893524 6433.394501 6433.594887 6435.598782 6436.913038 1 C 
 14 188 3 50 1 2 NL 0 121 -7 121 +13 1 0 1.449732 0 0 6437.936661 6438.437632 6438.938610 6439.138998 6441.142898 6442.592630 1 E 
 14 189 3 51 3 3 HH 1 143 +74 185 +14 1 1 1.083449 0 0 6443.614365 6444.115341 6444.616312 6444.816701 6446.820597 6447.904046 1 C 
 14 190 3 52 2 3 LH 1 84 -33 96 +27 1 1 0.874850 0 0 6448.924689 6449.425660 6449.926635 6450.127024 6452.130924 6453.005774 1 C 
 14 191 3 53 3 3 HH 1 61 -35 79 +25 1 1 1.300655 0 0 6454.017921 6454.518897 6455.019870 6455.220259 6457.224153 6458.524808 1 C 
 14 192 3 54 3 3 HH 1 104 +88 72 +28 1 1 0.769139 0 0 6459.545334 6460.046310 6460.547281 6460.747669 6462.751565 6463.520704 1 C 
 14 193 3 55 1 3 NH 0 160 +11 160 +71 1 0 0.936029 0 0 6464.538374 6465.039346 6465.540321 6465.740709 6467.744605 6468.680634 1 E 
 14 194 3 56 2 2 LL 1 113 +7 129 +27 1 1 0.880500 0 0 6469.698403 6470.199376 6470.700354 6470.900740 6472.904635 6473.785136 1 C 
 14 195 3 57 2 2 LL 1 105 -90 120 -70 1 1 0.897220 0 0 6474.808337 6475.309310 6475.810284 6476.010672 6478.014568 6478.911788 1 C 
 14 196 3 58 1 1 NN 0 153 +19 153 +19 0 1 1.219963 0 0 6479.934969 6480.435942 6480.936916 6481.137305 6483.141201 6484.361164 1 C 
 14 197 3 59 3 2 HL 1 80 -41 56 -21 1 1 2.193997 0 0 6485.378886 6485.879857 6486.380832 6486.581221 6488.585118 6490.779115 1 C 
 14 198 3 60 3 1 HN 0 78 -76 101 -76 1 0 0.850895 0 0 6491.791350 6492.292324 6492.793298 6492.993689 6494.997582 6495.848477 1 E 
 14 199 4  1 3 1 HN 0 110 -5 77 -5 0 1 1.058530 0 0 6528.178753 6528.679724 6529.180711 6529.381089 6531.384983 6532.443514 1 C 
 14 200 4  2 1 2 NL 0 133 +12 133 +32 1 0 0.993407 0 0 6533.455676 6533.956652 6534.457626 6534.658012 6536.661907 6537.655314 1 E 
 14 201 4  3 1 2 NL 0 78 +43 78 +63 0 1 1.136468 0 0 6538.665803 6539.166780 6539.667751 6539.868140 6541.872036 6543.008504 1 C 
 14 202 4  4 2 3 LH 1 107 +40 90 -20 0 0 3.560615 0 0 6544.026224 6544.527196 6545.028174 6545.228559 6547.232455 6550.793070 1 E 
 14 203 4  5 2 1 LN 0 130 -35 149 -35 0 1 1.350588 0 0 6551.808018 6552.308994 6552.809968 6553.010354 6555.014250 6556.364837 1 C 
 14 204 4  6 3 2 HL 1 109 -6 141 +14 1 1 1.506548 0 0 6557.385527 6557.886499 6558.387473 6558.587862 6560.591758 6562.098307 1 C 
 14 205 4  7 1 1 NN 0 79 +81 79 +81 0 1 1.251153 0 0 6563.113328 6563.614304 6564.115274 6564.315664 6566.319559 6567.570712 1 C 
 14 206 4  8 3 2 HL 1 62 +62 43 +82 0 0 5.774487 0 0 6568.590642 6569.091615 6569.592592 6569.792978 6571.796873 6577.571360 1 E 
 14 207 4  9 2 1 LN 0 99 -34 84 -34 0 1 1.002651 0 0 6578.593420 6579.094395 6579.595365 6579.795758 6581.799652 6582.802303 1 C 
 14 208 4 10 2 3 LH 1 159 +24 182 -36 1 1 1.703073 0 0 6583.820246 6584.321220 6584.822193 6585.022583 6587.026478 6588.729551 1 C 
 14 209 4 11 1 2 NL 0 141 -48 141 -28 1 0 1.002874 0 0 6589.748437 6590.249410 6590.750384 6590.950774 6592.954680 6593.957554 1 E 
 14 210 4 12 1 2 NL 0 92 +85 92 +65 0 1 1.648354 0 0 6594.975264 6595.476240 6595.977215 6596.177601 6598.181496 6599.829851 1 C 
 14 211 4 13 1 3 NH 0 95 -55 95 +5 0 1 2.411133 0 0 6600.853359 6601.354330 6601.855304 6602.055694 6604.059589 6606.470722 1 C 
 14 212 4 14 2 3 LH 1 147 -75 124 -15 0 0 1.074116 0 0 6607.482913 6607.983888 6608.484862 6608.685248 6610.689143 6611.763259 1 E 
 14 213 4 15 3 1 HN 0 167 +68 217 +68 0 1 2.580118 0 0 6612.776535 6613.277512 6613.778486 6613.978871 6615.982767 6618.562885 1 C 
 14 214 4 16 2 3 LH 1 126 +45 144 -15 1 1 2.745055 0 0 6619.589780 6620.090753 6620.591728 6620.792116 6622.796009 6625.541064 1 C 
 14 215 4 17 3 3 HH 1 147 +18 102 +78 1 1 2.119315 0 0 6626.553316 6627.054291 6627.555263 6627.755653 6629.759546 6631.878861 1 C 
 14 216 4 18 3 2 HL 1 137 +43 178 +23 0 0 1.203229 0 0 6632.898985 6633.399960 6633.900932 6634.101321 6636.105217 6637.308446 1 E 
 14 217 4 19 2 1 LN 0 164 +48 139 +48 0 1 1.242297 0 0 6638.326206 6638.827174 6639.328150 6639.528538 6641.532434 6642.774731 1 C 
 14 218 4 20 3 3 HH 1 62 -85 43 -25 1 1 1.298677 0 0 6643.786816 6644.287790 6644.788764 6644.989153 6646.993049 6648.291726 1 C 
 14 219 4 21 2 3 LH 1 73 -82 83 -22 1 1 0.934887 0 0 6649.314227 6649.815203 6650.316175 6650.516565 6652.520460 6653.455347 1 C 
 14 220 4 22 1 3 NH 0 123 +57 123 -3 1 0 1.598505 0 0 6654.474258 6654.975232 6655.476205 6655.676595 6657.680488 6659.278993 1 E 
 14 221 4 23 1 3 NH 0 85 +21 85 +81 1 0 1.770935 0 0 6660.302255 6660.803227 6661.304201 6661.504591 6663.508486 6665.279421 1 E 
 14 222 4 24 3 3 HH 1 151 -51 105 +9 1 1 1.342519 0 0 6666.297241 6666.798212 6667.299192 6667.499578 6669.503473 6670.845992 1 C 
 14 223 4 25 1 2 NL 0 105 +67 105 +47 0 1 2.981478 0 0 6671.858052 6672.359024 6672.860002 6673.060387 6675.064283 6678.045761 1 C 
 14 224 4 26 3 1 HN 0 129 -1 90 -1 0 1 1.259086 0 0 6679.072074 6679.573048 6680.074024 6680.274411 6682.278306 6683.537392 1 C 
 14 225 4 27 1 3 NH 0 114 -15 114 +45 1 0 1.571580 0 0 6684.549390 6685.050361 6685.551336 6685.751726 6687.755620 6689.327201 1 E 
 14 226 4 28 1 1 NN 0 57 -5 57 -5 0 1 0.240421 0 0 6690.343987 6690.844961 6691.345935 6691.546324 6693.550216 6693.790638 1 C 
 14 227 4 29 1 1 NN 0 101 -73 101 -73 0 1 2.919640 0 0 6694.802652 6695.303629 6695.804601 6696.004990 6698.008886 6700.928526 1 C 
 14 228 4 30 3 3 HH 1 171 +0 119 -60 1 1 3.212849 0 0 6701.949881 6702.450857 6702.951827 6703.152217 6705.156112 6708.368961 1 C 
 14 229 4 31 3 3 HH 1 179 +72 125 +12 1 1 1.358983 0 0 6709.380991 6709.881965 6710.382938 6710.583331 6712.587231 6713.946213 1 C 
 14 230 4 32 3 3 HH 1 148 +3 192 +63 1 1 0.789240 0 0 6714.958502 6715.459478 6715.960450 6716.160838 6718.164736 6718.953977 1 C 
 14 231 4 33 1 1 NN 0 137 +87 137 +87 0 1 0.799063 0 0 6719.968240 6720.469213 6720.970187 6721.170577 6723.174470 6723.973533 1 C 
 14 232 4 34 1 2 NL 0 103 +50 103 +70 0 1 2.000276 0 0 6724.994676 6725.495651 6725.996627 6726.197013 6728.200909 6730.201185 1 C 
 14 233 4 35 3 3 HH 1 124 +57 161 -3 1 1 0.906313 0 0 6731.223453 6731.724423 6732.225402 6732.425788 6734.429684 6735.335997 1 C 
 14 234 4 36 2 3 LH 1 56 +84 64 +24 0 0 1.371700 0 0 6736.350086 6736.851057 6737.352032 6737.552421 6739.556315 6740.928015 1 E 
 14 235 4 37 2 3 LH 1 173 +7 147 -53 1 1 0.384963 0 0 6741.944294 6742.445269 6742.946243 6743.146629 6745.150535 6745.535498 1 C 
 14 236 4 38 2 2 LL 1 160 -27 136 -47 0 0 0.964003 0 0 6746.553254 6747.054225 6747.555199 6747.755589 6749.759484 6750.723487 1 E 
 14 237 4 39 2 3 LH 1 85 +78 97 +18 1 1 0.490900 0 0 6751.746682 6752.247653 6752.748629 6752.949018 6754.952912 6755.443812 1 C 
 14 238 4 40 1 3 NH 0 94 -22 94 +38 1 0 1.092951 0 0 6756.455835 6756.956810 6757.457782 6757.658171 6759.662067 6760.755018 1 E 
 14 239 4 41 2 2 LL 1 126 +36 107 +56 0 0 0.866948 0 0 6761.766159 6762.267134 6762.768104 6762.968494 6764.972390 6765.839338 1 E 
 14 240 4 42 3 1 HN 0 67 -59 46 -59 1 0 0.730024 0 0 6766.859392 6767.360368 6767.861339 6768.061729 6770.065624 6770.795648 1 E 
 14 241 4 43 1 3 NH 0 75 -33 75 +27 0 1 1.114211 0 0 6771.819034 6772.320010 6772.820980 6773.021372 6775.025269 6776.139480 1 C 
 14 242 4 44 1 1 NN 0 63 +20 63 +20 0 1 0.891658 0 0 6777.162755 6777.663736 6778.164701 6778.365091 6780.368991 6781.260648 1 C 
 14 243 4 45 1 2 NL 0 178 -75 178 -55 0 1 1.732047 0 0 6782.272687 6782.773661 6783.274635 6783.475024 6785.478920 6787.210967 1 C 
 14 244 4 46 3 1 HN 0 62 -8 43 -8 0 1 1.503879 0 0 6788.234276 6788.735253 6789.236223 6789.436613 6791.440508 6792.944387 1 C 
 14 245 4 47 2 1 LN 0 140 -42 161 -42 0 1 1.008478 0 0 6793.962078 6794.463056 6794.964025 6795.164414 6797.168309 6798.176787 1 C 
 14 246 4 48 2 3 LH 1 110 +19 93 -41 0 0 1.903946 0 0 6799.188905 6799.689879 6800.190854 6800.391241 6802.395137 6804.299083 1 E 
 14 247 4 49 1 2 NL 0 141 -23 141 -3 0 1 2.084683 0 0 6805.317485 6805.818461 6806.319432 6806.519821 6808.523717 6810.608400 1 C 
 14 248 4 50 1 3 NH 0 123 -85 123 -25 0 1 1.214516 0 0 6811.629754 6812.130729 6812.631702 6812.832092 6814.835986 6816.050502 1 C 
 14 249 4 51 3 2 HL 1 147 +88 102 +68 1 1 1.005317 0 0 6817.073672 6817.574644 6818.075622 6818.276008 6820.279903 6821.285220 1 C 
 14 250 4 52 3 2 HL 1 102 -31 132 -51 0 0 1.609690 0 0 6822.300497 6822.801470 6823.302445 6823.502835 6825.506730 6827.116420 1 E 
 14 251 4 53 2 1 LN 0 107 -50 123 -50 1 0 0.852562 0 0 6828.128497 6828.629467 6829.130441 6829.330830 6831.334726 6832.187287 1 E 
 14 252 4 54 2 3 LH 1 119 +69 101 +9 1 1 1.503865 0 0 6833.205031 6833.706003 6834.206976 6834.407366 6836.411266 6837.915131 1 C 
 14 253 4 55 1 2 NL 0 121 +47 121 +67 1 0 0.774681 0 0 6838.932830 6839.433803 6839.934777 6840.135166 6842.139062 6842.913743 1 E 
 14 254 4 56 1 2 NL 0 155 +27 155 +7 0 1 0.967157 0 0 6843.925870 6844.426845 6844.927816 6845.128205 6847.132102 6848.099259 1 C 
 14 255 4 57 2 2 LL 1 110 -25 93 -45 1 1 3.301849 0 0 6849.119298 6849.620273 6850.121248 6850.321635 6852.325539 6855.627389 1 C 
 14 256 4 58 3 3 HH 1 160 -64 112 -4 0 0 1.721182 0 0 6856.650606 6857.151578 6857.652552 6857.852942 6859.856842 6861.578024 1 E 
 14 257 4 59 2 3 LH 1 174 +29 147 +89 0 0 6.691627 0 0 6862.595496 6863.096470 6863.597445 6863.797831 6865.801727 6872.493353 1 E 
 14 258 4 60 3 1 HN 0 146 -25 102 -25 1 0 1.332096 0 0 6873.516724 6874.017698 6874.518674 6874.719067 6876.722957 6878.055053 1 E 
 14 259 5  1 2 1 LN 0 63 -62 72 -62 1 0 1.482377 0 0 6921.075846 6921.576817 6922.077790 6922.278179 6924.282075 6925.764451 1 E 
 14 260 5  2 2 3 LH 1 73 +1 62 +61 0 0 1.982653 0 0 6926.786945 6927.287917 6927.788890 6927.989281 6929.993176 6931.975829 1 E 
 14 261 5  3 1 2 NL 0 131 +10 131 -10 0 1 1.353572 0 0 6932.999025 6933.499993 6934.000967 6934.201357 6936.205252 6937.558824 1 C 
 14 262 5  4 3 3 HH 1 166 -64 116 -4 1 1 0.945928 0 0 6938.576529 6939.077504 6939.578476 6939.778865 6941.782761 6942.728689 1 C 
 14 263 5  5 3 1 HN 0 132 +10 92 +10 0 1 0.840596 0 0 6943.753259 6944.254232 6944.755205 6944.955596 6946.959491 6947.800087 1 C 
 14 264 5  6 1 1 NN 0 160 +66 160 +66 0 1 0.908376 0 0 6948.813095 6949.314071 6949.815041 6950.015431 6952.019326 6952.927703 1 C 
 14 265 5  7 2 3 LH 1 81 -2 68 -62 1 1 1.286862 0 0 6953.939726 6954.440700 6954.941674 6955.142062 6957.145959 6958.432822 1 C 
 14 266 5  8 2 1 LN 0 149 +43 126 +43 0 1 0.844884 0 0 6959.450440 6959.951416 6960.452385 6960.652775 6962.656670 6963.501555 1 C 
 14 267 5  9 1 2 NL 0 170 +11 170 +31 1 0 5.706520 0 0 6964.526974 6965.027947 6965.528921 6965.729311 6967.733207 6973.439727 1 E 
 14 268 5 10 1 3 NH 0 146 -90 146 -30 1 0 1.898939 0 0 6974.462956 6974.963929 6975.464906 6975.665292 6977.669188 6979.568127 1 E 
 14 269 5 11 3 2 HL 1 133 +10 172 -10 1 1 1.033041 0 0 6980.591536 6981.092512 6981.593485 6981.793872 6983.797765 6984.830807 1 C 
 14 270 5 12 2 1 LN 0 140 +76 119 +76 0 1 2.021530 0 0 6985.851761 6986.352734 6986.853708 6987.054098 6989.057992 6991.079522 1 C 
 14 271 5 13 2 1 LN 0 180 -14 153 -14 0 1 2.911581 0 0 6992.097236 6992.598208 6993.099182 6993.299571 6995.303470 6998.215051 1 C 
 14 272 5 14 3 2 HL 1 54 -52 70 -72 0 0 2.514106 0 0 6999.227765 6999.728736 7000.229713 7000.430099 7002.433998 7004.948104 1 E 
 14 273 5 15 1 1 NN 0 116 +23 116 +23 0 1 1.566365 0 0 7005.974210 7006.475184 7006.976158 7007.176548 7009.180451 7010.746816 1 C 
 14 274 5 16 2 1 LN 0 174 -30 147 -30 0 1 2.144033 0 0 7011.768808 7012.269781 7012.770757 7012.971145 7014.975041 7017.119074 1 C 
 14 275 5 17 2 2 LL 1 83 +15 70 +35 1 1 1.448122 0 0 7018.131177 7018.632152 7019.133123 7019.333512 7021.337408 7022.785530 1 C 
 14 276 5 18 3 1 HN 0 154 -48 200 -48 0 1 5.083381 0 0 7023.808880 7024.309853 7024.810826 7025.011216 7027.015112 7032.098492 1 C 
 14 277 5 19 3 2 HL 1 173 -12 121 -32 0 0 1.380642 0 0 7033.110294 7033.611271 7034.112241 7034.312631 7036.316527 7037.697168 1 E 
 14 278 5 20 3 2 HL 1 83 -12 58 -32 0 0 1.322849 0 0 7038.721200 7039.222173 7039.723150 7039.923538 7041.927433 7043.250282 1 E 
 14 279 5 21 1 2 NL 0 178 +12 178 +32 1 0 1.837917 0 0 7044.265312 7044.766284 7045.267259 7045.467648 7047.471544 7049.309461 1 E 
 14 280 5 22 1 2 NL 0 132 +25 132 +45 1 0 1.173159 0 0 7050.327095 7050.828071 7051.329045 7051.529432 7053.533326 7054.706485 1 E 
 14 281 5 23 3 1 HN 0 171 +78 222 +78 0 1 1.322900 0 0 7055.720914 7056.221888 7056.722864 7056.923250 7058.927146 7060.250046 1 C 
 14 282 5 24 1 1 NN 0 119 +55 119 +55 1 0 2.377758 0 0 7061.265024 7061.766002 7062.266975 7062.467361 7064.471257 7066.849015 1 E 
 14 283 5 25 3 2 HL 1 112 +44 78 +64 1 1 2.600449 0 0 7067.861181 7068.362153 7068.863127 7069.063517 7071.067412 7073.667862 1 C 
 14 284 5 26 2 1 LN 0 76 -87 87 -87 0 1 2.507514 0 0 7074.691125 7075.192098 7075.693074 7075.893460 7077.897356 7080.404870 1 C 
 14 285 5 27 1 3 NH 0 60 +71 60 +11 0 1 1.247785 0 0 7081.420871 7081.921847 7082.422820 7082.623209 7084.627105 7085.874890 1 C 
 14 286 5 28 2 3 LH 1 119 +62 136 +2 1 1 0.763480 0 0 7086.898186 7087.399161 7087.900134 7088.100523 7090.104419 7090.867898 1 C 
 14 287 5 29 1 1 NN 0 125 +6 125 +6 0 1 1.848973 0 0 7091.891226 7092.392200 7092.893173 7093.093563 7095.097461 7096.946434 1 C 
 14 288 5 30 2 2 LL 1 150 +80 127 +60 0 0 2.142248 0 0 7097.969710 7098.470682 7098.971656 7099.172046 7101.175940 7103.318188 1 E 
 14 289 5 31 2 2 LL 1 77 -24 65 -4 1 1 1.665704 0 0 7104.332078 7104.833053 7105.334024 7105.534413 7107.538316 7109.204020 1 C 
 14 290 5 32 2 2 LL 1 105 -44 89 -24 1 1 1.236528 0 0 7110.226869 7110.727842 7111.228819 7111.429205 7113.433101 7114.669629 1 C 
 14 291 5 33 1 1 NN 0 179 -46 179 -46 0 1 1.128805 0 0 7115.687484 7116.188457 7116.689431 7116.889820 7118.893716 7120.022521 1 C 
 14 292 5 34 2 1 LN 0 135 -17 155 -17 0 1 0.758034 0 0 7121.047904 7121.548877 7122.049853 7122.250240 7124.254146 7125.012181 1 C 
 14 293 5 35 1 3 NH 0 108 +9 108 -51 0 1 1.797013 0 0 7126.024245 7126.525219 7127.026191 7127.226580 7129.230476 7131.027489 1 C 
 14 294 5 36 1 2 NL 0 119 +66 119 +46 0 1 2.139713 0 0 7132.052629 7132.553606 7133.054576 7133.254967 7135.258861 7137.398574 1 C 
 14 295 5 37 2 2 LL 1 131 -73 111 -53 1 1 2.278785 0 0 7138.414997 7138.915971 7139.416945 7139.617334 7141.621230 7143.900015 1 C 
 14 296 5 38 1 3 NH 0 97 -71 97 -11 0 1 3.023442 0 0 7144.910961 7145.411932 7145.912906 7146.113295 7148.117191 7151.140633 1 C 
 14 297 5 39 1 1 NN 0 124 +53 124 +53 1 0 1.919224 0 0 7152.158381 7152.659350 7153.160327 7153.360716 7155.364612 7157.283836 1 E 
 14 298 5 40 1 2 NL 0 151 -2 151 -22 0 1 2.366486 0 0 7158.303659 7158.804636 7159.305608 7159.505996 7161.509891 7163.876377 1 C 
 14 299 5 41 3 3 HH 1 141 +38 183 -22 1 1 1.154730 0 0 7164.899816 7165.400788 7165.901765 7166.102151 7168.106047 7169.260778 1 C 
 14 300 5 42 3 3 HH 1 105 +29 73 -31 1 1 1.075309 0 0 7170.276935 7170.777907 7171.278882 7171.479270 7173.483166 7174.558476 1 C 
 14 301 5 43 3 3 HH 1 178 -10 124 +50 1 1 1.052924 0 0 7175.570559 7176.071531 7176.572506 7176.772895 7178.776789 7179.829714 1 C 
 14 302 5 44 2 2 LL 1 71 +34 60 +14 1 1 1.872251 0 0 7180.847483 7181.348460 7181.849429 7182.049818 7184.053715 7185.925966 1 C 
 14 303 5 45 3 1 HN 0 89 +90 115 +90 0 1 1.320212 0 0 7186.942666 7187.443638 7187.944612 7188.145001 7190.148904 7191.469117 1 C 
 14 304 5 46 2 3 LH 1 111 -88 127 -28 1 1 2.316417 0 0 7192.486776 7192.987748 7193.488722 7193.689112 7195.693007 7198.009424 1 C 
 14 305 5 47 1 1 NN 0 143 +46 143 +46 0 1 1.520703 0 0 7199.032834 7199.533807 7200.034780 7200.235170 7202.239065 7203.759768 1 C 
 14 306 5 48 2 3 LH 1 175 +22 148 +82 1 1 1.874354 0 0 7204.777334 7205.278307 7205.779281 7205.979670 7207.983563 7209.857917 1 C 
 14 307 5 49 3 3 HH 1 87 -30 113 -90 1 1 3.552397 0 0 7210.872517 7211.373489 7211.874466 7212.074852 7214.078748 7217.631145 1 C 
 14 308 5 50 3 1 HN 0 139 +53 180 +53 0 1 1.309106 0 0 7218.654309 7219.155282 7219.656259 7219.856645 7221.860540 7223.169646 1 C 
 14 309 5 51 3 1 HN 0 109 -10 76 -10 1 0 4.131477 0 0 7224.181721 7224.682694 7225.183667 7225.384061 7227.387955 7231.519432 1 E 
 14 310 5 52 1 1 NN 0 143 +23 143 +23 0 1 0.701477 0 0 7232.531285 7233.032260 7233.533232 7233.733621 7235.737517 7236.438994 1 C 
 14 311 5 53 3 3 HH 1 111 +16 77 +76 1 1 0.794004 0 0 7237.457527 7237.958500 7238.459475 7238.659864 7240.663760 7241.457764 1 C 
 14 312 5 54 1 3 NH 0 86 -29 86 +31 0 1 1.269288 0 0 7242.483966 7242.984938 7243.485913 7243.686309 7245.690209 7246.959497 1 C 
 14 313 5 55 1 3 NH 0 114 +21 114 +81 0 1 1.361322 0 0 7247.977979 7248.478949 7248.979929 7249.180315 7251.184210 7252.545532 1 C 
 14 314 5 56 1 2 NL 0 157 +28 157 +8 1 0 1.095214 0 0 7253.572188 7254.073159 7254.574133 7254.774523 7256.778423 7257.873637 1 E 
 14 315 5 57 1 2 NL 0 129 -70 129 -90 0 1 1.542886 0 0 7258.899208 7259.400182 7259.901159 7260.101545 7262.105439 7263.648324 1 C 
 14 316 5 58 1 3 NH 0 119 +41 119 -19 1 0 4.482021 0 0 7264.660409 7265.161381 7265.662355 7265.862744 7267.866639 7272.348661 1 E 
 14 317 5 59 1 2 NL 0 155 -69 155 -49 0 1 1.348039 0 0 7273.360654 7273.861630 7274.362604 7274.562989 7276.566885 7277.914925 1 C 
 14 318 5 60 3 2 HL 1 155 +65 201 +85 1 1 1.399501 0 0 7278.938162 7279.439136 7279.940109 7280.140500 7282.144394 7283.543895 1 C 
 14 319 6  1 2 2 LL 1 80 -30 92 -50 1 1 1.303394 0 0 7312.486711 7312.987689 7313.488658 7313.689048 7315.692943 7316.996338 1 C 
 14 320 6  2 2 1 LN 0 110 -78 93 -78 0 1 1.246368 0 0 7318.014124 7318.515096 7319.016073 7319.216459 7321.220354 7322.466722 1 C 
 14 321 6  3 2 2 LL 1 132 +4 112 -16 0 0 2.441307 0 0 7323.491437 7323.992410 7324.493384 7324.693774 7326.697673 7329.138980 1 E 
 14 322 6  4 3 2 HL 1 177 +46 230 +26 0 0 1.077978 0 0 7330.154388 7330.655364 7331.156336 7331.356726 7333.360621 7334.438599 1 E 
 14 323 6  5 1 3 NH 0 61 -85 61 -25 0 1 1.888018 0 0 7335.464715 7335.965685 7336.466659 7336.667059 7338.670943 7340.558962 1 C 
 14 324 6  6 3 2 HL 1 163 +52 114 +72 0 0 1.372432 0 0 7341.576593 7342.077566 7342.578540 7342.778929 7344.782825 7346.155257 1 E 
 14 325 6  7 3 1 HN 0 106 -45 74 -45 0 1 1.397297 0 0 7347.170801 7347.671776 7348.172748 7348.373136 7350.377033 7351.774330 1 C 
 14 326 6  8 1 2 NL 0 138 -55 138 -35 0 1 3.574382 0 0 7352.798406 7353.299381 7353.800355 7354.000744 7356.004637 7359.579019 1 C 
 14 327 6  9 3 2 HL 1 145 +48 101 +68 1 1 1.066400 0 0 7360.596901 7361.097873 7361.598847 7361.799236 7363.803132 7364.869531 1 C 
 14 328 6 10 3 2 HL 1 142 -8 184 -28 1 1 1.005961 0 0 7365.890524 7366.391497 7366.892471 7367.092860 7369.096756 7370.102717 1 C 
 14 329 6 11 2 3 LH 1 151 -52 128 +8 1 1 2.024613 0 0 7371.117350 7371.618326 7372.119298 7372.319688 7374.323586 7376.348199 1 C 
 14 330 6 12 3 3 HH 1 112 +16 145 +76 1 1 1.453032 0 0 7377.362827 7377.863798 7378.364772 7378.565161 7380.569057 7382.022089 1 C 
 14 331 6 13 3 3 HH 1 96 +50 67 -10 1 1 0.774690 0 0 7383.040527 7383.541506 7384.042476 7384.242865 7386.246761 7387.021451 1 C 
 14 332 6 14 3 2 HL 1 128 +75 89 +55 1 1 1.275972 0 0 7388.033567 7388.534543 7389.035515 7389.235905 7391.239800 7392.515772 1 C 
 14 333 6 15 1 3 NH 0 101 +66 101 +6 1 0 1.142365 0 0 7393.527580 7394.028554 7394.529528 7394.729918 7396.733813 7397.876178 1 E 
 14 334 6 16 2 3 LH 1 125 -82 106 -22 0 0 2.729914 0 0 7398.888001 7399.388979 7399.889948 7400.090337 7402.094233 7404.824147 1 E 
 14 335 6 17 2 2 LL 1 158 -24 181 -44 1 1 0.746913 0 0 7405.834838 7406.335814 7406.836786 7407.037175 7409.041071 7409.787984 1 C 
 14 336 6 18 2 2 LL 1 54 +90 45 +70 1 1 2.494701 0 0 7410.811179 7411.312152 7411.813126 7412.013516 7414.017411 7416.512112 1 C 
 14 337 6 19 1 2 NL 0 170 -41 170 -61 1 0 1.772807 0 0 7417.524228 7418.025203 7418.526176 7418.726565 7420.730461 7422.503268 1 E 
 14 338 6 20 3 2 HL 1 55 -88 38 -68 1 1 0.739885 0 0 7423.519216 7424.020189 7424.521162 7424.721551 7426.725447 7427.465332 1 C 
 14 339 6 21 1 1 NN 0 68 +50 68 +50 1 0 3.627035 0 0 7428.478857 7428.979830 7429.480804 7429.681193 7431.685089 7435.312124 1 E 
 14 340 6 22 2 2 LL 1 63 -3 53 -23 1 1 1.475918 0 0 7436.327447 7436.828420 7437.329397 7437.529787 7439.533679 7441.009598 1 C 
 14 341 6 23 1 3 NH 0 166 -56 166 +4 1 0 3.396439 0 0 7442.021850 7442.522822 7443.023801 7443.224186 7445.228081 7448.624521 1 E 
 14 342 6 24 2 1 LN 0 150 +47 127 +47 1 0 5.350103 0 0 7449.636654 7450.137629 7450.638599 7450.838988 7452.842884 7458.192987 1 E 
 14 343 6 25 2 3 LH 1 174 +6 147 +66 0 0 2.238678 0 0 7459.205254 7459.706226 7460.207200 7460.407590 7462.411485 7464.650163 1 E 
 14 344 6 26 2 1 LN 0 139 +54 159 +54 0 1 1.593063 0 0 7465.667821 7466.168789 7466.669766 7466.870152 7468.874048 7470.467111 1 C 
 14 345 6 27 1 3 NH 0 136 -4 136 -64 0 1 2.490060 0 0 7471.479112 7471.980090 7472.481061 7472.681449 7474.685344 7477.175403 1 C 
 14 346 6 28 2 2 LL 1 142 -10 120 -30 0 0 1.874357 0 0 7478.192162 7478.693135 7479.194109 7479.394498 7481.398394 7483.272750 1 E 
 14 347 6 29 2 2 LL 1 64 +80 73 +60 0 0 1.620786 0 0 7484.287343 7484.788317 7485.289291 7485.489680 7487.493576 7489.114362 1 E 
 14 348 6 30 1 3 NH 0 101 +2 101 +62 1 0 1.918416 0 0 7490.132043 7490.633012 7491.133986 7491.334376 7493.338270 7495.256686 1 E 
 14 349 6 31 3 3 HH 1 150 +73 105 +13 1 1 1.008502 0 0 7496.277315 7496.778294 7497.279268 7497.479654 7499.483550 7500.492052 1 C 
 14 350 6 32 1 1 NN 0 108 +56 108 +56 0 1 2.077253 0 0 7501.504146 7502.005122 7502.506092 7502.706481 7504.710376 7506.787629 1 C 
 14 351 6 33 1 2 NL 0 80 -19 80 -39 1 0 2.340740 0 0 7507.799717 7508.300690 7508.801667 7509.002053 7511.005948 7513.346688 1 E 
 14 352 6 34 2 2 LL 1 109 +77 92 +57 1 1 3.199549 0 0 7514.362476 7514.863449 7515.364423 7515.564810 7517.568706 7520.768255 1 C 
 14 353 6 35 2 2 LL 1 57 -75 48 -55 1 1 2.839854 0 0 7521.793585 7522.294562 7522.795533 7522.995923 7524.999817 7527.839671 1 C 
 14 354 6 36 3 3 HH 1 56 +40 39 -20 1 1 0.947260 0 0 7528.857317 7529.358291 7529.859264 7530.059654 7532.063549 7533.010809 1 C 
 14 355 6 37 3 3 HH 1 167 +75 217 +15 1 1 1.111737 0 0 7534.034051 7534.535024 7535.035997 7535.236383 7537.240279 7538.352016 1 C 
 14 356 6 38 3 2 HL 1 97 -85 67 -65 1 1 0.852632 0 0 7539.377768 7539.878742 7540.379715 7540.580104 7542.584003 7543.436635 1 C 
 14 357 6 39 2 1 LN 0 164 -39 139 -39 1 0 2.884380 0 0 7544.454306 7544.955276 7545.456250 7545.656640 7547.660534 7550.544915 1 E 
 14 358 6 40 2 2 LL 1 122 +75 103 +55 1 1 0.827749 0 0 7551.568132 7552.069105 7552.570078 7552.770469 7554.774363 7555.602112 1 C 
 14 359 6 41 1 1 NN 0 124 +26 124 +26 0 1 1.603963 0 0 7556.627967 7557.128941 7557.629917 7557.830302 7559.834200 7561.438163 1 C 
 14 360 6 42 3 3 HH 1 147 -84 191 -24 1 1 0.740302 0 0 7562.455965 7562.956937 7563.457910 7563.658300 7565.662196 7566.402498 1 C 
 14 361 6 43 3 1 HN 0 154 +85 107 +85 0 1 1.108658 0 0 7567.415604 7567.916577 7568.417551 7568.617941 7570.621834 7571.730492 1 C 
 14 362 6 44 3 3 HH 1 97 -66 67 -6 1 1 0.982172 0 0 7572.742626 7573.243599 7573.744573 7573.944963 7575.948858 7576.931030 1 C 
 14 363 6 45 1 2 NL 0 96 -89 96 -69 0 1 3.442645 0 0 7577.952755 7578.453728 7578.954701 7579.155091 7581.158986 7584.601631 1 C 
 14 364 6 46 3 2 HL 1 73 +10 51 +30 1 1 0.874721 0 0 7585.617655 7586.118630 7586.619601 7586.819990 7588.823886 7589.698607 1 C 
 14 365 6 47 2 1 LN 0 86 +6 98 +6 0 1 0.846834 0 0 7590.710889 7591.211865 7591.712835 7591.913225 7593.917120 7594.763954 1 C 
 14 366 6 48 1 3 NH 0 161 +27 161 +87 1 0 0.778308 0 0 7595.787422 7596.288397 7596.789371 7596.989760 7598.993662 7599.771970 1 E 
 14 367 6 49 2 2 LL 1 117 +66 134 +46 1 1 0.799236 0 0 7600.797161 7601.298135 7601.799109 7601.999499 7604.003394 7604.802630 1 C 
 14 368 6 50 3 1 HN 0 162 +56 113 +56 0 1 1.701929 0 0 7605.823601 7606.324576 7606.825547 7607.025936 7609.029831 7610.731761 1 C 
 14 369 6 51 3 1 HN 0 132 -74 171 -74 0 1 0.724592 0 0 7611.751791 7612.252763 7612.753737 7612.954127 7614.958022 7615.682613 1 C 
 14 370 6 52 2 2 LL 1 111 -74 94 -54 1 1 0.840548 0 0 7616.694733 7617.195705 7617.696679 7617.897066 7619.900964 7620.741512 1 C 
 14 371 6 53 3 3 HH 1 59 -30 76 +30 0 0 1.331676 0 0 7621.754567 7622.255545 7622.756515 7622.956905 7624.960799 7626.292476 1 E 
 14 372 6 54 2 2 LL 1 159 +49 135 +29 1 1 1.893873 0 0 7627.315378 7627.816351 7628.317325 7628.517714 7630.521610 7632.415482 1 C 
 14 373 6 55 3 3 HH 1 109 +69 141 +9 1 1 1.860177 0 0 7633.427259 7633.928234 7634.429206 7634.629595 7636.633500 7638.493677 1 C 
 14 374 6 56 2 2 LL 1 165 +88 140 +68 1 1 0.780272 0 0 7639.505740 7640.006714 7640.507689 7640.708078 7642.711972 7643.492244 1 C 
 14 375 6 57 3 2 HL 1 125 -41 162 -21 1 1 1.988155 0 0 7644.515480 7645.016453 7645.517428 7645.717817 7647.721712 7649.709867 1 C 
 14 376 6 58 2 3 LH 1 97 -32 111 +28 1 1 2.761779 0 0 7650.727556 7651.228529 7651.729503 7651.929896 7653.933788 7656.695567 1 C 
 14 377 6 59 2 1 LN 0 130 -12 149 -12 0 1 5.350256 0 0 7657.707791 7658.208764 7658.709737 7658.910128 7660.914024 7666.264279 1 C 
 14 378 6 60 3 2 HL 1 172 -82 223 -62 1 1 2.630206 0 0 7667.276392 7667.777365 7668.278338 7668.478726 7670.482624 7673.112830 1 C 
