 41   1 0 43 2 2 LL 1 121 +40 157 +75 1 1 6.002881 0 0 5399.646165 5400.147132 5400.648111 5400.848495 5402.852391 5408.855272 1 C 
 41   2 0 44 3 3 HH 1 137 -3 205 -73 1 1 2.121704 0 0 5409.866025 5410.366999 5410.867971 5411.068362 5413.072258 5415.193962 1 C 
 41   3 0 45 1 2 NL 0 71 +71 71 +36 0 1 2.511399 0 0 5416.211695 5416.712668 5417.213645 5417.414031 5419.417934 5421.929332 1 C 
 41   4 0 46 2 1 LN 0 88 +53 61 +53 0 1 3.348763 0 0 5422.941444 5423.442418 5423.943395 5424.143779 5426.147676 5429.496439 1 C 
 41   5 0 47 3 1 HN 0 134 -6 67 -6 0 1 3.429615 0 0 5430.522847 5431.023824 5431.524794 5431.725183 5433.729079 5437.158695 1 C 
 41   6 0 48 3 1 HN 0 166 -70 83 -70 0 1 1.526156 0 0 5438.171049 5438.672019 5439.172997 5439.373385 5441.377285 5442.903441 1 C 
 41   7 0 49 2 3 LH 1 165 +32 115 -38 1 1 2.470865 0 0 5443.915548 5444.416523 5444.917495 5445.117885 5447.121780 5449.592645 1 C 
 41   8 0 50 3 2 HL 1 179 -89 89 -54 1 1 2.015782 0 0 5450.611900 5451.112872 5451.613847 5451.814235 5453.818130 5455.833912 1 C 
 41   9 0 51 1 2 NL 0 99 +45 99 +10 1 0 2.010582 0 0 5456.857374 5457.358346 5457.859320 5458.059709 5460.063604 5462.074186 1 E 
 41  10 0 52 2 3 LH 1 140 +16 98 -54 1 1 1.830864 0 0 5463.086148 5463.587120 5464.088095 5464.288484 5466.292380 5468.123243 1 C 
 41  11 0 53 2 2 LL 1 173 -13 121 -48 0 0 1.782202 0 0 5469.147931 5469.648906 5470.149878 5470.350267 5472.354167 5474.136370 1 E 
 41  12 0 54 1 3 NH 0 96 +59 96 -11 0 1 1.274141 0 0 5475.159618 5475.660591 5476.161564 5476.361954 5478.365849 5479.639990 1 C 
 41  13 0 55 2 1 LN 0 169 +87 219 +87 0 1 2.424669 0 0 5480.653632 5481.154604 5481.655577 5481.855967 5483.859863 5486.284532 1 C 
 41  14 0 56 2 1 LN 0 179 -89 232 -89 0 1 1.550338 0 0 5487.299885 5487.800857 5488.301831 5488.502222 5490.506119 5492.056457 1 C 
 41  15 0 57 1 3 NH 0 159 +34 159 -36 0 1 1.985375 0 0 5493.077781 5493.578754 5494.079733 5494.280119 5496.284014 5498.269389 1 C 
 41  16 0 58 1 2 NL 0 122 +80 122 +45 1 0 1.613107 0 0 5499.289858 5499.790836 5500.291805 5500.492193 5502.496096 5504.109203 1 E 
 41  17 0 59 1 2 NL 0 81 +16 81 -19 0 1 1.704688 0 0 5505.134554 5505.635523 5506.136503 5506.336889 5508.340785 5510.045473 1 C 
 41  18 0 60 3 3 HH 1 72 -27 108 +43 1 1 1.598214 0 0 5511.062743 5511.563716 5512.064690 5512.265080 5514.268976 5515.867190 1 C 
 41  19 1  1 3 3 HH 1 88 -61 132 +9 1 1 1.389810 0 0 5521.416205 5521.917176 5522.418149 5522.618544 5524.622435 5526.012244 1 C 
 41  20 1  2 1 1 NN 0 142 +12 142 +12 0 1 1.316418 0 0 5527.027109 5527.528083 5528.029057 5528.229447 5530.233342 5531.549760 1 C 
 41  21 1  3 2 3 LH 1 63 +39 81 -31 0 0 1.357543 0 0 5532.571222 5533.072194 5533.573171 5533.773556 5535.777452 5537.134996 1 E 
 41  22 1  4 2 2 LL 1 146 +72 189 +37 0 0 2.322559 0 0 5538.148730 5538.649706 5539.150676 5539.351066 5541.354961 5543.677521 1 E 
 41  23 1  5 3 2 HL 1 85 +62 127 +27 0 0 2.144045 0 0 5544.694790 5545.195760 5545.696735 5545.897125 5547.901020 5550.045065 1 E 
 41  24 1  6 3 1 HN 0 160 -66 80 -66 0 1 1.639080 0 0 5551.057157 5551.558131 5552.059107 5552.259496 5554.263387 5555.902467 1 C 
 41  25 1  7 2 2 LL 1 59 +83 76 +48 1 1 1.473983 0 0 5556.918551 5557.419523 5557.920498 5558.120887 5560.124781 5561.598764 1 C 
 41  26 1  8 1 1 NN 0 80 -8 80 -8 0 1 1.205021 0 0 5562.612952 5563.113926 5563.614899 5563.815289 5565.819182 5567.024203 1 C 
 41  27 1  9 1 3 NH 0 84 +26 84 -44 0 1 1.230879 0 0 5568.040168 5568.541141 5569.042117 5569.242506 5571.246401 5572.477280 1 C 
 41  28 1 10 2 2 LL 1 165 +49 115 +14 1 1 4.409745 0 0 5573.500785 5574.001758 5574.502731 5574.703121 5576.707016 5581.116760 1 C 
 41  29 1 11 3 3 HH 1 129 -74 64 -4 1 1 1.058612 0 0 5582.134234 5582.635213 5583.136180 5583.336570 5585.340465 5586.399077 1 C 
 41  30 1 12 2 2 LL 1 168 +24 218 +59 0 0 2.071592 0 0 5587.411158 5587.912131 5588.413107 5588.613494 5590.617391 5592.688982 1 E 
 41  31 1 13 3 2 HL 1 171 +53 85 +18 0 0 1.840391 0 0 5593.706731 5594.207704 5594.708678 5594.909066 5596.912960 5598.753351 1 E 
 41  32 1 14 2 1 LN 0 162 -1 113 -1 0 1 0.930278 0 0 5599.768513 5600.269489 5600.770462 5600.970850 5602.974755 5603.905033 1 C 
 41  33 1 15 2 3 LH 1 70 +69 91 -1 1 1 0.997293 0 0 5604.928543 5605.429517 5605.930490 5606.130880 5608.134779 5609.132072 1 C 
 41  34 1 16 3 3 HH 1 137 +53 68 -17 1 1 0.811588 0 0 5610.155372 5610.656343 5611.157316 5611.357707 5613.361606 5614.173194 1 C 
 41  35 1 17 1 1 NN 0 180 -64 180 -64 0 1 1.532403 0 0 5615.198507 5615.699482 5616.200455 5616.400844 5618.404740 5619.937143 1 C 
 41  36 1 18 3 3 HH 1 149 +44 223 -26 1 1 0.952893 0 0 5620.959708 5621.460680 5621.961654 5622.162044 5624.165935 5625.118828 1 C 
 41  37 1 19 1 1 NN 0 58 -25 58 -25 0 1 1.264334 0 0 5626.136438 5626.637411 5627.138383 5627.338773 5629.342669 5630.607003 1 C 
 41  38 1 20 3 1 HN 0 137 -3 205 -3 0 1 1.405502 0 0 5631.630451 5632.131423 5632.632397 5632.832787 5634.836681 5636.242183 1 C 
 41  39 1 21 2 3 LH 1 156 -59 109 +11 1 1 0.813633 0 0 5637.258058 5637.759028 5638.260003 5638.460393 5640.464299 5641.277932 1 C 
 41  40 1 22 2 3 LH 1 61 -62 42 +8 1 1 1.066353 0 0 5642.301193 5642.802165 5643.303140 5643.503528 5645.507425 5646.573778 1 C 
 41  41 1 23 3 2 HL 1 96 -32 144 +3 1 1 0.668989 0 0 5647.594816 5648.095789 5648.596764 5648.797153 5650.801049 5651.470038 1 C 
 41  42 1 24 2 3 LH 1 105 -44 136 +26 1 1 2.417304 0 0 5652.487660 5652.988634 5653.489612 5653.689998 5655.693893 5658.111198 1 C 
 41  43 1 25 3 2 HL 1 58 +26 87 -9 1 1 0.954378 0 0 5659.133914 5659.634889 5660.135862 5660.336251 5662.340153 5663.294532 1 C 
 41  44 1 26 2 3 LH 1 58 +85 75 +15 0 0 2.021521 0 0 5664.310643 5664.811617 5665.312591 5665.512981 5667.516876 5669.538397 1 E 
 41  45 1 27 1 3 NH 0 175 +81 175 +11 0 1 1.632558 0 0 5670.556119 5671.057091 5671.558065 5671.758455 5673.762350 5675.394908 1 C 
 41  46 1 28 1 1 NN 0 168 -79 168 -79 0 1 1.225638 0 0 5676.417513 5676.918486 5677.419459 5677.619848 5679.623744 5680.849382 1 C 
 41  47 1 29 3 2 HL 1 73 +4 109 -31 1 1 0.947245 0 0 5681.861429 5682.362401 5682.863375 5683.063764 5685.067660 5686.014905 1 C 
 41  48 1 30 1 3 NH 0 56 -23 56 +47 0 1 0.877297 0 0 5687.038158 5687.539132 5688.040104 5688.240494 5690.244390 5691.121686 1 C 
 41  49 1 31 3 2 HL 1 73 -19 109 +16 1 1 0.889340 0 0 5692.148092 5692.649064 5693.150038 5693.350428 5695.354323 5696.243662 1 C 
 41  50 1 32 2 2 LL 1 99 +42 69 +7 1 1 1.392594 0 0 5697.258028 5697.758995 5698.259970 5698.460361 5700.464260 5701.856854 1 C 
 41  51 1 33 3 3 HH 1 123 -65 184 +5 1 1 0.823322 0 0 5702.868932 5703.369905 5703.870880 5704.071268 5706.075163 5706.898485 1 C 
 41  52 1 34 3 2 HL 1 115 -37 172 -2 1 1 1.219539 0 0 5707.912067 5708.413042 5708.914015 5709.114405 5711.118300 5712.337839 1 C 
 41  53 1 35 3 2 HL 1 85 +56 42 +21 0 0 1.581787 0 0 5713.355983 5713.856959 5714.357933 5714.558321 5716.562217 5718.144003 1 E 
 41  54 1 36 1 2 NL 0 77 +32 77 +67 1 0 0.685450 0 0 5719.167280 5719.668255 5720.169228 5720.369617 5722.373513 5723.058963 1 E 
 41  55 1 37 3 2 HL 1 71 +22 106 -13 1 1 0.958378 0 0 5724.076824 5724.577801 5725.078772 5725.279161 5727.283057 5728.241435 1 C 
 41  56 1 38 2 3 LH 1 100 -36 70 +34 0 0 1.464896 0 0 5729.253553 5729.754527 5730.255504 5730.455891 5732.459786 5733.924681 1 E 
 41  57 1 39 2 1 LN 0 147 -23 102 -23 0 1 1.526252 0 0 5734.947958 5735.448933 5735.949904 5736.150293 5738.154189 5739.680442 1 C 
 41  58 1 40 3 1 HN 0 69 +78 103 +78 0 1 1.224335 0 0 5740.692456 5741.193430 5741.694404 5741.894793 5743.898689 5745.123024 1 C 
 41  59 1 41 1 2 NL 0 178 -33 178 -68 0 1 1.669987 0 0 5746.136372 5746.637346 5747.138320 5747.338711 5749.342605 5751.012592 1 C 
 41  60 1 42 2 2 LL 1 150 -88 105 -53 1 1 1.247504 0 0 5752.031170 5752.532145 5753.033112 5753.233502 5755.237396 5756.484900 1 C 
 41  61 1 43 1 2 NL 0 111 +63 111 +28 1 0 2.266426 0 0 5757.508479 5758.009452 5758.510428 5758.710816 5760.714711 5762.981138 1 E 
 41  62 1 44 1 2 NL 0 69 -2 69 +33 0 1 1.130835 0 0 5764.004442 5764.505415 5765.006388 5765.206776 5767.210679 5768.341513 1 C 
 41  63 1 45 3 1 HN 0 62 -56 93 -56 0 1 1.243253 0 0 5769.364860 5769.865833 5770.366808 5770.567196 5772.571091 5773.814344 1 C 
 41  64 1 46 1 1 NN 0 178 -35 178 -35 0 1 0.802474 0 0 5774.825475 5775.326449 5775.827422 5776.027812 5778.031704 5778.834178 1 C 
 41  65 1 47 1 3 NH 0 69 +10 69 +80 0 1 1.317066 0 0 5779.851913 5780.352886 5780.853863 5781.054249 5783.058145 5784.375210 1 C 
 41  66 1 48 2 2 LL 1 150 -60 105 -25 0 0 1.097606 0 0 5785.396024 5785.896996 5786.397971 5786.598359 5788.602256 5789.699862 1 E 
 41  67 1 49 3 2 HL 1 106 -28 159 -63 1 1 1.450504 0 0 5790.723046 5791.224018 5791.724996 5791.925382 5793.929279 5795.379783 1 C 
 41  68 1 50 1 3 NH 0 171 -21 171 +49 0 1 1.134517 0 0 5796.400750 5796.901722 5797.402697 5797.603086 5799.606985 5800.741501 1 C 
 41  69 1 51 1 2 NL 0 59 +17 59 +52 0 1 1.420346 0 0 5801.761168 5802.262143 5802.763116 5802.963505 5804.967402 5806.387748 1 C 
 41  70 1 52 1 3 NH 0 141 +18 141 -52 0 1 0.963888 0 0 5807.405476 5807.906448 5808.407422 5808.607811 5810.611707 5811.575594 1 C 
 41  71 1 53 3 1 HN 0 109 +44 163 +44 1 0 1.014058 0 0 5812.598904 5813.099876 5813.600854 5813.801240 5815.805139 5816.819197 1 E 
 41  72 1 54 2 1 LN 0 99 -22 128 -22 0 1 0.845059 0 0 5817.842431 5818.343405 5818.844377 5819.044767 5821.048662 5821.893722 1 C 
 41  73 1 55 3 3 HH 1 59 +26 88 -44 1 1 1.080827 0 0 5822.918966 5823.419938 5823.920912 5824.121301 5826.125197 5827.206024 1 C 
 41  74 1 56 3 3 HH 1 164 +21 82 -49 1 1 1.449214 0 0 5828.229288 5828.730261 5829.231235 5829.431624 5831.435520 5832.884734 1 C 
 41  75 1 57 3 2 HL 1 124 -45 62 -10 1 1 1.261559 0 0 5833.906992 5834.407966 5834.908938 5835.109328 5837.113222 5838.374781 1 C 
 41  76 1 58 3 3 HH 1 176 +55 88 -15 1 1 0.869343 0 0 5839.401005 5839.901976 5840.402951 5840.603342 5842.607236 5843.476580 1 C 
 41  77 1 59 2 3 LH 1 114 +14 79 -56 1 1 0.996554 0 0 5844.494239 5844.995212 5845.496185 5845.696575 5847.700471 5848.697025 1 C 
 41  78 1 60 1 3 NH 0 116 +16 116 +86 0 1 1.175558 0 0 5849.721067 5850.222039 5850.723013 5850.923402 5852.927299 5854.102857 1 C 
 41  79 2  1 2 2 LL 1 107 -65 74 -30 1 1 2.787188 0 0 5869.693225 5870.194201 5870.695170 5870.895560 5872.899456 5875.686643 1 C 
 41  80 2  2 2 3 LH 1 124 -69 86 +1 0 0 1.292317 0 0 5876.706856 5877.207834 5877.708804 5877.909194 5879.913089 5881.205406 1 E 
 41  81 2  3 1 2 NL 0 108 -18 108 -53 0 1 0.986338 0 0 5882.217571 5882.718542 5883.219517 5883.419905 5885.423802 5886.410140 1 C 
 41  82 2  4 3 2 HL 1 150 +6 75 -29 1 1 1.501403 0 0 5887.427698 5887.928671 5888.429644 5888.630035 5890.633935 5892.135338 1 C 
 41  83 2  5 2 2 LL 1 168 +13 218 +48 1 1 1.281255 0 0 5893.155500 5893.656474 5894.157447 5894.357835 5896.361731 5897.642986 1 C 
 41  84 2  6 1 1 NN 0 172 -83 172 -83 0 1 1.142180 0 0 5898.666210 5899.167184 5899.668156 5899.868548 5901.872443 5903.014622 1 C 
 41  85 2  7 3 2 HL 1 63 +8 94 +43 0 0 1.558459 0 0 5904.026632 5904.527604 5905.028577 5905.228968 5907.232864 5908.791322 1 E 
 41  86 2  8 3 3 HH 1 69 +80 103 +10 1 1 1.285022 0 0 5909.804530 5910.305506 5910.806476 5911.006866 5913.010766 5914.295788 1 C 
 41  87 2  9 2 2 LL 1 179 +7 125 -28 1 1 1.984266 0 0 5915.315242 5915.816215 5916.317189 5916.517578 5918.521485 5920.505751 1 C 
 41  88 2 10 3 1 HN 0 145 +35 217 +35 0 1 1.370334 0 0 5921.527317 5922.028291 5922.529268 5922.729654 5924.733549 5926.103883 1 C 
 41  89 2 11 3 3 HH 1 147 +35 73 -35 1 1 1.220156 0 0 5927.121526 5927.622499 5928.123474 5928.323862 5930.327757 5931.547913 1 C 
 41  90 2 12 2 1 LN 0 124 +87 161 +87 0 1 0.975130 0 0 5932.565442 5933.066415 5933.567388 5933.767778 5935.771674 5936.746804 1 C 
 41  91 2 13 3 1 HN 0 118 -71 177 -71 0 1 1.042162 0 0 5937.758870 5938.259844 5938.760818 5938.961207 5940.965102 5942.007264 1 C 
 41  92 2 14 3 1 HN 0 81 +67 121 +67 0 1 0.744876 0 0 5943.019095 5943.520070 5944.021043 5944.221432 5946.225328 5946.970204 1 C 
 41  93 2 15 1 1 NN 0 160 +2 160 +2 0 1 0.857351 0 0 5947.995435 5948.496410 5948.997382 5949.197773 5951.201667 5952.059018 1 C 
 41  94 2 16 1 2 NL 0 59 +67 59 +32 0 1 0.756224 0 0 5953.071972 5953.572943 5954.073920 5954.274308 5956.278203 5957.034427 1 C 
 41  95 2 17 3 3 HH 1 92 -55 138 +15 1 1 0.754546 0 0 5958.048311 5958.549285 5959.050259 5959.250648 5961.254543 5962.009088 1 C 
 41  96 2 18 3 1 HN 0 130 -72 65 -72 0 1 0.886060 0 0 5963.024652 5963.525627 5964.026599 5964.226987 5966.230884 5967.116944 1 C 
 41  97 2 19 2 3 LH 1 119 -3 154 -73 1 1 0.668884 0 0 5968.134584 5968.635558 5969.136533 5969.336922 5971.340817 5972.009701 1 C 
 41  98 2 20 3 2 HL 1 145 -44 72 -79 0 0 0.850977 0 0 5973.027430 5973.528403 5974.029374 5974.229767 5976.233660 5977.084637 1 E 
 41  99 2 21 3 2 HL 1 133 +46 66 +81 0 0 1.035839 0 0 5978.103965 5978.604938 5979.105912 5979.306301 5981.310200 5982.346039 1 E 
 41 100 2 22 3 1 HN 0 160 -11 80 -11 0 1 0.723448 0 0 5983.364189 5983.865162 5984.366140 5984.566526 5986.570422 5987.293869 1 C 
 41 101 2 23 1 3 NH 0 139 +2 139 -68 0 1 0.959752 0 0 5988.307132 5988.808105 5989.309079 5989.509470 5991.513364 5992.473116 1 C 
 41 102 2 24 2 1 LN 0 111 +35 77 +35 0 1 4.042217 0 0 5993.483861 5993.984835 5994.485813 5994.686198 5996.690094 6000.732310 1 C 
 41 103 2 25 2 2 LL 1 166 -85 116 -50 1 1 1.118530 0 0 6001.749931 6002.250903 6002.751877 6002.952266 6004.956162 6006.074692 1 C 
 41 104 2 26 3 2 HL 1 116 -49 58 -84 1 1 1.281326 0 0 6007.093652 6007.594627 6008.095598 6008.295988 6010.299886 6011.581212 1 C 
 41 105 2 27 1 1 NN 0 63 +33 63 +33 0 1 0.762696 0 0 6012.604364 6013.105337 6013.606312 6013.806700 6015.810594 6016.573291 1 C 
 41 106 2 28 1 2 NL 0 139 +33 139 +68 1 0 2.279440 0 0 6017.597403 6018.098376 6018.599350 6018.799740 6020.803637 6023.083077 1 E 
 41 107 2 29 2 3 LH 1 119 +71 83 +1 1 1 1.174050 0 0 6024.110065 6024.611041 6025.112010 6025.312400 6027.316295 6028.490345 1 C 
 41 108 2 30 1 1 NN 0 149 -36 149 -36 0 1 1.093114 0 0 6029.503882 6030.004855 6030.505829 6030.706218 6032.710112 6033.803226 1 C 
 41 109 2 31 3 3 HH 1 100 -25 150 +45 0 0 1.045656 0 0 6034.814205 6035.315177 6035.816153 6036.016541 6038.020437 6039.066093 1 E 
 41 110 2 32 1 1 NN 0 101 -30 101 -30 0 1 0.891574 0 0 6040.091128 6040.592104 6041.093076 6041.293465 6043.297359 6044.188933 1 C 
 41 111 2 33 1 1 NN 0 115 +39 115 +39 0 1 0.852557 0 0 6045.201062 6045.702034 6046.203008 6046.403399 6048.407294 6049.259850 1 C 
 41 112 2 34 1 3 NH 0 59 -53 59 +17 0 1 1.039345 0 0 6050.277597 6050.778571 6051.279542 6051.479934 6053.483829 6054.523174 1 C 
 41 113 2 35 2 3 LH 1 122 -54 85 +16 0 0 0.867055 0 0 6055.537823 6056.038796 6056.539774 6056.740158 6058.744055 6059.611110 1 E 
 41 114 2 36 2 3 LH 1 76 +50 98 -20 1 1 1.038718 0 0 6060.631057 6061.132030 6061.633003 6061.833393 6063.837289 6064.876007 1 C 
 41 115 2 37 2 1 LN 0 63 -6 44 -6 0 1 1.398209 0 0 6065.891283 6066.392259 6066.893228 6067.093618 6069.097514 6070.495722 1 C 
 41 116 2 38 1 1 NN 0 75 -50 75 -50 0 1 0.618866 0 0 6071.518888 6072.019862 6072.520835 6072.721224 6074.725121 6075.343987 1 C 
 41 117 2 39 1 2 NL 0 178 +16 178 -19 0 1 1.115549 0 0 6076.361636 6076.862609 6077.363583 6077.563972 6079.567868 6080.683416 1 C 
 41 118 2 40 1 1 NN 0 157 +32 157 +32 0 1 0.689094 0 0 6081.705358 6082.206330 6082.707304 6082.907693 6084.911588 6085.600682 1 C 
 41 119 2 41 1 1 NN 0 89 -47 89 -47 0 1 0.611901 0 0 6086.614901 6087.115875 6087.616848 6087.817237 6089.821133 6090.433034 1 C 
 41 120 2 42 1 2 NL 0 123 +43 123 +78 0 1 1.142859 0 0 6091.457649 6091.958620 6092.459597 6092.659984 6094.663878 6095.806736 1 C 
 41 121 2 43 2 1 LN 0 73 -15 94 -15 0 1 0.567201 0 0 6096.818067 6097.319041 6097.820015 6098.020404 6100.024299 6100.591500 1 C 
 41 122 2 44 3 3 HH 1 77 -82 38 -12 0 0 1.004923 0 0 6101.610717 6102.111690 6102.612670 6102.813054 6104.816950 6105.821872 1 E 
 41 123 2 45 3 3 HH 1 141 +1 70 +71 1 1 0.613324 0 0 6106.837544 6107.338518 6107.839494 6108.039882 6110.043777 6110.657101 1 C 
 41 124 2 46 3 3 HH 1 108 +72 54 +2 0 0 0.902721 0 0 6111.680293 6112.181269 6112.682239 6112.882628 6114.886524 6115.789245 1 E 
 41 125 2 47 1 3 NH 0 77 -18 77 +52 1 0 1.058575 0 0 6116.806925 6117.307900 6117.808872 6118.009259 6120.013156 6121.071732 1 E 
 41 126 2 48 2 2 LL 1 151 -45 196 -80 0 0 1.320063 0 0 6122.083847 6122.584824 6123.085796 6123.286185 6125.290079 6126.610141 1 E 
 41 127 2 49 2 3 LH 1 169 -37 118 +33 1 1 1.006492 0 0 6127.627961 6128.128935 6128.629907 6128.830296 6130.834191 6131.840683 1 C 
 41 128 2 50 3 3 HH 1 60 +56 90 -14 1 1 1.460231 0 0 6132.854786 6133.355760 6133.856737 6134.057123 6136.061018 6137.521249 1 C 
 41 129 2 51 2 2 LL 1 67 -1 87 -36 1 1 1.028131 0 0 6138.532491 6139.033467 6139.534438 6139.734827 6141.738722 6142.766854 1 C 
 41 130 2 52 2 2 LL 1 92 -86 64 -51 1 1 1.609589 0 0 6143.792718 6144.293688 6144.794666 6144.995052 6146.998948 6148.608537 1 C 
 41 131 2 53 1 1 NN 0 71 -73 71 -73 0 1 1.078914 0 0 6149.620713 6150.121685 6150.622662 6150.823048 6152.826943 6153.905857 1 C 
 41 132 2 54 3 2 HL 1 149 +35 223 +0 1 1 1.253233 0 0 6154.931035 6155.432008 6155.932981 6156.133371 6158.137266 6159.390498 1 C 
 41 133 2 55 2 3 LH 1 147 +7 102 +77 0 0 2.916593 0 0 6160.408349 6160.909321 6161.410298 6161.610685 6163.614580 6166.531174 1 E 
 41 134 2 56 3 2 HL 1 64 +25 96 -10 1 1 1.046439 0 0 6167.555577 6168.056552 6168.557522 6168.757912 6170.761807 6171.808246 1 C 
 41 135 2 57 1 2 NL 0 131 +31 131 -4 0 1 1.386946 0 0 6172.832501 6173.333473 6173.834447 6174.034835 6176.038732 6177.425678 1 C 
 41 136 2 58 1 1 NN 0 168 -73 168 -73 0 1 1.149953 0 0 6178.443408 6178.944384 6179.445357 6179.645743 6181.649638 6182.799591 1 C 
 41 137 2 59 2 2 LL 1 120 -71 156 -36 0 0 1.149570 0 0 6183.820525 6184.321500 6184.822477 6185.022863 6187.026758 6188.176328 1 E 
 41 138 2 60 2 2 LL 1 121 +9 84 -26 1 1 1.520587 0 0 6189.197646 6189.698621 6190.199597 6190.399983 6192.403878 6193.924466 1 C 
 41 139 3  1 2 3 LH 1 135 -66 94 +4 1 1 0.967359 0 0 6230.344304 6230.845274 6231.346245 6231.546635 6233.550530 6234.517889 1 C 
 41 140 3  2 2 2 LL 1 84 -56 58 -21 1 1 0.908342 0 0 6235.537726 6236.038700 6236.539673 6236.740063 6238.743959 6239.652301 1 C 
 41 141 3  3 3 3 HH 1 63 +33 31 -37 0 0 1.267764 0 0 6240.664360 6241.165332 6241.666307 6241.866696 6243.870591 6245.138354 1 E 
 41 142 3  4 3 1 HN 0 149 -34 223 -34 0 1 0.958503 0 0 6246.158373 6246.659346 6247.160322 6247.360709 6249.364605 6250.323108 1 C 
 41 143 3  5 3 3 HH 1 124 +41 62 -29 1 1 0.966338 0 0 6251.335101 6251.836075 6252.337053 6252.537439 6254.541334 6255.507672 1 C 
 41 144 3  6 1 3 NH 0 88 +59 88 -11 1 0 1.197726 0 0 6256.528532 6257.029507 6257.530481 6257.730867 6259.734763 6260.932489 1 E 
 41 145 3  7 3 3 HH 1 56 -89 84 -19 0 0 1.228830 0 0 6261.955750 6262.456721 6262.957695 6263.158085 6265.161980 6266.390809 1 E 
 41 146 3  8 1 2 NL 0 114 -41 114 -76 0 1 1.492786 0 0 6267.416363 6267.917336 6268.418310 6268.618699 6270.622595 6272.115381 1 C 
 41 147 3  9 2 3 LH 1 138 +26 96 -44 1 1 1.268366 0 0 6273.127466 6273.628439 6274.129412 6274.329800 6276.333702 6277.602068 1 C 
 41 148 3 10 2 1 LN 0 170 -60 118 -60 0 1 1.280408 0 0 6278.621477 6279.122451 6279.623425 6279.823814 6281.827710 6283.108117 1 C 
 41 149 3 11 3 2 HL 1 74 -44 111 -9 1 1 0.778707 0 0 6284.132191 6284.633168 6285.134137 6285.334526 6287.338422 6288.117129 1 C 
 41 150 3 12 1 3 NH 0 168 +54 168 -16 0 1 1.414935 0 0 6289.141931 6289.642900 6290.143878 6290.344265 6292.348161 6293.763096 1 C 
 41 151 3 13 1 1 NN 0 149 -73 149 -73 0 1 1.292261 0 0 6294.786233 6295.287211 6295.788181 6295.988570 6297.992466 6299.284727 1 C 
 41 152 3 14 1 3 NH 0 152 -54 152 +16 0 1 1.144496 0 0 6300.296947 6300.797919 6301.298894 6301.499283 6303.503179 6304.647675 1 C 
 41 153 3 15 1 2 NL 0 136 +20 136 -15 0 1 0.852521 0 0 6305.674071 6306.175039 6306.676013 6306.876402 6308.880298 6309.732819 1 C 
 41 154 3 16 1 2 NL 0 112 -56 112 -21 0 1 0.800463 0 0 6310.750601 6311.251577 6311.752548 6311.952937 6313.956833 6314.757295 1 C 
 41 155 3 17 2 2 LL 1 166 -66 215 -31 1 1 0.895452 0 0 6315.777041 6316.278012 6316.778985 6316.979375 6318.983270 6319.878722 1 C 
 41 156 3 18 2 3 LH 1 116 -13 81 -83 1 1 0.918949 0 0 6320.903671 6321.404644 6321.905620 6322.106008 6324.109903 6325.028851 1 C 
 41 157 3 19 3 1 HN 0 100 -60 150 -60 0 1 0.976424 0 0 6326.047003 6326.547976 6327.048950 6327.249339 6329.253235 6330.229658 1 C 
 41 158 3 20 2 2 LL 1 153 -87 107 -52 1 1 0.969451 0 0 6331.240433 6331.741404 6332.242378 6332.442768 6334.446664 6335.416115 1 C 
 41 159 3 21 1 3 NH 0 100 -65 100 +5 1 0 0.832650 0 0 6336.433860 6336.934833 6337.435807 6337.636197 6339.640091 6340.472741 1 E 
 41 160 3 22 1 3 NH 0 93 +53 93 -17 0 1 1.208200 0 0 6341.493697 6341.994669 6342.495647 6342.696033 6344.699928 6345.908127 1 C 
 41 161 3 23 3 3 HH 1 78 +0 117 +70 1 1 1.271399 0 0 6346.920913 6347.421886 6347.922857 6348.123249 6350.127145 6351.398543 1 C 
 41 162 3 24 1 2 NL 0 89 -51 89 -86 0 1 1.108635 0 0 6352.414926 6352.915900 6353.416873 6353.617262 6355.621158 6356.729793 1 C 
 41 163 3 25 2 1 LN 0 170 -73 118 -73 0 1 1.570563 0 0 6357.741949 6358.242921 6358.743895 6358.944285 6360.948180 6362.518743 1 C 
 41 164 3 26 1 1 NN 0 56 +88 56 +88 0 1 1.215317 0 0 6363.536549 6364.037522 6364.538493 6364.738882 6366.742777 6367.958095 1 C 
 41 165 3 27 1 1 NN 0 180 +77 180 +77 0 1 1.822245 0 0 6368.980463 6369.481434 6369.982409 6370.182798 6372.186694 6374.008938 1 C 
 41 166 3 28 2 3 LH 1 144 -68 100 +2 0 0 1.025119 0 0 6375.025546 6375.526519 6376.027495 6376.227882 6378.231778 6379.256897 1 E 
 41 167 3 29 3 3 HH 1 79 +33 118 -37 1 1 1.238247 0 0 6380.269070 6380.770048 6381.271020 6381.471408 6383.475304 6384.713551 1 C 
 41 168 3 30 3 3 HH 1 99 -1 148 -71 1 1 1.186712 0 0 6385.729688 6386.230660 6386.731633 6386.932023 6388.935919 6390.122631 1 C 
 41 169 3 31 3 1 HN 0 93 -84 46 -84 0 1 1.215167 0 0 6391.140204 6391.641178 6392.142152 6392.342542 6394.346436 6395.561603 1 C 
 41 170 3 32 1 2 NL 0 140 -75 140 -40 0 1 2.795245 0 0 6396.584123 6397.085094 6397.586068 6397.786457 6399.790363 6402.585608 1 C 
 41 171 3 33 1 2 NL 0 155 +4 155 -31 0 1 1.235954 0 0 6403.597753 6404.098728 6404.599702 6404.800091 6406.803986 6408.039940 1 C 
 41 172 3 34 2 1 LN 0 133 -1 172 -1 0 1 1.185672 0 0 6409.058370 6409.559342 6410.060316 6410.260706 6412.264601 6413.450273 1 C 
 41 173 3 35 1 1 NN 0 112 +73 112 +73 0 1 0.862290 0 0 6414.468885 6414.969860 6415.470834 6415.671223 6417.675119 6418.537409 1 C 
 41 174 3 36 3 1 HN 0 111 +74 55 +74 0 1 0.791340 0 0 6419.562120 6420.063094 6420.564068 6420.764464 6422.768352 6423.559693 1 C 
 41 175 3 37 3 2 HL 1 112 -35 56 +0 1 1 0.936143 0 0 6424.571859 6425.072833 6425.573807 6425.774196 6427.778092 6428.714235 1 C 
 41 176 3 38 3 3 HH 1 60 +16 90 +86 1 1 1.197712 0 0 6429.731889 6430.232865 6430.733841 6430.934227 6432.938122 6434.135834 1 C 
 41 177 3 39 3 2 HL 1 117 -41 175 -76 0 0 0.974980 0 0 6435.159108 6435.660080 6436.161057 6436.361443 6438.365338 6439.340319 1 E 
 41 178 3 40 1 2 NL 0 180 -34 180 +1 1 0 1.136636 0 0 6440.352537 6440.853511 6441.354483 6441.554872 6443.558768 6444.695404 1 E 
 41 179 3 41 2 2 LL 1 118 +79 153 +44 0 0 1.168526 0 0 6445.712957 6446.213932 6446.714903 6446.915293 6448.919188 6450.087714 1 E 
 41 180 3 42 1 3 NH 0 66 +5 66 -65 1 0 1.025465 0 0 6451.106775 6451.607751 6452.108721 6452.309110 6454.313006 6455.338471 1 E 
 41 181 3 43 3 2 HL 1 129 +58 64 +23 0 0 0.838397 0 0 6456.350300 6456.851276 6457.352249 6457.552637 6459.556532 6460.394929 1 E 
 41 182 3 44 2 2 LL 1 56 +90 39 +55 1 1 3.188205 0 0 6461.410136 6461.911113 6462.412084 6462.612473 6464.616369 6467.804574 1 C 
 41 183 3 45 1 2 NL 0 126 +65 126 +30 0 1 1.292385 0 0 6468.824551 6469.325522 6469.826497 6470.026886 6472.030782 6473.323167 1 C 
 41 184 3 46 2 2 LL 1 156 -3 109 -38 1 1 1.075124 0 0 6474.335261 6474.836235 6475.337209 6475.537598 6477.541494 6478.616618 1 C 
 41 185 3 47 3 3 HH 1 93 +86 139 +16 0 0 0.886033 0 0 6479.628886 6480.129859 6480.630830 6480.831223 6482.835118 6483.721151 1 E 
 41 186 3 48 3 1 HN 0 127 -41 190 -41 0 1 1.921285 0 0 6484.738818 6485.239796 6485.740767 6485.941154 6487.945052 6489.866337 1 C 
 41 187 3 49 3 1 HN 0 59 +90 88 +90 0 1 0.978855 0 0 6490.884099 6491.385071 6491.886045 6492.086435 6494.090329 6495.069184 1 C 
 41 188 3 50 3 3 HH 1 157 +14 235 -56 1 1 1.353613 0 0 6496.094227 6496.595199 6497.096173 6497.296563 6499.300458 6500.654070 1 C 
 41 189 3 51 1 3 NH 0 61 -41 61 +29 0 1 1.470445 0 0 6501.671736 6502.172708 6502.673681 6502.874069 6504.877973 6506.348418 1 C 
 41 190 3 52 3 3 HH 1 123 +57 61 -13 1 1 1.025234 0 0 6507.366137 6507.867111 6508.368085 6508.568474 6510.572373 6511.597607 1 C 
 41 191 3 53 1 2 NL 0 144 +42 144 +77 0 1 1.271008 0 0 6512.609665 6513.110637 6513.611612 6513.812001 6515.815896 6517.086904 1 C 
 41 192 3 54 1 2 NL 0 86 +61 86 +26 1 0 1.628169 0 0 6518.103678 6518.604651 6519.105625 6519.306014 6521.309909 6522.938078 1 E 
 41 193 3 55 1 3 NH 0 123 -73 123 -3 0 1 2.472532 0 0 6523.965073 6524.466048 6524.967018 6525.167408 6527.171304 6529.643835 1 C 
 41 194 3 56 3 3 HH 1 175 +27 87 -43 1 1 1.056165 0 0 6530.661422 6531.162395 6531.663369 6531.863758 6533.867654 6534.923819 1 C 
 41 195 3 57 1 2 NL 0 105 -82 105 -47 0 1 1.570592 0 0 6535.938346 6536.439320 6536.940293 6537.140683 6539.144579 6540.715171 1 C 
 41 196 3 58 2 1 LN 0 61 -82 79 -82 0 1 1.170021 0 0 6541.732946 6542.233914 6542.734891 6542.935280 6544.939176 6546.109197 1 C 
 41 197 3 59 1 1 NN 0 165 +43 165 +43 0 1 0.913811 0 0 6547.126763 6547.627736 6548.128710 6548.329098 6550.332996 6551.246808 1 C 
 41 198 3 60 1 3 NH 0 72 -39 72 +31 0 1 1.127221 0 0 6552.270095 6552.771067 6553.272041 6553.472431 6555.476323 6556.603544 1 C 
 41 199 4  1 2 3 LH 1 87 -79 113 -9 1 1 2.104973 0 0 6599.261441 6599.762417 6600.263388 6600.463777 6602.467673 6604.572645 1 C 
 41 200 4  2 2 2 LL 1 91 +74 118 +39 1 1 1.171869 0 0 6605.590412 6606.091386 6606.592362 6606.792747 6608.796644 6609.968513 1 C 
 41 201 4  3 3 1 HN 0 61 -78 30 -78 0 1 1.057661 0 0 6610.984233 6611.485203 6611.986176 6612.186565 6614.190460 6615.248122 1 C 
 41 202 4  4 3 1 HN 0 90 -73 135 -73 0 1 0.869114 0 0 6616.261153 6616.762127 6617.263101 6617.463490 6619.467385 6620.336499 1 C 
 41 203 4  5 3 2 HL 1 62 -68 93 -33 1 1 0.941515 0 0 6621.354388 6621.855365 6622.356334 6622.556724 6624.560619 6625.502134 1 C 
 41 204 4  6 2 3 LH 1 76 +9 53 +79 1 1 1.321729 0 0 6626.514419 6627.015392 6627.516364 6627.716755 6629.720651 6631.042380 1 C 
 41 205 4  7 3 3 HH 1 179 -84 268 -14 1 1 1.185166 0 0 6632.058530 6632.559503 6633.060479 6633.260865 6635.264759 6636.449924 1 C 
 41 206 4  8 3 3 HH 1 66 +64 99 -6 1 1 1.099588 0 0 6637.469048 6637.970019 6638.470994 6638.671383 6640.675279 6641.774866 1 C 
 41 207 4  9 3 1 HN 0 118 +55 177 +55 0 1 1.232198 0 0 6642.796068 6643.297042 6643.798015 6643.998403 6646.002300 6647.234498 1 C 
 41 208 4 10 3 1 HN 0 98 +18 147 +18 0 1 1.386989 0 0 6648.256683 6648.757659 6649.258633 6649.459020 6651.462916 6652.849905 1 C 
 41 209 4 11 2 3 LH 1 171 +27 222 -43 1 1 0.929770 0 0 6653.867592 6654.368564 6654.869540 6655.069928 6657.073829 6658.003599 1 C 
 41 210 4 12 2 3 LH 1 108 -82 140 -12 1 1 0.728791 0 0 6659.027622 6659.528596 6660.029569 6660.229958 6662.233854 6662.962644 1 C 
 41 211 4 13 2 3 LH 1 120 -47 156 +23 0 0 0.919350 0 0 6663.987262 6664.488236 6664.989209 6665.189599 6667.193499 6668.112849 1 E 
 41 212 4 14 2 1 LN 0 150 +74 105 +74 0 1 0.947321 0 0 6669.130598 6669.631570 6670.132541 6670.332931 6672.336826 6673.284146 1 C 
 41 213 4 15 2 2 LL 1 134 +50 174 +15 1 1 0.855168 0 0 6674.307326 6674.808296 6675.309271 6675.509660 6677.513558 6678.368726 1 C 
 41 214 4 16 1 2 NL 0 168 +70 168 +35 0 1 0.997180 0 0 6679.383860 6679.884831 6680.385803 6680.586196 6682.590091 6683.587271 1 C 
 41 215 4 17 1 2 NL 0 113 +12 113 +47 1 0 2.054933 0 0 6684.610687 6685.111663 6685.612633 6685.813023 6687.816929 6689.871861 1 E 
 41 216 4 18 2 1 LN 0 142 -48 99 -48 0 1 0.754285 0 0 6690.889559 6691.390535 6691.891505 6692.091902 6694.095792 6694.850077 1 C 
 41 217 4 19 3 3 HH 1 143 +38 214 -32 1 1 0.785664 0 0 6695.865900 6696.366874 6696.867845 6697.068236 6699.072141 6699.857805 1 C 
 41 218 4 20 2 3 LH 1 155 +27 108 -43 1 1 2.288645 0 0 6700.875637 6701.376610 6701.877584 6702.077977 6704.081871 6706.370516 1 C 
 41 219 4 21 1 1 NN 0 104 -29 104 -29 0 1 0.878145 0 0 6707.388298 6707.889270 6708.390248 6708.590633 6710.594529 6711.472674 1 C 
 41 220 4 22 1 1 NN 0 150 -67 150 -67 0 1 1.033913 0 0 6712.498231 6712.999208 6713.500176 6713.700566 6715.704462 6716.738375 1 C 
 41 221 4 23 1 2 NL 0 87 -52 87 -17 0 1 0.975602 0 0 6717.758457 6718.259428 6718.760403 6718.960793 6720.964692 6721.940294 1 C 
 41 222 4 24 1 3 NH 0 143 +43 143 -27 0 1 0.885996 0 0 6722.951884 6723.452858 6723.953832 6724.154221 6726.158116 6727.044112 1 C 
 41 223 4 25 1 3 NH 0 105 +69 105 -1 0 1 0.845647 0 0 6728.061821 6728.562791 6729.063763 6729.264155 6731.268049 6732.113696 1 C 
 41 224 4 26 3 1 HN 0 77 +59 38 +59 0 1 1.096498 0 0 6733.138351 6733.639326 6734.140302 6734.340690 6736.344584 6737.441082 1 C 
 41 225 4 27 3 1 HN 0 112 +18 56 +18 0 1 1.275713 0 0 6738.465376 6738.966348 6739.467321 6739.667712 6741.671606 6742.947319 1 C 
 41 226 4 28 1 3 NH 0 143 +2 143 -68 0 1 0.835849 0 0 6743.959389 6744.460364 6744.961335 6745.161724 6747.165620 6748.001469 1 C 
 41 227 4 29 2 3 LH 1 165 +62 214 -8 1 1 0.800780 0 0 6749.019228 6749.520200 6750.021171 6750.221561 6752.225456 6753.026236 1 C 
 41 228 4 30 2 3 LH 1 124 +90 86 +20 1 1 1.314625 0 0 6754.045663 6754.546635 6755.047609 6755.247999 6757.251900 6758.566525 1 C 
 41 229 4 31 2 1 LN 0 114 +61 79 +61 0 1 0.887961 0 0 6759.589773 6760.090747 6760.591719 6760.792109 6762.796005 6763.683965 1 C 
 41 230 4 32 1 3 NH 0 74 -82 74 -12 0 1 0.913850 0 0 6764.699707 6765.200682 6765.701652 6765.902042 6767.905937 6768.819787 1 C 
 41 231 4 33 2 3 LH 1 138 -42 96 +28 1 1 0.941724 0 0 6769.843038 6770.344011 6770.844983 6771.045374 6773.049268 6773.990993 1 C 
 41 232 4 34 3 2 HL 1 72 -13 108 +22 1 1 0.965459 0 0 6775.003066 6775.504041 6776.005018 6776.205404 6778.209299 6779.174758 1 C 
 41 233 4 35 2 1 LN 0 61 +69 79 +69 0 1 0.684591 0 0 6780.196497 6780.697469 6781.198444 6781.398832 6783.402728 6784.087319 1 C 
 41 234 4 36 3 2 HL 1 56 +15 84 +50 1 1 2.221971 0 0 6785.106039 6785.607015 6786.107988 6786.308377 6788.312273 6790.534243 1 C 
 41 235 4 37 1 3 NH 0 150 +15 150 +85 0 1 0.846884 0 0 6791.551903 6792.052877 6792.553851 6792.754241 6794.758136 6795.605020 1 C 
 41 236 4 38 1 1 NN 0 132 -77 132 -77 0 1 0.728430 0 0 6796.628438 6797.129415 6797.630385 6797.830775 6799.834672 6800.563102 1 C 
 41 237 4 39 3 1 HN 0 106 +83 159 +83 0 1 1.019575 0 0 6801.588080 6802.089053 6802.590027 6802.790416 6804.794311 6805.813887 1 C 
 41 238 4 40 3 1 HN 0 100 -17 150 -17 0 1 0.769022 0 0 6806.831610 6807.332579 6807.833553 6808.033943 6810.037835 6810.806858 1 C 
 41 239 4 41 2 1 LN 0 148 +13 192 +13 0 1 1.197814 0 0 6811.824646 6812.325619 6812.826592 6813.026982 6815.030877 6816.228692 1 C 
 41 240 4 42 2 2 LL 1 171 -3 119 +32 1 1 0.846502 0 0 6817.251876 6817.752834 6818.253811 6818.454199 6820.458094 6821.304596 1 C 
 41 241 4 43 3 1 HN 0 61 +4 30 +4 0 1 0.855320 0 0 6822.328399 6822.829371 6823.330346 6823.530734 6825.534634 6826.389955 1 C 
 41 242 4 44 2 1 LN 0 92 +30 64 +30 0 1 0.913789 0 0 6827.404933 6827.905909 6828.406880 6828.607269 6830.611164 6831.524953 1 C 
 41 243 4 45 2 2 LL 1 90 +72 117 +37 1 1 1.309064 0 0 6832.548265 6833.049236 6833.550211 6833.750600 6835.754496 6837.063560 1 C 
 41 244 4 46 3 2 HL 1 179 -19 268 +16 1 1 1.604486 0 0 6838.075677 6838.576649 6839.077623 6839.278012 6841.281907 6842.886393 1 C 
 41 245 4 47 3 3 HH 1 110 +36 55 -34 1 1 1.170039 0 0 6843.903672 6844.404645 6844.905618 6845.106007 6847.109903 6848.279942 1 C 
 41 246 4 48 1 2 NL 0 128 +63 128 +28 0 1 1.053080 0 0 6849.297489 6849.798465 6850.299439 6850.499826 6852.503722 6853.556802 1 C 
 41 247 4 49 2 1 LN 0 176 -53 123 -53 0 1 0.707801 0 0 6854.574419 6855.075387 6855.576361 6855.776751 6857.780645 6858.488446 1 C 
 41 248 4 50 2 2 LL 1 174 -64 121 -29 1 1 1.127037 0 0 6859.500658 6860.001633 6860.502606 6860.702994 6862.706892 6863.833929 1 C 
 41 249 4 51 2 1 LN 0 73 -67 94 -67 0 1 1.364710 0 0 6864.844379 6865.345351 6865.846327 6866.046715 6868.050610 6869.415320 1 C 
 41 250 4 52 2 2 LL 1 84 +37 109 +72 1 1 0.973762 0 0 6870.438585 6870.939558 6871.440534 6871.640920 6873.644819 6874.618582 1 C 
 41 251 4 53 2 1 LN 0 97 +51 126 +51 0 1 1.153064 0 0 6875.632015 6876.132991 6876.633966 6876.834351 6878.838246 6879.991311 1 C 
 41 252 4 54 2 3 LH 1 175 -51 122 +19 0 0 1.058606 0 0 6881.009135 6881.510107 6882.011082 6882.211471 6884.215372 6885.273978 1 E 
 41 253 4 55 2 2 LL 1 150 -15 105 +20 1 1 0.657807 0 0 6886.286058 6886.787033 6887.288006 6887.488395 6889.492290 6890.150097 1 C 
 41 254 4 56 2 1 LN 0 162 +48 210 +48 0 1 1.206640 0 0 6891.162206 6891.663177 6892.164152 6892.364541 6894.368437 6895.575076 1 C 
 41 255 4 57 3 3 HH 1 61 -22 91 +48 1 1 0.885953 0 0 6896.589422 6897.090394 6897.591368 6897.791758 6899.795653 6900.681605 1 C 
 41 256 4 58 1 3 NH 0 120 -72 120 -2 0 1 0.927317 0 0 6901.699354 6902.200327 6902.701301 6902.901691 6904.905587 6905.832904 1 C 
 41 257 4 59 3 2 HL 1 83 +8 41 -27 1 1 0.660887 0 0 6906.859383 6907.360362 6907.861332 6908.061721 6910.065617 6910.726504 1 C 
 41 258 4 60 2 3 LH 1 114 -1 148 -71 1 1 1.146015 0 0 6911.752230 6912.253203 6912.754177 6912.954565 6914.958464 6916.104479 1 C 
 41 259 5  1 2 2 LL 1 118 -28 82 -63 0 0 0.863748 0 0 6955.620841 6956.121816 6956.622788 6956.823176 6958.827072 6959.690819 1 E 
 41 260 5  2 2 1 LN 0 91 +7 118 +7 0 1 0.908112 0 0 6960.714076 6961.215046 6961.716021 6961.916410 6963.920304 6964.828416 1 C 
 41 261 5  3 1 2 NL 0 129 +47 129 +82 0 1 1.108446 0 0 6965.840706 6966.341680 6966.842657 6967.043043 6969.046937 6970.155383 1 C 
 41 262 5  4 2 1 LN 0 84 -55 58 -55 0 1 0.887752 0 0 6971.167727 6971.668701 6972.169676 6972.370065 6974.373960 6975.261712 1 C 
 41 263 5  5 2 3 LH 1 177 -90 123 -20 1 1 1.041804 0 0 6976.277662 6976.778634 6977.279609 6977.479998 6979.483893 6980.525697 1 C 
 41 264 5  6 3 3 HH 1 74 +73 111 +3 1 1 0.996555 0 0 6981.537886 6982.038860 6982.539838 6982.740225 6984.744119 6985.740673 1 C 
 41 265 5  7 1 3 NH 0 107 -27 107 +43 0 1 1.910311 0 0 6986.764714 6987.265688 6987.766661 6987.967050 6989.970946 6991.881257 1 C 
 41 266 5  8 2 2 LL 1 71 +19 49 +54 1 1 1.481525 0 0 6992.893295 6993.394266 6993.895242 6994.095630 6996.099534 6997.581059 1 C 
 41 267 5  9 2 1 LN 0 82 -53 106 -53 0 1 1.798915 0 0 6998.604397 6999.105369 6999.606342 6999.806733 7001.810628 7003.609544 1 C 
 41 268 5 10 2 2 LL 1 132 -27 171 -62 1 1 1.197647 0 0 7004.632781 7005.133755 7005.634729 7005.835117 7007.839014 7009.036661 1 C 
 41 269 5 11 3 2 HL 1 127 +24 190 +59 1 1 1.687718 0 0 7010.059997 7010.560971 7011.061949 7011.262334 7013.266230 7014.953947 1 C 
 41 270 5 12 1 1 NN 0 89 -70 89 -70 0 1 0.882121 0 0 7015.971490 7016.472465 7016.973437 7017.173826 7019.177722 7020.059843 1 C 
 41 271 5 13 1 3 NH 0 149 -6 149 -76 0 1 0.957582 0 0 7021.081424 7021.582396 7022.083370 7022.283760 7024.287664 7025.245246 1 C 
 41 272 5 14 3 2 HL 1 139 +68 208 +33 1 1 1.334591 0 0 7026.258152 7026.759126 7027.260100 7027.460489 7029.464385 7030.798976 1 C 
 41 273 5 15 1 2 NL 0 118 -36 118 -71 0 1 0.878168 0 0 7031.818963 7032.319939 7032.820912 7033.021299 7035.025194 7035.903361 1 C 
 41 274 5 16 2 3 LH 1 63 -44 44 +26 0 0 0.980518 0 0 7036.928897 7037.429869 7037.930843 7038.131232 7040.135132 7041.115651 1 E 
 41 275 5 17 1 2 NL 0 77 -10 77 +25 0 1 1.498475 0 0 7042.139025 7042.639999 7043.140971 7043.341360 7045.345266 7046.843741 1 C 
 41 276 5 18 3 2 HL 1 72 -8 108 -43 1 1 0.606959 0 0 7047.866825 7048.367798 7048.868771 7049.069161 7051.073057 7051.680016 1 C 
 41 277 5 19 1 3 NH 0 169 -47 169 +23 0 1 0.960933 0 0 7052.692874 7053.193846 7053.694820 7053.895209 7055.899105 7056.860038 1 C 
 41 278 5 20 3 1 HN 0 61 +68 91 +68 0 1 0.826437 0 0 7057.886302 7058.387275 7058.888249 7059.088638 7061.092533 7061.918970 1 C 
 41 279 5 21 1 1 NN 0 66 +85 66 +85 0 1 0.680117 0 0 7062.929439 7063.430412 7063.931385 7064.131775 7066.135671 7066.815787 1 C 
 41 280 5 22 3 2 HL 1 105 +59 52 +24 1 1 1.782995 0 0 7067.838982 7068.339955 7068.840929 7069.041318 7071.045215 7072.828210 1 C 
 41 281 5 23 2 2 LL 1 97 -40 126 -75 0 0 1.643180 0 0 7073.850669 7074.351641 7074.852619 7075.053004 7077.056900 7078.700080 1 E 
 41 282 5 24 3 2 HL 1 101 -17 50 +18 1 1 1.067040 0 0 7079.712063 7080.213036 7080.714010 7080.914399 7082.918293 7083.985333 1 C 
 41 283 5 25 3 2 HL 1 113 +17 56 -18 1 1 0.989481 0 0 7085.005688 7085.506659 7086.007633 7086.208022 7088.211918 7089.201398 1 C 
 41 284 5 26 2 2 LL 1 163 +74 211 +39 1 1 1.153160 0 0 7090.215815 7090.716791 7091.217760 7091.418150 7093.422045 7094.575205 1 C 
 41 285 5 27 3 3 HH 1 58 +39 87 -31 1 1 1.197656 0 0 7095.592935 7096.093906 7096.594880 7096.795270 7098.799165 7099.996822 1 C 
 41 286 5 28 1 2 NL 0 174 -51 174 -16 1 0 2.461311 0 0 7101.020151 7101.521123 7102.022097 7102.222487 7104.226381 7106.687692 1 E 
 41 287 5 29 1 1 NN 0 121 -31 121 -31 0 1 0.867598 0 0 7107.699803 7108.200777 7108.701748 7108.902137 7110.906031 7111.773629 1 C 
 41 288 5 30 2 1 LN 0 155 +82 108 +82 0 1 1.905674 0 0 7112.793039 7113.294011 7113.794983 7113.995373 7115.999273 7117.904947 1 C 
 41 289 5 31 2 1 LN 0 140 +53 98 +53 1 0 1.470478 0 0 7118.921616 7119.422589 7119.923561 7120.123953 7122.127847 7123.598325 1 E 
 41 290 5 32 2 3 LH 1 88 +33 114 -37 1 1 0.802554 0 0 7124.616018 7125.116994 7125.617966 7125.818355 7127.822250 7128.624804 1 C 
 41 291 5 33 1 2 NL 0 162 -69 162 -34 0 1 1.005470 0 0 7129.642456 7130.143431 7130.644403 7130.844793 7132.848687 7133.854157 1 C 
 41 292 5 34 2 2 LL 1 112 +89 78 +54 1 1 1.253637 0 0 7134.869284 7135.370260 7135.871230 7136.071619 7138.075515 7139.329153 1 C 
 41 293 5 35 3 2 HL 1 127 +42 190 +77 0 0 1.090014 0 0 7140.346597 7140.847570 7141.348545 7141.548933 7143.552834 7144.642848 1 E 
 41 294 5 36 2 1 LN 0 146 -33 102 -33 0 1 1.375889 0 0 7145.656919 7146.157895 7146.658871 7146.859256 7148.863155 7150.239044 1 C 
 41 295 5 37 2 2 LL 1 177 -40 123 -5 1 1 0.919312 0 0 7151.251129 7151.752101 7152.253076 7152.453465 7154.457358 7155.376670 1 C 
 41 296 5 38 1 2 NL 0 68 -86 68 -51 1 0 0.930499 0 0 7156.394461 7156.895433 7157.396406 7157.596796 7159.600691 7160.531190 1 E 
 41 297 5 39 2 1 LN 0 92 +16 64 +16 0 1 0.841550 0 0 7161.554492 7162.055466 7162.556437 7162.756826 7164.760723 7165.602273 1 C 
 41 298 5 40 3 3 HH 1 116 +87 58 +17 1 1 1.219901 0 0 7166.614327 7167.115301 7167.616273 7167.816663 7169.820558 7171.040460 1 C 
 41 299 5 41 3 3 HH 1 176 +46 88 -24 1 1 0.816281 0 0 7172.058245 7172.559214 7173.060193 7173.260578 7175.264474 7176.080755 1 C 
 41 300 5 42 3 1 HN 0 70 -7 105 -7 0 1 1.503897 0 0 7177.101379 7177.602353 7178.103325 7178.303715 7180.307611 7181.811508 1 C 
 41 301 5 43 2 2 LL 1 163 -86 114 -51 1 1 2.926776 0 0 7182.829179 7183.330153 7183.831127 7184.031516 7186.035412 7188.962188 1 C 
 41 302 5 44 1 2 NL 0 172 -88 172 -53 0 1 4.481968 0 0 7189.976406 7190.477382 7190.978354 7191.178743 7193.182639 7197.664607 1 C 
 41 303 5 45 2 1 LN 0 166 -78 215 -78 0 1 1.561573 0 0 7198.676653 7199.177625 7199.678599 7199.878989 7201.882889 7203.444461 1 C 
 41 304 5 46 3 3 HH 1 134 +11 67 +81 1 1 1.410704 0 0 7204.471250 7204.972223 7205.473197 7205.673586 7207.677482 7209.088186 1 C 
 41 305 5 47 3 1 HN 0 61 +72 91 +72 0 1 1.431469 0 0 7210.098856 7210.599831 7211.100803 7211.301193 7213.305087 7214.736556 1 C 
 41 306 5 48 2 3 LH 1 148 +58 103 -12 1 1 1.515151 0 0 7215.759862 7216.260835 7216.761808 7216.962197 7218.966093 7220.481244 1 C 
 41 307 5 49 2 2 LL 1 69 +25 89 +60 0 0 1.275136 0 0 7221.504362 7222.005334 7222.506308 7222.706697 7224.710594 7225.985730 1 E 
 41 308 5 50 3 2 HL 1 107 -71 160 -36 1 1 1.608151 0 0 7226.998375 7227.499350 7228.000321 7228.200711 7230.204606 7231.812757 1 C 
 41 309 5 51 3 2 HL 1 105 +82 52 +47 1 1 0.833219 0 0 7232.826369 7233.327344 7233.828318 7234.028704 7236.032602 7236.865821 1 C 
 41 310 5 52 3 3 HH 1 174 -64 87 +6 1 1 0.688180 0 0 7237.886205 7238.387179 7238.888153 7239.088542 7241.092438 7241.780618 1 C 
 41 311 5 53 2 1 LN 0 99 +4 69 +4 0 1 0.961387 0 0 7242.795753 7243.296725 7243.797696 7243.998087 7246.001989 7246.963376 1 C 
 41 312 5 54 1 1 NN 0 120 +28 120 +28 0 1 1.399481 0 0 7247.989180 7248.490152 7248.991128 7249.191515 7251.195411 7252.594891 1 C 
 41 313 5 55 2 2 LL 1 159 +63 206 +28 0 0 1.166996 0 0 7253.616786 7254.117760 7254.618736 7254.819122 7256.823016 7257.990013 1 E 
 41 314 5 56 3 2 HL 1 59 +10 29 +45 1 1 2.395573 0 0 7259.010603 7259.511578 7260.012553 7260.212940 7262.216834 7264.612407 1 C 
 41 315 5 57 2 3 LH 1 99 +63 69 -7 0 0 1.893599 0 0 7265.623457 7266.124431 7266.625405 7266.825795 7268.829690 7270.723289 1 E 
 41 316 5 58 3 2 HL 1 129 +8 64 +43 1 1 1.482004 0 0 7271.735340 7272.236314 7272.737286 7272.937676 7274.941570 7276.423574 1 C 
 41 317 5 59 2 2 LL 1 66 +6 85 +41 1 1 1.768159 0 0 7277.446440 7277.947414 7278.448388 7278.648781 7280.652673 7282.420832 1 C 
 41 318 5 60 3 1 HN 0 77 -74 38 -74 0 1 1.117567 0 0 7283.441428 7283.942403 7284.443374 7284.643765 7286.647661 7287.765228 1 C 
 41 319 6  1 2 3 LH 1 131 -77 91 -7 1 1 2.365584 0 0 7305.200394 7305.701365 7306.202339 7306.402729 7308.406624 7310.772208 1 C 
 41 320 6  2 1 1 NN 0 121 -45 121 -45 0 1 0.845386 0 0 7311.796549 7312.297520 7312.798495 7312.998884 7315.002789 7315.848175 1 C 
 41 321 6  3 3 3 HH 1 141 -25 211 +45 1 1 1.077821 0 0 7316.873082 7317.374056 7317.875032 7318.075420 7320.079315 7321.157136 1 C 
 41 322 6  4 2 1 LN 0 149 -18 104 -18 0 1 0.823857 0 0 7322.183405 7322.684382 7323.185352 7323.385744 7325.389638 7326.213495 1 C 
 41 323 6  5 2 2 LL 1 61 -43 42 -8 0 0 1.208130 0 0 7327.226543 7327.727515 7328.228491 7328.428879 7330.432775 7331.640904 1 E 
 41 324 6  6 1 3 NH 0 80 +63 80 -7 0 1 0.917540 0 0 7332.653760 7333.154734 7333.655706 7333.856095 7335.859991 7336.777531 1 C 
 41 325 6  7 2 3 LH 1 138 -32 96 +38 1 1 0.668964 0 0 7337.797091 7338.298066 7338.799038 7338.999428 7341.003322 7341.672286 1 C 
 41 326 6  8 2 2 LL 1 171 +1 222 -34 1 1 1.069830 0 0 7342.689935 7343.190911 7343.691887 7343.892272 7345.896168 7346.965998 1 C 
 41 327 6  9 3 3 HH 1 101 +70 151 +0 0 0 1.231171 0 0 7347.983558 7348.484536 7348.985506 7349.185896 7351.189791 7352.420962 1 E 
 41 328 6 10 2 3 LH 1 73 -63 51 +7 0 0 0.811529 0 0 7353.444174 7353.945149 7354.446123 7354.646511 7356.650405 7357.461934 1 E 
 41 329 6 11 3 3 HH 1 160 +45 80 -25 1 1 1.420252 0 0 7358.487312 7358.988287 7359.489258 7359.689647 7361.693543 7363.113794 1 C 
 41 330 6 12 2 3 LH 1 166 -19 215 -89 1 1 1.008512 0 0 7364.131618 7364.632588 7365.133565 7365.333953 7367.337857 7368.346369 1 C 
 41 331 6 13 2 1 LN 0 173 +27 121 +27 0 1 1.234962 0 0 7369.358445 7369.859416 7370.360394 7370.560779 7372.564675 7373.799637 1 C 
 41 332 6 14 3 3 HH 1 175 -88 262 -18 1 1 0.830366 0 0 7374.819058 7375.320033 7375.821006 7376.021392 7378.025289 7378.855655 1 C 
 41 333 6 15 3 2 HL 1 148 -86 74 -51 1 1 0.858176 0 0 7379.878895 7380.379867 7380.880840 7381.081230 7383.085126 7383.943302 1 C 
 41 334 6 16 2 3 LH 1 74 +46 96 -24 1 1 0.949760 0 0 7384.955430 7385.456404 7385.957377 7386.157766 7388.161660 7389.111420 1 C 
 41 335 6 17 1 1 NN 0 79 -49 79 -49 0 1 0.847095 0 0 7390.132158 7390.633132 7391.134104 7391.334496 7393.338391 7394.185486 1 C 
 41 336 6 18 2 2 LL 1 69 -79 48 -44 0 0 1.417325 0 0 7395.208694 7395.709666 7396.210641 7396.411030 7398.414926 7399.832251 1 E 
 41 337 6 19 2 1 LN 0 77 -90 100 -90 0 1 1.164353 0 0 7400.853000 7401.353973 7401.854946 7402.055338 7404.059230 7405.223583 1 C 
 41 338 6 20 2 2 LL 1 67 +39 46 +4 1 1 0.668750 0 0 7406.246819 7406.747791 7407.248764 7407.449154 7409.453053 7410.121803 1 C 
 41 339 6 21 2 3 LH 1 138 -12 179 +58 0 0 2.255313 0 0 7411.139663 7411.640636 7412.141611 7412.341999 7414.345893 7416.601206 1 E 
 41 340 6 22 1 3 NH 0 165 +38 165 -32 0 1 0.930560 0 0 7417.618925 7418.119900 7418.620871 7418.821260 7420.825156 7421.755716 1 C 
 41 341 6 23 1 1 NN 0 169 +38 169 +38 0 1 1.257593 0 0 7422.778956 7423.279928 7423.780901 7423.981292 7425.985186 7427.242779 1 C 
 41 342 6 24 3 2 HL 1 79 +20 118 +55 0 0 1.892683 0 0 7428.256270 7428.757242 7429.258216 7429.458606 7431.462501 7433.355184 1 E 
 41 343 6 25 3 1 HN 0 137 +90 205 +90 1 0 1.044966 0 0 7434.368151 7434.869126 7435.370098 7435.570486 7437.574385 7438.619351 1 E 
 41 344 6 26 3 3 HH 1 129 -59 64 +11 1 1 1.449036 0 0 7439.645075 7440.146051 7440.647021 7440.847409 7442.851306 7444.300342 1 C 
 41 345 6 27 2 3 LH 1 137 +16 95 +86 1 1 1.671055 0 0 7445.322778 7445.823751 7446.324729 7446.525115 7448.529010 7450.200065 1 C 
 41 346 6 28 3 2 HL 1 153 -77 229 -42 1 1 0.995264 0 0 7451.217571 7451.718544 7452.219519 7452.419907 7454.423807 7455.419071 1 C 
 41 347 6 29 2 3 LH 1 132 -39 92 +31 1 1 1.270036 0 0 7456.444397 7456.945370 7457.446344 7457.646733 7459.650629 7460.920665 1 C 
 41 348 6 30 2 3 LH 1 180 -85 234 -15 1 1 0.929008 0 0 7461.938410 7462.439384 7462.940357 7463.140746 7465.144643 7466.073650 1 C 
 41 349 6 31 3 1 HN 0 65 +29 97 +29 1 0 0.908302 0 0 7467.098442 7467.599414 7468.100388 7468.300778 7470.304674 7471.212976 1 E 
 41 350 6 32 3 2 HL 1 113 -36 169 -71 1 1 2.149945 0 0 7472.225075 7472.726051 7473.227024 7473.427410 7475.431305 7477.581250 1 C 
 41 351 6 33 1 2 NL 0 142 -29 142 +6 0 1 1.690240 0 0 7478.604142 7479.105117 7479.606087 7479.806477 7481.810375 7483.500615 1 C 
 41 352 6 34 2 1 LN 0 93 +24 120 +24 0 1 1.634796 0 0 7484.515633 7485.016609 7485.517579 7485.717969 7487.721864 7489.356660 1 C 
 41 353 6 35 3 2 HL 1 155 -16 77 -51 0 0 2.234359 0 0 7490.377025 7490.878003 7491.378973 7491.579364 7493.583258 7495.817616 1 E 
 41 354 6 36 1 2 NL 0 171 -42 171 -7 0 1 1.134042 0 0 7496.839588 7497.340565 7497.841536 7498.041925 7500.045820 7501.179863 1 C 
 41 355 6 37 3 2 HL 1 149 -7 74 -42 1 1 1.325803 0 0 7502.200013 7502.700983 7503.201956 7503.402346 7505.406241 7506.732044 1 C 
 41 356 6 38 1 3 NH 0 83 +25 83 -45 0 1 1.832214 0 0 7507.744121 7508.245097 7508.746067 7508.946456 7510.950352 7512.782566 1 C 
 41 357 6 39 1 3 NH 0 146 -74 146 -4 1 0 3.078265 0 0 7513.805903 7514.306877 7514.807852 7515.008240 7517.012136 7520.090401 1 E 
 41 358 6 40 2 1 LN 0 81 -33 56 -33 0 1 1.193969 0 0 7521.103423 7521.604398 7522.105372 7522.305759 7524.309654 7525.503623 1 C 
 41 359 6 41 3 1 HN 0 103 -3 154 -3 0 1 0.997385 0 0 7526.530640 7527.031615 7527.532589 7527.732975 7529.736871 7530.734256 1 C 
 41 360 6 42 2 2 LL 1 157 +33 109 +68 1 1 0.985234 0 0 7531.757466 7532.258439 7532.759413 7532.959802 7534.963698 7535.948932 1 C 
 41 361 6 43 3 3 HH 1 94 -54 141 +16 0 0 1.489443 0 0 7536.967595 7537.468574 7537.969541 7538.169931 7540.173826 7541.663269 1 E 
 41 362 6 44 3 1 HN 0 105 -89 157 -89 0 1 0.641051 0 0 7542.678696 7543.179672 7543.680645 7543.881032 7545.884926 7546.525977 1 C 
 41 363 6 45 1 1 NN 0 96 -21 96 -21 0 1 0.579886 0 0 7547.538144 7548.039118 7548.540090 7548.740479 7550.744375 7551.324261 1 C 
 41 364 6 46 3 1 HN 0 100 -27 150 -27 0 1 0.635408 0 0 7552.347492 7552.848465 7553.349438 7553.549828 7555.553724 7556.189131 1 C 
 41 365 6 47 3 3 HH 1 129 +85 64 +15 1 1 0.958538 0 0 7557.206938 7557.707911 7558.208885 7558.409274 7560.413170 7561.371708 1 C 
 41 366 6 48 1 1 NN 0 110 +53 110 +53 0 1 1.064089 0 0 7562.383667 7562.884641 7563.385614 7563.586005 7565.589898 7566.653987 1 C 
 41 367 6 49 3 1 HN 0 60 +70 90 +70 0 1 0.618632 0 0 7567.677290 7568.178268 7568.679238 7568.879628 7570.883523 7571.502155 1 C 
 41 368 6 50 1 3 NH 0 100 -10 100 +60 0 1 1.088499 0 0 7572.520038 7573.021015 7573.521987 7573.722375 7575.726269 7576.814769 1 C 
 41 369 6 51 2 1 LN 0 151 +12 196 +12 0 1 0.563125 0 0 7577.830362 7578.331334 7578.832308 7579.032698 7581.036593 7581.599719 1 C 
 41 370 6 52 1 3 NH 0 95 +42 95 -28 0 1 1.175354 0 0 7582.623013 7583.123984 7583.624958 7583.825348 7585.829241 7587.004595 1 C 
 41 371 6 53 3 1 HN 0 128 +59 64 +59 0 1 0.808099 0 0 7588.016830 7588.517803 7589.018777 7589.219167 7591.223062 7592.031161 1 C 
 41 372 6 54 1 3 NH 0 151 +90 151 +20 0 1 0.836001 0 0 7593.043267 7593.544244 7594.045216 7594.245604 7596.249501 7597.085503 1 C 
 41 373 6 55 1 3 NH 0 169 -27 169 +43 0 1 0.900708 0 0 7598.103104 7598.604079 7599.105052 7599.305440 7601.309335 7602.210043 1 C 
 41 374 6 56 2 3 LH 1 166 -58 215 +12 1 1 0.585423 0 0 7603.229736 7603.730709 7604.231686 7604.432072 7606.435967 7607.021390 1 C 
 41 375 6 57 1 1 NN 0 54 -21 54 -21 0 1 0.771037 0 0 7608.039086 7608.540057 7609.041032 7609.241420 7611.245328 7612.016364 1 C 
 41 376 6 58 1 1 NN 0 71 +87 71 +87 0 1 0.529723 0 0 7613.032125 7613.533094 7614.034071 7614.234460 7616.238355 7616.768079 1 C 
 41 377 6 59 3 2 HL 1 86 +67 129 +32 0 0 1.676530 0 0 7617.791376 7618.292351 7618.793323 7618.993712 7620.997608 7622.674137 1 E 
 41 378 6 60 1 2 NL 0 113 -78 113 -43 0 1 0.579178 0 0 7623.686167 7624.187143 7624.688115 7624.888504 7626.892404 7627.471582 1 C 
