 16   1 0 43 3 3 HH 1 138 +20 179 +80 1 1 17.212237 0 0 5340.609680 5341.110655 5341.611630 5341.812018 5343.815914 5361.028152 1 C 
 16   2 0 44 2 3 LH 1 129 -75 148 -15 0 0 2.255324 0 0 5362.051364 5362.552336 5363.053310 5363.253699 5365.257596 5367.512920 1 E 
 16   3 0 45 1 1 NN 0 97 +63 97 +63 1 0 0.629947 0 0 5368.530630 5369.031600 5369.532572 5369.732962 5371.736855 5372.366802 1 E 
 16   4 0 46 2 1 LN 0 163 -36 187 -36 0 1 1.474761 0 0 5373.390073 5373.891046 5374.392018 5374.592409 5376.596303 5378.071065 1 C 
 16   5 0 47 2 2 LL 1 83 +64 95 +44 0 0 1.231228 0 0 5379.084473 5379.585447 5380.086421 5380.286809 5382.290705 5383.521933 1 E 
 16   6 0 48 2 2 LL 1 119 -25 136 -5 1 1 2.233086 0 0 5384.545090 5385.046064 5385.547036 5385.747425 5387.751322 5389.984408 1 C 
 16   7 0 49 2 1 LN 0 116 +19 133 +19 0 1 1.361651 0 0 5391.007651 5391.508623 5392.009600 5392.209988 5394.213883 5395.575533 1 C 
 16   8 0 50 2 2 LL 1 104 +88 88 +68 0 0 2.472417 0 0 5396.601858 5397.102832 5397.603805 5397.804196 5399.808091 5402.280508 1 E 
 16   9 0 51 2 3 LH 1 60 +18 69 -42 1 1 1.841849 0 0 5403.298211 5403.799185 5404.300157 5404.500546 5406.504448 5408.346298 1 C 
 16  10 0 52 1 2 NL 0 120 +32 120 +52 0 1 2.322175 0 0 5409.359994 5409.860969 5410.361941 5410.562329 5412.566229 5414.888404 1 C 
 16  11 0 53 3 1 HN 0 89 -26 62 -26 0 1 1.400556 0 0 5415.906055 5416.407023 5416.907999 5417.108389 5419.112283 5420.512839 1 C 
 16  12 0 54 2 3 LH 1 90 +78 103 +18 1 1 1.210494 0 0 5421.533657 5422.034629 5422.535605 5422.735994 5424.739899 5425.950393 1 C 
 16  13 0 55 3 2 HL 1 169 +17 219 +37 0 0 1.800895 0 0 5426.960874 5427.461851 5427.962822 5428.163211 5430.167106 5431.968001 1 E 
 16  14 0 56 2 2 LL 1 133 -13 152 +7 0 0 1.642953 0 0 5432.989260 5433.490236 5433.991207 5434.191596 5436.195492 5437.838445 1 E 
 16  15 0 57 1 2 NL 0 81 +57 81 +37 1 0 2.533520 0 0 5438.850654 5439.351631 5439.852601 5440.052990 5442.056886 5444.590407 1 E 
 16  16 0 58 2 3 LH 1 118 -77 135 -17 1 1 2.131069 0 0 5445.613800 5446.114777 5446.615748 5446.816137 5448.820032 5450.951102 1 C 
 16  17 0 59 1 3 NH 0 171 +57 171 -3 0 1 1.693192 0 0 5451.976167 5452.477142 5452.978115 5453.178504 5455.182400 5456.875592 1 C 
 16  18 0 60 3 2 HL 1 72 +46 50 +26 1 1 1.954746 0 0 5457.887660 5458.388633 5458.889609 5459.089996 5461.093891 5463.048637 1 C 
 16  19 1  1 3 1 HN 0 141 -28 98 -28 0 1 1.154727 0 0 5467.923835 5468.424812 5468.925784 5469.126173 5471.130069 5472.284796 1 C 
 16  20 1  2 2 1 LN 0 113 +57 129 +57 0 1 1.023179 0 0 5473.300957 5473.801929 5474.302903 5474.503291 5476.507187 5477.530365 1 C 
 16  21 1  3 2 2 LL 1 66 -53 56 -73 1 1 0.869026 0 0 5478.544485 5479.045459 5479.546429 5479.746818 5481.750714 5482.619740 1 C 
 16  22 1  4 2 1 LN 0 145 -59 123 -59 0 1 0.987943 0 0 5483.637717 5484.138689 5484.639663 5484.840052 5486.843948 5487.831892 1 C 
 16  23 1  5 1 1 NN 0 145 -79 145 -79 0 1 0.830341 0 0 5488.847845 5489.348817 5489.849791 5490.050180 5492.054076 5492.884416 1 C 
 16  24 1  6 2 3 LH 1 179 +9 205 +69 1 1 1.434415 0 0 5493.907680 5494.408653 5494.909630 5495.110016 5497.113912 5498.548327 1 C 
 16  25 1  7 2 2 LL 1 70 -77 59 -57 0 0 2.060570 0 0 5499.568685 5500.069657 5500.570632 5500.771022 5502.774917 5504.835488 1 E 
 16  26 1  8 2 1 LN 0 134 +28 154 +28 0 1 1.092017 0 0 5505.847556 5506.348530 5506.849504 5507.049893 5509.053788 5510.145806 1 C 
 16  27 1  9 1 2 NL 0 141 -11 141 -31 1 0 0.918074 0 0 5511.157879 5511.658852 5512.159826 5512.360216 5514.364112 5515.282185 1 E 
 16  28 1 10 3 1 HN 0 160 -84 112 -84 0 1 1.376352 0 0 5516.301212 5516.802185 5517.303157 5517.503548 5519.507443 5520.883795 1 C 
 16  29 1 11 3 3 HH 1 82 +23 106 -37 1 1 0.773941 0 0 5521.895420 5522.396391 5522.897367 5523.097755 5525.101650 5525.875591 1 C 
 16  30 1 12 2 1 LN 0 64 +11 54 +11 0 1 1.391296 0 0 5526.888459 5527.389431 5527.890408 5528.090795 5530.094690 5531.485986 1 C 
 16  31 1 13 1 3 NH 0 70 +42 70 -18 1 0 1.171593 0 0 5532.499368 5533.000342 5533.501313 5533.701705 5535.705598 5536.877191 1 E 
 16  32 1 14 2 3 LH 1 65 -88 55 -28 1 1 0.830454 0 0 5537.893183 5538.394157 5538.895131 5539.095520 5541.099416 5541.929869 1 C 
 16  33 1 15 3 1 HN 0 105 +48 136 +48 0 1 1.003517 0 0 5542.953021 5543.453993 5543.954968 5544.155356 5546.159250 5547.162767 1 C 
 16  34 1 16 3 2 HL 1 158 +23 110 +3 1 1 0.896604 0 0 5548.179846 5548.680821 5549.181794 5549.382183 5551.386080 5552.282684 1 C 
 16  35 1 17 2 3 LH 1 115 +71 132 +11 1 1 1.050093 0 0 5553.306479 5553.807453 5554.308430 5554.508816 5556.512719 5557.562812 1 C 
 16  36 1 18 3 2 HL 1 54 +28 37 +8 1 1 2.422990 0 0 5558.583404 5559.084377 5559.585351 5559.785741 5561.789637 5564.212626 1 C 
 16  37 1 19 2 3 LH 1 174 -2 147 +58 0 0 0.576815 0 0 5565.229657 5565.730634 5566.231604 5566.431993 5568.435889 5569.012704 1 E 
 16  38 1 20 3 3 HH 1 79 -78 55 -18 1 1 1.159470 0 0 5570.039007 5570.539980 5571.040955 5571.241343 5573.245240 5574.404710 1 C 
 16  39 1 21 2 2 LL 1 83 -12 70 +8 0 0 1.205539 0 0 5575.416125 5575.917099 5576.418070 5576.618466 5578.622356 5579.827896 1 E 
 16  40 1 22 1 2 NL 0 56 -58 56 -78 0 1 2.027118 0 0 5580.843343 5581.344317 5581.845289 5582.045679 5584.049575 5586.076693 1 C 
 16  41 1 23 1 2 NL 0 146 +18 146 +38 1 0 1.286777 0 0 5587.088816 5587.589789 5588.090763 5588.291152 5590.295046 5591.581823 1 E 
 16  42 1 24 2 2 LL 1 119 -33 136 -13 1 1 0.929559 0 0 5592.599529 5593.100501 5593.601475 5593.801865 5595.805760 5596.735320 1 C 
 16  43 1 25 2 1 LN 0 163 +81 138 +81 0 1 0.888150 0 0 5597.759559 5598.260535 5598.761506 5598.961895 5600.965791 5601.853941 1 C 
 16  44 1 26 1 2 NL 0 68 +52 68 +32 1 0 0.685603 0 0 5602.869491 5603.370469 5603.871439 5604.071829 5606.075723 5606.761326 1 E 
 16  45 1 27 1 2 NL 0 84 -62 84 -82 0 1 1.236587 0 0 5607.779037 5608.280012 5608.780983 5608.981373 5610.985268 5612.221855 1 C 
 16  46 1 28 1 1 NN 0 163 -5 163 -5 1 0 1.073884 0 0 5613.239651 5613.740624 5614.241602 5614.441988 5616.445892 5617.519776 1 E 
 16  47 1 29 1 3 NH 0 59 -54 59 +6 1 0 1.793250 0 0 5618.533275 5619.034251 5619.535222 5619.735611 5621.739507 5623.532756 1 E 
 16  48 1 30 2 3 LH 1 60 -65 69 -5 0 0 1.925752 0 0 5624.544962 5625.045933 5625.546908 5625.747297 5627.751193 5629.676946 1 E 
 16  49 1 31 3 1 HN 0 164 +0 114 +0 1 0 1.565065 0 0 5630.690240 5631.191215 5631.692187 5631.892577 5633.896473 5635.461538 1 E 
 16  50 1 32 1 2 NL 0 96 -20 96 -40 0 1 1.676361 0 0 5636.484837 5636.985811 5637.486785 5637.687174 5639.691069 5641.367431 1 C 
 16  51 1 33 2 2 LL 1 77 -52 88 -72 0 0 0.871108 0 0 5642.379631 5642.880605 5643.381579 5643.581967 5645.585862 5646.456970 1 E 
 16  52 1 34 3 1 HN 0 56 +52 72 +52 0 1 0.969541 0 0 5647.472866 5647.973837 5648.474811 5648.675200 5650.679096 5651.648636 1 C 
 16  53 1 35 1 3 NH 0 123 -83 123 -23 1 0 0.440583 0 0 5652.666293 5653.167267 5653.668242 5653.868630 5655.872523 5656.313106 1 E 
 16  54 1 36 1 3 NH 0 88 -15 88 +45 1 0 1.946148 0 0 5657.325350 5657.826323 5658.327297 5658.527686 5660.531582 5662.477730 1 E 
 16  55 1 37 2 2 LL 1 146 -42 167 -22 0 0 1.737774 0 0 5663.504026 5664.005004 5664.505974 5664.706364 5666.710260 5668.448035 1 E 
 16  56 1 38 3 1 HN 0 131 -3 91 -3 0 1 1.233610 0 0 5669.465616 5669.966589 5670.467563 5670.667952 5672.671848 5673.905458 1 C 
 16  57 1 39 3 1 HN 0 101 +71 131 +71 0 1 1.628182 0 0 5674.926232 5675.427205 5675.928181 5676.128567 5678.132463 5679.760645 1 C 
 16  58 1 40 1 2 NL 0 124 -39 124 -19 0 1 2.361162 0 0 5680.787626 5681.288598 5681.789575 5681.989962 5683.993862 5686.355024 1 C 
 16  59 1 41 2 3 LH 1 57 -27 65 +33 1 1 2.505783 0 0 5687.367083 5687.868058 5688.369029 5688.569416 5690.573314 5693.079097 1 C 
 16  60 1 42 1 1 NN 0 55 -80 55 -80 0 1 1.314587 0 0 5694.096831 5694.597804 5695.098778 5695.299167 5697.303063 5698.617650 1 C 
 16  61 1 43 2 2 LL 1 172 -72 146 -52 0 0 3.364327 0 0 5699.640945 5700.141914 5700.642888 5700.843278 5702.847180 5706.211507 1 E 
 16  62 1 44 1 3 NH 0 128 +60 128 +0 0 1 1.709672 0 0 5707.222347 5707.723318 5708.224293 5708.424682 5710.428577 5712.138249 1 C 
 16  63 1 45 1 3 NH 0 170 +56 170 -4 1 0 2.082654 0 0 5713.150536 5713.651509 5714.152486 5714.352872 5716.356767 5718.439421 1 E 
 16  64 1 46 3 3 HH 1 111 +19 77 -41 1 1 1.706699 0 0 5719.462806 5719.963783 5720.464754 5720.665143 5722.669038 5724.375737 1 C 
 16  65 1 47 2 3 LH 1 54 -55 62 +5 0 0 1.898995 0 0 5725.390999 5725.891970 5726.392944 5726.593333 5728.597239 5730.496234 1 E 
 16  66 1 48 3 3 HH 1 154 +49 200 -11 1 1 1.893560 0 0 5731.519578 5732.020550 5732.521526 5732.721914 5734.725818 5736.619378 1 C 
 16  67 1 49 2 3 LH 1 102 +37 86 -23 1 1 1.186511 0 0 5737.631458 5738.132429 5738.633405 5738.833794 5740.837691 5742.024202 1 C 
 16  68 1 50 2 2 LL 1 107 +90 90 +70 1 1 2.450136 0 0 5743.041976 5743.542948 5744.043926 5744.244312 5746.248207 5748.698342 1 C 
 16  69 1 51 2 1 LN 0 77 +85 65 +85 0 1 1.501278 0 0 5749.721627 5750.222600 5750.723574 5750.923964 5752.927859 5754.429136 1 C 
 16  70 1 52 3 3 HH 1 179 -13 125 +47 1 1 0.761959 0 0 5755.449429 5755.950402 5756.451375 5756.651764 5758.655661 5759.417620 1 C 
 16  71 1 53 3 2 HL 1 69 +67 89 +87 1 1 5.675782 0 0 5760.442468 5760.943441 5761.444419 5761.644804 5763.648700 5769.324482 1 C 
 16  72 1 54 3 2 HL 1 166 -75 116 -55 0 0 1.036276 0 0 5770.345050 5770.846024 5771.346998 5771.547387 5773.551283 5774.587558 1 E 
 16  73 1 55 2 2 LL 1 75 -14 63 +6 1 1 1.482769 0 0 5775.605275 5776.106249 5776.607223 5776.807612 5778.811508 5780.294277 1 C 
 16  74 1 56 1 1 NN 0 70 +2 70 +2 0 1 0.944931 0 0 5781.316379 5781.817351 5782.318325 5782.518714 5784.522609 5785.467540 1 C 
 16  75 1 57 3 2 HL 1 167 -17 116 +3 1 1 1.111012 0 0 5786.493106 5786.994079 5787.495059 5787.695449 5789.699340 5790.810352 1 C 
 16  76 1 58 1 2 NL 0 150 +18 150 -2 0 1 1.739393 0 0 5791.836830 5792.337802 5792.838776 5793.039166 5795.043061 5796.782454 1 C 
 16  77 1 59 3 2 HL 1 64 +19 44 -1 1 1 0.527554 0 0 5797.798417 5798.299391 5798.800364 5799.000754 5801.004650 5801.532204 1 C 
 16  78 1 60 2 3 LH 1 138 +23 158 +83 1 1 1.306044 0 0 5802.557670 5803.058642 5803.559616 5803.760006 5805.763902 5807.069946 1 C 
 16  79 2  1 2 2 LL 1 164 -87 139 -67 1 1 1.022147 0 0 5824.784211 5825.285182 5825.786155 5825.986546 5827.990440 5829.012588 1 C 
 16  80 2  2 3 3 HH 1 73 +1 94 +61 1 1 1.277699 0 0 5830.027736 5830.528708 5831.029682 5831.230071 5833.233970 5834.511669 1 C 
 16  81 2  3 3 2 HL 1 83 -34 58 -14 1 1 1.325662 0 0 5835.538446 5836.039421 5836.540395 5836.740784 5838.744680 5840.070342 1 C 
 16  82 2  4 3 2 HL 1 107 -41 74 -61 0 0 1.191385 0 0 5841.082557 5841.583535 5842.084507 5842.284895 5844.288791 5845.480176 1 E 
 16  83 2  5 2 1 LN 0 158 +41 181 +41 0 1 1.043557 0 0 5846.493073 5846.994051 5847.495023 5847.695412 5849.699308 5850.742865 1 C 
 16  84 2  6 3 3 HH 1 153 -6 107 +54 1 1 0.830311 0 0 5851.770002 5852.270973 5852.771947 5852.972337 5854.976232 5855.806543 1 C 
 16  85 2  7 3 3 HH 1 108 +66 140 +6 1 1 1.284662 0 0 5856.829835 5857.330808 5857.831784 5858.032172 5860.036068 5861.320729 1 C 
 16  86 2  8 2 1 LN 0 132 -89 151 -89 0 1 1.380597 0 0 5862.340549 5862.841521 5863.342495 5863.542885 5865.546780 5866.927377 1 C 
 16  87 2  9 2 1 LN 0 94 -71 108 -71 0 1 3.375004 0 0 5867.951456 5868.452440 5868.953403 5869.153792 5871.157699 5874.532703 1 C 
 16  88 2 10 2 3 LH 1 110 +51 93 -9 1 1 0.796154 0 0 5875.549560 5876.050535 5876.551506 5876.751894 5878.755792 5879.551946 1 C 
 16  89 2 11 1 1 NN 0 155 -76 155 -76 0 1 0.913816 0 0 5880.575997 5881.076970 5881.577944 5881.778332 5883.782229 5884.696045 1 C 
 16  90 2 12 2 1 LN 0 133 -47 113 -47 0 1 0.873725 0 0 5885.719329 5886.220304 5886.721275 5886.921664 5888.925559 5889.799284 1 C 
 16  91 2 13 1 2 NL 0 132 +1 132 +21 1 0 0.782583 0 0 5890.812563 5891.313535 5891.814509 5892.014899 5894.018794 5894.801377 1 E 
 16  92 2 14 3 2 HL 1 92 -77 64 -57 0 0 1.164546 0 0 5895.822301 5896.323277 5896.824247 5897.024637 5899.028532 5900.193078 1 E 
 16  93 2 15 1 2 NL 0 167 -13 167 -33 0 1 1.167454 0 0 5901.216119 5901.717096 5902.218069 5902.418455 5904.422351 5905.589805 1 C 
 16  94 2 16 1 2 NL 0 108 -13 108 -33 0 1 0.808045 0 0 5906.609939 5907.110910 5907.611886 5907.812274 5909.816170 5910.624215 1 C 
 16  95 2 17 2 3 LH 1 139 +36 159 -24 1 1 1.000577 0 0 5911.636376 5912.137351 5912.638322 5912.838711 5914.842607 5915.843184 1 C 
 16  96 2 18 3 1 HN 0 154 +5 200 +5 0 1 1.210608 0 0 5916.863203 5917.364175 5917.865150 5918.065539 5920.069435 5921.280043 1 C 
 16  97 2 19 1 2 NL 0 93 -50 93 -70 1 0 1.646327 0 0 5922.307118 5922.808091 5923.309064 5923.509455 5925.513350 5927.159677 1 E 
 16  98 2 20 2 1 LN 0 121 -7 139 -7 0 1 1.315487 0 0 5928.185212 5928.686187 5929.187159 5929.387548 5931.391444 5932.706930 1 C 
 16  99 2 21 2 2 LL 1 169 -21 143 -41 0 0 2.951032 0 0 5933.729322 5934.230298 5934.731269 5934.931658 5936.935554 5939.886586 1 E 
 16 100 2 22 2 2 LL 1 110 +72 126 +52 1 1 0.679525 0 0 5940.909947 5941.410923 5941.911894 5942.112283 5944.116179 5944.795704 1 C 
 16 101 2 23 1 3 NH 0 67 +62 67 +2 1 0 1.208126 0 0 5945.819491 5946.320464 5946.821438 5947.021828 5949.025723 5950.233849 1 E 
 16 102 2 24 3 2 HL 1 89 +81 62 +61 0 0 0.950392 0 0 5951.246709 5951.747685 5952.248655 5952.449045 5954.452940 5955.403332 1 E 
 16 103 2 25 3 3 HH 1 88 +44 114 -16 1 1 0.574310 0 0 5956.423438 5956.924410 5957.425387 5957.625774 5959.629669 5960.203979 1 C 
 16 104 2 26 3 3 HH 1 100 +84 130 +24 0 0 0.649349 0 0 5961.216088 5961.717062 5962.218036 5962.418423 5964.422320 5965.071669 1 E 
 16 105 2 27 2 2 LL 1 146 -18 124 +2 1 1 1.034305 0 0 5966.092235 5966.593206 5967.094180 5967.294569 5969.298464 5970.332769 1 C 
 16 106 2 28 3 1 HN 0 139 -86 180 -86 0 1 2.922056 0 0 5971.352459 5971.853432 5972.354407 5972.554795 5974.558690 5977.480747 1 C 
 16 107 2 29 3 1 HN 0 154 +18 107 +18 1 0 0.568588 0 0 5978.499684 5979.000657 5979.501632 5979.702022 5981.705919 5982.274507 1 E 
 16 108 2 30 3 1 HN 0 74 -6 51 -6 1 0 0.785784 0 0 5983.292336 5983.793308 5984.294284 5984.494672 5986.498567 5987.284351 1 E 
 16 109 2 31 2 3 LH 1 70 +40 80 -20 0 0 1.239689 0 0 5988.302075 5988.803047 5989.304021 5989.504410 5991.508306 5992.747995 1 E 
 16 110 2 32 1 2 NL 0 120 -13 120 +7 1 0 0.771966 0 0 5993.762691 5994.263665 5994.764636 5994.965025 5996.968929 5997.740896 1 E 
 16 111 2 33 3 3 HH 1 156 -23 109 -83 1 1 1.097591 0 0 5998.755727 5999.256705 5999.757675 5999.958062 6001.961960 6003.059550 1 C 
 16 112 2 34 3 2 HL 1 93 -4 65 -24 0 0 0.884356 0 0 6004.082751 6004.583723 6005.084697 6005.285087 6007.288982 6008.173339 1 E 
 16 113 2 35 2 2 LL 1 78 +13 89 -7 1 1 1.356233 0 0 6009.192684 6009.693656 6010.194630 6010.395020 6012.398915 6013.755148 1 C 
 16 114 2 36 1 1 NN 0 125 -14 125 -14 0 1 1.419506 0 0 6014.770191 6015.271164 6015.772139 6015.972529 6017.976424 6019.395930 1 C 
 16 115 2 37 2 3 LH 1 91 +26 104 -34 1 1 0.841500 0 0 6020.414499 6020.915470 6021.416444 6021.616833 6023.620727 6024.462226 1 C 
 16 116 2 38 2 2 LL 1 160 +52 136 +32 0 0 1.933135 0 0 6025.474334 6025.975306 6026.476280 6026.676670 6028.680565 6030.613700 1 E 
 16 117 2 39 2 2 LL 1 83 +28 70 +8 1 1 0.780130 0 0 6031.636313 6032.137288 6032.638258 6032.838648 6034.842544 6035.622674 1 C 
 16 118 2 40 2 3 LH 1 125 +47 106 -13 1 1 1.808784 0 0 6036.646058 6037.147027 6037.647997 6037.848386 6039.852282 6041.661066 1 C 
 16 119 2 41 2 1 LN 0 72 +61 82 +61 0 1 0.982491 0 0 6042.674435 6043.175411 6043.676382 6043.876772 6045.880665 6046.863156 1 C 
 16 120 2 42 2 2 LL 1 56 -70 64 -50 1 1 2.241933 0 0 6047.884564 6048.385540 6048.886510 6049.086900 6051.090795 6053.332728 1 C 
 16 121 2 43 2 3 LH 1 86 +11 98 -49 1 1 2.060536 0 0 6054.347125 6054.848099 6055.349073 6055.549462 6057.553358 6059.613894 1 C 
 16 122 2 44 3 2 HL 1 173 +27 121 +47 0 0 1.156942 0 0 6060.625999 6061.126975 6061.627947 6061.828335 6063.832231 6064.989173 1 E 
 16 123 2 45 1 2 NL 0 112 -11 112 -31 0 1 2.590328 0 0 6066.003117 6066.504091 6067.005065 6067.205454 6069.209350 6071.799678 1 C 
 16 124 2 46 2 1 LN 0 60 +61 69 +61 0 1 1.631829 0 0 6072.816361 6073.317336 6073.818311 6074.018699 6076.022594 6077.654423 1 C 
 16 125 2 47 1 2 NL 0 54 +28 54 +48 0 1 1.327992 0 0 6078.677757 6079.178729 6079.679703 6079.880092 6081.883998 6083.211990 1 C 
 16 126 2 48 1 3 NH 0 168 -1 168 +59 1 0 1.239285 0 0 6084.238565 6084.739539 6085.240513 6085.440902 6087.444797 6088.684082 1 E 
 16 127 2 49 2 2 LL 1 58 +30 66 +10 1 1 1.588026 0 0 6089.699180 6090.200157 6090.701128 6090.901517 6092.905413 6094.493440 1 C 
 16 128 2 50 1 1 NN 0 106 -40 106 -40 0 1 1.025066 0 0 6095.510478 6096.011454 6096.512428 6096.712813 6098.716710 6099.741776 1 C 
 16 129 2 51 3 3 HH 1 94 +79 122 +19 1 1 2.294311 0 0 6100.754003 6101.254977 6101.755954 6101.956340 6103.960236 6106.254547 1 C 
 16 130 2 52 3 2 HL 1 168 +73 218 +53 0 0 2.147604 0 0 6107.266664 6107.767635 6108.268612 6108.468999 6110.472896 6112.620499 1 E 
 16 131 2 53 2 2 LL 1 173 -90 147 -70 1 1 1.907655 0 0 6113.645733 6114.146704 6114.647678 6114.848066 6116.851963 6118.759618 1 C 
 16 132 2 54 3 3 HH 1 117 -26 81 +34 1 1 1.448337 0 0 6119.774316 6120.275284 6120.776259 6120.976649 6122.980542 6124.428880 1 C 
 16 133 2 55 2 2 LL 1 58 -39 66 -59 0 0 3.067856 0 0 6125.452013 6125.952988 6126.453961 6126.654359 6128.658246 6131.726102 1 E 
 16 134 2 56 1 1 NN 0 88 +68 88 +68 0 1 0.966379 0 0 6132.749534 6133.250509 6133.751481 6133.951871 6135.955766 6136.922144 1 C 
 16 135 2 57 1 3 NH 0 75 +43 75 -17 1 0 0.740468 0 0 6137.942962 6138.443935 6138.944911 6139.145299 6141.149195 6141.889663 1 E 
 16 136 2 58 3 3 HH 1 81 -81 56 -21 1 1 1.715438 0 0 6142.902604 6143.403579 6143.904551 6144.104940 6146.108836 6147.824274 1 C 
 16 137 2 59 1 3 NH 0 99 -80 99 -20 1 0 1.172776 0 0 6148.847492 6149.348466 6149.849440 6150.049830 6152.053726 6153.226502 1 E 
 16 138 2 60 3 3 HH 1 177 -89 123 -29 0 0 1.442568 0 0 6154.241313 6154.742287 6155.243259 6155.443648 6157.447544 6158.890112 1 E 
 16 139 3  1 1 3 NH 0 55 +48 55 -12 0 1 1.575514 0 0 6192.181730 6192.682707 6193.183681 6193.384068 6195.387964 6196.963478 1 C 
 16 140 3  2 1 1 NN 0 115 -65 115 -65 0 1 1.136507 0 0 6197.976330 6198.477302 6198.978279 6199.178665 6201.182564 6202.319071 1 C 
 16 141 3  3 2 3 LH 1 155 -63 131 -3 1 1 1.267775 0 0 6203.336749 6203.837721 6204.338696 6204.539085 6206.542981 6207.810756 1 C 
 16 142 3  4 2 2 LL 1 132 -3 151 +17 1 1 1.021305 0 0 6208.830762 6209.331735 6209.832709 6210.033098 6212.036991 6213.058296 1 C 
 16 143 3  5 2 2 LL 1 138 +62 158 +82 0 0 1.348015 0 0 6214.074290 6214.575261 6215.076240 6215.276626 6217.280520 6218.628535 1 E 
 16 144 3  6 2 3 LH 1 146 -28 124 -88 1 1 1.088984 0 0 6219.651798 6220.152771 6220.653744 6220.854134 6222.858030 6223.947014 1 C 
 16 145 3  7 1 3 NH 0 62 -78 62 -18 1 0 2.498276 0 0 6224.962119 6225.463095 6225.964071 6226.164455 6228.168353 6230.666629 1 E 
 16 146 3  8 2 3 LH 1 118 +12 100 -48 1 1 1.503857 0 0 6231.691870 6232.192844 6232.693816 6232.894206 6234.898101 6236.401958 1 C 
 16 147 3  9 2 3 LH 1 94 +0 108 -60 1 1 2.639687 0 0 6237.419671 6237.920643 6238.421617 6238.622006 6240.625902 6243.265589 1 C 
 16 148 3 10 3 2 HL 1 110 +52 143 +32 0 0 1.367802 0 0 6244.283013 6244.783985 6245.284959 6245.485348 6247.489243 6248.857045 1 E 
 16 149 3 11 2 2 LL 1 60 +71 69 +51 1 1 2.177447 0 0 6249.877223 6250.378194 6250.879167 6251.079555 6253.083449 6255.260896 1 C 
 16 150 3 12 2 1 LN 0 122 -51 103 -51 0 1 0.917799 0 0 6256.272985 6256.773959 6257.274933 6257.475322 6259.479218 6260.397017 1 C 
 16 151 3 13 3 3 HH 1 143 +90 185 +30 1 1 2.200139 0 0 6261.416319 6261.917290 6262.418264 6262.618653 6264.622558 6266.822698 1 C 
 16 152 3 14 3 2 HL 1 105 +71 73 +51 1 1 1.781999 0 0 6267.845480 6268.346454 6268.847430 6269.047819 6271.051714 6272.833712 1 C 
 16 153 3 15 2 1 LN 0 176 +39 202 +39 0 1 0.982201 0 0 6273.857168 6274.358141 6274.859117 6275.059505 6277.063400 6278.045601 1 C 
 16 154 3 16 3 1 HN 0 110 +88 143 +88 0 1 1.154403 0 0 6279.067297 6279.568268 6280.069242 6280.269632 6282.273528 6283.427931 1 C 
 16 155 3 17 1 3 NH 0 57 +57 57 -3 1 0 1.281228 0 0 6284.444415 6284.945391 6285.446365 6285.646752 6287.650647 6288.931875 1 E 
 16 156 3 18 1 3 NH 0 121 -51 121 +9 0 1 1.555016 0 0 6289.955129 6290.456102 6290.957079 6291.157464 6293.161360 6294.716377 1 C 
 16 157 3 19 1 3 NH 0 149 +68 149 +8 0 1 1.503853 0 0 6295.733026 6296.233999 6296.734973 6296.935362 6298.939259 6300.443112 1 C 
 16 158 3 20 1 2 NL 0 105 +18 105 -2 1 0 1.715417 0 0 6301.460826 6301.961800 6302.462774 6302.663163 6304.667059 6306.382476 1 E 
 16 159 3 21 3 1 HN 0 123 +76 159 +76 0 1 3.199556 0 0 6307.405717 6307.906689 6308.407664 6308.608054 6310.611949 6313.811504 1 C 
 16 160 3 22 2 1 LN 0 115 -74 97 -74 0 1 1.049411 0 0 6314.836828 6315.337802 6315.838776 6316.039166 6318.043061 6319.092472 1 C 
 16 161 3 23 2 3 LH 1 94 -10 79 -70 1 1 0.911799 0 0 6320.113753 6320.614726 6321.115700 6321.316090 6323.319985 6324.231783 1 C 
 16 162 3 24 1 2 NL 0 78 +70 78 +90 0 1 1.832295 0 0 6325.257084 6325.758061 6326.259032 6326.459421 6328.463317 6330.295612 1 C 
 16 163 3 25 3 2 HL 1 179 -87 232 -67 1 1 1.674006 0 0 6331.318869 6331.819841 6332.320815 6332.521205 6334.525101 6336.199107 1 C 
 16 164 3 26 3 3 HH 1 72 -51 93 +9 1 1 1.698516 0 0 6337.213661 6337.714633 6338.215608 6338.415998 6340.419892 6342.118408 1 C 
 16 165 3 27 3 2 HL 1 88 -68 114 -88 1 1 0.967779 0 0 6343.141852 6343.642829 6344.143799 6344.344188 6346.348083 6347.315863 1 C 
 16 166 3 28 3 2 HL 1 111 -79 77 -59 0 0 1.304956 0 0 6348.335283 6348.836253 6349.337226 6349.537616 6351.541523 6352.846479 1 E 
 16 167 3 29 3 2 HL 1 110 -82 77 -62 1 1 0.874904 0 0 6353.862691 6354.363665 6354.864636 6355.065029 6357.068924 6357.943828 1 C 
 16 168 3 30 3 2 HL 1 138 -7 96 +13 1 1 1.275603 0 0 6358.955927 6359.456900 6359.957873 6360.158262 6362.162158 6363.437760 1 C 
 16 169 3 31 2 2 LL 1 74 +68 85 +48 1 1 6.903260 0 0 6364.449940 6364.950913 6365.451886 6365.652274 6367.656171 6374.559431 1 C 
 16 170 3 32 1 1 NN 0 59 -44 59 -44 0 1 1.086395 0 0 6375.571559 6376.072534 6376.573508 6376.773895 6378.777791 6379.864186 1 C 
 16 171 3 33 3 1 HN 0 176 -66 228 -66 0 1 1.264496 0 0 6380.881882 6381.382854 6381.883832 6382.084218 6384.088113 6385.352609 1 C 
 16 172 3 34 3 3 HH 1 88 -59 114 +1 1 1 1.537221 0 0 6386.375894 6386.876868 6387.377841 6387.578231 6389.582126 6391.119347 1 C 
 16 173 3 35 3 1 HN 0 170 +62 221 +62 1 0 6.647173 0 0 6392.137095 6392.638072 6393.139043 6393.339431 6395.343326 6401.990499 1 E 
 16 174 3 36 3 1 HN 0 173 +8 224 +8 0 1 1.130811 0 0 6403.008228 6403.509199 6404.010173 6404.210563 6406.214458 6407.345269 1 C 
 16 175 3 37 2 2 LL 1 137 -32 116 -12 1 1 1.199382 0 0 6408.368646 6408.869622 6409.370594 6409.570983 6411.574878 6412.774260 1 C 
 16 176 3 38 3 2 HL 1 180 -56 125 -76 1 1 2.508686 0 0 6413.795865 6414.296837 6414.797813 6414.998199 6417.002095 6419.510782 1 C 
 16 177 3 39 2 3 LH 1 142 +69 120 +9 1 1 1.151382 0 0 6420.525612 6421.026585 6421.527559 6421.727948 6423.731844 6424.883226 1 C 
 16 178 3 40 3 3 HH 1 151 -13 105 +47 1 1 1.554018 0 0 6425.902731 6426.403705 6426.904682 6427.105067 6429.108963 6430.662981 1 C 
 16 179 3 41 1 1 NN 0 76 +63 76 +63 0 1 1.552223 0 0 6431.680641 6432.181606 6432.682579 6432.882967 6434.886868 6436.439092 1 C 
 16 180 3 42 3 3 HH 1 85 -7 110 -67 1 1 1.087109 0 0 6437.458533 6437.959501 6438.460475 6438.660864 6440.664761 6441.751869 1 C 
 16 181 3 43 3 3 HH 1 177 -15 230 -75 1 1 0.824792 0 0 6442.768852 6443.269826 6443.770798 6443.971188 6445.975083 6446.799876 1 C 
 16 182 3 44 1 3 NH 0 73 -38 73 +22 1 0 2.489082 0 0 6447.811986 6448.312963 6448.813935 6449.014325 6451.018218 6453.507300 1 E 
 16 183 3 45 2 3 LH 1 109 -71 92 -11 1 1 1.164476 0 0 6454.525036 6455.026013 6455.526987 6455.727374 6457.731269 6458.895745 1 C 
 16 184 3 46 3 3 HH 1 65 -11 45 -71 1 1 1.587257 0 0 6459.918857 6460.419829 6460.920803 6461.121192 6463.125088 6464.712345 1 C 
 16 185 3 47 2 2 LL 1 115 +49 132 +29 0 0 1.258994 0 0 6465.730154 6466.231126 6466.732100 6466.932489 6468.936385 6470.195379 1 E 
 16 186 3 48 1 2 NL 0 121 +10 121 -10 0 1 1.395720 0 0 6471.207466 6471.708442 6472.209414 6472.409803 6474.413698 6475.809418 1 C 
 16 187 3 49 1 2 NL 0 134 -15 134 +5 1 0 0.968041 0 0 6476.835074 6477.336046 6477.837024 6478.037409 6480.041305 6481.009346 1 E 
 16 188 3 50 1 3 NH 0 96 +28 96 -32 1 0 1.863991 0 0 6482.028500 6482.529474 6483.030448 6483.230837 6485.234733 6487.098724 1 E 
 16 189 3 51 3 3 HH 1 90 -79 117 -19 0 0 1.459254 0 0 6488.123683 6488.624659 6489.125631 6489.326020 6491.329916 6492.789169 1 E 
 16 190 3 52 2 3 LH 1 68 +64 78 +4 1 1 0.977276 0 0 6493.801388 6494.302359 6494.803335 6495.003724 6497.007620 6497.984896 1 C 
 16 191 3 53 1 1 NN 0 71 -76 71 -76 0 1 1.081564 0 0 6499.011513 6499.512490 6500.013463 6500.213852 6502.217747 6503.299311 1 C 
 16 192 3 54 1 3 NH 0 66 -48 66 +12 0 1 1.528924 0 0 6504.321837 6504.822811 6505.323785 6505.524175 6507.528070 6509.056994 1 C 
 16 193 3 55 1 3 NH 0 122 +17 122 -43 1 0 10.289072 0 0 6510.083038 6510.584011 6511.084984 6511.285374 6513.289272 6523.578344 1 E 
 16 194 3 56 1 1 NN 0 147 +59 147 +59 0 1 0.925005 0 0 6524.594581 6525.095553 6525.596527 6525.796917 6527.800812 6528.725817 1 C 
 16 195 3 57 3 1 HN 0 174 +43 121 +43 0 1 0.902689 0 0 6529.737912 6530.238882 6530.739859 6530.940248 6532.944143 6533.846832 1 C 
 16 196 3 58 2 1 LN 0 173 -63 198 -63 0 1 0.724617 0 0 6534.864543 6535.365519 6535.866491 6536.066881 6538.070780 6538.795396 1 C 
 16 197 3 59 3 1 HN 0 91 +33 118 +33 0 1 0.884528 0 0 6539.807487 6540.308462 6540.809434 6541.009822 6543.013718 6543.898246 1 C 
 16 198 3 60 3 3 HH 1 54 +9 37 -51 1 1 1.126616 0 0 6544.917418 6545.418392 6545.919369 6546.119755 6548.123651 6549.250267 1 C 
 16 199 4  1 3 2 HL 1 97 +52 126 +32 1 1 1.584443 0 0 6590.806627 6591.307597 6591.808571 6592.008960 6594.012855 6595.597298 1 C 
 16 200 4  2 2 3 LH 1 114 +7 96 -53 1 1 0.864997 0 0 6596.617919 6597.118893 6597.619867 6597.820257 6599.824156 6600.689153 1 C 
 16 201 4  3 1 1 NN 0 60 +90 60 +90 0 1 0.819175 0 0 6601.711155 6602.212128 6602.713102 6602.913492 6604.917387 6605.736562 1 C 
 16 202 4  4 3 2 HL 1 91 -2 118 -22 1 1 1.365293 0 0 6606.754296 6607.255268 6607.756238 6607.956628 6609.960522 6611.325814 1 C 
 16 203 4  5 3 3 HH 1 73 +19 51 +79 1 1 1.277178 0 0 6612.348500 6612.849475 6613.350446 6613.550836 6615.554731 6616.831910 1 C 
 16 204 4  6 1 3 NH 0 61 +75 61 +15 0 1 1.175350 0 0 6617.842514 6618.343488 6618.844462 6619.044848 6621.048742 6622.224092 1 C 
 16 205 4  7 1 1 NN 0 85 -14 85 -14 0 1 1.130961 0 0 6623.236332 6623.737306 6624.238280 6624.438667 6626.442562 6627.573522 1 C 
 16 206 4  8 2 2 LL 1 84 +62 96 +82 1 1 4.890984 0 0 6628.596751 6629.097727 6629.598698 6629.799090 6631.802984 6636.693968 1 C 
 16 207 4  9 1 3 NH 0 59 +84 59 +24 0 1 1.389435 0 0 6637.714475 6638.215447 6638.716423 6638.916812 6640.920707 6642.310143 1 C 
 16 208 4 10 3 3 HH 1 158 -28 205 +32 1 1 1.651939 0 0 6643.325384 6643.826355 6644.327329 6644.527719 6646.531615 6648.183553 1 C 
 16 209 4 11 3 1 HN 0 146 +32 189 +32 0 1 1.040982 0 0 6649.203477 6649.704452 6650.205422 6650.405812 6652.409705 6653.450688 1 C 
 16 210 4 12 1 3 NH 0 83 -4 83 -64 1 0 5.963619 0 0 6654.463701 6654.964674 6655.465648 6655.666038 6657.669932 6663.633552 1 E 
 16 211 4 13 2 2 LL 1 132 +34 112 +14 1 1 1.601427 0 0 6664.650170 6665.151142 6665.652116 6665.852507 6667.856399 6669.457826 1 C 
 16 212 4 14 1 1 NN 0 161 -13 161 -13 0 1 0.844874 0 0 6670.478166 6670.979138 6671.480112 6671.680502 6673.684406 6674.529280 1 C 
 16 213 4 15 3 1 HN 0 157 -81 204 -81 0 1 1.943483 0 0 6675.554701 6676.055671 6676.556647 6676.757037 6678.760932 6680.704415 1 C 
 16 214 4 16 2 3 LH 1 145 -13 166 +47 1 1 0.952788 0 0 6681.716677 6682.217651 6682.718625 6682.919015 6684.922914 6685.875702 1 C 
 16 215 4 17 1 3 NH 0 85 +66 85 +6 1 0 6.502518 0 0 6686.893408 6687.394384 6687.895360 6688.095745 6690.099640 6696.602158 1 E 
 16 216 4 18 2 2 LL 1 175 -75 201 -55 0 0 0.890813 0 0 6697.614249 6698.115222 6698.616195 6698.816584 6700.820481 6701.711295 1 E 
 16 217 4 19 3 1 HN 0 102 -76 71 -76 0 1 0.952791 0 0 6702.724182 6703.225158 6703.726129 6703.926518 6705.930413 6706.883204 1 C 
 16 218 4 20 3 3 HH 1 94 +32 65 -28 1 1 2.249647 0 0 6707.900914 6708.401885 6708.902859 6709.103248 6711.107142 6713.356789 1 C 
 16 219 4 21 1 1 NN 0 153 +54 153 +54 0 1 1.793362 0 0 6714.380173 6714.881146 6715.382120 6715.582510 6717.586405 6719.379767 1 C 
 16 220 4 22 3 2 HL 1 99 +22 128 +2 1 1 1.019454 0 0 6720.391861 6720.892836 6721.393806 6721.594196 6723.598092 6724.617545 1 C 
 16 221 4 23 1 3 NH 0 104 +11 104 -49 1 0 1.787533 0 0 6725.635385 6726.136362 6726.637333 6726.837727 6728.841618 6730.629151 1 E 
 16 222 4 24 2 1 LN 0 95 -5 109 -5 0 1 1.459413 0 0 6731.647072 6732.148045 6732.649021 6732.849409 6734.853315 6736.312728 1 C 
 16 223 4 25 1 2 NL 0 180 +33 180 +13 1 0 0.290430 0 0 6737.324776 6737.825749 6738.326722 6738.527112 6740.531008 6740.821438 1 E 
 16 224 4 26 3 1 HN 0 115 -39 149 -39 0 1 0.852651 0 0 6741.833541 6742.334515 6742.835488 6743.035877 6745.039772 6745.892423 1 C 
 16 225 4 27 2 3 LH 1 143 +49 164 -11 1 1 0.596613 0 0 6746.910076 6747.411049 6747.912022 6748.112412 6750.116306 6750.712919 1 C 
 16 226 4 28 2 1 LN 0 74 -47 62 -47 0 1 0.806565 0 0 6751.736123 6752.237099 6752.738073 6752.938461 6754.942355 6755.748920 1 C 
 16 227 4 29 2 2 LL 1 95 +41 109 +61 1 1 6.209910 0 0 6756.762561 6757.263535 6757.764508 6757.964898 6759.968793 6766.178703 1 C 
 16 228 4 30 3 2 HL 1 112 +49 78 +29 1 1 0.975752 0 0 6767.199518 6767.700490 6768.201464 6768.401857 6770.405749 6771.381501 1 C 
 16 229 4 31 2 3 LH 1 100 +0 85 +60 0 0 1.533620 0 0 6772.392945 6772.893918 6773.394892 6773.595282 6775.599177 6777.132798 1 E 
 16 230 4 32 1 3 NH 0 103 -81 103 -21 1 0 3.611325 0 0 6778.154144 6778.655118 6779.156092 6779.356480 6781.360377 6784.971702 1 E 
 16 231 4 33 1 2 NL 0 70 -72 70 -52 1 0 6.853740 0 0 6785.986035 6786.487011 6786.987983 6787.188372 6789.192269 6796.046009 1 E 
 16 232 4 34 1 1 NN 0 128 +48 128 +48 0 1 0.678212 0 0 6797.057559 6797.558533 6798.059507 6798.259894 6800.263790 6800.942002 1 C 
 16 233 4 35 2 1 LN 0 83 -48 70 -48 0 1 0.688729 0 0 6801.967100 6802.468074 6802.969050 6803.169438 6805.173334 6805.862063 1 C 
 16 234 4 36 1 1 NN 0 115 -33 115 -33 1 0 6.385605 0 0 6806.876650 6807.377622 6807.878592 6808.078982 6810.082877 6816.468482 1 E 
 16 235 4 37 1 2 NL 0 92 +17 92 +37 1 0 1.764812 0 0 6817.480591 6817.981566 6818.482539 6818.682928 6820.686831 6822.451643 1 E 
 16 236 4 38 2 2 LL 1 119 -73 136 -53 1 1 1.737750 0 0 6823.475579 6823.976554 6824.477526 6824.677915 6826.681811 6828.419561 1 C 
 16 237 4 39 3 1 HN 0 59 +65 41 +65 0 1 0.762458 0 0 6829.437166 6829.938140 6830.439115 6830.639505 6832.643399 6833.405858 1 C 
 16 238 4 40 1 1 NN 0 147 -8 147 -8 0 1 0.833390 0 0 6834.430207 6834.931180 6835.432158 6835.632544 6837.636439 6838.469829 1 C 
 16 239 4 41 3 1 HN 0 119 -89 83 -89 0 1 1.652477 0 0 6839.490042 6839.991016 6840.491990 6840.692379 6842.696274 6844.348751 1 C 
 16 240 4 42 2 2 LL 1 68 -44 57 -24 0 0 7.009014 0 0 6845.368136 6845.869109 6846.370084 6846.570471 6848.574368 6855.583382 1 E 
 16 241 4 43 3 3 HH 1 120 +74 156 +14 1 1 0.995417 0 0 6856.606649 6857.107626 6857.608600 6857.808985 6859.812881 6860.808298 1 C 
 16 242 4 44 3 3 HH 1 103 -52 72 +8 1 1 1.149236 0 0 6861.833478 6862.334449 6862.835423 6863.035813 6865.039719 6866.188955 1 C 
 16 243 4 45 3 1 HN 0 72 -74 93 -74 1 0 1.631896 0 0 6867.210595 6867.711569 6868.212543 6868.412933 6870.416828 6872.048724 1 E 
 16 244 4 46 1 2 NL 0 159 +50 159 +70 1 0 6.360999 0 0 6873.071989 6873.572965 6874.073937 6874.274325 6876.278222 6882.639221 1 E 
 16 245 4 47 1 1 NN 0 115 -12 115 -12 0 1 0.853935 0 0 6883.659237 6884.160213 6884.661185 6884.861574 6886.865469 6887.719403 1 C 
 16 246 4 48 1 2 NL 0 80 +24 80 +4 0 1 1.676413 0 0 6888.735773 6889.236745 6889.737720 6889.938107 6891.942005 6893.618418 1 C 
 16 247 4 49 2 3 LH 1 170 -31 144 +29 1 1 0.957822 0 0 6894.630564 6895.131541 6895.632511 6895.832901 6897.836797 6898.794619 1 C 
 16 248 4 50 1 2 NL 0 108 -27 108 -47 1 0 1.771016 0 0 6899.807294 6900.308268 6900.809243 6901.009630 6903.013527 6904.784543 1 E 
 16 249 4 51 1 2 NL 0 169 +49 169 +69 0 1 0.846889 0 0 6905.802282 6906.303254 6906.804228 6907.004618 6909.008513 6909.855402 1 C 
 16 250 4 52 3 1 HN 0 82 +54 57 +54 0 1 1.276502 0 0 6910.878818 6911.379789 6911.880763 6912.081153 6914.085051 6915.361553 1 C 
 16 251 4 53 2 3 LH 1 154 -6 130 -66 1 1 8.094452 0 0 6916.372830 6916.873803 6917.374776 6917.575167 6919.579062 6927.673513 1 C 
 16 252 4 54 2 1 LN 0 76 -12 64 -12 0 1 0.963723 0 0 6928.696786 6929.197759 6929.698733 6929.899123 6931.903017 6932.866740 1 C 
 16 253 4 55 1 1 NN 0 101 +11 101 +11 0 1 0.947306 0 0 6933.890217 6934.391188 6934.892162 6935.092552 6937.096447 6938.043752 1 C 
 16 254 4 56 1 2 NL 0 100 +48 100 +68 1 0 1.078367 0 0 6939.066945 6939.567918 6940.068895 6940.269281 6942.273174 6943.351541 1 E 
 16 255 4 57 2 1 LN 0 134 -39 113 -39 0 1 0.705238 0 0 6944.377268 6944.878241 6945.379216 6945.579604 6947.583500 6948.288738 1 C 
 16 256 4 58 3 3 HH 1 63 +10 81 -50 1 1 0.998917 0 0 6949.303511 6949.804484 6950.305460 6950.505847 6952.509743 6953.508660 1 C 
 16 257 4 59 3 3 HH 1 125 +21 162 -39 1 1 0.663241 0 0 6954.530338 6955.031311 6955.532285 6955.732675 6957.736570 6958.399811 1 C 
 16 258 4 60 3 3 HH 1 159 +68 111 +8 1 1 1.156120 0 0 6959.423183 6959.924156 6960.425128 6960.625519 6962.629415 6963.785535 1 C 
 16 259 5  1 1 3 NH 0 152 -62 152 -2 1 0 0.895771 0 0 6987.494420 6987.995392 6988.496365 6988.696756 6990.700649 6991.596419 1 E 
 16 260 5  2 3 1 HN 0 70 -1 91 -1 0 1 0.815347 0 0 6992.621048 6993.122026 6993.622998 6993.823386 6995.827288 6996.642635 1 C 
 16 261 5  3 1 1 NN 0 120 +76 120 +76 0 1 0.701483 0 0 6997.664187 6998.165159 6998.666137 6998.866523 7000.870418 7001.571901 1 C 
 16 262 5  4 3 3 HH 1 122 -30 85 -90 1 1 0.876847 0 0 7002.590430 7003.091406 7003.592379 7003.792765 7005.796661 7006.673508 1 C 
 16 263 5  5 3 3 HH 1 69 +75 48 +15 1 1 1.663548 0 0 7007.700363 7008.201334 7008.702310 7008.902699 7010.906595 7012.570143 1 C 
 16 264 5  6 3 3 HH 1 105 -14 73 +46 1 1 0.899046 0 0 7013.595155 7014.096128 7014.597102 7014.797491 7016.801386 7017.700432 1 C 
 16 265 5  7 3 1 HN 0 176 +16 228 +16 0 1 0.772552 0 0 7018.721787 7019.222760 7019.723734 7019.924123 7021.928019 7022.700571 1 C 
 16 266 5  8 3 3 HH 1 59 -70 41 -10 1 1 0.772381 0 0 7023.714828 7024.215799 7024.716773 7024.917163 7026.921061 7027.693442 1 C 
 16 267 5  9 1 2 NL 0 89 +61 89 +41 0 1 1.979775 0 0 7028.707865 7029.208839 7029.709813 7029.910203 7031.914098 7033.893873 1 C 
 16 268 5 10 2 3 LH 1 169 +44 143 -16 1 1 0.579957 0 0 7034.919943 7035.420915 7035.921888 7036.122278 7038.126180 7038.706137 1 C 
 16 269 5 11 3 2 HL 1 145 -42 101 -22 0 0 3.283353 0 0 7039.729291 7040.230263 7040.731238 7040.931627 7042.935522 7046.218875 1 E 
 16 270 5 12 1 3 NH 0 158 +27 158 +87 1 0 1.042238 0 0 7047.243900 7047.744874 7048.245849 7048.446235 7050.450130 7051.492368 1 E 
 16 271 5 13 2 1 LN 0 158 -42 181 -42 0 1 0.991639 0 0 7052.504124 7053.005100 7053.506074 7053.706460 7055.710353 7056.701992 1 C 
 16 272 5 14 2 1 LN 0 86 +47 73 +47 0 1 0.922740 0 0 7057.714253 7058.215226 7058.716200 7058.916589 7060.920484 7061.843224 1 C 
 16 273 5 15 1 1 NN 0 68 +40 68 +40 0 1 1.383479 0 0 7062.857583 7063.358557 7063.859530 7064.059919 7066.063816 7067.447295 1 C 
 16 274 5 16 2 3 LH 1 160 +25 136 +85 1 1 0.827395 0 0 7068.468491 7068.969466 7069.470440 7069.670831 7071.674723 7072.502117 1 C 
 16 275 5 17 3 2 HL 1 135 -18 175 -38 0 0 1.264522 0 0 7073.528327 7074.029300 7074.530274 7074.730663 7076.734559 7077.999081 1 E 
 16 276 5 18 3 1 HN 0 102 +8 132 +8 0 1 0.904902 0 0 7079.022339 7079.523316 7080.024287 7080.224676 7082.228571 7083.133474 1 C 
 16 277 5 19 1 1 NN 0 100 -48 100 -48 0 1 1.060210 0 0 7084.148973 7084.649945 7085.150919 7085.351308 7087.355205 7088.415415 1 C 
 16 278 5 20 1 1 NN 0 167 -47 167 -47 0 1 0.716196 0 0 7089.425897 7089.926869 7090.427843 7090.628233 7092.632131 7093.348327 1 C 
 16 279 5 21 1 1 NN 0 58 -45 58 -45 0 1 1.141396 0 0 7094.368838 7094.869811 7095.370785 7095.571175 7097.575070 7098.716466 1 C 
 16 280 5 22 1 3 NH 0 179 +13 179 -47 1 0 0.834310 0 0 7099.729258 7100.230232 7100.731206 7100.931595 7102.935490 7103.769801 1 E 
 16 281 5 23 2 2 LL 1 108 -56 124 -36 1 1 2.333268 0 0 7104.789095 7105.290070 7105.791042 7105.991431 7107.995327 7110.328595 1 C 
 16 282 5 24 1 1 NN 0 80 -51 80 -51 0 1 2.338792 0 0 7111.351852 7111.852826 7112.353797 7112.554189 7114.558084 7116.896876 1 C 
 16 283 5 25 1 3 NH 0 101 -11 101 +49 1 0 0.693924 0 0 7117.914610 7118.415583 7118.916556 7119.116946 7121.120841 7121.814765 1 E 
 16 284 5 26 3 2 HL 1 170 -4 221 -24 1 1 2.279357 0 0 7122.840854 7123.341825 7123.842803 7124.043189 7126.047084 7128.326441 1 C 
 16 285 5 27 3 1 HN 0 144 -30 100 -30 1 0 2.087744 0 0 7129.353513 7129.854487 7130.355460 7130.555849 7132.559745 7134.647489 1 E 
 16 286 5 28 2 1 LN 0 116 +60 98 +60 0 1 0.639154 0 0 7135.665783 7136.166756 7136.667730 7136.868119 7138.872013 7139.511167 1 C 
 16 287 5 29 1 3 NH 0 92 +36 92 -24 1 0 3.285384 0 0 7140.525230 7141.026202 7141.527180 7141.727566 7143.731461 7147.016845 1 E 
 16 288 5 30 2 1 LN 0 64 -7 73 -7 0 1 1.036285 0 0 7148.039841 7148.540812 7149.041784 7149.242174 7151.246069 7152.282354 1 C 
 16 289 5 31 2 3 LH 1 98 +3 112 +63 1 1 1.061530 0 0 7153.300062 7153.801036 7154.302012 7154.502399 7156.506295 7157.567825 1 C 
 16 290 5 32 1 2 NL 0 94 -77 94 -57 1 0 1.529681 0 0 7158.593688 7159.094659 7159.595633 7159.796023 7161.799918 7163.329598 1 E 
 16 291 5 33 2 1 LN 0 177 +5 203 +5 0 1 1.104300 0 0 7164.354888 7164.855861 7165.356833 7165.557222 7167.561118 7168.665418 1 C 
 16 292 5 34 3 3 HH 1 90 -58 117 +2 1 1 1.193668 0 0 7169.681906 7170.182880 7170.683854 7170.884250 7172.888140 7174.081808 1 C 
 16 293 5 35 2 3 LH 1 100 -54 85 +6 1 1 1.078428 0 0 7175.092424 7175.593397 7176.094370 7176.294762 7178.298657 7179.377086 1 C 
 16 294 5 36 3 3 HH 1 124 -5 86 -65 1 1 1.169918 0 0 7180.402750 7180.903720 7181.404695 7181.605084 7183.608978 7184.778896 1 C 
 16 295 5 37 2 3 LH 1 84 +29 96 +89 1 1 1.805088 0 0 7185.796565 7186.297540 7186.798513 7186.998904 7189.002798 7190.807886 1 C 
 16 296 5 38 1 1 NN 0 115 -71 115 -71 0 1 0.672345 0 0 7191.824953 7192.325927 7192.826899 7193.027289 7195.031184 7195.703529 1 C 
 16 297 5 39 1 1 NN 0 110 -62 110 -62 0 1 0.605376 0 0 7196.717797 7197.218769 7197.719746 7197.920132 7199.924025 7200.529401 1 C 
 16 298 5 40 3 1 HN 0 160 +82 112 +82 0 1 0.665877 0 0 7201.543844 7202.044819 7202.545792 7202.746184 7204.750074 7205.415951 1 C 
 16 299 5 41 2 3 LH 1 98 +0 112 -60 1 1 0.511248 0 0 7206.436689 7206.937662 7207.438637 7207.639026 7209.642921 7210.154169 1 C 
 16 300 5 42 3 2 HL 1 154 -34 107 -14 0 0 1.384020 0 0 7211.179241 7211.680216 7212.181189 7212.381578 7214.385473 7215.769493 1 E 
 16 301 5 43 1 3 NH 0 55 +39 55 -21 1 0 1.462732 0 0 7216.790148 7217.291124 7217.792097 7217.992485 7219.996381 7221.459113 1 E 
 16 302 5 44 3 2 HL 1 71 -36 49 -56 1 1 1.470483 0 0 7222.484551 7222.985524 7223.486497 7223.686888 7225.690783 7227.161266 1 C 
 16 303 5 45 3 1 HN 0 78 -90 101 -90 0 1 1.041932 0 0 7228.178953 7228.679929 7229.180903 7229.381291 7231.385185 7232.427117 1 C 
 16 304 5 46 2 3 LH 1 177 +17 203 +77 0 0 1.500742 0 0 7233.439180 7233.940153 7234.441127 7234.641514 7236.645412 7238.146154 1 E 
 16 305 5 47 1 3 NH 0 172 +19 172 -41 1 0 0.958395 0 0 7239.166982 7239.667953 7240.168927 7240.369316 7242.373210 7243.331605 1 E 
 16 306 5 48 2 3 LH 1 102 -63 117 -3 1 1 0.724497 0 0 7244.343710 7244.844684 7245.345657 7245.546046 7247.549942 7248.274439 1 C 
 16 307 5 49 3 2 HL 1 117 +18 152 +38 1 1 2.361271 0 0 7249.286651 7249.787624 7250.288599 7250.488988 7252.492884 7254.854155 1 C 
 16 308 5 50 1 2 NL 0 105 +56 105 +76 1 0 1.162724 0 0 7255.866107 7256.367082 7256.868055 7257.068445 7259.072340 7260.235063 1 E 
 16 309 5 51 2 3 LH 1 60 +2 69 +62 1 1 1.556572 0 0 7261.259928 7261.760901 7262.261875 7262.462264 7264.466159 7266.022730 1 C 
 16 310 5 52 2 2 LL 1 123 -39 104 -19 1 1 1.264558 0 0 7267.037823 7267.538799 7268.039774 7268.240160 7270.244055 7271.508613 1 C 
 16 311 5 53 3 2 HL 1 68 +56 88 +36 0 0 8.696798 0 0 7272.531838 7273.032816 7273.533786 7273.734175 7275.738070 7284.434868 1 E 
 16 312 5 54 2 3 LH 1 70 +75 59 +15 1 1 0.887801 0 0 7285.456965 7285.957940 7286.458911 7286.659301 7288.663197 7289.550998 1 C 
 16 313 5 55 3 2 HL 1 81 -82 105 -62 0 0 1.138809 0 0 7290.566898 7291.067870 7291.568848 7291.769233 7293.773129 7294.911938 1 E 
 16 314 5 56 3 1 HN 0 92 -43 64 -43 0 1 0.889162 0 0 7295.927318 7296.428291 7296.929264 7297.129653 7299.133549 7300.022711 1 C 
 16 315 5 57 2 1 LN 0 81 -25 93 -25 0 1 0.857993 0 0 7301.037252 7301.538227 7302.039200 7302.239588 7304.243492 7305.101485 1 C 
 16 316 5 58 1 3 NH 0 109 -44 109 +16 1 0 1.670842 0 0 7306.113785 7306.614759 7307.115733 7307.316124 7309.320017 7310.990860 1 E 
 16 317 5 59 2 1 LN 0 94 -36 79 -36 0 1 1.247702 0 0 7312.008580 7312.509554 7313.010525 7313.210915 7315.214810 7316.462512 1 C 
 16 318 5 60 2 1 LN 0 86 -3 98 -3 0 1 0.859911 0 0 7317.485894 7317.986865 7318.487839 7318.688229 7320.692126 7321.552037 1 C 
 16 319 6  1 2 3 LH 1 86 -24 73 -84 1 1 1.282202 0 0 7325.117393 7325.618369 7326.119345 7326.319730 7328.323625 7329.605828 1 C 
 16 320 6  2 1 2 NL 0 173 +6 173 -14 0 1 2.435223 0 0 7330.628105 7331.129079 7331.630053 7331.830442 7333.834338 7336.269561 1 C 
 16 321 6  3 2 3 LH 1 148 -44 125 +16 1 1 0.718903 0 0 7337.291058 7337.792035 7338.293005 7338.493395 7340.497290 7341.216193 1 C 
 16 322 6  4 2 1 LN 0 144 +62 165 +62 0 1 0.668972 0 0 7342.234001 7342.734974 7343.235945 7343.436337 7345.440233 7346.109205 1 C 
 16 323 6  5 2 3 LH 1 116 -43 133 +17 1 1 0.362748 0 0 7347.126844 7347.627818 7348.128794 7348.329182 7350.333078 7350.695826 1 C 
 16 324 6  6 1 2 NL 0 89 +32 89 +12 0 1 1.727562 0 0 7351.719107 7352.220079 7352.721053 7352.921444 7354.925338 7356.652900 1 C 
 16 325 6  7 3 2 HL 1 121 -31 157 -11 0 0 1.103722 0 0 7357.663996 7358.164969 7358.665944 7358.866332 7360.870227 7361.973949 1 E 
 16 326 6  8 2 2 LL 1 175 -29 201 -9 0 0 1.340716 0 0 7362.991018 7363.491989 7363.992965 7364.193354 7366.197249 7367.537964 1 E 
 16 327 6  9 2 3 LH 1 92 +32 105 -28 1 1 1.120805 0 0 7368.551826 7369.052800 7369.553774 7369.754164 7371.758059 7372.878863 1 C 
 16 328 6 10 1 2 NL 0 141 -27 141 -7 1 0 2.586258 0 0 7373.895547 7374.396521 7374.897494 7375.097885 7377.101789 7379.688047 1 E 
 16 329 6 11 2 2 LL 1 132 +33 112 +53 1 1 1.383190 0 0 7380.708793 7381.209768 7381.710739 7381.911128 7383.915025 7385.298215 1 C 
 16 330 6 12 1 2 NL 0 94 +27 94 +7 0 1 1.296303 0 0 7386.319700 7386.820673 7387.321647 7387.522036 7389.525929 7390.822233 1 C 
 16 331 6 13 2 2 LL 1 163 -3 187 +17 1 1 0.507469 0 0 7391.847111 7392.348084 7392.849060 7393.049446 7395.053343 7395.560812 1 C 
 16 332 6 14 3 2 HL 1 168 -12 218 +8 0 0 0.485217 0 0 7396.572963 7397.073936 7397.574912 7397.775297 7399.779199 7400.264416 1 E 
 16 333 6 15 3 2 HL 1 59 -37 76 -17 0 0 0.937886 0 0 7401.282117 7401.783091 7402.284065 7402.484452 7404.488350 7405.426237 1 E 
 16 334 6 16 1 1 NN 0 149 -22 149 -22 0 1 0.995155 0 0 7406.442150 7406.943122 7407.444097 7407.644485 7409.648380 7410.643536 1 C 
 16 335 6 17 3 3 HH 1 69 -5 89 +55 1 1 1.032185 0 0 7411.668977 7412.169949 7412.670923 7412.871315 7414.875205 7415.907391 1 C 
 16 336 6 18 3 2 HL 1 67 +29 46 +49 1 1 1.331101 0 0 7416.929201 7417.430175 7417.931148 7418.131538 7420.135434 7421.466535 1 C 
 16 337 6 19 1 3 NH 0 172 +27 172 -33 1 0 0.891383 0 0 7422.490011 7422.990987 7423.491958 7423.692349 7425.696253 7426.587636 1 E 
 16 338 6 20 2 1 LN 0 149 -46 126 -46 0 1 0.672946 0 0 7427.599945 7428.100920 7428.601892 7428.802281 7430.806175 7431.479121 1 C 
 16 339 6 21 3 2 HL 1 147 +35 191 +15 1 1 1.337012 0 0 7432.492789 7432.993764 7433.494737 7433.695126 7435.699021 7437.036033 1 C 
 16 340 6 22 3 3 HH 1 121 -75 84 -15 1 1 0.997189 0 0 7438.053599 7438.554573 7439.055545 7439.255936 7441.259831 7442.257020 1 C 
 16 341 6 23 2 1 LN 0 110 -68 93 -68 1 0 0.841510 0 0 7443.280423 7443.781401 7444.282380 7444.482762 7446.486658 7447.328168 1 E 
 16 342 6 24 3 2 HL 1 148 -66 192 -86 1 1 0.689985 0 0 7448.340261 7448.841235 7449.342209 7449.542599 7451.546494 7452.236479 1 C 
 16 343 6 25 2 1 LN 0 57 +32 65 +32 1 0 1.228510 0 0 7453.249807 7453.750779 7454.251752 7454.452143 7456.456038 7457.684548 1 E 
 16 344 6 26 3 1 HN 0 151 -38 196 -38 0 1 0.646652 0 0 7458.710421 7459.211396 7459.712370 7459.912757 7461.916653 7462.563304 1 C 
 16 345 6 27 1 1 NN 0 137 -71 137 -71 0 1 0.599967 0 0 7463.586567 7464.087541 7464.588513 7464.788903 7466.792798 7467.392765 1 C 
 16 346 6 28 3 2 HL 1 138 -13 179 -33 0 0 0.774564 0 0 7468.412615 7468.913587 7469.414563 7469.614951 7471.618845 7472.393410 1 E 
 16 347 6 29 1 1 NN 0 82 -8 82 -8 1 0 1.447161 0 0 7473.405653 7473.906631 7474.407601 7474.607991 7476.611885 7478.059046 1 E 
 16 348 6 30 3 2 HL 1 178 -37 231 -57 1 1 0.727655 0 0 7479.083358 7479.584332 7480.085305 7480.285693 7482.289589 7483.017243 1 C 
 16 349 6 31 2 2 LL 1 173 +22 198 +42 0 0 0.688801 0 0 7484.042998 7484.543971 7485.044948 7485.245335 7487.249230 7487.938031 1 E 
 16 350 6 32 3 2 HL 1 107 -80 74 -60 1 1 1.290891 0 0 7488.952542 7489.453515 7489.954490 7490.154878 7492.158774 7493.449665 1 C 
 16 351 6 33 2 2 LL 1 125 +77 106 +57 1 1 1.524884 0 0 7494.463255 7494.964228 7495.465202 7495.665590 7497.669486 7499.194370 1 C 
 16 352 6 34 3 2 HL 1 150 -27 105 -47 0 0 0.838769 0 0 7500.207754 7500.708727 7501.209701 7501.410091 7503.413986 7504.252756 1 E 
 16 353 6 35 2 1 LN 0 167 +18 192 +18 0 1 0.794092 0 0 7505.267590 7505.768563 7506.269538 7506.469927 7508.473823 7509.267914 1 C 
 16 354 6 36 3 2 HL 1 144 +56 100 +76 1 1 1.029809 0 0 7510.294028 7510.795001 7511.295978 7511.496364 7513.500263 7514.530072 1 C 
 16 355 6 37 3 2 HL 1 180 +8 234 +28 1 1 0.908301 0 0 7515.554253 7516.055230 7516.556200 7516.756590 7518.760485 7519.668786 1 C 
 16 356 6 38 3 2 HL 1 178 -80 124 -60 1 1 1.206440 0 0 7520.680887 7521.181862 7521.682833 7521.883222 7523.887118 7525.093557 1 C 
 16 357 6 39 2 3 LH 1 149 +28 126 +88 0 0 1.968597 0 0 7526.108101 7526.609075 7527.110049 7527.310439 7529.314335 7531.282931 1 E 
 16 358 6 40 3 1 HN 0 78 -17 54 -17 0 1 0.829206 0 0 7532.303478 7532.804456 7533.305426 7533.505816 7535.509711 7536.338917 1 C 
 16 359 6 41 3 1 HN 0 127 +23 88 +23 0 1 0.661984 0 0 7537.363316 7537.864288 7538.365265 7538.565651 7540.569547 7541.231531 1 C 
 16 360 6 42 3 3 HH 1 151 -33 196 +27 1 1 0.600024 0 0 7542.256160 7542.757135 7543.258108 7543.458497 7545.462389 7546.062413 1 C 
 16 361 6 43 2 2 LL 1 103 +4 118 -16 1 1 0.710603 0 0 7547.082208 7547.583180 7548.084158 7548.284544 7550.288439 7550.999043 1 C 
 16 362 6 44 2 2 LL 1 73 +29 62 +9 0 0 0.835912 0 0 7552.025150 7552.526127 7553.027096 7553.227486 7555.231381 7556.067294 1 E 
 16 363 6 45 2 2 LL 1 121 +68 139 +48 0 0 0.857987 0 0 7557.084987 7557.585959 7558.086933 7558.287322 7560.291218 7561.149205 1 E 
 16 364 6 46 2 1 LN 0 160 +62 136 +62 0 1 0.512977 0 0 7562.161521 7562.662498 7563.163468 7563.363858 7565.367752 7565.880728 1 C 
 16 365 6 47 3 3 HH 1 101 +66 70 +6 1 1 0.702298 0 0 7566.904073 7567.405046 7567.906022 7568.106410 7570.110305 7570.812603 1 C 
 16 366 6 48 1 2 NL 0 178 +65 178 +85 1 0 0.696731 0 0 7571.830315 7572.331289 7572.832263 7573.032654 7575.036547 7575.733278 1 E 
 16 367 6 49 3 1 HN 0 84 +60 109 +60 1 0 0.596564 0 0 7576.756559 7577.257534 7577.758506 7577.958896 7579.962789 7580.559353 1 E 
 16 368 6 50 1 2 NL 0 128 -62 128 -82 0 1 0.584712 0 0 7581.582608 7582.083582 7582.584554 7582.784943 7584.788838 7585.373551 1 C 
 16 369 6 51 1 3 NH 0 140 -71 140 -11 0 1 0.921706 0 0 7586.391956 7586.892929 7587.393903 7587.594292 7589.598187 7590.519894 1 C 
 16 370 6 52 1 1 NN 0 102 -19 102 -19 0 1 0.883111 0 0 7591.535287 7592.036263 7592.537234 7592.737623 7594.741519 7595.624630 1 C 
 16 371 6 53 3 3 HH 1 131 +48 91 -12 1 1 1.297895 0 0 7596.645222 7597.146194 7597.647168 7597.847557 7599.851452 7601.149347 1 C 
 16 372 6 54 2 2 LL 1 98 -84 112 -64 1 1 1.042143 0 0 7602.172631 7602.673608 7603.174579 7603.374969 7605.378865 7606.421007 1 C 
 16 373 6 55 2 3 LH 1 168 +41 142 -19 0 0 1.354706 0 0 7607.432860 7607.933832 7608.434805 7608.635194 7610.639089 7611.993795 1 E 
 16 374 6 56 2 3 LH 1 168 -70 142 -10 1 1 1.253338 0 0 7613.010367 7613.511343 7614.012313 7614.212702 7616.216598 7617.469936 1 C 
 16 375 6 57 1 3 NH 0 146 -48 146 +12 1 0 1.644243 0 0 7618.487680 7618.988653 7619.489627 7619.690017 7621.693912 7623.338156 1 E 
 16 376 6 58 1 1 NN 0 165 +79 165 +79 0 1 0.683806 0 0 7624.349073 7624.850048 7625.351021 7625.551411 7627.555307 7628.239113 1 C 
 16 377 6 59 1 1 NN 0 81 -17 81 -17 0 1 0.774576 0 0 7629.258618 7629.759591 7630.260565 7630.460955 7632.464861 7633.239437 1 C 
 16 378 6 60 2 3 LH 1 115 -20 97 -80 1 1 0.568761 0 0 7634.251657 7634.752630 7635.253604 7635.453994 7637.457889 7638.026651 1 C 
