 28   1 0 43 2 2 LL 1 149 +67 104 +32 1 1 2.834354 0 0 4991.602695 4992.103664 4992.604634 4992.805024 4994.808920 4997.643273 1 C 
 28   2 0 44 3 3 HH 1 164 -55 82 +15 1 1 0.989136 0 0 4998.666420 4999.167392 4999.668365 4999.868755 5001.872661 5002.861797 1 C 
 28   3 0 45 3 2 HL 1 70 +19 105 +54 1 1 0.679917 0 0 5003.876546 5004.377519 5004.878497 5005.078883 5007.082779 5007.762695 1 C 
 28   4 0 46 2 3 LH 1 141 +46 183 -24 1 1 0.691258 0 0 5008.786092 5009.287063 5009.788037 5009.988427 5011.992323 5012.683581 1 C 
 28   5 0 47 2 2 LL 1 87 +75 60 +40 1 1 0.734835 0 0 5013.695633 5014.196607 5014.697581 5014.897971 5016.901866 5017.636701 1 C 
 28   6 0 48 2 1 LN 0 119 +16 154 +16 1 0 0.624336 0 0 5018.655274 5019.156248 5019.657222 5019.857612 5021.861507 5022.485843 1 E 
 28   7 0 49 2 1 LN 0 165 +52 214 +52 0 1 1.381175 0 0 5023.498023 5023.998996 5024.499969 5024.700364 5026.704254 5028.085429 1 C 
 28   8 0 50 1 3 NH 0 77 +76 77 +6 1 0 0.843716 0 0 5029.108931 5029.609906 5030.110877 5030.311266 5032.315161 5033.158877 1 E 
 28   9 0 51 1 1 NN 0 65 +72 65 +72 0 1 0.919408 0 0 5034.185466 5034.686440 5035.187414 5035.387801 5037.391697 5038.311104 1 C 
 28  10 0 52 2 1 LN 0 106 +5 137 +5 0 1 0.813661 0 0 5039.328796 5039.829773 5040.330746 5040.531132 5042.535026 5043.348688 1 C 
 28  11 0 53 2 2 LL 1 142 -2 99 +33 1 1 0.602002 0 0 5044.371934 5044.872906 5045.373880 5045.574269 5047.578164 5048.180167 1 C 
 28  12 0 54 3 1 HN 0 177 +32 265 +32 0 1 0.891625 0 0 5049.197982 5049.698956 5050.199930 5050.400318 5052.404213 5053.295838 1 C 
 28  13 0 55 2 3 LH 1 102 -88 71 -18 1 1 0.812579 0 0 5054.307915 5054.808891 5055.309864 5055.510250 5057.514146 5058.326725 1 C 
 28  14 0 56 3 1 HN 0 139 -32 69 -32 0 1 0.671790 0 0 5059.351052 5059.852028 5060.353001 5060.553387 5062.557283 5063.229072 1 C 
 28  15 0 57 3 3 HH 1 154 +81 77 +11 1 1 0.661051 0 0 5064.243897 5064.744872 5065.245842 5065.446232 5067.450128 5068.111178 1 C 
 28  16 0 58 3 3 HH 1 123 -76 184 -6 1 1 0.702272 0 0 5069.136741 5069.637714 5070.138687 5070.339077 5072.342971 5073.045243 1 C 
 28  17 0 59 3 2 HL 1 115 -10 57 -45 1 1 0.883562 0 0 5074.062984 5074.563956 5075.064930 5075.265320 5077.269215 5078.152777 1 C 
 28  18 0 60 3 3 HH 1 54 +47 81 -23 1 1 0.763462 0 0 5079.172916 5079.673889 5080.174865 5080.375252 5082.379148 5083.142610 1 C 
 28  19 1  1 2 2 LL 1 146 -17 189 +18 1 1 0.591034 0 0 5086.921311 5087.422288 5087.923259 5088.123648 5090.127543 5090.718578 1 C 
 28  20 1  2 3 1 HN 0 111 +57 166 +57 1 0 1.031752 0 0 5091.730661 5092.231634 5092.732608 5092.932998 5094.936890 5095.968642 1 E 
 28  21 1  3 2 3 LH 1 138 +8 96 -62 1 1 1.594684 0 0 5096.990888 5097.491859 5097.992834 5098.193223 5100.197118 5101.791802 1 C 
 28  22 1  4 3 1 HN 0 128 -70 64 -70 0 1 0.572803 0 0 5102.818882 5103.319855 5103.820829 5104.021218 5106.025123 5106.597926 1 C 
 28  23 1  5 2 2 LL 1 57 -4 74 -39 1 1 1.128162 0 0 5107.611533 5108.112508 5108.613482 5108.813868 5110.817764 5111.945926 1 C 
 28  24 1  6 3 1 HN 0 90 -67 135 -67 0 1 0.928463 0 0 5112.971952 5113.472925 5113.973899 5114.174289 5116.178184 5117.106647 1 C 
 28  25 1  7 2 3 LH 1 140 -28 98 +42 1 1 0.574336 0 0 5118.131982 5118.632960 5119.133930 5119.334319 5121.338214 5121.912551 1 C 
 28  26 1  8 3 3 HH 1 114 -60 171 +10 1 1 0.819393 0 0 5122.924633 5123.425608 5123.926580 5124.126969 5126.130864 5126.950257 1 C 
 28  27 1  9 1 1 NN 0 117 +10 117 +10 0 1 0.836002 0 0 5127.967770 5128.468742 5128.969716 5129.170105 5131.174001 5132.010003 1 C 
 28  28 1 10 1 1 NN 0 88 -49 88 -49 0 1 0.641164 0 0 5133.027604 5133.528579 5134.029552 5134.229942 5136.233837 5136.875001 1 C 
 28  29 1 11 1 1 NN 0 130 -45 130 -45 0 1 0.518725 0 0 5137.887052 5138.388024 5138.888999 5139.089387 5141.093283 5141.612008 1 C 
 28  30 1 12 3 2 HL 1 165 +87 247 +52 1 1 0.694430 0 0 5142.629605 5143.130577 5143.631551 5143.831940 5145.835836 5146.530266 1 C 
 28  31 1 13 1 3 NH 0 123 -53 123 +17 1 0 0.602318 0 0 5147.555847 5148.056820 5148.557796 5148.758183 5150.762079 5151.364397 1 E 
 28  32 1 14 2 2 LL 1 66 -88 46 -53 1 1 0.933945 0 0 5152.381894 5152.882870 5153.383842 5153.584232 5155.588139 5156.522085 1 C 
 28  33 1 15 3 1 HN 0 175 -86 87 -86 0 1 0.847087 0 0 5157.541926 5158.042902 5158.543876 5158.744262 5160.748155 5161.595242 1 C 
 28  34 1 16 3 3 HH 1 135 +24 202 -46 1 1 0.863910 0 0 5162.618460 5163.119437 5163.620410 5163.820797 5165.824692 5166.688602 1 C 
 28  35 1 17 1 3 NH 0 66 +76 66 +6 1 0 0.778668 0 0 5167.711695 5168.212667 5168.713641 5168.914031 5170.917927 5171.696595 1 E 
 28  36 1 18 3 2 HL 1 73 +67 36 +32 1 1 1.620805 0 0 5172.721433 5173.222406 5173.723380 5173.923769 5175.927663 5177.548468 1 C 
 28  37 1 19 1 3 NH 0 70 +50 70 -20 0 1 1.125411 0 0 5178.566127 5179.067102 5179.568079 5179.768465 5181.772362 5182.897773 1 C 
 28  38 1 20 1 3 NH 0 113 -84 113 -14 0 1 0.997345 0 0 5183.909851 5184.410824 5184.911797 5185.112186 5187.116082 5188.113427 1 C 
 28  39 1 21 2 1 LN 0 115 -19 149 -19 0 1 0.685745 0 0 5189.136677 5189.637649 5190.138623 5190.339013 5192.342908 5193.028653 1 C 
 28  40 1 22 3 3 HH 1 170 +18 85 +88 1 1 0.908308 0 0 5194.046221 5194.547193 5195.048171 5195.248557 5197.252452 5198.160760 1 C 
 28  41 1 23 1 2 NL 0 126 -77 126 -42 0 1 1.231215 0 0 5199.172852 5199.673826 5200.174801 5200.375189 5202.379083 5203.610298 1 C 
 28  42 1 24 3 3 HH 1 173 +38 86 -32 1 1 1.069641 0 0 5204.633468 5205.134444 5205.635415 5205.835804 5207.839700 5208.909340 1 C 
 28  43 1 25 1 3 NH 0 101 +4 101 -66 1 0 1.164447 0 0 5209.927092 5210.428064 5210.929038 5211.129427 5213.133323 5214.297770 1 E 
 28  44 1 26 1 3 NH 0 178 +87 178 +17 1 0 1.095332 0 0 5215.320911 5215.821886 5216.322857 5216.523246 5218.527141 5219.622474 1 E 
 28  45 1 27 3 2 HL 1 164 -69 82 -34 1 1 1.300662 0 0 5220.647932 5221.148906 5221.649879 5221.850268 5223.854161 5225.154823 1 C 
 28  46 1 28 1 3 NH 0 156 -57 156 +13 0 1 1.152510 0 0 5226.175344 5226.676316 5227.177293 5227.377680 5229.381575 5230.534084 1 C 
 28  47 1 29 1 2 NL 0 54 +65 54 +30 0 1 0.651945 0 0 5231.552463 5232.053435 5232.554410 5232.754798 5234.758694 5235.410639 1 C 
 28  48 1 30 2 2 LL 1 67 +36 87 +71 1 1 1.073773 0 0 5236.428608 5236.929580 5237.430555 5237.630944 5239.634849 5240.708623 1 C 
 28  49 1 31 3 1 HN 0 158 +37 79 +37 0 1 0.757942 0 0 5241.722232 5242.223207 5242.724178 5242.924569 5244.928466 5245.686408 1 C 
 28  50 1 32 2 3 LH 1 149 +46 193 -24 1 1 1.203272 0 0 5246.698572 5247.199545 5247.700518 5247.900908 5249.904816 5251.108088 1 C 
 28  51 1 33 1 1 NN 0 69 -12 69 -12 0 1 0.713446 0 0 5252.125792 5252.626762 5253.127737 5253.328125 5255.332020 5256.045466 1 C 
 28  52 1 34 2 1 LN 0 99 +71 128 +71 0 1 0.663729 0 0 5257.068732 5257.569704 5258.070679 5258.271067 5260.274962 5260.938691 1 C 
 28  53 1 35 1 3 NH 0 66 +7 66 -63 0 1 0.934759 0 0 5261.961576 5262.462552 5262.963522 5263.163912 5265.167807 5266.102566 1 C 
 28  54 1 36 1 2 NL 0 81 -69 81 -34 0 1 1.131092 0 0 5267.121605 5267.622581 5268.123553 5268.323942 5270.327837 5271.458929 1 C 
 28  55 1 37 1 2 NL 0 70 -14 70 -49 0 1 1.023631 0 0 5272.482027 5272.983001 5273.483973 5273.684363 5275.688257 5276.711888 1 C 
 28  56 1 38 1 3 NH 0 113 -38 113 +32 0 1 0.746909 0 0 5277.725559 5278.226525 5278.727498 5278.927889 5280.931784 5281.678693 1 C 
 28  57 1 39 3 2 HL 1 128 +44 64 +79 1 1 0.963893 0 0 5282.701893 5283.202866 5283.703839 5283.904228 5285.908123 5286.872016 1 C 
 28  58 1 40 2 2 LL 1 136 -53 95 -18 1 1 0.952769 0 0 5287.895322 5288.396294 5288.897268 5289.097658 5291.101552 5292.054321 1 C 
 28  59 1 41 2 2 LL 1 163 -75 211 -40 1 1 0.813648 0 0 5293.072053 5293.573024 5294.073998 5294.274388 5296.278285 5297.091933 1 C 
 28  60 1 42 2 2 LL 1 91 -47 118 -82 0 0 0.847074 0 0 5298.115187 5298.616161 5299.117135 5299.317524 5301.321422 5302.168496 1 E 
 28  61 1 43 2 2 LL 1 109 +48 76 +83 1 1 0.863782 0 0 5303.191724 5303.692700 5304.193669 5304.394059 5306.397954 5307.261736 1 C 
 28  62 1 44 3 1 HN 0 104 +80 156 +80 0 1 0.835837 0 0 5308.284956 5308.785933 5309.286903 5309.487293 5311.491189 5312.327026 1 C 
 28  63 1 45 1 2 NL 0 140 +48 140 +83 1 0 1.273972 0 0 5313.344792 5313.845769 5314.346740 5314.547129 5316.551025 5317.824997 1 E 
 28  64 1 46 1 3 NH 0 57 -66 57 +4 0 1 0.955822 0 0 5318.838805 5319.339783 5319.840757 5320.041143 5322.045038 5323.000861 1 C 
 28  65 1 47 2 3 LH 1 59 +51 76 -19 0 0 0.975082 0 0 5324.015537 5324.516508 5325.017486 5325.217872 5327.221768 5328.196850 1 E 
 28  66 1 48 2 1 LN 0 133 +31 172 +31 0 1 0.913498 0 0 5329.208966 5329.709940 5330.210912 5330.411302 5332.415201 5333.328699 1 C 
 28  67 1 49 2 1 LN 0 156 +71 109 +71 0 1 0.752409 0 0 5334.352297 5334.853269 5335.354245 5335.554633 5337.558528 5338.310937 1 C 
 28  68 1 50 3 3 HH 1 120 +15 180 +85 1 1 0.913768 0 0 5339.328636 5339.829612 5340.330584 5340.530973 5342.534869 5343.448637 1 C 
 28  69 1 51 2 3 LH 1 61 +27 79 -43 1 1 1.175470 0 0 5344.471969 5344.972943 5345.473916 5345.674305 5347.678200 5348.853670 1 C 
 28  70 1 52 3 3 HH 1 139 -84 69 -14 1 1 0.991524 0 0 5349.865786 5350.366760 5350.867733 5351.068123 5353.072018 5354.063541 1 C 
 28  71 1 53 2 3 LH 1 61 -17 42 -87 1 1 0.835868 0 0 5355.075916 5355.576888 5356.077862 5356.278253 5358.282147 5359.118015 1 C 
 28  72 1 54 2 1 LN 0 173 -18 224 -18 0 1 0.883056 0 0 5360.135751 5360.636724 5361.137698 5361.338087 5363.341983 5364.225038 1 C 
 28  73 1 55 3 2 HL 1 155 -30 232 -65 1 1 0.830387 0 0 5365.245685 5365.746660 5366.247634 5366.448020 5368.451918 5369.282305 1 C 
 28  74 1 56 1 2 NL 0 107 -90 107 -55 0 1 0.919423 0 0 5370.305520 5370.806496 5371.307470 5371.507856 5373.511752 5374.431175 1 C 
 28  75 1 57 2 2 LL 1 155 -66 201 -31 1 1 1.083475 0 0 5375.448851 5375.949824 5376.450798 5376.651188 5378.655081 5379.738556 1 C 
 28  76 1 58 1 3 NH 0 148 +16 148 -54 0 1 1.386884 0 0 5380.759174 5381.260147 5381.761121 5381.961511 5383.965406 5385.352290 1 C 
 28  77 1 59 2 1 LN 0 134 -85 174 -85 0 1 0.679863 0 0 5386.370082 5386.871054 5387.372028 5387.572417 5389.576313 5390.256175 1 C 
 28  78 1 60 1 1 NN 0 64 +65 64 +65 1 0 0.852747 0 0 5391.279625 5391.780601 5392.281572 5392.481961 5394.485867 5395.338614 1 E 
 28  79 2  1 3 2 HL 1 71 -41 35 -6 1 1 0.883239 0 0 5399.679288 5400.180259 5400.681234 5400.881623 5402.885518 5403.768757 1 C 
 28  80 2  2 2 3 LH 1 121 +25 157 -45 1 1 0.997392 0 0 5404.789220 5405.290193 5405.791167 5405.991557 5407.995452 5408.992844 1 C 
 28  81 2  3 1 1 NN 0 107 +59 107 +59 0 1 0.574454 0 0 5410.016048 5410.517021 5411.017996 5411.218383 5413.222278 5413.796732 1 C 
 28  82 2  4 3 2 HL 1 80 +57 120 +22 1 1 0.629750 0 0 5414.808696 5415.309675 5415.810646 5416.011033 5418.014929 5418.644678 1 C 
 28  83 2  5 1 3 NH 0 140 +49 140 -21 0 1 1.024885 0 0 5419.668143 5420.169116 5420.670089 5420.870479 5422.874375 5423.899260 1 C 
 28  84 2  6 2 1 LN 0 79 +71 55 +71 0 1 1.058479 0 0 5424.911670 5425.412643 5425.913616 5426.114006 5428.117902 5429.176381 1 C 
 28  85 2  7 3 3 HH 1 60 +70 90 +0 1 1 0.808073 0 0 5430.188595 5430.689566 5431.190539 5431.390931 5433.394836 5434.202908 1 C 
 28  86 2  8 1 2 NL 0 123 -18 123 +17 0 1 1.141901 0 0 5435.215033 5435.716008 5436.216978 5436.417368 5438.421263 5439.563165 1 C 
 28  87 2  9 1 1 NN 0 66 -74 66 -74 0 1 0.579733 0 0 5440.575451 5441.076427 5441.577399 5441.777788 5443.781684 5444.361416 1 C 
 28  88 2 10 3 2 HL 1 158 +63 79 +28 1 1 0.930593 0 0 5445.384801 5445.885778 5446.386748 5446.587137 5448.591032 5449.521625 1 C 
 28  89 2 11 1 2 NL 0 131 -71 131 -36 0 1 0.917920 0 0 5450.544832 5451.045804 5451.546778 5451.747167 5453.751064 5454.668984 1 C 
 28  90 2 12 3 2 HL 1 123 -36 184 -1 1 1 0.799929 0 0 5455.688164 5456.189136 5456.690113 5456.890501 5458.894395 5459.694324 1 C 
 28  91 2 13 1 3 NH 0 107 -83 107 -13 0 1 0.841643 0 0 5460.714601 5461.215575 5461.716548 5461.916937 5463.920830 5464.762473 1 C 
 28  92 2 14 3 1 HN 0 170 -48 85 -48 0 1 0.646668 0 0 5465.774441 5466.275414 5466.776384 5466.976773 5468.980667 5469.627335 1 C 
 28  93 2 15 3 2 HL 1 120 +83 180 +48 1 1 0.802488 0 0 5470.650583 5471.151555 5471.652532 5471.852919 5473.856814 5474.659302 1 C 
 28  94 2 16 3 2 HL 1 176 +75 88 +40 1 1 0.910714 0 0 5475.677020 5476.177992 5476.678966 5476.879356 5478.883251 5479.793966 1 C 
 28  95 2 17 3 3 HH 1 173 +38 259 -32 1 1 0.880456 0 0 5480.820351 5481.321324 5481.822301 5482.022687 5484.026583 5484.907039 1 C 
 28  96 2 18 1 1 NN 0 173 +81 173 +81 0 1 1.228353 0 0 5485.930285 5486.431258 5486.932231 5487.132621 5489.136517 5490.364870 1 C 
 28  97 2 19 2 2 LL 1 57 +17 39 -18 1 1 0.774814 0 0 5491.390900 5491.891876 5492.392846 5492.593235 5494.597132 5495.371945 1 C 
 28  98 2 20 2 1 LN 0 132 -80 92 -80 0 1 1.014094 0 0 5496.383937 5496.884912 5497.385886 5497.586275 5499.590171 5500.604264 1 C 
 28  99 2 21 1 2 NL 0 103 +85 103 +50 0 1 0.813540 0 0 5501.627465 5502.128437 5502.629412 5502.829801 5504.833697 5505.647237 1 C 
 28 100 2 22 1 2 NL 0 92 -50 92 -85 0 1 0.766715 0 0 5506.670602 5507.171580 5507.672552 5507.872937 5509.876842 5510.643557 1 C 
 28 101 2 23 2 1 LN 0 159 +51 111 +51 0 1 0.744142 0 0 5511.663641 5512.164616 5512.665588 5512.865978 5514.869883 5515.614025 1 C 
 28 102 2 24 1 3 NH 0 93 -87 93 -17 0 1 1.095095 0 0 5516.639980 5517.140957 5517.641928 5517.842318 5519.846214 5520.941309 1 C 
 28 103 2 25 3 1 HN 0 141 +48 70 +48 0 1 0.518762 0 0 5521.967004 5522.467976 5522.968952 5523.169340 5525.173244 5525.692006 1 C 
 28 104 2 26 3 3 HH 1 172 -76 86 -6 1 1 0.723926 0 0 5526.709556 5527.210531 5527.711502 5527.911892 5529.915788 5530.639713 1 C 
 28 105 2 27 1 2 NL 0 155 +9 155 -26 0 1 1.027176 0 0 5531.652497 5532.153471 5532.654445 5532.854834 5534.858729 5535.885905 1 C 
 28 106 2 28 1 2 NL 0 171 -50 171 -15 1 0 1.328157 0 0 5536.912724 5537.413696 5537.914673 5538.115059 5540.118955 5541.447112 1 E 
 28 107 2 29 3 3 HH 1 130 -76 65 -6 1 1 0.718885 0 0 5542.473532 5542.974506 5543.475478 5543.675870 5545.679770 5546.398655 1 C 
 28 108 2 30 1 2 NL 0 169 -20 169 -55 0 1 0.696797 0 0 5547.416476 5547.917447 5548.418422 5548.618811 5550.622707 5551.319504 1 C 
 28 109 2 31 2 3 LH 1 63 -18 44 +52 1 1 0.730135 0 0 5552.342717 5552.843694 5553.344664 5553.545054 5555.548953 5556.279087 1 C 
 28 110 2 32 1 1 NN 0 113 +88 113 +88 0 1 0.528215 0 0 5557.302360 5557.803334 5558.304306 5558.504695 5560.508588 5561.036803 1 C 
 28 111 2 33 2 3 LH 1 121 +62 157 -8 1 1 0.713529 0 0 5562.061611 5562.562583 5563.063559 5563.263947 5565.267842 5565.981371 1 C 
 28 112 2 34 1 3 NH 0 76 -90 76 -20 0 1 1.156898 0 0 5567.004556 5567.505527 5568.006499 5568.206889 5570.210784 5571.367681 1 C 
 28 113 2 35 2 1 LN 0 69 -52 89 -52 0 1 0.434938 0 0 5572.381672 5572.882645 5573.383618 5573.584008 5575.587902 5576.022840 1 C 
 28 114 2 36 3 3 HH 1 62 +37 93 -33 1 1 0.735817 0 0 5577.040728 5577.541702 5578.042676 5578.243065 5580.246971 5580.982788 1 C 
 28 115 2 37 2 1 LN 0 129 -73 167 -73 0 1 0.824787 0 0 5582.000370 5582.501343 5583.002316 5583.202706 5585.206605 5586.031392 1 C 
 28 116 2 38 1 2 NL 0 65 -55 65 -90 1 0 1.125257 0 0 5587.043504 5587.544480 5588.045454 5588.245844 5590.249736 5591.374992 1 E 
 28 117 2 39 2 3 LH 1 166 +49 215 -21 1 1 1.124207 0 0 5592.387229 5592.888200 5593.389175 5593.589563 5595.593459 5596.717666 1 C 
 28 118 2 40 3 2 HL 1 138 -75 69 -40 1 1 0.817008 0 0 5597.730949 5598.231920 5598.732895 5598.933289 5600.937181 5601.754188 1 C 
 28 119 2 41 2 1 LN 0 104 +90 135 +90 0 1 0.638789 0 0 5602.774086 5603.275060 5603.776034 5603.976423 5605.980317 5606.619106 1 C 
 28 120 2 42 3 2 HL 1 100 -64 150 -29 1 1 0.958420 0 0 5607.633531 5608.134507 5608.635481 5608.835867 5610.839764 5611.798184 1 C 
 28 121 2 43 3 3 HH 1 106 -53 159 +17 1 1 0.791443 0 0 5612.810262 5613.311239 5613.812208 5614.012598 5616.016493 5616.807936 1 C 
 28 122 2 44 3 2 HL 1 79 +53 118 +18 1 1 1.197592 0 0 5617.820002 5618.320975 5618.821947 5619.022337 5621.026232 5622.223824 1 C 
 28 123 2 45 3 2 HL 1 61 -53 30 -18 1 1 1.236656 0 0 5623.247215 5623.748190 5624.249164 5624.449553 5626.453448 5627.690104 1 C 
 28 124 2 46 3 1 HN 0 125 -20 187 -20 0 1 0.685584 0 0 5628.707832 5629.208807 5629.709779 5629.910168 5631.914064 5632.599648 1 C 
 28 125 2 47 2 2 LL 1 85 +6 110 +41 1 1 1.122572 0 0 5633.617376 5634.118351 5634.619322 5634.819711 5636.823609 5637.946182 1 C 
 28 126 2 48 1 3 NH 0 88 +3 88 +73 0 1 0.991707 0 0 5638.961097 5639.462069 5639.963045 5640.163433 5642.167328 5643.159035 1 C 
 28 127 2 49 2 2 LL 1 131 -6 91 +29 1 1 0.906042 0 0 5644.171223 5644.672198 5645.173172 5645.373561 5647.377456 5648.283498 1 C 
 28 128 2 50 2 3 LH 1 122 +43 85 -27 1 1 0.955006 0 0 5649.297856 5649.798830 5650.299803 5650.500195 5652.504098 5653.459104 1 C 
 28 129 2 51 1 1 NN 0 92 -19 92 -19 0 1 0.691272 0 0 5654.474588 5654.975562 5655.476535 5655.676926 5657.680818 5658.372090 1 C 
 28 130 2 52 2 3 LH 1 128 +5 166 -65 1 1 0.913900 0 0 5659.384131 5659.885103 5660.386078 5660.586467 5662.590362 5663.504263 1 C 
 28 131 2 53 3 3 HH 1 114 -26 57 +44 1 1 0.691215 0 0 5664.527463 5665.028434 5665.529408 5665.729798 5667.733703 5668.424917 1 C 
 28 132 2 54 3 3 HH 1 131 +45 65 -25 1 1 0.774572 0 0 5669.437006 5669.937981 5670.438955 5670.639342 5672.643235 5673.417807 1 C 
 28 133 2 55 2 3 LH 1 98 -85 68 -15 1 1 0.712425 0 0 5674.430046 5674.931019 5675.431992 5675.632381 5677.636277 5678.348702 1 C 
 28 134 2 56 3 3 HH 1 136 +38 68 -32 1 1 0.749828 0 0 5679.372988 5679.873962 5680.374934 5680.575323 5682.579229 5683.329057 1 C 
 28 135 2 57 1 1 NN 0 106 +9 106 +9 0 1 0.557676 0 0 5684.349328 5684.850304 5685.351274 5685.551663 5687.555558 5688.113234 1 C 
 28 136 2 58 1 3 NH 0 169 +65 169 -5 0 1 1.370473 0 0 5689.125276 5689.626250 5690.127226 5690.327614 5692.331508 5693.701981 1 C 
 28 137 2 59 2 3 LH 1 81 -41 56 +29 1 1 0.702300 0 0 5694.719487 5695.220458 5695.721435 5695.921823 5697.925722 5698.628022 1 C 
 28 138 2 60 1 1 NN 0 120 +72 120 +72 0 1 0.585426 0 0 5699.645729 5700.146702 5700.647676 5700.848065 5702.851961 5703.437387 1 C 
 28 139 3  1 3 2 HL 1 155 -36 77 -71 0 0 5.578995 0 0 5708.963845 5709.464815 5709.965789 5710.166177 5712.170074 5717.749070 1 E 
 28 140 3  2 2 3 LH 1 136 -36 95 +34 1 1 2.183866 0 0 5718.766231 5719.267205 5719.768180 5719.968567 5721.972462 5724.156328 1 C 
 28 141 3  3 2 2 LL 1 81 +86 105 +51 1 1 0.769172 0 0 5725.178694 5725.679669 5726.180642 5726.381033 5728.384928 5729.154100 1 C 
 28 142 3  4 3 2 HL 1 170 -2 85 +33 1 1 0.639916 0 0 5730.171736 5730.672706 5731.173686 5731.374071 5733.377967 5734.017883 1 C 
 28 143 3  5 2 3 LH 1 160 +19 112 +89 1 1 0.849709 0 0 5735.031182 5735.532155 5736.033128 5736.233523 5738.237414 5739.087123 1 C 
 28 144 3  6 1 3 NH 0 159 -44 159 +26 0 1 0.835906 0 0 5740.107718 5740.608691 5741.109663 5741.310052 5743.313953 5744.149859 1 C 
 28 145 3  7 3 2 HL 1 109 -50 54 -15 1 1 0.713416 0 0 5745.167554 5745.668530 5746.169501 5746.369886 5748.373784 5749.087200 1 C 
 28 146 3  8 1 1 NN 0 74 +27 74 +27 0 1 0.552036 0 0 5750.110495 5750.611467 5751.112442 5751.312831 5753.316726 5753.868762 1 C 
 28 147 3  9 3 3 HH 1 71 -1 35 +69 1 1 0.568546 0 0 5754.886445 5755.387422 5755.888392 5756.088781 5758.092677 5758.661223 1 C 
 28 148 3 10 2 3 LH 1 172 +26 120 -44 1 1 0.674541 0 0 5759.679094 5760.180071 5760.681042 5760.881432 5762.885333 5763.559874 1 C 
 28 149 3 11 1 2 NL 0 179 +82 179 +47 0 1 1.104910 0 0 5764.571940 5765.072915 5765.573885 5765.774276 5767.778173 5768.883083 1 C 
 28 150 3 12 3 1 HN 0 133 +66 199 +66 0 1 0.846999 0 0 5769.898962 5770.399938 5770.900912 5771.101298 5773.105194 5773.952193 1 C 
 28 151 3 13 2 2 LL 1 134 +81 174 +46 1 1 1.080800 0 0 5774.975497 5775.476470 5775.977444 5776.177832 5778.181728 5779.262528 1 C 
 28 152 3 14 1 3 NH 0 138 +86 138 +16 0 1 1.372546 0 0 5780.285818 5780.786792 5781.287766 5781.488156 5783.492051 5784.864598 1 C 
 28 153 3 15 3 2 HL 1 165 -17 247 -52 1 1 0.895515 0 0 5785.880028 5786.381000 5786.881974 5787.082364 5789.086259 5789.981774 1 C 
 28 154 3 16 3 3 HH 1 144 +85 72 +15 1 1 0.680078 0 0 5791.006661 5791.507632 5792.008611 5792.208995 5794.212891 5794.892970 1 C 
 28 155 3 17 3 2 HL 1 112 +28 56 -7 1 1 0.746767 0 0 5795.916204 5796.417177 5796.918152 5797.118540 5799.122435 5799.869202 1 C 
 28 156 3 18 2 2 LL 1 98 +47 127 +82 1 1 0.724628 0 0 5800.892544 5801.393520 5801.894494 5802.094880 5804.098775 5804.823404 1 C 
 28 157 3 19 1 2 NL 0 165 -72 165 -37 0 1 0.934051 0 0 5805.835487 5806.336462 5806.837432 5807.037822 5809.041718 5809.975768 1 C 
 28 158 3 20 2 2 LL 1 88 -3 114 +32 0 0 1.115011 0 0 5810.995516 5811.496489 5811.997464 5812.197853 5814.201748 5815.316760 1 E 
 28 159 3 21 3 1 HN 0 137 +11 205 +11 0 1 0.811925 0 0 5816.339239 5816.840209 5817.341185 5817.541574 5819.545469 5820.357394 1 C 
 28 160 3 22 2 2 LL 1 103 -73 72 -38 1 1 0.688600 0 0 5821.382376 5821.883347 5822.384323 5822.584711 5824.588606 5825.277207 1 C 
 28 161 3 23 2 3 LH 1 124 -71 86 -1 1 1 0.813637 0 0 5826.291917 5826.792893 5827.293867 5827.494255 5829.498154 5830.311790 1 C 
 28 162 3 24 3 3 HH 1 101 +28 151 -42 1 1 0.897170 0 0 5831.335056 5831.836028 5832.337005 5832.537391 5834.541286 5835.438456 1 C 
 28 163 3 25 1 2 NL 0 114 +50 114 +15 0 1 1.453027 0 0 5836.461687 5836.962660 5837.463634 5837.664024 5839.667918 5841.120945 1 C 
 28 164 3 26 2 1 LN 0 141 +32 183 +32 1 0 0.606674 0 0 5842.139391 5842.640364 5843.141338 5843.341727 5845.345622 5845.952296 1 E 
 28 165 3 27 3 2 HL 1 142 +84 71 +49 1 1 0.847088 0 0 5846.965440 5847.466412 5847.967386 5848.167775 5850.171670 5851.018759 1 C 
 28 166 3 28 1 3 NH 0 109 -24 109 +46 0 1 0.989809 0 0 5852.041974 5852.542949 5853.043921 5853.244310 5855.248206 5856.238014 1 C 
 28 167 3 29 2 3 LH 1 116 +71 81 +1 1 1 0.669072 0 0 5857.252102 5857.753075 5858.254052 5858.454438 5860.458334 5861.127406 1 C 
 28 168 3 30 1 1 NN 0 66 +12 66 +12 0 1 0.800944 0 0 5862.144946 5862.645920 5863.146895 5863.347283 5865.351179 5866.152123 1 C 
 28 169 3 31 2 2 LL 1 102 -48 132 -13 1 1 1.158607 0 0 5867.171385 5867.672357 5868.173333 5868.373718 5870.377616 5871.536223 1 C 
 28 170 3 32 3 2 HL 1 135 +74 67 +39 1 1 0.711538 0 0 5872.548504 5873.049473 5873.550451 5873.750840 5875.754735 5876.466273 1 C 
 28 171 3 33 3 1 HN 0 59 -23 88 -23 0 1 0.719170 0 0 5877.491445 5877.992423 5878.493392 5878.693782 5880.697677 5881.416847 1 C 
 28 172 3 34 2 1 LN 0 109 -77 76 -77 0 1 0.841488 0 0 5882.434388 5882.935360 5883.436335 5883.636724 5885.640619 5886.482107 1 C 
 28 173 3 35 3 3 HH 1 70 -29 105 +41 1 1 0.980683 0 0 5887.494223 5887.995196 5888.496170 5888.696560 5890.700455 5891.681138 1 C 
 28 174 3 36 1 3 NH 0 143 -73 143 -3 1 0 0.602005 0 0 5892.704351 5893.205324 5893.706298 5893.906688 5895.910583 5896.512588 1 E 
 28 175 3 37 2 3 LH 1 151 -6 196 -76 1 1 0.952373 0 0 5897.530398 5898.031376 5898.532347 5898.732736 5900.736631 5901.689004 1 C 
 28 176 3 38 2 1 LN 0 95 -67 66 -67 0 1 0.879037 0 0 5902.707128 5903.208104 5903.709078 5903.909466 5905.913361 5906.792398 1 C 
 28 177 3 39 2 3 LH 1 116 -62 81 +8 1 1 0.555268 0 0 5907.817063 5908.318039 5908.819010 5909.019399 5911.023295 5911.578563 1 C 
 28 178 3 40 2 3 LH 1 171 +18 119 +88 1 1 0.780256 0 0 5912.593013 5913.093988 5913.594963 5913.795349 5915.799245 5916.579501 1 C 
 28 179 3 41 1 2 NL 0 174 -79 174 -44 1 0 1.546140 0 0 5917.602753 5918.103724 5918.604702 5918.805088 5920.808983 5922.355124 1 E 
 28 180 3 42 2 3 LH 1 141 -87 98 -17 1 1 1.006627 0 0 5923.380651 5923.881623 5924.382597 5924.582986 5926.586882 5927.593509 1 C 
 28 181 3 43 2 3 LH 1 56 -75 39 -5 1 1 1.836677 0 0 5928.607478 5929.108451 5929.609424 5929.809814 5931.813709 5933.650386 1 C 
 28 182 3 44 2 2 LL 1 148 -77 192 -42 1 1 1.129577 0 0 5934.669261 5935.170234 5935.671207 5935.871596 5937.875492 5939.005070 1 C 
 28 183 3 45 2 3 LH 1 152 +88 106 +18 1 1 0.672738 0 0 5940.029680 5940.530657 5941.031628 5941.232017 5943.235913 5943.908651 1 C 
 28 184 3 46 2 1 LN 0 143 +10 185 +10 0 1 0.737613 0 0 5944.922526 5945.423499 5945.924476 5946.124862 5948.128758 5948.866370 1 C 
 28 185 3 47 1 2 NL 0 90 +67 90 +32 0 1 1.203332 0 0 5949.882167 5950.383143 5950.884114 5951.084503 5953.088398 5954.291731 1 C 
 28 186 3 48 3 1 HN 0 96 -23 144 -23 0 1 0.557773 0 0 5955.309384 5955.810356 5956.311330 5956.511722 5958.515616 5959.073389 1 C 
 28 187 3 49 2 3 LH 1 141 -50 98 +20 1 1 0.768969 0 0 5960.085337 5960.586309 5961.087281 5961.287671 5963.291563 5964.060532 1 C 
 28 188 3 50 3 1 HN 0 54 +6 81 +6 0 1 0.540991 0 0 5965.078374 5965.579350 5966.080320 5966.280710 5968.284606 5968.825597 1 C 
 28 189 3 51 3 2 HL 1 86 -20 129 +15 1 1 1.058577 0 0 5969.837625 5970.338603 5970.839572 5971.039962 5973.043857 5974.102434 1 C 
 28 190 3 52 3 1 HN 0 129 +20 193 +20 0 1 1.004885 0 0 5975.114551 5975.615523 5976.116499 5976.316887 5978.320791 5979.325676 1 C 
 28 191 3 53 1 3 NH 0 69 -54 69 +16 1 0 0.897242 0 0 5980.341377 5980.842351 5981.343325 5981.543713 5983.547608 5984.444850 1 E 
 28 192 3 54 2 3 LH 1 166 -39 215 +31 1 1 0.869234 0 0 5985.468009 5985.968983 5986.469959 5986.670345 5988.674241 5989.543475 1 C 
 28 193 3 55 3 3 HH 1 134 -89 67 -19 1 1 0.629966 0 0 5990.561245 5991.062216 5991.563190 5991.763580 5993.767482 5994.397448 1 C 
 28 194 3 56 2 1 LN 0 64 +78 44 +78 0 1 0.746874 0 0 5995.420690 5995.921663 5996.422640 5996.623026 5998.626922 5999.373796 1 C 
 28 195 3 57 3 2 HL 1 103 -64 51 -29 1 1 0.768854 0 0 6000.397031 6000.898007 6001.398980 6001.599366 6003.603260 6004.372114 1 C 
 28 196 3 58 1 2 NL 0 176 -75 176 -40 1 0 1.427662 0 0 6005.390069 6005.891044 6006.392020 6006.592410 6008.596301 6010.023963 1 E 
 28 197 3 59 3 2 HL 1 153 +11 76 +46 1 1 0.691342 0 0 6011.051074 6011.552049 6012.053020 6012.253412 6014.257306 6014.948649 1 C 
 28 198 3 60 2 2 LL 1 58 +47 40 +82 1 1 0.791399 0 0 6015.960617 6016.461591 6016.962566 6017.162955 6019.166850 6019.958249 1 C 
 28 199 4  1 2 3 LH 1 167 -86 116 -16 1 1 0.911296 0 0 6027.299328 6027.800299 6028.301273 6028.501662 6030.505556 6031.416852 1 C 
 28 200 4  2 2 2 LL 1 110 +10 77 -25 1 1 0.646685 0 0 6032.442658 6032.943632 6033.444606 6033.644994 6035.648889 6036.295573 1 C 
 28 201 4  3 1 3 NH 0 88 -3 88 +67 0 1 0.938743 0 0 6037.318802 6037.819775 6038.320749 6038.521142 6040.525035 6041.463778 1 C 
 28 202 4  4 1 1 NN 0 164 -71 164 -71 0 1 0.590988 0 0 6042.478834 6042.979807 6043.480780 6043.681170 6045.685065 6046.276053 1 C 
 28 203 4  5 3 3 HH 1 172 -26 86 +44 1 1 0.662270 0 0 6047.288182 6047.789159 6048.290129 6048.490519 6050.494414 6051.156684 1 C 
 28 204 4  6 2 3 LH 1 150 +7 105 -63 1 1 0.572100 0 0 6052.181027 6052.682000 6053.182977 6053.383363 6055.387260 6055.959360 1 C 
 28 205 4  7 3 3 HH 1 163 -14 81 -84 1 1 0.650267 0 0 6056.973677 6057.474650 6057.975626 6058.176013 6060.179908 6060.830175 1 C 
 28 206 4  8 2 1 LN 0 64 -45 83 -45 0 1 1.308970 0 0 6061.849822 6062.350795 6062.851769 6063.052159 6065.056054 6066.365024 1 C 
 28 207 4  9 3 1 HN 0 88 +72 132 +72 0 1 0.710781 0 0 6067.377234 6067.878207 6068.379181 6068.579570 6070.583466 6071.294247 1 C 
 28 208 4 10 3 3 HH 1 162 +6 81 +76 1 1 0.769227 0 0 6072.320176 6072.821148 6073.322123 6073.522512 6075.526408 6076.295635 1 C 
 28 209 4 11 2 3 LH 1 58 +58 40 -12 1 1 0.791338 0 0 6077.313214 6077.814188 6078.315162 6078.515552 6080.519447 6081.310785 1 C 
 28 210 4 12 3 2 HL 1 98 +69 147 +34 1 1 0.880484 0 0 6082.322954 6082.823926 6083.324899 6083.525292 6085.529185 6086.409670 1 C 
 28 211 4 13 1 2 NL 0 90 -21 90 +14 0 1 0.879514 0 0 6087.432885 6087.933860 6088.434833 6088.635224 6090.639117 6091.518631 1 C 
 28 212 4 14 2 3 LH 1 81 +51 56 -19 1 1 0.824790 0 0 6092.542819 6093.043794 6093.544767 6093.745161 6095.749052 6096.573842 1 C 
 28 213 4 15 2 3 LH 1 120 +60 156 -10 1 1 0.696763 0 0 6097.585957 6098.086929 6098.587904 6098.788297 6100.792189 6101.488952 1 C 
 28 214 4 16 3 2 HL 1 57 -89 85 -54 1 1 0.961790 0 0 6102.512199 6103.013175 6103.514146 6103.714536 6105.718431 6106.680221 1 C 
 28 215 4 17 2 2 LL 1 72 -90 93 -55 1 1 0.967165 0 0 6107.705628 6108.206605 6108.707579 6108.907965 6110.911860 6111.879025 1 C 
 28 216 4 18 2 3 LH 1 75 -8 97 +62 1 1 0.696723 0 0 6112.899057 6113.400031 6113.901005 6114.101394 6116.105289 6116.802011 1 C 
 28 217 4 19 3 1 HN 0 67 -52 100 -52 0 1 0.563013 0 0 6117.825304 6118.326271 6118.827248 6119.027637 6121.031543 6121.594556 1 C 
 28 218 4 20 2 1 LN 0 86 -86 111 -86 0 1 0.680068 0 0 6122.617950 6123.118926 6123.619900 6123.820287 6125.824182 6126.504250 1 C 
 28 219 4 21 2 2 LL 1 92 +87 64 +52 1 1 0.563212 0 0 6127.527495 6128.028467 6128.529440 6128.729831 6130.733726 6131.296938 1 C 
 28 220 4 22 3 2 HL 1 151 +73 75 +38 1 1 0.685476 0 0 6132.320143 6132.821117 6133.322090 6133.522480 6135.526376 6136.211852 1 C 
 28 221 4 23 3 3 HH 1 156 +69 78 -1 1 1 0.574206 0 0 6137.229688 6137.730661 6138.231634 6138.432024 6140.435919 6141.010125 1 C 
 28 222 4 24 2 3 LH 1 139 +82 97 +12 1 1 0.629894 0 0 6142.022337 6142.523310 6143.024284 6143.224674 6145.228569 6145.858463 1 C 
 28 223 4 25 1 3 NH 0 95 +40 95 -30 0 1 0.874936 0 0 6146.881784 6147.382759 6147.883731 6148.084120 6150.088016 6150.962952 1 C 
 28 224 4 26 1 3 NH 0 111 -68 111 +2 0 1 0.852629 0 0 6151.975019 6152.475990 6152.976968 6153.177352 6155.181248 6156.033878 1 C 
 28 225 4 27 1 2 NL 0 111 +31 111 +66 0 1 0.944277 0 0 6157.051553 6157.552526 6158.053501 6158.253889 6160.257785 6161.202062 1 C 
 28 226 4 28 1 3 NH 0 112 -20 112 +50 0 1 0.641128 0 0 6162.228283 6162.729256 6163.230229 6163.430619 6165.434512 6166.075640 1 C 
 28 227 4 29 1 2 NL 0 95 +41 95 +6 0 1 0.596580 0 0 6167.087730 6167.588703 6168.089676 6168.290067 6170.293961 6170.890541 1 C 
 28 228 4 30 3 2 HL 1 56 +76 84 +41 1 1 0.738010 0 0 6171.913778 6172.414750 6172.915726 6173.116114 6175.120009 6175.858019 1 C 
 28 229 4 31 3 3 HH 1 61 +8 91 -62 1 1 1.386809 0 0 6176.873421 6177.374392 6177.875367 6178.075755 6180.079649 6181.466458 1 C 
 28 230 4 32 1 2 NL 0 125 -87 125 -52 1 0 0.938577 0 0 6182.484327 6182.985298 6183.486274 6183.686666 6185.690557 6186.629134 1 E 
 28 231 4 33 1 1 NN 0 101 -64 101 -64 0 1 0.551827 0 0 6187.644356 6188.145333 6188.646303 6188.846692 6190.850587 6191.402414 1 C 
 28 232 4 34 2 3 LH 1 153 -80 107 -10 1 1 0.930446 0 0 6192.420308 6192.921278 6193.422254 6193.622643 6195.626542 6196.556988 1 C 
 28 233 4 35 3 3 HH 1 73 +56 36 -14 1 1 0.891507 0 0 6197.580338 6198.081310 6198.582284 6198.782671 6200.786569 6201.678076 1 C 
 28 234 4 36 1 3 NH 0 118 +71 118 +1 0 1 0.773965 0 0 6202.690271 6203.191247 6203.692217 6203.892607 6205.896503 6206.670468 1 C 
 28 235 4 37 1 2 NL 0 141 -68 141 -33 0 1 0.819185 0 0 6207.683310 6208.184283 6208.685257 6208.885646 6210.889542 6211.708727 1 C 
 28 236 4 38 2 2 LL 1 153 -15 198 +20 1 1 0.893606 0 0 6212.726447 6213.227420 6213.728393 6213.928783 6215.932679 6216.826285 1 C 
 28 237 4 39 2 1 LN 0 177 +38 123 +38 0 1 0.618952 0 0 6217.853078 6218.354055 6218.855026 6219.055416 6221.059311 6221.678263 1 C 
 28 238 4 40 2 1 LN 0 74 -76 96 -76 0 1 0.936146 0 0 6222.695827 6223.196799 6223.697773 6223.898162 6225.902058 6226.838204 1 C 
 28 239 4 41 1 2 NL 0 143 +58 143 +23 1 0 0.780225 0 0 6227.855858 6228.356834 6228.857803 6229.058194 6231.062088 6231.842313 1 E 
 28 240 4 42 1 2 NL 0 174 -3 174 -38 0 1 0.730218 0 0 6232.865596 6233.366569 6233.867542 6234.067932 6236.071827 6236.802045 1 C 
 28 241 4 43 2 2 LL 1 130 +60 169 +25 1 1 0.902722 0 0 6237.825237 6238.326209 6238.827183 6239.027573 6241.031469 6241.934191 1 C 
 28 242 4 44 3 3 HH 1 108 -48 54 +22 1 1 0.656854 0 0 6242.951869 6243.452844 6243.953816 6244.154206 6246.158101 6246.814955 1 C 
 28 243 4 45 1 3 NH 0 120 +43 120 -27 0 1 0.915304 0 0 6247.828014 6248.328991 6248.829961 6249.030351 6251.034246 6251.949550 1 C 
 28 244 4 46 3 2 HL 1 147 +11 220 +46 1 1 1.130866 0 0 6252.971347 6253.472318 6253.973293 6254.173682 6256.177579 6257.308444 1 C 
 28 245 4 47 1 3 NH 0 79 +42 79 -28 0 1 0.802461 0 0 6258.331767 6258.832739 6259.333713 6259.534103 6261.537998 6262.340459 1 C 
 28 246 4 48 1 1 NN 0 66 -31 66 -31 0 1 0.479707 0 0 6263.358203 6263.859180 6264.360151 6264.560540 6266.564435 6267.044142 1 C 
 28 247 4 49 3 3 HH 1 179 +56 89 -14 1 1 0.678169 0 0 6268.067358 6268.568333 6269.069305 6269.269695 6271.273591 6271.951760 1 C 
 28 248 4 50 1 2 NL 0 132 +11 132 -24 0 1 0.934175 0 0 6272.976903 6273.477875 6273.978849 6274.179238 6276.183133 6277.117308 1 C 
 28 249 4 51 3 1 HN 0 73 +68 109 +68 0 1 0.518630 0 0 6278.136932 6278.637910 6279.138879 6279.339269 6281.343166 6281.861796 1 C 
 28 250 4 52 2 3 LH 1 115 +86 149 +16 1 1 0.858217 0 0 6282.879485 6283.380458 6283.881435 6284.081821 6286.085716 6286.943933 1 C 
 28 251 4 53 2 2 LL 1 158 +26 205 +61 1 1 0.652229 0 0 6287.956020 6288.456993 6288.957967 6289.158356 6291.162252 6291.814481 1 C 
 28 252 4 54 3 1 HN 0 55 +35 82 +35 0 1 0.607789 0 0 6292.832166 6293.333139 6293.834113 6294.034505 6296.038397 6296.646186 1 C 
 28 253 4 55 3 3 HH 1 84 -48 126 +22 1 1 0.760737 0 0 6297.658214 6298.159189 6298.660160 6298.860550 6300.864445 6301.625182 1 C 
 28 254 4 56 1 1 NN 0 107 +80 107 +80 0 1 0.596548 0 0 6302.651262 6303.152224 6303.653200 6303.853589 6305.857484 6306.454032 1 C 
 28 255 4 57 2 3 LH 1 122 +49 158 -21 1 1 0.602030 0 0 6307.477301 6307.978276 6308.479249 6308.679638 6310.683530 6311.285560 1 C 
 28 256 4 58 3 1 HN 0 116 -9 58 -9 0 1 0.657840 0 0 6312.303349 6312.804324 6313.305302 6313.505686 6315.509581 6316.167422 1 C 
 28 257 4 59 2 1 LN 0 55 -24 71 -24 0 1 0.487828 0 0 6317.179495 6317.680470 6318.181441 6318.381831 6320.385726 6320.873555 1 C 
 28 258 4 60 3 2 HL 1 110 -8 55 +27 1 1 0.601418 0 0 6321.888648 6322.389622 6322.890596 6323.090985 6325.094881 6325.696299 1 C 
 28 259 5  1 2 3 LH 1 154 -55 107 +15 1 1 0.596561 0 0 6329.419958 6329.920928 6330.421902 6330.622292 6332.626195 6333.222756 1 C 
 28 260 5  2 2 3 LH 1 106 +73 74 +3 1 1 0.635455 0 0 6334.246004 6334.746978 6335.247954 6335.448341 6337.452235 6338.087690 1 C 
 28 261 5  3 2 2 LL 1 81 -53 105 -18 1 1 1.150286 0 0 6339.105450 6339.606422 6340.107399 6340.307787 6342.311684 6343.461970 1 C 
 28 262 5  4 3 1 HN 0 102 +71 153 +71 1 0 0.641158 0 0 6344.482570 6344.983542 6345.484516 6345.684905 6347.688801 6348.329959 1 E 
 28 263 5  5 2 1 LN 0 164 -23 114 -23 0 1 0.546465 0 0 6349.342016 6349.842990 6350.343960 6350.544352 6352.548248 6353.094713 1 C 
 28 264 5  6 3 3 HH 1 95 +40 47 -30 1 1 0.722220 0 0 6354.117966 6354.618943 6355.119915 6355.320303 6357.324199 6358.046419 1 C 
 28 265 5  7 2 3 LH 1 58 +38 75 -32 1 1 1.028535 0 0 6359.060913 6359.561881 6360.062855 6360.263245 6362.267140 6363.295675 1 C 
 28 266 5  8 2 1 LN 0 91 +32 118 +32 0 1 0.490829 0 0 6364.321134 6364.822111 6365.323080 6365.523474 6367.527365 6368.018195 1 C 
 28 267 5  9 2 1 LN 0 59 -9 76 -9 0 1 0.643559 0 0 6369.030288 6369.531261 6370.032235 6370.232628 6372.236519 6372.880079 1 C 
 28 268 5 10 2 2 LL 1 153 -72 107 -37 1 1 0.936105 0 0 6373.906434 6374.407407 6374.908384 6375.108769 6377.112664 6378.048769 1 C 
 28 269 5 11 2 2 LL 1 114 -53 148 -18 1 1 0.830389 0 0 6379.066465 6379.567437 6380.068410 6380.268800 6382.272695 6383.103084 1 C 
 28 270 5 12 3 1 HN 0 145 -3 72 -3 0 1 0.774639 0 0 6384.126300 6384.627276 6385.128251 6385.328636 6387.332542 6388.107181 1 C 
 28 271 5 13 2 1 LN 0 106 +88 74 +88 0 1 0.591139 0 0 6389.119339 6389.620312 6390.121286 6390.321676 6392.325571 6392.916711 1 C 
 28 272 5 14 3 1 HN 0 84 +9 126 +9 0 1 0.595256 0 0 6393.928689 6394.429661 6394.930635 6395.131024 6397.134921 6397.730177 1 C 
 28 273 5 15 1 1 NN 0 155 +22 155 +22 0 1 0.472974 0 0 6398.754737 6399.255709 6399.756683 6399.957073 6401.960968 6402.433942 1 C 
 28 274 5 16 3 3 HH 1 115 -14 57 -84 1 1 0.663303 0 0 6403.447192 6403.948167 6404.449138 6404.649527 6406.653427 6407.316730 1 C 
 28 275 5 17 1 1 NN 0 71 -79 71 -79 0 1 0.602036 0 0 6408.340035 6408.841009 6409.341983 6409.542372 6411.546268 6412.148304 1 C 
 28 276 5 18 2 1 LN 0 73 +5 94 +5 0 1 0.524229 0 0 6413.166084 6413.667057 6414.168031 6414.368421 6416.372315 6416.896544 1 C 
 28 277 5 19 2 2 LL 1 132 +39 92 +4 1 1 0.727418 0 0 6417.908637 6418.409609 6418.910585 6419.110972 6421.114869 6421.842287 1 C 
 28 278 5 20 2 2 LL 1 96 +22 67 +57 1 1 0.702423 0 0 6422.868279 6423.369252 6423.870223 6424.070614 6426.074509 6426.776933 1 C 
 28 279 5 21 2 3 LH 1 148 -84 192 -14 0 0 0.752506 0 0 6427.794519 6428.295493 6428.796469 6428.996857 6431.000755 6431.753262 1 E 
 28 280 5 22 3 3 HH 1 98 +43 147 -27 1 1 1.353356 0 0 6432.770862 6433.271833 6433.772808 6433.973209 6435.977093 6437.330449 1 C 
 28 281 5 23 1 1 NN 0 168 +82 168 +82 0 1 0.550547 0 0 6438.348371 6438.849342 6439.350321 6439.550706 6441.554601 6442.105148 1 C 
 28 282 5 24 1 3 NH 0 126 -32 126 +38 1 0 0.977432 0 0 6443.124321 6443.625293 6444.126271 6444.326657 6446.330552 6447.307984 1 E 
 28 283 5 25 2 1 LN 0 174 +66 121 +66 0 1 0.513053 0 0 6448.334453 6448.835425 6449.336395 6449.536784 6451.540677 6452.053730 1 C 
 28 284 5 26 3 1 HN 0 154 -84 77 -84 0 1 0.774727 0 0 6453.077002 6453.577974 6454.078948 6454.279337 6456.283233 6457.057960 1 C 
 28 285 5 27 1 3 NH 0 168 -31 168 +39 1 0 1.064135 0 0 6458.070041 6458.571018 6459.071987 6459.272377 6461.276272 6462.340407 1 E 
 28 286 5 28 2 1 LN 0 57 +77 74 +77 0 1 0.423968 0 0 6463.363665 6463.864637 6464.365611 6464.566000 6466.569893 6466.993862 1 C 
 28 287 5 29 3 1 HN 0 179 -20 268 -20 0 1 0.554968 0 0 6468.006022 6468.506998 6469.007969 6469.208358 6471.212254 6471.767222 1 C 
 28 288 5 30 3 1 HN 0 136 +39 68 +39 0 1 0.630000 0 0 6472.781971 6473.282948 6473.783923 6473.984308 6475.988209 6476.618209 1 C 
 28 289 5 31 1 3 NH 0 65 -82 65 -12 0 1 0.735306 0 0 6477.641419 6478.142392 6478.643365 6478.843755 6480.847650 6481.582956 1 C 
 28 290 5 32 1 2 NL 0 86 +72 86 +37 0 1 0.763565 0 0 6482.601060 6483.102036 6483.603010 6483.803397 6485.807291 6486.570857 1 C 
 28 291 5 33 1 2 NL 0 149 +87 149 +52 0 1 0.738210 0 0 6487.594100 6488.095075 6488.596046 6488.796435 6490.800331 6491.538541 1 C 
 28 292 5 34 3 2 HL 1 70 -32 105 -67 1 1 0.874872 0 0 6492.553739 6493.054715 6493.555689 6493.756077 6495.759971 6496.634842 1 C 
 28 293 5 35 3 3 HH 1 151 -5 226 +65 1 1 0.952853 0 0 6497.646973 6498.147946 6498.648926 6498.849311 6500.853206 6501.806058 1 C 
 28 294 5 36 2 1 LN 0 112 -61 145 -61 0 1 0.601929 0 0 6502.823705 6503.324677 6503.825655 6504.026040 6506.029936 6506.631865 1 C 
 28 295 5 37 3 2 HL 1 90 -40 135 -5 1 1 0.763489 0 0 6507.649754 6508.150725 6508.651703 6508.852088 6510.855982 6511.619471 1 C 
 28 296 5 38 1 3 NH 0 91 -2 91 -72 0 1 0.668994 0 0 6512.642792 6513.143764 6513.644738 6513.845128 6515.849024 6516.518018 1 C 
 28 297 5 39 2 2 LL 1 139 -16 97 +19 1 1 0.746688 0 0 6517.535636 6518.036611 6518.537583 6518.737973 6520.741873 6521.488561 1 C 
 28 298 5 40 2 2 LL 1 146 +26 102 +61 1 1 0.766193 0 0 6522.511976 6523.012950 6523.513923 6523.714313 6525.718209 6526.484402 1 C 
 28 299 5 41 3 3 HH 1 62 -35 93 +35 1 1 0.796865 0 0 6527.505016 6528.005988 6528.506963 6528.707351 6530.711257 6531.508122 1 C 
 28 300 5 42 2 1 LN 0 84 +36 109 +36 0 1 0.604557 0 0 6532.531453 6533.032427 6533.533401 6533.733790 6535.737685 6536.342242 1 C 
 28 301 5 43 1 3 NH 0 139 +59 139 -11 1 0 0.908287 0 0 6537.357504 6537.858474 6538.359449 6538.559838 6540.563734 6541.472021 1 E 
 28 302 5 44 2 3 LH 1 159 -67 111 +3 1 1 0.883670 0 0 6542.484139 6542.985111 6543.486081 6543.686470 6545.690366 6546.574036 1 C 
 28 303 5 45 3 1 HN 0 91 -17 45 -17 0 1 0.813549 0 0 6547.594068 6548.095042 6548.596013 6548.796404 6550.800297 6551.613846 1 C 
 28 304 5 46 1 2 NL 0 97 +86 97 +51 0 1 0.589656 0 0 6552.637204 6553.138177 6553.639151 6553.839540 6555.843436 6556.433092 1 C 
 28 305 5 47 3 2 HL 1 61 -62 91 -27 1 1 0.843732 0 0 6557.446553 6557.947529 6558.448501 6558.648887 6560.652786 6561.496518 1 C 
 28 306 5 48 1 3 NH 0 126 -3 126 -73 0 1 0.668845 0 0 6562.523088 6563.024064 6563.525039 6563.725424 6565.729320 6566.398164 1 C 
 28 307 5 49 2 3 LH 1 112 -38 78 +32 1 1 0.791250 0 0 6567.415932 6567.916906 6568.417879 6568.618269 6570.622165 6571.413415 1 C 
 28 308 5 50 1 2 NL 0 87 +69 87 +34 0 1 0.913824 0 0 6572.425672 6572.926644 6573.427621 6573.628007 6575.631903 6576.545727 1 C 
 28 309 5 51 3 2 HL 1 57 -67 85 -32 1 1 0.823723 0 0 6577.569002 6578.069976 6578.570949 6578.771343 6580.775236 6581.598960 1 C 
 28 310 5 52 3 3 HH 1 116 +59 174 -11 1 1 0.757353 0 0 6582.612139 6583.113116 6583.614086 6583.814476 6585.818371 6586.575724 1 C 
 28 311 5 53 2 2 LL 1 128 +1 166 +36 1 1 0.723270 0 0 6587.588480 6588.089452 6588.590428 6588.790816 6590.794710 6591.517980 1 C 
 28 312 5 54 1 1 NN 0 153 -43 153 -43 0 1 0.615638 0 0 6592.531423 6593.032396 6593.533372 6593.733758 6595.737654 6596.353292 1 C 
 28 313 5 55 1 1 NN 0 79 +16 79 +16 0 1 0.510939 0 0 6597.374169 6597.875143 6598.376115 6598.576505 6600.580401 6601.091340 1 C 
 28 314 5 56 3 1 HN 0 68 +89 102 +89 0 1 0.544511 0 0 6602.116721 6602.617694 6603.118668 6603.319058 6605.322953 6605.867464 1 C 
 28 315 5 57 3 3 HH 1 92 -72 138 -2 1 1 0.712173 0 0 6606.892672 6607.393648 6607.894620 6608.095013 6610.098904 6610.811077 1 C 
 28 316 5 58 3 3 HH 1 104 -31 156 +39 1 1 0.702315 0 0 6611.835614 6612.336587 6612.837561 6613.037950 6615.041847 6615.744162 1 C 
 28 317 5 59 1 2 NL 0 119 -5 119 -40 0 1 1.039611 0 0 6616.761857 6617.262830 6617.763803 6617.964193 6619.968088 6621.007699 1 C 
 28 318 5 60 1 1 NN 0 178 -19 178 -19 0 1 0.524218 0 0 6622.022081 6622.523055 6623.024033 6623.224418 6625.228314 6625.752532 1 C 
 28 319 6  1 1 2 NL 0 137 +38 137 +3 0 1 0.925008 0 0 6633.260601 6633.761569 6634.262545 6634.462940 6636.466827 6637.391835 1 C 
 28 320 6  2 2 2 LL 1 121 +56 157 +21 1 1 0.879897 0 0 6638.403926 6638.904899 6639.405874 6639.606263 6641.610159 6642.490055 1 C 
 28 321 6  3 2 1 LN 0 149 -37 104 -37 0 1 0.490676 0 0 6643.513861 6644.014836 6644.515807 6644.716195 6646.720092 6647.210769 1 C 
 28 322 6  4 1 1 NN 0 74 -23 74 -23 0 1 0.462443 0 0 6648.223015 6648.723991 6649.224961 6649.425351 6651.429246 6651.891689 1 C 
 28 323 6  5 3 1 HN 0 102 +47 153 +47 0 1 0.551907 0 0 6652.915473 6653.416443 6653.917416 6654.117805 6656.121701 6656.673608 1 C 
 28 324 6  6 3 3 HH 1 60 +58 90 -12 1 1 0.787584 0 0 6657.691420 6658.192395 6658.693366 6658.893757 6660.897652 6661.685236 1 C 
 28 325 6  7 1 1 NN 0 69 +16 69 +16 0 1 0.513069 0 0 6662.701159 6663.202132 6663.703106 6663.903495 6665.907391 6666.420460 1 C 
 28 326 6  8 2 2 LL 1 82 -65 57 -30 1 1 0.696719 0 0 6667.443712 6667.944686 6668.445658 6668.646048 6670.649943 6671.346662 1 C 
 28 327 6  9 2 2 LL 1 172 +68 120 +33 0 0 4.674402 0 0 6672.369953 6672.870932 6673.371901 6673.572291 6675.576185 6680.250588 1 E 
 28 328 6 10 1 3 NH 0 128 +45 128 -25 0 1 0.944588 0 0 6681.270590 6681.771565 6682.272536 6682.472926 6684.476822 6685.421410 1 C 
 28 329 6 11 1 3 NH 0 145 +51 145 -19 0 1 0.680134 0 0 6686.447320 6686.948296 6687.449266 6687.649656 6689.653550 6690.333684 1 C 
 28 330 6 12 3 2 HL 1 132 +6 66 +41 1 1 0.674300 0 0 6691.356864 6691.857838 6692.358813 6692.559200 6694.563095 6695.237395 1 C 
 28 331 6 13 3 1 HN 0 155 +75 232 +75 0 1 0.589310 0 0 6696.249709 6696.750681 6697.251658 6697.452044 6699.455939 6700.045249 1 C 
 28 332 6 14 3 1 HN 0 140 +57 70 +57 0 1 0.529691 0 0 6701.059056 6701.560030 6702.061003 6702.261392 6704.265288 6704.794979 1 C 
 28 333 6 15 1 2 NL 0 166 +40 166 +5 0 1 0.844231 0 0 6705.818306 6706.319283 6706.820255 6707.020645 6709.024541 6709.868772 1 C 
 28 334 6 16 3 1 HN 0 84 +38 126 +38 0 1 0.485319 0 0 6710.894842 6711.395816 6711.896789 6712.097180 6714.101075 6714.586394 1 C 
 28 335 6 17 1 1 NN 0 54 +25 54 +25 0 1 0.474158 0 0 6715.603997 6716.104974 6716.605944 6716.806335 6718.810229 6719.284386 1 C 
 28 336 6 18 3 3 HH 1 114 +36 171 -34 1 1 0.823450 0 0 6720.296453 6720.797426 6721.298400 6721.498789 6723.502684 6724.326134 1 C 
 28 337 6 19 3 2 HL 1 131 +24 65 +59 1 1 0.772513 0 0 6725.339590 6725.840565 6726.341536 6726.541925 6728.545820 6729.318334 1 C 
 28 338 6 20 1 1 NN 0 132 +13 132 +13 0 1 0.468542 0 0 6730.332629 6730.833604 6731.334580 6731.534965 6733.538858 6734.007400 1 C 
 28 339 6 21 3 2 HL 1 165 +43 82 +78 1 1 1.077236 0 0 6735.025083 6735.526059 6736.027031 6736.227420 6738.231316 6739.308552 1 C 
 28 340 6 22 2 1 LN 0 99 -70 128 -70 0 1 0.529856 0 0 6740.335407 6740.836379 6741.337353 6741.537742 6743.541648 6744.071504 1 C 
 28 341 6 23 2 2 LL 1 178 +38 231 +3 0 0 0.919392 0 0 6745.094657 6745.595631 6746.096608 6746.296995 6748.300889 6749.220281 1 E 
 28 342 6 24 1 1 NN 0 82 -3 82 -3 0 1 0.496393 0 0 6750.237988 6750.738964 6751.239938 6751.440326 6753.444222 6753.940615 1 C 
 28 343 6 25 2 2 LL 1 60 +67 78 +32 1 1 1.084757 0 0 6754.963842 6755.464816 6755.965790 6756.166179 6758.170075 6759.254832 1 C 
 28 344 6 26 2 2 LL 1 103 -67 133 -32 1 1 0.943594 0 0 6760.274167 6760.775144 6761.276112 6761.476502 6763.480397 6764.423991 1 C 
 28 345 6 27 2 2 LL 1 177 +90 123 +55 1 1 0.819193 0 0 6765.450895 6765.951868 6766.452842 6766.653232 6768.657127 6769.476321 1 C 
 28 346 6 28 3 3 HH 1 154 +34 77 -36 1 1 0.696811 0 0 6770.494033 6770.995006 6771.495979 6771.696368 6773.700266 6774.397077 1 C 
 28 347 6 29 3 1 HN 0 128 +74 64 +74 0 1 0.730121 0 0 6775.420273 6775.921248 6776.422224 6776.622612 6778.626505 6779.356626 1 C 
 28 348 6 30 1 1 NN 0 66 +19 66 +19 0 1 0.579889 0 0 6780.379917 6780.880889 6781.381866 6781.582252 6783.586148 6784.166037 1 C 
 28 349 6 31 1 1 NN 0 58 +87 58 +87 0 1 0.901875 0 0 6785.189265 6785.690238 6786.191212 6786.391602 6788.395497 6789.297372 1 C 
 28 350 6 32 2 1 LN 0 88 +14 114 +14 0 1 0.534539 0 0 6790.315898 6790.816870 6791.317843 6791.518234 6793.522129 6794.056668 1 C 
 28 351 6 33 2 3 LH 1 56 +69 72 -1 1 1 0.883793 0 0 6795.075149 6795.576121 6796.077096 6796.277485 6798.281381 6799.165173 1 C 
 28 352 6 34 2 1 LN 0 59 +17 41 +17 0 1 0.529713 0 0 6800.185081 6800.686055 6801.187029 6801.387419 6803.391314 6803.921026 1 C 
 28 353 6 35 3 3 HH 1 92 +23 138 -47 1 1 0.680063 0 0 6804.944334 6805.445307 6805.946281 6806.146671 6808.150566 6808.830629 1 C 
 28 354 6 36 1 3 NH 0 140 +63 140 -7 1 0 0.996572 0 0 6809.853879 6810.354851 6810.855824 6811.056215 6813.060109 6814.056681 1 E 
 28 355 6 37 3 1 HN 0 104 -16 156 -16 0 1 0.495755 0 0 6815.080705 6815.581678 6816.082652 6816.283041 6818.286937 6818.782691 1 C 
 28 356 6 38 1 1 NN 0 121 -76 121 -76 0 1 0.451640 0 0 6819.806559 6820.307529 6820.808506 6821.008895 6823.012790 6823.464431 1 C 
 28 357 6 39 2 3 LH 1 74 +7 51 +77 1 1 0.702332 0 0 6824.482315 6824.983291 6825.484261 6825.684650 6827.688546 6828.390878 1 C 
 28 358 6 40 3 2 HL 1 147 +12 73 +47 1 1 0.784637 0 0 6829.408558 6829.909532 6830.410504 6830.610893 6832.614789 6833.399426 1 C 
 28 359 6 41 3 3 HH 1 159 -9 79 +61 1 1 0.646648 0 0 6834.418296 6834.919268 6835.420245 6835.620632 6837.624527 6838.271175 1 C 
 28 360 6 42 3 3 HH 1 171 -28 85 +42 1 1 0.633456 0 0 6839.294441 6839.795414 6840.296390 6840.496777 6842.500673 6843.134129 1 C 
 28 361 6 43 1 2 NL 0 85 +6 85 -29 0 1 0.805929 0 0 6844.153888 6844.654860 6845.155836 6845.356224 6847.360118 6848.166047 1 C 
 28 362 6 44 3 1 HN 0 148 +13 74 +13 0 1 0.663349 0 0 6849.180324 6849.681298 6850.182272 6850.382661 6852.386557 6853.049906 1 C 
 28 363 6 45 3 3 HH 1 151 -51 75 +19 1 1 0.802534 0 0 6854.073170 6854.574140 6855.075120 6855.275505 6857.279401 6858.081935 1 C 
 28 364 6 46 3 2 HL 1 88 -46 132 -11 1 1 0.679841 0 0 6859.099607 6859.600580 6860.101558 6860.301943 6862.305838 6862.985679 1 C 
 28 365 6 47 3 3 HH 1 103 -72 51 -2 1 1 0.524182 0 0 6864.009152 6864.510124 6865.011100 6865.211488 6867.215383 6867.739565 1 C 
 28 366 6 48 3 2 HL 1 79 +71 39 +36 1 1 0.668721 0 0 6868.751703 6869.252680 6869.753650 6869.954040 6871.957935 6872.626656 1 C 
 28 367 6 49 2 3 LH 1 85 -65 59 +5 1 1 0.613190 0 0 6873.644547 6874.145521 6874.646495 6874.846885 6876.850780 6877.463970 1 C 
 28 368 6 50 2 2 LL 1 107 -90 139 -55 1 1 0.819102 0 0 6878.487294 6878.988268 6879.489241 6879.689632 6881.693526 6882.512627 1 C 
 28 369 6 51 3 3 HH 1 83 -51 124 +19 1 1 0.594900 0 0 6883.530431 6884.031408 6884.532382 6884.732768 6886.736664 6887.331564 1 C 
 28 370 6 52 2 2 LL 1 84 -19 109 -54 1 1 0.863786 0 0 6888.356481 6888.857453 6889.358426 6889.558817 6891.562711 6892.426497 1 C 
 28 371 6 53 3 2 HL 1 64 +64 96 +29 1 1 0.810774 0 0 6893.449713 6893.950687 6894.451661 6894.652050 6896.655946 6897.466720 1 C 
 28 372 6 54 1 1 NN 0 160 +16 160 +16 0 1 0.446277 0 0 6898.492851 6898.993823 6899.494798 6899.695187 6901.699083 6902.145360 1 C 
 28 373 6 55 3 2 HL 1 55 +27 27 +62 1 1 0.596554 0 0 6903.168606 6903.669581 6904.170553 6904.370942 6906.374838 6906.971393 1 C 
 28 374 6 56 3 1 HN 0 109 -88 54 -88 0 1 0.474140 0 0 6907.994655 6908.495627 6908.996602 6909.196991 6911.200886 6911.675026 1 C 
 28 375 6 57 2 1 LN 0 71 -18 92 -18 0 1 0.852455 0 0 6912.687111 6913.188086 6913.689057 6913.889446 6915.893342 6916.745797 1 C 
 28 376 6 58 1 2 NL 0 173 -57 173 -22 0 1 0.706953 0 0 6917.763649 6918.264618 6918.765592 6918.965982 6920.969877 6921.676830 1 C 
 28 377 6 59 1 2 NL 0 99 -57 99 -22 0 1 0.963657 0 0 6922.689888 6923.190864 6923.691834 6923.892224 6925.896120 6926.859777 1 C 
 28 378 6 60 2 2 LL 1 139 +38 97 +73 1 1 0.711848 0 0 6927.883317 6928.384293 6928.885266 6929.085653 6931.089549 6931.801397 1 C 
