 43   1 0 43 3 1 HN 0 74 -43 111 -43 1 0 7.808693 0 0 5513.994398 5514.496126 5514.997854 5515.198549 5517.205472 5525.014166 1 E 
 43   2 0 44 1 3 NH 0 106 +85 106 +15 1 0 3.891526 0 0 5526.035935 5526.537668 5527.039401 5527.240092 5529.247016 5533.138542 1 E 
 43   3 0 45 1 1 NN 0 107 -55 107 -55 0 1 2.700086 0 0 5534.147255 5534.648987 5535.150718 5535.351410 5537.358331 5540.058417 1 C 
 43   4 0 46 2 2 LL 1 117 -58 81 -23 1 1 1.603985 0 0 5541.071144 5541.572876 5542.074604 5542.275297 5544.282219 5545.886204 1 C 
 43   5 0 47 1 3 NH 0 169 -70 169 +0 0 1 1.507383 0 0 5546.907947 5547.409675 5547.911409 5548.112101 5550.119025 5551.626408 1 C 
 43   6 0 48 1 2 NL 0 146 +90 146 +55 0 1 3.390849 0 0 5552.644405 5553.146135 5553.647867 5553.848565 5555.855483 5559.246332 1 C 
 43   7 0 49 2 3 LH 1 109 -49 141 +21 1 1 1.494715 0 0 5560.270715 5560.772447 5561.274179 5561.474868 5563.481797 5564.976512 1 C 
 43   8 0 50 2 2 LL 1 111 -12 77 +23 1 1 1.351317 0 0 5565.990450 5566.492184 5566.993910 5567.194603 5569.201530 5570.552846 1 C 
 43   9 0 51 2 2 LL 1 125 -26 87 +9 1 1 0.982134 0 0 5571.576387 5572.078119 5572.579849 5572.780542 5574.787465 5575.769599 1 C 
 43  10 0 52 3 2 HL 1 70 +38 105 +73 1 1 2.877815 0 0 5576.794391 5577.296119 5577.797849 5577.998544 5580.005468 5582.883283 1 C 
 43  11 0 53 2 1 LN 0 123 -11 159 -11 1 0 1.024748 0 0 5583.902245 5584.403978 5584.905706 5585.106400 5587.113323 5588.138072 1 E 
 43  12 0 54 3 3 HH 1 59 +76 88 +6 1 1 0.259862 0 0 5589.153695 5589.655427 5590.157157 5590.357850 5592.364777 5592.624639 1 C 
 43  13 0 55 2 3 LH 1 127 -52 88 +18 1 1 1.097175 0 0 5593.635825 5594.137558 5594.639288 5594.839980 5596.846904 5597.944079 1 C 
 43  14 0 56 2 1 LN 0 112 +19 145 +19 1 0 0.822351 0 0 5598.954174 5599.455907 5599.957639 5600.158328 5602.165254 5602.987605 1 E 
 43  15 0 57 3 2 HL 1 152 +21 76 -14 1 1 0.777511 0 0 5604.004932 5604.506666 5605.008397 5605.209086 5607.216013 5607.993525 1 C 
 43  16 0 58 2 3 LH 1 146 +36 102 -34 1 1 0.871899 0 0 5609.005519 5609.507249 5610.008980 5610.209673 5612.216602 5613.088501 1 C 
 43  17 0 59 3 1 HN 0 69 -63 103 -63 0 1 1.428003 0 0 5614.106449 5614.608181 5615.109914 5615.310606 5617.317527 5618.745530 1 C 
 43  18 0 60 1 2 NL 0 175 +1 175 -34 1 0 1.009389 0 0 5619.759288 5620.261022 5620.762748 5620.963439 5622.970366 5623.979755 1 E 
 43  19 1  1 3 2 HL 1 74 -79 111 -44 0 0 1.669538 0 0 5628.522854 5629.024586 5629.526315 5629.727007 5631.733932 5633.403469 1 E 
 43  20 1  2 2 1 LN 0 164 -66 213 -66 1 0 1.229084 0 0 5634.426555 5634.928291 5635.430018 5635.630707 5637.637632 5638.866716 1 E 
 43  21 1  3 1 1 NN 0 67 +6 67 +6 0 1 1.879184 0 0 5639.878698 5640.380430 5640.882160 5641.082852 5643.089779 5644.968962 1 C 
 43  22 1  4 1 1 NN 0 90 -9 90 -9 0 1 1.234454 0 0 5645.983091 5646.484819 5646.986555 5647.187245 5649.194169 5650.428623 1 C 
 43  23 1  5 2 1 LN 0 170 -83 118 -83 1 0 2.204066 0 0 5651.451959 5651.953693 5652.455423 5652.656113 5654.663037 5656.867103 1 E 
 43  24 1  6 3 1 HN 0 150 +5 75 +5 1 0 2.110194 0 0 5657.890838 5658.392570 5658.894304 5659.094994 5661.101918 5663.212112 1 E 
 43  25 1  7 2 1 LN 0 119 -53 154 -53 0 1 1.052220 0 0 5664.229375 5664.731108 5665.232842 5665.433529 5667.440455 5668.492675 1 C 
 43  26 1  8 1 3 NH 0 89 +33 89 -37 0 1 0.353215 0 0 5669.514275 5670.016007 5670.517737 5670.718428 5672.725353 5673.078567 1 C 
 43  27 1  9 2 3 LH 1 129 -77 90 -7 0 0 0.777776 0 0 5674.096752 5674.598481 5675.100215 5675.300905 5677.307826 5678.085602 1 E 
 43  28 1 10 2 3 LH 1 57 -80 74 -10 0 0 1.328729 0 0 5679.097336 5679.599067 5680.100800 5680.301490 5682.308414 5683.637143 1 E 
 43  29 1 11 3 2 HL 1 122 +44 61 +9 1 1 0.601154 0 0 5684.649825 5685.151561 5685.653287 5685.853978 5687.860903 5688.462058 1 C 
 43  30 1 12 3 3 HH 1 157 -12 78 +58 1 1 0.534792 0 0 5689.483168 5689.984900 5690.486630 5690.687321 5692.694245 5693.229037 1 C 
 43  31 1 13 2 2 LL 1 97 +39 126 +4 1 1 1.152100 0 0 5694.249614 5694.751342 5695.253074 5695.453766 5697.460690 5698.612790 1 C 
 43  32 1 14 3 3 HH 1 123 -89 184 -19 1 1 2.237088 0 0 5699.634858 5700.136590 5700.638329 5700.839010 5702.845935 5705.083023 1 C 
 43  33 1 15 3 2 HL 1 179 -16 89 +19 0 0 2.569071 0 0 5706.107188 5706.608920 5707.110649 5707.311341 5709.318263 5711.887334 1 E 
 43  34 1 16 2 3 LH 1 147 +87 191 +17 1 1 1.256886 0 0 5712.897280 5713.399015 5713.900738 5714.101434 5716.108361 5717.365247 1 C 
 43  35 1 17 3 1 HN 0 148 -49 74 -49 1 0 1.790390 0 0 5718.382872 5718.884607 5719.386336 5719.587023 5721.593949 5723.384339 1 E 
 43  36 1 18 2 3 LH 1 156 +80 109 +10 1 1 2.318809 0 0 5724.403643 5724.905378 5725.407106 5725.607798 5727.614723 5729.933532 1 C 
 43  37 1 19 2 3 LH 1 147 -10 102 +60 0 0 1.002372 0 0 5730.942871 5731.444608 5731.946335 5732.147025 5734.153946 5735.156319 1 E 
 43  38 1 20 3 2 HL 1 97 -82 145 -47 1 1 0.639834 0 0 5736.177597 5736.679330 5737.181056 5737.381751 5739.388676 5740.028511 1 C 
 43  39 1 21 2 1 LN 0 178 -81 124 -81 0 1 1.096411 0 0 5741.044388 5741.546118 5742.047852 5742.248539 5744.255468 5745.351879 1 C 
 43  40 1 22 3 2 HL 1 139 -36 69 -71 1 1 0.782716 0 0 5746.362736 5746.864469 5747.366198 5747.566888 5749.573816 5750.356532 1 C 
 43  41 1 23 1 3 NH 0 149 +32 149 -38 0 1 0.926473 0 0 5751.380047 5751.881774 5752.383510 5752.584200 5754.591124 5755.517597 1 C 
 43  42 1 24 1 2 NL 0 66 -7 66 +28 1 0 0.331200 0 0 5756.531151 5757.032880 5757.534615 5757.735305 5759.742228 5760.073428 1 E 
 43  43 1 25 1 1 NN 0 93 -65 93 -65 0 1 0.364149 0 0 5761.096904 5761.598634 5762.100367 5762.301057 5764.307977 5764.672127 1 C 
 43  44 1 26 1 3 NH 0 144 -19 144 -89 1 0 1.124750 0 0 5765.696104 5766.197834 5766.699565 5766.900257 5768.907182 5770.031932 1 E 
 43  45 1 27 1 2 NL 0 82 -62 82 -27 0 1 0.980626 0 0 5771.047900 5771.549633 5772.051363 5772.252054 5774.258978 5775.239604 1 C 
 43  46 1 28 2 2 LL 1 54 -35 70 -70 0 0 1.234085 0 0 5776.249177 5776.750909 5777.252647 5777.453332 5779.460257 5780.694341 1 E 
 43  47 1 29 3 1 HN 0 142 -13 71 -13 1 0 0.992240 0 0 5781.718046 5782.219779 5782.721508 5782.922203 5784.929127 5785.921367 1 E 
 43  48 1 30 3 3 HH 1 113 -17 56 -87 0 0 3.591245 0 0 5786.936048 5787.437778 5787.939512 5788.140202 5790.147122 5793.738367 1 E 
 43  49 1 31 3 1 HN 0 151 +82 226 +82 0 1 2.864467 0 0 5794.763051 5795.264782 5795.766515 5795.967206 5797.974128 5800.838596 1 C 
 43  50 1 32 1 2 NL 0 62 +36 62 +71 0 1 0.716667 0 0 5801.854182 5802.355913 5802.857641 5803.058335 5805.065260 5805.781927 1 C 
 43  51 1 33 2 2 LL 1 144 +42 100 +7 0 0 1.714053 0 0 5806.804595 5807.306323 5807.808056 5808.008747 5810.015670 5811.729723 1 E 
 43  52 1 34 2 2 LL 1 62 +16 80 +51 1 1 1.514959 0 0 5812.741744 5813.243476 5813.745207 5813.945897 5815.952825 5817.467784 1 C 
 43  53 1 35 2 3 LH 1 148 +45 192 -25 0 0 2.032466 0 0 5818.478203 5818.979935 5819.481669 5819.682360 5821.689278 5823.721745 1 E 
 43  54 1 36 2 3 LH 1 131 -21 91 +49 0 0 1.907074 0 0 5824.733115 5825.234848 5825.736580 5825.937267 5827.944191 5829.851265 1 E 
 43  55 1 37 1 2 NL 0 178 +3 178 +38 1 0 1.521505 0 0 5830.870957 5831.372686 5831.874426 5832.075113 5834.082036 5835.603541 1 E 
 43  56 1 38 3 1 HN 0 109 -12 54 -12 1 0 0.904628 0 0 5836.624140 5837.125869 5837.627601 5837.828293 5839.835218 5840.739847 1 E 
 43  57 1 39 2 2 LL 1 77 -13 53 -48 1 1 0.755195 0 0 5841.758520 5842.260250 5842.761981 5842.962674 5844.969598 5845.724793 1 C 
 43  58 1 40 3 1 HN 0 95 -50 47 -50 1 0 0.678180 0 0 5846.742381 5847.244109 5847.745843 5847.946534 5849.953461 5850.631641 1 E 
 43  59 1 41 1 2 NL 0 58 -89 58 -54 0 1 0.634066 0 0 5851.642621 5852.144354 5852.646079 5852.846774 5854.853700 5855.487767 1 C 
 43  60 1 42 1 1 NN 0 93 -41 93 -41 0 1 0.370091 0 0 5856.509410 5857.011142 5857.512873 5857.713565 5859.720489 5860.090580 1 C 
 43  61 1 43 2 2 LL 1 116 -83 150 -48 0 0 0.716725 0 0 5861.108612 5861.610343 5862.112076 5862.312765 5864.319690 5865.036415 1 E 
 43  62 1 44 1 2 NL 0 71 -33 71 -68 1 0 0.932121 0 0 5866.059026 5866.560755 5867.062486 5867.263178 5869.270100 5870.202221 1 E 
 43  63 1 45 3 3 HH 1 75 +1 112 +71 0 0 0.270268 0 0 5871.226852 5871.728581 5872.230317 5872.431004 5874.437933 5874.708201 1 E 
 43  64 1 46 2 1 LN 0 120 +85 84 +85 1 0 1.426451 0 0 5875.725707 5876.227440 5876.729175 5876.929861 5878.936789 5880.363239 1 E 
 43  65 1 47 3 2 HL 1 165 +39 247 +4 0 0 0.243184 0 0 5881.378542 5881.880281 5882.382003 5882.582697 5884.589624 5884.832808 1 E 
 43  66 1 48 2 2 LL 1 164 -79 213 -44 0 0 0.270811 0 0 5885.843948 5886.345679 5886.847415 5887.048103 5889.055026 5889.325837 1 E 
 43  67 1 49 1 3 NH 0 54 +73 54 +3 0 1 0.578296 0 0 5890.342803 5890.844534 5891.346265 5891.546957 5893.553881 5894.132177 1 C 
 43  68 1 50 1 3 NH 0 66 +66 66 -4 0 1 0.985941 0 0 5895.142696 5895.644428 5896.146158 5896.346847 5898.353776 5899.339717 1 C 
 43  69 1 51 1 2 NL 0 84 -12 84 +23 0 1 0.469409 0 0 5900.360698 5900.862431 5901.364157 5901.564857 5903.571776 5904.041185 1 C 
 43  70 1 52 3 2 HL 1 145 -79 217 -44 0 0 0.893273 0 0 5905.060246 5905.561978 5906.063712 5906.264398 5908.271321 5909.164594 1 E 
 43  71 1 53 2 1 LN 0 142 -66 99 -66 0 1 0.556815 0 0 5910.177901 5910.679634 5911.181359 5911.382055 5913.388976 5913.945791 1 C 
 43  72 1 54 2 3 LH 1 146 +12 189 -58 1 1 1.146579 0 0 5914.961071 5915.462801 5915.964532 5916.165224 5918.172148 5919.318727 1 C 
 43  73 1 55 3 2 HL 1 121 +0 181 -35 0 0 0.369783 0 0 5920.329590 5920.831322 5921.333053 5921.533745 5923.540670 5923.910452 1 E 
 43  74 1 56 1 1 NN 0 119 +52 119 +52 0 1 1.663928 0 0 5924.928789 5925.430519 5925.932251 5926.132945 5928.139869 5929.803797 1 C 
 43  75 1 57 3 3 HH 1 163 -59 81 +11 0 0 0.436202 0 0 5930.815769 5931.317499 5931.819231 5932.019923 5934.026850 5934.463051 1 E 
 43  76 1 58 3 2 HL 1 140 +79 70 +44 1 1 0.617185 0 0 5935.481869 5935.983597 5936.485329 5936.686021 5938.692944 5939.310129 1 C 
 43  77 1 59 3 1 HN 0 120 -13 180 -13 1 0 0.871019 0 0 5940.331933 5940.833664 5941.335398 5941.536086 5943.543011 5944.414030 1 E 
 43  78 1 60 1 1 NN 0 54 -6 54 -6 0 1 2.082756 0 0 5945.432865 5945.934599 5946.436327 5946.637017 5948.643943 5950.726699 1 C 
 43  79 2  1 1 3 NH 0 81 +90 81 +20 0 1 0.864339 0 0 5960.468071 5960.969803 5961.471531 5961.672224 5963.679143 5964.543482 1 C 
 43  80 2  2 2 3 LH 1 67 -51 87 +19 0 0 0.545637 0 0 5965.552276 5966.054018 5966.555739 5966.756430 5968.763355 5969.308992 1 E 
 43  81 2  3 2 2 LL 1 119 -7 154 -42 1 1 0.502349 0 0 5970.318720 5970.820457 5971.322183 5971.522873 5973.529802 5974.032151 1 C 
 43  82 2  4 2 1 LN 0 161 -52 209 -52 1 0 0.992448 0 0 5975.051716 5975.553446 5976.055180 5976.255871 5978.262798 5979.255246 1 E 
 43  83 2  5 3 1 HN 0 107 -47 53 -47 1 0 0.859642 0 0 5980.269719 5980.771452 5981.273181 5981.473873 5983.480796 5984.340439 1 E 
 43  84 2  6 1 2 NL 0 74 +16 74 +51 0 1 1.146747 0 0 5985.353926 5985.855654 5986.357390 5986.558081 5988.565007 5989.711754 1 C 
 43  85 2  7 3 3 HH 1 106 -32 159 +38 1 1 0.622844 0 0 5990.722448 5991.224182 5991.725906 5991.926602 5993.933529 5994.556373 1 C 
 43  86 2  8 1 3 NH 0 130 +14 130 -56 0 1 1.647504 0 0 5995.572514 5996.074251 5996.575979 5996.776668 5998.783592 6000.431096 1 C 
 43  87 2  9 2 2 LL 1 156 +52 109 +87 0 0 0.826976 0 0 6001.442766 6001.944498 6002.446229 6002.646921 6004.653845 6005.480821 1 E 
 43  88 2 10 2 3 LH 1 54 -45 70 +25 0 0 1.173268 0 0 6006.493525 6006.995258 6007.496989 6007.697682 6009.704603 6010.877871 1 E 
 43  89 2 11 2 1 LN 0 174 -86 226 -86 1 0 1.570614 0 0 6011.895495 6012.397226 6012.898958 6013.099650 6015.106574 6016.677188 1 E 
 43  90 2 12 1 2 NL 0 179 -30 179 -65 0 1 2.440938 0 0 6017.698851 6018.200581 6018.702315 6018.903004 6020.909928 6023.350866 1 C 
 43  91 2 13 2 3 LH 1 122 +13 158 +83 0 0 2.665725 0 0 6024.371872 6024.873603 6025.375336 6025.576027 6027.582949 6030.248675 1 E 
 43  92 2 14 2 1 LN 0 65 +49 84 +49 0 1 1.476937 0 0 6031.262311 6031.764042 6032.265776 6032.466465 6034.473392 6035.950329 1 C 
 43  93 2 15 3 1 HN 0 145 -90 217 -90 1 0 1.327869 0 0 6036.965320 6037.467048 6037.968782 6038.169473 6040.176398 6041.504267 1 E 
 43  94 2 16 1 1 NN 0 69 -63 69 -63 0 1 1.080278 0 0 6042.517810 6043.019542 6043.521273 6043.721963 6045.728890 6046.809167 1 C 
 43  95 2 17 1 3 NH 0 144 +23 144 -47 0 1 0.601072 0 0 6047.819433 6048.321164 6048.822895 6049.023587 6051.030511 6051.631584 1 C 
 43  96 2 18 1 1 NN 0 93 +3 93 +3 1 0 0.937908 0 0 6052.652774 6053.154508 6053.656236 6053.856929 6055.863853 6056.801761 1 E 
 43  97 2 19 1 1 NN 0 99 +15 99 +15 0 1 0.722277 0 0 6057.820604 6058.322335 6058.824066 6059.024758 6061.031685 6061.753962 1 C 
 43  98 2 20 2 2 LL 1 123 -17 86 -52 1 1 0.485550 0 0 6062.771016 6063.272755 6063.774479 6063.975170 6065.982092 6066.467642 1 C 
 43  99 2 21 1 3 NH 0 137 +40 137 -30 0 1 0.264962 0 0 6067.487287 6067.989019 6068.490750 6068.691441 6070.698368 6070.963331 1 C 
 43 100 2 22 2 1 LN 0 132 +1 92 +1 0 1 0.297858 0 0 6071.986143 6072.487874 6072.989606 6073.190296 6075.197220 6075.495078 1 C 
 43 101 2 23 2 3 LH 1 80 -59 56 +11 0 0 0.297807 0 0 6076.518445 6077.020178 6077.521910 6077.722606 6079.729524 6080.027331 1 E 
 43 102 2 24 1 1 NN 0 109 +62 109 +62 0 1 0.380922 0 0 6081.050748 6081.552479 6082.054213 6082.254903 6084.261830 6084.642752 1 C 
 43 103 2 25 2 1 LN 0 163 -67 114 -67 1 0 0.771628 0 0 6085.666674 6086.168409 6086.670138 6086.870828 6088.877752 6089.649380 1 E 
 43 104 2 26 3 3 HH 1 65 -76 97 -6 1 1 0.694426 0 0 6090.667257 6091.168992 6091.670721 6091.871412 6093.878340 6094.572766 1 C 
 43 105 2 27 2 3 LH 1 65 +64 45 -6 1 1 1.151821 0 0 6095.584222 6096.085954 6096.587687 6096.788377 6098.795300 6099.947122 1 C 
 43 106 2 28 2 2 LL 1 81 +18 105 -17 1 1 0.942315 0 0 6100.969469 6101.471199 6101.972930 6102.173623 6104.180549 6105.122864 1 C 
 43 107 2 29 3 1 HN 0 143 +82 71 +82 1 0 2.247367 0 0 6106.137298 6106.639031 6107.140763 6107.341452 6109.348378 6111.595745 1 E 
 43 108 2 30 1 3 NH 0 116 -81 116 -11 0 1 0.590733 0 0 6112.609627 6113.111363 6113.613092 6113.813778 6115.820711 6116.411444 1 C 
 43 109 2 31 3 3 HH 1 172 +73 86 +3 1 1 1.437840 0 0 6117.426244 6117.927978 6118.429709 6118.630399 6120.637323 6122.075163 1 C 
 43 110 2 32 1 1 NN 0 171 +24 171 +24 0 1 0.490718 0 0 6123.095804 6123.597535 6124.099267 6124.299958 6126.306880 6126.797599 1 C 
 43 111 2 33 3 3 HH 1 128 +8 64 -62 1 1 0.595779 0 0 6127.812076 6128.313814 6128.815540 6129.016230 6131.023157 6131.618936 1 C 
 43 112 2 34 3 1 HN 0 85 -90 127 -90 1 0 0.661885 0 0 6132.628693 6133.130425 6133.632158 6133.832847 6135.839771 6136.501656 1 E 
 43 113 2 35 1 2 NL 0 74 +11 74 -24 0 1 1.377350 0 0 6137.512207 6138.013939 6138.515670 6138.716361 6140.723285 6142.100635 1 C 
 43 114 2 36 1 3 NH 0 142 +14 142 +84 0 1 0.909512 0 0 6143.114876 6143.616607 6144.118335 6144.319024 6146.325953 6147.235465 1 C 
 43 115 2 37 1 2 NL 0 176 +86 176 +51 0 1 0.794400 0 0 6148.249249 6148.750982 6149.252715 6149.453406 6151.460329 6152.254729 1 C 
 43 116 2 38 1 2 NL 0 107 +46 107 +81 0 1 0.854154 0 0 6153.266561 6153.768294 6154.270034 6154.470715 6156.477642 6157.331796 1 C 
 43 117 2 39 3 2 HL 1 172 +18 86 +53 0 0 4.210067 0 0 6158.350768 6158.852501 6159.354231 6159.554922 6161.561845 6165.771912 1 E 
 43 118 2 40 3 2 HL 1 142 +67 71 +32 0 0 1.933099 0 0 6166.796574 6167.298303 6167.800034 6168.000728 6170.007651 6171.940750 1 E 
 43 119 2 41 3 3 HH 1 153 +61 229 -9 1 1 3.723795 0 0 6172.951140 6173.452873 6173.954599 6174.155294 6176.162220 6179.886015 1 C 
 43 120 2 42 2 1 LN 0 88 -12 61 -12 1 0 3.443672 0 0 6180.895213 6181.396944 6181.898678 6182.099368 6184.106294 6187.549966 1 E 
 43 121 2 43 1 3 NH 0 72 +12 72 +82 0 1 1.189691 0 0 6188.571698 6189.073430 6189.575162 6189.775851 6191.782778 6192.972469 1 C 
 43 122 2 44 3 2 HL 1 61 -10 91 +25 0 0 1.140120 0 0 6193.990392 6194.492125 6194.993854 6195.194549 6197.201471 6198.341590 1 E 
 43 123 2 45 1 3 NH 0 116 +36 116 -34 1 0 1.405328 0 0 6199.358912 6199.860646 6200.362378 6200.563068 6202.569993 6203.975321 1 E 
 43 124 2 46 2 2 LL 1 99 -82 128 -47 0 0 1.190290 0 0 6204.995025 6205.496756 6205.998487 6206.199179 6208.206103 6209.396393 1 E 
 43 125 2 47 1 3 NH 0 128 -45 128 +25 0 1 1.901306 0 0 6210.413719 6210.915451 6211.417182 6211.617874 6213.624800 6215.526106 1 C 
 43 126 2 48 3 3 HH 1 173 +1 259 -69 1 1 0.926069 0 0 6216.534838 6217.036569 6217.538299 6217.738992 6219.745914 6220.671983 1 C 
 43 127 2 49 2 2 LL 1 111 -6 77 -41 1 1 1.525466 0 0 6221.685942 6222.187673 6222.689404 6222.890097 6224.897019 6226.422485 1 C 
 43 128 2 50 3 1 HN 0 146 +34 73 +34 0 1 6.642946 0 0 6227.439125 6227.940857 6228.442592 6228.643279 6230.650207 6237.293153 1 C 
 43 129 2 51 3 3 HH 1 142 +37 71 -33 1 1 1.062859 0 0 6238.309962 6238.811695 6239.313434 6239.514116 6241.521043 6242.583902 1 C 
 43 130 2 52 1 3 NH 0 65 -90 65 -20 0 1 0.000779 1 1 6243.594862 6244.096591 6244.598326 6244.799014 6246.805939 6246.806718 1 N 
 43 131 2 53 3 1 HN 0 180 +27 90 +27 1 0 3.784607 0 1 6250.418406 6250.920145 6251.421864 6251.622557 6253.629482 6257.414088 1 E 
 43 132 2 54 3 2 HL 1 117 -59 58 -24 1 1 0.936091 0 1 6258.429375 6258.931105 6259.432837 6259.633529 6261.640452 6262.576543 1 C 
 43 133 2 55 1 3 NH 0 106 -72 106 -2 0 1 0.617887 0 1 6263.597204 6264.098934 6264.600667 6264.801358 6266.808282 6267.426169 1 C 
 43 134 2 56 1 2 NL 0 158 -28 158 +7 1 0 0.733278 0 1 6268.447269 6268.949001 6269.450728 6269.651423 6271.658347 6272.391626 1 E 
 43 135 2 57 1 1 NN 0 144 -57 144 -57 0 1 0.749661 0 1 6273.414406 6273.916137 6274.417868 6274.618560 6276.625485 6277.375145 1 C 
 43 136 2 58 1 3 NH 0 78 -40 78 +30 0 1 0.557204 0 1 6278.398268 6278.899998 6279.401731 6279.602422 6281.609345 6282.166549 1 C 
 43 137 2 59 2 2 LL 1 126 +10 163 -25 1 1 0.567904 0 1 6283.181436 6283.683167 6284.184902 6284.385588 6286.392514 6286.960418 1 C 
 43 138 2 60 3 3 HH 1 163 -32 244 +38 1 1 0.694191 0 1 6287.981330 6288.483060 6288.984793 6289.185481 6291.192407 6291.886598 1 C 
 43 139 3  1 3 3 HH 1 106 +65 159 -5 0 0 3.079891 0 1 6341.900687 6342.402414 6342.904149 6343.104839 6345.111763 6348.191654 1 E 
 43 140 3  2 1 1 NN 0 160 -61 160 -61 0 1 0.805021 0 1 6349.209233 6349.710961 6350.212695 6350.413386 6352.420308 6353.225329 1 C 
 43 141 3  3 2 3 LH 1 54 +53 37 -17 1 1 0.958385 0 1 6354.243267 6354.744997 6355.246725 6355.447421 6357.454343 6358.412728 1 C 
 43 142 3  4 2 3 LH 1 56 +77 39 +7 1 1 0.534597 0 1 6359.427820 6359.929554 6360.431280 6360.631972 6362.638899 6363.173496 1 C 
 43 143 3  5 1 2 NL 0 179 -88 179 -53 0 1 0.743888 0 1 6364.194266 6364.695998 6365.197732 6365.398419 6367.405340 6368.149227 1 C 
 43 144 3  6 3 3 HH 1 121 +64 60 -6 1 1 1.900137 0 1 6369.161402 6369.663135 6370.164871 6370.365555 6372.372480 6374.272617 1 C 
 43 145 3  7 2 1 LN 0 96 -80 67 -80 1 0 0.700311 0 1 6375.282519 6375.784249 6376.285979 6376.486674 6378.493598 6379.193910 1 E 
 43 146 3  8 3 2 HL 1 132 -73 66 -38 1 1 0.750294 0 1 6380.216207 6380.717940 6381.219672 6381.420362 6383.427285 6384.177579 1 C 
 43 147 3  9 2 1 LN 0 144 -51 187 -51 0 1 0.424719 0 1 6385.200068 6385.701802 6386.203532 6386.404222 6388.411146 6388.835865 1 C 
 43 148 3 10 3 3 HH 1 170 +33 85 -37 1 1 0.413228 0 1 6389.849443 6390.351179 6390.852904 6391.053594 6393.060518 6393.473746 1 C 
 43 149 3 11 2 1 LN 0 118 -80 82 -80 0 1 0.518324 0 1 6394.498816 6395.000547 6395.502281 6395.702972 6397.709895 6398.228219 1 C 
 43 150 3 12 2 3 LH 1 159 +62 111 -8 1 1 0.457491 0 1 6399.248537 6399.750267 6400.251998 6400.452690 6402.459617 6402.917108 1 C 
 43 151 3 13 1 3 NH 0 96 -56 96 +14 0 1 0.391660 0 1 6403.931360 6404.433090 6404.934820 6405.135511 6407.142447 6407.534107 1 C 
 43 152 3 14 2 2 LL 1 163 -58 211 -23 1 1 0.276217 0 1 6408.547286 6409.049017 6409.550746 6409.751436 6411.758361 6412.034578 1 C 
 43 153 3 15 1 2 NL 0 86 +18 86 +53 0 1 0.248536 0 1 6413.046137 6413.547868 6414.049605 6414.250290 6416.257219 6416.505755 1 C 
 43 154 3 16 3 3 HH 1 85 +28 42 -42 1 1 0.518907 0 1 6417.528269 6418.030001 6418.531730 6418.732422 6420.739349 6421.258256 1 C 
 43 155 3 17 1 2 NL 0 108 +58 108 +23 0 1 0.259669 0 1 6422.277989 6422.779722 6423.281450 6423.482143 6425.489069 6425.748738 1 C 
 43 156 3 18 1 3 NH 0 66 -54 66 +16 0 1 0.491253 0 1 6426.760118 6427.261851 6427.763583 6427.964271 6429.971199 6430.462453 1 C 
 43 157 3 19 3 2 HL 1 54 +49 81 +14 1 1 2.429311 0 1 6431.476389 6431.978118 6432.479851 6432.680543 6434.687465 6437.116777 1 C 
 43 158 3 20 3 2 HL 1 154 -52 77 -87 0 0 0.694825 0 1 6438.132689 6438.634418 6439.136150 6439.336841 6441.343766 6442.038591 1 E 
 43 159 3 21 2 3 LH 1 132 -5 92 +65 0 0 0.391631 0 1 6443.049649 6443.551382 6444.053111 6444.253804 6446.260731 6446.652363 1 E 
 43 160 3 22 1 3 NH 0 119 -82 119 -12 0 1 0.656399 0 1 6447.665576 6448.167312 6448.669047 6448.869727 6450.876654 6451.533053 1 C 
 43 161 3 23 1 1 NN 0 75 +34 75 +34 0 1 0.958789 0 1 6452.549091 6453.050824 6453.552555 6453.753244 6455.760169 6456.718957 1 C 
 43 162 3 24 2 1 LN 0 152 +45 106 +45 0 1 0.871078 0 1 6457.733644 6458.235377 6458.737106 6458.937798 6460.944723 6461.815801 1 C 
 43 163 3 25 1 1 NN 0 118 -85 118 -85 0 1 0.352778 0 1 6462.834576 6463.336307 6463.838044 6464.038729 6466.045654 6466.398433 1 C 
 43 164 3 26 3 2 HL 1 70 -34 105 -69 1 1 0.523253 0 1 6467.417051 6467.918785 6468.420514 6468.621206 6470.628132 6471.151386 1 C 
 43 165 3 27 1 2 NL 0 117 -21 117 +14 0 1 0.755263 0 1 6472.166772 6472.668501 6473.170236 6473.370930 6475.377849 6476.133112 1 C 
 43 166 3 28 2 3 LH 1 152 +18 197 -52 1 1 0.915292 0 1 6477.150632 6477.652374 6478.154091 6478.354787 6480.361720 6481.277012 1 C 
 43 167 3 29 2 2 LL 1 175 +62 122 +27 1 1 0.639165 0 1 6482.301738 6482.803471 6483.305200 6483.505892 6485.512816 6486.151981 1 C 
 43 168 3 30 1 3 NH 0 93 -31 93 +39 0 1 0.997450 0 1 6487.168529 6487.670267 6488.172001 6488.372680 6490.379606 6491.377056 1 C 
 43 169 3 31 2 2 LL 1 57 +29 39 -6 1 1 0.523843 0 1 6492.386531 6492.888264 6493.389990 6493.590684 6495.597611 6496.121455 1 C 
 43 170 3 32 2 3 LH 1 63 +1 44 -69 1 1 0.650185 0 1 6497.136251 6497.637987 6498.139713 6498.340405 6500.347331 6500.997516 1 C 
 43 171 3 33 3 3 HH 1 173 -50 86 +20 1 1 0.513166 0 1 6502.019766 6502.521498 6503.023227 6503.223917 6505.230843 6505.744009 1 C 
 43 172 3 34 3 3 HH 1 91 +85 136 +15 1 1 0.865954 0 1 6506.752760 6507.254497 6507.756226 6507.956915 6509.963839 6510.829793 1 C 
 43 173 3 35 1 3 NH 0 111 -32 111 +38 0 1 1.927657 0 1 6511.853693 6512.355426 6512.857151 6513.057847 6515.064777 6516.992434 1 C 
 43 174 3 36 2 3 LH 1 102 +0 132 -70 0 0 0.694242 0 1 6518.008258 6518.509998 6519.011721 6519.212411 6521.219337 6521.913579 1 E 
 43 175 3 37 1 2 NL 0 98 -29 98 +6 0 1 0.661188 0 1 6522.925222 6523.426953 6523.928685 6524.129376 6526.136301 6526.797489 1 C 
 43 176 3 38 3 3 HH 1 69 +4 34 +74 1 1 0.649983 0 1 6527.808737 6528.310470 6528.812206 6529.012890 6531.019815 6531.669798 1 C 
 43 177 3 39 3 3 HH 1 178 -54 89 +16 0 0 1.024522 0 1 6532.692252 6533.193984 6533.695714 6533.896406 6535.903330 6536.927851 1 E 
 43 178 3 40 3 3 HH 1 139 -61 208 +9 1 1 0.644849 0 1 6537.943705 6538.445441 6538.947168 6539.147858 6541.154784 6541.799633 1 C 
 43 179 3 41 1 1 NN 0 132 -81 132 -81 1 0 0.915359 0 1 6542.810494 6543.312228 6543.813958 6544.014648 6546.021571 6546.936930 1 E 
 43 180 3 42 1 1 NN 0 98 -31 98 -31 0 1 0.809788 0 1 6547.961606 6548.463330 6548.965060 6549.165752 6551.172679 6551.982467 1 C 
 43 181 3 43 1 1 NN 0 139 -58 139 -58 0 1 0.908810 0 1 6552.995633 6553.497369 6553.999103 6554.199786 6556.206711 6557.115520 1 C 
 43 182 3 44 1 3 NH 0 180 -11 180 -81 0 1 1.212109 0 1 6558.130013 6558.631747 6559.133479 6559.334168 6561.341091 6562.553200 1 C 
 43 183 3 45 1 2 NL 0 127 -4 127 -39 0 1 2.027264 0 1 6563.565435 6564.067163 6564.568896 6564.769586 6566.776510 6568.803775 1 C 
 43 184 3 46 3 3 HH 1 58 +36 87 -34 1 1 1.929220 0 1 6569.820345 6570.322072 6570.823809 6571.024500 6573.031426 6574.960646 1 C 
 43 185 3 47 1 1 NN 0 176 -76 176 -76 1 0 1.394554 0 1 6575.974913 6576.476651 6576.978374 6577.179066 6579.185990 6580.580544 1 E 
 43 186 3 48 3 2 HL 1 156 -58 78 -23 1 1 2.170480 0 1 6581.594299 6582.096029 6582.597761 6582.798453 6584.805377 6586.975857 1 C 
 43 187 3 49 1 2 NL 0 82 -43 82 -8 1 0 1.948780 0 1 6587.999731 6588.501468 6589.003199 6589.203883 6591.210812 6593.159592 1 E 
 43 188 3 50 2 1 LN 0 63 -29 44 -29 1 0 1.670447 0 1 6594.171022 6594.672756 6595.174487 6595.375176 6597.382097 6599.052544 1 E 
 43 189 3 51 3 2 HL 1 61 -85 91 -50 1 1 2.038591 0 1 6600.074723 6600.576458 6601.078188 6601.278877 6603.285801 6605.324392 1 C 
 43 190 3 52 1 2 NL 0 170 +86 170 +51 0 1 1.701646 0 1 6606.346359 6606.848093 6607.349826 6607.550513 6609.557436 6611.259082 1 C 
 43 191 3 53 1 3 NH 0 97 +47 97 -23 1 0 2.347573 0 1 6612.283510 6612.785247 6613.286973 6613.487664 6615.494588 6617.842161 1 E 
 43 192 3 54 3 3 HH 1 180 +42 90 -28 1 1 1.096475 0 1 6618.856186 6619.357919 6619.859646 6620.060337 6622.067264 6623.163739 1 C 
 43 193 3 55 1 3 NH 0 128 +31 128 -39 0 1 1.383272 0 1 6624.174534 6624.676268 6625.177994 6625.378689 6627.385613 6628.768886 1 C 
 43 194 3 56 2 2 LL 1 143 -63 100 -28 1 1 1.256321 0 1 6629.793922 6630.295654 6630.797382 6630.998073 6633.005002 6634.261323 1 C 
 43 195 3 57 3 1 HN 0 65 -1 32 -1 0 1 1.178907 0 1 6635.279513 6635.781246 6636.282976 6636.483668 6638.490589 6639.669496 1 C 
 43 196 3 58 3 2 HL 1 65 +27 32 -8 1 1 1.036524 0 1 6640.681484 6641.183215 6641.684945 6641.885637 6643.892564 6644.929088 1 C 
 43 197 3 59 1 2 NL 0 120 +77 120 +42 1 0 1.625241 0 1 6645.949660 6646.451390 6646.953121 6647.153811 6649.160740 6650.785981 1 E 
 43 198 3 60 1 3 NH 0 163 -46 163 +24 0 1 5.324261 0 1 6651.803188 6652.304918 6652.806650 6653.007341 6655.014264 6660.338525 1 C 
 43 199 4  1 3 2 HL 1 127 -90 190 -55 1 1 1.019334 0 1 6676.789391 6677.291118 6677.792854 6677.993544 6680.000468 6681.019802 1 C 
 43 200 4  2 1 1 NN 0 157 -46 157 -46 0 1 0.634173 0 1 6682.040842 6682.542574 6683.044304 6683.244993 6685.251916 6685.886089 1 C 
 43 201 4  3 3 1 HN 0 130 -12 65 -12 1 0 1.096710 0 1 6686.907632 6687.409364 6687.911094 6688.111785 6690.118709 6691.215419 1 E 
 43 202 4  4 2 1 LN 0 151 -62 196 -62 0 1 0.711108 0 1 6692.225980 6692.727714 6693.229442 6693.430134 6695.437058 6696.148166 1 C 
 43 203 4  5 2 3 LH 1 87 +70 60 +0 1 1 0.595818 0 1 6697.159668 6697.661404 6698.163139 6698.363822 6700.370746 6700.966564 1 C 
 43 204 4  6 1 1 NN 0 80 +44 80 +44 1 0 0.920526 0 1 6701.976286 6702.478026 6702.979744 6703.180439 6705.187364 6706.107889 1 E 
 43 205 4  7 2 2 LL 1 95 +32 123 -3 0 0 1.300260 0 1 6707.127388 6707.629123 6708.130853 6708.331544 6710.338468 6711.638728 1 E 
 43 206 4  8 1 1 NN 0 143 -87 143 -87 0 1 0.430238 0 1 6712.663152 6713.164886 6713.666622 6713.867309 6715.874233 6716.304472 1 C 
 43 207 4  9 3 1 HN 0 119 +36 59 +36 1 0 1.426589 0 1 6717.329253 6717.830992 6718.332717 6718.533408 6720.540336 6721.966925 1 E 
 43 208 4 10 3 3 HH 1 65 +73 32 +3 0 0 1.767984 0 1 6722.982088 6723.483822 6723.985551 6724.186240 6726.193169 6727.961153 1 E 
 43 209 4 11 2 1 LN 0 166 +80 116 +80 1 0 0.446648 0 1 6728.986138 6729.487869 6729.989599 6730.190290 6732.197212 6732.643860 1 E 
 43 210 4 12 2 2 LL 1 135 -11 94 +24 0 0 1.085209 0 1 6733.668960 6734.170699 6734.672426 6734.873113 6736.880040 6737.965248 1 E 
 43 211 4 13 1 1 NN 0 90 -88 90 -88 0 1 1.074789 0 1 6738.987305 6739.489040 6739.990769 6740.191461 6742.198385 6743.273174 1 C 
 43 212 4 14 3 2 HL 1 102 -17 153 +18 0 0 0.369848 0 1 6744.288932 6744.790662 6745.292399 6745.493086 6747.500012 6747.869860 1 E 
 43 213 4 15 2 2 LL 1 161 +15 209 +50 0 0 0.733194 0 1 6748.888133 6749.389863 6749.891594 6750.092288 6752.099210 6752.832404 1 E 
 43 214 4 16 1 1 NN 0 144 +85 144 +85 0 1 0.397577 0 1 6753.855269 6754.357009 6754.858737 6755.059421 6757.066350 6757.463927 1 C 
 43 215 4 17 3 3 HH 1 118 -90 59 -20 1 1 2.114769 0 1 6758.487919 6758.989651 6759.491382 6759.692072 6761.698999 6763.813767 1 C 
 43 216 4 18 2 3 LH 1 74 -64 96 +6 0 0 0.419224 0 1 6764.826453 6765.328185 6765.829917 6766.030608 6768.037531 6768.456755 1 E 
 43 217 4 19 3 3 HH 1 95 -78 142 -8 0 0 0.617707 0 1 6769.475827 6769.977562 6770.479288 6770.679980 6772.686905 6773.304612 1 E 
 43 218 4 20 3 3 HH 1 127 +26 190 -44 1 1 0.864807 0 1 6774.325892 6774.827625 6775.329355 6775.530046 6777.536971 6778.401778 1 C 
 43 219 4 21 3 3 HH 1 110 +17 165 -53 1 1 1.195602 0 1 6779.426826 6779.928556 6780.430288 6780.630979 6782.637903 6783.833505 1 C 
 43 220 4 22 1 1 NN 0 98 -35 98 -35 0 1 0.441282 0 1 6784.845520 6785.347247 6785.848981 6786.049673 6788.056595 6788.497877 1 C 
 43 221 4 23 1 2 NL 0 73 -46 73 -81 0 1 0.804718 0 1 6789.511617 6790.013350 6790.515080 6790.715771 6792.722694 6793.527413 1 C 
 43 222 4 24 2 2 LL 1 108 +55 140 +90 0 0 1.052503 0 1 6794.545649 6795.047382 6795.549113 6795.749803 6797.756729 6798.809232 1 E 
 43 223 4 25 1 3 NH 0 173 +77 173 +7 0 1 0.396861 0 1 6799.830551 6800.332283 6800.834015 6801.034708 6803.041627 6803.438487 1 C 
 43 224 4 26 2 3 LH 1 108 +22 140 -48 1 1 1.393512 0 1 6804.463200 6804.964935 6805.466662 6805.667354 6807.674278 6809.067790 1 C 
 43 225 4 27 2 2 LL 1 105 +6 73 +41 0 0 1.073321 0 1 6810.082588 6810.584320 6811.086058 6811.286743 6813.293665 6814.366986 1 E 
 43 226 4 28 3 2 HL 1 130 -15 65 -50 0 0 0.375586 0 1 6815.384212 6815.885941 6816.387673 6816.588363 6818.595292 6818.970878 1 E 
 43 227 4 29 3 2 HL 1 69 +5 103 -30 1 1 0.606783 0 1 6819.983412 6820.485142 6820.986876 6821.187566 6823.194489 6823.801272 1 C 
 43 228 4 30 2 1 LN 0 94 +19 122 +19 0 1 1.933152 0 1 6824.816753 6825.318490 6825.820219 6826.020904 6828.027830 6829.960982 1 C 
 43 229 4 31 2 1 LN 0 162 +64 113 +64 1 0 0.898253 0 1 6830.971320 6831.473051 6831.974792 6832.175474 6834.182400 6835.080654 1 E 
 43 230 4 32 2 2 LL 1 118 -35 82 -70 0 0 6.982417 0 1 6836.105701 6836.607434 6837.109160 6837.309855 6839.316779 6846.299196 1 E 
 43 231 4 33 3 1 HN 0 120 +35 60 +35 0 1 1.542887 0 1 6847.311026 6847.812759 6848.314485 6848.515180 6850.522106 6852.064993 1 C 
 43 232 4 34 3 2 HL 1 149 +53 74 +88 1 1 1.784094 0 1 6853.080932 6853.582667 6854.084397 6854.285086 6856.292009 6858.076104 1 C 
 43 233 4 35 2 3 LH 1 103 -40 72 +30 1 1 2.284844 0 1 6859.084982 6859.586714 6860.088439 6860.289134 6862.296060 6864.580904 1 C 
 43 234 4 36 1 1 NN 0 88 +35 88 +35 0 1 2.024386 0 1 6865.590757 6866.092489 6866.594220 6866.794912 6868.801836 6870.826221 1 C 
 43 235 4 37 3 3 HH 1 153 -68 76 +2 0 0 2.120671 0 1 6871.845670 6872.347404 6872.849132 6873.049822 6875.056746 6877.177418 1 E 
 43 236 4 38 1 3 NH 0 144 +40 144 -30 1 0 2.126308 0 1 6878.200930 6878.702664 6879.204394 6879.405084 6881.412010 6883.538319 1 E 
 43 237 4 39 3 3 HH 1 105 +31 52 -39 0 0 4.701212 0 1 6884.556189 6885.057920 6885.559651 6885.760341 6887.767267 6892.468479 1 E 
 43 238 4 40 3 1 HN 0 71 -42 106 -42 0 1 1.003694 0 1 6893.487000 6893.988730 6894.490465 6894.691154 6896.698078 6897.701772 1 C 
 43 239 4 41 3 2 HL 1 136 -71 68 -36 1 1 5.000748 0 1 6898.721728 6899.223460 6899.725189 6899.925882 6901.932805 6906.933554 1 C 
 43 240 4 42 2 2 LL 1 61 +75 42 +40 0 0 0.798659 0 1 6907.953576 6908.455308 6908.957041 6909.157735 6911.164655 6911.963314 1 E 
 43 241 4 43 1 1 NN 0 86 +19 86 +19 0 1 0.319778 0 1 6912.987611 6913.489344 6913.991076 6914.191765 6916.198691 6916.518469 1 C 
 43 242 4 44 2 3 LH 1 81 -84 105 -14 0 0 0.914509 0 1 6917.536639 6918.038376 6918.540103 6918.740791 6920.747715 6921.662223 1 E 
 43 243 4 45 2 2 LL 1 115 -29 80 -64 1 1 0.331245 0 1 6922.671019 6923.172750 6923.674485 6923.875170 6925.882097 6926.213342 1 C 
 43 244 4 46 3 2 HL 1 93 +59 139 +24 0 0 1.438370 0 1 6927.236770 6927.738504 6928.240240 6928.440923 6930.447848 6931.886218 1 E 
 43 245 4 47 1 2 NL 0 130 +62 130 +27 0 1 1.377830 0 1 6932.906331 6933.408061 6933.909795 6934.110485 6936.117409 6937.495239 1 C 
 43 246 4 48 1 3 NH 0 150 -71 150 -1 1 0 1.179028 0 1 6938.508993 6939.010725 6939.512456 6939.713147 6941.720072 6942.899100 1 E 
 43 247 4 49 3 1 HN 0 103 -55 154 -55 0 1 2.203846 0 1 6943.910964 6944.412694 6944.914428 6945.115117 6947.122042 6949.325887 1 C 
 43 248 4 50 2 3 LH 1 99 -76 69 -6 0 0 1.107367 0 1 6950.349845 6950.851576 6951.353308 6951.553999 6953.560925 6954.668293 1 E 
 43 249 4 51 2 2 LL 1 69 -81 89 -46 0 0 1.140056 0 1 6955.684917 6956.186649 6956.688381 6956.889072 6958.895996 6960.036051 1 E 
 43 250 4 52 1 2 NL 0 90 +11 90 -24 1 0 1.437988 0 1 6961.053446 6961.555174 6962.056901 6962.257592 6964.264517 6965.702505 1 E 
 43 251 4 53 1 2 NL 0 160 +36 160 +71 0 1 0.849181 0 1 6966.723000 6967.224732 6967.726462 6967.927155 6969.934081 6970.783262 1 C 
 43 252 4 54 3 1 HN 0 111 +81 166 +81 1 0 1.030230 0 1 6971.807206 6972.308937 6972.810670 6973.011361 6975.018284 6976.048514 1 E 
 43 253 4 55 2 2 LL 1 163 -84 211 -49 0 0 0.248545 0 1 6977.058657 6977.560388 6978.062116 6978.262811 6980.269736 6980.518281 1 E 
 43 254 4 56 1 2 NL 0 172 -78 172 -43 0 1 0.292347 0 1 6981.540787 6982.042519 6982.544251 6982.744941 6984.751863 6985.044210 1 C 
 43 255 4 57 2 2 LL 1 58 -73 75 -38 0 0 0.347551 0 1 6986.056366 6986.558097 6987.059829 6987.260520 6989.267444 6989.614995 1 E 
 43 256 4 58 3 2 HL 1 81 +41 40 +6 1 1 1.575936 0 1 6990.638842 6991.140573 6991.642306 6991.842996 6993.849923 6995.425859 1 C 
 43 257 4 59 1 3 NH 0 107 +29 107 -41 1 0 0.711409 0 1 6996.442197 6996.943930 6997.445660 6997.646352 6999.653275 7000.364684 1 E 
 43 258 4 60 2 3 LH 1 145 -84 101 -14 1 1 0.579240 0 1 7001.375885 7001.877617 7002.379350 7002.580040 7004.586963 7005.166203 1 C 
 43 259 5  1 3 2 HL 1 62 -57 93 -22 0 0 0.688932 0 1 7008.165979 7008.667710 7009.169444 7009.370130 7011.377057 7012.065989 1 E 
 43 260 5  2 2 3 LH 1 97 -27 126 +43 0 0 0.330662 0 1 7013.082941 7013.584671 7014.086404 7014.287095 7016.294023 7016.624685 1 E 
 43 261 5  3 2 3 LH 1 124 -23 86 +47 1 1 0.364059 0 1 7017.648694 7018.150427 7018.652158 7018.852848 7020.859776 7021.223835 1 C 
 43 262 5  4 2 1 LN 0 161 -24 112 -24 1 0 0.375393 0 1 7022.247894 7022.749623 7023.251358 7023.452049 7025.458972 7025.834365 1 E 
 43 263 5  5 2 3 LH 1 178 -31 124 +39 0 0 0.292806 0 1 7026.847094 7027.348825 7027.850557 7028.051249 7030.058173 7030.350979 1 E 
 43 264 5  6 2 3 LH 1 175 -63 227 +7 0 0 0.259111 0 1 7031.362674 7031.864404 7032.366135 7032.566828 7034.573753 7034.832864 1 E 
 43 265 5  7 1 1 NN 0 159 +29 159 +29 0 1 0.375159 0 1 7035.844804 7036.346537 7036.848269 7037.048958 7039.055883 7039.431042 1 C 
 43 266 5  8 3 1 HN 0 104 -31 156 -31 1 0 1.151598 0 1 7040.444004 7040.945738 7041.447467 7041.648158 7043.655083 7044.806681 1 E 
 43 267 5  9 3 1 HN 0 67 -37 33 -37 1 0 0.673000 0 1 7045.829250 7046.330983 7046.832714 7047.033405 7049.040329 7049.713329 1 E 
 43 268 5 10 2 2 LL 1 161 +7 209 -28 0 0 1.029955 0 1 7050.729490 7051.231221 7051.732948 7051.933643 7053.940567 7054.970523 1 E 
 43 269 5 11 3 2 HL 1 62 +78 93 +43 1 1 0.408408 0 1 7055.980941 7056.482671 7056.984405 7057.185095 7059.192023 7059.600431 1 C 
 43 270 5 12 3 3 HH 1 140 -47 70 +23 1 1 0.231933 0 1 7060.613590 7061.115321 7061.617052 7061.817744 7063.824668 7064.056601 1 C 
 43 271 5 13 2 3 LH 1 58 +11 40 +81 1 1 0.298166 0 1 7065.078995 7065.580735 7066.082457 7066.283150 7068.290077 7068.588242 1 C 
 43 272 5 14 3 2 HL 1 98 -29 147 +6 0 0 0.645338 0 1 7069.611299 7070.113036 7070.614758 7070.815453 7072.822376 7073.467714 1 E 
 43 273 5 15 3 2 HL 1 72 +89 108 +54 1 1 0.281313 0 1 7074.478089 7074.979828 7075.481552 7075.682244 7077.689166 7077.970479 1 C 
 43 274 5 16 2 1 LN 0 115 +87 80 +87 0 1 0.309479 0 1 7078.993670 7079.495398 7079.997131 7080.197822 7082.204747 7082.514226 1 C 
 43 275 5 17 3 3 HH 1 115 +51 172 -19 1 1 0.667084 0 1 7083.525971 7084.027704 7084.529430 7084.730125 7086.737050 7087.404134 1 C 
 43 276 5 18 3 1 HN 0 174 -76 87 -76 1 0 0.798963 0 1 7088.426213 7088.927944 7089.429670 7089.630363 7091.637291 7092.436254 1 E 
 43 277 5 19 3 1 HN 0 123 -2 61 -2 0 1 0.804813 0 1 7093.460246 7093.961976 7094.463707 7094.664399 7096.671324 7097.476137 1 C 
 43 278 5 20 2 1 LN 0 96 -85 124 -85 1 0 0.529273 0 1 7098.494279 7098.996012 7099.497752 7099.698431 7101.705359 7102.234632 1 E 
 43 279 5 21 3 3 HH 1 61 +90 91 +20 0 0 0.396964 0 1 7103.243998 7103.745730 7104.247461 7104.448153 7106.455077 7106.852041 1 E 
 43 280 5 22 3 1 HN 0 135 +55 202 +55 1 0 0.309333 0 1 7107.876648 7108.378382 7108.880113 7109.080803 7111.087726 7111.397059 1 E 
 43 281 5 23 3 3 HH 1 86 -85 129 -15 0 0 0.672165 0 1 7112.408951 7112.910680 7113.412414 7113.613105 7115.620030 7116.292195 1 E 
 43 282 5 24 3 2 HL 1 69 -50 103 -85 1 1 0.297841 0 1 7117.309191 7117.810919 7118.312653 7118.513342 7120.520266 7120.818107 1 C 
 43 283 5 25 2 2 LL 1 120 +70 84 +35 0 0 0.287281 0 1 7121.841495 7122.343227 7122.844956 7123.045648 7125.052572 7125.339853 1 E 
 43 284 5 26 2 3 LH 1 59 -41 76 +29 1 1 0.275925 0 1 7126.357073 7126.858804 7127.360534 7127.561229 7129.568151 7129.844076 1 C 
 43 285 5 27 3 2 HL 1 63 -73 31 -38 0 0 0.374369 0 1 7130.855928 7131.357654 7131.859391 7132.060081 7134.067007 7134.441376 1 E 
 43 286 5 28 3 1 HN 0 57 +87 28 +87 1 0 0.523723 0 1 7135.455128 7135.956859 7136.458592 7136.659282 7138.666204 7139.189927 1 E 
 43 287 5 29 3 1 HN 0 153 -78 229 -78 0 1 1.178586 0 1 7140.204847 7140.706579 7141.208310 7141.409001 7143.415928 7144.594514 1 C 
 43 288 5 30 2 2 LL 1 54 +9 70 -26 0 0 0.298184 0 1 7145.606817 7146.108549 7146.610282 7146.810973 7148.817896 7149.116080 1 E 
 43 289 5 31 1 1 NN 0 56 +52 56 +52 1 0 0.430164 0 1 7150.139120 7150.640854 7151.142586 7151.343275 7153.350202 7153.780366 1 E 
 43 290 5 32 3 3 HH 1 175 -84 87 -14 1 1 0.969892 0 1 7154.805220 7155.306952 7155.808678 7156.009375 7158.016298 7158.986190 1 C 
 43 291 5 33 3 3 HH 1 121 +16 60 -54 0 0 1.139447 0 1 7160.006497 7160.508228 7161.009958 7161.210651 7163.217575 7164.357022 1 E 
 43 292 5 34 2 2 LL 1 63 -31 81 -66 0 0 0.843040 0 1 7165.375018 7165.876752 7166.378478 7166.579172 7168.586096 7169.429136 1 E 
 43 293 5 35 2 2 LL 1 120 +47 156 +82 0 0 0.695043 0 1 7170.442501 7170.944233 7171.445964 7171.646656 7173.653580 7174.348623 1 E 
 43 294 5 36 2 1 LN 0 155 -42 201 -42 0 1 0.330935 0 1 7175.359465 7175.861196 7176.362931 7176.563620 7178.570546 7178.901481 1 C 
 43 295 5 37 2 1 LN 0 135 -68 94 -68 0 1 0.402653 0 1 7179.925217 7180.426950 7180.928677 7181.129373 7183.136298 7183.538951 1 C 
 43 296 5 38 1 3 NH 0 159 +14 159 +84 0 1 0.898425 0 1 7184.557866 7185.059600 7185.561330 7185.762020 7187.768945 7188.667370 1 C 
 43 297 5 39 1 1 NN 0 87 +21 87 +21 0 1 0.391761 0 1 7189.692246 7190.193978 7190.695710 7190.896402 7192.903325 7193.295086 1 C 
 43 298 5 40 3 3 HH 1 123 -42 61 +28 1 1 0.590130 0 1 7194.308173 7194.809902 7195.311633 7195.512325 7197.519247 7198.109377 1 C 
 43 299 5 41 3 1 HN 0 157 -84 78 -84 0 1 1.140610 0 1 7199.124788 7199.626520 7200.128251 7200.328943 7202.335867 7203.476477 1 C 
 43 300 5 42 2 1 LN 0 136 +21 176 +21 0 1 1.813109 0 1 7204.493310 7204.995042 7205.496775 7205.697465 7207.704391 7209.517500 1 C 
 43 301 5 43 3 2 HL 1 132 +60 66 +25 1 1 0.590074 0 1 7210.530806 7211.032538 7211.534274 7211.734961 7213.741888 7214.331962 1 C 
 43 302 5 44 3 1 HN 0 57 -74 85 -74 1 0 3.942990 0 1 7215.347424 7215.849157 7216.350889 7216.551576 7218.558505 7222.501495 1 E 
 43 303 5 45 1 3 NH 0 154 -76 154 -6 0 1 1.533749 0 1 7223.525640 7224.027370 7224.529103 7224.729790 7226.736717 7228.270466 1 C 
 43 304 5 46 1 2 NL 0 102 +34 102 -1 1 0 1.498232 0 1 7229.295545 7229.797276 7230.299008 7230.499700 7232.506624 7234.004856 1 E 
 43 305 5 47 2 1 LN 0 151 -7 196 -7 0 1 0.237754 0 1 7235.015279 7235.517008 7236.018743 7236.219431 7238.226356 7238.464110 1 C 
 43 306 5 48 3 2 HL 1 65 +29 97 -6 0 0 0.220780 0 1 7239.480684 7239.982415 7240.484147 7240.684838 7242.691765 7242.912545 1 E 
 43 307 5 49 2 1 LN 0 160 -11 112 -11 1 0 0.385698 0 1 7243.929367 7244.431098 7244.932828 7245.133520 7247.140443 7247.526141 1 E 
 43 308 5 50 1 2 NL 0 95 -84 95 -49 0 1 0.226641 0 1 7248.545291 7249.047024 7249.548755 7249.749444 7251.756369 7251.983010 1 C 
 43 309 5 51 1 2 NL 0 178 +4 178 +39 0 1 0.243278 0 1 7252.993972 7253.495703 7253.997433 7254.198125 7256.205053 7256.448331 1 C 
 43 310 5 52 3 3 HH 1 122 -49 61 +21 1 1 0.425073 0 1 7257.459378 7257.961109 7258.462843 7258.663533 7260.670459 7261.095531 1 C 
 43 311 5 53 3 1 HN 0 76 -61 114 -61 0 1 0.320111 0 1 7262.108752 7262.610485 7263.112214 7263.312903 7265.319830 7265.639941 1 C 
 43 312 5 54 2 2 LL 1 134 +75 174 +40 1 1 0.441358 0 1 7266.657779 7267.159512 7267.661241 7267.861933 7269.868857 7270.310215 1 C 
 43 313 5 55 3 2 HL 1 57 +24 85 +59 0 0 0.419100 0 1 7271.323877 7271.825609 7272.327341 7272.528032 7274.534955 7274.954055 1 E 
 43 314 5 56 2 1 LN 0 160 -3 112 -3 0 1 0.545772 0 1 7275.973251 7276.474982 7276.976714 7277.177405 7279.184330 7279.730102 1 C 
 43 315 5 57 3 2 HL 1 133 -75 199 -40 1 1 0.562699 0 1 7280.739695 7281.241429 7281.743159 7281.943850 7283.950772 7284.513471 1 C 
 43 316 5 58 3 2 HL 1 158 +22 79 +57 1 1 0.650642 0 1 7285.522865 7286.024592 7286.526324 7286.727018 7288.733942 7289.384584 1 C 
 43 317 5 59 3 2 HL 1 161 +88 80 +53 0 0 0.358356 0 1 7290.406379 7290.908113 7291.409841 7291.610533 7293.617454 7293.975810 1 E 
 43 318 5 60 2 1 LN 0 152 -8 106 -8 0 1 0.457264 0 1 7294.988854 7295.490586 7295.992320 7296.193007 7298.199936 7298.657200 1 C 
 43 319 6  1 3 2 HL 1 149 -14 223 +21 1 1 0.413900 0 1 7303.618632 7304.120367 7304.622096 7304.822782 7306.829706 7307.243605 1 C 
 43 320 6  2 1 2 NL 0 83 -22 83 -57 0 1 0.259499 0 1 7308.268002 7308.769733 7309.271464 7309.472155 7311.479078 7311.738577 1 C 
 43 321 6  3 3 3 HH 1 106 +14 159 +84 1 1 0.369552 0 1 7312.750131 7313.251865 7313.753596 7313.954285 7315.961215 7316.330767 1 C 
 43 322 6  4 2 3 LH 1 87 +60 113 -10 0 0 0.369882 0 1 7317.349334 7317.851069 7318.352798 7318.553486 7320.560411 7320.930293 1 E 
 43 323 6  5 2 2 LL 1 78 -47 101 -12 1 1 0.628673 0 1 7321.948532 7322.450271 7322.951995 7323.152687 7325.159611 7325.788284 1 C 
 43 324 6  6 3 1 HN 0 112 +25 168 +25 1 0 0.601711 0 1 7326.798600 7327.300330 7327.802061 7328.002754 7330.009677 7330.611388 1 E 
 43 325 6  7 2 2 LL 1 91 +79 118 +44 0 0 0.353392 0 1 7331.631940 7332.133675 7332.635403 7332.836095 7334.843019 7335.196411 1 E 
 43 326 6  8 2 3 LH 1 66 +35 85 -35 0 0 1.871280 0 1 7336.214417 7336.716150 7337.217879 7337.418571 7339.425495 7341.296775 1 E 
 43 327 6  9 2 3 LH 1 92 -33 64 +37 0 0 1.575525 0 1 7342.318812 7342.820544 7343.322283 7343.522965 7345.529886 7347.105410 1 E 
 43 328 6 10 2 3 LH 1 65 +75 84 +5 1 1 0.605973 0 1 7348.122165 7348.623894 7349.125627 7349.326320 7351.333247 7351.939220 1 C 
 43 329 6 11 2 2 LL 1 175 -78 227 -43 1 1 0.606382 0 1 7352.955507 7353.457242 7353.958970 7354.159662 7356.166586 7356.772967 1 C 
 43 330 6 12 3 1 HN 0 146 -39 73 -39 1 0 0.457964 0 1 7357.788850 7358.290580 7358.792313 7358.993004 7360.999928 7361.457892 1 E 
 43 331 6 13 1 2 NL 0 149 -40 149 -75 0 1 0.798633 0 1 7362.471671 7362.973399 7363.475134 7363.675825 7365.682753 7366.481386 1 C 
 43 332 6 14 2 3 LH 1 155 -64 108 +6 1 1 0.617254 0 1 7367.505706 7368.007449 7368.509170 7368.709861 7370.716781 7371.334035 1 C 
 43 333 6 15 1 2 NL 0 153 +35 153 +0 1 0 0.650722 0 1 7372.355772 7372.857505 7373.359234 7373.559926 7375.566848 7376.217569 1 E 
 43 334 6 16 2 2 LL 1 134 -13 93 -48 0 0 1.306207 0 1 7377.239287 7377.741024 7378.242749 7378.443442 7380.450363 7381.756570 1 E 
 43 335 6 17 1 2 NL 0 149 -82 149 -47 1 0 1.355307 0 1 7382.775050 7383.276785 7383.778517 7383.979204 7385.986131 7387.341437 1 E 
 43 336 6 18 2 3 LH 1 65 -48 45 +22 1 1 2.120172 0 1 7388.360991 7388.862721 7389.364452 7389.565144 7391.572071 7393.692243 1 C 
 43 337 6 19 1 3 NH 0 120 -56 120 +14 0 1 1.679213 0 1 7394.716249 7395.217982 7395.719714 7395.920404 7397.927328 7399.606541 1 C 
 43 338 6 20 3 3 HH 1 118 -75 59 -5 1 1 1.173353 0 1 7400.619952 7401.121684 7401.623422 7401.824106 7403.831031 7405.004385 1 C 
 43 339 6 21 2 1 LN 0 100 +60 130 +60 0 1 0.985165 0 1 7406.021922 7406.523652 7407.025387 7407.226075 7409.232999 7410.218164 1 C 
 43 340 6 22 2 3 LH 1 62 -67 80 +3 0 0 0.617499 0 1 7411.239923 7411.741654 7412.243385 7412.444075 7414.451001 7415.068500 1 E 
 43 341 6 23 1 1 NN 0 93 +41 93 +41 0 1 0.517810 0 1 7416.089990 7416.591717 7417.093454 7417.294143 7419.301064 7419.818874 1 C 
 43 342 6 24 3 3 HH 1 60 -32 90 +38 0 0 1.618845 0 1 7420.839709 7421.341440 7421.843177 7422.043863 7424.050785 7425.669629 1 E 
 43 343 6 25 3 3 HH 1 118 -27 59 +43 1 1 1.503700 0 1 7426.693237 7427.194969 7427.696697 7427.897391 7429.904315 7431.408015 1 C 
 43 344 6 26 2 2 LL 1 142 -13 99 +22 0 0 2.853041 0 1 7432.429696 7432.931428 7433.433159 7433.633849 7435.640773 7438.493814 1 E 
 43 345 6 27 1 2 NL 0 67 +52 67 +87 1 0 1.305657 0 1 7439.504103 7440.005835 7440.507561 7440.708256 7442.715182 7444.020839 1 E 
 43 346 6 28 2 2 LL 1 90 -4 117 +31 0 0 0.909026 0 1 7445.039868 7445.541595 7446.043330 7446.244023 7448.250948 7449.159974 1 E 
 43 347 6 29 1 3 NH 0 87 -21 87 +49 0 1 2.890423 0 1 7450.174246 7450.675986 7451.177706 7451.378401 7453.385328 7456.275750 1 C 
 43 348 6 30 2 3 LH 1 171 -43 222 +27 0 0 1.222995 0 1 7457.298827 7457.800560 7458.302290 7458.502981 7460.509909 7461.732903 1 E 
 43 349 6 31 3 3 HH 1 155 -40 232 +30 1 1 5.468255 0 1 7462.750971 7463.252704 7463.754433 7463.955126 7465.962052 7471.430307 1 C 
 43 350 6 32 3 1 HN 0 158 -16 79 -16 1 0 1.145210 0 1 7472.451104 7472.952833 7473.454569 7473.655257 7475.662181 7476.807391 1 E 
 43 351 6 33 2 1 LN 0 94 +90 122 +90 0 1 0.991884 0 1 7477.819624 7478.321355 7478.823086 7479.023778 7481.030702 7482.022586 1 C 
 43 352 6 34 3 1 HN 0 137 -74 205 -74 0 1 0.804692 0 1 7483.037626 7483.539357 7484.041089 7484.241780 7486.248707 7487.053399 1 C 
 43 353 6 35 2 3 LH 1 68 -37 88 +33 0 0 0.683259 0 1 7488.071662 7488.573397 7489.075128 7489.275814 7491.282739 7491.965998 1 E 
 43 354 6 36 3 2 HL 1 146 +28 73 +63 0 0 0.479121 0 1 7492.988625 7493.490361 7493.992088 7494.192779 7496.199700 7496.678821 1 E 
 43 355 6 37 2 1 LN 0 76 +74 53 +74 0 1 1.905851 0 1 7497.688171 7498.189908 7498.691636 7498.892326 7500.899252 7502.805103 1 C 
 43 356 6 38 1 1 NN 0 102 +79 102 +79 0 1 1.625010 0 1 7503.826014 7504.327746 7504.829475 7505.030168 7507.037091 7508.662102 1 C 
 43 357 6 39 1 1 NN 0 155 -12 155 -12 1 0 3.452212 0 1 7509.679541 7510.181275 7510.683001 7510.883696 7512.890620 7516.342832 1 E 
 43 358 6 40 1 1 NN 0 88 +33 88 +33 0 1 2.449818 0 1 7517.356025 7517.857756 7518.359493 7518.560180 7520.567104 7523.016921 1 C 
 43 359 6 41 2 3 LH 1 140 +88 98 +18 0 0 2.152968 0 1 7524.029047 7524.530780 7525.032510 7525.233202 7527.240125 7529.393093 1 E 
 43 360 6 42 1 3 NH 0 164 +33 164 -37 1 0 1.905402 0 1 7530.417755 7530.919483 7531.421217 7531.621910 7533.628836 7535.534238 1 E 
 43 361 6 43 2 1 LN 0 156 -28 109 -28 0 1 2.626964 0 1 7536.555597 7537.057329 7537.559060 7537.759752 7539.766677 7542.393641 1 C 
 43 362 6 44 2 2 LL 1 58 -3 75 +32 0 0 3.071774 0 1 7543.412588 7543.914318 7544.416049 7544.616742 7546.623666 7549.695440 1 E 
 43 363 6 45 3 2 HL 1 98 -85 147 -50 0 0 0.815293 0 1 7550.704411 7551.206142 7551.707880 7551.908569 7553.915492 7554.730784 1 E 
 43 364 6 46 2 3 LH 1 173 +30 224 -40 0 0 0.276066 0 1 7555.755170 7556.256901 7556.758642 7556.959324 7558.966251 7559.242317 1 E 
 43 365 6 47 3 2 HL 1 143 +9 214 +44 0 0 1.041486 0 1 7560.254025 7560.755754 7561.257490 7561.458178 7563.465102 7564.506588 1 E 
 43 366 6 48 2 3 LH 1 106 -77 74 -7 0 0 0.226185 0 1 7565.522199 7566.023934 7566.525659 7566.726353 7568.733277 7568.959462 1 E 
 43 367 6 49 3 1 HN 0 58 +12 87 +12 0 1 2.826347 0 1 7569.970883 7570.472611 7570.974346 7571.175034 7573.181959 7576.008306 1 C 
 43 368 6 50 1 3 NH 0 75 +47 75 -23 0 1 1.608177 0 1 7577.028564 7577.530293 7578.032027 7578.232717 7580.239641 7581.847818 1 C 
 43 369 6 51 3 1 HN 0 90 -44 135 -44 0 1 1.288455 0 1 7582.865370 7583.367100 7583.868831 7584.069521 7586.076451 7587.364906 1 C 
 43 370 6 52 2 2 LL 1 154 +80 200 +45 0 0 0.567472 0 1 7588.384408 7588.886137 7589.387870 7589.588562 7591.595486 7592.162959 1 E 
 43 371 6 53 1 1 NN 0 75 -5 75 -5 0 1 3.335043 0 1 7593.184301 7593.686034 7594.187769 7594.388455 7596.395379 7599.730421 1 C 
 43 372 6 54 2 1 LN 0 173 -72 121 -72 0 1 1.206917 0 1 7600.743714 7601.245446 7601.747176 7601.947869 7603.954793 7605.161709 1 C 
 43 373 6 55 1 2 NL 0 58 -37 58 -2 1 0 0.622744 0 1 7606.179133 7606.680865 7607.182595 7607.383288 7609.390211 7610.012955 1 E 
 43 374 6 56 3 2 HL 1 82 -33 123 +2 0 0 0.952646 0 1 7611.029199 7611.530930 7612.032662 7612.233352 7614.240277 7615.192923 1 E 
 43 375 6 57 2 2 LL 1 76 -21 53 +14 0 0 0.706005 0 1 7616.213753 7616.715490 7617.217215 7617.417907 7619.424831 7620.130835 1 E 
 43 376 6 58 2 2 LL 1 102 +17 71 +52 1 1 2.014786 0 1 7621.147441 7621.649169 7622.150902 7622.351596 7624.358521 7626.373307 1 C 
 43 377 6 59 3 3 HH 1 134 +7 67 +77 0 0 0.600997 0 1 7627.385630 7627.887361 7628.389092 7628.589781 7630.596707 7631.197704 1 E 
 43 378 6 60 1 1 NN 0 142 +72 142 +72 0 1 0.518036 0 1 7632.218971 7632.720706 7633.222431 7633.423126 7635.430049 7635.948084 1 C 
