 12   1 0 43 2 2 LL 1 87 +58 73 +38 1 1 1.701219 0 0 1950.786827 1951.287802 1951.788773 1951.989161 1953.993060 1955.694280 1 C 
 12   2 0 44 3 1 HN 0 144 -5 187 -5 0 1 2.358880 0 0 1956.715016 1957.215992 1957.716962 1957.917352 1959.921248 1962.280128 1 C 
 12   3 0 45 3 2 HL 1 68 -18 88 -38 0 0 2.077245 0 0 1963.294473 1963.795447 1964.296419 1964.496809 1966.500705 1968.577950 1 E 
 12   4 0 46 1 1 NN 0 123 -50 123 -50 0 1 1.334234 0 0 1969.590045 1970.091019 1970.591991 1970.792381 1972.796276 1974.130510 1 C 
 12   5 0 47 3 1 HN 0 155 -33 108 -33 1 0 1.379359 0 0 1975.150855 1975.651825 1976.152800 1976.353190 1978.357086 1979.736444 1 E 
 12   6 0 48 3 3 HH 1 171 +11 222 +71 1 1 1.262702 0 0 1980.761760 1981.262738 1981.763707 1981.964097 1983.967992 1985.230694 1 C 
 12   7 0 49 1 2 NL 0 138 +46 138 +66 1 0 2.258851 0 0 1986.255775 1986.756747 1987.257721 1987.458110 1989.462006 1991.720857 1 E 
 12   8 0 50 3 3 HH 1 157 +39 109 -21 1 1 1.866629 0 0 1992.735037 1993.236008 1993.736982 1993.937372 1995.941268 1997.807896 1 C 
 12   9 0 51 3 3 HH 1 81 -26 56 -86 1 1 1.069631 0 0 1998.830216 1999.331193 1999.832164 2000.032554 2002.036449 2003.106081 1 C 
 12  10 0 52 1 1 NN 0 65 -59 65 -59 0 1 0.785818 0 0 2004.123843 2004.624817 2005.125788 2005.326178 2007.330073 2008.115891 1 C 
 12  11 0 53 2 3 LH 1 79 +24 90 -36 0 0 1.431962 0 0 2009.133581 2009.634555 2010.135527 2010.335915 2012.339812 2013.771774 1 E 
 12  12 0 54 1 2 NL 0 156 +63 156 +83 1 0 1.264339 0 0 2014.794583 2015.295560 2015.796531 2015.996921 2018.000816 2019.265154 1 E 
 12  13 0 55 1 2 NL 0 167 +82 167 +62 0 1 2.361896 0 0 2020.288596 2020.789572 2021.290544 2021.490934 2023.494829 2025.856726 1 C 
 12  14 0 56 3 3 HH 1 57 +47 74 -13 0 0 0.975079 0 0 2026.868053 2027.369027 2027.870001 2028.070390 2030.074283 2031.049362 1 E 
 12  15 0 57 2 3 LH 1 104 -88 88 -28 0 0 1.679349 0 0 2032.061483 2032.562455 2033.063430 2033.263819 2035.267715 2036.947064 1 E 
 12  16 0 58 1 1 NN 0 55 +73 55 +73 0 1 1.167490 0 0 2037.972974 2038.473946 2038.974921 2039.175311 2041.179206 2042.346696 1 C 
 12  17 0 59 1 2 NL 0 122 +80 122 +60 1 0 1.247979 0 0 2043.366792 2043.867766 2044.368740 2044.569129 2046.573024 2047.821003 1 E 
 12  18 0 60 1 1 NN 0 125 -48 125 -48 0 1 0.778715 0 0 2048.844108 2049.345082 2049.846053 2050.046444 2052.050338 2052.829053 1 C 
 12  19 1  1 2 2 LL 1 133 +45 152 +65 1 1 1.845544 0 0 2074.109888 2074.610863 2075.111835 2075.312225 2077.316119 2079.161663 1 C 
 12  20 1  2 2 2 LL 1 143 -87 121 -67 0 0 2.459243 0 0 2080.188371 2080.689344 2081.190317 2081.390712 2083.394603 2085.853846 1 E 
 12  21 1  3 3 2 HL 1 131 -57 170 -77 1 1 1.418606 0 0 2086.868022 2087.368998 2087.869969 2088.070358 2090.074253 2091.492859 1 C 
 12  22 1  4 2 1 LN 0 118 -29 135 -29 0 1 2.128324 0 0 2092.512328 2093.013301 2093.514274 2093.714664 2095.718559 2097.846883 1 C 
 12  23 1  5 3 2 HL 1 118 -9 153 +11 1 1 2.052826 0 0 2098.857995 2099.358970 2099.859943 2100.060333 2102.064228 2104.117054 1 C 
 12  24 1  6 3 1 HN 0 110 -41 77 -41 0 1 1.776763 0 0 2105.136867 2105.637844 2106.138815 2106.339205 2108.343100 2110.119862 1 C 
 12  25 1  7 1 3 NH 0 68 +47 68 -13 0 1 1.329693 0 0 2111.131855 2111.632829 2112.133802 2112.334191 2114.338087 2115.667781 1 C 
 12  26 1  8 2 3 LH 1 55 -51 46 +9 0 0 1.587133 0 0 2116.692665 2117.193638 2117.694611 2117.895002 2119.898895 2121.486028 1 E 
 12  27 1  9 2 1 LN 0 124 -70 142 -70 1 0 2.566997 0 0 2122.503962 2123.004936 2123.505912 2123.706298 2125.710193 2128.277191 1 E 
 12  28 1 10 1 3 NH 0 106 -56 106 +4 1 0 2.249837 0 0 2129.300508 2129.801483 2130.302455 2130.502843 2132.506739 2134.756575 1 E 
 12  29 1 11 1 1 NN 0 172 -21 172 -21 0 1 1.987555 0 0 2135.779768 2136.280742 2136.781719 2136.982105 2138.986000 2140.973555 1 C 
 12  30 1 12 2 2 LL 1 152 +2 129 +22 0 0 1.654301 0 0 2141.991844 2142.492817 2142.993795 2143.194181 2145.198076 2146.852377 1 E 
 12  31 1 13 3 1 HN 0 68 -47 88 -47 0 1 1.570631 0 0 2147.869938 2148.370908 2148.871885 2149.072274 2151.076169 2152.646800 1 C 
 12  32 1 14 3 3 HH 1 131 +8 91 +68 1 1 1.776690 0 0 2153.664535 2154.165508 2154.666482 2154.866872 2156.870767 2158.647457 1 C 
 12  33 1 15 1 3 NH 0 75 -72 75 -12 0 1 2.266517 0 0 2159.659522 2160.160496 2160.661470 2160.861856 2162.865754 2165.132272 1 C 
 12  34 1 16 2 1 LN 0 137 -26 157 -26 0 1 1.243010 0 0 2166.155484 2166.656459 2167.157430 2167.357821 2169.361716 2170.604726 1 C 
 12  35 1 17 1 2 NL 0 82 -15 82 -35 1 0 1.830219 0 0 2171.616098 2172.117071 2172.618046 2172.818434 2174.822330 2176.652549 1 E 
 12  36 1 18 3 2 HL 1 105 -22 73 -42 1 1 1.008608 0 0 2177.677882 2178.178857 2178.679833 2178.880218 2180.884114 2181.892722 1 C 
 12  37 1 19 2 3 LH 1 87 +72 73 +12 1 1 2.056898 0 0 2182.904709 2183.405681 2183.906656 2184.107046 2186.110941 2188.167839 1 C 
 12  38 1 20 1 2 NL 0 61 +53 61 +33 0 1 1.403544 0 0 2189.183580 2189.684554 2190.185528 2190.385918 2192.389814 2193.793358 1 C 
 12  39 1 21 2 1 LN 0 151 +54 173 +54 0 1 0.822388 0 0 2194.811188 2195.312161 2195.813135 2196.013524 2198.017419 2198.839808 1 C 
 12  40 1 22 3 1 HN 0 99 -17 128 -17 0 1 1.012027 0 0 2199.854324 2200.355298 2200.856270 2201.056660 2203.060558 2204.072585 1 C 
 12  41 1 23 2 3 LH 1 93 -73 106 -13 1 1 0.853516 0 0 2205.097850 2205.598823 2206.099797 2206.300187 2208.304082 2209.157598 1 C 
 12  42 1 24 1 3 NH 0 85 -18 85 -78 1 0 0.666204 0 0 2210.174388 2210.675359 2211.176337 2211.376722 2213.380618 2214.046822 1 E 
 12  43 1 25 2 2 LL 1 55 -4 63 -24 0 0 1.440410 0 0 2215.067233 2215.568206 2216.069177 2216.269566 2218.273459 2219.713869 1 E 
 12  44 1 26 1 3 NH 0 94 +73 94 +13 1 0 1.223693 0 0 2220.728234 2221.229211 2221.730182 2221.930571 2223.934466 2225.158159 1 E 
 12  45 1 27 2 1 LN 0 132 +82 112 +82 0 1 1.198476 0 0 2226.172151 2226.673123 2227.174098 2227.374490 2229.378381 2230.576858 1 C 
 12  46 1 28 2 1 LN 0 121 -11 139 -11 0 1 0.885826 0 0 2231.599366 2232.100340 2232.601314 2232.801702 2234.805599 2235.691425 1 C 
 12  47 1 29 3 2 HL 1 130 +22 169 +2 1 1 0.852571 0 0 2236.709302 2237.210273 2237.711248 2237.911637 2239.915533 2240.768104 1 C 
 12  48 1 30 1 1 NN 0 104 +57 104 +57 0 1 0.874787 0 0 2241.785836 2242.286809 2242.787783 2242.988172 2244.992067 2245.866854 1 C 
 12  49 1 31 1 3 NH 0 161 -6 161 -66 1 0 0.771870 0 0 2246.879068 2247.380042 2247.881018 2248.081406 2250.085299 2250.857169 1 E 
 12  50 1 32 1 1 NN 0 80 -49 80 -49 0 1 0.899573 0 0 2251.872110 2252.373082 2252.874059 2253.074445 2255.078341 2255.977914 1 C 
 12  51 1 33 2 2 LL 1 67 +31 77 +51 0 0 1.002616 0 0 2256.998741 2257.499715 2258.000691 2258.201077 2260.204973 2261.207589 1 E 
 12  52 1 34 1 1 NN 0 169 +73 169 +73 0 1 0.563124 0 0 2262.225568 2262.726544 2263.227518 2263.427905 2265.431801 2265.994924 1 C 
 12  53 1 35 3 1 HN 0 102 +20 132 +20 0 1 0.735682 0 0 2267.018217 2267.519191 2268.020165 2268.220555 2270.224459 2270.960142 1 C 
 12  54 1 36 1 3 NH 0 170 +12 170 +72 1 0 1.553930 0 0 2271.977861 2272.478833 2272.979806 2273.180196 2275.184091 2276.738021 1 E 
 12  55 1 37 1 1 NN 0 96 -8 96 -8 0 1 1.025276 0 0 2277.755759 2278.256731 2278.757705 2278.958099 2280.961990 2281.987266 1 C 
 12  56 1 38 3 1 HN 0 136 -41 176 -41 1 0 1.618797 0 0 2282.999284 2283.500257 2284.001232 2284.201620 2286.205516 2287.824313 1 E 
 12  57 1 39 3 3 HH 1 122 +32 85 -28 1 1 1.559584 0 0 2288.843978 2289.344952 2289.845925 2290.046316 2292.050211 2293.609795 1 C 
 12  58 1 40 2 3 LH 1 114 +17 131 -43 1 1 0.696753 0 0 2294.621878 2295.122850 2295.623828 2295.824214 2297.828109 2298.524863 1 C 
 12  59 1 41 1 3 NH 0 120 -23 120 -83 1 0 0.727152 0 0 2299.548121 2300.049094 2300.550067 2300.750455 2302.754353 2303.481504 1 E 
 12  60 1 42 2 1 LN 0 108 -77 124 -77 0 1 0.737396 0 0 2304.507762 2305.008739 2305.509710 2305.710096 2307.713993 2308.451390 1 C 
 12  61 1 43 1 2 NL 0 151 -86 151 -66 1 0 0.811901 0 0 2309.467402 2309.968376 2310.469353 2310.669739 2312.673634 2313.485535 1 E 
 12  62 1 44 1 1 NN 0 133 -8 133 -8 0 1 0.927169 0 0 2314.510541 2315.011514 2315.512490 2315.712876 2317.716769 2318.643938 1 C 
 12  63 1 45 2 2 LL 1 138 +9 158 +29 0 0 1.709907 0 0 2319.670570 2320.171542 2320.672517 2320.872907 2322.876802 2324.586709 1 E 
 12  64 1 46 2 1 LN 0 65 +63 74 +63 0 1 0.984077 0 0 2325.598761 2326.099734 2326.600708 2326.801098 2328.804993 2329.789070 1 C 
 12  65 1 47 3 1 HN 0 70 -69 91 -69 0 1 1.071924 0 0 2330.808890 2331.309861 2331.810838 2332.011226 2334.015121 2335.087045 1 C 
 12  66 1 48 3 1 HN 0 89 -52 115 -52 0 1 0.552001 0 0 2336.102513 2336.603486 2337.104459 2337.304849 2339.308744 2339.860745 1 C 
 12  67 1 49 3 3 HH 1 128 -40 166 +20 1 1 1.162300 0 0 2340.878466 2341.379439 2341.880411 2342.080799 2344.084695 2345.246995 1 C 
 12  68 1 50 3 3 HH 1 168 -29 218 +31 1 1 0.741030 0 0 2346.272281 2346.773255 2347.274229 2347.474618 2349.478514 2350.219544 1 C 
 12  69 1 51 1 2 NL 0 142 +22 142 +2 0 1 0.983941 0 0 2351.231923 2351.732898 2352.233870 2352.434259 2354.438153 2355.422094 1 C 
 12  70 1 52 3 3 HH 1 55 -61 38 -1 1 1 1.693006 0 0 2356.442050 2356.943025 2357.443998 2357.644387 2359.648280 2361.341286 1 C 
 12  71 1 53 1 2 NL 0 61 -61 61 -41 0 1 0.758045 0 0 2362.353540 2362.854515 2363.355491 2363.555879 2365.559781 2366.317826 1 C 
 12  72 1 54 3 3 HH 1 100 +36 70 -24 0 0 0.779434 0 0 2367.329882 2367.830856 2368.331831 2368.532218 2370.536114 2371.315548 1 E 
 12  73 1 55 2 2 LL 1 134 +80 154 +60 0 0 1.266353 0 0 2372.339620 2372.840594 2373.341567 2373.541958 2375.545853 2376.812205 1 E 
 12  74 1 56 1 3 NH 0 62 +21 62 -39 1 0 0.574325 0 0 2377.833636 2378.334609 2378.835581 2379.035971 2381.039866 2381.614191 1 E 
 12  75 1 57 1 3 NH 0 120 -25 120 +35 1 0 1.925164 0 0 2382.626283 2383.127259 2383.628231 2383.828620 2385.832515 2387.757679 1 E 
 12  76 1 58 2 1 LN 0 73 -32 62 -32 0 1 0.794708 0 0 2388.771562 2389.272538 2389.773515 2389.973900 2391.977795 2392.772503 1 C 
 12  77 1 59 1 3 NH 0 66 +8 66 +68 1 0 1.242765 0 0 2393.798000 2394.298974 2394.799948 2395.000337 2397.004242 2398.247007 1 E 
 12  78 1 60 1 3 NH 0 75 -40 75 +20 0 1 1.492482 0 0 2399.258615 2399.759592 2400.260563 2400.460952 2402.464848 2403.957330 1 C 
 12  79 2  1 3 1 HN 0 64 -62 44 -62 0 1 3.175258 0 0 2419.130581 2419.631555 2420.132525 2420.332915 2422.336810 2425.512068 1 C 
 12  80 2  2 2 3 LH 1 87 +47 73 -13 1 1 1.302648 0 0 2426.528292 2427.029266 2427.530239 2427.730629 2429.734524 2431.037172 1 C 
 12  81 2  3 1 2 NL 0 88 -21 88 -1 1 0 1.036324 0 0 2432.055703 2432.556677 2433.057654 2433.258040 2435.261935 2436.298259 1 E 
 12  82 2  4 3 3 HH 1 157 +35 109 -25 1 1 1.055630 0 0 2437.315927 2437.816906 2438.317881 2438.518265 2440.522163 2441.577793 1 C 
 12  83 2  5 1 1 NN 0 110 -11 110 -11 0 1 0.947253 0 0 2442.592853 2443.093830 2443.594800 2443.795190 2445.799083 2446.746336 1 C 
 12  84 2  6 2 3 LH 1 69 +80 79 +20 1 1 1.142063 0 0 2447.769583 2448.270556 2448.771531 2448.971920 2450.975814 2452.117877 1 C 
 12  85 2  7 1 3 NH 0 121 +28 121 +88 1 0 1.095951 0 0 2453.130004 2453.630976 2454.131953 2454.332340 2456.336236 2457.432187 1 E 
 12  86 2  8 1 2 NL 0 96 +56 96 +76 1 0 1.393260 0 0 2458.457026 2458.957999 2459.458973 2459.659362 2461.663258 2463.056518 1 E 
 12  87 2  9 3 1 HN 0 112 +18 145 +18 0 1 0.702335 0 0 2464.067933 2464.568906 2465.069880 2465.270267 2467.274175 2467.976511 1 C 
 12  88 2 10 3 1 HN 0 113 -77 146 -77 0 1 0.913828 0 0 2468.994177 2469.495148 2469.996122 2470.196512 2472.200412 2473.114240 1 C 
 12  89 2 11 2 1 LN 0 106 -1 90 -1 0 1 0.841478 0 0 2474.137511 2474.638480 2475.139456 2475.339844 2477.343739 2478.185217 1 C 
 12  90 2 12 3 2 HL 1 73 -44 94 -64 1 1 0.767142 0 0 2479.197344 2479.698317 2480.199292 2480.399680 2482.403575 2483.170717 1 C 
 12  91 2 13 3 1 HN 0 146 +57 102 +57 0 1 0.843747 0 0 2484.190382 2484.691355 2485.192329 2485.392719 2487.396614 2488.240361 1 C 
 12  92 2 14 3 1 HN 0 71 +31 92 +31 0 1 0.505602 0 0 2489.266917 2489.767888 2490.268865 2490.469254 2492.473149 2492.978751 1 C 
 12  93 2 15 1 2 NL 0 177 +58 177 +38 0 1 0.813334 0 0 2493.992768 2494.493744 2494.994718 2495.195107 2497.199002 2498.012336 1 C 
 12  94 2 16 1 3 NH 0 67 +19 67 -41 1 0 1.359214 0 0 2499.035906 2499.536885 2500.037855 2500.238244 2502.242140 2503.601353 1 E 
 12  95 2 17 1 2 NL 0 58 -53 58 -33 0 1 0.574199 0 0 2504.613415 2505.114391 2505.615364 2505.815753 2507.819648 2508.393847 1 C 
 12  96 2 18 3 3 HH 1 111 -51 144 +9 1 1 0.707102 0 0 2509.406067 2509.907039 2510.408013 2510.608403 2512.612298 2513.319400 1 C 
 12  97 2 19 1 3 NH 0 132 -60 132 +0 1 0 0.677780 0 0 2514.332310 2514.833282 2515.334256 2515.534645 2517.538541 2518.216321 1 E 
 12  98 2 20 3 1 HN 0 68 +42 47 +42 0 1 0.832790 0 0 2519.241854 2519.742828 2520.243800 2520.444190 2522.448085 2523.280875 1 C 
 12  99 2 21 3 2 HL 1 69 -11 48 -31 0 0 0.941759 0 0 2524.301690 2524.802660 2525.303636 2525.504025 2527.507918 2528.449677 1 E 
 12 100 2 22 3 2 HL 1 66 +20 85 +0 1 1 0.801730 0 0 2529.461719 2529.962693 2530.463669 2530.664055 2532.667951 2533.469681 1 C 
 12 101 2 23 2 3 LH 1 105 -69 89 -9 1 1 2.194327 0 0 2534.488156 2534.989130 2535.490104 2535.690494 2537.694389 2539.888716 1 C 
 12 102 2 24 1 3 NH 0 153 -32 153 +28 1 0 0.752426 0 0 2540.900623 2541.401598 2541.902569 2542.102958 2544.106863 2544.859289 1 E 
 12 103 2 25 2 1 LN 0 100 +61 85 +61 0 1 0.735665 0 0 2545.876962 2546.377940 2546.878910 2547.079299 2549.083194 2549.818859 1 C 
 12 104 2 26 2 2 LL 1 85 +9 72 -11 1 1 1.179529 0 0 2550.836603 2551.337577 2551.838551 2552.038940 2554.042835 2555.222364 1 C 
 12 105 2 27 2 1 LN 0 117 +49 99 +49 1 0 0.835895 0 0 2556.247126 2556.748094 2557.249068 2557.449457 2559.453352 2560.289247 1 E 
 12 106 2 28 2 3 LH 1 165 +51 189 -9 1 1 0.770717 0 0 2561.306957 2561.807931 2562.308907 2562.509293 2564.513189 2565.283906 1 C 
 12 107 2 29 3 3 HH 1 103 +22 133 -38 1 1 0.675759 0 0 2566.299998 2566.800971 2567.301945 2567.502333 2569.506229 2570.181988 1 C 
 12 108 2 30 1 2 NL 0 119 +31 119 +11 0 1 1.173455 0 0 2571.192840 2571.693817 2572.194788 2572.395177 2574.399073 2575.572528 1 C 
 12 109 2 31 2 2 LL 1 148 -31 170 -51 1 1 0.660863 0 0 2576.586658 2577.087636 2577.588607 2577.788996 2579.792892 2580.453754 1 C 
 12 110 2 32 3 1 HN 0 116 +13 150 +13 0 1 0.988769 0 0 2581.479503 2581.980477 2582.481451 2582.681841 2584.685736 2585.674505 1 C 
 12 111 2 33 3 3 HH 1 150 -2 105 -62 1 1 1.754385 0 0 2586.689634 2587.190606 2587.691579 2587.891969 2589.895864 2591.650249 1 C 
 12 112 2 34 1 3 NH 0 64 +24 64 -36 1 0 1.995140 0 0 2592.667921 2593.168898 2593.669870 2593.870256 2595.874159 2597.869300 1 E 
 12 113 2 35 1 1 NN 0 111 -35 111 -35 0 1 0.957288 0 0 2598.879995 2599.380970 2599.881943 2600.082332 2602.086228 2603.043516 1 C 
 12 114 2 36 1 2 NL 0 67 +44 67 +24 0 1 0.656033 0 0 2604.056727 2604.557702 2605.058674 2605.259065 2607.262958 2607.918991 1 C 
 12 115 2 37 1 1 NN 0 81 -53 81 -53 0 1 0.563164 0 0 2608.932871 2609.433844 2609.934820 2610.135208 2612.139102 2612.702266 1 C 
 12 116 2 38 1 1 NN 0 146 +19 146 +19 0 1 0.855146 0 0 2613.725520 2614.226496 2614.727467 2614.927857 2616.931752 2617.786898 1 C 
 12 117 2 39 2 2 LL 1 131 -57 150 -77 1 1 0.972859 0 0 2618.802057 2619.303034 2619.804003 2620.004393 2622.008288 2622.981147 1 C 
 12 118 2 40 2 2 LL 1 141 -74 119 -54 0 0 0.626968 0 0 2623.995487 2624.496458 2624.997432 2625.197821 2627.201717 2627.828684 1 E 
 12 119 2 41 2 2 LL 1 135 +49 114 +29 0 0 0.657807 0 0 2628.854931 2629.355903 2629.856879 2630.057268 2632.061163 2632.718969 1 E 
 12 120 2 42 2 3 LH 1 167 +76 192 +16 1 1 0.797021 0 0 2633.731078 2634.232053 2634.733023 2634.933413 2636.937310 2637.734331 1 C 
 12 121 2 43 3 1 HN 0 89 +49 115 +49 0 1 0.730156 0 0 2638.757515 2639.258488 2639.759461 2639.959850 2641.963746 2642.693903 1 C 
 12 122 2 44 3 3 HH 1 114 -40 148 +20 1 1 0.819183 0 0 2643.717156 2644.218129 2644.719103 2644.919492 2646.923386 2647.742569 1 C 
 12 123 2 45 3 2 HL 1 63 -73 81 -53 0 0 0.577125 0 0 2648.760291 2649.261263 2649.762239 2649.962629 2651.966522 2652.543646 1 E 
 12 124 2 46 2 3 LH 1 126 -66 107 -6 1 1 0.951645 0 0 2653.569641 2654.070616 2654.571588 2654.771978 2656.775877 2657.727522 1 C 
 12 125 2 47 2 3 LH 1 148 +74 170 +14 0 0 0.889323 0 0 2658.746373 2659.247344 2659.748318 2659.948707 2661.952603 2662.841926 1 E 
 12 126 2 48 3 1 HN 0 139 +3 97 +3 1 0 0.878944 0 0 2663.856303 2664.357279 2664.858251 2665.058641 2667.062536 2667.941480 1 E 
 12 127 2 49 3 2 HL 1 86 +68 60 +88 1 1 1.392585 0 0 2668.966236 2669.467213 2669.968185 2670.168574 2672.172470 2673.565054 1 C 
 12 128 2 50 2 2 LL 1 139 -55 159 -75 1 1 3.149734 0 0 2674.577143 2675.078117 2675.579090 2675.779481 2677.783375 2680.933109 1 C 
 12 129 2 51 3 2 HL 1 170 -66 221 -46 1 1 0.955435 0 0 2681.958160 2682.459132 2682.960107 2683.160495 2685.164392 2686.119826 1 C 
 12 130 2 52 3 2 HL 1 92 -25 119 -45 0 0 1.436878 0 0 2687.134888 2687.635862 2688.136835 2688.337226 2690.341121 2691.777999 1 E 
 12 131 2 53 2 1 LN 0 180 -32 153 -32 0 1 1.174084 0 0 2692.795893 2693.296869 2693.797841 2693.998230 2696.002126 2697.176210 1 C 
 12 132 2 54 2 1 LN 0 62 +56 52 +56 0 1 0.830394 0 0 2698.189713 2698.690685 2699.191656 2699.392048 2701.395944 2702.226338 1 C 
 12 133 2 55 1 2 NL 0 171 +55 171 +75 0 1 0.802482 0 0 2703.249548 2703.750524 2704.251495 2704.451884 2706.455783 2707.258265 1 C 
 12 134 2 56 2 1 LN 0 151 +59 128 +59 0 1 0.479541 0 0 2708.275986 2708.776958 2709.277932 2709.478322 2711.482216 2711.961757 1 C 
 12 135 2 57 1 1 NN 0 100 +58 100 +58 0 1 0.836096 0 0 2712.985140 2713.486113 2713.987087 2714.187477 2716.191372 2717.027468 1 C 
 12 136 2 58 3 1 HN 0 137 -17 178 -17 0 1 0.501952 0 0 2718.044976 2718.545948 2719.046926 2719.247312 2721.251207 2721.753159 1 C 
 12 137 2 59 2 3 LH 1 113 -56 129 +4 1 1 2.550245 0 0 2722.770828 2723.271802 2723.772776 2723.973165 2725.977060 2728.527305 1 C 
 12 138 2 60 2 1 LN 0 57 +6 48 +6 0 1 0.613344 0 0 2729.550675 2730.051648 2730.552625 2730.753011 2732.756907 2733.370251 1 C 
 12 139 3  1 3 3 HH 1 57 -71 39 -11 1 1 0.591013 0 0 2776.558729 2777.059694 2777.560668 2777.761058 2779.764953 2780.355966 1 C 
 12 140 3  2 3 1 HN 0 62 -55 80 -55 0 1 0.546415 0 0 2781.368071 2781.869045 2782.370019 2782.570407 2784.574302 2785.120717 1 C 
 12 141 3  3 1 1 NN 0 124 +42 124 +42 0 1 0.563260 0 0 2786.144021 2786.644995 2787.145968 2787.346357 2789.350252 2789.913512 1 C 
 12 142 3  4 1 1 NN 0 62 +37 62 +37 0 1 0.668069 0 0 2790.936671 2791.437642 2791.938615 2792.139007 2794.142903 2794.810972 1 C 
 12 143 3  5 2 3 LH 1 129 -22 109 +38 1 1 0.462814 0 0 2795.829514 2796.330492 2796.831462 2797.031852 2799.035747 2799.498560 1 C 
 12 144 3  6 3 1 HN 0 128 +35 166 +35 0 1 0.661981 0 0 2800.521970 2801.022944 2801.523921 2801.724307 2803.728202 2804.390183 1 C 
 12 145 3  7 1 1 NN 0 97 +77 97 +77 0 1 0.965782 0 0 2805.414815 2805.915788 2806.416762 2806.617151 2808.621045 2809.586827 1 C 
 12 146 3  8 1 2 NL 0 157 -23 157 -3 1 0 1.075160 0 0 2810.608244 2811.109217 2811.610191 2811.810581 2813.814474 2814.889634 1 E 
 12 147 3  9 2 1 LN 0 56 -30 64 -30 0 1 0.590986 0 0 2815.901868 2816.402841 2816.903814 2817.104208 2819.108099 2819.699085 1 C 
 12 148 3 10 2 2 LL 1 125 -39 106 -59 0 0 2.049386 0 0 2820.711217 2821.212190 2821.713163 2821.913553 2823.917448 2825.966834 1 E 
 12 149 3 11 1 2 NL 0 96 -79 96 -59 0 1 0.930384 0 0 2826.990088 2827.491062 2827.992036 2828.192425 2830.196321 2831.126704 1 C 
 12 150 3 12 3 2 HL 1 150 -68 105 -48 0 0 0.657764 0 0 2832.150119 2832.651096 2833.152066 2833.352456 2835.356352 2836.014116 1 E 
 12 151 3 13 3 3 HH 1 67 -84 46 -24 0 0 0.746880 0 0 2837.026264 2837.527238 2838.028212 2838.228602 2840.232497 2840.979376 1 E 
 12 152 3 14 2 3 LH 1 144 +6 165 -54 1 1 0.613200 0 0 2842.002606 2842.503578 2843.004555 2843.204941 2845.208837 2845.822038 1 C 
 12 153 3 15 2 2 LL 1 178 +39 151 +19 0 0 1.322191 0 0 2846.845352 2847.346328 2847.847299 2848.047688 2850.051584 2851.373775 1 E 
 12 154 3 16 1 1 NN 0 121 +40 121 +40 0 1 0.780341 0 0 2852.389465 2852.890435 2853.391412 2853.591799 2855.595696 2856.376036 1 C 
 12 155 3 17 3 3 HH 1 157 -5 109 +55 1 1 0.685569 0 0 2857.399203 2857.900174 2858.401148 2858.601538 2860.605433 2861.291002 1 C 
 12 156 3 18 1 3 NH 0 96 -9 96 -69 1 0 0.741374 0 0 2862.308745 2862.809729 2863.310692 2863.511081 2865.514977 2866.256350 1 E 
 12 157 3 19 3 2 HL 1 95 +87 66 +67 1 1 1.163441 0 0 2867.268387 2867.769359 2868.270334 2868.470722 2870.474618 2871.638059 1 C 
 12 158 3 20 1 2 NL 0 83 -4 83 +16 1 0 2.879716 0 0 2872.662204 2873.163178 2873.664155 2873.864541 2875.868436 2878.748152 1 E 
 12 159 3 21 1 2 NL 0 112 +14 112 -6 1 0 0.871176 0 0 2879.759334 2880.260309 2880.761280 2880.961670 2882.965568 2883.836744 1 E 
 12 160 3 22 3 2 HL 1 73 +33 51 +53 0 0 1.348455 0 0 2884.852568 2885.353544 2885.854516 2886.054905 2888.058811 2889.407266 1 E 
 12 161 3 23 3 3 HH 1 58 +36 75 -24 1 1 0.624264 0 0 2890.430077 2890.931057 2891.432024 2891.632414 2893.636309 2894.260573 1 C 
 12 162 3 24 3 1 HN 0 174 +9 121 +9 0 1 0.488850 0 0 2895.272824 2895.773798 2896.274773 2896.475161 2898.479059 2898.967909 1 C 
 12 163 3 25 1 2 NL 0 54 +74 54 +54 0 1 0.660358 0 0 2899.981979 2900.482952 2900.983925 2901.184315 2903.188213 2903.848572 1 C 
 12 164 3 26 2 3 LH 1 143 -70 121 -10 1 1 0.685012 0 0 2904.874825 2905.375796 2905.876771 2906.077159 2908.081055 2908.766067 1 C 
 12 165 3 27 2 3 LH 1 172 +22 146 -38 1 1 0.561134 0 0 2909.784368 2910.285345 2910.786314 2910.986703 2912.990599 2913.551732 1 C 
 12 166 3 28 2 1 LN 0 102 +85 117 +85 0 1 0.671963 0 0 2914.577017 2915.077993 2915.578964 2915.779354 2917.783249 2918.455212 1 C 
 12 167 3 29 3 1 HN 0 62 -83 43 -83 1 0 1.188380 0 0 2919.469863 2919.970834 2920.471809 2920.672198 2922.676094 2923.864474 1 E 
 12 168 3 30 2 2 LL 1 65 +17 55 +37 0 0 1.255743 0 0 2924.880384 2925.381353 2925.882326 2926.082715 2928.086620 2929.342363 1 E 
 12 169 3 31 1 3 NH 0 125 -36 125 +24 1 0 0.668641 0 0 2930.357696 2930.858669 2931.359640 2931.560030 2933.563928 2934.232569 1 E 
 12 170 3 32 2 1 LN 0 81 +25 93 +25 0 1 0.917847 0 0 2935.250538 2935.751514 2936.252485 2936.452874 2938.456770 2939.374616 1 C 
 12 171 3 33 3 2 HL 1 121 +64 157 +84 1 1 0.959256 0 0 2940.393871 2940.894842 2941.395817 2941.596206 2943.600103 2944.559359 1 C 
 12 172 3 34 3 3 HH 1 144 -46 100 +14 1 1 1.318887 0 0 2945.570598 2946.071572 2946.572548 2946.772936 2948.776838 2950.095726 1 C 
 12 173 3 35 2 2 LL 1 92 -88 78 -68 1 1 0.799300 0 0 2951.114710 2951.615682 2952.116656 2952.317046 2954.320941 2955.120242 1 C 
 12 174 3 36 3 2 HL 1 66 +43 46 +23 1 1 0.939516 0 0 2956.141147 2956.642121 2957.143092 2957.343484 2959.347379 2960.286895 1 C 
 12 175 3 37 1 2 NL 0 59 +35 59 +15 1 0 0.960245 0 0 2961.301179 2961.802151 2962.303125 2962.503515 2964.507410 2965.467655 1 E 
 12 176 3 38 3 1 HN 0 64 -14 83 -14 0 1 0.830338 0 0 2966.494606 2966.995582 2967.496554 2967.696943 2969.700838 2970.531175 1 C 
 12 177 3 39 2 1 LN 0 129 +74 148 +74 1 0 0.718825 0 0 2971.554442 2972.055415 2972.556390 2972.756779 2974.760675 2975.479500 1 E 
 12 178 3 40 2 3 LH 1 97 -13 111 +47 1 1 1.226403 0 0 2976.497386 2976.998358 2977.499335 2977.699721 2979.703616 2980.930020 1 C 
 12 179 3 41 3 3 HH 1 116 +14 150 -46 1 1 0.589308 0 0 2981.941300 2982.442276 2982.943248 2983.143638 2985.147533 2985.736841 1 C 
 12 180 3 42 3 2 HL 1 91 +16 118 +36 1 1 0.535231 0 0 2986.750651 2987.251623 2987.752596 2987.952986 2989.956882 2990.492113 1 C 
 12 181 3 43 2 3 LH 1 58 -24 66 +36 1 1 0.599069 0 0 2991.509900 2992.010874 2992.511852 2992.712238 2994.716133 2995.315202 1 C 
 12 182 3 44 1 3 NH 0 74 -77 74 -17 1 0 0.660654 0 0 2996.335950 2996.836922 2997.337896 2997.538286 2999.542181 3000.202836 1 E 
 12 183 3 45 3 3 HH 1 90 -76 117 -16 1 1 0.585342 0 0 3001.228793 3001.729770 3002.230741 3002.431130 3004.435026 3005.020368 1 C 
 12 184 3 46 3 2 HL 1 160 +27 112 +7 1 1 0.563194 0 0 3006.038143 3006.539116 3007.040090 3007.240480 3009.244375 3009.807569 1 C 
 12 185 3 47 3 2 HL 1 123 -83 159 -63 1 1 0.524214 0 0 3010.830793 3011.331765 3011.832743 3012.033129 3014.037025 3014.561239 1 C 
 12 186 3 48 2 2 LL 1 122 -56 140 -36 1 1 0.557670 0 0 3015.573346 3016.074318 3016.575291 3016.775680 3018.779576 3019.337246 1 C 
 12 187 3 49 2 1 LN 0 157 -16 133 -16 1 0 0.518684 0 0 3020.349295 3020.850269 3021.351244 3021.551633 3023.555527 3024.074211 1 E 
 12 188 3 50 3 3 HH 1 88 +56 114 -4 1 1 0.851669 0 0 3025.091848 3025.592823 3026.093797 3026.294185 3028.298082 3029.149752 1 C 
 12 189 3 51 3 3 HH 1 157 -58 204 +2 1 1 0.685680 0 0 3030.168384 3030.669358 3031.170330 3031.370720 3033.374615 3034.060296 1 C 
 12 190 3 52 2 1 LN 0 177 -79 203 -79 0 1 1.255998 0 0 3035.077931 3035.578903 3036.079877 3036.280263 3038.284159 3039.540157 1 C 
 12 191 3 53 2 3 LH 1 75 +67 86 +7 1 1 0.763565 0 0 3040.555242 3041.056214 3041.557188 3041.757578 3043.761482 3044.525048 1 C 
 12 192 3 54 1 3 NH 0 119 -70 119 -10 1 0 0.819242 0 0 3045.548280 3046.049253 3046.550229 3046.750617 3048.754512 3049.573754 1 E 
 12 193 3 55 2 1 LN 0 78 +90 89 +90 0 1 1.284563 0 0 3050.591415 3051.092391 3051.593364 3051.793754 3053.797649 3055.082213 1 C 
 12 194 3 56 3 3 HH 1 115 +24 80 +84 1 1 0.712361 0 0 3056.102129 3056.603102 3057.104076 3057.304466 3059.308361 3060.020722 1 C 
 12 195 3 57 3 3 HH 1 143 +46 100 -14 1 1 0.710921 0 0 3061.045070 3061.546045 3062.047019 3062.247407 3064.251304 3064.962224 1 C 
 12 196 3 58 1 3 NH 0 161 +3 161 -57 1 0 0.560872 0 0 3065.988015 3066.488986 3066.989964 3067.190350 3069.194243 3069.755115 1 E 
 12 197 3 59 1 2 NL 0 85 -40 85 -60 1 0 0.769079 0 0 3070.780663 3071.281639 3071.782609 3071.983000 3073.986895 3074.755974 1 E 
 12 198 3 60 2 2 LL 1 173 -54 147 -34 0 0 0.774381 0 0 3075.773702 3076.274679 3076.775650 3076.976039 3078.979934 3079.754314 1 E 
 12 199 4  1 2 2 LL 1 148 +51 125 +71 0 0 0.621214 0 0 3113.129656 3113.630626 3114.131600 3114.331989 3116.335885 3116.957099 1 E 
 12 200 4  2 2 3 LH 1 100 +23 85 +83 1 1 0.645227 0 0 3117.972399 3118.473375 3118.974347 3119.174737 3121.178632 3121.823858 1 C 
 12 201 4  3 1 3 NH 0 158 +59 158 -1 1 0 0.645883 0 0 3122.848546 3123.349519 3123.850496 3124.050894 3126.054777 3126.700660 1 E 
 12 202 4  4 2 2 LL 1 102 -17 86 +3 0 0 0.852466 0 0 3127.724692 3128.225667 3128.726638 3128.927027 3130.930922 3131.783389 1 E 
 12 203 4  5 3 2 HL 1 178 -33 231 -13 0 0 0.912883 0 0 3132.801225 3133.302201 3133.803175 3134.003563 3136.007458 3136.920341 1 E 
 12 204 4  6 2 1 LN 0 120 -80 138 -80 0 1 0.501108 0 0 3137.944558 3138.445531 3138.946506 3139.146894 3141.150789 3141.651897 1 C 
 12 205 4  7 3 2 HL 1 99 +3 69 -17 1 1 0.628654 0 0 3142.670411 3143.171384 3143.672359 3143.872746 3145.876643 3146.505298 1 C 
 12 206 4  8 1 3 NH 0 116 -73 116 -13 1 0 1.572869 0 0 3147.529856 3148.030832 3148.531804 3148.732193 3150.736090 3152.308958 1 E 
 12 207 4  9 1 1 NN 0 149 +86 149 +86 1 0 1.019636 0 0 3153.324454 3153.825430 3154.326402 3154.526791 3156.530687 3157.550322 1 E 
 12 208 4 10 2 2 LL 1 152 +17 129 -3 1 1 0.862756 0 0 3158.567983 3159.068956 3159.569928 3159.770318 3161.774212 3162.636968 1 C 
 12 209 4 11 2 2 LL 1 126 -65 144 -85 1 1 0.734228 0 0 3163.661216 3164.162191 3164.663162 3164.863551 3166.867448 3167.601676 1 C 
 12 210 4 12 2 2 LL 1 74 -40 85 -20 1 1 1.236642 0 0 3168.620858 3169.121829 3169.622804 3169.823192 3171.827088 3173.063730 1 C 
 12 211 4 13 2 2 LL 1 148 +41 170 +21 1 1 4.074119 0 0 3174.081470 3174.582444 3175.083418 3175.283808 3177.287703 3181.361822 1 C 
 12 212 4 14 3 1 HN 0 120 -84 84 -84 0 1 0.524114 0 0 3182.380938 3182.881911 3183.382885 3183.583274 3185.587170 3186.111284 1 C 
 12 213 4 15 3 2 HL 1 84 +7 109 +27 1 1 0.796846 0 0 3187.123491 3187.624463 3188.125438 3188.325827 3190.329722 3191.126568 1 C 
 12 214 4 16 1 1 NN 0 138 -64 138 -64 0 1 0.463052 0 0 3192.149927 3192.650902 3193.151875 3193.352264 3195.356160 3195.819211 1 C 
 12 215 4 17 1 2 NL 0 173 +31 173 +51 1 0 0.791402 0 0 3196.842384 3197.343358 3197.844330 3198.044720 3200.048615 3200.840017 1 E 
 12 216 4 18 1 3 NH 0 85 -57 85 +3 1 0 0.624413 0 0 3201.852121 3202.353097 3202.854068 3203.054458 3205.058353 3205.682766 1 E 
 12 217 4 19 2 3 LH 1 132 -3 151 +57 1 1 0.818948 0 0 3206.694868 3207.195842 3207.696816 3207.897206 3209.901101 3210.720049 1 C 
 12 218 4 20 3 2 HL 1 163 +39 114 +19 1 1 1.627067 0 0 3211.738006 3212.238978 3212.739956 3212.940342 3214.944238 3216.571305 1 C 
 12 219 4 21 1 1 NN 0 165 -89 165 -89 0 1 0.666096 0 0 3217.582700 3218.083673 3218.584647 3218.785036 3220.788933 3221.455028 1 C 
 12 220 4 22 1 1 NN 0 113 +19 113 +19 1 0 0.799848 0 0 3222.475545 3222.976519 3223.477492 3223.677881 3225.681786 3226.481634 1 E 
 12 221 4 23 1 2 NL 0 90 -41 90 -21 0 1 0.646634 0 0 3227.501983 3228.002958 3228.503930 3228.704319 3230.708214 3231.354848 1 C 
 12 222 4 24 3 2 HL 1 139 -14 97 +6 1 1 0.818385 0 0 3232.378127 3232.879101 3233.380075 3233.580464 3235.584359 3236.402744 1 C 
 12 223 4 25 2 2 LL 1 133 -68 113 -88 1 1 0.752405 0 0 3237.421266 3237.922238 3238.423216 3238.623601 3240.627497 3241.379901 1 C 
 12 224 4 26 2 3 LH 1 140 -51 161 +9 1 1 0.768080 0 0 3242.397604 3242.898578 3243.399552 3243.599942 3245.603837 3246.371917 1 C 
 12 225 4 27 3 1 HN 0 68 -72 88 -72 0 1 1.076960 0 0 3247.390645 3247.891617 3248.392592 3248.592981 3250.596876 3251.673836 1 C 
 12 226 4 28 1 2 NL 0 72 -90 72 -70 1 0 0.852373 0 0 3252.700966 3253.201940 3253.702914 3253.903302 3255.907200 3256.759573 1 E 
 12 227 4 29 3 1 HN 0 165 +13 214 +13 0 1 1.152965 0 0 3257.777503 3258.278478 3258.779450 3258.979838 3260.983734 3262.136699 1 C 
 12 228 4 30 2 2 LL 1 122 +22 140 +2 1 1 0.713519 0 0 3263.154621 3263.655595 3264.156568 3264.356959 3266.360851 3267.074370 1 C 
 12 229 4 31 3 3 HH 1 162 +87 210 +27 1 1 0.729989 0 0 3268.097566 3268.598537 3269.099510 3269.299900 3271.303796 3272.033785 1 C 
 12 230 4 32 3 1 HN 0 70 +85 91 +85 0 1 0.828166 0 0 3273.057206 3273.558178 3274.059157 3274.259541 3276.263436 3277.091603 1 C 
 12 231 4 33 3 3 HH 1 71 -28 49 +32 1 1 0.577006 0 0 3278.117041 3278.618011 3279.118988 3279.319379 3281.323270 3281.900276 1 C 
 12 232 4 34 2 3 LH 1 180 +54 153 -6 1 1 0.574271 0 0 3282.926390 3283.427362 3283.928336 3284.128726 3286.132622 3286.706893 1 C 
 12 233 4 35 3 2 HL 1 152 +33 197 +13 0 0 1.413127 0 0 3287.719039 3288.220012 3288.720987 3288.921376 3290.925270 3292.338397 1 E 
 12 234 4 36 1 2 NL 0 161 -67 161 -47 0 1 0.624412 0 0 3293.363345 3293.864318 3294.365292 3294.565681 3296.569577 3297.193989 1 C 
 12 235 4 37 1 2 NL 0 162 -65 162 -85 1 0 0.820716 0 0 3298.206094 3298.707065 3299.208039 3299.408428 3301.412325 3302.233041 1 E 
 12 236 4 38 2 3 LH 1 154 +74 177 +14 1 1 0.979524 0 0 3303.249230 3303.750202 3304.251176 3304.451576 3306.455460 3307.434984 1 C 
 12 237 4 39 3 2 HL 1 99 +68 69 +88 1 1 0.785802 0 0 3308.459357 3308.960330 3309.461304 3309.661692 3311.665588 3312.451390 1 C 
 12 238 4 40 2 1 LN 0 75 -43 86 -43 0 1 0.563178 0 0 3313.469096 3313.970069 3314.471044 3314.671431 3316.675330 3317.238508 1 C 
 12 239 4 41 2 3 LH 1 138 -62 158 -2 1 1 0.696738 0 0 3318.261745 3318.762719 3319.263692 3319.464082 3321.467977 3322.164715 1 C 
 12 240 4 42 3 1 HN 0 137 -25 178 -25 0 1 0.611697 0 0 3323.187988 3323.688961 3324.189935 3324.390325 3326.394220 3327.005917 1 C 
 12 241 4 43 3 3 HH 1 87 -13 60 +47 1 1 0.662115 0 0 3328.030736 3328.531708 3329.032684 3329.233072 3331.236967 3331.899082 1 C 
 12 242 4 44 2 1 LN 0 112 +71 128 +71 0 1 0.568758 0 0 3332.923579 3333.424554 3333.925527 3334.125915 3336.129812 3336.698570 1 C 
 12 243 4 45 1 3 NH 0 161 -80 161 -20 0 1 0.746969 0 0 3337.716230 3338.217203 3338.718177 3338.918566 3340.922462 3341.669431 1 C 
 12 244 4 46 3 2 HL 1 65 +54 84 +34 0 0 0.690104 0 0 3342.692570 3343.193545 3343.694517 3343.894907 3345.898802 3346.588906 1 E 
 12 245 4 47 3 2 HL 1 76 -26 98 -6 1 1 0.789715 0 0 3347.602115 3348.103089 3348.604061 3348.804450 3350.808345 3351.598060 1 C 
 12 246 4 48 3 2 HL 1 143 +29 185 +49 0 0 0.837399 0 0 3352.611852 3353.112825 3353.613799 3353.814189 3355.818082 3356.655480 1 E 
 12 247 4 49 3 2 HL 1 69 -37 48 -17 0 0 0.663300 0 0 3357.671688 3358.172659 3358.673636 3358.874025 3360.877920 3361.541220 1 E 
 12 248 4 50 3 1 HN 0 64 +46 44 +46 0 1 0.429548 0 0 3362.564532 3363.065506 3363.566479 3363.766869 3365.770765 3366.200313 1 C 
 12 249 4 51 2 2 LL 1 132 -22 112 -42 0 0 0.607586 0 0 3367.223589 3367.724566 3368.225536 3368.425925 3370.429821 3371.037407 1 E 
 12 250 4 52 3 2 HL 1 176 +60 123 +40 0 0 0.769122 0 0 3372.049638 3372.550611 3373.051585 3373.251974 3375.255869 3376.024992 1 E 
 12 251 4 53 1 1 NN 0 135 -15 135 -15 0 1 0.919396 0 0 3377.042679 3377.543652 3378.044626 3378.245014 3380.248912 3381.168308 1 C 
 12 252 4 54 3 3 HH 1 109 +83 141 +23 1 1 0.600106 0 0 3382.186009 3382.686982 3383.187955 3383.388345 3385.392240 3385.992346 1 C 
 12 253 4 55 2 2 LL 1 60 -48 69 -68 1 1 1.482576 0 0 3387.012056 3387.513029 3388.014003 3388.214393 3390.218288 3391.700864 1 C 
 12 254 4 56 3 3 HH 1 125 -7 162 +53 1 1 0.534168 0 0 3392.723157 3393.224133 3393.725110 3393.925497 3395.929390 3396.463558 1 C 
 12 255 4 57 2 2 LL 1 56 +54 47 +74 1 1 1.036217 0 0 3397.482409 3397.983383 3398.484357 3398.684746 3400.688642 3401.724859 1 C 
 12 256 4 58 3 2 HL 1 175 -88 122 -68 1 1 0.772214 0 0 3402.742635 3403.243609 3403.744582 3403.944972 3405.948870 3406.721083 1 C 
 12 257 4 59 2 3 LH 1 95 +65 80 +5 1 1 0.546503 0 0 3407.735674 3408.236651 3408.737622 3408.938011 3410.941906 3411.488410 1 C 
 12 258 4 60 1 2 NL 0 121 +50 121 +70 1 0 0.823643 0 0 3412.511626 3413.012599 3413.513573 3413.713966 3415.717857 3416.541499 1 E 
 12 259 5  1 3 3 HH 1 147 -66 102 -6 1 1 0.730172 0 0 3442.686951 3443.187927 3443.688897 3443.889287 3445.893182 3446.623354 1 C 
 12 260 5  2 1 1 NN 0 63 -55 63 -55 0 1 0.379296 0 0 3447.646590 3448.147563 3448.648539 3448.848928 3450.852823 3451.232119 1 C 
 12 261 5  3 1 1 NN 0 79 +22 79 +22 1 0 0.956318 0 0 3452.255552 3452.756524 3453.257498 3453.457887 3455.461783 3456.418101 1 E 
 12 262 5  4 1 1 NN 0 112 +10 112 +10 0 1 0.743931 0 0 3457.432280 3457.933257 3458.434227 3458.634617 3460.638512 3461.382443 1 C 
 12 263 5  5 2 2 LL 1 132 -2 151 +18 1 1 0.652245 0 0 3462.408619 3462.909594 3463.410568 3463.610957 3465.614852 3466.267098 1 C 
 12 264 5  6 1 1 NN 0 169 +26 169 +26 0 1 0.548381 0 0 3467.284766 3467.785740 3468.286715 3468.487102 3470.490999 3471.039380 1 C 
 12 265 5  7 1 2 NL 0 112 -81 112 -61 1 0 0.824756 0 0 3472.060716 3472.561690 3473.062664 3473.263054 3475.266949 3476.091705 1 E 
 12 266 5  8 1 2 NL 0 163 +12 163 +32 1 0 1.041950 0 0 3477.103855 3477.604826 3478.105803 3478.306191 3480.310086 3481.352036 1 E 
 12 267 5  9 2 3 LH 1 119 -87 136 -27 1 1 0.640350 0 0 3482.364078 3482.865052 3483.366027 3483.566416 3485.570312 3486.210662 1 C 
 12 268 5 10 1 2 NL 0 177 +86 177 +66 0 1 0.922068 0 0 3487.223525 3487.724501 3488.225475 3488.425863 3490.429758 3491.351827 1 C 
 12 269 5 11 2 1 LN 0 56 +48 47 +48 0 1 0.540899 0 0 3492.366859 3492.867832 3493.368805 3493.569193 3495.573089 3496.113988 1 C 
 12 270 5 12 2 3 LH 1 163 +11 138 -49 1 1 0.702261 0 0 3497.126113 3497.627081 3498.128056 3498.328446 3500.332349 3501.034609 1 C 
 12 271 5 13 1 1 NN 0 157 +36 157 +36 0 1 0.888505 0 0 3502.052352 3502.553324 3503.054297 3503.254687 3505.258582 3506.147088 1 C 
 12 272 5 14 1 2 NL 0 118 +11 118 +31 0 1 0.385066 0 0 3507.162286 3507.663257 3508.164230 3508.364622 3510.368517 3510.753583 1 C 
 12 273 5 15 1 3 NH 0 123 +55 123 -5 1 0 0.551989 0 0 3511.771246 3512.272221 3512.773191 3512.973580 3514.977476 3515.529465 1 E 
 12 274 5 16 1 2 NL 0 108 +74 108 +54 0 1 0.401747 0 0 3516.547194 3517.048176 3517.549142 3517.749532 3519.753427 3520.155174 1 C 
 12 275 5 17 2 2 LL 1 130 +16 110 -4 1 1 0.901220 0 0 3521.172853 3521.673827 3522.174800 3522.375190 3524.379088 3525.280308 1 C 
 12 276 5 18 1 2 NL 0 159 +43 159 +63 0 1 0.401700 0 0 3526.299486 3526.800459 3527.301433 3527.501822 3529.505718 3529.907417 1 C 
 12 277 5 19 3 1 HN 0 133 -5 93 -5 0 1 0.585401 0 0 3530.925145 3531.426118 3531.927092 3532.127486 3534.131377 3534.716777 1 C 
 12 278 5 20 2 3 LH 1 58 +0 49 -60 1 1 0.591080 0 0 3535.734492 3536.235467 3536.736441 3536.936830 3538.940725 3539.531805 1 C 
 12 279 5 21 3 3 HH 1 114 +86 148 +26 1 1 0.694917 0 0 3540.543842 3541.044818 3541.545790 3541.746178 3543.750077 3544.444994 1 C 
 12 280 5 22 2 3 LH 1 99 -64 113 -4 0 0 0.727810 0 0 3545.470083 3545.971059 3546.472032 3546.672421 3548.676317 3549.404127 1 E 
 12 281 5 23 3 2 HL 1 97 -28 126 -48 1 1 0.721566 0 0 3550.429726 3550.930698 3551.431674 3551.632061 3553.635956 3554.357522 1 C 
 12 282 5 24 2 3 LH 1 135 +51 155 -9 1 1 0.568692 0 0 3555.372669 3555.873642 3556.374613 3556.575005 3558.578901 3559.147592 1 C 
 12 283 5 25 2 2 LL 1 141 -22 119 -42 0 0 0.379499 0 0 3560.165318 3560.666291 3561.167265 3561.367655 3563.371550 3563.751048 1 E 
 12 284 5 26 1 2 NL 0 132 -16 132 -36 1 0 0.641094 0 0 3564.774277 3565.275253 3565.776229 3565.976615 3567.980509 3568.621603 1 E 
 12 285 5 27 3 2 HL 1 85 +61 59 +81 0 0 0.660702 0 0 3569.633725 3570.134697 3570.635674 3570.836060 3572.839956 3573.500658 1 E 
 12 286 5 28 2 1 LN 0 79 -68 90 -68 0 1 0.752253 0 0 3574.526572 3575.027542 3575.528515 3575.728905 3577.732800 3578.485053 1 C 
 12 287 5 29 1 3 NH 0 103 -66 103 -6 1 0 0.905297 0 0 3579.502911 3580.003883 3580.504860 3580.705245 3582.709143 3583.614439 1 E 
 12 288 5 30 2 3 LH 1 66 -67 75 -7 1 1 0.679892 0 0 3584.629541 3585.130516 3585.631488 3585.831878 3587.835773 3588.515665 1 C 
 12 289 5 31 1 2 NL 0 89 +5 89 +25 1 0 0.700499 0 0 3589.539085 3590.040060 3590.541032 3590.741422 3592.745317 3593.445816 1 E 
 12 290 5 32 1 1 NN 0 78 +69 78 +69 0 1 0.816326 0 0 3594.465327 3594.966301 3595.467275 3595.667665 3597.671561 3598.487887 1 C 
 12 291 5 33 2 2 LL 1 66 -5 56 +15 0 0 0.585330 0 0 3599.508466 3600.009437 3600.510411 3600.710802 3602.714696 3603.300026 1 E 
 12 292 5 34 1 2 NL 0 91 +17 91 -3 1 0 0.802449 0 0 3604.317813 3604.818786 3605.319764 3605.520150 3607.524045 3608.326494 1 E 
 12 293 5 35 1 2 NL 0 85 -82 85 -62 0 1 0.773950 0 0 3609.344255 3609.845227 3610.346198 3610.546588 3612.550483 3613.324433 1 C 
 12 294 5 36 3 3 HH 1 63 -29 44 +31 1 1 0.573131 0 0 3614.337291 3614.838263 3615.339237 3615.539627 3617.543523 3618.116654 1 C 
 12 295 5 37 1 2 NL 0 128 -33 128 -13 0 1 0.604616 0 0 3619.129945 3619.630913 3620.131888 3620.332277 3622.336172 3622.940788 1 C 
 12 296 5 38 2 2 LL 1 121 -14 102 +6 1 1 0.694135 0 0 3623.955989 3624.456962 3624.957934 3625.158324 3627.162221 3627.856356 1 C 
 12 297 5 39 1 1 NN 0 139 +1 139 +1 0 1 0.607506 0 0 3628.882231 3629.383204 3629.884178 3630.084571 3632.088463 3632.695969 1 C 
 12 298 5 40 2 3 LH 1 123 +7 104 -53 1 1 0.500988 0 0 3633.708279 3634.209255 3634.710227 3634.910616 3636.914511 3637.415499 1 C 
 12 299 5 41 2 3 LH 1 138 -70 158 -10 1 1 0.540802 0 0 3638.434133 3638.935106 3639.436080 3639.636469 3641.640365 3642.181167 1 C 
 12 300 5 42 3 2 HL 1 62 -83 80 -63 0 0 0.737362 0 0 3643.193385 3643.694358 3644.195333 3644.395721 3646.399617 3647.136979 1 E 
 12 301 5 43 3 3 HH 1 146 +13 102 +73 1 1 1.921382 0 0 3648.153026 3648.654001 3649.154973 3649.355364 3651.359258 3653.280640 1 C 
 12 302 5 44 2 3 LH 1 88 -13 101 -73 1 1 2.617124 0 0 3654.298305 3654.799278 3655.300252 3655.500642 3657.504536 3660.121660 1 C 
 12 303 5 45 1 1 NN 0 154 +36 154 +36 0 1 0.857998 0 0 3661.144948 3661.645920 3662.146895 3662.347281 3664.351179 3665.209177 1 C 
 12 304 5 46 2 1 LN 0 138 +73 158 +73 1 0 0.606490 0 0 3666.221483 3666.722456 3667.223431 3667.423820 3669.427715 3670.034205 1 E 
 12 305 5 47 2 3 LH 1 69 -53 79 +7 1 1 0.633694 0 0 3671.047531 3671.548507 3672.049480 3672.249867 3674.253762 3674.887456 1 C 
 12 306 5 48 3 2 HL 1 120 +34 84 +54 0 0 0.644697 0 0 3675.906978 3676.407953 3676.908923 3677.109314 3679.113209 3679.757906 1 E 
 12 307 5 49 3 2 HL 1 57 -81 74 -61 0 0 0.640908 0 0 3680.783122 3681.284097 3681.785069 3681.985458 3683.989354 3684.630262 1 E 
 12 308 5 50 1 1 NN 0 155 -19 155 -19 1 0 0.757957 0 0 3685.642567 3686.143542 3686.644516 3686.844905 3688.848800 3689.606757 1 E 
 12 309 5 51 1 3 NH 0 103 -1 103 +59 1 0 0.913790 0 0 3690.618908 3691.119882 3691.620855 3691.821245 3693.825141 3694.738931 1 E 
 12 310 5 52 2 3 LH 1 172 +71 197 +11 1 1 0.663223 0 0 3695.762242 3696.263217 3696.764187 3696.964577 3698.968472 3699.631695 1 C 
 12 311 5 53 2 1 LN 0 63 +62 53 +62 1 0 0.640975 0 0 3700.655086 3701.156060 3701.657032 3701.857421 3703.861324 3704.502299 1 E 
 12 312 5 54 2 1 LN 0 63 -76 72 -76 0 1 0.601551 0 0 3705.514532 3706.015506 3706.516479 3706.716867 3708.720762 3709.322313 1 C 
 12 313 5 55 2 3 LH 1 64 -11 54 +49 1 1 0.656929 0 0 3710.340580 3710.841553 3711.342526 3711.542916 3713.546814 3714.203743 1 C 
 12 314 5 56 2 2 LL 1 90 +10 76 -10 1 1 0.672015 0 0 3715.216723 3715.717698 3716.218673 3716.419063 3718.422957 3719.094972 1 C 
 12 315 5 57 1 1 NN 0 126 +65 126 +65 0 1 0.888194 0 0 3720.109568 3720.610543 3721.111516 3721.311906 3723.315801 3724.203994 1 C 
 12 316 5 58 2 2 LL 1 136 +51 156 +31 0 0 0.696570 0 0 3725.219502 3725.720479 3726.221450 3726.421839 3728.425733 3729.122304 1 E 
 12 317 5 59 3 3 HH 1 126 -35 88 +25 1 1 1.498356 0 0 3730.145746 3730.646720 3731.147693 3731.348082 3733.351977 3734.850333 1 C 
 12 318 5 60 1 1 NN 0 98 -38 98 -38 0 1 1.460974 0 0 3735.873548 3736.374519 3736.875498 3737.075883 3739.079781 3740.540755 1 C 
 12 319 6  1 2 3 LH 1 78 -7 89 +53 1 1 0.478292 0 0 3771.175506 3771.676477 3772.177453 3772.377840 3774.381736 3774.860028 1 C 
 12 320 6  2 3 3 HH 1 180 -69 234 -9 1 1 1.143520 0 0 3775.884658 3776.385631 3776.886605 3777.086995 3779.090891 3780.234411 1 C 
 12 321 6  3 3 2 HL 1 115 -85 149 -65 0 0 0.462863 0 0 3781.245079 3781.746051 3782.247027 3782.447415 3784.451310 3784.914173 1 E 
 12 322 6  4 1 1 NN 0 132 +39 132 +39 1 0 0.540898 0 0 3785.937534 3786.438505 3786.939480 3787.139870 3789.143765 3789.684664 1 E 
 12 323 6  5 3 1 HN 0 115 +84 80 +84 0 1 0.596521 0 0 3790.696785 3791.197758 3791.698735 3791.899121 3793.903028 3794.499549 1 C 
 12 324 6  6 1 3 NH 0 145 +51 145 -9 1 0 0.785595 0 0 3795.522833 3796.023806 3796.524783 3796.725169 3798.729064 3799.514660 1 E 
 12 325 6  7 3 3 HH 1 57 +33 39 -27 1 1 0.585264 0 0 3800.532572 3801.033547 3801.534519 3801.734908 3803.738803 3804.324067 1 C 
 12 326 6  8 1 2 NL 0 57 -82 57 -62 0 1 0.696807 0 0 3805.341923 3805.842894 3806.343869 3806.544257 3808.548152 3809.244958 1 C 
 12 327 6  9 2 2 LL 1 173 +78 147 +58 0 0 0.546454 0 0 3810.268163 3810.769139 3811.270113 3811.470499 3813.474395 3814.020849 1 E 
 12 328 6 10 1 1 NN 0 163 -1 163 -1 0 1 0.624331 0 0 3815.044115 3815.545091 3816.046061 3816.246451 3818.250346 3818.874677 1 C 
 12 329 6 11 2 2 LL 1 152 -31 129 -11 1 1 0.717625 0 0 3819.886860 3820.387834 3820.888808 3821.089198 3823.093096 3823.810720 1 C 
 12 330 6 12 1 1 NN 0 153 +75 153 +75 0 1 0.434355 0 0 3824.829804 3825.330783 3825.831750 3826.032140 3828.036035 3828.470389 1 C 
 12 331 6 13 3 1 HN 0 133 +49 93 +49 0 1 0.494317 0 0 3829.488859 3829.989833 3830.490807 3830.691197 3832.695092 3833.189409 1 C 
 12 332 6 14 3 3 HH 1 117 +70 81 +10 1 1 0.533446 0 0 3834.214717 3834.715685 3835.216662 3835.417052 3837.420945 3837.954391 1 C 
 12 333 6 15 3 1 HN 0 173 -32 121 -32 0 1 0.618799 0 0 3838.973966 3839.474937 3839.975912 3840.176302 3842.180196 3842.798995 1 C 
 12 334 6 16 3 1 HN 0 145 +58 188 +58 0 1 0.769052 0 0 3843.816713 3844.317688 3844.818659 3845.019048 3847.022945 3847.791998 1 C 
 12 335 6 17 3 2 HL 1 159 +86 111 +66 0 0 0.574306 0 0 3848.809752 3849.310725 3849.811700 3850.012086 3852.015983 3852.590290 1 E 
 12 336 6 18 3 1 HN 0 153 +68 198 +68 0 1 0.516120 0 0 3853.602404 3854.103374 3854.604350 3854.804738 3856.808641 3857.324761 1 C 
 12 337 6 19 2 2 LL 1 102 +52 117 +32 1 1 0.751816 0 0 3858.344954 3858.845931 3859.346901 3859.547290 3861.551185 3862.303001 1 C 
 12 338 6 20 2 1 LN 0 104 +38 119 +38 0 1 0.830347 0 0 3863.321293 3863.822267 3864.323241 3864.523630 3866.527525 3867.357872 1 C 
 12 339 6 21 2 2 LL 1 100 +35 85 +15 1 1 0.746034 0 0 3868.381128 3868.882103 3869.383077 3869.583468 3871.587362 3872.333396 1 C 
 12 340 6 22 3 1 HN 0 109 +29 76 +29 0 1 0.385018 0 0 3873.357470 3873.858442 3874.359416 3874.559806 3876.563704 3876.948722 1 C 
 12 341 6 23 3 2 HL 1 97 -87 67 -67 1 1 0.817766 0 0 3877.966427 3878.467402 3878.968377 3879.168766 3881.172662 3881.990427 1 C 
 12 342 6 24 1 1 NN 0 162 -83 162 -83 0 1 0.588354 0 0 3883.009566 3883.510541 3884.011514 3884.211902 3886.215798 3886.804152 1 C 
 12 343 6 25 3 3 HH 1 179 -11 232 +49 1 1 0.791380 0 0 3887.818914 3888.319888 3888.820862 3889.021252 3891.025158 3891.816538 1 C 
 12 344 6 26 3 3 HH 1 115 +63 149 +3 1 1 0.745428 0 0 3892.828654 3893.329627 3893.830601 3894.030990 3896.034885 3896.780313 1 C 
 12 345 6 27 1 3 NH 0 173 -84 173 -24 1 0 0.579897 0 0 3897.804994 3898.305971 3898.806940 3899.007331 3901.011226 3901.591123 1 E 
 12 346 6 28 1 1 NN 0 69 +66 69 +66 0 1 0.440672 0 0 3902.614342 3903.115319 3903.616290 3903.816679 3905.820575 3906.261247 1 C 
 12 347 6 29 2 3 LH 1 149 +8 126 +68 0 0 0.463041 0 0 3907.273405 3907.774373 3908.275347 3908.475736 3910.479632 3910.942672 1 E 
 12 348 6 30 3 1 HN 0 136 +40 95 +40 0 1 0.485280 0 0 3911.965855 3912.466828 3912.967802 3913.168191 3915.172087 3915.657367 1 C 
 12 349 6 31 2 2 LL 1 113 -13 129 -33 1 1 0.839087 0 0 3916.675008 3917.175982 3917.676956 3917.877346 3919.881241 3920.720328 1 C 
 12 350 6 32 3 2 HL 1 174 +68 226 +88 1 1 0.713426 0 0 3921.734846 3922.235818 3922.736792 3922.937180 3924.941077 3925.654503 1 C 
 12 351 6 33 3 3 HH 1 146 +0 189 +60 1 1 0.723807 0 0 3926.677787 3927.178760 3927.679734 3927.880122 3929.884019 3930.607826 1 C 
 12 352 6 34 1 1 NN 0 150 +20 150 +20 1 0 1.198477 0 0 3931.620728 3932.121702 3932.622678 3932.823065 3934.826961 3936.025439 1 E 
 12 353 6 35 1 3 NH 0 118 +56 118 -4 0 1 1.196447 0 0 3937.047947 3937.548919 3938.049893 3938.250282 3940.254178 3941.450624 1 C 
 12 354 6 36 1 3 NH 0 124 +70 124 +10 1 0 0.668841 0 0 3942.475162 3942.976135 3943.477109 3943.677498 3945.681394 3946.350235 1 E 
 12 355 6 37 2 3 LH 1 173 -70 147 -10 1 1 0.644507 0 0 3947.368007 3947.868979 3948.369958 3948.570343 3950.574242 3951.218748 1 C 
 12 356 6 38 1 3 NH 0 86 +10 86 +70 1 0 0.513210 0 0 3952.244153 3952.745128 3953.246101 3953.446492 3955.450389 3955.963599 1 E 
 12 357 6 39 1 2 NL 0 74 -32 74 -12 0 1 0.513093 0 0 3956.986704 3957.487678 3957.988652 3958.189040 3960.192936 3960.706029 1 C 
 12 358 6 40 2 1 LN 0 103 +30 87 +30 1 0 0.584054 0 0 3961.729258 3962.230230 3962.731204 3962.931593 3964.935489 3965.519543 1 E 
 12 359 6 41 2 1 LN 0 121 -14 139 -14 0 1 0.622836 0 0 3966.538607 3967.039584 3967.540554 3967.740942 3969.744838 3970.367673 1 C 
 12 360 6 42 1 1 NN 0 76 -18 76 -18 0 1 0.383745 0 0 3971.381354 3971.882326 3972.383300 3972.583690 3974.587585 3974.971330 1 C 
 12 361 6 43 3 2 HL 1 58 +19 40 +39 0 0 0.493880 0 0 3975.990313 3976.491289 3976.992260 3977.192649 3979.196544 3979.690424 1 E 
 12 362 6 44 3 2 HL 1 83 +63 58 +43 0 0 0.495505 0 0 3980.716165 3981.217139 3981.718113 3981.918502 3983.922406 3984.417911 1 E 
 12 363 6 45 2 1 LN 0 126 +84 144 +84 0 1 0.632221 0 0 3985.442021 3985.942993 3986.443968 3986.644355 3988.648252 3989.280473 1 C 
 12 364 6 46 2 3 LH 1 94 -56 108 +4 1 1 0.641064 0 0 3990.301467 3990.802439 3991.303414 3991.503807 3993.507707 3994.148771 1 C 
 12 365 6 47 2 3 LH 1 84 -55 71 +5 1 1 0.630068 0 0 3995.160911 3995.661884 3996.162859 3996.363249 3998.367144 3998.997212 1 C 
 12 366 6 48 3 3 HH 1 174 -15 226 -75 1 1 1.487153 0 0 4000.020358 4000.521331 4001.022305 4001.222695 4003.226594 4004.713747 1 C 
 12 367 6 49 3 3 HH 1 177 +82 230 +22 1 1 0.587749 0 0 4005.731459 4006.232434 4006.733408 4006.933797 4008.937697 4009.525446 1 C 
 12 368 6 50 1 1 NN 0 126 +75 126 +75 0 1 0.861523 0 0 4010.540808 4011.041780 4011.542759 4011.743146 4013.747044 4014.608567 1 C 
 12 369 6 51 3 1 HN 0 56 -4 39 -4 0 1 0.461071 0 0 4015.634043 4016.135017 4016.635992 4016.836380 4018.840276 4019.301346 1 C 
 12 370 6 52 3 2 HL 1 55 -13 38 +7 1 1 0.660399 0 0 4020.326498 4020.827475 4021.328446 4021.528835 4023.532730 4024.193129 1 C 
 12 371 6 53 3 1 HN 0 72 +28 50 +28 0 1 0.529471 0 0 4025.219344 4025.720316 4026.221288 4026.421680 4028.425574 4028.955045 1 C 
 12 372 6 54 2 2 LL 1 65 -24 55 -4 0 0 1.053085 0 0 4029.978595 4030.479567 4030.980543 4031.180931 4033.184827 4034.237913 1 E 
 12 373 6 55 3 3 HH 1 62 +48 80 -12 0 0 1.086347 0 0 4035.255520 4035.756493 4036.257466 4036.457856 4038.461752 4039.548099 1 E 
 12 374 6 56 1 3 NH 0 163 -3 163 -63 1 0 0.529020 0 0 4040.565842 4041.066815 4041.567791 4041.768179 4043.772074 4044.301094 1 E 
 12 375 6 57 2 1 LN 0 120 +20 102 +20 0 1 0.518215 0 0 4045.325095 4045.826070 4046.327044 4046.527430 4048.531325 4049.049540 1 C 
 12 376 6 58 1 2 NL 0 161 +32 161 +52 1 0 0.706335 0 0 4050.067648 4050.568618 4051.069593 4051.269983 4053.273878 4053.980213 1 E 
 12 377 6 59 3 2 HL 1 108 +34 75 +14 0 0 0.549869 0 0 4054.993890 4055.494861 4055.995836 4056.196226 4058.200121 4058.749990 1 E 
 12 378 6 60 2 3 LH 1 156 -79 179 -19 1 1 0.694542 0 0 4059.769840 4060.270812 4060.771787 4060.972176 4062.976071 4063.670613 1 C 
