 45   1 0 43 1 2 NL 0 108 -51 108 -16 0 1 1.951115 0 0 1200.569428 1201.070406 1201.571375 1201.771765 1203.775660 1205.726775 1 C 
 45   2 0 44 1 1 NN 0 60 +24 60 +24 0 1 1.089376 0 0 1206.748108 1207.249078 1207.750055 1207.950445 1209.954341 1211.043717 1 C 
 45   3 0 45 3 3 HH 1 169 +32 84 -38 1 1 1.390022 0 0 1212.058431 1212.559406 1213.060378 1213.260765 1215.264660 1216.654682 1 C 
 45   4 0 46 1 3 NH 0 72 -60 72 +10 1 0 1.786238 0 0 1217.669337 1218.170309 1218.671284 1218.871677 1220.875575 1222.661812 1 E 
 45   5 0 47 2 3 LH 1 67 -89 46 -19 0 0 5.254174 0 0 1223.681023 1224.181994 1224.682969 1224.883358 1226.887254 1232.141428 1 E 
 45   6 0 48 1 2 NL 0 146 +28 146 -7 0 1 1.320026 0 0 1233.166127 1233.667099 1234.168073 1234.368463 1236.372359 1237.692385 1 C 
 45   7 0 49 3 1 HN 0 144 +35 72 +35 0 1 1.592886 0 0 1238.710237 1239.211210 1239.712184 1239.912574 1241.916469 1243.509355 1 C 
 45   8 0 50 1 3 NH 0 130 -82 130 -12 0 1 1.105506 0 0 1244.521534 1245.022508 1245.523484 1245.723870 1247.727766 1248.833272 1 C 
 45   9 0 51 1 3 NH 0 121 +27 121 -43 0 1 1.376269 0 0 1249.848554 1250.349529 1250.850503 1251.050892 1253.054788 1254.431056 1 C 
 45  10 0 52 2 1 LN 0 130 -75 91 -75 0 1 3.507650 0 0 1255.442765 1255.943739 1256.444710 1256.645101 1258.648996 1262.156645 1 C 
 45  11 0 53 3 2 HL 1 97 -88 48 -53 1 1 1.321748 0 0 1263.174461 1263.675436 1264.176408 1264.376797 1266.380693 1267.702440 1 C 
 45  12 0 54 3 1 HN 0 176 +44 88 +44 0 1 1.377310 0 0 1268.718575 1269.219544 1269.720520 1269.920908 1271.924803 1273.302113 1 C 
 45  13 0 55 2 1 LN 0 68 -58 88 -58 0 1 1.414795 0 0 1274.312779 1274.813752 1275.314725 1275.515116 1277.519009 1278.933803 1 C 
 45  14 0 56 1 1 NN 0 113 -8 113 -8 0 1 0.699544 0 0 1279.957086 1280.458058 1280.959035 1281.159421 1283.163316 1283.862859 1 C 
 45  15 0 57 2 2 LL 1 135 -38 94 -3 0 0 1.277658 0 0 1284.883328 1285.384301 1285.885274 1286.085664 1288.089559 1289.367217 1 E 
 45  16 0 58 2 2 LL 1 115 +19 149 +54 1 1 1.373200 0 0 1290.394041 1290.895016 1291.395986 1291.596376 1293.600271 1294.973471 1 C 
 45  17 0 59 3 3 HH 1 138 -20 69 +50 1 1 1.080007 0 0 1295.988246 1296.489220 1296.990194 1297.190584 1299.194479 1300.274487 1 C 
 45  18 0 60 2 1 LN 0 151 -27 196 -27 0 1 1.481616 0 0 1301.298571 1301.799544 1302.300519 1302.500906 1304.504803 1305.986420 1 C 
 45  19 1  1 3 3 HH 1 76 -40 114 +30 1 1 1.186332 0 0 1313.706024 1314.206996 1314.707968 1314.908359 1316.912254 1318.098586 1 C 
 45  20 1  2 2 2 LL 1 65 -59 84 -24 1 1 1.860163 0 0 1319.116538 1319.617513 1320.118491 1320.318876 1322.322772 1324.182935 1 C 
 45  21 1  3 3 1 HN 0 126 +40 63 +40 0 1 1.166658 0 0 1325.195026 1325.695996 1326.196970 1326.397359 1328.401253 1329.567911 1 C 
 45  22 1  4 2 2 LL 1 108 +50 140 +85 1 1 1.117985 0 0 1330.588843 1331.089817 1331.590789 1331.791183 1333.795073 1334.913058 1 C 
 45  23 1  5 1 2 NL 0 102 -57 102 -22 0 1 1.966181 0 0 1335.932564 1336.433535 1336.934513 1337.134898 1339.138796 1341.104977 1 C 
 45  24 1  6 1 3 NH 0 67 +52 67 -18 0 1 1.309145 0 0 1342.127940 1342.628912 1343.129886 1343.330275 1345.334171 1346.643316 1 C 
 45  25 1  7 2 3 LH 1 92 -85 64 -15 1 1 1.084292 0 0 1347.655350 1348.156324 1348.657299 1348.857685 1350.861582 1351.945874 1 C 
 45  26 1  8 2 1 LN 0 57 -36 39 -36 0 1 1.975450 0 0 1352.965674 1353.466646 1353.967620 1354.168009 1356.171905 1358.147355 1 C 
 45  27 1  9 3 1 HN 0 102 -83 153 -83 0 1 1.010480 0 0 1359.161050 1359.662023 1360.162999 1360.363386 1362.367282 1363.377762 1 C 
 45  28 1 10 2 3 LH 1 164 -32 213 +38 1 1 0.950860 0 0 1364.404578 1364.905549 1365.406523 1365.606913 1367.610807 1368.561667 1 C 
 45  29 1 11 2 2 LL 1 98 +29 127 +64 0 0 1.414837 0 0 1369.581304 1370.082284 1370.583257 1370.783643 1372.787538 1374.202375 1 E 
 45  30 1 12 2 3 LH 1 109 -65 141 +5 0 0 1.624291 0 0 1375.225612 1375.726587 1376.227562 1376.427947 1378.431843 1380.056134 1 E 
 45  31 1 13 3 2 HL 1 93 -19 46 +16 1 1 0.956831 0 0 1381.070306 1381.571282 1382.072253 1382.272643 1384.276538 1385.233369 1 C 
 45  32 1 14 3 1 HN 0 156 -63 78 -63 0 1 0.980507 0 0 1386.247036 1386.748009 1387.248985 1387.449373 1389.453277 1390.433785 1 C 
 45  33 1 15 1 3 NH 0 125 -22 125 +48 0 1 1.561811 0 0 1391.457164 1391.958137 1392.459113 1392.659501 1394.663396 1396.225207 1 C 
 45  34 1 16 1 3 NH 0 136 +44 136 -26 0 1 1.079156 0 0 1397.251763 1397.752736 1398.253709 1398.454098 1400.457994 1401.537150 1 C 
 45  35 1 17 2 2 LL 1 153 -5 107 -40 0 0 0.986058 0 0 1402.562084 1403.063058 1403.564032 1403.764423 1405.768317 1406.754375 1 E 
 45  36 1 18 1 1 NN 0 179 +87 179 +87 0 1 1.464895 0 0 1407.772213 1408.273188 1408.774160 1408.974549 1410.978445 1412.443341 1 C 
 45  37 1 19 1 1 NN 0 115 -42 115 -42 0 1 0.933184 0 0 1413.466616 1413.967590 1414.468563 1414.668952 1416.672846 1417.606030 1 C 
 45  38 1 20 3 1 HN 0 148 +68 74 +68 0 1 1.371165 0 0 1418.626647 1419.127618 1419.628593 1419.828983 1421.832876 1423.204041 1 C 
 45  39 1 21 2 3 LH 1 86 +58 60 -12 0 0 1.448207 0 0 1424.220855 1424.721827 1425.222804 1425.423190 1427.427086 1428.875292 1 E 
 45  40 1 22 1 2 NL 0 153 +67 153 +32 0 1 1.637465 0 0 1429.898557 1430.399530 1430.900504 1431.100894 1433.104790 1434.742254 1 C 
 45  41 1 23 1 2 NL 0 134 +17 134 +52 0 1 0.900557 0 0 1435.759956 1436.260924 1436.761899 1436.962288 1438.966184 1439.866741 1 C 
 45  42 1 24 2 1 LN 0 102 +79 71 +79 0 1 0.933594 0 0 1440.886586 1441.387558 1441.888533 1442.088921 1444.092817 1445.026411 1 C 
 45  43 1 25 2 3 LH 1 109 -58 76 +12 1 1 1.287130 0 0 1446.046615 1446.547588 1447.048561 1447.248951 1449.252847 1450.539977 1 C 
 45  44 1 26 3 2 HL 1 155 -84 77 -49 0 0 1.041928 0 0 1451.557326 1452.058300 1452.559276 1452.759665 1454.763568 1455.805495 1 E 
 45  45 1 27 2 3 LH 1 80 +1 56 -69 1 1 1.069477 0 0 1456.817553 1457.318528 1457.819503 1458.019889 1460.023784 1461.093261 1 C 
 45  46 1 28 3 3 HH 1 92 +36 138 -34 1 1 1.592988 0 0 1462.111175 1462.612153 1463.113126 1463.313512 1465.317408 1466.910396 1 C 
 45  47 1 29 1 3 NH 0 74 +7 74 -63 0 1 1.367029 0 0 1467.922474 1468.423445 1468.924420 1469.124809 1471.128705 1472.495734 1 C 
 45  48 1 30 3 1 HN 0 71 +75 35 +75 0 1 1.576511 0 0 1473.516681 1474.017654 1474.518627 1474.719017 1476.722913 1478.299424 1 C 
 45  49 1 31 1 3 NH 0 130 -15 130 +55 0 1 1.142165 0 0 1479.311279 1479.812252 1480.313228 1480.513615 1482.517510 1483.659675 1 C 
 45  50 1 32 3 2 HL 1 156 +77 78 +42 0 0 1.105574 0 0 1484.671706 1485.172671 1485.673646 1485.874035 1487.877931 1488.983505 1 E 
 45  51 1 33 1 2 NL 0 175 +88 175 +53 1 0 2.052119 0 0 1489.998720 1490.499694 1491.000666 1491.201057 1493.204963 1495.257082 1 E 
 45  52 1 34 2 2 LL 1 172 +21 120 +56 1 1 1.795109 0 0 1496.277595 1496.778565 1497.279542 1497.479929 1499.483824 1501.278933 1 C 
 45  53 1 35 3 1 HN 0 60 -8 90 -8 0 1 0.897292 0 0 1502.305979 1502.806951 1503.307925 1503.508315 1505.512210 1506.409501 1 C 
 45  54 1 36 2 3 LH 1 111 -24 144 +46 1 1 1.125408 0 0 1507.432612 1507.933583 1508.434560 1508.634947 1510.638840 1511.764248 1 C 
 45  55 1 37 1 3 NH 0 54 +51 54 -19 0 1 1.945403 0 0 1512.776331 1513.277307 1513.778279 1513.978668 1515.982566 1517.927969 1 C 
 45  56 1 38 2 3 LH 1 105 +32 73 -38 1 1 0.991694 0 0 1518.955011 1519.455986 1519.956956 1520.157345 1522.161241 1523.152935 1 C 
 45  57 1 39 1 3 NH 0 157 +75 157 +5 0 1 1.293475 0 0 1524.165135 1524.666108 1525.167086 1525.367474 1527.371368 1528.664843 1 C 
 45  58 1 40 3 3 HH 1 177 -32 88 +38 1 1 2.093865 0 0 1529.675846 1530.176822 1530.677796 1530.878186 1532.882081 1534.975946 1 C 
 45  59 1 41 3 2 HL 1 95 +9 142 +44 1 1 1.420382 0 0 1535.988120 1536.489094 1536.990069 1537.190457 1539.194352 1540.614733 1 C 
 45  60 1 42 3 3 HH 1 115 -13 172 -83 1 1 1.375825 0 0 1541.632426 1542.133400 1542.634376 1542.834761 1544.838663 1546.214488 1 C 
 45  61 1 43 3 2 HL 1 81 -86 40 -51 1 1 1.677604 0 0 1547.226635 1547.727606 1548.228580 1548.428970 1550.432865 1552.110469 1 C 
 45  62 1 44 2 1 LN 0 59 -43 41 -43 0 1 1.326509 0 0 1553.121427 1553.622398 1554.123371 1554.323762 1556.327657 1557.654167 1 C 
 45  63 1 45 3 2 HL 1 92 +10 138 -25 1 1 1.264613 0 0 1558.665538 1559.166512 1559.667480 1559.867873 1561.871766 1563.136379 1 C 
 45  64 1 46 2 2 LL 1 62 +75 80 +40 0 0 1.355923 0 0 1564.159550 1564.660523 1565.161497 1565.361886 1567.365782 1568.721705 1 E 
 45  65 1 47 1 1 NN 0 65 +28 65 +28 0 1 0.840309 0 0 1569.737060 1570.238033 1570.739007 1570.939394 1572.943289 1573.783598 1 C 
 45  66 1 48 1 1 NN 0 157 -33 157 -33 0 1 1.064102 0 0 1574.796894 1575.297868 1575.798844 1575.999228 1578.003126 1579.067228 1 C 
 45  67 1 49 2 3 LH 1 180 -73 234 -3 0 0 2.249807 0 0 1580.090519 1580.591492 1581.092464 1581.292855 1583.296750 1585.546557 1 E 
 45  68 1 50 2 3 LH 1 167 +43 217 -27 1 1 1.320206 0 0 1586.569782 1587.070756 1587.571727 1587.772117 1589.776012 1591.096217 1 C 
 45  69 1 51 2 1 LN 0 117 -82 81 -82 0 1 1.578653 0 0 1592.113891 1592.614863 1593.115840 1593.316226 1595.320122 1596.898776 1 C 
 45  70 1 52 1 3 NH 0 150 +89 150 +19 0 1 1.235802 0 0 1597.925188 1598.426163 1598.927134 1599.127523 1601.131418 1602.367221 1 C 
 45  71 1 53 2 1 LN 0 163 -41 211 -41 0 1 1.024427 0 0 1603.385803 1603.886775 1604.387749 1604.588138 1606.592034 1607.616461 1 C 
 45  72 1 54 1 1 NN 0 76 -89 76 -89 0 1 0.900115 0 0 1608.629329 1609.130302 1609.631278 1609.831664 1611.835559 1612.735674 1 C 
 45  73 1 55 3 1 HN 0 129 +41 193 +41 0 1 0.919376 0 0 1613.755963 1614.256934 1614.757907 1614.958297 1616.962192 1617.881568 1 C 
 45  74 1 56 3 3 HH 1 176 +22 88 -48 1 1 1.081128 0 0 1618.899293 1619.400265 1619.901243 1620.101628 1622.105524 1623.186652 1 C 
 45  75 1 57 1 2 NL 0 71 -26 71 -61 0 1 0.941731 0 0 1624.209615 1624.710587 1625.211564 1625.411951 1627.415850 1628.357582 1 C 
 45  76 1 58 3 2 HL 1 156 +31 78 -4 1 1 1.236616 0 0 1629.369646 1629.870620 1630.371593 1630.571982 1632.575878 1633.812494 1 C 
 45  77 1 59 3 3 HH 1 58 +51 87 -19 1 1 1.108721 0 0 1634.830261 1635.331236 1635.832207 1636.032597 1638.036493 1639.145213 1 C 
 45  78 1 60 1 3 NH 0 109 -71 109 -1 0 1 1.142035 0 0 1640.157282 1640.658255 1641.159229 1641.359619 1643.363514 1644.505549 1 C 
 45  79 2  1 1 3 NH 0 138 +21 138 -49 0 1 1.364756 0 0 1663.151982 1663.652953 1664.153929 1664.354319 1666.358214 1667.722970 1 C 
 45  80 2  2 1 2 NL 0 64 +16 64 +51 0 1 1.228891 0 0 1668.746191 1669.247163 1669.748141 1669.948526 1671.952422 1673.181313 1 C 
 45  81 2  3 2 2 LL 1 107 +52 139 +17 0 0 1.543101 0 0 1674.206805 1674.707778 1675.208752 1675.409142 1677.413037 1678.956138 1 E 
 45  82 2  4 2 3 LH 1 128 -59 166 +11 1 1 1.668708 0 0 1679.968003 1680.468976 1680.969952 1681.170340 1683.174241 1684.842950 1 C 
 45  83 2  5 3 2 HL 1 91 +90 45 +55 1 1 1.181698 0 0 1685.862797 1686.363770 1686.864743 1687.065132 1689.069029 1690.250727 1 C 
 45  84 2  6 3 3 HH 1 115 -10 172 +60 1 1 0.962999 0 0 1691.273316 1691.774289 1692.275265 1692.475654 1694.479548 1695.442547 1 C 
 45  85 2  7 1 1 NN 0 153 +57 153 +57 0 1 0.941564 0 0 1696.466744 1696.967716 1697.468690 1697.669079 1699.672975 1700.614539 1 C 
 45  86 2  8 1 1 NN 0 150 -56 150 -56 0 1 0.979268 0 0 1701.626775 1702.127751 1702.628721 1702.829110 1704.833005 1705.812273 1 C 
 45  87 2  9 3 2 HL 1 102 +34 153 +69 0 0 2.252918 0 0 1706.836902 1707.337875 1707.838849 1708.039239 1710.043134 1712.296052 1 E 
 45  88 2 10 3 1 HN 0 89 -25 133 -25 0 1 0.869204 0 0 1713.316164 1713.817137 1714.318112 1714.518501 1716.522395 1717.391598 1 C 
 45  89 2 11 3 2 HL 1 82 +53 123 +88 1 1 1.108687 0 0 1718.409399 1718.910370 1719.411348 1719.611734 1721.615630 1722.724317 1 C 
 45  90 2 12 1 2 NL 0 174 -19 174 +16 0 1 1.993606 0 0 1723.736420 1724.237395 1724.738367 1724.938756 1726.942653 1728.936259 1 C 
 45  91 2 13 2 1 LN 0 175 -43 122 -43 0 1 1.133353 0 0 1729.948496 1730.449468 1730.950442 1731.150832 1733.154727 1734.288080 1 C 
 45  92 2 14 3 1 HN 0 167 -16 250 -16 0 1 0.746902 0 0 1735.308916 1735.809889 1736.310865 1736.511253 1738.515146 1739.262048 1 C 
 45  93 2 15 1 1 NN 0 112 -10 112 -10 0 1 0.668941 0 0 1740.285255 1740.786228 1741.287205 1741.487593 1743.491487 1744.160428 1 C 
 45  94 2 16 2 3 LH 1 155 +11 201 +81 1 1 1.247815 0 0 1745.178102 1745.679076 1746.180048 1746.380437 1748.384332 1749.632147 1 C 
 45  95 2 17 2 2 LL 1 160 +27 112 +62 1 1 1.306696 0 0 1750.655415 1751.156387 1751.657362 1751.857751 1753.861647 1755.168343 1 C 
 45  96 2 18 1 1 NN 0 165 +36 165 +36 0 1 1.353394 0 0 1756.182825 1756.683801 1757.184773 1757.385163 1759.389058 1760.742452 1 C 
 45  97 2 19 1 1 NN 0 57 -74 57 -74 0 1 0.819243 0 0 1761.760335 1762.261308 1762.762288 1762.962671 1764.966567 1765.785810 1 C 
 45  98 2 20 3 3 HH 1 135 -70 67 +0 1 1 1.103077 0 0 1766.803473 1767.304447 1767.805419 1768.005809 1770.009703 1771.112780 1 C 
 45  99 2 21 2 1 LN 0 68 +8 47 +8 0 1 1.488136 0 0 1772.130494 1772.631467 1773.132440 1773.332830 1775.336725 1776.824862 1 C 
 45 100 2 22 2 1 LN 0 71 -90 49 -90 0 1 1.342556 0 0 1777.841594 1778.342569 1778.843542 1779.043931 1781.047828 1782.390383 1 C 
 45 101 2 23 3 2 HL 1 141 -29 211 -64 0 0 1.094713 0 0 1783.402406 1783.903378 1784.404352 1784.604742 1786.608635 1787.703348 1 E 
 45 102 2 24 3 1 HN 0 90 +50 135 +50 0 1 1.086425 0 0 1788.729429 1789.230401 1789.731375 1789.931764 1791.935659 1793.022083 1 C 
 45 103 2 25 2 3 LH 1 127 +48 88 -22 1 1 1.748674 0 0 1794.039749 1794.540723 1795.041697 1795.242086 1797.245982 1798.994655 1 C 
 45 104 2 26 2 2 LL 1 115 -2 80 +33 1 1 0.958384 0 0 1800.018038 1800.519011 1801.019986 1801.220375 1803.224270 1804.182654 1 C 
 45 105 2 27 2 2 LL 1 162 +82 113 +47 0 0 1.375807 0 0 1805.194767 1805.695741 1806.196716 1806.397105 1808.400999 1809.776806 1 E 
 45 106 2 28 3 3 HH 1 74 -60 111 +10 1 1 1.211354 0 0 1810.788975 1811.289952 1811.790926 1811.991312 1813.995207 1815.206561 1 C 
 45 107 2 29 2 2 LL 1 127 +8 88 -27 1 1 0.889596 0 0 1816.232894 1816.733865 1817.234838 1817.435228 1819.439123 1820.328720 1 C 
 45 108 2 30 3 1 HN 0 94 -40 141 -40 1 0 0.930457 0 0 1821.342826 1821.843798 1822.344770 1822.545161 1824.549057 1825.479514 1 E 
 45 109 2 31 3 2 HL 1 152 -76 76 -41 0 0 1.069676 0 0 1826.502856 1827.003832 1827.504802 1827.705192 1829.709097 1830.778773 1 E 
 45 110 2 32 1 2 NL 0 55 +13 55 +48 1 0 1.457600 0 0 1831.796481 1832.297453 1832.798426 1832.998817 1835.002711 1836.460311 1 E 
 45 111 2 33 3 2 HL 1 162 +69 81 +34 1 1 1.448324 0 0 1837.474184 1837.975158 1838.476130 1838.676519 1840.680419 1842.128743 1 C 
 45 112 2 34 1 1 NN 0 128 +70 128 +70 0 1 1.582354 0 0 1843.151887 1843.652860 1844.153834 1844.354223 1846.358119 1847.940473 1 C 
 45 113 2 35 2 2 LL 1 57 +4 39 -31 1 1 1.670895 0 0 1848.963183 1849.464160 1849.965130 1850.165520 1852.169414 1853.840310 1 C 
 45 114 2 36 1 1 NN 0 165 -88 165 -88 0 1 0.991723 0 0 1854.857977 1855.358951 1855.859923 1856.060312 1858.064207 1859.055931 1 C 
 45 115 2 37 3 1 HN 0 87 -54 43 -54 1 0 2.149593 0 0 1860.068102 1860.569077 1861.070049 1861.270441 1863.274334 1865.423927 1 E 
 45 116 2 38 1 3 NH 0 156 -62 156 +8 1 0 1.799544 0 0 1866.447172 1866.948144 1867.449117 1867.649509 1869.653402 1871.452947 1 E 
 45 117 2 39 2 3 LH 1 101 +70 131 +0 1 1 1.793378 0 0 1872.475556 1872.976532 1873.477503 1873.677892 1875.681787 1877.475165 1 C 
 45 118 2 40 1 3 NH 0 162 -39 162 +31 0 1 1.426783 0 0 1878.487241 1878.988215 1879.489189 1879.689578 1881.693473 1883.120256 1 C 
 45 119 2 41 1 1 NN 0 62 -61 62 -61 0 1 0.919424 0 0 1884.131548 1884.632521 1885.133494 1885.333884 1887.337779 1888.257203 1 C 
 45 120 2 42 3 3 HH 1 116 -88 58 -18 0 0 2.020046 0 0 1889.274879 1889.775852 1890.276825 1890.477215 1892.481110 1894.501157 1 E 
 45 121 2 43 2 2 LL 1 133 +12 93 -23 0 0 1.340242 0 0 1895.520355 1896.021326 1896.522299 1896.722689 1898.726584 1900.066826 1 E 
 45 122 2 44 1 3 NH 0 93 -21 93 +49 0 1 1.228796 0 0 1901.081163 1901.582137 1902.083110 1902.283499 1904.287395 1905.516191 1 C 
 45 123 2 45 3 3 HH 1 94 -1 141 +69 1 1 1.383798 0 0 1906.541779 1907.042755 1907.543725 1907.744114 1909.748011 1911.131809 1 C 
 45 124 2 46 1 2 NL 0 62 -32 62 +3 0 1 1.566790 0 0 1912.152686 1912.653657 1913.154632 1913.355022 1915.358916 1916.925706 1 C 
 45 125 2 47 3 1 HN 0 80 -32 120 -32 1 0 1.924264 0 0 1917.947284 1918.448256 1918.949229 1919.149619 1921.153514 1923.077778 1 E 
 45 126 2 48 2 1 LN 0 157 +24 204 +24 0 1 1.064885 0 0 1924.092564 1924.593538 1925.094509 1925.294898 1927.298793 1928.363678 1 C 
 45 127 2 49 2 1 LN 0 113 +33 146 +33 0 1 0.990969 0 0 1929.386185 1929.887158 1930.388132 1930.588520 1932.592422 1933.583391 1 C 
 45 128 2 50 1 1 NN 0 119 +78 119 +78 0 1 0.873685 0 0 1934.596314 1935.097286 1935.598260 1935.798649 1937.802544 1938.676229 1 C 
 45 129 2 51 2 2 LL 1 117 +76 81 +41 1 1 1.559584 0 0 1939.689549 1940.190522 1940.691495 1940.891884 1942.895779 1944.455364 1 C 
 45 130 2 52 1 2 NL 0 153 -13 153 +22 0 1 1.108684 0 0 1945.467447 1945.968421 1946.469396 1946.669780 1948.673676 1949.782361 1 C 
 45 131 2 53 2 2 LL 1 108 -11 140 -46 1 1 1.398706 0 0 1950.794468 1951.295444 1951.796418 1951.996804 1954.000700 1955.399406 1 C 
 45 132 2 54 2 1 LN 0 85 +34 59 +34 0 1 1.553816 0 0 1956.422077 1956.923046 1957.424021 1957.624408 1959.628306 1961.182122 1 C 
 45 133 2 55 2 3 LH 1 122 +6 158 -64 1 1 1.305538 0 0 1962.199973 1962.700947 1963.201919 1963.402309 1965.406204 1966.711743 1 C 
 45 134 2 56 3 2 HL 1 95 -49 142 -84 1 1 1.088270 0 0 1967.727384 1968.228357 1968.729331 1968.929720 1970.933615 1972.021885 1 C 
 45 135 2 57 1 3 NH 0 55 -10 55 -80 0 1 1.498895 0 0 1973.037708 1973.538681 1974.039654 1974.240043 1976.243945 1977.742840 1 C 
 45 136 2 58 2 1 LN 0 122 +67 85 +67 0 1 1.495677 0 0 1978.765508 1979.266484 1979.767455 1979.967844 1981.971740 1983.467417 1 C 
 45 137 2 59 1 2 NL 0 173 -87 173 -52 0 1 1.275780 0 0 1984.493311 1984.994282 1985.495258 1985.695646 1987.699540 1988.975320 1 C 
 45 138 2 60 3 2 HL 1 148 +5 74 -30 1 1 1.142140 0 0 1989.987320 1990.488297 1990.989269 1991.189659 1993.193554 1994.335695 1 C 
 45 139 3  1 2 2 LL 1 105 +83 73 +48 0 0 1.331352 0 0 2027.159585 2027.660554 2028.161532 2028.361918 2030.365813 2031.697165 1 E 
 45 140 3  2 2 1 LN 0 150 -38 105 -38 0 1 1.344921 0 0 2032.720392 2033.221368 2033.722338 2033.922727 2035.926623 2037.271544 1 C 
 45 141 3  3 3 3 HH 1 157 -55 78 +15 0 0 1.086281 0 0 2038.297903 2038.798873 2039.299847 2039.500237 2041.504131 2042.590413 1 E 
 45 142 3  4 3 2 HL 1 141 -23 70 -58 0 0 3.570530 0 0 2043.608224 2044.109199 2044.610170 2044.810559 2046.814454 2050.384984 1 E 
 45 143 3  5 3 1 HN 0 125 +36 187 +36 0 1 0.899898 0 0 2051.406718 2051.907689 2052.408663 2052.609052 2054.612948 2055.512846 1 C 
 45 144 3  6 2 2 LL 1 133 +1 93 -34 1 1 1.101045 0 0 2056.533348 2057.034326 2057.535298 2057.735685 2059.739578 2060.840623 1 C 
 45 145 3  7 3 1 HN 0 105 -39 157 -39 0 1 1.222684 0 0 2061.860372 2062.361343 2062.862319 2063.062707 2065.066602 2066.289286 1 C 
 45 146 3  8 2 1 LN 0 98 -51 68 -51 0 1 1.034605 0 0 2067.304286 2067.805259 2068.306233 2068.506623 2070.510519 2071.545124 1 C 
 45 147 3  9 3 3 HH 1 99 -85 49 -15 1 1 1.309094 0 0 2072.564511 2073.065484 2073.566459 2073.766848 2075.770743 2077.079838 1 C 
 45 148 3 10 3 1 HN 0 64 -34 96 -34 0 1 1.559577 0 0 2078.091923 2078.592896 2079.093870 2079.294259 2081.298155 2082.857731 1 C 
 45 149 3 11 3 2 HL 1 152 +24 76 +59 1 1 1.386880 0 0 2083.869823 2084.370798 2084.871768 2085.072157 2087.076053 2088.462933 1 C 
 45 150 3 12 1 2 NL 0 99 -24 99 -59 0 1 1.392563 0 0 2089.480729 2089.981704 2090.482679 2090.683065 2092.686961 2094.079523 1 C 
 45 151 3 13 3 3 HH 1 59 +34 88 -36 1 1 1.018343 0 0 2095.091636 2095.592608 2096.093587 2096.293972 2098.297868 2099.316210 1 C 
 45 152 3 14 1 1 NN 0 68 +57 68 +57 0 1 1.138420 0 0 2100.335163 2100.836134 2101.337109 2101.537500 2103.541394 2104.679814 1 C 
 45 153 3 15 3 1 HN 0 100 +46 150 +46 0 1 1.260719 0 0 2105.695582 2106.196556 2106.697529 2106.897919 2108.901814 2110.162533 1 C 
 45 154 3 16 3 2 HL 1 96 +81 144 +46 1 1 0.991871 0 0 2111.189597 2111.690573 2112.191542 2112.391932 2114.395827 2115.387698 1 C 
 45 155 3 17 2 3 LH 1 123 -31 86 +39 1 1 0.962485 0 0 2116.399723 2116.900698 2117.401672 2117.602060 2119.605954 2120.568438 1 C 
 45 156 3 18 3 3 HH 1 106 -66 159 +4 1 1 0.915696 0 0 2121.593154 2122.094125 2122.595099 2122.795488 2124.799384 2125.715080 1 C 
 45 157 3 19 2 1 LN 0 72 -27 93 -27 0 1 1.036317 0 0 2126.736485 2127.237460 2127.738434 2127.938820 2129.942715 2130.979032 1 C 
 45 158 3 20 3 2 HL 1 66 +51 99 +16 1 1 0.919413 0 0 2131.996711 2132.497683 2132.998656 2133.199045 2135.202941 2136.122354 1 C 
 45 159 3 21 2 3 LH 1 159 -82 111 -12 1 1 1.033346 0 0 2137.140044 2137.641014 2138.141987 2138.342376 2140.346278 2141.379624 1 C 
 45 160 3 22 3 3 HH 1 74 -2 111 +68 1 1 0.895816 0 0 2142.400269 2142.901241 2143.402213 2143.602603 2145.606508 2146.502324 1 C 
 45 161 3 23 2 1 LN 0 157 +19 204 +19 0 1 0.963932 0 0 2147.526899 2148.027872 2148.528846 2148.729235 2150.733131 2151.697063 1 C 
 45 162 3 24 1 3 NH 0 55 +13 55 +83 0 1 1.203310 0 0 2152.720329 2153.221301 2153.722274 2153.922664 2155.926559 2157.129869 1 C 
 45 163 3 25 3 3 HH 1 100 +51 150 -19 1 1 1.236534 0 0 2158.147545 2158.648517 2159.149491 2159.349880 2161.353776 2162.590310 1 C 
 45 164 3 26 2 3 LH 1 85 +13 59 +83 1 1 1.310782 0 0 2163.608160 2164.109132 2164.610106 2164.810496 2166.814391 2168.125173 1 C 
 45 165 3 27 3 3 HH 1 104 +18 156 +88 1 1 0.680070 0 0 2169.152270 2169.653242 2170.154217 2170.354604 2172.358502 2173.038571 1 C 
 45 166 3 28 1 1 NN 0 175 +30 175 +30 0 1 1.000470 0 0 2174.061813 2174.562787 2175.063762 2175.264150 2177.268046 2178.268516 1 C 
 45 167 3 29 2 2 LL 1 102 -29 132 +6 1 1 1.190201 0 0 2179.288643 2179.789615 2180.290588 2180.490977 2182.494872 2183.685072 1 C 
 45 168 3 30 3 2 HL 1 106 -89 159 -54 1 1 0.945574 0 0 2184.699159 2185.200134 2185.701105 2185.901494 2187.905391 2188.850965 1 C 
 45 169 3 31 2 3 LH 1 122 -50 85 +20 1 1 1.180939 0 0 2189.875890 2190.376865 2190.877837 2191.078225 2193.082120 2194.263058 1 C 
 45 170 3 32 2 1 LN 0 147 +54 102 +54 0 1 1.459336 0 0 2195.286407 2195.787379 2196.288353 2196.488740 2198.492638 2199.951973 1 C 
 45 171 3 33 3 2 HL 1 165 -31 82 -66 0 0 1.481673 0 0 2200.964110 2201.465082 2201.966058 2202.166445 2204.170341 2205.652014 1 E 
 45 172 3 34 3 1 HN 0 131 -12 65 -12 0 1 1.251243 0 0 2206.675212 2207.176187 2207.677158 2207.877547 2209.881443 2211.132686 1 C 
 45 173 3 35 2 2 LL 1 98 -20 127 +15 1 1 2.110632 0 0 2212.152525 2212.653500 2213.154472 2213.354862 2215.358756 2217.469388 1 C 
 45 174 3 36 1 3 NH 0 178 -48 178 +22 0 1 1.235905 0 0 2218.481496 2218.982467 2219.483439 2219.683831 2221.687725 2222.923629 1 C 
 45 175 3 37 3 2 HL 1 113 +47 56 +12 0 0 1.420505 0 0 2223.942110 2224.443082 2224.944057 2225.144447 2227.148345 2228.568850 1 E 
 45 176 3 38 3 3 HH 1 161 -52 241 +18 1 1 1.096119 0 0 2229.586413 2230.087388 2230.588362 2230.788752 2232.792647 2233.888767 1 C 
 45 177 3 39 1 2 NL 0 78 +61 78 +26 0 1 1.121363 0 0 2234.913439 2235.414411 2235.915384 2236.115774 2238.119679 2239.241042 1 C 
 45 178 3 40 2 3 LH 1 179 -21 125 +49 0 0 1.505487 0 0 2240.257158 2240.758134 2241.259105 2241.459495 2243.463389 2244.968876 1 E 
 45 179 3 41 2 1 LN 0 177 -6 123 -6 0 1 3.518914 0 0 2245.984960 2246.485932 2246.986906 2247.187295 2249.191191 2252.710105 1 C 
 45 180 3 42 1 1 NN 0 129 +3 129 +3 0 1 1.004440 0 0 2253.733357 2254.234330 2254.735304 2254.935691 2256.939587 2257.944027 1 C 
 45 181 3 43 2 2 LL 1 134 -27 93 +8 0 0 2.009507 0 0 2258.960182 2259.461155 2259.962131 2260.162518 2262.166413 2264.175920 1 E 
 45 182 3 44 1 3 NH 0 176 -11 176 -81 0 1 2.537663 0 0 2265.188957 2265.689928 2266.190902 2266.391293 2268.395188 2270.932851 1 C 
 45 183 3 45 3 1 HN 0 132 +67 66 +67 0 1 1.158910 0 0 2271.952104 2272.453077 2272.954054 2273.154445 2275.158338 2276.317248 1 C 
 45 184 3 46 3 3 HH 1 166 -87 83 -17 1 1 1.470427 0 0 2277.329223 2277.830196 2278.331170 2278.531560 2280.535455 2282.005882 1 C 
 45 185 3 47 2 2 LL 1 121 +42 84 +7 0 0 1.826576 0 0 2283.023627 2283.524600 2284.025576 2284.225962 2286.229858 2288.056434 1 E 
 45 186 3 48 3 3 HH 1 86 -29 129 +41 1 1 1.022748 0 0 2289.068711 2289.569686 2290.070658 2290.271046 2292.274942 2293.297690 1 C 
 45 187 3 49 1 2 NL 0 102 +73 102 +38 0 1 1.554352 0 0 2294.312238 2294.813212 2295.314184 2295.514572 2297.518469 2299.072821 1 C 
 45 188 3 50 1 2 NL 0 93 +16 93 -19 0 1 1.640590 0 0 2300.090137 2300.591107 2301.092083 2301.292471 2303.296367 2304.936957 1 C 
 45 189 3 51 1 3 NH 0 79 +86 79 +16 0 1 1.259038 0 0 2305.951529 2306.452502 2306.953478 2307.153866 2309.157771 2310.416809 1 C 
 45 190 3 52 1 1 NN 0 102 -63 102 -63 0 1 1.331425 0 0 2311.428842 2311.929816 2312.430794 2312.631179 2314.635075 2315.966501 1 C 
 45 191 3 53 3 3 HH 1 128 +35 64 -35 1 1 1.195597 0 0 2316.989654 2317.490626 2317.991600 2318.191989 2320.195885 2321.391482 1 C 
 45 192 3 54 3 1 HN 0 73 +5 36 +5 0 1 1.257940 0 0 2322.416870 2322.917843 2323.418817 2323.619206 2325.623102 2326.881042 1 C 
 45 193 3 55 3 1 HN 0 176 -62 88 -62 0 1 0.911164 0 0 2327.894184 2328.395156 2328.896131 2329.096520 2331.100416 2332.011581 1 C 
 45 194 3 56 2 1 LN 0 92 +42 64 +42 0 1 0.968286 0 0 2333.037515 2333.538488 2334.039462 2334.239852 2336.243747 2337.212032 1 C 
 45 195 3 57 3 2 HL 1 115 +84 57 +49 1 1 1.005507 0 0 2338.230945 2338.731917 2339.232891 2339.433280 2341.437176 2342.442683 1 C 
 45 196 3 58 3 2 HL 1 60 -68 90 -33 1 1 1.760989 0 0 2343.457772 2343.958743 2344.459722 2344.660108 2346.664001 2348.424991 1 C 
 45 197 3 59 1 2 NL 0 84 +55 84 +90 0 1 1.709895 0 0 2349.436060 2349.937032 2350.438008 2350.638396 2352.642290 2354.352185 1 C 
 45 198 3 60 2 2 LL 1 148 -17 103 +18 1 1 0.935628 0 0 2355.364250 2355.865222 2356.366197 2356.566585 2358.570482 2359.506109 1 C 
 45 199 4  1 3 3 HH 1 114 +62 171 -8 1 1 1.086456 0 0 2431.078101 2431.579073 2432.080045 2432.280434 2434.284330 2435.370786 1 C 
 45 200 4  2 1 2 NL 0 147 +10 147 -25 0 1 0.943738 0 0 2436.388422 2436.889394 2437.390367 2437.590756 2439.594652 2440.538390 1 C 
 45 201 4  3 2 2 LL 1 131 +90 170 +55 1 1 0.858244 0 0 2441.565151 2442.066123 2442.567097 2442.767487 2444.771382 2445.629626 1 C 
 45 202 4  4 1 3 NH 0 96 -17 96 +53 0 1 0.663293 0 0 2446.641686 2447.142655 2447.643632 2447.844022 2449.847918 2450.511211 1 C 
 45 203 4  5 3 1 HN 0 88 +50 132 +50 0 1 0.913695 0 0 2451.534530 2452.035503 2452.536476 2452.736866 2454.740761 2455.654456 1 C 
 45 204 4  6 1 3 NH 0 62 +19 62 -51 1 0 0.463026 0 0 2456.677861 2457.178837 2457.679808 2457.880198 2459.884104 2460.347130 1 E 
 45 205 4  7 2 1 LN 0 156 +0 109 +0 0 1 0.739759 0 0 2461.370318 2461.871293 2462.372267 2462.572652 2464.576548 2465.316307 1 C 
 45 206 4  8 1 3 NH 0 121 -23 121 +47 0 1 0.750231 0 0 2466.329957 2466.830934 2467.331905 2467.532294 2469.536188 2470.286420 1 C 
 45 207 4  9 3 1 HN 0 65 +59 97 +59 0 1 0.767608 0 0 2471.306299 2471.807274 2472.308244 2472.508634 2474.512529 2475.280137 1 C 
 45 208 4 10 3 3 HH 1 97 -54 48 +16 1 1 0.635528 0 0 2476.299338 2476.800311 2477.301284 2477.501674 2479.505569 2480.141097 1 C 
 45 209 4 11 3 3 HH 1 153 -52 229 +18 1 1 0.935922 0 0 2481.158786 2481.659756 2482.160731 2482.361120 2484.365015 2485.300938 1 C 
 45 210 4 12 1 3 NH 0 166 +70 166 +0 0 1 0.880507 0 0 2486.318814 2486.819787 2487.320765 2487.521150 2489.525046 2490.405553 1 C 
 45 211 4 13 2 1 LN 0 93 +14 65 +14 0 1 0.673952 0 0 2491.428747 2491.929721 2492.430694 2492.631084 2494.634979 2495.308931 1 C 
 45 212 4 14 3 1 HN 0 127 -2 63 -2 0 1 0.796905 0 0 2496.321592 2496.822565 2497.323539 2497.523929 2499.527824 2500.324728 1 C 
 45 213 4 15 3 1 HN 0 78 -65 117 -65 0 1 0.799283 0 0 2501.348032 2501.849002 2502.349977 2502.550366 2504.554262 2505.353545 1 C 
 45 214 4 16 3 2 HL 1 141 +24 70 -11 1 1 0.897043 0 0 2506.374468 2506.875444 2507.376414 2507.576804 2509.580699 2510.477742 1 C 
 45 215 4 17 3 3 HH 1 70 +5 105 +75 1 1 0.730130 0 0 2511.501100 2512.002073 2512.503046 2512.703436 2514.707331 2515.437462 1 C 
 45 216 4 18 3 2 HL 1 106 +54 159 +19 0 0 0.983395 0 0 2516.460742 2516.961717 2517.462687 2517.663080 2519.666972 2520.650368 1 E 
 45 217 4 19 3 3 HH 1 59 +33 88 -37 1 1 0.956216 0 0 2521.670868 2522.171842 2522.672815 2522.873205 2524.877101 2525.833317 1 C 
 45 218 4 20 3 1 HN 0 91 +73 136 +73 0 1 0.743728 0 0 2526.847601 2527.348570 2527.849548 2528.049936 2530.053831 2530.797558 1 C 
 45 219 4 21 2 2 LL 1 63 -64 81 -29 0 0 1.482748 0 0 2531.823939 2532.324912 2532.825886 2533.026275 2535.030170 2536.512919 1 E 
 45 220 4 22 1 2 NL 0 103 -80 103 -45 0 1 1.035601 0 0 2537.535041 2538.036014 2538.536988 2538.737377 2540.741273 2541.776874 1 C 
 45 221 4 23 2 1 LN 0 122 -41 158 -41 0 1 0.479817 0 0 2542.795267 2543.296241 2543.797213 2543.997603 2546.001498 2546.481316 1 C 
 45 222 4 24 2 2 LL 1 108 -5 75 +30 1 1 0.778814 0 0 2547.504420 2548.005395 2548.506371 2548.706757 2550.710652 2551.489466 1 C 
 45 223 4 25 2 3 LH 1 128 +41 166 -29 1 1 0.921708 0 0 2552.514160 2553.015132 2553.516106 2553.716495 2555.720389 2556.642098 1 C 
 45 224 4 26 3 1 HN 0 122 -58 61 -58 0 1 0.723698 0 0 2557.657490 2558.158465 2558.659437 2558.859827 2560.863722 2561.587421 1 C 
 45 225 4 27 3 3 HH 1 126 +8 63 -62 0 0 1.192157 0 0 2562.600433 2563.101406 2563.602379 2563.802768 2565.806663 2566.998820 1 E 
 45 226 4 28 3 3 HH 1 103 +10 51 -60 1 1 0.618771 0 0 2568.010950 2568.511924 2569.012900 2569.213286 2571.217182 2571.835953 1 C 
 45 227 4 29 2 1 LN 0 55 +51 38 +51 0 1 1.184017 0 0 2572.853699 2573.354674 2573.855644 2574.056033 2576.059928 2577.243945 1 C 
 45 228 4 30 2 3 LH 1 131 -64 170 +6 1 1 0.771944 0 0 2578.264214 2578.765188 2579.266162 2579.466552 2581.470446 2582.242390 1 C 
 45 229 4 31 2 1 LN 0 164 -3 114 -3 0 1 0.835885 0 0 2583.257254 2583.758228 2584.259200 2584.459591 2586.463499 2587.299383 1 C 
 45 230 4 32 1 1 NN 0 120 +1 120 +1 0 1 1.012989 0 0 2588.317091 2588.818063 2589.319040 2589.519429 2591.523322 2592.536311 1 C 
 45 231 4 33 2 2 LL 1 123 -49 86 -84 1 1 1.219748 0 0 2593.560617 2594.061594 2594.562567 2594.762953 2596.766849 2597.986597 1 C 
 45 232 4 34 1 3 NH 0 67 -80 67 -10 0 1 1.393622 0 0 2599.004532 2599.505506 2600.006479 2600.206869 2602.210764 2603.604386 1 C 
 45 233 4 35 2 3 LH 1 57 +68 74 -2 1 1 1.267028 0 0 2604.615440 2605.116413 2605.617387 2605.817775 2607.821670 2609.088698 1 C 
 45 234 4 36 1 2 NL 0 115 -24 115 -59 0 1 0.774161 0 0 2610.109453 2610.610426 2611.111397 2611.311790 2613.315684 2614.089845 1 C 
 45 235 4 37 3 2 HL 1 127 -24 63 +11 1 1 0.517310 0 0 2615.102494 2615.603465 2616.104439 2616.304828 2618.308724 2618.826034 1 C 
 45 236 4 38 3 3 HH 1 123 -66 61 +4 1 1 0.733415 0 0 2619.845044 2620.346018 2620.846993 2621.047381 2623.051276 2623.784691 1 C 
 45 237 4 39 2 1 LN 0 108 +14 75 +14 1 0 0.865572 0 0 2624.804686 2625.305661 2625.806636 2626.007022 2628.010917 2628.876489 1 E 
 45 238 4 40 1 3 NH 0 72 +82 72 +12 0 1 1.413048 0 0 2629.897921 2630.398896 2630.899870 2631.100256 2633.104152 2634.517200 1 C 
 45 239 4 41 1 2 NL 0 80 +64 80 +29 1 0 1.167821 0 0 2635.542226 2636.043200 2636.544172 2636.744561 2638.748457 2639.916278 1 E 
 45 240 4 42 2 3 LH 1 110 +81 143 +11 1 1 1.232083 0 0 2640.936044 2641.437020 2641.937990 2642.138380 2644.142275 2645.374358 1 C 
 45 241 4 43 1 3 NH 0 131 -34 131 +36 0 1 0.808111 0 0 2646.396659 2646.897632 2647.398605 2647.598994 2649.602890 2650.411001 1 C 
 45 242 4 44 2 3 LH 1 132 +34 92 -36 1 1 1.553033 0 0 2651.423095 2651.924070 2652.425043 2652.625433 2654.629328 2656.182362 1 C 
 45 243 4 45 2 3 LH 1 147 -32 191 +38 1 1 1.431626 0 0 2657.200996 2657.701967 2658.202941 2658.403331 2660.407226 2661.838852 1 C 
 45 244 4 46 3 2 HL 1 109 +12 163 +47 1 1 1.681965 0 0 2662.862000 2663.362975 2663.863945 2664.064335 2666.068231 2667.750196 1 C 
 45 245 4 47 3 1 HN 0 178 +42 89 +42 0 1 1.376920 0 0 2668.773491 2669.274463 2669.775440 2669.975826 2671.979722 2673.356642 1 C 
 45 246 4 48 2 3 LH 1 142 +18 184 +88 1 1 0.724579 0 0 2674.367700 2674.868669 2675.369645 2675.570035 2677.573930 2678.298509 1 C 
 45 247 4 49 2 2 LL 1 64 -15 83 +20 1 1 1.208914 0 0 2679.310640 2679.811613 2680.312587 2680.512977 2682.516872 2683.725787 1 C 
 45 248 4 50 1 1 NN 0 93 +90 93 +90 1 0 2.711877 0 0 2684.737857 2685.238833 2685.739804 2685.940196 2687.944089 2690.655965 1 E 
 45 249 4 51 2 2 LL 1 157 -54 109 -89 1 1 0.602173 0 0 2691.667997 2692.168971 2692.669944 2692.870335 2694.874227 2695.476400 1 C 
 45 250 4 52 1 3 NH 0 154 -48 154 +22 0 1 0.872695 0 0 2696.494045 2696.995018 2697.495991 2697.696380 2699.700275 2700.572970 1 C 
 45 251 4 53 2 3 LH 1 164 -12 114 -82 1 1 0.850490 0 0 2701.587278 2702.088254 2702.589225 2702.789614 2704.793510 2705.643999 1 C 
 45 252 4 54 3 3 HH 1 92 +68 138 -2 1 1 0.702342 0 0 2706.663814 2707.164785 2707.665761 2707.866149 2709.870044 2710.572386 1 C 
 45 253 4 55 2 3 LH 1 92 +56 64 -14 1 1 0.975240 0 0 2711.590057 2712.091029 2712.592002 2712.792392 2714.796298 2715.771538 1 C 
 45 254 4 56 1 1 NN 0 55 -86 55 -86 0 1 0.711717 0 0 2716.783484 2717.284459 2717.785432 2717.985821 2719.989716 2720.701433 1 C 
 45 255 4 57 1 2 NL 0 98 +28 98 +63 1 0 0.529761 0 0 2721.726426 2722.227399 2722.728374 2722.928762 2724.932658 2725.462419 1 E 
 45 256 4 58 1 1 NN 0 62 +37 62 +37 0 1 0.488735 0 0 2726.485679 2726.986650 2727.487625 2727.688015 2729.691910 2730.180645 1 C 
 45 257 4 59 2 3 LH 1 154 -40 200 +30 1 1 0.951646 0 0 2731.194833 2731.695805 2732.196779 2732.397169 2734.401064 2735.352711 1 C 
 45 258 4 60 1 2 NL 0 137 +74 137 +39 0 1 1.149587 0 0 2736.371562 2736.872535 2737.373509 2737.573898 2739.577793 2740.727380 1 C 
 45 259 5  1 2 2 LL 1 114 +80 79 +45 0 0 1.297964 0 0 2772.257989 2772.758962 2773.259935 2773.460324 2775.464221 2776.762185 1 E 
 45 260 5  2 3 3 HH 1 75 -20 37 -90 1 1 0.502068 0 0 2777.785400 2778.286375 2778.787346 2778.987737 2780.991632 2781.493699 1 C 
 45 261 5  3 1 2 NL 0 106 -89 106 -54 0 1 0.785853 0 0 2782.511253 2783.012226 2783.513200 2783.713590 2785.717485 2786.503338 1 C 
 45 262 5  4 1 1 NN 0 147 -11 147 -11 0 1 0.462704 0 0 2787.520992 2788.021965 2788.522939 2788.723328 2790.727223 2791.189927 1 C 
 45 263 5  5 1 2 NL 0 81 +50 81 +85 0 1 0.567375 0 0 2792.213448 2792.714420 2793.215396 2793.415783 2795.419679 2795.987055 1 C 
 45 264 5  6 1 3 NH 0 140 -46 140 +24 0 1 0.611194 0 0 2797.006099 2797.507070 2798.008044 2798.208433 2800.212329 2800.823523 1 C 
 45 265 5  7 3 2 HL 1 135 -68 202 -33 0 0 1.115548 0 0 2801.848844 2802.349817 2802.850796 2803.051181 2805.055075 2806.170624 1 E 
 45 266 5  8 2 3 LH 1 74 -61 96 +9 1 1 0.763597 0 0 2807.192565 2807.693537 2808.194512 2808.394902 2810.398797 2811.162394 1 C 
 45 267 5  9 3 3 HH 1 62 +76 93 +6 1 1 0.730142 0 0 2812.185606 2812.686581 2813.187555 2813.387951 2815.391836 2816.121978 1 C 
 45 268 5 10 1 2 NL 0 130 -45 130 -80 0 1 0.633442 0 0 2817.145248 2817.646220 2818.147195 2818.347582 2820.351478 2820.984919 1 C 
 45 269 5 11 3 2 HL 1 130 +40 65 +5 1 1 0.744194 0 0 2822.004698 2822.505667 2823.006641 2823.207029 2825.210924 2825.955118 1 C 
 45 270 5 12 2 3 LH 1 153 +25 198 -45 1 1 0.639348 0 0 2826.981034 2827.482006 2827.982978 2828.183369 2830.187264 2830.826612 1 C 
 45 271 5 13 2 3 LH 1 88 -1 61 +69 0 0 0.545035 0 0 2831.840478 2832.341451 2832.842426 2833.042815 2835.046710 2835.591745 1 E 
 45 272 5 14 3 1 HN 0 157 -66 235 -66 0 1 0.617410 0 0 2836.616428 2837.117401 2837.618376 2837.818766 2839.822662 2840.440072 1 C 
 45 273 5 15 3 3 HH 1 101 -76 151 -6 0 0 1.487231 0 0 2841.459177 2841.960150 2842.461123 2842.661516 2844.665411 2846.152642 1 E 
 45 274 5 16 3 2 HL 1 102 +63 153 +28 1 1 0.947104 0 0 2847.170279 2847.671251 2848.172229 2848.372614 2850.376512 2851.323616 1 C 
 45 275 5 17 3 2 HL 1 118 -20 59 -55 0 0 1.888028 0 0 2852.347008 2852.847981 2853.348953 2853.549345 2855.553239 2857.441267 1 E 
 45 276 5 18 1 1 NN 0 80 -31 80 -31 0 1 0.546377 0 0 2858.458890 2858.959864 2859.460838 2859.661226 2861.665121 2862.211498 1 C 
 45 277 5 19 3 3 HH 1 142 -48 71 +22 1 1 0.585503 0 0 2863.234841 2863.735813 2864.236790 2864.437175 2866.441069 2867.026572 1 C 
 45 278 5 20 1 3 NH 0 93 +48 93 -22 1 0 0.679861 0 0 2868.044189 2868.545166 2869.046139 2869.246525 2871.250421 2871.930282 1 E 
 45 279 5 21 1 1 NN 0 144 +52 144 +52 0 1 0.796833 0 0 2872.953734 2873.454706 2873.955683 2874.156069 2876.159975 2876.956808 1 C 
 45 280 5 22 2 2 LL 1 179 +61 232 +26 1 1 1.214713 0 0 2877.980171 2878.481143 2878.982117 2879.182507 2881.186402 2882.401115 1 C 
 45 281 5 23 3 1 HN 0 74 -26 111 -26 0 1 0.794888 0 0 2883.424086 2883.925059 2884.426033 2884.626422 2886.630318 2887.425206 1 C 
 45 282 5 24 2 1 LN 0 103 -61 133 -61 1 0 1.301786 0 0 2888.450524 2888.951500 2889.452471 2889.652860 2891.656755 2892.958541 1 E 
 45 283 5 25 2 1 LN 0 131 +15 91 +15 0 1 0.641101 0 0 2893.977935 2894.478911 2894.979882 2895.180271 2897.184167 2897.825268 1 C 
 45 284 5 26 1 2 NL 0 122 +84 122 +49 1 0 0.879380 0 0 2898.837381 2899.338356 2899.839329 2900.039718 2902.043612 2902.922991 1 E 
 45 285 5 27 1 1 NN 0 123 +15 123 +15 0 1 0.568486 0 0 2903.947314 2904.448288 2904.949261 2905.149651 2907.153554 2907.722041 1 C 
 45 286 5 28 3 2 HL 1 71 +6 35 +41 1 1 0.673109 0 0 2908.739964 2909.240940 2909.741911 2909.942301 2911.946196 2912.619305 1 C 
 45 287 5 29 2 3 LH 1 168 +34 218 -36 1 1 0.931530 0 0 2913.632813 2914.133784 2914.634756 2914.835146 2916.839041 2917.770571 1 C 
 45 288 5 30 3 3 HH 1 98 -54 147 +16 1 1 0.571683 0 0 2918.792841 2919.293813 2919.794787 2919.995176 2921.999072 2922.570755 1 C 
 45 289 5 31 1 1 NN 0 135 -55 135 -55 0 1 0.719091 0 0 2923.585489 2924.086462 2924.587440 2924.787826 2926.791722 2927.510812 1 C 
 45 290 5 32 1 3 NH 0 94 -26 94 +44 0 1 0.933833 0 0 2928.528436 2929.029405 2929.530379 2929.730765 2931.734664 2932.668497 1 C 
 45 291 5 33 2 1 LN 0 78 -15 101 -15 0 1 0.680039 0 0 2933.688463 2934.189436 2934.690409 2934.890799 2936.894694 2937.574733 1 C 
 45 292 5 34 1 1 NN 0 101 +86 101 +86 0 1 1.219946 0 0 2938.598010 2939.098979 2939.599953 2939.800342 2941.804238 2943.024184 1 C 
 45 293 5 35 2 3 LH 1 158 -57 110 +13 1 1 0.622126 0 0 2944.041920 2944.542895 2945.043868 2945.244258 2947.248157 2947.870283 1 C 
 45 294 5 36 1 1 NN 0 137 +52 137 +52 0 1 0.741305 0 0 2948.884671 2949.385644 2949.886616 2950.087005 2952.090901 2952.832206 1 C 
 45 295 5 37 3 3 HH 1 149 -43 223 +27 1 1 0.524219 0 0 2953.844309 2954.345283 2954.846261 2955.046646 2957.050542 2957.574760 1 C 
 45 296 5 38 1 2 NL 0 81 +12 81 -23 0 1 0.874645 0 0 2958.586862 2959.087836 2959.588809 2959.789199 2961.793105 2962.667750 1 C 
 45 297 5 39 2 3 LH 1 92 -82 119 -12 1 1 1.225352 0 0 2963.680098 2964.181070 2964.682044 2964.882433 2966.886329 2968.111681 1 C 
 45 298 5 40 2 2 LL 1 180 +90 234 +55 1 1 1.899145 0 0 2969.124015 2969.624986 2970.125960 2970.326349 2972.330243 2974.229388 1 C 
 45 299 5 41 1 2 NL 0 175 -88 175 -53 0 1 0.869210 0 0 2975.252594 2975.753565 2976.254539 2976.454929 2978.458825 2979.328035 1 C 
 45 300 5 42 3 2 HL 1 150 -74 75 -39 1 1 1.289160 0 0 2980.345829 2980.846800 2981.347774 2981.548164 2983.552058 2984.841218 1 C 
 45 301 5 43 3 2 HL 1 91 -59 45 -24 0 0 0.927557 0 0 2985.856539 2986.357516 2986.858486 2987.058876 2989.062771 2989.990328 1 E 
 45 302 5 44 2 2 LL 1 54 +12 37 -23 1 1 1.123082 0 0 2991.016571 2991.517546 2992.018516 2992.218906 2994.222801 2995.345883 1 C 
 45 303 5 45 2 2 LL 1 103 -10 72 -45 1 1 0.744467 0 0 2996.360293 2996.861264 2997.362238 2997.562627 2999.566522 3000.310989 1 C 
 45 304 5 46 3 3 HH 1 72 +42 108 -28 1 1 2.066062 0 0 3001.336632 3001.837608 3002.338578 3002.538967 3004.542863 3006.608926 1 C 
 45 305 5 47 2 1 LN 0 69 -35 89 -35 1 0 0.993697 0 0 3007.632204 3008.133175 3008.634150 3008.834539 3010.838435 3011.832133 1 E 
 45 306 5 48 3 2 HL 1 98 +36 147 +1 1 1 0.700250 0 0 3012.859030 3013.360003 3013.860976 3014.061366 3016.065262 3016.765511 1 C 
 45 307 5 49 3 1 HN 0 118 +79 177 +79 0 1 1.015297 0 0 3017.785272 3018.286246 3018.787220 3018.987609 3020.991504 3022.006802 1 C 
 45 308 5 50 3 2 HL 1 147 +46 220 +11 1 1 0.579867 0 0 3023.028798 3023.529774 3024.030746 3024.231136 3026.235031 3026.814898 1 C 
 45 309 5 51 3 3 HH 1 114 +14 57 +84 1 1 0.533256 0 0 3027.838149 3028.339120 3028.840098 3029.040484 3031.044380 3031.577636 1 C 
 45 310 5 52 2 2 LL 1 100 -28 130 +7 1 1 0.605335 0 0 3032.597402 3033.098373 3033.599346 3033.799736 3035.803630 3036.408965 1 C 
 45 311 5 53 3 1 HN 0 120 -28 180 -28 0 1 0.897152 0 0 3037.423447 3037.924420 3038.425398 3038.625784 3040.629690 3041.526841 1 C 
 45 312 5 54 1 1 NN 0 120 -38 120 -38 0 1 0.795103 0 0 3042.550081 3043.051053 3043.552030 3043.752416 3045.756312 3046.551415 1 C 
 45 313 5 55 2 1 LN 0 163 +4 211 +4 1 0 0.969447 0 0 3047.576517 3048.077491 3048.578465 3048.778854 3050.782749 3051.752196 1 E 
 45 314 5 56 2 2 LL 1 165 -23 214 +12 1 1 0.618920 0 0 3052.769947 3053.270923 3053.771893 3053.972283 3055.976178 3056.595098 1 C 
 45 315 5 57 1 1 NN 0 107 -38 107 -38 1 0 0.479702 0 0 3057.612693 3058.113667 3058.614640 3058.815030 3060.818926 3061.298628 1 E 
 45 316 5 58 3 2 HL 1 60 +55 90 +20 0 0 0.878991 0 0 3062.321848 3062.822825 3063.323795 3063.524191 3065.528079 3066.407070 1 E 
 45 317 5 59 2 2 LL 1 180 -85 234 -50 1 1 0.732879 0 0 3067.431782 3067.932756 3068.433727 3068.634124 3070.638012 3071.370892 1 C 
 45 318 5 60 1 1 NN 0 85 -62 85 -62 0 1 0.668864 0 0 3072.391423 3072.892398 3073.393369 3073.593758 3075.597654 3076.266518 1 C 
 45 319 6  1 2 3 LH 1 149 +54 104 -16 0 0 1.528329 0 0 3264.665185 3265.166161 3265.667134 3265.867523 3267.871417 3269.399746 1 E 
 45 320 6  2 3 2 HL 1 174 +36 87 +1 1 1 0.496365 0 0 3270.426386 3270.927359 3271.428331 3271.628721 3273.632625 3274.128990 1 C 
 45 321 6  3 1 2 NL 0 154 +90 154 +55 0 1 0.769050 0 0 3275.152240 3275.653212 3276.154186 3276.354575 3278.358469 3279.127519 1 C 
 45 322 6  4 2 3 LH 1 61 -85 79 -15 0 0 0.622550 0 0 3280.145279 3280.646250 3281.147225 3281.347614 3283.351509 3283.974059 1 E 
 45 323 6  5 2 1 LN 0 155 -53 201 -53 0 1 0.837660 0 0 3284.988026 3285.489002 3285.989972 3286.190361 3288.194257 3289.031917 1 C 
 45 324 6  6 2 3 LH 1 110 -41 77 +29 1 1 0.585381 0 0 3290.047859 3290.548833 3291.049808 3291.250197 3293.254093 3293.839474 1 C 
 45 325 6  7 3 3 HH 1 91 +48 136 -22 1 1 0.716003 0 0 3294.857211 3295.358183 3295.859156 3296.059546 3298.063441 3298.779445 1 C 
 45 326 6  8 2 1 LN 0 101 +49 131 +49 0 1 0.496323 0 0 3299.800153 3300.301125 3300.802099 3301.002487 3303.006384 3303.502707 1 C 
 45 327 6  9 3 2 HL 1 167 +35 250 +70 1 1 0.618618 0 0 3304.526006 3305.026978 3305.527954 3305.728342 3307.732237 3308.350855 1 C 
 45 328 6 10 3 3 HH 1 159 +24 79 -46 1 1 0.495998 0 0 3309.368753 3309.869725 3310.370699 3310.571089 3312.574984 3313.070982 1 C 
 45 329 6 11 1 2 NL 0 165 +80 165 +45 1 0 1.854718 0 0 3314.094609 3314.595579 3315.096552 3315.296942 3317.300837 3319.155555 1 E 
 45 330 6 12 1 2 NL 0 178 +45 178 +80 1 0 0.751086 0 0 3320.173089 3320.674064 3321.175036 3321.375425 3323.379319 3324.130405 1 E 
 45 331 6 13 1 3 NH 0 147 -80 147 -10 0 1 0.758044 0 0 3325.149432 3325.650401 3326.151379 3326.351765 3328.355660 3329.113704 1 C 
 45 332 6 14 3 3 HH 1 131 +29 196 -41 1 1 0.685129 0 0 3330.125770 3330.626742 3331.127714 3331.328105 3333.331999 3334.017128 1 C 
 45 333 6 15 3 1 HN 0 123 -21 61 -21 0 1 0.622898 0 0 3335.035315 3335.536286 3336.037260 3336.237649 3338.241542 3338.864440 1 C 
 45 334 6 16 2 2 LL 1 152 +0 106 +35 1 1 0.622295 0 0 3339.878061 3340.379032 3340.880007 3341.080396 3343.084292 3343.706587 1 C 
 45 335 6 17 3 1 HN 0 84 -70 126 -70 0 1 0.613211 0 0 3344.720808 3345.221780 3345.722754 3345.923143 3347.927039 3348.540250 1 C 
 45 336 6 18 2 2 LL 1 177 +84 123 +49 0 0 0.931377 0 0 3349.563555 3350.064531 3350.565501 3350.765890 3352.769786 3353.701163 1 E 
 45 337 6 19 3 3 HH 1 139 +62 208 -8 1 1 0.735724 0 0 3354.723586 3355.224562 3355.725531 3355.925921 3357.929817 3358.665541 1 C 
 45 338 6 20 2 2 LL 1 136 -18 95 -53 1 1 1.127723 0 0 3359.683229 3360.184198 3360.685173 3360.885563 3362.889458 3364.017181 1 C 
 45 339 6 21 1 3 NH 0 118 -77 118 -7 0 1 1.449743 0 0 3365.043646 3365.544621 3366.045593 3366.245987 3368.249889 3369.699632 1 C 
 45 340 6 22 1 3 NH 0 141 +2 141 -68 0 1 0.932715 0 0 3370.721352 3371.222323 3371.723297 3371.923686 3373.927582 3374.860297 1 C 
 45 341 6 23 3 3 HH 1 89 +47 133 -23 1 1 0.574170 0 0 3375.881384 3376.382354 3376.883328 3377.083717 3379.087612 3379.661783 1 C 
 45 342 6 24 2 3 LH 1 61 +82 42 +12 1 1 1.449773 0 0 3380.674031 3381.175005 3381.675979 3381.876367 3383.880260 3385.330034 1 C 
 45 343 6 25 1 1 NN 0 57 -56 57 -56 1 0 1.032572 0 0 3386.351735 3386.852706 3387.353681 3387.554070 3389.557966 3390.590538 1 E 
 45 344 6 26 2 1 LN 0 103 -70 72 -70 0 1 0.723198 0 0 3391.611962 3392.112933 3392.613908 3392.814294 3394.818200 3395.541398 1 C 
 45 345 6 27 1 2 NL 0 79 +46 79 +81 0 1 1.650843 0 0 3396.554907 3397.055875 3397.556852 3397.757237 3399.761133 3401.411975 1 C 
 45 346 6 28 3 2 HL 1 108 +56 162 +21 1 1 1.549347 0 0 3402.432995 3402.933972 3403.434945 3403.635331 3405.639226 3407.188573 1 C 
 45 347 6 29 2 2 LL 1 112 +28 145 +63 1 1 0.891621 0 0 3408.210894 3408.711866 3409.212842 3409.413230 3411.417123 3412.308744 1 C 
 45 348 6 30 2 2 LL 1 68 -77 47 -42 1 1 0.804963 0 0 3413.320828 3413.821799 3414.322773 3414.523163 3416.527058 3417.332021 1 C 
 45 349 6 31 1 1 NN 0 156 -50 156 -50 0 1 0.549398 0 0 3418.347264 3418.848239 3419.349211 3419.549600 3421.553495 3422.102893 1 C 
 45 350 6 32 1 3 NH 0 179 -9 179 +61 1 0 0.412810 0 0 3423.123214 3423.624188 3424.125164 3424.325551 3426.329446 3426.742257 1 E 
 45 351 6 33 1 3 NH 0 174 -3 174 -73 0 1 0.602139 0 0 3427.765572 3428.266549 3428.767519 3428.967909 3430.971804 3431.573943 1 C 
 45 352 6 34 2 2 LL 1 145 -44 101 -79 1 1 0.751717 0 0 3432.591621 3433.092594 3433.593567 3433.793956 3435.797852 3436.549569 1 C 
 45 353 6 35 3 1 HN 0 115 -64 57 -64 1 0 0.744878 0 0 3437.567961 3438.068933 3438.569907 3438.770296 3440.774192 3441.519070 1 E 
 45 354 6 36 2 1 LN 0 57 -70 74 -70 0 1 0.478262 0 0 3442.544301 3443.045277 3443.546247 3443.746636 3445.750537 3446.228799 1 C 
 45 355 6 37 2 3 LH 1 160 +22 112 -48 0 0 1.160274 0 0 3447.253456 3447.754430 3448.255406 3448.455792 3450.459697 3451.619971 1 E 
 45 356 6 38 1 2 NL 0 147 -3 147 -38 1 0 1.067337 0 0 3452.630573 3453.131549 3453.632521 3453.832911 3455.836805 3456.904142 1 E 
 45 357 6 39 1 1 NN 0 56 -30 56 -30 0 1 0.758038 0 0 3457.924196 3458.425175 3458.926145 3459.126534 3461.130428 3461.888466 1 C 
 45 358 6 40 2 2 LL 1 151 +67 105 +32 1 1 0.929038 0 0 3462.900539 3463.401511 3463.902488 3464.102874 3466.106770 3467.035808 1 C 
 45 359 6 41 1 1 NN 0 151 -22 151 -22 0 1 0.500105 0 0 3468.060571 3468.561541 3469.062516 3469.262906 3471.266801 3471.766907 1 C 
 45 360 6 42 3 2 HL 1 124 -1 62 +34 1 1 0.422168 0 0 3472.786423 3473.287395 3473.788370 3473.988759 3475.992654 3476.414822 1 C 
 45 361 6 43 1 2 NL 0 54 +51 54 +86 0 1 1.425989 0 0 3477.428781 3477.929756 3478.430730 3478.631116 3480.635012 3482.061001 1 C 
 45 362 6 44 2 3 LH 1 116 +71 81 +1 1 1 0.951132 0 0 3483.073086 3483.574060 3484.075033 3484.275421 3486.279317 3487.230449 1 C 
 45 363 6 45 1 2 NL 0 110 -46 110 -11 0 1 1.246000 0 0 3488.249816 3488.750791 3489.251762 3489.452151 3491.456047 3492.702047 1 C 
 45 364 6 46 1 2 NL 0 180 -58 180 -23 0 1 0.865293 0 0 3493.727128 3494.228106 3494.729079 3494.929466 3496.933361 3497.798654 1 C 
 45 365 6 47 3 3 HH 1 56 +6 84 -64 1 1 0.733110 0 0 3498.820365 3499.321338 3499.822312 3500.022703 3502.026595 3502.759705 1 C 
 45 366 6 48 2 3 LH 1 147 +66 102 -4 1 1 0.774780 0 0 3503.780006 3504.280979 3504.781951 3504.982341 3506.986236 3507.761017 1 C 
 45 367 6 49 2 2 LL 1 162 +83 210 +48 1 1 1.302705 0 0 3508.773043 3509.274019 3509.774991 3509.975380 3511.979276 3513.281980 1 C 
 45 368 6 50 2 3 LH 1 151 +19 196 +89 1 1 0.711970 0 0 3514.300456 3514.801428 3515.302406 3515.502792 3517.506687 3518.218656 1 C 
 45 369 6 51 3 1 HN 0 159 +80 79 +80 0 1 1.064462 0 0 3519.243398 3519.744370 3520.245344 3520.445734 3522.449628 3523.514090 1 C 
 45 370 6 52 3 2 HL 1 60 +40 90 +5 1 1 0.507396 0 0 3524.537022 3525.037993 3525.538968 3525.739358 3527.743252 3528.250648 1 C 
 45 371 6 53 2 1 LN 0 126 +66 163 +66 1 0 0.635498 0 0 3529.262874 3529.763848 3530.264821 3530.465214 3532.469107 3533.104605 1 E 
 45 372 6 54 2 1 LN 0 82 +6 57 +6 1 0 0.512969 0 0 3534.122321 3534.623294 3535.124268 3535.324658 3537.328552 3537.841521 1 E 
 45 373 6 55 3 2 HL 1 80 +75 120 +40 0 0 0.568693 0 0 3538.864874 3539.365846 3539.866822 3540.067210 3542.071105 3542.639798 1 E 
 45 374 6 56 2 2 LL 1 112 +16 78 +51 1 1 1.075262 0 0 3543.657523 3544.158500 3544.659470 3544.859860 3546.863754 3547.939015 1 C 
 45 375 6 57 3 2 HL 1 172 -36 86 -1 1 1 0.749768 0 0 3548.951147 3549.452120 3549.953094 3550.153484 3552.157378 3552.907146 1 C 
 45 376 6 58 1 3 NH 0 115 +55 115 -15 0 1 1.076587 0 0 3553.927487 3554.428460 3554.929434 3555.129823 3557.133719 3558.210306 1 C 
 45 377 6 59 2 3 LH 1 118 -57 153 +13 1 1 0.733216 0 0 3559.221110 3559.722084 3560.223058 3560.423445 3562.427342 3563.160559 1 C 
 45 378 6 60 1 3 NH 0 113 +44 113 -26 1 0 0.616329 0 0 3564.180752 3564.681725 3565.182698 3565.383088 3567.386983 3568.003312 1 E 
