 17   1 0 43 2 3 LH 1 69 +11 58 +71 0 0 6.292572 0 0 1029.301099 1029.802629 1030.304167 1030.504782 1032.510931 1038.803503 1 E 
 17   2 0 44 1 2 NL 0 175 -32 175 -52 0 1 9.181445 0 0 1039.816660 1040.318196 1040.819737 1041.020349 1043.026500 1052.207944 1 C 
 17   3 0 45 1 2 NL 0 116 +85 116 +65 0 1 3.277677 0 0 1053.224426 1053.725962 1054.227499 1054.428114 1056.434264 1059.711941 1 C 
 17   4 0 46 1 1 NN 0 123 +66 123 +66 1 0 2.029424 0 0 1060.730767 1061.232304 1061.733842 1061.934455 1063.940606 1065.970030 1 E 
 17   5 0 47 2 1 LN 0 75 +52 86 +52 1 0 3.678874 0 0 1066.983267 1067.484804 1067.986341 1068.186954 1070.193105 1073.871979 1 E 
 17   6 0 48 1 1 NN 0 106 -54 106 -54 0 1 5.579292 0 0 1074.890839 1075.392374 1075.893913 1076.094526 1078.100679 1083.679970 1 C 
 17   7 0 49 3 1 HN 0 158 +63 205 +63 0 1 2.887588 0 0 1084.704255 1085.205791 1085.707329 1085.907941 1087.914093 1090.801681 1 C 
 17   8 0 50 1 3 NH 0 136 +52 136 -8 0 1 1.764144 0 0 1091.826085 1092.327621 1092.829159 1093.029775 1095.035923 1096.800067 1 C 
 17   9 0 51 2 3 LH 1 171 -89 196 -29 1 1 2.291390 0 0 1097.811097 1098.312633 1098.814172 1099.014787 1101.020938 1103.312329 1 C 
 17  10 0 52 3 1 HN 0 140 +73 98 +73 0 1 1.772979 0 0 1104.331083 1104.832621 1105.334158 1105.534770 1107.540926 1109.313905 1 C 
 17  11 0 53 1 2 NL 0 168 -41 168 -21 0 1 2.476563 0 0 1110.332812 1110.834353 1111.335887 1111.536509 1113.542652 1116.019216 1 C 
 17  12 0 54 1 3 NH 0 80 -76 80 -16 0 1 1.614781 0 0 1117.036696 1117.538234 1118.039771 1118.240385 1120.246536 1121.861317 1 C 
 17  13 0 55 3 1 HN 0 150 -14 105 -14 1 0 1.761941 0 0 1122.887966 1123.389503 1123.891041 1124.091656 1126.097806 1127.859746 1 E 
 17  14 0 56 2 1 LN 0 135 +79 114 +79 0 1 2.465574 0 0 1128.872982 1129.374520 1129.876054 1130.076673 1132.082822 1134.548396 1 C 
 17  15 0 57 2 2 LL 1 109 +47 125 +67 0 0 2.596457 0 0 1135.560145 1136.061681 1136.563218 1136.763835 1138.769983 1141.366441 1 E 
 17  16 0 58 3 2 HL 1 161 -85 209 -65 0 0 2.815183 0 0 1142.381052 1142.882590 1143.384127 1143.584741 1145.590889 1148.406072 1 E 
 17  17 0 59 1 1 NN 0 93 +86 93 +86 0 1 2.543879 0 0 1149.419293 1149.920831 1150.422368 1150.622982 1152.629132 1155.173010 1 C 
 17  18 0 60 3 1 HN 0 145 -14 188 -14 0 1 3.004428 0 0 1156.190048 1156.691585 1157.193122 1157.393735 1159.399887 1162.404315 1 C 
 17  19 1  1 1 3 NH 0 124 +25 124 +85 0 1 1.421161 0 0 1167.725409 1168.226943 1168.728484 1168.929095 1170.935246 1172.356407 1 C 
 17  20 1  2 2 3 LH 1 178 +20 204 -40 0 0 1.321652 0 0 1173.376062 1173.877600 1174.379141 1174.579751 1176.585901 1177.907552 1 E 
 17  21 1  3 2 3 LH 1 57 -89 48 -29 0 0 1.467694 0 0 1178.926409 1179.427946 1179.929484 1180.130102 1182.136248 1183.603942 1 E 
 17  22 1  4 1 3 NH 0 105 -62 105 -2 0 1 1.767373 0 0 1184.627218 1185.128754 1185.630292 1185.830904 1187.837060 1189.604433 1 C 
 17  23 1  5 3 2 HL 1 123 +37 159 +57 0 0 1.929142 0 0 1190.628948 1191.130485 1191.632023 1191.832638 1193.838787 1195.767929 1 E 
 17  24 1  6 1 1 NN 0 152 -18 152 -18 0 1 1.904056 0 0 1196.781140 1197.282677 1197.784214 1197.984829 1199.990976 1201.895033 1 C 
 17  25 1  7 3 1 HN 0 140 -27 98 -27 0 1 1.929093 0 0 1202.916614 1203.418151 1203.919688 1204.120306 1206.126453 1208.055546 1 C 
 17  26 1  8 2 2 LL 1 125 -75 143 -55 1 1 2.528381 0 0 1209.068806 1209.570342 1210.071880 1210.272494 1212.278646 1214.807027 1 C 
 17  27 1  9 3 2 HL 1 163 +18 114 -2 1 1 1.806488 0 0 1215.822842 1216.324379 1216.825917 1217.026529 1219.032681 1220.839169 1 C 
 17  28 1 10 3 3 HH 1 112 +76 78 +16 1 1 5.581103 0 0 1221.858007 1222.359545 1222.861083 1223.061705 1225.067845 1230.648948 1 C 
 17  29 1 11 2 3 LH 1 172 -5 197 -65 1 1 1.544289 0 0 1231.671423 1232.172960 1232.674498 1232.875112 1234.881262 1236.425551 1 C 
 17  30 1 12 2 1 LN 0 66 -53 56 -53 0 1 1.806537 0 0 1237.439102 1237.940640 1238.442177 1238.642790 1240.648942 1242.455478 1 C 
 17  31 1 13 3 2 HL 1 133 +42 172 +22 0 0 1.993867 0 0 1243.474270 1243.975806 1244.477344 1244.677962 1246.684110 1248.677976 1 E 
 17  32 1 14 1 1 NN 0 97 -14 97 -14 0 1 1.552244 0 0 1249.693333 1250.194870 1250.696408 1250.897022 1252.903171 1254.455415 1 C 
 17  33 1 15 1 3 NH 0 99 +8 99 -52 0 1 1.414858 0 0 1255.477731 1255.979268 1256.480805 1256.681422 1258.687569 1260.102428 1 C 
 17  34 1 16 1 3 NH 0 149 -22 149 -82 1 0 1.539642 0 0 1261.128390 1261.629922 1262.131459 1262.332074 1264.338224 1265.877866 1 E 
 17  35 1 17 1 3 NH 0 83 -82 83 -22 0 1 1.391125 0 0 1266.896064 1267.397602 1267.899139 1268.099758 1270.105904 1271.497029 1 C 
 17  36 1 18 2 2 LL 1 179 +4 205 -16 1 1 1.968092 0 0 1272.513283 1273.014820 1273.516357 1273.716971 1275.723122 1277.691213 1 C 
 17  37 1 19 1 1 NN 0 90 +21 90 +21 0 1 1.717382 0 0 1278.715629 1279.217166 1279.718703 1279.919317 1281.925468 1283.642849 1 C 
 17  38 1 20 1 3 NH 0 144 +4 144 -56 0 1 1.812156 0 0 1284.667206 1285.168743 1285.670284 1285.870895 1287.877048 1289.689204 1 C 
 17  39 1 21 2 3 LH 1 54 -61 62 -1 0 0 2.241111 0 0 1290.702372 1291.203909 1291.705447 1291.906059 1293.912211 1296.153322 1 E 
 17  40 1 22 3 3 HH 1 88 +66 61 +6 1 1 2.187214 0 0 1297.172205 1297.673741 1298.175278 1298.375899 1300.382043 1302.569257 1 C 
 17  41 1 23 1 1 NN 0 115 +77 115 +77 0 1 3.128443 0 0 1303.591882 1304.093423 1304.594957 1304.795573 1306.801721 1309.930165 1 C 
 17  42 1 24 1 2 NL 0 155 +0 155 -20 0 1 2.397206 0 0 1310.947764 1311.449301 1311.950839 1312.151454 1314.157606 1316.554812 1 C 
 17  43 1 25 1 3 NH 0 101 -70 101 -10 0 1 1.182358 0 0 1317.568058 1318.069595 1318.571132 1318.771744 1320.777896 1321.960254 1 C 
 17  44 1 26 1 2 NL 0 165 -56 165 -36 0 1 10.634588 0 0 1322.984662 1323.486198 1323.987735 1324.188353 1326.194500 1336.829088 1 C 
 17  45 1 27 1 2 NL 0 118 -62 118 -42 0 1 1.115477 0 0 1337.846884 1338.348422 1338.849960 1339.050576 1341.056724 1342.172202 1 C 
 17  46 1 28 2 2 LL 1 165 +49 140 +69 1 1 1.829694 0 0 1343.196617 1343.698154 1344.199702 1344.400316 1346.406456 1348.236151 1 C 
 17  47 1 29 3 3 HH 1 93 -56 120 +4 1 1 1.761944 0 0 1349.248503 1349.750038 1350.251576 1350.452194 1352.458340 1354.220285 1 C 
 17  48 1 30 3 1 HN 0 118 +32 153 +32 0 1 2.625652 0 0 1355.233514 1355.735051 1356.236588 1356.437207 1358.443353 1361.069005 1 C 
 17  49 1 31 2 3 LH 1 140 +90 119 +30 1 1 1.642181 0 0 1362.087859 1362.589395 1363.090933 1363.291546 1365.297697 1366.939878 1 C 
 17  50 1 32 3 2 HL 1 161 -32 209 -52 1 1 1.996011 0 0 1367.955847 1368.457382 1368.958920 1369.159539 1371.165685 1373.161696 1 C 
 17  51 1 33 2 3 LH 1 171 -29 145 +31 1 1 4.113535 0 0 1374.174910 1374.676446 1375.177983 1375.378596 1377.384751 1381.498286 1 C 
 17  52 1 34 2 2 LL 1 123 -45 141 -25 0 0 1.739430 0 0 1382.517148 1383.018685 1383.520222 1383.720838 1385.726986 1387.466417 1 E 
 17  53 1 35 2 3 LH 1 78 -79 89 -19 1 1 1.695064 0 0 1388.485443 1388.986980 1389.488520 1389.689130 1391.695281 1393.390345 1 C 
 17  54 1 36 2 1 LN 0 59 +11 67 +11 0 1 2.640384 0 0 1394.403588 1394.905120 1395.406658 1395.607273 1397.613422 1400.253806 1 C 
 17  55 1 37 3 2 HL 1 79 +46 55 +66 1 1 1.433222 0 0 1401.274647 1401.776182 1402.277720 1402.478336 1404.484484 1405.917705 1 C 
 17  56 1 38 2 3 LH 1 123 +26 104 -34 1 1 2.229996 0 0 1406.942017 1407.443555 1407.945092 1408.145707 1410.151856 1412.381853 1 C 
 17  57 1 39 2 3 LH 1 67 -17 56 +43 1 1 1.841423 0 0 1413.395132 1413.896669 1414.398205 1414.598825 1416.604970 1418.446393 1 C 
 17  58 1 40 1 2 NL 0 121 +30 121 +50 0 1 2.218586 0 0 1419.463735 1419.965271 1420.466807 1420.667424 1422.673575 1424.892161 1 C 
 17  59 1 41 2 1 LN 0 72 +76 82 +76 1 0 1.560378 0 0 1425.916848 1426.418386 1426.919922 1427.120544 1429.126687 1430.687065 1 E 
 17  60 1 42 2 3 LH 1 64 +47 54 -13 0 0 1.182360 0 0 1431.701245 1432.202784 1432.704322 1432.904939 1434.911086 1436.093446 1 E 
 17  61 1 43 2 3 LH 1 58 +78 66 +18 0 0 1.381051 0 0 1437.117852 1437.619387 1438.120924 1438.321539 1440.327689 1441.708739 1 E 
 17  62 1 44 3 3 HH 1 109 -82 141 -22 1 1 1.126657 0 0 1442.735069 1443.236604 1443.738143 1443.938755 1445.944907 1447.071564 1 C 
 17  63 1 45 2 3 LH 1 64 +80 73 +20 0 0 1.872469 0 0 1448.084801 1448.586337 1449.087876 1449.288490 1451.294637 1453.167106 1 E 
 17  64 1 46 2 3 LH 1 160 -2 136 +58 1 1 1.656170 0 0 1454.186839 1454.688376 1455.189912 1455.390528 1457.396677 1459.052848 1 C 
 17  65 1 47 2 1 LN 0 87 +46 73 +46 0 1 1.951387 0 0 1460.071544 1460.573081 1461.074618 1461.275235 1463.281381 1465.232768 1 C 
 17  66 1 48 1 3 NH 0 163 +18 163 +78 1 0 3.715850 0 0 1466.257171 1466.758712 1467.260246 1467.460868 1469.467010 1473.182860 1 E 
 17  67 1 49 2 1 LN 0 124 -54 142 -54 0 1 1.984865 0 0 1474.198179 1474.699714 1475.201254 1475.401872 1477.408022 1479.392888 1 C 
 17  68 1 50 2 3 LH 1 92 -47 78 +13 0 0 2.785848 0 0 1480.417244 1480.918780 1481.420318 1481.620931 1483.627082 1486.412931 1 E 
 17  69 1 51 1 3 NH 0 178 -36 178 +24 0 1 1.812643 0 0 1487.438765 1487.940303 1488.441841 1488.642453 1490.648605 1492.461248 1 C 
 17  70 1 52 1 1 NN 0 82 -66 82 -66 0 1 1.156524 0 0 1493.473932 1493.975470 1494.477004 1494.677631 1496.683769 1497.840293 1 C 
 17  71 1 53 3 3 HH 1 150 +73 105 +13 1 1 1.662407 0 0 1498.857100 1499.358638 1499.860180 1500.060790 1502.066946 1503.729353 1 C 
 17  72 1 54 2 1 LN 0 100 +80 85 +80 0 1 2.050028 0 0 1504.741806 1505.243342 1505.744880 1505.945492 1507.951645 1510.001673 1 C 
 17  73 1 55 1 1 NN 0 60 +39 60 +39 0 1 1.137721 0 0 1511.027742 1511.529278 1512.030815 1512.231430 1514.237579 1515.375300 1 C 
 17  74 1 56 1 1 NN 0 93 +75 93 +75 0 1 1.370078 0 0 1516.394191 1516.895728 1517.397265 1517.597884 1519.604030 1520.974108 1 C 
 17  75 1 57 2 1 LN 0 111 -52 127 -52 0 1 1.293840 0 0 1521.994691 1522.496228 1522.997766 1523.198379 1525.204530 1526.498371 1 C 
 17  76 1 58 2 2 LL 1 92 +22 105 +2 1 1 3.807304 0 0 1527.511603 1528.013139 1528.514677 1528.715292 1530.721441 1534.528746 1 C 
 17  77 1 59 1 1 NN 0 146 -46 146 -46 0 1 1.990335 0 0 1535.552918 1536.054456 1536.555993 1536.756609 1538.762757 1540.753092 1 C 
 17  78 1 60 1 3 NH 0 143 +17 143 +77 1 0 2.379365 0 0 1541.771982 1542.273519 1542.775056 1542.975675 1544.981819 1547.361184 1 E 
 17  79 2  1 2 1 LN 0 91 -6 104 -6 0 1 1.767429 0 0 1595.938018 1596.439556 1596.941093 1597.141708 1599.147857 1600.915286 1 C 
 17  80 2  2 1 2 NL 0 64 -25 64 -45 0 1 1.109924 0 0 1601.939749 1602.441286 1602.942836 1603.143448 1605.149592 1606.259516 1 C 
 17  81 2  3 3 3 HH 1 161 +12 209 -48 1 1 1.360683 0 0 1607.272764 1607.774300 1608.275838 1608.476456 1610.482600 1611.843284 1 C 
 17  82 2  4 1 2 NL 0 54 +32 54 +52 1 0 2.129725 0 0 1612.856547 1613.358083 1613.859620 1614.060238 1616.066384 1618.196110 1 E 
 17  83 2  5 1 2 NL 0 146 +16 146 -4 0 1 1.778667 0 0 1619.209352 1619.710890 1620.212427 1620.413046 1622.419192 1624.197859 1 C 
 17  84 2  6 1 1 NN 0 113 +83 113 +83 0 1 0.926068 0 0 1625.211084 1625.712620 1626.214158 1626.414773 1628.420922 1629.346990 1 C 
 17  85 2  7 1 1 NN 0 121 +47 121 +47 0 1 1.461059 0 0 1630.360201 1630.861737 1631.363274 1631.563887 1633.570039 1635.031098 1 C 
 17  86 2  8 1 2 NL 0 129 +60 129 +80 0 1 1.199070 0 0 1636.044290 1636.545828 1637.047365 1637.247984 1639.254129 1640.453199 1 C 
 17  87 2  9 3 1 HN 0 140 +19 98 +19 0 1 1.732447 0 0 1641.477612 1641.979149 1642.480687 1642.681300 1644.687451 1646.419898 1 C 
 17  88 2 10 3 3 HH 1 94 +54 65 -6 1 1 0.981526 0 0 1647.445907 1647.947444 1648.448982 1648.649594 1650.655746 1651.637272 1 C 
 17  89 2 11 3 2 HL 1 133 -33 93 -13 1 1 1.862857 0 0 1652.661896 1653.163434 1653.664970 1653.865583 1655.871738 1657.734595 1 C 
 17  90 2 12 3 1 HN 0 135 +84 175 +84 0 1 1.726596 0 0 1658.747216 1659.248753 1659.750290 1659.950903 1661.957055 1663.683651 1 C 
 17  91 2 13 2 3 LH 1 99 -3 113 +57 1 1 1.203061 0 0 1664.698793 1665.200330 1665.701867 1665.902492 1667.908632 1669.111694 1 C 
 17  92 2 14 2 1 LN 0 155 -24 131 -24 0 1 1.304330 0 0 1670.132115 1670.633649 1671.135189 1671.335804 1673.341953 1674.646283 1 C 
 17  93 2 15 2 1 LN 0 134 -45 154 -45 0 1 1.049661 0 0 1675.665742 1676.167280 1676.668818 1676.869436 1678.875582 1679.925243 1 C 
 17  94 2 16 2 1 LN 0 150 -18 127 -18 0 1 0.697551 0 0 1680.948604 1681.450139 1681.951678 1682.152293 1684.158446 1684.855996 1 C 
 17  95 2 17 3 3 HH 1 89 +29 115 +89 1 1 1.411974 0 0 1685.880388 1686.381930 1686.883462 1687.084087 1689.090226 1690.502200 1 C 
 17  96 2 18 2 2 LL 1 106 -10 90 -30 1 1 1.443438 0 0 1691.514325 1692.015862 1692.517399 1692.718011 1694.724164 1696.167601 1 C 
 17  97 2 19 2 2 LL 1 129 -48 109 -68 1 1 1.568139 0 0 1697.181697 1697.683233 1698.184771 1698.385397 1700.391534 1701.959673 1 C 
 17  98 2 20 2 3 LH 1 68 +89 78 +29 0 0 0.901849 0 0 1702.982812 1703.484349 1703.985886 1704.186502 1706.192651 1707.094500 1 E 
 17  99 2 21 3 2 HL 1 71 -36 49 -16 1 1 1.323152 0 0 1708.115211 1708.616749 1709.118286 1709.318898 1711.325049 1712.648202 1 C 
 17 100 2 22 2 1 LN 0 118 +82 100 +82 0 1 2.125074 0 0 1713.665561 1714.167095 1714.668633 1714.869248 1716.875397 1719.000471 1 C 
 17 101 2 23 2 3 LH 1 177 +45 203 -15 1 1 1.176710 0 0 1720.018364 1720.519906 1721.021440 1721.222057 1723.228203 1724.404912 1 C 
 17 102 2 24 2 1 LN 0 102 +10 117 +10 0 1 1.089492 0 0 1725.418252 1725.919787 1726.421325 1726.621943 1728.628090 1729.717582 1 C 
 17 103 2 25 2 1 LN 0 87 -41 73 -41 0 1 0.878159 0 0 1730.734546 1731.236082 1731.737622 1731.938237 1733.944385 1734.822544 1 C 
 17 104 2 26 2 3 LH 1 102 +44 117 -16 1 1 1.110928 0 0 1735.833510 1736.335048 1736.836585 1737.037198 1739.043349 1740.154277 1 C 
 17 105 2 27 1 1 NN 0 120 +66 120 +66 0 1 2.493814 0 0 1741.166525 1741.668061 1742.169601 1742.370214 1744.376363 1746.870177 1 C 
 17 106 2 28 3 1 HN 0 118 -70 82 -70 1 0 1.472062 0 0 1747.887125 1748.388662 1748.890199 1749.090814 1751.096964 1752.569025 1 E 
 17 107 2 29 1 2 NL 0 167 -1 167 -21 0 1 2.152082 0 0 1753.587934 1754.089474 1754.591008 1754.791623 1756.797772 1758.949854 1 C 
 17 108 2 30 3 1 HN 0 158 +22 205 +22 0 1 1.738835 0 0 1759.974176 1760.475713 1760.977251 1761.177866 1763.184014 1764.922850 1 C 
 17 109 2 31 3 1 HN 0 158 +0 110 +0 0 1 1.494476 0 0 1765.942471 1766.444007 1766.945545 1767.146157 1769.152310 1770.646786 1 C 
 17 110 2 32 3 1 HN 0 115 +31 149 +31 1 0 1.296707 0 0 1771.659997 1772.161534 1772.663071 1772.863695 1774.869836 1776.166542 1 E 
 17 111 2 33 2 1 LN 0 85 -33 97 -33 0 1 0.742147 0 0 1777.176907 1777.678445 1778.179980 1778.380597 1780.386746 1781.128894 1 C 
 17 112 2 34 3 2 HL 1 102 -41 132 -61 1 1 1.472916 0 0 1782.142127 1782.643665 1783.145202 1783.345821 1785.351966 1786.824881 1 C 
 17 113 2 35 3 2 HL 1 133 +34 93 +54 0 0 2.861049 0 0 1787.842937 1788.344471 1788.846010 1789.046623 1791.052775 1793.913824 1 E 
 17 114 2 36 2 3 LH 1 55 -72 46 -12 0 0 1.611485 0 0 1794.931331 1795.432868 1795.934406 1796.135032 1798.141170 1799.752655 1 E 
 17 115 2 37 1 3 NH 0 58 -47 58 +13 1 0 1.856554 0 0 1800.765883 1801.267422 1801.768957 1801.969575 1803.975721 1805.832276 1 E 
 17 116 2 38 3 1 HN 0 173 +16 121 +16 0 1 1.247191 0 0 1806.851203 1807.352739 1807.854277 1808.054890 1810.061042 1811.308233 1 C 
 17 117 2 39 2 3 LH 1 164 +21 139 -39 1 1 1.154476 0 0 1812.334679 1812.836215 1813.337752 1813.538367 1815.544517 1816.698993 1 C 
 17 118 2 40 3 2 HL 1 164 +6 213 -14 1 1 2.392739 0 0 1817.717846 1818.219382 1818.720920 1818.921533 1820.927685 1823.320424 1 C 
 17 119 2 41 3 3 HH 1 169 +5 219 -55 1 1 1.631893 0 0 1824.338139 1824.839676 1825.341214 1825.541832 1827.547978 1829.179870 1 C 
 17 120 2 42 2 3 LH 1 162 +0 186 +60 1 1 1.744297 0 0 1830.206125 1830.707663 1831.209205 1831.409818 1833.415962 1835.160260 1 C 
 17 121 2 43 2 3 LH 1 135 +77 114 +17 0 0 2.083122 0 0 1836.174418 1836.675958 1837.177496 1837.378115 1839.384261 1841.467383 1 E 
 17 122 2 44 1 1 NN 0 70 -90 70 -90 0 1 1.765590 0 0 1842.493791 1842.995330 1843.496867 1843.697482 1845.703633 1847.469223 1 C 
 17 123 2 45 2 2 LL 1 158 +20 134 +40 0 0 1.233471 0 0 1848.495523 1848.997060 1849.498597 1849.699210 1851.705361 1852.938832 1 E 
 17 124 2 46 3 2 HL 1 122 +39 85 +19 1 1 1.285773 0 0 1853.962279 1854.463817 1854.965355 1855.165968 1857.172119 1858.457892 1 C 
 17 125 2 47 3 2 HL 1 94 +20 65 +0 1 1 1.789000 0 0 1859.479192 1859.980728 1860.482275 1860.682888 1862.689030 1864.478030 1 C 
 17 126 2 48 3 2 HL 1 116 -30 150 -10 0 0 1.962557 0 0 1865.497640 1865.999176 1866.500714 1866.701329 1868.707479 1870.670036 1 E 
 17 127 2 49 3 2 HL 1 59 +22 76 +42 1 1 1.312876 0 0 1871.683268 1872.184804 1872.686342 1872.886954 1874.893106 1876.205982 1 C 
 17 128 2 50 2 3 LH 1 80 -74 68 -14 0 0 1.488761 0 0 1877.216897 1877.718433 1878.219971 1878.420583 1880.426735 1881.915496 1 E 
 17 129 2 51 3 1 HN 0 101 -77 131 -77 0 1 1.834345 0 0 1882.934424 1883.435961 1883.937497 1884.138112 1886.144261 1887.978606 1 C 
 17 130 2 52 1 1 NN 0 115 +43 115 +43 0 1 0.714310 0 0 1889.003026 1889.504562 1890.006099 1890.206720 1892.212863 1892.927174 1 C 
 17 131 2 53 1 3 NH 0 85 -31 85 +29 1 0 2.101862 0 0 1893.951527 1894.453064 1894.954601 1895.155214 1897.161366 1899.263229 1 E 
 17 132 2 54 3 2 HL 1 173 -26 121 -6 1 1 1.507805 0 0 1900.287617 1900.789152 1901.290690 1901.491316 1903.497455 1905.005259 1 C 
 17 133 2 55 2 2 LL 1 156 +67 132 +47 0 0 1.739684 0 0 1906.021860 1906.523397 1907.024934 1907.225547 1909.231699 1910.971383 1 E 
 17 134 2 56 1 1 NN 0 89 +53 89 +53 0 1 1.277390 0 0 1911.990155 1912.491692 1912.993227 1913.193844 1915.199993 1916.477383 1 C 
 17 135 2 57 1 3 NH 0 174 +46 174 -14 1 0 1.344008 0 0 1917.490347 1917.991885 1918.493422 1918.694035 1920.700184 1922.044192 1 E 
 17 136 2 58 3 2 HL 1 113 -46 79 -66 0 0 1.905724 0 0 1923.057412 1923.558950 1924.060487 1924.261104 1926.267251 1928.172975 1 E 
 17 137 2 59 1 3 NH 0 80 -35 80 +25 0 1 0.889427 0 0 1929.192886 1929.694424 1930.195961 1930.396576 1932.402731 1933.292158 1 C 
 17 138 2 60 3 3 HH 1 160 -49 112 +11 1 1 1.122342 0 0 1934.308568 1934.810104 1935.311642 1935.512255 1937.518405 1938.640747 1 C 
 17 139 3  1 1 1 NN 0 113 +88 113 +88 0 1 1.068221 0 0 1994.459618 1994.961154 1995.462689 1995.663304 1997.669456 1998.737677 1 C 
 17 140 3  2 3 3 HH 1 123 +44 86 -16 1 1 0.997240 0 0 1999.759194 2000.260732 2000.762269 2000.962884 2002.969034 2003.966273 1 C 
 17 141 3  3 3 2 HL 1 86 +71 60 +51 0 0 1.160008 0 0 2004.991903 2005.493439 2005.994980 2006.195595 2008.201740 2009.361748 1 E 
 17 142 3  4 1 1 NN 0 172 +6 172 +6 0 1 1.405293 0 0 2010.375070 2010.876607 2011.378145 2011.578757 2013.584912 2014.990205 1 C 
 17 143 3  5 1 1 NN 0 172 -10 172 -10 0 1 0.508082 0 0 2016.009005 2016.510543 2017.012085 2017.212697 2019.218845 2019.726927 1 C 
 17 144 3  6 2 3 LH 1 163 +14 138 -46 1 1 1.171146 0 0 2020.740175 2021.241712 2021.743250 2021.943862 2023.950014 2025.121160 1 C 
 17 145 3  7 2 3 LH 1 126 +0 144 +60 1 1 1.291647 0 0 2026.140061 2026.641598 2027.143135 2027.343750 2029.349899 2030.641547 1 C 
 17 146 3  8 2 1 LN 0 79 -61 90 -61 0 1 0.911389 0 0 2031.656972 2032.158513 2032.660047 2032.860659 2034.866813 2035.778201 1 C 
 17 147 3  9 1 3 NH 0 104 -33 104 +27 1 0 2.708278 0 0 2036.789371 2037.290908 2037.792449 2037.993063 2039.999209 2042.707487 1 E 
 17 148 3 10 1 1 NN 0 163 -73 163 -73 0 1 0.485744 0 0 2043.727306 2044.228842 2044.730380 2044.930994 2046.937144 2047.422888 1 C 
 17 149 3 11 2 2 LL 1 110 +14 126 -6 1 1 1.262644 0 0 2048.441757 2048.943293 2049.444831 2049.645447 2051.651596 2052.914240 1 C 
 17 150 3 12 3 1 HN 0 65 +12 45 +12 0 1 1.444270 0 0 2053.925233 2054.426769 2054.928306 2055.128919 2057.135071 2058.579340 1 C 
 17 151 3 13 1 1 NN 0 105 -71 105 -71 0 1 0.719759 0 0 2059.592605 2060.094140 2060.595678 2060.796291 2062.802443 2063.522202 1 C 
 17 152 3 14 2 1 LN 0 58 +22 66 +22 0 1 1.114757 0 0 2064.541106 2065.042642 2065.544185 2065.744806 2067.750945 2068.865703 1 C 
 17 153 3 15 2 2 LL 1 76 +51 64 +31 0 0 0.803392 0 0 2069.890837 2070.392375 2070.893913 2071.094527 2073.100677 2073.904069 1 E 
 17 154 3 16 2 2 LL 1 110 +81 126 +61 1 1 1.003861 0 0 2074.922930 2075.424467 2075.926006 2076.126621 2078.132768 2079.136629 1 C 
 17 155 3 17 3 3 HH 1 94 -73 65 -13 0 0 1.003983 0 0 2080.155637 2080.657173 2081.158714 2081.359323 2083.365475 2084.369458 1 E 
 17 156 3 18 2 1 LN 0 108 -71 124 -71 0 1 1.260429 0 0 2085.388343 2085.889880 2086.391421 2086.592030 2088.598181 2089.858609 1 C 
 17 157 3 19 3 1 HN 0 104 -48 135 -48 0 1 1.199139 0 0 2090.871817 2091.373360 2091.874892 2092.075506 2094.081655 2095.280794 1 C 
 17 158 3 20 3 3 HH 1 70 -85 91 -25 1 1 0.890153 0 0 2096.305140 2096.806677 2097.308215 2097.508829 2099.514978 2100.405131 1 C 
 17 159 3 21 3 1 HN 0 78 -25 101 -25 0 1 1.594716 0 0 2101.420820 2101.922358 2102.423896 2102.624510 2104.630660 2106.225376 1 C 
 17 160 3 22 3 2 HL 1 132 +26 171 +46 0 0 0.755879 0 0 2107.238655 2107.740191 2108.241729 2108.442341 2110.448494 2111.204373 1 E 
 17 161 3 23 3 2 HL 1 82 +23 106 +3 1 1 1.102025 0 0 2112.220592 2112.722130 2113.223667 2113.424281 2115.430431 2116.532456 1 C 
 17 162 3 24 3 3 HH 1 156 -32 109 +28 1 1 2.230369 0 0 2117.553610 2118.055148 2118.556681 2118.757293 2120.763447 2122.993817 1 C 
 17 163 3 25 2 3 LH 1 69 +49 79 -11 0 0 2.193180 0 0 2124.006721 2124.508258 2125.009795 2125.210410 2127.216560 2129.409740 1 E 
 17 164 3 26 1 1 NN 0 165 +21 165 +21 0 1 0.958411 0 0 2130.426399 2130.927936 2131.429474 2131.630086 2133.636237 2134.594648 1 C 
 17 165 3 27 1 3 NH 0 54 +67 54 +7 0 1 1.232475 0 0 2135.608952 2136.110489 2136.612026 2136.812639 2138.818791 2140.051265 1 C 
 17 166 3 28 3 1 HN 0 62 -57 43 -57 0 1 1.912376 0 0 2141.075710 2141.577247 2142.078784 2142.279399 2144.285547 2146.197924 1 C 
 17 167 3 29 2 1 LN 0 162 +81 186 +81 0 1 0.847999 0 0 2147.211184 2147.712720 2148.214257 2148.414874 2150.421022 2151.269021 1 C 
 17 168 3 30 2 2 LL 1 84 +61 96 +81 1 1 2.003381 0 0 2152.293427 2152.794966 2153.296503 2153.497116 2155.503268 2157.506649 1 C 
 17 169 3 31 2 1 LN 0 88 +4 74 +4 0 1 1.499326 0 0 2158.529210 2159.030747 2159.532283 2159.732897 2161.739048 2163.238375 1 C 
 17 170 3 32 1 3 NH 0 66 +17 66 -43 0 1 2.353956 0 0 2164.263455 2164.764992 2165.266528 2165.467141 2167.473293 2169.827249 1 C 
 17 171 3 33 3 1 HN 0 57 -88 74 -88 0 1 2.776130 0 0 2170.850312 2171.351849 2171.853386 2172.054005 2174.060151 2176.836281 1 C 
 17 172 3 34 1 3 NH 0 93 +18 93 +78 1 0 1.711788 0 0 2177.855118 2178.356654 2178.858192 2179.058810 2181.064955 2182.776743 1 E 
 17 173 3 35 2 3 LH 1 142 -24 163 -84 0 0 1.806217 0 0 2183.789976 2184.291513 2184.793050 2184.993668 2186.999814 2188.806031 1 E 
 17 174 3 36 1 3 NH 0 171 +53 171 -7 0 1 0.973658 0 0 2189.825143 2190.326679 2190.828216 2191.028829 2193.034979 2194.008637 1 C 
 17 175 3 37 1 2 NL 0 177 -76 177 -56 0 1 1.818521 0 0 2195.024413 2195.525950 2196.027485 2196.228100 2198.234250 2200.052771 1 C 
 17 176 3 38 2 3 LH 1 162 -9 186 +51 1 1 1.416427 0 0 2201.076298 2201.577834 2202.079372 2202.279984 2204.286136 2205.702562 1 C 
 17 177 3 39 3 3 HH 1 94 -75 65 -15 1 1 2.168771 0 0 2206.726952 2207.228489 2207.730027 2207.930641 2209.936791 2212.105562 1 C 
 17 178 3 40 1 2 NL 0 171 +32 171 +52 1 0 0.993004 0 0 2213.129913 2213.631450 2214.132987 2214.333604 2216.339751 2217.332754 1 E 
 17 179 3 41 3 3 HH 1 171 +22 119 -38 1 1 1.362512 0 0 2218.345902 2218.847436 2219.348976 2219.549588 2221.555740 2222.918252 1 C 
 17 180 3 42 2 2 LL 1 95 -65 80 -85 0 0 0.770062 0 0 2223.929684 2224.431221 2224.932763 2225.133376 2227.139523 2227.909585 1 E 
 17 181 3 43 2 2 LL 1 54 +64 45 +44 1 1 2.254466 0 0 2228.928339 2229.429876 2229.931414 2230.132027 2232.138179 2234.392645 1 C 
 17 182 3 44 2 2 LL 1 92 -9 78 -29 0 0 1.973543 0 0 2235.414890 2235.916426 2236.417964 2236.618582 2238.624729 2240.598272 1 E 
 17 183 3 45 3 3 HH 1 104 +48 72 -12 1 1 1.199101 0 0 2241.617236 2242.118773 2242.620310 2242.820922 2244.827074 2246.026175 1 C 
 17 184 3 46 2 3 LH 1 96 -67 110 -7 1 1 1.188620 0 0 2247.050557 2247.552093 2248.053632 2248.254249 2250.260395 2251.449015 1 C 
 17 185 3 47 3 3 HH 1 102 +30 71 -30 1 1 1.645007 0 0 2252.467160 2252.968698 2253.470235 2253.670847 2255.676999 2257.322007 1 C 
 17 186 3 48 3 2 HL 1 153 -11 107 -31 1 1 1.039157 0 0 2258.335148 2258.836684 2259.338222 2259.538835 2261.544986 2262.584143 1 C 
 17 187 3 49 2 2 LL 1 175 -7 148 -27 0 0 1.226974 0 0 2263.601290 2264.102827 2264.604365 2264.804981 2266.811129 2268.038103 1 E 
 17 188 3 50 2 3 LH 1 171 +88 196 +28 1 1 1.237957 0 0 2269.051330 2269.552867 2270.054405 2270.255023 2272.261169 2273.499126 1 C 
 17 189 3 51 3 3 HH 1 117 +65 152 +5 1 1 1.480852 0 0 2274.518088 2275.019624 2275.521162 2275.721774 2277.727925 2279.208777 1 C 
 17 190 3 52 2 1 LN 0 94 -18 108 -18 0 1 1.635218 0 0 2280.235613 2280.737150 2281.238688 2281.439311 2283.445455 2285.080674 1 C 
 17 191 3 53 1 3 NH 0 94 -1 94 +59 0 1 2.870928 0 0 2286.103601 2286.605138 2287.106675 2287.307290 2289.313439 2292.184366 1 C 
 17 192 3 54 3 3 HH 1 159 -86 206 -26 1 1 1.433062 0 0 2293.208711 2293.710250 2294.211792 2294.412411 2296.418552 2297.851614 1 C 
 17 193 3 55 3 3 HH 1 171 +24 222 -36 1 1 1.282769 0 0 2298.876086 2299.377623 2299.879160 2300.079772 2302.085925 2303.368694 1 C 
 17 194 3 56 2 3 LH 1 114 -39 96 +21 1 1 1.828879 0 0 2304.392996 2304.894534 2305.396071 2305.596687 2307.602836 2309.431715 1 C 
 17 195 3 57 1 1 NN 0 117 -34 117 -34 0 1 1.171337 0 0 2310.444881 2310.946418 2311.447956 2311.648569 2313.654720 2314.826058 1 C 
 17 196 3 58 2 2 LL 1 86 +25 98 +45 0 0 1.355028 0 0 2315.844767 2316.346307 2316.847841 2317.048456 2319.054605 2320.409633 1 E 
 17 197 3 59 2 2 LL 1 167 +48 141 +28 0 0 1.036629 0 0 2321.428549 2321.930086 2322.431628 2322.632236 2324.638388 2325.675018 1 E 
 17 198 3 60 3 1 HN 0 108 -3 140 -3 0 1 1.929166 0 0 2326.694693 2327.196229 2327.697766 2327.898380 2329.904530 2331.833696 1 C 
 17 199 4  1 2 1 LN 0 61 -77 70 -77 0 1 2.681993 0 0 2365.162610 2365.664145 2366.165682 2366.366309 2368.372451 2371.054443 1 C 
 17 200 4  2 1 2 NL 0 180 -83 180 -63 0 1 0.736668 0 0 2372.067107 2372.568644 2373.070181 2373.270795 2375.276946 2376.013614 1 C 
 17 201 4  3 1 2 NL 0 97 -2 97 +18 0 1 0.983926 0 0 2377.032326 2377.533867 2378.035401 2378.236014 2380.242165 2381.226091 1 C 
 17 202 4  4 3 2 HL 1 54 +37 37 +57 1 1 1.304062 0 0 2382.248315 2382.749853 2383.251390 2383.452003 2385.458153 2386.762215 1 C 
 17 203 4  5 3 1 HN 0 153 -14 198 -14 0 1 1.082762 0 0 2387.781945 2388.283482 2388.785019 2388.985635 2390.991783 2392.074544 1 C 
 17 204 4  6 1 2 NL 0 161 +14 161 -6 1 0 1.399529 0 0 2393.098241 2393.599777 2394.101315 2394.301927 2396.308082 2397.707610 1 E 
 17 205 4  7 2 1 LN 0 112 +12 95 +12 0 1 1.240141 0 0 2398.732177 2399.233714 2399.735252 2399.935866 2401.942016 2403.182157 1 C 
 17 206 4  8 2 3 LH 1 135 -53 155 +7 1 1 1.020830 0 0 2404.198935 2404.700471 2405.202009 2405.402626 2407.408773 2408.429603 1 C 
 17 207 4  9 3 1 HN 0 101 +63 70 +63 1 0 1.132811 0 0 2409.448359 2409.949896 2410.451433 2410.652048 2412.658202 2413.791013 1 E 
 17 208 4 10 3 3 HH 1 93 +3 120 +63 1 1 1.879798 0 0 2414.814809 2415.316346 2415.817884 2416.018498 2418.024647 2419.904444 1 C 
 17 209 4 11 2 1 LN 0 140 -61 119 -61 0 1 1.262772 0 0 2420.916847 2421.418384 2421.919921 2422.120534 2424.126685 2425.389457 1 C 
 17 210 4 12 1 2 NL 0 174 +7 174 -13 0 1 2.486366 0 0 2426.400322 2426.901859 2427.403398 2427.604018 2429.610160 2432.096527 1 C 
 17 211 4 13 2 1 LN 0 174 -59 147 -59 0 1 0.931552 0 0 2433.120923 2433.622459 2434.123998 2434.324619 2436.330762 2437.262314 1 C 
 17 212 4 14 3 3 HH 1 61 +55 42 -5 1 1 1.399732 0 0 2438.286758 2438.788295 2439.289833 2439.490447 2441.496598 2442.896331 1 C 
 17 213 4 15 3 3 HH 1 176 -64 228 -4 1 1 1.589123 0 0 2443.920695 2444.422236 2444.923769 2445.124384 2447.130533 2448.719656 1 C 
 17 214 4 16 1 3 NH 0 80 +14 80 -46 0 1 2.122371 0 0 2449.738528 2450.240065 2450.741604 2450.942218 2452.948367 2455.070738 1 C 
 17 215 4 17 2 2 LL 1 141 -48 119 -28 1 1 1.784146 0 0 2456.091335 2456.592872 2457.094409 2457.295026 2459.301172 2461.085318 1 C 
 17 216 4 18 1 3 NH 0 123 -63 123 -3 1 0 1.702584 0 0 2462.109783 2462.611321 2463.112862 2463.313472 2465.319620 2467.022204 1 E 
 17 217 4 19 1 2 NL 0 105 +89 105 +69 0 1 1.689623 0 0 2468.044643 2468.546179 2469.047717 2469.248333 2471.254481 2472.944104 1 C 
 17 218 4 20 2 3 LH 1 118 -79 135 -19 1 1 1.499960 0 0 2473.962783 2474.464320 2474.965858 2475.166472 2477.172624 2478.672585 1 C 
 17 219 4 21 3 3 HH 1 134 +62 93 +2 1 1 1.174857 0 0 2479.697027 2480.198565 2480.700102 2480.900720 2482.906865 2484.081723 1 C 
 17 220 4 22 3 2 HL 1 130 -55 91 -35 1 1 1.806409 0 0 2485.096914 2485.598450 2486.099987 2486.300600 2488.306752 2490.113160 1 C 
 17 221 4 23 1 2 NL 0 99 +31 99 +51 1 0 1.017091 0 0 2491.132077 2491.633615 2492.135154 2492.335769 2494.341919 2495.359010 1 E 
 17 222 4 24 2 3 LH 1 67 -73 56 -13 1 1 1.334910 0 0 2496.381505 2496.883041 2497.384578 2497.585191 2499.591342 2500.926252 1 C 
 17 223 4 25 3 3 HH 1 87 +0 60 +60 1 1 0.875898 0 0 2501.948569 2502.450105 2502.951643 2503.152256 2505.158408 2506.034306 1 C 
 17 224 4 26 3 2 HL 1 176 +5 228 -15 1 1 1.105421 0 0 2507.047532 2507.549069 2508.050606 2508.251221 2510.257371 2511.362791 1 C 
 17 225 4 27 2 3 LH 1 129 +27 148 -33 0 0 1.581229 0 0 2512.380545 2512.882083 2513.383621 2513.584239 2515.590385 2517.171614 1 E 
 17 226 4 28 2 1 LN 0 71 -1 60 -1 0 1 1.295848 0 0 2518.198380 2518.699917 2519.201454 2519.402067 2521.408219 2522.704067 1 C 
 17 227 4 29 1 1 NN 0 68 +40 68 +40 0 1 0.979090 0 0 2523.715291 2524.216828 2524.718364 2524.918979 2526.925129 2527.904219 1 C 
 17 228 4 30 3 1 HN 0 170 +85 221 +85 0 1 0.867726 0 0 2528.931279 2529.432815 2529.934354 2530.134969 2532.141118 2533.008844 1 C 
 17 229 4 31 2 2 LL 1 74 -40 85 -20 0 0 1.271174 0 0 2534.030245 2534.531780 2535.033318 2535.233931 2537.240081 2538.511255 1 E 
 17 230 4 32 1 3 NH 0 76 -82 76 -22 0 1 1.216002 0 0 2539.530436 2540.031973 2540.533511 2540.734123 2542.740275 2543.956277 1 C 
 17 231 4 33 2 2 LL 1 97 -48 82 -28 0 0 0.657693 0 0 2544.980476 2545.482013 2545.983550 2546.184165 2548.190315 2548.848008 1 E 
 17 232 4 34 2 2 LL 1 151 -62 173 -42 1 1 0.736106 0 0 2549.862105 2550.363643 2550.865181 2551.065796 2553.071947 2553.808053 1 C 
 17 233 4 35 3 3 HH 1 170 -49 118 +11 1 1 0.797840 0 0 2554.827334 2555.328866 2555.830401 2556.031013 2558.037165 2558.835005 1 C 
 17 234 4 36 3 2 HL 1 72 +5 93 +25 1 1 2.421604 0 0 2559.859418 2560.360956 2560.862491 2561.063107 2563.069255 2565.490859 1 C 
 17 235 4 37 2 3 LH 1 169 +25 194 +85 0 0 1.402085 0 0 2566.513146 2567.014683 2567.516222 2567.716834 2569.722986 2571.125071 1 E 
 17 236 4 38 2 3 LH 1 143 +27 121 +87 1 1 0.727534 0 0 2572.147082 2572.648620 2573.150157 2573.350780 2575.356921 2576.084456 1 C 
 17 237 4 39 2 2 LL 1 74 -19 62 -39 1 1 1.087593 0 0 2577.095586 2577.597122 2578.098660 2578.299277 2580.305425 2581.393017 1 C 
 17 238 4 40 2 2 LL 1 117 -41 99 -61 0 0 1.968111 0 0 2582.411882 2582.913419 2583.414954 2583.615571 2585.621724 2587.589835 1 E 
 17 239 4 41 3 1 HN 0 144 +67 187 +67 0 1 0.469074 0 0 2588.614229 2589.115764 2589.617302 2589.817917 2591.824066 2592.293140 1 C 
 17 240 4 42 1 1 NN 0 69 -64 69 -64 0 1 0.761101 0 0 2593.311961 2593.813496 2594.315035 2594.515648 2596.521799 2597.282900 1 C 
 17 241 4 43 1 3 NH 0 154 -70 154 -10 1 0 1.844550 0 0 2598.293900 2598.795436 2599.296973 2599.497591 2601.503737 2603.348287 1 E 
 17 242 4 44 2 3 LH 1 139 -11 118 +49 1 1 3.024977 0 0 2604.362500 2604.864038 2605.365575 2605.566188 2607.572340 2610.597317 1 C 
 17 243 4 45 3 3 HH 1 112 +89 145 +29 0 0 2.118566 0 0 2611.618075 2612.119612 2612.621150 2612.821764 2614.827914 2616.946480 1 E 
 17 244 4 46 3 3 HH 1 74 +47 96 -13 1 1 1.717215 0 0 2617.970882 2618.472417 2618.973956 2619.174569 2621.180720 2622.897935 1 C 
 17 245 4 47 3 1 HN 0 171 +60 119 +60 0 1 1.593060 0 0 2623.922459 2624.423996 2624.925533 2625.126149 2627.132298 2628.725358 1 C 
 17 246 4 48 3 2 HL 1 129 -60 90 -40 0 0 0.942779 0 0 2629.740291 2630.241829 2630.743366 2630.943979 2632.950131 2633.892911 1 E 
 17 247 4 49 3 3 HH 1 122 +68 85 +8 1 1 1.058773 0 0 2634.906127 2635.407664 2635.909202 2636.109816 2638.115966 2639.174739 1 C 
 17 248 4 50 1 1 NN 0 88 +59 88 +59 0 1 0.972221 0 0 2640.188987 2640.690525 2641.192061 2641.392678 2643.398826 2644.371047 1 C 
 17 249 4 51 1 2 NL 0 108 -25 108 -5 1 0 1.121131 0 0 2645.388259 2645.889795 2646.391332 2646.591947 2648.598096 2649.719228 1 E 
 17 250 4 52 2 2 LL 1 144 +34 122 +14 0 0 1.019593 0 0 2650.737990 2651.239527 2651.741065 2651.941686 2653.947831 2654.967424 1 E 
 17 251 4 53 3 2 HL 1 140 +71 98 +51 0 0 1.126697 0 0 2655.987415 2656.488951 2656.990489 2657.191104 2659.197253 2660.323951 1 E 
 17 252 4 54 2 2 LL 1 136 -50 115 -70 0 0 1.058797 0 0 2661.337147 2661.838684 2662.340221 2662.540836 2664.546986 2665.605783 1 E 
 17 253 4 55 3 1 HN 0 111 +25 77 +25 0 1 0.496940 0 0 2666.620007 2667.121543 2667.623082 2667.823694 2669.829846 2670.326786 1 C 
 17 254 4 56 3 2 HL 1 135 +31 175 +11 1 1 1.539878 0 0 2671.351176 2671.852713 2672.354251 2672.554867 2674.561017 2676.100895 1 C 
 17 255 4 57 3 3 HH 1 179 +6 232 -54 1 1 1.004035 0 0 2677.118859 2677.620392 2678.121930 2678.322552 2680.328695 2681.332730 1 C 
 17 256 4 58 2 3 LH 1 174 -27 147 -87 1 1 1.611464 0 0 2682.351562 2682.853100 2683.354637 2683.555261 2685.561400 2687.172864 1 C 
 17 257 4 59 3 1 HN 0 79 +39 102 +39 0 1 1.441939 0 0 2688.186115 2688.687651 2689.189188 2689.389801 2691.395953 2692.837893 1 C 
 17 258 4 60 3 1 HN 0 119 +50 83 +50 0 1 1.089888 0 0 2693.853486 2694.355023 2694.856561 2695.057185 2697.063326 2698.153214 1 C 
 17 259 5  1 2 3 LH 1 120 -81 102 -21 1 1 0.994505 0 0 2765.021642 2765.523177 2766.024714 2766.225327 2768.231479 2769.225984 1 C 
 17 260 5  2 3 3 HH 1 76 -37 98 +23 0 0 1.316174 0 0 2770.237629 2770.739166 2771.240703 2771.441315 2773.447467 2774.763641 1 E 
 17 261 5  3 1 1 NN 0 119 +75 119 +75 0 1 0.611741 0 0 2775.787976 2776.289513 2776.791050 2776.991662 2778.997815 2779.609556 1 C 
 17 262 5  4 3 2 HL 1 131 +86 91 +66 1 1 0.625155 0 0 2780.636171 2781.137707 2781.639245 2781.839857 2783.846009 2784.471164 1 C 
 17 263 5  5 1 2 NL 0 71 +31 71 +51 1 0 1.813903 0 0 2785.484364 2785.985902 2786.487440 2786.688054 2788.694203 2790.508106 1 E 
 17 264 5  6 1 1 NN 0 75 +86 75 +86 0 1 0.706287 0 0 2791.519531 2792.021068 2792.522606 2792.723224 2794.729370 2795.435656 1 C 
 17 265 5  7 3 2 HL 1 158 -4 110 +16 1 1 1.003798 0 0 2796.451315 2796.952852 2797.454390 2797.655008 2799.661155 2800.664953 1 C 
 17 266 5  8 2 1 LN 0 145 -35 166 -35 0 1 1.275287 0 0 2801.684022 2802.185559 2802.687097 2802.887716 2804.893863 2806.169150 1 C 
 17 267 5  9 2 1 LN 0 57 -90 48 -90 0 1 1.457817 0 0 2807.184216 2807.685756 2808.187290 2808.387902 2810.394053 2811.851870 1 C 
 17 268 5 10 2 3 LH 1 92 -60 105 +0 1 1 0.953989 0 0 2812.868307 2813.369842 2813.871379 2814.071993 2816.078143 2817.032131 1 C 
 17 269 5 11 3 2 HL 1 85 +41 110 +61 1 1 1.391524 0 0 2818.050863 2818.552396 2819.053933 2819.254550 2821.260697 2822.652220 1 C 
 17 270 5 12 1 3 NH 0 96 -55 96 +5 1 0 1.738943 0 0 2823.668077 2824.169614 2824.671151 2824.871764 2826.877917 2828.616860 1 E 
 17 271 5 13 3 3 HH 1 129 -73 167 -13 1 1 0.700495 0 0 2829.636371 2830.137909 2830.639446 2830.840059 2832.846211 2833.546705 1 C 
 17 272 5 14 1 2 NL 0 97 +9 97 +29 0 1 0.970560 0 0 2834.568157 2835.069693 2835.571231 2835.771850 2837.777995 2838.748555 1 C 
 17 273 5 15 2 2 LL 1 107 -44 123 -24 0 0 0.567697 0 0 2839.767427 2840.268964 2840.770501 2840.971114 2842.977265 2843.544962 1 E 
 17 274 5 16 1 2 NL 0 129 -62 129 -42 1 0 0.749806 0 0 2844.565467 2845.067004 2845.568542 2845.769161 2847.775307 2848.525113 1 E 
 17 275 5 17 1 3 NH 0 82 +35 82 -25 1 0 0.725410 0 0 2849.547406 2850.048943 2850.550480 2850.751097 2852.757244 2853.482654 1 E 
 17 276 5 18 1 1 NN 0 79 +8 79 +8 0 1 0.452225 0 0 2854.495907 2854.997445 2855.498982 2855.699595 2857.705747 2858.157972 1 C 
 17 277 5 19 3 1 HN 0 162 +44 113 +44 0 1 0.569258 0 0 2859.176924 2859.678460 2860.179997 2860.380621 2862.386763 2862.956021 1 C 
 17 278 5 20 2 2 LL 1 175 -77 148 -57 0 0 1.321160 0 0 2863.974964 2864.476502 2864.978036 2865.178652 2867.184803 2868.505963 1 E 
 17 279 5 21 3 1 HN 0 171 +90 222 +90 0 1 0.478427 0 0 2869.525311 2870.026848 2870.528386 2870.728998 2872.735150 2873.213577 1 C 
 17 280 5 22 3 2 HL 1 113 -89 146 -69 1 1 1.873315 0 0 2874.239762 2874.741303 2875.242840 2875.443449 2877.449601 2879.322916 1 C 
 17 281 5 23 3 3 HH 1 93 +78 120 +18 1 1 2.029405 0 0 2880.341801 2880.843338 2881.344875 2881.545490 2883.551643 2885.581049 1 C 
 17 282 5 24 2 2 LL 1 84 -24 96 -4 1 1 1.678422 0 0 2886.594300 2887.095839 2887.597374 2887.797992 2889.804139 2891.482561 1 C 
 17 283 5 25 1 1 NN 0 147 +75 147 +75 0 1 0.993023 0 0 2892.495723 2892.997259 2893.498798 2893.699416 2895.705562 2896.698585 1 C 
 17 284 5 26 2 1 LN 0 175 +10 201 +10 1 0 1.349522 0 0 2897.711712 2898.213248 2898.714786 2898.915400 2900.921550 2902.271072 1 E 
 17 285 5 27 2 2 LL 1 164 +33 139 +13 0 0 0.870288 0 0 2903.295495 2903.797032 2904.298569 2904.499185 2906.505333 2907.375621 1 E 
 17 286 5 28 3 1 HN 0 101 +6 70 +6 0 1 0.871652 0 0 2908.394459 2908.895995 2909.397532 2909.598148 2911.604298 2912.475949 1 C 
 17 287 5 29 3 3 HH 1 154 -37 107 +23 1 1 2.748742 0 0 2913.493422 2913.994963 2914.496495 2914.697109 2916.703259 2919.452001 1 C 
 17 288 5 30 3 3 HH 1 83 -57 58 +3 1 1 1.089621 0 0 2920.464791 2920.966327 2921.467864 2921.668482 2923.674629 2924.764250 1 C 
 17 289 5 31 1 1 NN 0 60 +18 60 +18 1 0 1.488661 0 0 2925.781088 2926.282623 2926.784161 2926.984781 2928.990925 2930.479586 1 E 
 17 290 5 32 3 2 HL 1 85 -1 110 -21 1 1 0.842464 0 0 2931.498612 2932.000154 2932.501685 2932.702310 2934.708453 2935.550917 1 C 
 17 291 5 33 3 2 HL 1 165 -77 214 -57 1 1 1.422370 0 0 2936.564140 2937.065677 2937.567215 2937.767827 2939.773979 2941.196349 1 C 
 17 292 5 34 2 2 LL 1 71 +49 60 +69 0 0 1.904443 0 0 2942.214795 2942.716336 2943.217869 2943.418483 2945.424635 2947.329078 1 E 
 17 293 5 35 2 3 LH 1 72 +78 82 +18 0 0 1.622500 0 0 2948.350272 2948.851805 2949.353343 2949.553957 2951.560109 2953.182609 1 E 
 17 294 5 36 3 2 HL 1 104 +4 135 +24 1 1 1.257928 0 0 2954.201537 2954.703074 2955.204612 2955.405230 2957.411377 2958.669305 1 C 
 17 295 5 37 3 2 HL 1 57 -37 39 -57 0 0 1.149923 0 0 2959.685014 2960.186550 2960.688088 2960.888704 2962.894852 2964.044775 1 E 
 17 296 5 38 3 1 HN 0 83 +7 58 +7 0 1 1.063518 0 0 2965.068181 2965.569717 2966.071255 2966.271874 2968.278020 2969.341538 1 C 
 17 297 5 39 1 1 NN 0 178 -8 178 -8 1 0 2.023986 0 0 2970.367760 2970.869296 2971.370834 2971.571447 2973.577598 2975.601584 1 E 
 17 298 5 40 1 3 NH 0 112 +54 112 -6 1 0 0.920421 0 0 2976.620259 2977.121795 2977.623333 2977.823945 2979.830097 2980.750518 1 E 
 17 299 5 41 2 2 LL 1 168 -56 142 -76 1 1 0.970545 0 0 2981.769375 2982.270910 2982.772450 2982.973065 2984.979214 2985.949759 1 C 
 17 300 5 42 3 1 HN 0 160 -15 112 -15 0 1 0.751524 0 0 2986.968647 2987.470183 2987.971721 2988.172336 2990.178485 2990.930010 1 C 
 17 301 5 43 3 2 HL 1 176 -33 228 -13 1 1 0.922636 0 0 2991.950585 2992.452121 2992.953659 2993.154271 2995.160423 2996.083060 1 C 
 17 302 5 44 1 3 NH 0 141 +66 141 +6 0 1 1.320668 0 0 2997.099700 2997.601239 2998.102776 2998.303401 3000.309539 3001.630207 1 C 
 17 303 5 45 3 3 HH 1 80 +29 56 -31 1 1 1.455631 0 0 3002.650049 3003.151585 3003.653122 3003.853737 3005.859888 3007.315519 1 C 
 17 304 5 46 3 3 HH 1 132 +15 92 +75 1 1 1.289342 0 0 3008.334138 3008.835675 3009.337213 3009.537833 3011.543978 3012.833319 1 C 
 17 305 5 47 2 2 LL 1 88 +11 74 -9 0 0 1.342894 0 0 3013.851050 3014.352587 3014.854124 3015.054743 3017.060889 3018.403783 1 E 
 17 306 5 48 2 3 LH 1 65 +61 74 +1 0 0 1.200141 0 0 3019.418113 3019.919651 3020.421189 3020.621804 3022.627953 3023.828094 1 E 
 17 307 5 49 3 2 HL 1 163 -55 114 -35 0 0 1.094846 0 0 3024.851436 3025.352973 3025.854511 3026.055125 3028.061277 3029.156122 1 E 
 17 308 5 50 1 2 NL 0 88 -66 88 -86 0 1 0.878234 0 0 3030.167731 3030.669270 3031.170807 3031.371422 3033.377571 3034.255805 1 C 
 17 309 5 51 1 1 NN 0 137 +25 137 +25 0 1 1.363842 0 0 3035.266701 3035.768232 3036.269770 3036.470388 3038.476534 3039.840376 1 C 
 17 310 5 52 2 2 LL 1 125 -58 106 -38 1 1 0.822780 0 0 3040.867197 3041.368733 3041.870271 3042.070887 3044.077039 3044.899819 1 C 
 17 311 5 53 3 3 HH 1 69 +86 48 +26 1 1 1.449897 0 0 3045.916005 3046.417543 3046.919089 3047.119697 3049.125846 3050.575743 1 C 
 17 312 5 54 2 2 LL 1 66 +14 56 +34 1 1 0.967316 0 0 3051.600097 3052.101633 3052.603171 3052.803785 3054.809935 3055.777251 1 C 
 17 313 5 55 1 3 NH 0 155 -30 155 +30 0 1 2.648038 0 0 3056.799368 3057.300904 3057.802442 3058.003054 3060.009208 3062.657246 1 C 
 17 314 5 56 1 2 NL 0 100 -58 100 -78 1 0 1.460992 0 0 3063.670429 3064.171966 3064.673503 3064.874122 3066.880268 3068.341260 1 E 
 17 315 5 57 3 3 HH 1 132 -16 92 +44 0 0 0.781133 0 0 3069.354519 3069.856054 3070.357593 3070.558208 3072.564359 3073.345492 1 E 
 17 316 5 58 2 3 LH 1 154 -65 177 -5 1 1 0.597224 0 0 3074.369893 3074.871430 3075.372967 3075.573586 3077.579733 3078.176957 1 C 
 17 317 5 59 3 3 HH 1 57 -9 39 -69 1 1 1.288247 0 0 3079.201369 3079.702906 3080.204444 3080.405070 3082.411207 3083.699454 1 C 
 17 318 5 60 2 2 LL 1 167 -6 141 +14 1 1 1.293901 0 0 3084.718281 3085.219818 3085.721355 3085.921970 3087.928120 3089.222020 1 C 
 17 319 6  1 1 2 NL 0 95 -1 95 -21 0 1 0.658559 0 0 3139.787086 3140.288621 3140.790159 3140.990771 3142.996924 3143.655482 1 C 
 17 320 6  2 1 1 NN 0 155 -47 155 -47 0 1 0.384379 0 0 3144.668714 3145.170252 3145.671790 3145.872404 3147.878554 3148.262934 1 C 
 17 321 6  3 2 1 LN 0 98 -77 112 -77 0 1 0.328515 0 0 3149.282858 3149.784396 3150.285933 3150.486551 3152.492697 3152.821212 1 C 
 17 322 6  4 1 3 NH 0 123 +63 123 +3 1 0 0.434630 0 0 3153.846849 3154.348386 3154.849923 3155.050545 3157.056688 3157.491318 1 E 
 17 323 6  5 3 2 HL 1 69 +47 89 +27 0 0 0.251701 0 0 3158.511146 3159.012684 3159.514220 3159.714834 3161.720987 3161.972688 1 E 
 17 324 6  6 2 3 LH 1 173 -65 147 -5 1 1 1.199156 0 0 3162.991546 3163.493084 3163.994622 3164.195237 3166.201386 3167.400542 1 C 
 17 325 6  7 3 2 HL 1 59 +74 41 +54 1 1 1.984922 0 0 3168.424868 3168.926406 3169.427943 3169.628557 3171.634707 3173.619629 1 C 
 17 326 6  8 3 3 HH 1 98 +36 68 -24 1 1 1.894883 0 0 3174.643933 3175.145468 3175.647007 3175.847620 3177.853771 3179.748654 1 C 
 17 327 6  9 1 2 NL 0 108 +78 108 +58 1 0 1.394140 0 0 3180.762688 3181.264225 3181.765762 3181.966375 3183.972530 3185.366670 1 E 
 17 328 6 10 2 2 LL 1 111 -17 127 -37 1 1 1.183028 0 0 3186.379908 3186.881444 3187.382981 3187.583600 3189.589746 3190.772774 1 C 
 17 329 6 11 1 3 NH 0 155 +51 155 -9 0 1 0.792337 0 0 3191.796510 3192.298047 3192.799585 3193.000200 3195.006350 3195.798686 1 C 
 17 330 6 12 1 3 NH 0 116 -15 116 -75 1 0 0.768309 0 0 3196.811884 3197.313421 3197.814958 3198.015571 3200.021723 3200.790032 1 E 
 17 331 6 13 1 2 NL 0 144 -32 144 -12 0 1 0.346474 0 0 3201.810543 3202.312076 3202.813615 3203.014227 3205.020379 3205.366852 1 C 
 17 332 6 14 3 2 HL 1 125 -56 162 -76 1 1 1.220293 0 0 3206.391248 3206.892783 3207.394323 3207.594936 3209.601087 3210.821380 1 C 
 17 333 6 15 1 2 NL 0 157 +47 157 +67 0 1 0.781116 0 0 3211.841288 3212.342824 3212.844362 3213.044975 3215.051126 3215.832242 1 C 
 17 334 6 16 3 3 HH 1 105 -80 136 -20 1 1 1.059785 0 0 3216.856662 3217.358200 3217.859735 3218.060351 3220.066499 3221.126284 1 C 
 17 335 6 17 3 1 HN 0 130 -24 169 -24 1 0 0.483998 0 0 3222.139521 3222.641059 3223.142596 3223.343209 3225.349359 3225.833357 1 E 
 17 336 6 18 1 1 NN 0 134 -70 134 -70 0 1 0.535902 0 0 3226.853973 3227.355510 3227.857048 3228.057666 3230.063811 3230.599714 1 C 
 17 337 6 19 1 1 NN 0 98 -36 98 -36 0 1 0.490434 0 0 3231.618578 3232.120115 3232.621652 3232.822265 3234.828417 3235.318851 1 C 
 17 338 6 20 1 3 NH 0 68 +5 68 +65 1 0 0.579722 0 0 3236.333029 3236.834566 3237.336108 3237.536729 3239.542869 3240.122592 1 E 
 17 339 6 21 2 2 LL 1 177 +77 203 +57 1 1 0.708817 0 0 3241.147789 3241.649325 3242.150862 3242.351477 3244.357627 3245.066444 1 C 
 17 340 6 22 1 2 NL 0 159 -22 159 -2 1 0 1.484495 0 0 3246.079572 3246.581110 3247.082647 3247.283262 3249.289411 3250.773907 1 E 
 17 341 6 23 3 1 HN 0 139 +77 97 +77 0 1 0.601473 0 0 3251.797098 3252.298636 3252.800172 3253.000789 3255.006938 3255.608411 1 C 
 17 342 6 24 2 2 LL 1 166 -23 141 -3 1 1 1.064547 0 0 3256.628576 3257.130112 3257.631650 3257.832265 3259.838412 3260.902960 1 C 
 17 343 6 25 2 2 LL 1 104 -46 119 -26 0 0 0.934925 0 0 3261.928153 3262.429690 3262.931228 3263.131849 3265.137992 3266.072917 1 E 
 17 344 6 26 3 1 HN 0 108 -48 75 -48 0 1 0.792259 0 0 3267.093989 3267.595525 3268.097062 3268.297683 3270.303827 3271.096086 1 C 
 17 345 6 27 1 2 NL 0 135 +53 135 +73 1 0 1.072381 0 0 3272.109363 3272.610899 3273.112437 3273.313059 3275.319201 3276.391581 1 E 
 17 346 6 28 3 1 HN 0 178 -81 231 -81 0 1 0.781168 0 0 3277.408940 3277.910479 3278.412015 3278.612640 3280.618779 3281.399948 1 C 
 17 347 6 29 2 3 LH 1 86 +40 73 -20 1 1 1.272421 0 0 3282.424314 3282.925850 3283.427388 3283.628006 3285.634153 3286.906574 1 C 
 17 348 6 30 3 3 HH 1 110 +80 143 +20 1 1 1.054218 0 0 3287.924507 3288.426045 3288.927581 3289.128209 3291.134346 3292.188564 1 C 
 17 349 6 31 1 2 NL 0 131 +81 131 +61 1 0 1.306175 0 0 3293.207367 3293.708904 3294.210442 3294.411054 3296.417206 3297.723381 1 E 
 17 350 6 32 3 2 HL 1 101 +14 70 -6 1 1 1.115464 0 0 3298.740997 3299.242535 3299.744071 3299.944687 3301.950838 3303.066303 1 C 
 17 351 6 33 3 1 HN 0 77 +26 53 +26 0 1 0.661325 0 0 3304.090729 3304.592264 3305.093802 3305.294422 3307.300568 3307.961893 1 C 
 17 352 6 34 3 1 HN 0 62 -62 80 -62 0 1 0.786646 0 0 3308.972361 3309.473896 3309.975434 3310.176050 3312.182200 3312.968846 1 C 
 17 353 6 35 3 1 HN 0 66 -58 46 -58 0 1 0.558224 0 0 3313.987734 3314.489270 3314.990807 3315.191425 3317.197572 3317.755795 1 C 
 17 354 6 36 2 2 LL 1 152 +24 129 +44 1 1 1.087478 0 0 3318.769056 3319.270593 3319.772131 3319.972743 3321.978895 3323.066374 1 C 
 17 355 6 37 1 1 NN 0 172 +89 172 +89 0 1 0.814575 0 0 3324.085351 3324.586889 3325.088427 3325.289041 3327.295193 3328.109767 1 C 
 17 356 6 38 3 3 HH 1 149 -48 193 +12 1 1 0.948272 0 0 3329.134162 3329.635699 3330.137236 3330.337848 3332.344001 3333.292273 1 C 
 17 357 6 39 3 2 HL 1 71 +72 49 +52 0 0 1.042965 0 0 3334.316715 3334.818252 3335.319789 3335.520401 3337.526552 3338.569518 1 E 
 17 358 6 40 2 1 LN 0 156 -3 179 -3 0 1 0.597282 0 0 3339.582858 3340.084393 3340.585931 3340.786548 3342.792696 3343.389978 1 C 
 17 359 6 41 1 1 NN 0 84 +3 84 +3 0 1 0.580470 0 0 3344.414334 3344.915875 3345.417409 3345.618026 3347.624173 3348.204643 1 C 
 17 360 6 42 3 1 HN 0 161 +79 209 +79 0 1 0.723057 0 0 3349.229093 3349.730628 3350.232167 3350.432781 3352.438930 3353.161987 1 C 
 17 361 6 43 1 2 NL 0 112 -58 112 -78 0 1 0.595104 0 0 3354.177595 3354.679132 3355.180669 3355.381282 3357.387433 3357.982537 1 C 
 17 362 6 44 3 3 HH 1 59 +86 76 +26 1 1 0.611726 0 0 3359.009073 3359.510608 3360.012146 3360.212758 3362.218910 3362.830636 1 C 
 17 363 6 45 1 2 NL 0 146 +80 146 +60 1 0 1.408248 0 0 3363.857267 3364.358803 3364.860338 3365.060955 3367.067109 3368.475356 1 E 
 17 364 6 46 3 1 HN 0 164 +62 114 +62 0 1 0.813125 0 0 3369.491203 3369.992740 3370.494277 3370.694902 3372.701041 3373.514167 1 C 
 17 365 6 47 2 2 LL 1 154 -15 177 -35 1 1 1.108345 0 0 3374.540012 3375.041548 3375.543086 3375.743702 3377.749850 3378.858195 1 C 
 17 366 6 48 2 1 LN 0 164 -33 139 -33 0 1 1.360558 0 0 3379.873026 3380.374563 3380.876105 3381.076718 3383.082868 3384.443427 1 C 
 17 367 6 49 3 2 HL 1 110 -85 143 -65 1 1 1.231716 0 0 3385.456813 3385.958345 3386.459883 3386.660496 3388.666648 3389.898364 1 C 
 17 368 6 50 1 3 NH 0 84 +47 84 -13 0 1 0.983099 0 0 3390.923566 3391.425103 3391.926641 3392.127253 3394.133405 3395.116504 1 C 
 17 369 6 51 2 2 LL 1 111 -76 127 -56 1 1 1.097599 0 0 3396.139555 3396.641092 3397.142629 3397.343242 3399.349394 3400.446992 1 C 
 17 370 6 52 2 3 LH 1 108 -35 91 +25 1 1 1.156920 0 0 3401.472569 3401.974105 3402.475644 3402.676258 3404.682407 3405.839328 1 C 
 17 371 6 53 1 3 NH 0 56 +2 56 +62 0 1 2.269143 0 0 3406.855737 3407.357274 3407.858812 3408.059430 3410.065576 3412.334719 1 C 
 17 372 6 54 3 1 HN 0 137 +58 178 +58 0 1 0.563580 0 0 3413.359004 3413.860542 3414.362079 3414.562696 3416.568843 3417.132423 1 C 
 17 373 6 55 1 2 NL 0 83 +26 83 +6 1 0 1.478916 0 0 3418.157045 3418.658582 3419.160120 3419.360734 3421.366885 3422.845801 1 E 
 17 374 6 56 3 2 HL 1 139 -10 97 +10 1 1 0.995565 0 0 3423.857852 3424.359391 3424.860933 3425.061549 3427.067692 3428.063257 1 C 
 17 375 6 57 3 3 HH 1 88 +44 61 -16 1 1 0.962590 0 0 3429.073842 3429.575380 3430.076917 3430.277531 3432.283681 3433.246271 1 C 
 17 376 6 58 1 2 NL 0 93 +76 93 +56 1 0 1.494306 0 0 3434.273113 3434.774650 3435.276188 3435.476800 3437.482952 3438.977258 1 E 
 17 377 6 59 2 3 LH 1 123 +2 141 -58 0 0 1.373893 0 0 3439.990640 3440.492178 3440.993713 3441.194331 3443.200478 3444.574371 1 E 
 17 378 6 60 1 3 NH 0 131 -70 131 -10 0 1 1.323431 0 0 3445.591140 3446.092677 3446.594218 3446.794827 3448.800979 3450.124410 1 C 
