 21   1 0 43 2 2 LL 1 113 -76 96 -56 0 0 1.181038 0 0 5055.562326 5056.064050 5056.565785 5056.766475 5058.773400 5059.954438 1 E 
 21   2 0 44 2 2 LL 1 180 -57 153 -77 1 1 11.144010 0 0 5060.964290 5061.466023 5061.967751 5062.168445 5064.175369 5075.319380 1 C 
 21   3 0 45 1 2 NL 0 165 +4 165 -16 1 0 1.505366 0 0 5076.333983 5076.835714 5077.337447 5077.538137 5079.545064 5081.050430 1 E 
 21   4 0 46 1 1 NN 0 104 -2 104 -2 1 0 1.505101 0 0 5082.070441 5082.572171 5083.073903 5083.274595 5085.281519 5086.786620 1 E 
 21   5 0 47 3 3 HH 1 114 -90 148 -30 0 0 1.135787 0 0 5087.806898 5088.308629 5088.810363 5089.011052 5091.017979 5092.153766 1 E 
 21   6 0 48 1 3 NH 0 113 -85 113 -25 0 1 1.472971 0 0 5093.175419 5093.677150 5094.178882 5094.379573 5096.386498 5097.859469 1 C 
 21   7 0 49 3 3 HH 1 155 +0 108 +60 1 1 1.345148 0 0 5098.878429 5099.380163 5099.881893 5100.082583 5102.089513 5103.434660 1 C 
 21   8 0 50 3 3 HH 1 156 -57 109 +3 0 0 5.909983 0 0 5104.447643 5104.949371 5105.451104 5105.651796 5107.658721 5113.568704 1 E 
 21   9 0 51 3 1 HN 0 78 -36 54 -36 1 0 2.894886 0 0 5114.582609 5115.084343 5115.586075 5115.786763 5117.793687 5120.688572 1 E 
 21  10 0 52 2 2 LL 1 77 -11 65 -31 0 0 1.433541 0 0 5121.707188 5122.208919 5122.710651 5122.911341 5124.918269 5126.351811 1 E 
 21  11 0 53 1 1 NN 0 169 -21 169 -21 0 1 1.918270 0 0 5127.376749 5127.878487 5128.380214 5128.580902 5130.587824 5132.506093 1 C 
 21  12 0 54 3 2 HL 1 149 +66 104 +46 1 1 2.149561 0 0 5133.531316 5134.033045 5134.534779 5134.735467 5136.742393 5138.891954 1 C 
 21  13 0 55 2 2 LL 1 122 +42 140 +22 1 1 1.345270 0 0 5139.903300 5140.405029 5140.906763 5141.107453 5143.114377 5144.459647 1 C 
 21  14 0 56 2 3 LH 1 110 -84 126 -24 1 1 1.289632 0 0 5145.472512 5145.974245 5146.475977 5146.676667 5148.683592 5149.973224 1 C 
 21  15 0 57 2 3 LH 1 117 -48 99 +12 0 0 0.998494 0 0 5150.991553 5151.493288 5151.995016 5152.195707 5154.202631 5155.201125 1 E 
 21  16 0 58 1 2 NL 0 87 +30 87 +10 0 1 1.620110 0 0 5156.226280 5156.728013 5157.229742 5157.430434 5159.437361 5161.057470 1 C 
 21  17 0 59 1 1 NN 0 176 -55 176 -55 0 1 2.520513 0 0 5162.079808 5162.581538 5163.083270 5163.283961 5165.290886 5167.811399 1 C 
 21  18 0 60 2 2 LL 1 62 +11 52 +31 1 1 1.283968 0 0 5168.836452 5169.338183 5169.839913 5170.040606 5172.047532 5173.331501 1 C 
 21  19 1  1 3 2 HL 1 163 -15 211 +5 1 1 1.229367 0 0 5176.813974 5177.315707 5177.817434 5178.018128 5180.025049 5181.254417 1 C 
 21  20 1  2 3 3 HH 1 106 -17 74 +43 1 1 1.063509 0 0 5182.266118 5182.767849 5183.269582 5183.470272 5185.477196 5186.540705 1 C 
 21  21 1  3 1 3 NH 0 108 +77 108 +17 0 1 1.444624 0 0 5187.551017 5188.052750 5188.554477 5188.755172 5190.762098 5192.206722 1 C 
 21  22 1  4 1 3 NH 0 130 -21 130 -81 0 1 1.316759 0 0 5193.220578 5193.722306 5194.224039 5194.424731 5196.431658 5197.748416 1 C 
 21  23 1  5 3 1 HN 0 154 +22 107 +22 1 0 1.074917 0 0 5198.773068 5199.274798 5199.776530 5199.977221 5201.984145 5203.059062 1 E 
 21  24 1  6 3 2 HL 1 137 +55 178 +35 0 0 2.038978 0 0 5204.074691 5204.576419 5205.078153 5205.278845 5207.285769 5209.324747 1 E 
 21  25 1  7 3 1 HN 0 97 -56 126 -56 0 1 3.399074 0 0 5210.346328 5210.848067 5211.349792 5211.550481 5213.557408 5216.956482 1 C 
 21  26 1  8 3 2 HL 1 171 -69 119 -89 0 0 1.719563 0 0 5217.972636 5218.474372 5218.976103 5219.176790 5221.183720 5222.903283 1 E 
 21  27 1  9 3 3 HH 1 141 +45 98 -15 1 1 2.220089 0 0 5223.926513 5224.428246 5224.929975 5225.130670 5227.137592 5229.357681 1 C 
 21  28 1 10 1 1 NN 0 57 +66 57 +66 0 1 1.532121 0 0 5230.382118 5230.883858 5231.385581 5231.586273 5233.593199 5235.125320 1 C 
 21  29 1 11 2 3 LH 1 122 +74 103 +14 1 1 1.829297 0 0 5236.135300 5236.637031 5237.138765 5237.339456 5239.346375 5241.175673 1 C 
 21  30 1 12 3 1 HN 0 61 -51 79 -51 1 0 1.283797 0 0 5242.189521 5242.691254 5243.192983 5243.393675 5245.400598 5246.684395 1 E 
 21  31 1 13 3 3 HH 1 124 -88 86 -28 0 0 1.190696 0 0 5247.708565 5248.210290 5248.712026 5248.912716 5250.919639 5252.110335 1 E 
 21  32 1 14 2 3 LH 1 62 +80 52 +20 1 1 1.494105 0 0 5253.127259 5253.628990 5254.130721 5254.331411 5256.338334 5257.832439 1 C 
 21  33 1 15 2 3 LH 1 110 +50 93 -10 1 1 1.675350 0 0 5258.846989 5259.348721 5259.850451 5260.051140 5262.058068 5263.733417 1 C 
 21  34 1 16 2 2 LL 1 170 +63 144 +43 0 0 1.340430 0 0 5264.750690 5265.252432 5265.754159 5265.954846 5267.961769 5269.302199 1 E 
 21  35 1 17 2 2 LL 1 141 -41 162 -61 1 1 0.881797 0 0 5270.319905 5270.821635 5271.323368 5271.524061 5273.530983 5274.412781 1 C 
 21  36 1 18 2 3 LH 1 125 +16 106 +76 1 1 1.400112 0 0 5275.437561 5275.939292 5276.441028 5276.641716 5278.648642 5280.048754 1 C 
 21  37 1 19 1 1 NN 0 152 +61 152 +61 1 0 1.036704 0 0 5281.073673 5281.575403 5282.077134 5282.277825 5284.284751 5285.321455 1 E 
 21  38 1 20 2 1 LN 0 112 -22 128 -22 0 1 0.716689 0 0 5286.341847 5286.843576 5287.345312 5287.546001 5289.552925 5290.269614 1 C 
 21  39 1 21 3 3 HH 1 170 -2 221 +58 1 1 1.553715 0 0 5291.292259 5291.793993 5292.295722 5292.496413 5294.503340 5296.057055 1 C 
 21  40 1 22 2 1 LN 0 98 -27 112 -27 0 1 1.190481 0 0 5297.078891 5297.580619 5298.082358 5298.283044 5300.289970 5301.480451 1 C 
 21  41 1 23 1 3 NH 0 171 -63 171 -3 0 1 1.130104 0 0 5302.497584 5302.999316 5303.501044 5303.701738 5305.708663 5306.838767 1 C 
 21  42 1 24 3 2 HL 1 110 -76 143 -56 1 1 1.273485 0 0 5307.849382 5308.351110 5308.852844 5309.053536 5311.060460 5312.333946 1 C 
 21  43 1 25 1 3 NH 0 179 +77 179 +17 1 0 1.576144 0 0 5313.351698 5313.853432 5314.355163 5314.555852 5316.562779 5318.138923 1 E 
 21  44 1 26 3 3 HH 1 152 +77 106 +17 1 1 2.468223 0 0 5319.155053 5319.656781 5320.158515 5320.359204 5322.366132 5324.834355 1 C 
 21  45 1 27 1 1 NN 0 144 -12 144 -12 0 1 1.642235 0 0 5325.844798 5326.346531 5326.848262 5327.048951 5329.055877 5330.698112 1 C 
 21  46 1 28 2 3 LH 1 145 -23 166 +37 1 1 1.586732 0 0 5331.715052 5332.216786 5332.718511 5332.919207 5334.926128 5336.512860 1 C 
 21  47 1 29 3 3 HH 1 87 +26 60 +86 1 1 2.716318 0 0 5337.535131 5338.036867 5338.538596 5338.739286 5340.746210 5343.462528 1 C 
 21  48 1 30 3 2 HL 1 76 -73 53 -53 1 1 1.476832 0 0 5344.475746 5344.977477 5345.479206 5345.679896 5347.686822 5349.163654 1 C 
 21  49 1 31 1 2 NL 0 140 +53 140 +73 0 1 2.601827 0 0 5350.178755 5350.680481 5351.182221 5351.382907 5353.389828 5355.991655 1 C 
 21  50 1 32 3 2 HL 1 70 -59 91 -79 0 0 2.347248 0 0 5357.002294 5357.504032 5358.005758 5358.206447 5360.213372 5362.560619 1 E 
 21  51 1 33 3 2 HL 1 135 +70 175 +90 1 1 1.912963 0 0 5363.574969 5364.076702 5364.578429 5364.779123 5366.786045 5368.699008 1 C 
 21  52 1 34 2 2 LL 1 90 +41 76 +61 0 0 2.452171 0 0 5369.712812 5370.214544 5370.716274 5370.916966 5372.923890 5375.376061 1 E 
 21  53 1 35 3 3 HH 1 85 +26 59 -34 1 1 1.245197 0 0 5376.385834 5376.887564 5377.389296 5377.589989 5379.596912 5380.842109 1 C 
 21  54 1 36 3 2 HL 1 155 +45 201 +25 0 0 1.857069 0 0 5381.854702 5382.356430 5382.858163 5383.058856 5385.065779 5386.922848 1 E 
 21  55 1 37 3 2 HL 1 83 +42 107 +62 0 0 1.608012 0 0 5387.942371 5388.444102 5388.945834 5389.146524 5391.153446 5392.761458 1 E 
 21  56 1 38 1 1 NN 0 68 -48 68 -48 0 1 1.460419 0 0 5393.779174 5394.280905 5394.782638 5394.983327 5396.990255 5398.450674 1 C 
 21  57 1 39 3 3 HH 1 180 +35 125 -25 1 1 1.504545 0 0 5399.465458 5399.967190 5400.468924 5400.669613 5402.676543 5404.181088 1 C 
 21  58 1 40 2 1 LN 0 87 +61 100 +61 0 1 1.294683 0 0 5405.201917 5405.703644 5406.205381 5406.406071 5408.412995 5409.707678 1 C 
 21  59 1 41 3 1 HN 0 73 -30 51 -30 0 1 0.925592 0 0 5410.720956 5411.222688 5411.724419 5411.925111 5413.932038 5414.857630 1 C 
 21  60 1 42 1 1 NN 0 146 -4 146 -4 1 0 1.102839 0 0 5415.872062 5416.373793 5416.875523 5417.076216 5419.083142 5420.185981 1 E 
 21  61 1 43 1 1 NN 0 154 +25 154 +25 0 1 1.239396 0 0 5421.207134 5421.708870 5422.210597 5422.411289 5424.418213 5425.657609 1 C 
 21  62 1 44 1 1 NN 0 159 -1 159 -1 0 1 1.652017 0 0 5426.676004 5427.177739 5427.679465 5427.880157 5429.887077 5431.539094 1 C 
 21  63 1 45 1 3 NH 0 135 +58 135 -2 0 1 1.284515 0 0 5432.562979 5433.064713 5433.566442 5433.767133 5435.774057 5437.058572 1 C 
 21  64 1 46 3 3 HH 1 79 +76 102 +16 1 1 1.136499 0 0 5438.082020 5438.583751 5439.085485 5439.286175 5441.293100 5442.429600 1 C 
 21  65 1 47 2 2 LL 1 75 +36 86 +56 0 0 1.564660 0 0 5443.450541 5443.952273 5444.454003 5444.654696 5446.661620 5448.226280 1 E 
 21  66 1 48 1 2 NL 0 168 -28 168 -48 0 1 1.570557 0 0 5449.237172 5449.738903 5450.240629 5450.441326 5452.448253 5454.018810 1 C 
 21  67 1 49 2 2 LL 1 86 -54 73 -74 1 1 1.295115 0 0 5455.040527 5455.542259 5456.043991 5456.244681 5458.251607 5459.546722 1 C 
 21  68 1 50 1 3 NH 0 170 +54 170 -6 0 1 1.531413 0 0 5460.559568 5461.061302 5461.563030 5461.763723 5463.770648 5465.302061 1 C 
 21  69 1 51 3 3 HH 1 104 -67 72 -7 1 1 1.834761 0 0 5466.312749 5466.814481 5467.316212 5467.516903 5469.523827 5471.358588 1 C 
 21  70 1 52 2 3 LH 1 125 -15 143 -75 0 0 1.858043 0 0 5472.383695 5472.885426 5473.387159 5473.587849 5475.594775 5477.452819 1 E 
 21  71 1 53 2 2 LL 1 146 -43 167 -63 0 0 0.948338 0 0 5478.471363 5478.973103 5479.474823 5479.675517 5481.682442 5482.630780 1 E 
 21  72 1 54 2 1 LN 0 125 +89 143 +89 0 1 1.532848 0 0 5483.655915 5484.157650 5484.659387 5484.860069 5486.866998 5488.399846 1 C 
 21  73 1 55 1 3 NH 0 137 +5 137 -55 0 1 1.576315 0 0 5489.409099 5489.910833 5490.412564 5490.613253 5492.620179 5494.196494 1 C 
 21  74 1 56 1 2 NL 0 54 +86 54 +66 0 1 0.980501 0 0 5495.212455 5495.714183 5496.215916 5496.416609 5498.423535 5499.404036 1 C 
 21  75 1 57 3 3 HH 1 137 +71 178 +11 1 1 1.355843 0 0 5500.413732 5500.915469 5501.417197 5501.617883 5503.624815 5504.980658 1 C 
 21  76 1 58 3 1 HN 0 129 +54 90 +54 0 1 1.509140 0 0 5505.999670 5506.501401 5507.003133 5507.203825 5509.210749 5510.719888 1 C 
 21  77 1 59 3 1 HN 0 169 +69 118 +69 0 1 0.953865 0 0 5511.736131 5512.237867 5512.739587 5512.940283 5514.947206 5515.901071 1 C 
 21  78 1 60 1 2 NL 0 110 -74 110 -54 0 1 1.008938 0 0 5516.920680 5517.422413 5517.924143 5518.124836 5520.131760 5521.140698 1 C 
 21  79 2  1 2 2 LL 1 133 +73 113 +53 0 0 1.945044 0 0 5542.676205 5543.177936 5543.679667 5543.880359 5545.887286 5547.832330 1 E 
 21  80 2  2 1 2 NL 0 119 -62 119 -82 0 1 0.838057 0 0 5548.847496 5549.349224 5549.850958 5550.051650 5552.058574 5552.896631 1 C 
 21  81 2  3 1 2 NL 0 86 +48 86 +68 0 1 0.932029 0 0 5553.914976 5554.416712 5554.918442 5555.119133 5557.126057 5558.058085 1 C 
 21  82 2  4 1 2 NL 0 61 +49 61 +69 0 1 0.986978 0 0 5559.082809 5559.584540 5560.086269 5560.286963 5562.293889 5563.280868 1 C 
 21  83 2  5 1 1 NN 0 122 -49 122 -49 0 1 0.463505 0 0 5564.300810 5564.802541 5565.304272 5565.504963 5567.511887 5567.975392 1 C 
 21  84 2  6 2 1 LN 0 165 -39 140 -39 0 1 0.667434 0 0 5569.000357 5569.502088 5570.003819 5570.204511 5572.211434 5572.878868 1 C 
 21  85 2  7 1 3 NH 0 145 +55 145 -5 1 0 1.031569 0 0 5573.900597 5574.402327 5574.904061 5575.104751 5577.111677 5578.143246 1 E 
 21  86 2  8 1 3 NH 0 154 -42 154 +18 0 1 0.683559 0 0 5579.152048 5579.653775 5580.155519 5580.356202 5582.363128 5583.046687 1 C 
 21  87 2  9 3 1 HN 0 122 +79 85 +79 0 1 1.614489 0 0 5584.069009 5584.570742 5585.072475 5585.273165 5587.280087 5588.894576 1 C 
 21  88 2 10 1 2 NL 0 103 -6 103 -26 1 0 1.962134 0 0 5589.905814 5590.407550 5590.909275 5591.109968 5593.116893 5595.079028 1 E 
 21  89 2 11 3 3 HH 1 95 -61 123 -1 1 1 0.871068 0 0 5596.093829 5596.595565 5597.097295 5597.297983 5599.304909 5600.175977 1 C 
 21  90 2 12 1 2 NL 0 70 +64 70 +44 0 1 0.628709 0 0 5601.194763 5601.696492 5602.198226 5602.398914 5604.405837 5605.034546 1 C 
 21  91 2 13 1 1 NN 0 167 +34 167 +34 0 1 0.887450 0 0 5606.044828 5606.546556 5607.048290 5607.248982 5609.255908 5610.143358 1 C 
 21  92 2 14 2 1 LN 0 124 -3 142 -3 0 1 0.837815 0 0 5611.162484 5611.664216 5612.165948 5612.366638 5614.373561 5615.211376 1 C 
 21  93 2 15 3 2 HL 1 175 -18 227 +2 1 1 1.322992 0 0 5616.229966 5616.731698 5617.233431 5617.434121 5619.441044 5620.764037 1 C 
 21  94 2 16 1 1 NN 0 159 -70 159 -70 0 1 0.606607 0 0 5621.782456 5622.284195 5622.785918 5622.986609 5624.993534 5625.600142 1 C 
 21  95 2 17 2 3 LH 1 130 -15 110 +45 0 0 1.576593 0 0 5626.615799 5627.117529 5627.619260 5627.819952 5629.826877 5631.403469 1 E 
 21  96 2 18 1 2 NL 0 76 -20 76 +0 0 1 1.531762 0 0 5632.419152 5632.920886 5633.422616 5633.623307 5635.630231 5637.161993 1 C 
 21  97 2 19 1 3 NH 0 154 +15 154 +75 0 1 1.053207 0 0 5638.172336 5638.674064 5639.175798 5639.376489 5641.383414 5642.436621 1 C 
 21  98 2 20 3 3 HH 1 77 +8 53 -52 1 1 0.948455 0 0 5643.457232 5643.958968 5644.460697 5644.661388 5646.668313 5647.616768 1 C 
 21  99 2 21 2 3 LH 1 84 +26 96 -34 0 0 0.743900 0 0 5648.641788 5649.143519 5649.645250 5649.845943 5651.852866 5652.596766 1 E 
 21 100 2 22 2 1 LN 0 58 -13 66 -13 0 1 0.573946 0 0 5653.608923 5654.110655 5654.612394 5654.813077 5656.820002 5657.393948 1 C 
 21 101 2 23 2 2 LL 1 135 -48 155 -68 0 0 1.201668 0 0 5658.408817 5658.910546 5659.412282 5659.612971 5661.619896 5662.821564 1 E 
 21 102 2 24 2 3 LH 1 121 -7 139 +53 0 0 2.319119 0 0 5663.844237 5664.345970 5664.847699 5665.048391 5667.055315 5669.374434 1 E 
 21 103 2 25 2 2 LL 1 84 +56 96 +76 0 0 1.702783 0 0 5670.383463 5670.885199 5671.386929 5671.587618 5673.594542 5675.297324 1 E 
 21 104 2 26 3 3 HH 1 72 +23 50 -37 1 1 1.945145 0 0 5676.320612 5676.822342 5677.324078 5677.524768 5679.531692 5681.476837 1 C 
 21 105 2 27 3 3 HH 1 154 +16 107 -44 1 1 1.195991 0 0 5682.491904 5682.993635 5683.495366 5683.696059 5685.702983 5686.898974 1 C 
 21 106 2 28 1 1 NN 0 69 -62 69 -62 0 1 1.201535 0 0 5687.910600 5688.412330 5688.914059 5689.114754 5691.121678 5692.323213 1 C 
 21 107 2 29 3 2 HL 1 77 +12 100 -8 1 1 1.025004 0 0 5693.346020 5693.847749 5694.349482 5694.550172 5696.557099 5697.582103 1 C 
 21 108 2 30 2 1 LN 0 90 -46 76 -46 0 1 0.413450 0 0 5698.597470 5699.099203 5699.600932 5699.801623 5701.808548 5702.221998 1 C 
 21 109 2 31 3 2 HL 1 58 +68 40 +88 1 1 1.658778 0 0 5703.246844 5703.748576 5704.250309 5704.450997 5706.457921 5708.116699 1 C 
 21 110 2 32 3 1 HN 0 99 -87 128 -87 0 1 1.758181 0 0 5709.133820 5709.635551 5710.137286 5710.337974 5712.344898 5714.103079 1 C 
 21 111 2 33 2 3 LH 1 117 +75 134 +15 1 1 1.058160 0 0 5715.121144 5715.622874 5716.124608 5716.325298 5718.332222 5719.390382 1 C 
 21 112 2 34 1 1 NN 0 115 +78 115 +78 0 1 2.170928 0 0 5720.406042 5720.907782 5721.409502 5721.610196 5723.617121 5725.788049 1 C 
 21 113 2 35 3 3 HH 1 173 -45 121 +15 0 0 1.157210 0 0 5726.811476 5727.313206 5727.814939 5728.015630 5730.022556 5731.179765 1 E 
 21 114 2 36 2 3 LH 1 82 +35 69 -25 0 0 1.334613 0 0 5732.196722 5732.698454 5733.200185 5733.400875 5735.407799 5736.742412 1 E 
 21 115 2 37 1 2 NL 0 133 +51 133 +31 0 1 0.782873 0 0 5737.765934 5738.267668 5738.769403 5738.970089 5740.977010 5741.759883 1 C 
 21 116 2 38 1 2 NL 0 124 +86 124 +66 0 1 1.025911 0 0 5742.783244 5743.284973 5743.786718 5743.987399 5745.994323 5747.020234 1 C 
 21 117 2 39 2 3 LH 1 140 -3 119 +57 0 0 1.152292 0 0 5748.034695 5748.536427 5749.038157 5749.238849 5751.245771 5752.398063 1 E 
 21 118 2 40 1 2 NL 0 59 +9 59 -11 1 0 1.878593 0 0 5753.419941 5753.921672 5754.423405 5754.624093 5756.631019 5758.509612 1 E 
 21 119 2 41 1 2 NL 0 136 +48 136 +68 0 1 0.909999 0 0 5759.524335 5760.026067 5760.527795 5760.728489 5762.735413 5763.645411 1 C 
 21 120 2 42 1 1 NN 0 82 -69 82 -69 0 1 2.193391 0 0 5764.658715 5765.160446 5765.662177 5765.862868 5767.869793 5770.063184 1 C 
 21 121 2 43 3 2 HL 1 138 +2 96 +22 1 1 1.978084 0 0 5771.080872 5771.582606 5772.084331 5772.285026 5774.291960 5776.270044 1 C 
 21 122 2 44 3 1 HN 0 177 +41 230 +41 1 0 1.990057 0 0 5777.285612 5777.787344 5778.289071 5778.489768 5780.496690 5782.486747 1 E 
 21 123 2 45 3 1 HN 0 111 +30 144 +30 0 1 1.008680 0 0 5783.507076 5784.008806 5784.510537 5784.711229 5786.718154 5787.726834 1 C 
 21 124 2 46 1 1 NN 0 136 +33 136 +33 0 1 1.448883 0 0 5788.741802 5789.243533 5789.745264 5789.945957 5791.952882 5793.401765 1 C 
 21 125 2 47 2 3 LH 1 152 +57 129 -3 0 0 1.075080 0 0 5794.411362 5794.913096 5795.414824 5795.615516 5797.622440 5798.697520 1 E 
 21 126 2 48 2 2 LL 1 80 +20 68 +0 1 1 1.531246 0 0 5799.712986 5800.214725 5800.716448 5800.917140 5802.924064 5804.455311 1 C 
 21 127 2 49 2 1 LN 0 142 -6 120 -6 0 1 0.628778 0 0 5805.466168 5805.967899 5806.469633 5806.670323 5808.677247 5809.306025 1 C 
 21 128 2 50 1 2 NL 0 160 -23 160 -43 1 0 2.313887 0 0 5810.316233 5810.817962 5811.319695 5811.520388 5813.527309 5815.841196 1 E 
 21 129 2 51 3 2 HL 1 55 +89 71 +69 1 1 0.749377 0 0 5816.855462 5817.357190 5817.858926 5818.059614 5820.066537 5820.815914 1 C 
 21 130 2 52 2 3 LH 1 168 -74 142 -14 1 1 2.545288 0 0 5821.839325 5822.341054 5822.842784 5823.043474 5825.050403 5827.595691 1 C 
 21 131 2 53 2 1 LN 0 169 -88 143 -88 0 1 0.859878 0 0 5828.612690 5829.114420 5829.616152 5829.816844 5831.823770 5832.683647 1 C 
 21 132 2 54 2 3 LH 1 69 -79 79 -19 0 0 2.203950 0 0 5833.696898 5834.198634 5834.700369 5834.901052 5836.907976 5839.111926 1 E 
 21 133 2 55 2 3 LH 1 102 -62 117 -2 1 1 1.966527 0 0 5840.135780 5840.637509 5841.139252 5841.339933 5843.346859 5845.313387 1 C 
 21 134 2 56 2 1 LN 0 123 -51 104 -51 1 0 1.681400 0 0 5846.323794 5846.825527 5847.327261 5847.527948 5849.534875 5851.216275 1 E 
 21 135 2 57 3 3 HH 1 86 +71 111 +11 1 1 1.261991 0 0 5852.227495 5852.729227 5853.230959 5853.431649 5855.438575 5856.700566 1 C 
 21 136 2 58 3 1 HN 0 180 +36 234 +36 0 1 0.358581 0 0 5857.713088 5858.214819 5858.716545 5858.917241 5860.924165 5861.282747 1 C 
 21 137 2 59 2 2 LL 1 60 -20 69 -40 0 0 0.518252 0 0 5862.295565 5862.797297 5863.299033 5863.499717 5865.506642 5866.024894 1 E 
 21 138 2 60 1 1 NN 0 144 -24 144 -24 0 1 0.672641 0 0 5867.045285 5867.547014 5868.048746 5868.249438 5870.256361 5870.929001 1 C 
 21 139 3  1 3 3 HH 1 55 -50 71 +10 1 1 1.261195 0 0 5887.616256 5888.117984 5888.619716 5888.820408 5890.827331 5892.088526 1 C 
 21 140 3  2 1 2 NL 0 113 +17 113 +37 0 1 0.755423 0 0 5893.101844 5893.603579 5894.105308 5894.306000 5896.312923 5897.068346 1 C 
 21 141 3  3 3 2 HL 1 147 -65 102 -85 1 1 0.953970 0 0 5898.085707 5898.587441 5899.089171 5899.289861 5901.296785 5902.250755 1 C 
 21 142 3  4 2 3 LH 1 127 -62 107 -2 0 0 1.068605 0 0 5903.270260 5903.771989 5904.273725 5904.474415 5906.481336 5907.549942 1 E 
 21 143 3  5 3 2 HL 1 116 +23 150 +43 0 0 1.063530 0 0 5908.571885 5909.073621 5909.575349 5909.776038 5911.782962 5912.846492 1 E 
 21 144 3  6 2 3 LH 1 92 +62 78 +2 1 1 1.663334 0 0 5913.856782 5914.358518 5914.860249 5915.060939 5917.067862 5918.731196 1 C 
 21 145 3  7 3 2 HL 1 103 +71 133 +51 1 1 1.481481 0 0 5919.743761 5920.245492 5920.747224 5920.947915 5922.954839 5924.436320 1 C 
 21 146 3  8 1 1 NN 0 154 -22 154 -22 0 1 1.091281 0 0 5925.446770 5925.948499 5926.450232 5926.650923 5928.657848 5929.749129 1 C 
 21 147 3  9 3 1 HN 0 129 +76 90 +76 1 0 1.405316 0 0 5930.765124 5931.266851 5931.768577 5931.969273 5933.976196 5935.381512 1 E 
 21 148 3 10 2 2 LL 1 99 -42 84 -62 1 1 2.066096 0 0 5936.401229 5936.902962 5937.404697 5937.605383 5939.612308 5941.678404 1 C 
 21 149 3 11 1 2 NL 0 104 +26 104 +6 0 1 1.559714 0 0 5942.689591 5943.191324 5943.693055 5943.893745 5945.900670 5947.460384 1 C 
 21 150 3 12 1 2 NL 0 148 -33 148 -13 0 1 0.678021 0 0 5948.476222 5948.977953 5949.479686 5949.680376 5951.687299 5952.365320 1 C 
 21 151 3 13 2 3 LH 1 117 +59 99 -1 1 1 1.367284 0 0 5953.376461 5953.878194 5954.379927 5954.580616 5956.587542 5957.954826 1 C 
 21 152 3 14 3 1 HN 0 99 +47 69 +47 1 0 0.766444 0 0 5958.979124 5959.480855 5959.982594 5960.183276 5962.190202 5962.956646 1 E 
 21 153 3 15 3 1 HN 0 98 -12 127 -12 1 0 1.014906 0 0 5963.979709 5964.481440 5964.983173 5965.183863 5967.190789 5968.205695 1 E 
 21 154 3 16 2 3 LH 1 100 +85 85 +25 1 1 0.981210 0 0 5969.214435 5969.716177 5970.217904 5970.418590 5972.425514 5973.406724 1 C 
 21 155 3 17 2 2 LL 1 108 -34 91 -14 0 0 1.211917 0 0 5974.415713 5974.917445 5975.419178 5975.619867 5977.626792 5978.838708 1 E 
 21 156 3 18 3 2 HL 1 124 +38 86 +58 1 1 4.616114 0 0 5979.851132 5980.352864 5980.854597 5981.055286 5983.062210 5987.678324 1 C 
 21 157 3 19 2 1 LN 0 124 -55 142 -55 0 1 0.601333 0 0 5988.698322 5989.200055 5989.701784 5989.902477 5991.909401 5992.510734 1 C 
 21 158 3 20 1 1 NN 0 136 -30 136 -30 0 1 0.711416 0 0 5993.531664 5994.033397 5994.535123 5994.735816 5996.742744 5997.454161 1 C 
 21 159 3 21 1 1 NN 0 162 -89 162 -89 0 1 0.975704 0 0 5998.465352 5998.967083 5999.468816 5999.669506 6001.676428 6002.652131 1 C 
 21 160 3 22 2 1 LN 0 54 -64 62 -64 0 1 0.535231 0 0 6003.666630 6004.168360 6004.670092 6004.870784 6006.877708 6007.412939 1 C 
 21 161 3 23 1 3 NH 0 116 +20 116 -40 0 1 0.738479 0 0 6008.433073 6008.934805 6009.436538 6009.637228 6011.644152 6012.382631 1 C 
 21 162 3 24 2 3 LH 1 146 +69 167 +9 0 0 0.794061 0 0 6013.400210 6013.901942 6014.403675 6014.604362 6016.611290 6017.405350 1 E 
 21 163 3 25 3 3 HH 1 91 +53 63 -7 1 1 1.488403 0 0 6018.417520 6018.919249 6019.420985 6019.621674 6021.628598 6023.117002 1 C 
 21 164 3 26 3 2 HL 1 120 +79 156 +59 1 1 1.338590 0 0 6024.137254 6024.638984 6025.140718 6025.341408 6027.348332 6028.686922 1 C 
 21 165 3 27 3 3 HH 1 90 +19 117 +79 1 1 1.498904 0 0 6029.706467 6030.208201 6030.709930 6030.910619 6032.917546 6034.416450 1 C 
 21 166 3 28 1 2 NL 0 151 -72 151 -52 0 1 0.788425 0 0 6035.426200 6035.927939 6036.429659 6036.630355 6038.637282 6039.425706 1 C 
 21 167 3 29 3 2 HL 1 70 +54 91 +74 1 1 2.066206 0 0 6040.443512 6040.945241 6041.446970 6041.647664 6043.654590 6045.720796 1 C 
 21 168 3 30 1 2 NL 0 138 +18 138 +38 0 1 1.361559 0 0 6046.731872 6047.233603 6047.735339 6047.936026 6049.942949 6051.304508 1 C 
 21 169 3 31 1 1 NN 0 148 -17 148 -17 0 1 0.689339 0 0 6052.317808 6052.819540 6053.321271 6053.521964 6055.528891 6056.218230 1 C 
 21 170 3 32 2 1 LN 0 111 +32 94 +32 0 1 0.771926 0 0 6057.234775 6057.736509 6058.238237 6058.438925 6060.445852 6061.217778 1 C 
 21 171 3 33 3 3 HH 1 148 -81 192 -21 1 1 1.196258 0 0 6062.235362 6062.737099 6063.238827 6063.439514 6065.446437 6066.642695 1 C 
 21 172 3 34 3 1 HN 0 104 +44 135 +44 0 1 1.184844 0 0 6067.654054 6068.155789 6068.657519 6068.858206 6070.865132 6072.049976 1 C 
 21 173 3 35 2 1 LN 0 77 +82 88 +82 1 0 3.388457 0 0 6073.072750 6073.574477 6074.076211 6074.276902 6076.283827 6079.672283 1 E 
 21 174 3 36 3 2 HL 1 114 +37 79 +17 1 1 2.451557 0 0 6080.682335 6081.184067 6081.685804 6081.886489 6083.893416 6086.344973 1 C 
 21 175 3 37 2 3 LH 1 148 -78 125 -18 0 0 0.953522 0 0 6087.355357 6087.857095 6088.358816 6088.559512 6090.566433 6091.519956 1 E 
 21 176 3 38 3 3 HH 1 75 -75 97 -15 1 1 1.691081 0 0 6092.539910 6093.041641 6093.543373 6093.744062 6095.750992 6097.442072 1 C 
 21 177 3 39 3 1 HN 0 74 +83 96 +83 0 1 1.521713 0 0 6098.460336 6098.962069 6099.463801 6099.664490 6101.671415 6103.193127 1 C 
 21 178 3 40 1 1 NN 0 87 -32 87 -32 1 0 1.152145 0 0 6104.213518 6104.715251 6105.216989 6105.417669 6107.424596 6108.576741 1 E 
 21 179 3 41 2 2 LL 1 110 -15 93 +5 0 0 0.887177 0 0 6109.598764 6110.100497 6110.602226 6110.802918 6112.809840 6113.697017 1 E 
 21 180 3 42 1 3 NH 0 127 +4 127 +64 0 1 0.628691 0 0 6114.716420 6115.218151 6115.719882 6115.920574 6117.927495 6118.556186 1 C 
 21 181 3 43 3 1 HN 0 95 +68 66 +68 0 1 0.639167 0 0 6119.566485 6120.068220 6120.569948 6120.770640 6122.777565 6123.416732 1 C 
 21 182 3 44 1 1 NN 0 151 +61 151 +61 0 1 0.662205 0 0 6124.433275 6124.935005 6125.436741 6125.637431 6127.644357 6128.306562 1 C 
 21 183 3 45 2 2 LL 1 134 -32 113 -12 0 0 0.848759 0 0 6129.316792 6129.818523 6130.320256 6130.520946 6132.527867 6133.376626 1 E 
 21 184 3 46 2 3 LH 1 161 -59 136 +1 1 1 1.080451 0 0 6134.401000 6134.902729 6135.404462 6135.605152 6137.612076 6138.692527 1 C 
 21 185 3 47 3 1 HN 0 75 +5 52 +5 1 0 0.887479 0 0 6139.702622 6140.204354 6140.706090 6140.906776 6142.913704 6143.801183 1 E 
 21 186 3 48 1 1 NN 0 171 -33 171 -33 1 0 1.795681 0 0 6144.820279 6145.322012 6145.823741 6146.024433 6148.031360 6149.827041 1 E 
 21 187 3 49 2 3 LH 1 84 -59 71 +1 1 1 0.854134 0 0 6150.841051 6151.342784 6151.844508 6152.045205 6154.052129 6154.906263 1 C 
 21 188 3 50 3 1 HN 0 137 -21 95 -21 0 1 0.716681 0 0 6155.925257 6156.426986 6156.928717 6157.129412 6159.136339 6159.853019 1 C 
 21 189 3 51 1 1 NN 0 147 -33 147 -33 0 1 0.782832 0 0 6160.875670 6161.377400 6161.879132 6162.079824 6164.086751 6164.869583 1 C 
 21 190 3 52 1 1 NN 0 168 -31 168 -31 0 1 0.810597 0 0 6165.892980 6166.394713 6166.896445 6167.097134 6169.104058 6169.914655 1 C 
 21 191 3 53 3 1 HN 0 66 +75 85 +75 1 0 1.945576 0 0 6170.927014 6171.428745 6171.930479 6172.131168 6174.138095 6176.083671 1 E 
 21 192 3 54 3 2 HL 1 149 +27 104 +47 1 1 1.086136 0 0 6177.098305 6177.600033 6178.101765 6178.302459 6180.309385 6181.395521 1 C 
 21 193 3 55 1 1 NN 0 148 +90 148 +90 0 1 2.259573 0 0 6182.416652 6182.918385 6183.420118 6183.620808 6185.627735 6187.887308 1 C 
 21 194 3 56 3 1 HN 0 149 -78 193 -78 0 1 0.705768 0 0 6188.905709 6189.407439 6189.909170 6190.109862 6192.116786 6192.822554 1 C 
 21 195 3 57 3 1 HN 0 64 -75 44 -75 0 1 1.052455 0 0 6193.839395 6194.341128 6194.842855 6195.043549 6197.050474 6198.102929 1 C 
 21 196 3 58 1 3 NH 0 54 +37 54 -23 0 1 0.782480 0 0 6199.124295 6199.626026 6200.127757 6200.328450 6202.335378 6203.117859 1 C 
 21 197 3 59 3 3 HH 1 137 +38 95 -22 1 1 1.014177 0 0 6204.141606 6204.643336 6205.145067 6205.345759 6207.352683 6208.366860 1 C 
 21 198 3 60 3 1 HN 0 177 +9 123 +9 0 1 0.684146 0 0 6209.376331 6209.878063 6210.379794 6210.580485 6212.587413 6213.271559 1 C 
 21 199 4  1 3 3 HH 1 155 +13 108 -47 1 1 1.141049 0 0 6227.756413 6228.258138 6228.759869 6228.960564 6230.967488 6232.108537 1 C 
 21 200 4  2 2 3 LH 1 178 +32 204 -28 0 0 2.462990 0 0 6233.124933 6233.626659 6234.128393 6234.329086 6236.336012 6238.799003 1 E 
 21 201 4  3 3 3 HH 1 60 -20 78 +40 0 0 1.917364 0 0 6239.814676 6240.316411 6240.818140 6241.018832 6243.025756 6244.943120 1 E 
 21 202 4  4 2 1 LN 0 96 +16 110 +16 0 1 1.202586 0 0 6245.952520 6246.454258 6246.955993 6247.156675 6249.163598 6250.366184 1 C 
 21 203 4  5 2 2 LL 1 151 -69 128 -49 0 0 1.185119 0 0 6251.387939 6251.889672 6252.391401 6252.592093 6254.599018 6255.784137 1 E 
 21 204 4  6 2 3 LH 1 85 -75 97 -15 0 0 1.701924 0 0 6256.806634 6257.308368 6257.810096 6258.010787 6260.017712 6261.719637 1 E 
 21 205 4  7 2 2 LL 1 103 +78 118 +58 1 1 1.723815 0 0 6262.743785 6263.245517 6263.747245 6263.947937 6265.954861 6267.678675 1 C 
 21 206 4  8 2 2 LL 1 54 -53 62 -33 0 0 0.672271 0 0 6268.697658 6269.199389 6269.701122 6269.901812 6271.908736 6272.581007 1 E 
 21 207 4  9 1 2 NL 0 71 -56 71 -76 0 1 0.529288 0 0 6273.597895 6274.099630 6274.601359 6274.802051 6276.808975 6277.338263 1 C 
 21 208 4 10 2 1 LN 0 116 +63 98 +63 0 1 0.711452 0 0 6278.347616 6278.849350 6279.351086 6279.551771 6281.558695 6282.270147 1 C 
 21 209 4 11 3 2 HL 1 156 +70 202 +50 0 0 1.498698 0 0 6283.281302 6283.783038 6284.284776 6284.485459 6286.492383 6287.991080 1 E 
 21 210 4 12 2 2 LL 1 138 +49 117 +29 0 0 0.898238 0 0 6289.001038 6289.502766 6290.004502 6290.205193 6292.212114 6293.110352 1 E 
 21 211 4 13 3 1 HN 0 142 +18 99 +18 0 1 5.872495 0 0 6294.135419 6294.637156 6295.138880 6295.339572 6297.346497 6303.218992 1 C 
 21 212 4 14 3 2 HL 1 63 +50 44 +70 1 1 1.845868 0 0 6304.236935 6304.738673 6305.240408 6305.441087 6307.448012 6309.293880 1 C 
 21 213 4 15 1 2 NL 0 95 +84 95 +64 0 1 2.243163 0 0 6310.307881 6310.809617 6311.311339 6311.512034 6313.518961 6315.762124 1 C 
 21 214 4 16 3 1 HN 0 120 -57 84 -57 1 0 4.027873 0 0 6316.780211 6317.281943 6317.783670 6317.984365 6319.991288 6324.019161 1 E 
 21 215 4 17 3 1 HN 0 180 -77 234 -77 0 1 0.837966 0 0 6325.042048 6325.543780 6326.045509 6326.246201 6328.253127 6329.091092 1 C 
 21 216 4 18 1 3 NH 0 178 -38 178 +22 0 1 0.672795 0 0 6330.109530 6330.611273 6331.112989 6331.313681 6333.320607 6333.993402 1 C 
 21 217 4 19 2 1 LN 0 104 -14 88 -14 0 1 1.107659 0 0 6335.009769 6335.511502 6336.013233 6336.213921 6338.220847 6339.328507 1 C 
 21 218 4 20 1 2 NL 0 124 +26 124 +46 0 1 0.655755 0 0 6340.344841 6340.846572 6341.348304 6341.548995 6343.555922 6344.211678 1 C 
 21 219 4 21 2 2 LL 1 74 -7 62 -27 1 1 1.416718 0 0 6345.228357 6345.730091 6346.231819 6346.432511 6348.439434 6349.856153 1 C 
 21 220 4 22 1 2 NL 0 109 -65 109 -45 0 1 0.710261 0 0 6350.881194 6351.382924 6351.884653 6352.085346 6354.092270 6354.802531 1 C 
 21 221 4 23 1 1 NN 0 180 -21 180 -21 1 0 0.970078 0 0 6355.814880 6356.316614 6356.818344 6357.019032 6359.025961 6359.996039 1 E 
 21 222 4 24 3 3 HH 1 56 -69 72 -9 0 0 1.625320 0 0 6361.016158 6361.517889 6362.019622 6362.220312 6364.227233 6365.852553 1 E 
 21 223 4 25 1 3 NH 0 134 -60 134 +0 0 1 2.947135 0 0 6366.869686 6367.371418 6367.873145 6368.073840 6370.080764 6373.027899 1 C 
 21 224 4 26 1 2 NL 0 78 -7 78 -27 1 0 0.964563 0 0 6374.044439 6374.546172 6375.047901 6375.248591 6377.255517 6378.220080 1 E 
 21 225 4 27 1 1 NN 0 95 +12 95 +12 0 1 0.760532 0 0 6379.228992 6379.730724 6380.232455 6380.433145 6382.440073 6383.200605 1 C 
 21 226 4 28 1 1 NN 0 69 +47 69 +47 0 1 0.931891 0 0 6384.212853 6384.714595 6385.216313 6385.417008 6387.423934 6388.355826 1 C 
 21 227 4 29 2 1 LN 0 105 -43 120 -43 1 0 0.468344 0 0 6389.380682 6389.882424 6390.384147 6390.584838 6392.591763 6393.060107 1 E 
 21 228 4 30 2 1 LN 0 172 -56 146 -56 0 1 0.160705 0 0 6394.080230 6394.581961 6395.083692 6395.284382 6397.291310 6397.452015 1 C 
 21 229 4 31 1 3 NH 0 145 -24 145 -84 1 0 0.672131 0 0 6398.462014 6398.963743 6399.465478 6399.666168 6401.673092 6402.345223 1 E 
 21 230 4 32 1 3 NH 0 75 -83 75 -23 0 1 1.928157 0 0 6403.362253 6403.863984 6404.365716 6404.566407 6406.573331 6408.501488 1 C 
 21 231 4 33 2 3 LH 1 58 -37 66 +23 1 1 0.661486 0 0 6409.516820 6410.018553 6410.520284 6410.720974 6412.727896 6413.389382 1 C 
 21 232 4 34 3 3 HH 1 133 -84 93 -24 0 0 0.667024 0 0 6414.400334 6414.902063 6415.403797 6415.604489 6417.611413 6418.278437 1 E 
 21 233 4 35 1 3 NH 0 64 +22 64 +82 0 1 0.837852 0 0 6419.300572 6419.802306 6420.304036 6420.504728 6422.511652 6423.349505 1 C 
 21 234 4 36 1 2 NL 0 175 -84 175 -64 0 1 0.688910 0 0 6424.368058 6424.869790 6425.371519 6425.572210 6427.579135 6428.268044 1 C 
 21 235 4 37 1 1 NN 0 140 +80 140 +80 0 1 1.703291 0 0 6429.285020 6429.786758 6430.288488 6430.489175 6432.496101 6434.199392 1 C 
 21 236 4 38 3 3 HH 1 86 +29 111 -31 1 1 0.397397 0 0 6435.222171 6435.723903 6436.225642 6436.426321 6438.433248 6438.830645 1 C 
 21 237 4 39 3 2 HL 1 174 +36 121 +16 1 1 3.184495 0 0 6439.854820 6440.356550 6440.858283 6441.058974 6443.065897 6446.250393 1 C 
 21 238 4 40 3 2 HL 1 103 +69 133 +89 0 0 2.082429 0 0 6447.263713 6447.765448 6448.267177 6448.467867 6450.474792 6452.557222 1 E 
 21 239 4 41 2 2 LL 1 161 +45 185 +25 0 0 5.055674 0 0 6453.568803 6454.070527 6454.572259 6454.772953 6456.779877 6461.835551 1 E 
 21 240 4 42 3 3 HH 1 88 +64 114 +4 1 1 0.749209 0 0 6462.850823 6463.352554 6463.854284 6464.054977 6466.061900 6466.811109 1 C 
 21 241 4 43 3 3 HH 1 95 +83 123 +23 1 1 0.573679 0 0 6467.834683 6468.336417 6468.838156 6469.038838 6471.045765 6471.619444 1 C 
 21 242 4 44 1 3 NH 0 150 +13 150 +73 0 1 0.634294 0 0 6472.634577 6473.136308 6473.638039 6473.838731 6475.845655 6476.479949 1 C 
 21 243 4 45 2 2 LL 1 152 -27 174 -47 0 0 0.903765 0 0 6477.501367 6478.003101 6478.504830 6478.705521 6480.712448 6481.616213 1 E 
 21 244 4 46 3 2 HL 1 128 +85 166 +65 0 0 1.658296 0 0 6482.635748 6483.137479 6483.639210 6483.839902 6485.846826 6487.505123 1 E 
 21 245 4 47 2 3 LH 1 98 -1 112 +59 1 1 0.545794 0 0 6488.522725 6489.024458 6489.526189 6489.726879 6491.733805 6492.279600 1 C 
 21 246 4 48 3 2 HL 1 104 +87 135 +67 1 1 0.887915 0 0 6493.289168 6493.790899 6494.292639 6494.493323 6496.500245 6497.388161 1 C 
 21 247 4 49 3 3 HH 1 79 +29 55 -31 1 1 1.739784 0 0 6498.406824 6498.908553 6499.410289 6499.610979 6501.617903 6503.357687 1 C 
 21 248 4 50 1 1 NN 0 173 +50 173 +50 0 1 1.141038 0 0 6504.377424 6504.879154 6505.380882 6505.581577 6507.588504 6508.729542 1 C 
 21 249 4 51 3 2 HL 1 62 -85 80 -65 0 0 4.488388 0 0 6509.745946 6510.247673 6510.749407 6510.950097 6512.957023 6517.445411 1 E 
 21 250 4 52 2 2 LL 1 77 -2 65 -22 0 0 4.631116 0 0 6518.459340 6518.961071 6519.462804 6519.663503 6521.670418 6526.301534 1 E 
 21 251 4 53 1 2 NL 0 80 -68 80 -88 0 1 0.496210 0 0 6527.323254 6527.824985 6528.326718 6528.527408 6530.534334 6531.030544 1 C 
 21 252 4 54 2 1 LN 0 124 +51 105 +51 0 1 0.682800 0 0 6532.039525 6532.541256 6533.042989 6533.243677 6535.250604 6535.933404 1 C 
 21 253 4 55 2 3 LH 1 126 +90 107 +30 0 0 0.794405 0 0 6536.956488 6537.458222 6537.959950 6538.160642 6540.167567 6540.961972 1 E 
 21 254 4 56 1 3 NH 0 86 -88 86 -28 1 0 0.662045 0 0 6541.973798 6542.475531 6542.977269 6543.177952 6545.184879 6545.846924 1 E 
 21 255 4 57 3 3 HH 1 79 +73 55 +13 1 1 0.633681 0 0 6546.857313 6547.359046 6547.860776 6548.061467 6550.068391 6550.702072 1 C 
 21 256 4 58 3 3 HH 1 62 +72 43 +12 1 1 0.650961 0 0 6551.724107 6552.225832 6552.727568 6552.928255 6554.935184 6555.586146 1 C 
 21 257 4 59 3 2 HL 1 106 +84 74 +64 0 0 1.724516 0 0 6556.607618 6557.109349 6557.611082 6557.811770 6559.818696 6561.543212 1 E 
 21 258 4 60 3 2 HL 1 143 +58 185 +38 1 1 0.986804 0 0 6562.561493 6563.063226 6563.564955 6563.765648 6565.772572 6566.759375 1 C 
 21 259 5  1 2 2 LL 1 179 +12 152 +32 1 1 1.123581 0 0 6572.897149 6573.398881 6573.900618 6574.101305 6576.108228 6577.231809 1 C 
 21 260 5  2 3 2 HL 1 159 +12 111 -8 0 0 1.895344 0 0 6578.248948 6578.750685 6579.252418 6579.453103 6581.460026 6583.355370 1 E 
 21 261 5  3 2 1 LN 0 125 -14 143 -14 0 1 1.422555 0 0 6584.370066 6584.871797 6585.373526 6585.574219 6587.581142 6589.003697 1 C 
 21 262 5  4 2 1 LN 0 76 -46 87 -46 0 1 1.592262 0 0 6590.022901 6590.524635 6591.026366 6591.227056 6593.233980 6594.826242 1 C 
 21 263 5  5 2 2 LL 1 155 -38 131 -18 0 0 4.140440 0 0 6595.842983 6596.344713 6596.846445 6597.047133 6599.054059 6603.194498 1 E 
 21 264 5  6 3 1 HN 0 81 +69 105 +69 0 1 1.404355 0 0 6604.205163 6604.706899 6605.208626 6605.409318 6607.416244 6608.820599 1 C 
 21 265 5  7 1 2 NL 0 78 -87 78 -67 1 0 2.252791 0 0 6609.841278 6610.343006 6610.844737 6611.045430 6613.052354 6615.305146 1 E 
 21 266 5  8 1 3 NH 0 143 -23 143 +37 0 1 1.118647 0 0 6616.330330 6616.832061 6617.333794 6617.534484 6619.541410 6620.660056 1 C 
 21 267 5  9 2 2 LL 1 56 +10 64 +30 0 0 1.030615 0 0 6621.682129 6622.183857 6622.685594 6622.886281 6624.893207 6625.923822 1 E 
 21 268 5 10 2 3 LH 1 68 -28 78 +32 0 0 1.592419 0 0 6626.933577 6627.435313 6627.937037 6628.137732 6630.144656 6631.737075 1 E 
 21 269 5 11 1 2 NL 0 170 -49 170 -29 0 1 2.749529 0 0 6632.753657 6633.255390 6633.757117 6633.957811 6635.964733 6638.714262 1 C 
 21 270 5 12 2 2 LL 1 78 +73 66 +53 0 0 1.663516 0 0 6639.727717 6640.229451 6640.731186 6640.931873 6642.938799 6644.602315 1 E 
 21 271 5 13 3 1 HN 0 172 +44 223 +44 0 1 1.096808 0 0 6645.614694 6646.116427 6646.618157 6646.818847 6648.825772 6649.922580 1 C 
 21 272 5 14 1 3 NH 0 134 -44 134 +16 0 1 1.977228 0 0 6650.933042 6651.434774 6651.936508 6652.137197 6654.144121 6656.121349 1 C 
 21 273 5 15 1 3 NH 0 120 +40 120 -20 1 0 1.636446 0 0 6657.137783 6657.639514 6658.141245 6658.341937 6660.348861 6661.985308 1 E 
 21 274 5 16 1 1 NN 0 70 -89 70 -89 1 0 3.311103 0 0 6663.008035 6663.509768 6664.011496 6664.212189 6666.219115 6669.530219 1 E 
 21 275 5 17 3 2 HL 1 62 +81 80 +61 0 0 1.536860 0 0 6670.550724 6671.052455 6671.554188 6671.754878 6673.761804 6675.298664 1 E 
 21 276 5 18 2 1 LN 0 112 +53 128 +53 0 1 1.619514 0 0 6676.320631 6676.822363 6677.324093 6677.524785 6679.531712 6681.151226 1 C 
 21 277 5 19 1 2 NL 0 175 -87 175 -67 0 1 1.773580 0 0 6682.174160 6682.675897 6683.177618 6683.378313 6685.385237 6687.158817 1 C 
 21 278 5 20 3 2 HL 1 170 +71 221 +51 1 1 1.311709 0 0 6688.178205 6688.679944 6689.181670 6689.382362 6691.389282 6692.700991 1 C 
 21 279 5 21 1 1 NN 0 173 +89 173 +89 0 1 1.296271 0 0 6693.713971 6694.215703 6694.717433 6694.918125 6696.925047 6698.221318 1 C 
 21 280 5 22 1 2 NL 0 148 +53 148 +73 0 1 1.790579 0 0 6699.233012 6699.734743 6700.236474 6700.437165 6702.444092 6704.234671 1 C 
 21 281 5 23 2 1 LN 0 97 +12 111 +12 0 1 1.547895 0 0 6705.253786 6705.755517 6706.257247 6706.457937 6708.464866 6710.012761 1 C 
 21 282 5 24 2 2 LL 1 60 -43 69 -23 0 0 1.492916 0 0 6711.023690 6711.525423 6712.027152 6712.227844 6714.234768 6715.727685 1 E 
 21 283 5 25 2 3 LH 1 145 +30 123 -30 0 0 1.140343 0 0 6716.743430 6717.245166 6717.746887 6717.947577 6719.954503 6721.094846 1 E 
 21 284 5 26 3 2 HL 1 118 -8 82 -28 0 0 1.250035 0 0 6722.111944 6722.613679 6723.115409 6723.316097 6725.323026 6726.573060 1 E 
 21 285 5 27 1 2 NL 0 97 -38 97 -58 0 1 1.701780 0 0 6727.597536 6728.099267 6728.600998 6728.801691 6730.808617 6732.510397 1 C 
 21 286 5 28 2 2 LL 1 122 +6 103 +26 1 1 1.235061 0 0 6733.534687 6734.036427 6734.538151 6734.738840 6736.745762 6737.980822 1 C 
 21 287 5 29 1 3 NH 0 136 -86 136 -26 0 1 1.664471 0 0 6739.003554 6739.505285 6740.007012 6740.207708 6742.214635 6743.879106 1 C 
 21 288 5 30 2 1 LN 0 150 +61 127 +61 0 1 1.151397 0 0 6744.890531 6745.392262 6745.893993 6746.094684 6748.101609 6749.253005 1 C 
 21 289 5 31 2 3 LH 1 105 +52 89 -8 0 0 1.146986 0 0 6750.275778 6750.777505 6751.279241 6751.479932 6753.486855 6754.633842 1 E 
 21 290 5 32 3 1 HN 0 91 -54 63 -54 1 0 1.575249 0 0 6755.644299 6756.146030 6756.647760 6756.848452 6758.855375 6760.430624 1 E 
 21 291 5 33 3 3 HH 1 101 -73 70 -13 1 1 1.338773 0 0 6761.447652 6761.949386 6762.451115 6762.651807 6764.658733 6765.997506 1 C 
 21 292 5 34 3 3 HH 1 65 +6 45 -54 1 1 1.140834 0 0 6767.016869 6767.518596 6768.020329 6768.221021 6770.227945 6771.368779 1 C 
 21 293 5 35 2 2 LL 1 143 +34 121 +14 0 0 4.128968 0 0 6772.385388 6772.887122 6773.388855 6773.589541 6775.596470 6779.725438 1 E 
 21 294 5 36 1 2 NL 0 98 +74 98 +54 0 1 1.163115 0 0 6780.747572 6781.249303 6781.751038 6781.951726 6783.958653 6785.121768 1 C 
 21 295 5 37 3 2 HL 1 166 +22 215 +42 0 0 1.173806 0 0 6786.132819 6786.634553 6787.136277 6787.336972 6789.343895 6790.517701 1 E 
 21 296 5 38 3 1 HN 0 114 +54 79 +54 0 1 1.173747 0 0 6791.534787 6792.036519 6792.538250 6792.738943 6794.745866 6795.919614 1 C 
 21 297 5 39 2 1 LN 0 108 -2 124 -2 0 1 1.118203 0 0 6796.936757 6797.438491 6797.940222 6798.140913 6800.147839 6801.266042 1 C 
 21 298 5 40 1 1 NN 0 95 -40 95 -40 0 1 1.316524 0 0 6802.288555 6802.790288 6803.292024 6803.492710 6805.499634 6806.816158 1 C 
 21 299 5 41 2 3 LH 1 73 +47 62 -13 1 1 1.267991 0 0 6807.841045 6808.342775 6808.844512 6809.045197 6811.052123 6812.320114 1 C 
 21 300 5 42 2 3 LH 1 122 -76 140 -16 1 1 2.176330 0 0 6813.343361 6813.845099 6814.346823 6814.547515 6816.554439 6818.730769 1 C 
 21 301 5 43 2 1 LN 0 128 -29 147 -29 0 1 1.427215 0 0 6819.748793 6820.250522 6820.752253 6820.952950 6822.959874 6824.387089 1 C 
 21 302 5 44 2 3 LH 1 111 +17 127 -43 0 0 1.482331 0 0 6825.401628 6825.903362 6826.405094 6826.605782 6828.612709 6830.095040 1 E 
 21 303 5 45 3 3 HH 1 160 -25 112 +35 1 1 0.965564 0 0 6831.104638 6831.606370 6832.108097 6832.308792 6834.315715 6835.281279 1 C 
 21 304 5 46 2 2 LL 1 74 -33 85 -13 0 0 0.947417 0 0 6836.305916 6836.807647 6837.309378 6837.510070 6839.516996 6840.464414 1 E 
 21 305 5 47 3 3 HH 1 97 -55 67 +5 1 1 1.443714 0 0 6841.473744 6841.975476 6842.477209 6842.677899 6844.684823 6846.128536 1 C 
 21 306 5 48 2 1 LN 0 82 -89 69 -89 0 1 1.658067 0 0 6847.143304 6847.645038 6848.146767 6848.347459 6850.354386 6852.012452 1 C 
 21 307 5 49 1 1 NN 0 89 -77 89 -77 0 1 1.272539 0 0 6853.030281 6853.532009 6854.033746 6854.234436 6856.241359 6857.513899 1 C 
 21 308 5 50 1 3 NH 0 62 +21 62 -39 1 0 2.484576 0 0 6858.532599 6859.034331 6859.536061 6859.736752 6861.743676 6864.228252 1 E 
 21 309 5 51 2 3 LH 1 150 -57 172 +3 1 1 5.343298 0 0 6865.239068 6865.740808 6866.242533 6866.443223 6868.450150 6873.793448 1 C 
 21 310 5 52 3 2 HL 1 74 +53 51 +73 0 0 1.361154 0 0 6874.805407 6875.307136 6875.808868 6876.009559 6878.016487 6879.377641 1 E 
 21 311 5 53 3 1 HN 0 71 -75 49 -75 0 1 1.223752 0 0 6880.391342 6880.893084 6881.394806 6881.595496 6883.602423 6884.826174 1 C 
 21 312 5 54 1 2 NL 0 142 -9 142 -29 1 0 1.371646 0 0 6885.843487 6886.345221 6886.846950 6887.047643 6889.054566 6890.426212 1 E 
 21 313 5 55 3 2 HL 1 114 -61 148 -41 1 1 2.258754 0 0 6891.446151 6891.947882 6892.449614 6892.650304 6894.657226 6896.915980 1 C 
 21 314 5 56 1 3 NH 0 94 +38 94 -22 0 1 1.410201 0 0 6897.935204 6898.436947 6898.938667 6899.139357 6901.146282 6902.556483 1 C 
 21 315 5 57 3 1 HN 0 95 +15 66 +15 0 1 1.339202 0 0 6903.571315 6904.073043 6904.574780 6904.775469 6906.782394 6908.121596 1 C 
 21 316 5 58 1 3 NH 0 102 +12 102 +72 1 0 1.075262 0 0 6909.140530 6909.642261 6910.143994 6910.344684 6912.351608 6913.426870 1 E 
 21 317 5 59 3 2 HL 1 113 -51 146 -71 0 0 1.751886 0 0 6914.442155 6914.943887 6915.445616 6915.646310 6917.653231 6919.405117 1 E 
 21 318 5 60 1 2 NL 0 65 +55 65 +75 0 1 0.518093 0 0 6920.429478 6920.931204 6921.432941 6921.633628 6923.640554 6924.158647 1 C 
 21 319 6  1 3 3 HH 1 141 -28 183 +32 1 1 0.992088 0 0 6938.659038 6939.160764 6939.662498 6939.863189 6941.870115 6942.862203 1 C 
 21 320 6  2 2 1 LN 0 174 +17 200 +17 0 1 1.036281 0 0 6943.877039 6944.378776 6944.880500 6945.081192 6947.088116 6948.124397 1 C 
 21 321 6  3 3 2 HL 1 126 -79 88 -59 0 0 1.095914 0 0 6949.145214 6949.646944 6950.148677 6950.349367 6952.356290 6953.452205 1 E 
 21 322 6  4 2 2 LL 1 145 -35 166 -55 0 0 1.460699 0 0 6954.463561 6954.965294 6955.467025 6955.667717 6957.674642 6959.135341 1 E 
 21 323 6  5 2 2 LL 1 56 -33 47 -53 0 0 3.490592 0 0 6960.149847 6960.651578 6961.153310 6961.354000 6963.360923 6966.851515 1 E 
 21 324 6  6 2 1 LN 0 169 +64 194 +64 0 1 3.221723 0 0 6967.876503 6968.378235 6968.879967 6969.080657 6971.087581 6974.309303 1 C 
 21 325 6  7 2 2 LL 1 79 -75 90 -55 0 0 11.060519 0 0 6975.318845 6975.820575 6976.322311 6976.523000 6978.529924 6989.590443 1 E 
 21 326 6  8 3 3 HH 1 143 +88 100 +28 1 1 1.040850 0 0 6990.604915 6991.106648 6991.608378 6991.809068 6993.815997 6994.856847 1 C 
 21 327 6  9 2 3 LH 1 90 +27 76 -33 0 0 1.156548 0 0 6995.873091 6996.374823 6996.876556 6997.077247 6999.084170 7000.240718 1 E 
 21 328 6 10 3 2 HL 1 172 -34 223 -14 0 0 2.226359 0 0 7001.258337 7001.760069 7002.261800 7002.462492 7004.469418 7006.695777 1 E 
 21 329 6 11 3 3 HH 1 167 +64 116 +4 1 1 1.554472 0 0 7007.713944 7008.215676 7008.717405 7008.918097 7010.925021 7012.479493 1 C 
 21 330 6 12 3 2 HL 1 102 -18 71 -38 1 1 1.653077 0 0 7013.500574 7014.002304 7014.504037 7014.704728 7016.711654 7018.364731 1 C 
 21 331 6 13 2 2 LL 1 111 -30 94 -50 0 0 1.912165 0 0 7019.387551 7019.889279 7020.391013 7020.591706 7022.598628 7024.510793 1 E 
 21 332 6 14 2 3 LH 1 62 +42 52 -18 1 1 2.456771 0 0 7025.525391 7026.027123 7026.528855 7026.729545 7028.736467 7031.193239 1 C 
 21 333 6 15 3 3 HH 1 170 +66 118 +6 1 1 1.493232 0 0 7032.215139 7032.716870 7033.218601 7033.419293 7035.426217 7036.919449 1 C 
 21 334 6 16 1 3 NH 0 81 -10 81 -70 1 0 2.742790 0 0 7037.934872 7038.436603 7038.938332 7039.139026 7041.145953 7043.888743 1 E 
 21 335 6 17 2 3 LH 1 178 +74 151 +14 0 0 3.350606 0 0 7044.908933 7045.410663 7045.912395 7046.113087 7048.120011 7051.470617 1 E 
 21 336 6 18 2 3 LH 1 114 +58 96 -2 0 0 0.887474 0 0 7052.485071 7052.986805 7053.488537 7053.689225 7055.696148 7056.583622 1 E 
 21 337 6 19 1 3 NH 0 118 -60 118 +0 0 1 1.234490 0 0 7057.602730 7058.104458 7058.606189 7058.806881 7060.813805 7062.048295 1 C 
 21 338 6 20 2 2 LL 1 142 -21 163 -1 0 0 1.405309 0 0 7063.071594 7063.573325 7064.075056 7064.275748 7066.282670 7067.687979 1 E 
 21 339 6 21 3 1 HN 0 68 +17 88 +17 0 1 2.187259 0 0 7068.707703 7069.209438 7069.711166 7069.911861 7071.918787 7074.106046 1 C 
 21 340 6 22 2 3 LH 1 77 -79 65 -19 0 0 3.037500 0 0 7075.129863 7075.631597 7076.133324 7076.334016 7078.340941 7081.378441 1 E 
 21 341 6 23 3 2 HL 1 111 +47 77 +27 1 1 2.320195 0 0 7082.388235 7082.889965 7083.391696 7083.592391 7085.599315 7087.919510 1 C 
 21 342 6 24 2 3 LH 1 146 +0 167 +60 0 0 1.526306 0 0 7088.944188 7089.445917 7089.947652 7090.148343 7092.155266 7093.681572 1 E 
 21 343 6 25 2 1 LN 0 174 +55 200 +55 0 1 1.669328 0 0 7094.697371 7095.199104 7095.700833 7095.901523 7097.908449 7099.577777 1 C 
 21 344 6 26 2 2 LL 1 90 -58 103 -38 0 0 1.476299 0 0 7100.601072 7101.102802 7101.604531 7101.805226 7103.812152 7105.288452 1 E 
 21 345 6 27 1 3 NH 0 66 -69 66 -9 1 0 2.749509 0 0 7106.304080 7106.805811 7107.307545 7107.508235 7109.515160 7112.264669 1 E 
 21 346 6 28 2 2 LL 1 122 -38 103 -58 1 1 14.600988 0 0 7113.278141 7113.779872 7114.281605 7114.482295 7116.489216 7131.090204 1 C 
 21 347 6 29 3 1 HN 0 105 -9 73 -9 0 1 2.418149 0 0 7132.109777 7132.611510 7133.113240 7133.313931 7135.320856 7137.739005 1 C 
 21 348 6 30 2 2 LL 1 68 -19 78 -39 0 0 1.674903 0 0 7138.749349 7139.251088 7139.752815 7139.953505 7141.960426 7143.635330 1 E 
 21 349 6 31 1 1 NN 0 120 -19 120 -19 0 1 1.685934 0 0 7144.653051 7145.154780 7145.656516 7145.857208 7147.864130 7149.550064 1 C 
 21 350 6 32 3 2 HL 1 119 +35 83 +55 0 0 1.658552 0 0 7150.573477 7151.075209 7151.576939 7151.777631 7153.784557 7155.443109 1 E 
 21 351 6 33 1 3 NH 0 150 +33 150 -27 0 1 0.843468 0 0 7156.460458 7156.962196 7157.463919 7157.664609 7159.671532 7160.515000 1 C 
 21 352 6 34 2 1 LN 0 80 +74 92 +74 0 1 0.954421 0 0 7161.527937 7162.029678 7162.531401 7162.732092 7164.739020 7165.693441 1 C 
 21 353 6 35 2 2 LL 1 101 +16 85 -4 1 1 1.735692 0 0 7166.712490 7167.214222 7167.715953 7167.916644 7169.923569 7171.659261 1 C 
 21 354 6 36 2 3 LH 1 138 -78 158 -18 1 1 1.141010 0 0 7172.683089 7173.184820 7173.686554 7173.887243 7175.894167 7177.035177 1 C 
 21 355 6 37 2 2 LL 1 169 +56 194 +36 0 0 1.096376 0 0 7178.051610 7178.553340 7179.055075 7179.255765 7181.262693 7182.359069 1 E 
 21 356 6 38 2 1 LN 0 90 -4 103 -4 0 1 1.415499 0 0 7183.369959 7183.871692 7184.373424 7184.574114 7186.581036 7187.996536 1 C 
 21 357 6 39 2 1 LN 0 121 +36 102 +36 0 1 1.372089 0 0 7189.006070 7189.507803 7190.009533 7190.210224 7192.217148 7193.589236 1 C 
 21 358 6 40 2 2 LL 1 156 +77 132 +57 0 0 1.295159 0 0 7194.608733 7195.110462 7195.612195 7195.812887 7197.819811 7199.114970 1 E 
 21 359 6 41 3 3 HH 1 59 +40 41 -20 1 1 1.058391 0 0 7200.127774 7200.629505 7201.131236 7201.331925 7203.338854 7204.397245 1 C 
 21 360 6 42 2 1 LN 0 81 +78 68 +78 0 1 0.997630 0 0 7205.412674 7205.914407 7206.416146 7206.616827 7208.623751 7209.621380 1 C 
 21 361 6 43 1 3 NH 0 73 +23 73 -37 0 1 1.905663 0 0 7210.630674 7211.132408 7211.634136 7211.834830 7213.841755 7215.747418 1 C 
 21 362 6 44 1 1 NN 0 159 -18 159 -18 0 1 1.224180 0 0 7216.768518 7217.270251 7217.771982 7217.972670 7219.979596 7221.203775 1 C 
 21 363 6 45 2 2 LL 1 113 -35 96 -55 1 1 2.368017 0 0 7222.220662 7222.722392 7223.224123 7223.424813 7225.431740 7227.799756 1 C 
 21 364 6 46 3 1 HN 0 97 +55 67 +55 0 1 1.241403 0 0 7228.810062 7229.311791 7229.813524 7230.014214 7232.021139 7233.262542 1 C 
 21 365 6 47 3 1 HN 0 110 +58 77 +58 0 1 1.103083 0 0 7234.278930 7234.780660 7235.282391 7235.483083 7237.490007 7238.593091 1 C 
 21 366 6 48 2 2 LL 1 177 -66 203 -86 1 1 1.691199 0 0 7239.614003 7240.115732 7240.617464 7240.818155 7242.825083 7244.516282 1 C 
 21 367 6 49 3 3 HH 1 86 +8 111 +68 1 1 1.571076 0 0 7245.534427 7246.036158 7246.537891 7246.738584 7248.745506 7250.316582 1 C 
 21 368 6 50 3 3 HH 1 143 -1 100 -61 1 1 2.153351 0 0 7251.337784 7251.839515 7252.341244 7252.541936 7254.548863 7256.702214 1 C 
 21 369 6 51 2 3 LH 1 69 -82 58 -22 1 1 1.939559 0 0 7257.726492 7258.228221 7258.729952 7258.930652 7260.937569 7262.877128 1 C 
 21 370 6 52 2 1 LN 0 69 -57 79 -57 0 1 1.256216 0 0 7263.897782 7264.399509 7264.901243 7265.101935 7267.108857 7268.365073 1 C 
 21 371 6 53 2 2 LL 1 135 -48 114 -28 0 0 1.917791 0 0 7269.383375 7269.885102 7270.386838 7270.587528 7272.594452 7274.512243 1 E 
 21 372 6 54 1 1 NN 0 77 -40 77 -40 0 1 1.333302 0 0 7275.521215 7276.022947 7276.524680 7276.725369 7278.732294 7280.065595 1 C 
 21 373 6 55 1 1 NN 0 135 -6 135 -6 0 1 1.371846 0 0 7281.090429 7281.592162 7282.093894 7282.294584 7284.301509 7285.673355 1 C 
 21 374 6 56 3 2 HL 1 139 +23 97 +43 1 1 1.382460 0 0 7286.693092 7287.194824 7287.696552 7287.897246 7289.904173 7291.286633 1 C 
 21 375 6 57 3 1 HN 0 91 +42 63 +42 0 1 1.339323 0 0 7292.295752 7292.797484 7293.299217 7293.499908 7295.506832 7296.846155 1 C 
 21 376 6 58 3 2 HL 1 62 -79 43 -59 1 1 2.364031 0 0 7297.864970 7298.366702 7298.868433 7299.069123 7301.076044 7303.440075 1 C 
 21 377 6 59 1 3 NH 0 146 +50 146 -10 0 1 1.405261 0 0 7304.454368 7304.956100 7305.457831 7305.658522 7307.665446 7309.070707 1 C 
 21 378 6 60 3 2 HL 1 79 -56 102 -36 0 0 0.981452 0 0 7310.090480 7310.592213 7311.093943 7311.294634 7313.301561 7314.283013 1 E 
