  4   1 0 43 2 1 LN 0 101 +57 85 +57 0 1 1.428332 0 0 2537.914693 2538.415665 2538.916638 2539.117028 2541.120923 2542.549255 1 C 
  4   2 0 44 3 2 HL 1 57 -16 39 +4 1 1 1.642526 0 0 2543.575696 2544.076669 2544.577643 2544.778033 2546.781927 2548.424453 1 C 
  4   3 0 45 2 3 LH 1 106 +74 121 +14 1 1 0.201338 0 0 2549.437091 2549.938062 2550.439037 2550.639427 2552.643322 2552.844660 1 C 
  4   4 0 46 2 1 LN 0 74 -4 62 -4 1 0 2.194303 0 0 2553.862361 2554.363332 2554.864306 2555.064696 2557.068591 2559.262893 1 E 
  4   5 0 47 3 3 HH 1 118 +66 82 +6 0 0 2.260888 0 0 2560.274823 2560.775798 2561.276771 2561.477160 2563.481056 2565.741944 1 E 
  4   6 0 48 2 2 LL 1 138 -32 158 -12 1 1 0.001006 1 1 2566.754089 2567.255061 2567.756033 2567.956423 2569.960318 2569.961323 1 N 
  4   7 0 49 2 1 LN 0 89 -25 75 -25 0 1 4.658453 0 1 2575.621324 2576.122299 2576.623270 2576.823659 2578.827553 2583.486006 1 C 
  4   8 0 50 3 1 HN 0 106 -5 137 -5 1 0 1.738548 0 1 2584.505260 2585.006233 2585.507210 2585.707596 2587.711491 2589.450039 1 E 
  4   9 0 51 2 3 LH 1 61 -12 70 +48 1 1 1.847929 0 1 2590.466850 2590.967825 2591.468795 2591.669185 2593.673080 2595.521009 1 C 
  4  10 0 52 1 1 NN 0 76 -65 76 -65 0 1 1.103146 0 1 2596.545333 2597.046304 2597.547280 2597.747668 2599.751562 2600.854708 1 C 
  4  11 0 53 3 1 HN 0 66 +22 46 +22 1 0 1.771123 0 1 2601.872354 2602.373325 2602.874301 2603.074690 2605.078584 2606.849707 1 E 
  4  12 0 54 2 2 LL 1 63 +25 72 +5 0 0 2.752794 0 1 2607.867340 2608.368313 2608.869287 2609.069676 2611.073571 2613.826365 1 E 
  4  13 0 55 2 3 LH 1 137 -51 157 +9 1 1 3.836183 0 1 2614.847577 2615.348552 2615.849522 2616.049915 2618.053807 2621.889990 1 C 
  4  14 0 56 1 2 NL 0 127 +13 127 +33 0 1 1.992577 0 1 2622.913255 2623.414228 2623.915202 2624.115592 2626.119487 2628.112064 1 C 
  4  15 0 57 2 1 LN 0 104 -44 88 -44 0 1 1.743291 0 1 2629.125331 2629.626304 2630.127277 2630.327667 2632.331562 2634.074853 1 C 
  4  16 0 58 3 1 HN 0 162 +24 210 +24 1 0 1.555307 0 1 2635.086918 2635.587892 2636.088866 2636.289255 2638.293151 2639.848458 1 E 
  4  17 0 59 1 3 NH 0 122 -41 122 +19 0 1 1.442650 0 1 2640.864818 2641.365790 2641.866764 2642.067153 2644.071050 2645.513699 1 C 
  4  18 0 60 3 2 HL 1 75 -69 52 -89 1 1 1.332343 0 1 2646.525823 2647.026795 2647.527769 2647.728158 2649.732054 2651.064397 1 C 
  4  19 1  1 2 2 LL 1 120 -75 138 -55 0 0 1.244416 0 1 2656.161222 2656.662194 2657.163166 2657.363556 2659.367451 2660.611867 1 E 
  4  20 1  2 2 3 LH 1 69 -42 79 +18 1 1 1.397923 0 1 2661.638533 2662.139505 2662.640481 2662.840870 2664.844766 2666.242689 1 C 
  4  21 1  3 1 3 NH 0 88 +68 88 +8 0 1 1.475443 0 1 2667.266140 2667.767116 2668.268086 2668.468476 2670.472371 2671.947815 1 C 
  4  22 1  4 1 3 NH 0 151 -79 151 -19 0 1 1.925306 0 1 2672.960543 2673.461515 2673.962489 2674.162879 2676.166774 2678.092080 1 C 
  4  23 1  5 2 3 LH 1 166 +31 141 -29 0 0 1.448204 0 1 2679.105822 2679.606794 2680.107768 2680.308158 2682.312058 2683.760262 1 E 
  4  24 1  6 1 2 NL 0 162 -45 162 -25 0 1 0.802644 0 1 2684.783525 2685.284500 2685.785473 2685.985866 2687.989757 2688.792400 1 C 
  4  25 1  7 2 2 LL 1 76 -54 64 -34 0 0 1.381482 0 1 2689.809964 2690.310934 2690.811909 2691.012299 2693.016194 2694.397676 1 E 
  4  26 1  8 3 3 HH 1 176 -76 123 -16 0 0 1.168364 0 1 2695.420870 2695.921845 2696.422817 2696.623207 2698.627101 2699.795465 1 E 
  4  27 1  9 3 2 HL 1 179 +8 232 +28 1 1 0.908327 0 1 2700.814689 2701.315661 2701.816636 2702.017025 2704.020920 2704.929247 1 C 
  4  28 1 10 3 2 HL 1 145 -18 101 -38 1 1 1.718461 0 1 2705.941322 2706.442294 2706.943271 2707.143657 2709.147554 2710.866014 1 C 
  4  29 1 11 3 3 HH 1 102 +15 132 -45 1 1 1.233727 0 1 2711.886211 2712.387183 2712.888157 2713.088547 2715.092440 2716.326167 1 C 
  4  30 1 12 3 3 HH 1 139 -77 180 -17 1 1 0.808171 0 1 2717.346825 2717.847802 2718.348772 2718.549162 2720.553057 2721.361229 1 C 
  4  31 1 13 2 3 LH 1 136 +65 115 +5 0 0 2.182945 0 1 2722.373263 2722.874236 2723.375210 2723.575599 2725.579494 2727.762439 1 E 
  4  32 1 14 1 3 NH 0 87 +6 87 -54 0 1 1.214503 0 1 2728.785731 2729.286706 2729.787676 2729.988065 2731.991960 2733.206464 1 C 
  4  33 1 15 2 3 LH 1 140 +38 161 -22 1 1 0.680073 0 1 2734.229646 2734.730618 2735.231594 2735.431980 2737.435876 2738.115949 1 C 
  4  34 1 16 2 2 LL 1 151 +57 128 +37 0 0 0.994398 0 1 2739.139193 2739.640162 2740.141139 2740.341524 2742.345420 2743.339817 1 E 
  4  35 1 17 1 2 NL 0 148 +90 148 +70 0 1 1.414827 0 1 2744.366017 2744.866992 2745.367965 2745.568353 2747.572245 2748.987073 1 C 
  4  36 1 18 1 2 NL 0 174 +56 174 +36 1 0 0.860884 0 1 2750.010319 2750.511297 2751.012267 2751.212657 2753.216552 2754.077436 1 E 
  4  37 1 19 3 3 HH 1 142 +25 99 +85 1 1 1.982560 0 1 2755.103556 2755.604528 2756.105502 2756.305891 2758.309787 2760.292346 1 C 
  4  38 1 20 2 1 LN 0 60 -47 69 -47 0 1 1.893976 0 1 2761.315630 2761.816604 2762.317578 2762.517967 2764.521862 2766.415838 1 C 
  4  39 1 21 2 1 LN 0 175 -2 201 -2 1 0 0.819325 0 1 2767.427511 2767.928486 2768.429459 2768.629847 2770.633743 2771.453069 1 E 
  4  40 1 22 3 2 HL 1 159 +15 206 -5 0 0 1.346279 0 1 2772.470649 2772.971621 2773.472594 2773.672984 2775.676885 2777.023164 1 E 
  4  41 1 23 3 2 HL 1 116 +18 150 +38 1 1 1.097487 0 1 2778.048156 2778.549131 2779.050106 2779.250497 2781.254389 2782.351877 1 C 
  4  42 1 24 2 2 LL 1 124 -40 142 -20 0 0 1.673902 0 1 2783.375178 2783.876152 2784.377129 2784.577515 2786.581410 2788.255312 1 E 
  4  43 1 25 3 2 HL 1 56 -89 39 -69 0 0 1.019509 0 1 2789.269970 2789.770946 2790.271919 2790.472308 2792.476203 2793.495712 1 E 
  4  44 1 26 1 1 NN 0 83 +13 83 +13 0 1 0.429598 0 1 2794.513498 2795.014471 2795.515444 2795.715834 2797.719729 2798.149327 1 C 
  4  45 1 27 2 2 LL 1 167 +74 192 +54 0 0 1.509391 0 1 2799.172553 2799.673528 2800.174501 2800.374890 2802.378786 2803.888177 1 E 
  4  46 1 28 2 1 LN 0 118 -47 100 -47 0 1 0.457500 0 1 2804.900356 2805.401328 2805.902302 2806.102692 2808.106587 2808.564087 1 C 
  4  47 1 29 3 3 HH 1 138 +20 96 +80 1 1 1.190014 0 1 2809.576110 2810.077084 2810.578058 2810.778447 2812.782343 2813.972357 1 C 
  4  48 1 30 3 1 HN 0 142 +78 99 +78 0 1 0.963888 0 1 2814.986629 2815.487601 2815.988574 2816.188966 2818.192872 2819.156760 1 C 
  4  49 1 31 2 3 LH 1 170 +21 144 +81 0 0 1.092182 0 1 2820.180056 2820.681029 2821.182005 2821.382394 2823.386288 2824.478470 1 E 
  4  50 1 32 1 2 NL 0 114 +84 114 +64 0 1 0.835945 0 1 2825.490380 2825.991357 2826.492329 2826.692716 2828.696612 2829.532557 1 C 
  4  51 1 33 1 3 NH 0 176 +19 176 +79 1 0 0.884879 0 1 2830.550216 2831.051189 2831.552164 2831.752553 2833.756448 2834.641327 1 E 
  4  52 1 34 1 2 NL 0 164 +18 164 +38 0 1 0.562998 0 1 2835.660151 2836.161127 2836.662099 2836.862486 2838.866381 2839.429379 1 C 
  4  53 1 35 3 3 HH 1 101 +79 131 +19 1 1 1.498270 0 1 2840.452799 2840.953772 2841.454746 2841.655136 2843.659031 2845.157302 1 C 
  4  54 1 36 1 1 NN 0 159 +64 159 +64 0 1 2.275675 0 1 2846.180600 2846.681574 2847.182548 2847.382937 2849.386833 2851.662508 1 C 
  4  55 1 37 2 1 LN 0 70 -33 80 -33 0 1 0.763494 0 1 2852.676561 2853.177534 2853.678511 2853.878898 2855.882794 2856.646288 1 C 
  4  56 1 38 2 2 LL 1 165 -10 140 +10 1 1 1.598638 0 1 2857.669601 2858.170573 2858.671548 2858.871937 2860.875833 2862.474472 1 C 
  4  57 1 39 2 3 LH 1 139 -45 118 +15 0 0 0.897234 0 1 2863.497597 2863.998570 2864.499544 2864.699933 2866.703829 2867.601063 1 E 
  4  58 1 40 3 3 HH 1 131 -44 170 +16 1 1 1.759976 0 1 2868.624229 2869.125202 2869.626177 2869.826566 2871.830461 2873.590436 1 C 
  4  59 1 41 2 1 LN 0 81 +9 93 +9 0 1 0.518545 0 1 2874.602516 2875.103489 2875.604465 2875.804854 2877.808749 2878.327294 1 C 
  4  60 1 42 3 3 HH 1 165 +7 214 +67 1 1 1.392652 0 1 2879.345072 2879.846041 2880.347017 2880.547406 2882.551301 2883.943953 1 C 
  4  61 1 43 3 1 HN 0 83 -88 107 -88 0 1 0.646719 0 1 2884.955977 2885.456952 2885.957924 2886.158313 2888.162207 2888.808926 1 C 
  4  62 1 44 3 3 HH 1 93 -3 120 +57 1 1 1.337429 0 1 2889.832122 2890.333095 2890.834069 2891.034459 2893.038352 2894.375781 1 C 
  4  63 1 45 2 2 LL 1 94 +51 79 +71 0 0 0.752460 0 1 2895.392931 2895.893905 2896.394878 2896.595268 2898.599163 2899.351623 1 E 
  4  64 1 46 3 3 HH 1 78 +12 101 +72 0 0 1.036363 0 1 2900.369273 2900.870248 2901.371219 2901.571610 2903.575504 2904.611867 1 E 
  4  65 1 47 3 2 HL 1 120 +4 84 -16 0 0 1.748821 0 1 2905.629497 2906.130470 2906.631446 2906.831834 2908.835729 2910.584550 1 E 
  4  66 1 48 3 3 HH 1 146 +67 189 +7 1 1 0.579721 0 1 2911.607785 2912.108764 2912.609736 2912.810122 2914.814017 2915.393738 1 C 
  4  67 1 49 3 3 HH 1 98 -63 127 -3 1 1 1.396084 0 1 2916.417133 2916.918107 2917.419081 2917.619471 2919.623365 2921.019449 1 C 
  4  68 1 50 3 3 HH 1 64 +1 83 +61 0 0 1.681975 0 1 2922.044740 2922.545713 2923.046686 2923.247077 2925.250972 2926.932947 1 E 
  4  69 1 51 1 2 NL 0 98 -56 98 -36 0 1 1.119995 0 1 2927.956231 2928.457204 2928.958179 2929.158569 2931.162464 2932.282459 1 C 
  4  70 1 52 3 3 HH 1 158 +75 205 +15 1 1 0.841567 0 1 2933.299952 2933.800926 2934.301903 2934.502289 2936.506184 2937.347751 1 C 
  4  71 1 53 2 2 LL 1 76 +44 87 +64 0 0 0.652274 0 1 2938.359788 2938.860762 2939.361736 2939.562126 2941.566021 2942.218295 1 E 
  4  72 1 54 2 3 LH 1 160 -57 136 +3 0 0 0.891584 0 1 2943.235933 2943.736906 2944.237880 2944.438271 2946.442166 2947.333750 1 E 
  4  73 1 55 1 3 NH 0 177 -66 177 -6 1 0 1.164350 0 1 2948.345868 2948.846844 2949.347814 2949.548207 2951.552099 2952.716449 1 E 
  4  74 1 56 2 1 LN 0 103 -29 87 -29 0 1 0.871287 0 1 2953.739685 2954.240662 2954.741633 2954.942022 2956.945918 2957.817204 1 C 
  4  75 1 57 1 3 NH 0 161 -17 161 -77 0 1 0.785909 0 1 2958.832920 2959.333896 2959.834867 2960.035255 2962.039152 2962.825061 1 C 
  4  76 1 58 3 3 HH 1 140 +85 98 +25 1 1 0.769083 0 1 2963.842659 2964.343632 2964.844605 2965.044994 2967.048895 2967.817978 1 C 
  4  77 1 59 1 1 NN 0 126 +46 126 +46 0 1 0.528006 0 1 2968.835697 2969.336671 2969.837644 2970.038035 2972.041930 2972.569936 1 C 
  4  78 1 60 1 3 NH 0 139 -81 139 -21 0 1 3.212876 0 1 2973.594949 2974.095923 2974.596897 2974.797286 2976.801181 2980.014058 1 C 
  4  79 2  1 2 2 LL 1 100 +69 85 +49 0 0 0.524395 0 1 2988.924752 2989.425727 2989.926697 2990.127086 2992.130981 2992.655377 1 E 
  4  80 2  2 1 2 NL 0 102 -52 102 -32 0 1 0.707933 0 1 2993.667303 2994.168277 2994.669251 2994.869639 2996.873534 2997.581467 1 C 
  4  81 2  3 2 2 LL 1 145 -29 123 -9 0 0 0.427774 0 1 2998.593544 2999.094518 2999.595492 2999.795881 3001.799776 3002.227551 1 E 
  4  82 2  4 3 2 HL 1 129 +33 167 +53 1 1 0.760380 0 1 3003.252601 3003.753574 3004.254552 3004.454938 3006.458833 3007.219213 1 C 
  4  83 2  5 3 3 HH 1 80 -80 56 -20 1 1 0.791366 0 1 3008.245642 3008.746617 3009.247588 3009.447978 3011.451870 3012.243236 1 C 
  4  84 2  6 3 1 HN 0 126 +52 88 +52 1 0 1.058387 0 1 3013.255381 3013.756352 3014.257326 3014.457716 3016.461611 3017.519998 1 E 
  4  85 2  7 3 1 HN 0 167 -90 217 -90 0 1 2.338862 0 1 3018.532307 3019.033280 3019.534251 3019.734640 3021.738536 3024.077398 1 C 
  4  86 2  8 1 1 NN 0 156 +18 156 +18 0 1 0.713468 0 1 3025.095063 3025.596034 3026.097008 3026.297398 3028.301293 3029.014762 1 C 
  4  87 2  9 1 2 NL 0 71 -25 71 -45 0 1 0.652076 0 1 3030.038002 3030.538977 3031.039950 3031.240344 3033.244235 3033.896311 1 C 
  4  88 2 10 3 3 HH 1 156 -41 202 +19 1 1 1.167510 0 1 3034.914150 3035.415120 3035.916100 3036.116485 3038.120381 3039.287890 1 C 
  4  89 2 11 3 2 HL 1 165 -2 214 +18 1 1 2.716482 0 1 3040.307968 3040.808940 3041.309914 3041.510304 3043.514200 3046.230682 1 C 
  4  90 2 12 1 1 NN 0 164 -86 164 -86 0 1 2.672955 0 1 3047.254806 3047.755778 3048.256752 3048.457141 3050.461036 3053.133992 1 C 
  4  91 2 13 1 3 NH 0 147 -5 147 -65 0 1 3.018373 0 1 3054.151546 3054.652518 3055.153492 3055.353880 3057.357777 3060.376150 1 C 
  4  92 2 14 2 2 LL 1 61 -43 51 -23 0 0 0.763623 0 1 3061.398966 3061.899940 3062.400913 3062.601302 3064.605198 3065.368822 1 E 
  4  93 2 15 3 3 HH 1 75 +2 97 +62 1 1 0.814578 0 1 3066.392007 3066.892983 3067.393953 3067.594341 3069.598237 3070.412816 1 C 
  4  94 2 16 3 3 HH 1 112 +75 145 +15 1 1 1.704408 0 1 3071.435142 3071.936115 3072.437090 3072.637483 3074.641374 3076.345782 1 C 
  4  95 2 17 3 1 HN 0 91 -87 63 -87 1 0 1.236463 0 1 3077.363333 3077.864310 3078.365280 3078.565670 3080.569565 3081.806028 1 E 
  4  96 2 18 1 3 NH 0 123 -55 123 +5 0 1 2.026426 0 1 3082.823949 3083.324923 3083.825895 3084.026284 3086.030180 3088.056606 1 C 
  4  97 2 19 2 3 LH 1 94 -60 108 +0 1 1 2.324106 0 1 3089.069421 3089.570394 3090.071369 3090.271759 3092.275653 3094.599760 1 C 
  4  98 2 20 3 2 HL 1 54 -51 70 -31 1 1 1.051397 0 1 3095.615480 3096.116454 3096.617427 3096.817816 3098.821712 3099.873109 1 C 
  4  99 2 21 2 3 LH 1 117 -38 134 +22 1 1 1.715373 0 1 3100.892404 3101.393379 3101.894352 3102.094741 3104.098637 3105.814010 1 C 
  4 100 2 22 2 2 LL 1 132 -65 151 -45 0 0 0.975099 0 1 3106.837295 3107.338272 3107.839241 3108.039630 3110.043527 3111.018626 1 E 
  4 101 2 23 2 1 LN 0 159 +41 182 +41 0 1 1.025236 0 1 3112.030724 3112.531700 3113.032670 3113.233063 3115.236956 3116.262191 1 C 
  4 102 2 24 3 3 HH 1 67 +8 87 +68 1 1 0.831895 0 1 3117.274249 3117.775223 3118.276197 3118.476586 3120.480479 3121.312375 1 C 
  4 103 2 25 1 3 NH 0 109 +17 109 -43 0 1 1.026576 0 1 3122.334086 3122.835059 3123.336033 3123.536421 3125.540318 3126.566894 1 C 
  4 104 2 26 2 2 LL 1 90 +27 76 +47 1 1 0.895580 0 1 3127.577613 3128.078585 3128.579558 3128.779946 3130.783844 3131.679424 1 C 
  4 105 2 27 3 3 HH 1 68 +69 88 +9 1 1 1.250531 0 1 3132.704243 3133.205217 3133.706191 3133.906584 3135.910476 3137.161007 1 C 
  4 106 2 28 2 2 LL 1 80 -84 92 -64 0 0 1.692396 0 1 3138.181559 3138.682532 3139.183505 3139.383895 3141.387790 3143.080186 1 E 
  4 107 2 29 3 1 HN 0 90 -35 117 -35 1 0 1.039777 0 1 3144.093050 3144.594026 3145.094997 3145.295386 3147.299282 3148.339059 1 E 
  4 108 2 30 3 2 HL 1 129 +40 167 +20 0 0 3.200453 0 1 3149.353276 3149.854248 3150.355226 3150.555612 3152.559507 3155.759960 1 E 
  4 109 2 31 2 2 LL 1 74 +88 62 +68 0 0 0.833588 0 1 3156.784388 3157.285362 3157.786335 3157.986724 3159.990620 3160.824208 1 E 
  4 110 2 32 1 2 NL 0 174 -76 174 -56 0 1 0.685691 0 1 3161.844224 3162.345199 3162.846172 3163.046559 3165.050453 3165.736144 1 C 
  4 111 2 33 1 2 NL 0 139 +1 139 -19 0 1 0.624476 0 1 3166.753767 3167.254740 3167.755715 3167.956104 3169.959999 3170.584475 1 C 
  4 112 2 34 3 1 HN 0 73 -13 94 -13 0 1 0.936173 0 1 3171.596515 3172.097488 3172.598461 3172.798851 3174.802745 3175.738918 1 C 
  4 113 2 35 2 2 LL 1 137 -32 157 -52 0 0 0.792398 0 1 3176.756546 3177.257517 3177.758492 3177.958882 3179.962775 3180.755173 1 E 
  4 114 2 36 3 2 HL 1 179 +2 125 +22 1 1 1.030793 0 1 3181.766284 3182.267258 3182.768231 3182.968620 3184.972513 3186.003306 1 C 
  4 115 2 37 3 2 HL 1 62 -9 80 -29 1 1 0.858249 0 1 3187.026510 3187.527482 3188.028456 3188.228846 3190.232741 3191.090990 1 C 
  4 116 2 38 3 2 HL 1 59 -40 76 -20 1 1 0.880602 0 1 3192.103043 3192.604017 3193.104990 3193.305382 3195.309276 3196.189878 1 C 
  4 117 2 39 1 2 NL 0 164 +66 164 +86 1 0 1.325851 0 1 3197.212977 3197.713950 3198.214924 3198.415314 3200.419209 3201.745060 1 E 
  4 118 2 40 3 3 HH 1 105 +17 73 +77 1 1 1.626934 0 1 3202.757088 3203.258064 3203.759035 3203.959424 3205.963320 3207.590253 1 C 
  4 119 2 41 3 3 HH 1 73 +53 94 -7 0 0 1.142004 0 1 3208.601783 3209.102756 3209.603730 3209.804119 3211.808014 3212.950018 1 E 
  4 120 2 42 2 3 LH 1 141 +27 119 +87 1 1 1.017515 0 1 3213.962203 3214.463179 3214.964153 3215.164539 3217.168434 3218.185948 1 C 
  4 121 2 43 1 1 NN 0 57 +42 57 +42 0 1 0.922353 0 1 3219.205730 3219.706715 3220.207676 3220.408065 3222.411961 3223.334313 1 C 
  4 122 2 44 1 2 NL 0 120 +60 120 +80 0 1 0.752309 0 1 3224.349061 3224.850037 3225.351007 3225.551400 3227.555290 3228.307599 1 C 
  4 123 2 45 3 3 HH 1 107 -58 74 +2 1 1 0.663405 0 1 3229.325401 3229.826376 3230.327349 3230.527737 3232.531632 3233.195038 1 C 
  4 124 2 46 1 1 NN 0 62 -44 62 -44 1 0 0.841701 0 1 3234.218245 3234.719220 3235.220193 3235.420582 3237.424478 3238.266178 1 E 
  4 125 2 47 2 3 LH 1 168 +56 142 -4 0 0 0.873542 0 1 3239.278082 3239.779057 3240.280029 3240.480418 3242.484313 3243.357855 1 E 
  4 126 2 48 2 3 LH 1 63 -32 72 +28 1 1 1.554038 0 1 3244.371318 3244.872289 3245.373263 3245.573652 3247.577547 3249.131584 1 C 
  4 127 2 49 1 1 NN 0 60 +87 60 +87 1 0 5.016268 0 1 3250.149215 3250.650191 3251.151161 3251.351554 3253.355445 3258.371713 1 E 
  4 128 2 50 3 3 HH 1 103 -28 72 -88 0 0 1.832297 0 1 3259.383831 3259.884805 3260.385780 3260.586170 3262.590063 3264.422359 1 E 
  4 129 2 51 3 2 HL 1 162 -34 210 -54 1 1 0.763695 0 1 3265.445616 3265.946588 3266.447563 3266.647950 3268.651846 3269.415541 1 C 
  4 130 2 52 1 1 NN 0 171 -50 171 -50 0 1 1.682090 0 1 3270.438655 3270.939628 3271.440602 3271.640991 3273.644885 3275.326975 1 C 
  4 131 2 53 3 3 HH 1 86 -45 60 +15 1 1 0.713370 0 1 3276.350146 3276.851119 3277.352094 3277.552483 3279.556378 3280.269748 1 C 
  4 132 2 54 3 2 HL 1 157 -44 204 -24 1 1 0.746816 0 1 3281.293088 3281.794062 3282.295036 3282.495425 3284.499324 3285.246140 1 C 
  4 133 2 55 2 3 LH 1 63 +25 72 -35 0 0 1.618697 0 1 3286.269429 3286.770403 3287.271379 3287.471765 3289.475660 3291.094356 1 E 
  4 134 2 56 1 1 NN 0 116 +70 116 +70 0 1 2.199682 0 1 3292.114122 3292.615099 3293.116071 3293.316460 3295.320355 3297.520037 1 C 
  4 135 2 57 3 1 HN 0 77 -21 53 -21 0 1 0.826103 0 1 3298.543287 3299.044261 3299.545235 3299.745627 3301.749517 3302.575620 1 C 
  4 136 2 58 3 3 HH 1 124 -26 86 +34 1 1 1.019794 0 1 3303.586425 3304.087398 3304.588372 3304.788761 3306.792656 3307.812450 1 C 
  4 137 2 59 2 3 LH 1 102 -6 117 -66 1 1 3.553053 0 1 3308.829951 3309.330927 3309.831898 3310.032291 3312.036183 3315.589236 1 C 
  4 138 2 60 2 3 LH 1 78 +43 66 -17 1 1 1.103103 0 1 3316.611744 3317.112720 3317.613692 3317.814080 3319.817977 3320.921080 1 C 
  4 139 3  1 2 2 LL 1 91 +89 77 +69 0 0 0.963862 0 1 3337.051481 3337.552454 3338.053425 3338.253812 3340.257710 3341.221572 1 E 
  4 140 3  2 1 1 NN 0 145 +8 145 +8 0 1 0.546602 0 1 3342.244906 3342.745883 3343.246853 3343.447244 3345.451141 3345.997743 1 C 
  4 141 3  3 2 2 LL 1 55 +65 46 +85 0 0 0.756770 0 1 3347.020857 3347.521830 3348.022804 3348.223194 3350.227089 3350.983859 1 E 
  4 142 3  4 2 1 LN 0 153 -55 175 -55 0 1 1.030618 0 1 3351.997198 3352.498171 3352.999144 3353.199534 3355.203429 3356.234047 1 C 
  4 143 3  5 3 1 HN 0 178 -81 231 -81 0 1 0.947333 0 1 3357.257424 3357.758396 3358.259372 3358.459760 3360.463655 3361.410988 1 C 
  4 144 3  6 3 1 HN 0 139 +39 97 +39 0 1 0.563264 0 1 3362.434152 3362.935126 3363.436100 3363.636494 3365.640386 3366.203649 1 C 
  4 145 3  7 3 2 HL 1 165 -7 115 +13 0 0 1.759715 0 1 3367.226802 3367.727776 3368.228751 3368.429138 3370.433035 3372.192749 1 E 
  4 146 3  8 1 1 NN 0 64 -49 64 -49 0 1 0.752581 0 1 3373.205090 3373.706064 3374.207038 3374.407427 3376.411323 3377.163904 1 C 
  4 147 3  9 3 3 HH 1 70 -23 91 +37 1 1 1.959260 0 1 3378.181432 3378.682404 3379.183378 3379.383767 3381.387663 3383.346923 1 C 
  4 148 3 10 3 3 HH 1 175 -22 122 -82 0 0 0.824791 0 1 3384.360109 3384.861082 3385.362056 3385.562445 3387.566341 3388.391132 1 E 
  4 149 3 11 2 1 LN 0 59 +4 50 +4 0 1 0.455986 0 1 3389.403245 3389.904221 3390.405192 3390.605581 3392.609477 3393.065463 1 C 
  4 150 3 12 3 2 HL 1 145 -10 101 +10 0 0 0.718073 0 1 3394.079001 3394.579974 3395.080948 3395.281337 3397.285232 3398.003305 1 E 
  4 151 3 13 3 2 HL 1 102 +29 132 +49 0 0 0.885971 0 1 3399.021942 3399.522918 3400.023890 3400.224280 3402.228175 3403.114146 1 E 
  4 152 3 14 1 2 NL 0 142 +68 142 +48 0 1 0.446339 0 1 3404.131877 3404.632853 3405.133824 3405.334213 3407.338108 3407.784447 1 C 
  4 153 3 15 2 2 LL 1 175 -2 148 -22 0 0 2.516844 0 1 3408.807633 3409.308606 3409.809580 3410.009969 3412.013865 3414.530709 1 E 
  4 154 3 16 1 1 NN 0 165 -26 165 -26 0 1 0.563179 0 1 3415.554082 3416.055055 3416.556027 3416.756415 3418.760311 3419.323490 1 C 
  4 155 3 17 2 2 LL 1 58 -13 49 -33 1 1 1.274176 0 1 3420.346730 3420.847703 3421.348680 3421.549066 3423.552962 3424.827137 1 C 
  4 156 3 18 1 2 NL 0 112 -52 112 -72 0 1 0.868597 0 1 3425.840742 3426.341716 3426.842691 3427.043079 3429.046975 3429.915572 1 C 
  4 157 3 19 3 2 HL 1 102 +62 132 +42 1 1 0.735507 0 1 3430.933978 3431.434950 3431.935924 3432.136314 3434.140209 3434.875716 1 C 
  4 158 3 20 1 2 NL 0 76 -73 76 -53 0 1 0.721387 0 1 3435.893619 3436.394590 3436.895566 3437.095955 3439.099850 3439.821237 1 C 
  4 159 3 21 2 3 LH 1 83 +18 95 -42 1 1 0.832005 0 1 3440.836562 3441.337533 3441.838507 3442.038897 3444.042792 3444.874798 1 C 
  4 160 3 22 1 2 NL 0 87 +60 87 +80 0 1 0.758047 0 1 3445.896397 3446.397369 3446.898344 3447.098732 3449.102627 3449.860674 1 C 
  4 161 3 23 1 3 NH 0 81 +29 81 -31 0 1 1.581603 0 1 3450.872738 3451.373712 3451.874684 3452.075073 3454.078968 3455.660571 1 C 
  4 162 3 24 3 1 HN 0 71 -45 92 -45 0 1 1.392491 0 1 3456.684034 3457.185006 3457.685982 3457.886370 3459.890265 3461.282756 1 C 
  4 163 3 25 2 3 LH 1 98 -51 83 +9 0 0 1.320199 0 1 3462.294949 3462.795913 3463.296889 3463.497277 3465.501173 3466.821372 1 E 
  4 164 3 26 1 1 NN 0 128 -90 128 -90 0 1 0.641124 0 1 3467.839052 3468.340027 3468.840998 3469.041387 3471.045283 3471.686407 1 C 
  4 165 3 27 1 1 NN 0 135 -89 135 -89 0 1 0.529778 0 1 3472.698498 3473.199471 3473.700445 3473.900838 3475.904730 3476.434508 1 C 
  4 166 3 28 2 2 LL 1 87 -65 73 -85 0 0 1.100238 0 1 3477.457748 3477.958722 3478.459699 3478.660085 3480.663978 3481.764216 1 E 
  4 167 3 29 2 3 LH 1 140 -57 119 +3 1 1 0.917258 0 1 3482.784770 3483.285747 3483.786717 3483.987107 3485.991002 3486.908261 1 C 
  4 168 3 30 1 3 NH 0 55 +36 55 -24 1 0 0.757943 0 1 3487.928102 3488.429075 3488.930049 3489.130438 3491.134334 3491.892277 1 E 
  4 169 3 31 2 3 LH 1 167 +80 141 +20 0 0 0.557616 0 1 3492.904442 3493.405419 3493.906390 3494.106779 3496.110675 3496.668291 1 E 
  4 170 3 32 2 1 LN 0 174 +46 147 +46 0 1 0.357311 0 1 3497.680393 3498.181366 3498.682339 3498.882730 3500.886625 3501.243937 1 C 
  4 171 3 33 1 2 NL 0 57 +8 57 +28 0 1 0.457418 0 1 3502.255954 3502.756928 3503.257905 3503.458291 3505.462186 3505.919604 1 C 
  4 172 3 34 2 1 LN 0 157 +33 180 +33 0 1 0.373887 0 1 3506.931711 3507.432684 3507.933658 3508.134045 3510.137943 3510.511830 1 C 
  4 173 3 35 3 2 HL 1 172 +22 120 +2 0 0 1.365027 0 1 3511.523971 3512.024944 3512.525920 3512.726307 3514.730202 3516.095228 1 E 
  4 174 3 36 2 3 LH 1 134 +36 154 -24 1 1 0.791095 0 1 3517.118178 3517.619155 3518.120126 3518.320515 3520.324410 3521.115506 1 C 
  4 175 3 37 3 2 HL 1 55 +34 38 +54 0 0 0.457547 0 1 3522.127917 3522.628890 3523.129864 3523.330254 3525.334149 3525.791696 1 E 
  4 176 3 38 1 2 NL 0 113 +86 113 +66 0 1 0.861086 0 1 3526.803674 3527.304647 3527.805619 3528.006010 3530.009903 3530.870989 1 C 
  4 177 3 39 3 1 HN 0 179 +36 232 +36 0 1 0.412793 0 1 3531.896907 3532.397880 3532.898854 3533.099244 3535.103139 3535.515932 1 C 
  4 178 3 40 1 2 NL 0 172 +52 172 +72 0 1 0.435182 0 1 3536.539266 3537.040238 3537.541212 3537.741602 3539.745503 3540.180685 1 C 
  4 179 3 41 3 3 HH 1 176 +69 123 +9 1 1 0.507552 0 1 3541.198322 3541.699295 3542.200269 3542.400658 3544.404556 3544.912108 1 C 
  4 180 3 42 2 1 LN 0 62 +9 71 +9 0 1 0.401915 0 1 3545.924176 3546.425147 3546.926120 3547.126511 3549.130407 3549.532322 1 C 
  4 181 3 43 2 3 LH 1 123 +9 141 -51 1 1 0.618619 0 1 3550.549833 3551.050806 3551.551781 3551.752170 3553.756065 3554.374684 1 C 
  4 182 3 44 2 3 LH 1 127 +0 107 +60 0 0 0.746916 0 1 3555.392581 3555.893553 3556.394528 3556.594917 3558.598813 3559.345729 1 E 
  4 183 3 45 2 3 LH 1 75 +34 63 -26 1 1 0.513259 0 1 3560.368922 3560.869896 3561.370870 3561.571256 3563.575153 3564.088413 1 C 
  4 184 3 46 1 1 NN 0 70 +57 70 +57 0 1 0.824832 0 1 3565.111473 3565.612446 3566.113420 3566.313810 3568.317705 3569.142537 1 C 
  4 185 3 47 3 3 HH 1 106 -13 74 +47 1 1 1.888036 0 1 3570.154611 3570.655587 3571.156557 3571.356947 3573.360842 3575.248878 1 C 
  4 186 3 48 3 2 HL 1 91 -1 118 -21 1 1 1.052861 0 1 3576.266490 3576.767464 3577.268438 3577.468828 3579.472723 3580.525584 1 C 
  4 187 3 49 1 1 NN 0 163 +13 163 +13 0 1 1.737717 0 1 3581.543414 3582.044388 3582.545363 3582.745750 3584.749651 3586.487368 1 C 
  4 188 3 50 3 3 HH 1 75 -9 97 +51 1 1 0.674542 0 1 3587.505006 3588.005978 3588.506952 3588.707341 3590.711237 3591.385779 1 C 
  4 189 3 51 2 1 LN 0 156 +73 132 +73 0 1 0.657767 0 1 3592.397849 3592.898822 3593.399795 3593.600186 3595.604082 3596.261849 1 C 
  4 190 3 52 1 3 NH 0 103 +25 103 -35 1 0 1.184579 0 1 3597.273996 3597.774967 3598.275942 3598.476330 3600.480226 3601.664805 1 E 
  4 191 3 53 3 2 HL 1 58 +44 40 +64 1 1 0.774535 0 1 3602.684512 3603.185488 3603.686460 3603.886849 3605.890744 3606.665279 1 C 
  4 192 3 54 1 2 NL 0 93 -44 93 -24 0 1 0.446363 0 1 3607.677551 3608.178526 3608.679499 3608.879887 3610.883783 3611.330146 1 C 
  4 193 3 55 3 1 HN 0 132 -37 171 -37 0 1 1.000770 0 1 3612.353312 3612.854280 3613.355256 3613.555642 3615.559540 3616.560309 1 C 
  4 194 3 56 2 2 LL 1 164 -79 139 -59 0 0 0.852615 0 1 3617.580135 3618.081108 3618.582082 3618.782471 3620.786367 3621.638982 1 E 
  4 195 3 57 1 3 NH 0 155 -26 155 +34 0 1 1.097424 0 1 3622.656672 3623.157646 3623.658620 3623.859007 3625.862901 3626.960325 1 C 
  4 196 3 58 1 1 NN 0 56 -20 56 -20 0 1 0.635490 0 1 3627.983691 3628.484664 3628.985638 3629.186029 3631.189924 3631.825414 1 C 
  4 197 3 59 2 2 LL 1 120 -3 102 -23 0 0 0.802626 0 1 3632.843140 3633.344112 3633.845083 3634.045475 3636.049370 3636.851996 1 E 
  4 198 3 60 2 3 LH 1 151 -30 173 -90 1 1 1.061642 0 1 3637.869575 3638.370548 3638.871523 3639.071912 3641.075807 3642.137449 1 C 
  4 199 4  1 1 3 NH 0 179 -23 179 -83 0 1 0.685409 0 1 3660.880977 3661.381948 3661.882926 3662.083311 3664.087207 3664.772615 1 C 
  4 200 4  2 2 1 LN 0 145 +19 123 +19 0 1 1.136515 0 1 3665.790519 3666.291492 3666.792467 3666.992852 3668.996750 3670.133266 1 C 
  4 201 4  3 2 2 LL 1 66 -73 75 -53 0 0 0.446290 0 1 3671.150937 3671.651911 3672.152886 3672.353275 3674.357169 3674.803459 1 E 
  4 202 4  4 1 1 NN 0 172 -56 172 -56 0 1 0.527253 0 1 3675.826694 3676.327669 3676.828642 3677.029031 3679.032927 3679.560180 1 C 
  4 203 4  5 2 2 LL 1 151 +66 128 +86 1 1 0.529049 0 1 3680.585944 3681.086924 3681.587893 3681.788282 3683.792178 3684.321227 1 C 
  4 204 4  6 2 3 LH 1 138 +59 117 -1 0 0 1.125496 0 1 3685.345198 3685.846171 3686.347145 3686.547534 3688.551429 3689.676925 1 E 
  4 205 4  7 3 1 HN 0 168 -2 218 -2 0 1 0.473938 0 1 3690.688917 3691.189892 3691.690866 3691.891255 3693.895150 3694.369088 1 C 
  4 206 4  8 2 3 LH 1 80 +67 92 +7 1 1 1.304425 0 1 3695.381374 3695.882348 3696.383321 3696.583709 3698.587606 3699.892030 1 C 
  4 207 4  9 1 2 NL 0 178 -59 178 -79 1 0 1.342436 0 1 3700.908785 3701.409758 3701.910730 3702.111122 3704.115017 3705.457453 1 E 
  4 208 4 10 1 1 NN 0 129 +39 129 +39 0 1 0.474147 0 1 3706.469597 3706.970570 3707.471543 3707.671931 3709.675826 3710.149973 1 C 
  4 209 4 11 1 3 NH 0 177 +80 177 +20 1 0 1.994451 0 1 3711.162050 3711.663023 3712.163997 3712.364387 3714.368282 3716.362733 1 E 
  4 210 4 12 1 1 NN 0 174 -14 174 -14 0 1 1.103093 0 1 3717.374126 3717.875101 3718.376075 3718.576463 3720.580358 3721.683451 1 C 
  4 211 4 13 2 3 LH 1 95 +33 109 -27 1 1 2.192604 0 1 3722.701146 3723.202120 3723.703094 3723.903484 3725.907379 3728.099983 1 C 
  4 212 4 14 3 1 HN 0 164 -36 213 -36 0 1 0.943034 0 1 3729.113612 3729.614586 3730.115560 3730.315949 3732.319844 3733.262878 1 C 
  4 213 4 15 3 2 HL 1 72 -73 93 -53 0 0 2.026733 0 1 3734.273643 3734.774616 3735.275590 3735.475980 3737.479875 3739.506609 1 E 
  4 214 4 16 2 2 LL 1 171 +3 145 +23 0 0 1.426001 0 1 3740.519117 3741.020094 3741.521068 3741.721454 3743.725349 3745.151350 1 E 
  4 215 4 17 1 3 NH 0 168 -3 168 -63 1 0 1.305172 0 1 3746.163421 3746.664396 3747.165370 3747.365759 3749.369655 3750.674827 1 E 
  4 216 4 18 1 1 NN 0 75 +68 75 +68 0 1 0.529894 0 1 3751.690835 3752.191808 3752.692781 3752.893170 3754.897066 3755.426960 1 C 
  4 217 4 19 3 1 HN 0 150 -62 105 -62 0 1 0.552071 0 1 3756.450086 3756.951059 3757.452034 3757.652421 3759.656319 3760.208390 1 C 
  4 218 4 20 1 2 NL 0 100 -31 100 -51 0 1 0.518551 0 1 3761.226036 3761.727010 3762.227986 3762.428373 3764.432269 3764.950820 1 C 
  4 219 4 21 1 1 NN 0 162 -86 162 -86 0 1 0.663773 0 1 3765.968588 3766.469562 3766.970535 3767.170925 3769.174821 3769.838595 1 C 
  4 220 4 22 1 3 NH 0 179 +73 179 +13 1 0 0.925114 0 1 3770.861433 3771.362407 3771.863381 3772.063770 3774.067664 3774.992778 1 E 
  4 221 4 23 3 1 HN 0 177 -59 230 -59 0 1 0.908295 0 1 3776.004765 3776.505742 3777.006713 3777.207102 3779.210996 3780.119291 1 C 
  4 222 4 24 1 3 NH 0 66 +71 66 +11 1 0 0.924895 0 1 3781.131397 3781.632371 3782.133345 3782.333733 3784.337633 3785.262528 1 E 
  4 223 4 25 3 3 HH 1 68 -87 88 -27 1 1 0.901021 0 1 3786.274728 3786.775704 3787.276676 3787.477066 3789.480961 3790.381982 1 C 
  4 224 4 26 1 3 NH 0 166 -42 166 +18 1 0 1.535480 0 1 3791.401363 3791.902334 3792.403308 3792.603698 3794.607593 3796.143073 1 E 
  4 225 4 27 3 3 HH 1 80 +33 56 -27 0 0 0.652286 0 1 3797.162561 3797.663536 3798.164508 3798.364898 3800.368793 3801.021079 1 E 
  4 226 4 28 3 2 HL 1 137 -28 95 -48 0 0 0.524296 0 1 3802.038706 3802.539680 3803.040653 3803.241043 3805.244939 3805.769235 1 E 
  4 227 4 29 3 1 HN 0 82 +88 57 +88 0 1 0.835988 0 1 3806.781259 3807.282234 3807.783205 3807.983595 3809.987491 3810.823478 1 C 
  4 228 4 30 1 3 NH 0 108 +90 108 +30 1 0 0.808161 0 1 3811.841094 3812.342071 3812.843042 3813.043431 3815.047334 3815.855496 1 E 
  4 229 4 31 1 2 NL 0 130 +7 130 -13 0 1 1.470506 0 1 3816.867533 3817.368505 3817.869479 3818.069869 3820.073764 3821.544270 1 C 
  4 230 4 32 3 3 HH 1 166 -44 215 +16 0 0 0.023219 1 2 3822.561937 3823.062908 3823.563882 3823.764271 3825.768167 3825.791386 1 N 
  4 231 4 33 3 2 HL 1 123 +83 159 +63 0 0 1.957975 0 2 3829.358483 3829.859458 3830.360427 3830.560816 3832.564712 3834.522687 1 E 
  4 232 4 34 2 1 LN 0 171 +7 196 +7 0 1 1.178078 0 2 3835.537159 3836.038134 3836.539105 3836.739494 3838.743389 3839.921468 1 C 
  4 233 4 35 1 1 NN 0 87 +45 87 +45 0 1 1.048263 0 2 3840.947676 3841.448649 3841.949622 3842.150012 3844.153906 3845.202169 1 C 
  4 234 4 36 2 3 LH 1 97 +14 82 +74 1 1 1.466655 0 2 3846.224600 3846.725573 3847.226547 3847.426936 3849.430832 3850.897487 1 C 
  4 235 4 37 3 2 HL 1 129 +13 167 -7 1 1 1.290532 0 2 3851.919002 3852.419975 3852.920949 3853.121339 3855.125235 3856.415767 1 C 
  4 236 4 38 3 3 HH 1 161 +81 209 +21 1 1 1.303494 0 2 3857.429715 3857.930689 3858.431662 3858.632051 3860.635950 3861.939444 1 C 
  4 237 4 39 3 1 HN 0 68 +59 47 +59 0 1 1.319108 0 2 3862.957126 3863.458100 3863.959075 3864.159463 3866.163358 3867.482466 1 C 
  4 238 4 40 1 1 NN 0 54 -55 54 -55 0 1 2.125192 0 2 3868.501238 3869.002209 3869.503184 3869.703573 3871.707472 3873.832664 1 C 
  4 239 4 41 1 2 NL 0 87 +18 87 +38 0 1 1.043744 0 2 3874.846905 3875.347879 3875.848853 3876.049242 3878.053138 3879.096882 1 C 
  4 240 4 42 3 3 HH 1 99 +82 128 +22 1 1 1.428963 0 2 3880.123831 3880.624805 3881.125778 3881.326167 3883.330063 3884.759026 1 C 
  4 241 4 43 1 3 NH 0 135 +26 135 +86 1 0 1.835672 0 2 3885.784834 3886.285807 3886.786782 3886.987171 3888.991067 3890.826739 1 E 
  4 242 4 44 3 1 HN 0 106 -59 137 -59 0 1 1.023249 0 2 3891.846618 3892.347593 3892.848567 3893.048957 3895.052851 3896.076100 1 C 
  4 243 4 45 1 1 NN 0 139 +32 139 +32 0 1 1.193970 0 2 3897.090144 3897.591118 3898.092091 3898.292481 3900.296376 3901.490347 1 C 
  4 244 4 46 2 3 LH 1 174 +65 200 +5 1 1 0.783942 0 2 3902.517362 3903.018334 3903.519308 3903.719698 3905.723593 3906.507535 1 C 
  4 245 4 47 2 1 LN 0 106 +22 90 +22 0 1 0.490744 0 2 3907.527099 3908.028073 3908.529047 3908.729437 3910.733331 3911.224075 1 C 
  4 246 4 48 3 1 HN 0 123 -73 159 -73 0 1 0.533752 0 2 3912.236253 3912.737227 3913.238201 3913.438590 3915.442486 3915.976238 1 C 
  4 247 4 49 2 1 LN 0 83 -75 95 -75 0 1 0.545701 0 2 3916.995506 3917.496477 3917.997453 3918.197840 3920.201743 3920.747444 1 C 
  4 248 4 50 1 2 NL 0 152 -30 152 -50 0 1 0.407320 0 2 3921.771456 3922.272430 3922.773403 3922.973793 3924.977698 3925.385018 1 C 
  4 249 4 51 3 2 HL 1 100 +36 70 +16 1 1 1.048859 0 2 3926.397115 3926.898088 3927.399062 3927.599452 3929.603347 3930.652207 1 C 
  4 250 4 52 2 2 LL 1 78 +12 66 -8 0 0 1.949209 0 2 3931.674039 3932.175013 3932.675986 3932.876377 3934.880271 3936.829480 1 E 
  4 251 4 53 3 1 HN 0 113 +2 79 +2 0 1 0.798819 0 2 3937.852718 3938.353690 3938.854664 3939.055054 3941.058952 3941.857771 1 C 
  4 252 4 54 3 3 HH 1 110 -81 77 -21 1 1 1.509484 0 2 3942.879155 3943.380128 3943.881102 3944.081491 3946.085389 3947.594873 1 C 
  4 253 4 55 1 2 NL 0 77 +22 77 +42 0 1 1.736868 0 2 3948.606955 3949.107930 3949.608903 3949.809291 3951.813188 3953.550056 1 C 
  4 254 4 56 1 3 NH 0 152 -40 152 +20 1 0 0.838115 0 2 3954.568544 3955.069517 3955.570491 3955.770881 3957.774776 3958.612892 1 E 
  4 255 4 57 1 3 NH 0 122 -37 122 +23 1 0 1.481656 0 2 3959.628380 3960.129356 3960.630327 3960.830717 3962.834612 3964.316268 1 E 
  4 256 4 58 1 3 NH 0 168 -76 168 -16 1 0 1.548462 0 2 3965.339483 3965.840457 3966.341429 3966.541819 3968.545714 3970.094176 1 E 
  4 257 4 59 2 2 LL 1 161 +57 136 +77 0 0 1.227455 0 2 3971.117381 3971.618354 3972.119328 3972.319717 3974.323612 3975.551066 1 E 
  4 258 4 60 2 3 LH 1 87 +64 100 +4 1 1 0.884683 0 2 3976.577995 3977.078972 3977.579943 3977.780332 3979.784227 3980.668910 1 C 
  4 259 5  1 1 1 NN 0 77 -36 77 -36 1 0 2.405443 0 2 3995.464713 3995.965683 3996.466657 3996.667044 3998.670942 4001.076385 1 E 
  4 260 5  2 3 1 HN 0 143 +24 185 +24 0 1 1.511420 0 2 4002.094265 4002.595241 4003.096210 4003.296600 4005.300493 4006.811913 1 C 
  4 261 5  3 3 1 HN 0 112 -52 145 -52 0 1 0.440728 0 2 4007.838765 4008.339740 4008.840711 4009.041100 4011.044996 4011.485724 1 C 
  4 262 5  4 2 2 LL 1 79 +30 67 +10 0 0 0.579856 0 2 4012.497821 4012.998794 4013.499768 4013.700157 4015.704052 4016.283909 1 E 
  4 263 5  5 2 1 LN 0 57 -46 48 -46 0 1 0.572687 0 2 4017.307171 4017.808146 4018.309116 4018.509509 4020.513401 4021.086089 1 C 
  4 264 5  6 3 1 HN 0 126 +61 163 +61 1 0 0.772665 0 2 4022.099820 4022.600792 4023.101766 4023.302156 4025.306050 4026.078715 1 E 
  4 265 5  7 3 2 HL 1 88 -15 61 +5 0 0 2.291000 0 2 4027.092860 4027.593835 4028.094807 4028.295195 4030.299091 4032.590091 1 E 
  4 266 5  8 3 1 HN 0 157 +10 204 +10 0 1 1.032811 0 2 4033.605524 4034.106496 4034.607466 4034.807855 4036.811751 4037.844562 1 C 
  4 267 5  9 2 1 LN 0 140 -81 119 -81 0 1 0.660322 0 2 4038.865744 4039.366722 4039.867691 4040.068081 4042.071976 4042.732298 1 C 
  4 268 5 10 1 3 NH 0 96 -18 96 -78 1 0 0.856081 0 2 4043.758589 4044.259562 4044.760537 4044.960925 4046.964826 4047.820907 1 E 
  4 269 5 11 3 2 HL 1 63 +5 81 -15 0 0 1.091970 0 2 4048.835123 4049.336099 4049.837073 4050.037462 4052.041356 4053.133326 1 E 
  4 270 5 12 1 3 NH 0 115 +21 115 -39 0 1 2.401256 0 2 4054.145449 4054.646418 4055.147394 4055.347783 4057.351679 4059.752935 1 C 
  4 271 5 13 1 3 NH 0 61 +22 61 +82 0 1 1.002914 0 2 4060.775000 4061.275971 4061.776951 4061.977337 4063.981232 4064.984147 1 C 
  4 272 5 14 2 3 LH 1 95 +6 80 -54 0 0 0.700795 0 2 4066.001827 4066.502801 4067.003775 4067.204164 4069.208061 4069.908856 1 E 
  4 273 5 15 3 1 HN 0 108 +55 140 +55 0 1 0.490629 0 2 4070.928071 4071.429044 4071.930018 4072.130407 4074.134306 4074.624935 1 C 
  4 274 5 16 1 3 NH 0 64 +3 64 -57 1 0 0.898332 0 2 4075.637224 4076.138198 4076.639171 4076.839562 4078.843456 4079.741788 1 E 
  4 275 5 17 3 3 HH 1 87 -46 60 +14 1 1 0.796986 0 2 4080.763858 4081.264832 4081.765804 4081.966194 4083.970089 4084.767075 1 C 
  4 276 5 18 3 2 HL 1 103 -23 72 -3 1 1 1.484961 0 2 4085.790294 4086.291268 4086.792246 4086.992632 4088.996527 4090.481488 1 C 
  4 277 5 19 1 3 NH 0 74 +32 74 -28 0 1 0.829604 0 2 4091.501398 4092.002370 4092.503342 4092.703734 4094.707628 4095.537232 1 C 
  4 278 5 20 3 3 HH 1 179 +87 232 +27 1 1 0.843231 0 2 4096.561233 4097.062206 4097.563179 4097.763569 4099.767465 4100.610696 1 C 
  4 279 5 21 3 1 HN 0 71 +32 92 +32 1 0 0.874275 0 2 4101.637768 4102.138741 4102.639715 4102.840104 4104.843998 4105.718273 1 E 
  4 280 5 22 3 1 HN 0 175 -65 227 -65 0 1 0.841510 0 2 4106.731001 4107.231977 4107.732949 4107.933338 4109.937233 4110.778743 1 C 
  4 281 5 23 2 2 LL 1 88 -41 101 -61 0 0 0.573769 0 2 4111.790837 4112.291811 4112.792785 4112.993174 4114.997070 4115.570839 1 E 
  4 282 5 24 2 1 LN 0 86 +54 98 +54 0 1 0.780122 0 2 4116.583487 4117.084464 4117.585434 4117.785824 4119.789720 4120.569842 1 C 
  4 283 5 25 3 1 HN 0 125 -35 87 -35 0 1 0.641116 0 2 4121.593226 4122.094199 4122.595176 4122.795563 4124.799458 4125.440573 1 C 
  4 284 5 26 1 2 NL 0 85 +19 85 +39 1 0 0.407388 0 2 4126.452671 4126.953645 4127.454619 4127.655009 4129.658905 4130.066293 1 E 
  4 285 5 27 2 2 LL 1 139 +8 159 -12 1 1 0.807564 0 2 4131.078332 4131.579306 4132.080278 4132.280668 4134.284561 4135.092126 1 C 
  4 286 5 28 1 2 NL 0 120 -35 120 -15 0 1 0.861497 0 2 4136.104770 4136.605746 4137.106716 4137.307105 4139.311000 4140.172498 1 C 
  4 287 5 29 2 2 LL 1 115 +14 97 -6 0 0 0.880550 0 2 4141.198004 4141.698976 4142.199951 4142.400339 4144.404235 4145.284785 1 E 
  4 288 5 30 3 2 HL 1 108 +84 140 +64 0 0 0.713484 0 2 4146.307935 4146.808918 4147.309882 4147.510272 4149.514168 4150.227652 1 E 
  4 289 5 31 3 2 HL 1 98 -75 68 -55 1 1 1.259771 0 2 4151.250878 4151.751851 4152.252825 4152.453214 4154.457120 4155.716890 1 C 
  4 290 5 32 1 3 NH 0 55 -69 55 -9 0 1 2.889782 0 2 4156.728192 4157.229164 4157.730139 4157.930529 4159.934424 4162.824206 1 C 
  4 291 5 33 3 2 HL 1 85 -34 110 -14 0 0 0.851326 0 2 4163.842020 4164.342996 4164.843968 4165.044357 4167.048254 4167.899580 1 E 
  4 292 5 34 1 2 NL 0 102 -8 102 +12 0 1 0.971642 0 2 4168.918556 4169.419529 4169.920503 4170.120893 4172.124785 4173.096428 1 C 
  4 293 5 35 3 3 HH 1 143 -30 185 +30 1 1 0.746854 0 2 4174.111985 4174.612958 4175.113932 4175.314323 4177.318216 4178.065070 1 C 
  4 294 5 36 3 2 HL 1 55 -35 71 -55 0 0 0.507553 0 2 4179.088326 4179.589298 4180.090272 4180.290663 4182.294557 4182.802110 1 E 
  4 295 5 37 1 3 NH 0 57 -21 57 -81 0 1 0.646666 0 2 4183.814179 4184.315151 4184.816125 4185.016514 4187.020410 4187.667076 1 C 
  4 296 5 38 2 3 LH 1 120 -79 102 -19 0 0 1.402041 0 2 4188.690324 4189.191297 4189.692269 4189.892660 4191.896553 4193.298594 1 E 
  4 297 5 39 2 1 LN 0 137 +10 116 +10 0 1 0.496405 0 2 4194.317929 4194.818905 4195.319879 4195.520267 4197.524161 4198.020567 1 C 
  4 298 5 40 2 1 LN 0 171 -1 196 -1 0 1 0.578099 0 2 4199.043784 4199.544758 4200.045730 4200.246119 4202.250015 4202.828114 1 C 
  4 299 5 41 3 2 HL 1 89 +60 62 +80 1 1 0.672427 0 2 4203.853132 4204.354106 4204.855076 4205.055469 4207.059364 4207.731792 1 C 
  4 300 5 42 2 3 LH 1 116 +1 133 -59 1 1 1.598479 0 2 4208.745976 4209.246950 4209.747923 4209.948313 4211.952208 4213.550688 1 C 
  4 301 5 43 1 1 NN 0 119 -79 119 -79 0 1 1.643066 0 2 4214.573974 4215.074945 4215.575919 4215.776307 4217.780205 4219.423271 1 C 
  4 302 5 44 2 1 LN 0 76 -37 64 -37 0 1 0.457452 0 2 4220.435368 4220.936343 4221.437313 4221.637703 4223.641600 4224.099051 1 C 
  4 303 5 45 2 1 LN 0 82 -20 94 -20 0 1 0.551979 0 2 4225.111121 4225.612095 4226.113069 4226.313461 4228.317354 4228.869334 1 C 
  4 304 5 46 1 3 NH 0 127 +75 127 +15 0 1 1.870339 0 2 4229.887077 4230.388047 4230.889020 4231.089410 4233.093305 4234.963645 1 C 
  4 305 5 47 3 2 HL 1 105 +40 136 +20 0 0 0.474249 0 2 4235.982256 4236.483227 4236.984204 4237.184592 4239.188496 4239.662745 1 E 
  4 306 5 48 1 3 NH 0 162 -47 162 +13 0 1 1.182988 0 2 4240.674711 4241.175682 4241.676658 4241.877047 4243.880942 4245.063930 1 C 
  4 307 5 49 1 1 NN 0 164 -63 164 -63 0 1 0.546433 0 2 4246.085232 4246.586201 4247.087174 4247.287564 4249.291459 4249.837893 1 C 
  4 308 5 50 1 1 NN 0 120 +26 120 +26 0 1 0.835900 0 2 4250.861178 4251.362152 4251.863125 4252.063515 4254.067410 4254.903311 1 C 
  4 309 5 51 2 2 LL 1 102 -30 117 -10 0 0 1.008489 0 2 4255.921013 4256.421989 4256.922961 4257.123351 4259.127246 4260.135735 1 E 
  4 310 5 52 2 2 LL 1 68 -49 57 -29 0 0 0.652101 0 2 4261.147843 4261.648817 4262.149789 4262.350181 4264.354074 4265.006174 1 E 
  4 311 5 53 1 1 NN 0 101 -1 101 -1 0 1 0.538102 0 2 4266.023987 4266.524963 4267.025934 4267.226323 4269.230219 4269.768321 1 C 
  4 312 5 54 3 2 HL 1 54 -5 70 +15 1 1 1.553988 0 2 4270.783238 4271.284212 4271.785185 4271.985575 4273.989470 4275.543458 1 C 
  4 313 5 55 1 3 NH 0 61 +23 61 +83 1 0 0.980718 0 2 4276.561137 4277.062110 4277.563084 4277.763473 4279.767369 4280.748087 1 E 
  4 314 5 56 2 1 LN 0 76 +3 87 +3 0 1 1.303554 0 2 4281.771266 4282.272238 4282.773212 4282.973601 4284.977497 4286.281051 1 C 
  4 315 5 57 2 3 LH 1 101 +36 85 -24 0 0 1.542842 0 2 4287.298676 4287.799649 4288.300623 4288.501013 4290.504908 4292.047750 1 E 
  4 316 5 58 1 2 NL 0 88 -26 88 -6 0 1 0.930470 0 2 4293.059873 4293.560849 4294.061823 4294.262213 4296.266108 4297.196578 1 C 
  4 317 5 59 2 3 LH 1 71 +76 81 +16 1 1 0.830458 0 2 4298.219906 4298.720880 4299.221854 4299.422243 4301.426137 4302.256595 1 C 
  4 318 5 60 2 1 LN 0 67 -22 56 -22 0 1 0.562615 0 2 4303.279743 4303.780719 4304.281689 4304.482079 4306.485972 4307.048587 1 C 
  4 319 6  1 2 3 LH 1 59 -33 67 +27 0 0 0.301509 0 2 4324.220451 4324.721422 4325.222397 4325.422785 4327.426691 4327.728200 1 E 
  4 320 6  2 2 3 LH 1 96 -76 81 -16 0 0 0.629870 0 2 4328.745914 4329.246888 4329.747864 4329.948249 4331.952145 4332.582015 1 E 
  4 321 6  3 2 1 LN 0 118 +31 135 +31 0 1 0.890328 0 2 4333.605360 4334.106335 4334.607306 4334.807696 4336.811591 4337.701919 1 C 
  4 322 6  4 1 1 NN 0 108 -62 108 -62 0 1 0.422758 0 2 4338.715292 4339.216270 4339.717239 4339.917629 4341.921524 4342.344282 1 C 
  4 323 6  5 1 2 NL 0 102 -12 102 +8 1 0 0.589894 0 2 4343.357649 4343.858623 4344.359598 4344.559986 4346.563881 4347.153775 1 E 
  4 324 6  6 2 1 LN 0 127 +55 107 +55 0 1 0.444048 0 2 4348.167000 4348.667976 4349.168946 4349.369335 4351.373240 4351.817288 1 C 
  4 325 6  7 2 1 LN 0 120 -31 102 -31 0 1 0.423980 0 2 4352.842755 4353.343726 4353.844702 4354.045092 4356.048987 4356.472966 1 C 
  4 326 6  8 2 3 LH 1 79 -79 67 -19 1 1 0.891415 0 2 4357.485112 4357.986086 4358.487060 4358.687449 4360.691345 4361.582760 1 C 
  4 327 6  9 3 1 HN 0 82 +10 106 +10 1 0 1.086216 0 2 4362.595046 4363.096019 4363.596993 4363.797382 4365.801278 4366.887494 1 E 
  4 328 6 10 3 2 HL 1 154 +79 200 +59 0 0 0.650773 0 2 4367.905368 4368.406345 4368.907316 4369.107703 4371.111604 4371.762377 1 E 
  4 329 6 11 2 3 LH 1 70 +77 80 +17 1 1 1.079668 0 2 4372.781515 4373.282489 4373.783461 4373.983850 4375.987757 4377.067425 1 C 
  4 330 6 12 3 3 HH 1 94 -56 65 +4 1 1 1.270954 0 2 4378.091839 4378.592810 4379.093784 4379.294173 4381.298069 4382.569023 1 C 
  4 331 6 13 1 2 NL 0 93 +24 93 +4 0 1 1.247850 0 2 4383.585851 4384.086824 4384.587798 4384.788187 4386.792082 4388.039932 1 C 
  4 332 6 14 3 2 HL 1 90 +12 117 +32 1 1 0.710637 0 2 4389.063164 4389.564138 4390.065112 4390.265501 4392.269396 4392.980033 1 C 
  4 333 6 15 3 2 HL 1 138 +46 179 +66 1 1 1.115662 0 2 4394.006106 4394.507080 4395.008054 4395.208447 4397.212340 4398.328002 1 C 
  4 334 6 16 3 3 HH 1 81 -72 105 -12 1 1 0.936686 0 2 4399.349827 4399.850800 4400.351774 4400.552164 4402.556059 4403.492745 1 C 
  4 335 6 17 2 2 LL 1 160 -68 136 -48 0 0 1.380075 0 2 4404.509858 4405.010832 4405.511806 4405.712195 4407.716089 4409.096165 1 E 
  4 336 6 18 3 1 HN 0 55 -55 38 -55 0 1 0.355954 0 2 4410.120767 4410.621739 4411.122714 4411.323102 4413.326997 4413.682951 1 C 
  4 337 6 19 1 3 NH 0 157 -25 157 -85 0 1 1.131907 0 2 4414.696326 4415.197300 4415.698274 4415.898663 4417.902558 4419.034465 1 C 
  4 338 6 20 3 2 HL 1 55 +29 71 +9 1 1 0.850542 0 2 4420.056746 4420.557720 4421.058694 4421.259087 4423.262979 4424.113521 1 C 
  4 339 6 21 2 1 LN 0 127 +44 146 +44 0 1 0.668947 0 2 4425.133282 4425.634255 4426.135233 4426.335618 4428.339514 4429.008461 1 C 
  4 340 6 22 2 3 LH 1 161 -41 185 +19 1 1 1.699265 0 2 4430.026127 4430.527104 4431.028074 4431.228463 4433.232361 4434.931626 1 C 
  4 341 6 23 1 2 NL 0 68 -12 68 -32 0 1 0.451869 0 2 4435.954317 4436.455290 4436.956264 4437.156653 4439.160548 4439.612417 1 C 
  4 342 6 24 3 1 HN 0 129 +3 90 +3 0 1 0.602133 0 2 4440.630075 4441.131051 4441.632020 4441.832409 4443.836305 4444.438438 1 C 
  4 343 6 25 3 2 HL 1 65 -53 45 -33 0 0 0.783242 0 2 4445.456120 4445.957094 4446.458068 4446.658457 4448.662353 4449.445595 1 E 
  4 344 6 26 3 1 HN 0 83 +79 107 +79 0 1 1.081574 0 2 4450.465860 4450.966835 4451.467809 4451.668196 4453.672091 4454.753665 1 C 
  4 345 6 27 2 2 LL 1 173 -63 198 -43 0 0 1.213572 0 2 4455.776184 4456.277159 4456.778129 4456.978518 4458.982414 4460.195986 1 E 
  4 346 6 28 3 3 HH 1 73 +26 94 +86 1 1 0.832591 0 2 4461.220100 4461.721074 4462.222049 4462.422434 4464.426330 4465.258920 1 C 
  4 347 6 29 2 1 LN 0 147 +36 124 +36 0 1 0.485105 0 2 4466.279935 4466.780907 4467.281881 4467.482271 4469.486166 4469.971271 1 C 
  4 348 6 30 3 3 HH 1 90 +27 117 -33 0 0 0.956059 0 2 4470.989089 4471.490061 4471.991035 4472.191424 4474.195320 4475.151379 1 E 
  4 349 6 31 3 1 HN 0 71 +26 92 +26 0 1 0.466276 0 2 4476.165822 4476.666793 4477.167765 4477.368154 4479.372048 4479.838324 1 C 
  4 350 6 32 1 1 NN 0 147 -27 147 -27 0 1 0.643940 0 2 4480.858279 4481.359246 4481.860220 4482.060609 4484.064505 4484.708445 1 C 
  4 351 6 33 2 3 LH 1 102 +74 86 +14 0 0 0.713376 0 2 4485.734417 4486.235392 4486.736366 4486.936756 4488.940650 4489.654026 1 E 
  4 352 6 34 2 3 LH 1 81 +35 68 -25 0 0 0.663389 0 2 4490.677360 4491.178336 4491.679306 4491.879697 4493.883592 4494.546982 1 E 
  4 353 6 35 1 2 NL 0 125 -74 125 -54 0 1 0.479638 0 2 4495.570206 4496.071180 4496.572152 4496.772542 4498.776437 4499.256075 1 C 
  4 354 6 36 1 2 NL 0 144 -42 144 -22 1 0 1.222498 0 2 4500.279359 4500.780332 4501.281308 4501.481695 4503.485590 4504.708088 1 E 
  4 355 6 37 1 2 NL 0 85 -78 85 -58 0 1 0.485176 0 2 4505.723274 4506.224248 4506.725223 4506.925612 4508.929507 4509.414683 1 C 
  4 356 6 38 1 2 NL 0 80 +10 80 -10 0 1 0.968793 0 2 4510.432428 4510.933402 4511.434376 4511.634766 4513.638661 4514.607454 1 C 
  4 357 6 39 2 2 LL 1 62 -88 71 -68 0 0 1.843453 0 2 4515.625859 4516.126831 4516.627805 4516.828194 4518.832090 4520.675543 1 E 
  4 358 6 40 2 2 LL 1 115 -81 132 -61 0 0 1.902580 0 2 4521.687643 4522.188615 4522.689589 4522.889977 4524.893873 4526.796453 1 E 
  4 359 6 41 3 2 HL 1 113 +56 79 +76 1 1 0.858255 0 2 4527.816226 4528.317194 4528.818168 4529.018558 4531.022453 4531.880708 1 C 
  4 360 6 42 2 1 LN 0 86 +24 98 +24 0 1 0.813480 0 2 4532.892756 4533.393731 4533.894705 4534.095094 4536.098988 4536.912468 1 C 
  4 361 6 43 2 1 LN 0 139 -69 118 -69 0 1 1.030917 0 2 4537.935895 4538.436867 4538.937841 4539.138230 4541.142123 4542.173041 1 C 
  4 362 6 44 1 3 NH 0 136 +79 136 +19 0 1 1.426004 0 2 4543.196119 4543.697092 4544.198066 4544.398455 4546.402351 4547.828355 1 C 
  4 363 6 45 2 3 LH 1 57 -72 48 -12 0 0 1.207522 0 2 4548.840425 4549.341398 4549.842375 4550.042761 4552.046660 4553.254182 1 E 
  4 364 6 46 3 2 HL 1 57 +31 74 +51 1 1 2.748848 0 2 4554.267641 4554.768614 4555.269588 4555.469977 4557.473873 4560.222721 1 C 
  4 365 6 47 3 3 HH 1 128 -89 166 -29 1 1 0.652301 0 2 4561.247878 4561.748850 4562.249824 4562.450213 4564.454106 4565.106407 1 C 
  4 366 6 48 2 3 LH 1 155 -32 178 +28 1 1 0.752292 0 2 4566.124021 4566.624996 4567.125971 4567.326359 4569.330254 4570.082546 1 C 
  4 367 6 49 3 3 HH 1 137 +37 95 -23 0 0 0.972676 0 2 4571.100363 4571.601336 4572.102309 4572.302698 4574.306596 4575.279273 1 E 
  4 368 6 50 1 3 NH 0 133 -4 133 +56 0 1 0.858173 0 2 4576.293791 4576.794764 4577.295740 4577.496128 4579.500021 4580.358194 1 C 
  4 369 6 51 2 3 LH 1 56 -61 47 -1 0 0 1.977999 0 2 4581.370330 4581.871300 4582.372274 4582.572662 4584.576558 4586.554557 1 E 
  4 370 6 52 2 3 LH 1 115 -84 97 -24 1 1 1.659750 0 2 4587.565703 4588.066676 4588.567654 4588.768037 4590.771935 4592.431685 1 C 
  4 371 6 53 2 1 LN 0 59 -42 50 -42 0 1 1.153227 0 2 4593.443796 4593.944769 4594.445743 4594.646133 4596.650029 4597.803256 1 C 
  4 372 6 54 2 2 LL 1 126 +83 107 +63 0 0 2.461317 0 2 4598.820916 4599.321889 4599.822863 4600.023252 4602.027147 4604.488464 1 E 
  4 373 6 55 2 3 LH 1 73 -66 62 -6 0 0 5.567372 0 2 4605.500568 4606.001540 4606.502514 4606.702903 4608.706799 4614.274171 1 E 
  4 374 6 56 3 2 HL 1 147 +75 191 +55 0 0 0.877983 0 2 4615.286256 4615.787229 4616.288203 4616.488593 4618.492488 4619.370472 1 E 
  4 375 6 57 2 3 LH 1 180 -3 153 -63 0 0 1.949217 0 2 4620.396189 4620.897163 4621.398136 4621.598525 4623.602421 4625.551638 1 E 
  4 376 6 58 2 2 LL 1 59 +51 50 +31 0 0 0.946356 0 2 4626.574866 4627.075841 4627.576814 4627.777203 4629.781098 4630.727455 1 E 
  4 377 6 59 2 3 LH 1 174 -10 147 -70 0 0 0.595130 0 2 4631.751596 4632.252573 4632.753544 4632.953933 4634.957828 4635.552958 1 E 
  4 378 6 60 2 2 LL 1 60 -64 69 -44 1 1 1.515122 0 2 4636.577644 4637.078618 4637.579591 4637.779981 4639.783876 4641.298998 1 C 
