 22   1 0 43 2 2 LL 1 79 -69 55 -34 0 0 2.156122 0 0 93449.216814 93449.718538 93450.220270 93450.420963 93452.427888 93454.584010 1 E 
 22   2 0 44 1 2 NL 0 103 +63 103 +28 0 1 3.728554 0 0 93455.605517 93456.107248 93456.608980 93456.809671 93458.816596 93462.545150 1 C 
 22   3 0 45 1 1 NN 0 72 +64 72 +64 0 1 5.614596 0 0 93463.566316 93464.068048 93464.569778 93464.770470 93466.777396 93472.391992 1 C 
 22   4 0 46 3 3 HH 1 133 -90 199 -20 1 1 1.306506 0 0 93473.416968 93473.918699 93474.420434 93474.621121 93476.628046 93477.934552 1 C 
 22   5 0 47 1 2 NL 0 145 +28 145 -7 0 1 2.516664 0 0 93478.952733 93479.454461 93479.956192 93480.156887 93482.163811 93484.680475 1 C 
 22   6 0 48 3 3 HH 1 176 -68 88 +2 1 1 1.510816 0 0 93485.692652 93486.194383 93486.696111 93486.896805 93488.903728 93490.414544 1 C 
 22   7 0 49 3 3 HH 1 104 +84 156 +14 1 1 1.328867 0 0 93491.429109 93491.930838 93492.432575 93492.633265 93494.640187 93495.969055 1 C 
 22   8 0 50 2 2 LL 1 117 -25 152 -60 0 0 1.526494 0 0 93496.981601 93497.483334 93497.985065 93498.185751 93500.192678 93501.719172 1 E 
 22   9 0 51 1 3 NH 0 118 +4 118 +74 1 0 1.216988 0 0 93502.734780 93503.236512 93503.738244 93503.938932 93505.945859 93507.162847 1 E 
 22  10 0 52 1 1 NN 0 130 -10 130 -10 0 1 1.113424 0 0 93508.186925 93508.688657 93509.190387 93509.391078 93511.398003 93512.511427 1 C 
 22  11 0 53 2 1 LN 0 122 -57 158 -57 0 1 1.180238 0 0 93513.521996 93514.023736 93514.525459 93514.726152 93516.733076 93517.913314 1 C 
 22  12 0 54 1 1 NN 0 175 -16 175 -16 0 1 1.074963 0 0 93518.923968 93519.425703 93519.927430 93520.128120 93522.135045 93523.210008 1 C 
 22  13 0 55 3 3 HH 1 110 +70 55 +0 1 1 1.119016 0 0 93524.225592 93524.727324 93525.229053 93525.429745 93527.436669 93528.555685 1 C 
 22  14 0 56 1 3 NH 0 139 -6 139 +64 1 0 0.975818 0 0 93529.577389 93530.079121 93530.580851 93530.781542 93532.788470 93533.764288 1 E 
 22  15 0 57 1 3 NH 0 89 +38 89 -32 1 0 3.476489 0 0 93534.778673 93535.280400 93535.782132 93535.982820 93537.989744 93541.466233 1 E 
 22  16 0 58 1 1 NN 0 108 -73 108 -73 0 1 1.416661 0 0 93542.488600 93542.990330 93543.492058 93543.692753 93545.699679 93547.116340 1 C 
 22  17 0 59 2 3 LH 1 129 +51 90 -19 1 1 3.299432 0 0 93548.141435 93548.643167 93549.144897 93549.345589 93551.352515 93554.651947 1 C 
 22  18 0 60 3 3 HH 1 87 -42 43 +28 1 1 1.582323 0 0 93555.667400 93556.169130 93556.670862 93556.871553 93558.878480 93560.460803 1 C 
 22  19 1  1 1 1 NN 0 169 +29 169 +29 0 1 1.443844 0 0 93566.153578 93566.655308 93567.157039 93567.357731 93569.364655 93570.808499 1 C 
 22  20 1  2 1 1 NN 0 149 -57 149 -57 0 1 1.482762 0 0 93571.823138 93572.324868 93572.826606 93573.027291 93575.034212 93576.516974 1 C 
 22  21 1  3 2 2 LL 1 157 +19 204 -16 0 0 1.618858 0 0 93577.526146 93578.027873 93578.529608 93578.730299 93580.737224 93582.356082 1 E 
 22  22 1  4 3 2 HL 1 168 +8 84 +43 0 0 1.234428 0 0 93583.379675 93583.881405 93584.383136 93584.583828 93586.590753 93587.825181 1 E 
 22  23 1  5 3 3 HH 1 156 -20 78 +50 1 1 1.542834 0 0 93588.848542 93589.350275 93589.852003 93590.052695 93592.059619 93593.602453 1 C 
 22  24 1  6 2 2 LL 1 61 +17 79 +52 1 1 2.181296 0 0 93594.618447 93595.120181 93595.621912 93595.822602 93597.829529 93600.010824 1 C 
 22  25 1  7 3 3 HH 1 87 -51 130 +19 1 1 1.361223 0 0 93601.023880 93601.525608 93602.027342 93602.228034 93604.234961 93605.596184 1 C 
 22  26 1  8 3 2 HL 1 91 +18 136 -17 1 1 1.432915 0 0 93606.609818 93607.111550 93607.613281 93607.813972 93609.820896 93611.253811 1 C 
 22  27 1  9 1 1 NN 0 180 -76 180 -76 0 1 1.201426 0 0 93612.262654 93612.764387 93613.266116 93613.466809 93615.473732 93616.675158 1 C 
 22  28 1 10 3 3 HH 1 110 -67 55 +3 1 1 1.118504 0 0 93617.698072 93618.199804 93618.701537 93618.902226 93620.909151 93622.027655 1 C 
 22  29 1 11 2 2 LL 1 56 +85 72 +50 1 1 1.134887 0 0 93623.049870 93623.551612 93624.053333 93624.254025 93626.260951 93627.395838 1 C 
 22  30 1 12 1 3 NH 0 165 +24 165 -46 1 0 1.157243 0 0 93628.418392 93628.920126 93629.421854 93629.622545 93631.629470 93632.786713 1 E 
 22  31 1 13 1 1 NN 0 126 +22 126 +22 0 1 1.119107 0 0 93633.803638 93634.305371 93634.807102 93635.007792 93637.014716 93638.133823 1 C 
 22  32 1 14 3 3 HH 1 114 +51 57 -19 1 1 1.377705 0 0 93639.155436 93639.657166 93640.158900 93640.359588 93642.366512 93643.744217 1 C 
 22  33 1 15 2 3 LH 1 60 +88 78 +18 1 1 1.035999 0 0 93644.758097 93645.259830 93645.761557 93645.962251 93647.969175 93649.005174 1 C 
 22  34 1 16 2 3 LH 1 93 -77 65 -7 1 1 2.027200 0 0 93650.026272 93650.528007 93651.029733 93651.230426 93653.237350 93655.264550 1 C 
 22  35 1 17 3 1 HN 0 162 +50 81 +50 0 1 1.603091 0 0 93656.281186 93656.782925 93657.284650 93657.485339 93659.492266 93661.095357 1 C 
 22  36 1 18 2 3 LH 1 131 +7 170 -63 1 1 1.190961 0 0 93662.117989 93662.619720 93663.121451 93663.322143 93665.329070 93666.520030 1 C 
 22  37 1 19 2 1 LN 0 65 -31 45 -31 1 0 1.779628 0 0 93667.536684 93668.038412 93668.540142 93668.740837 93670.747761 93672.527390 1 E 
 22  38 1 20 3 2 HL 1 86 -49 129 -14 1 1 1.223543 0 0 93673.540731 93674.042464 93674.544200 93674.744889 93676.751809 93677.975351 1 C 
 22  39 1 21 2 1 LN 0 100 -30 130 -30 0 1 1.520471 0 0 93678.992875 93679.494607 93679.996339 93680.197027 93682.203952 93683.724423 1 C 
 22  40 1 22 3 2 HL 1 101 -38 151 -73 1 1 2.544951 0 0 93684.746056 93685.247788 93685.749520 93685.950210 93687.957136 93690.502087 1 C 
 22  41 1 23 3 3 HH 1 177 -48 265 +22 1 1 1.295405 0 0 93691.519426 93692.021158 93692.522891 93692.723579 93694.730502 93696.025907 1 C 
 22  42 1 24 2 2 LL 1 87 +15 113 -20 1 1 1.812101 0 0 93697.038466 93697.540204 93698.041925 93698.242619 93700.249546 93702.061647 1 C 
 22  43 1 25 2 2 LL 1 89 -16 62 -51 0 0 1.443096 0 0 93703.075962 93703.577693 93704.079421 93704.280116 93706.287039 93707.730136 1 E 
 22  44 1 26 1 3 NH 0 180 +61 180 -9 1 0 1.411089 0 0 93708.745521 93709.247258 93709.748983 93709.949673 93711.956599 93713.367687 1 E 
 22  45 1 27 3 2 HL 1 88 +43 132 +78 0 0 1.190340 0 0 93714.381633 93714.883366 93715.385094 93715.585787 93717.592714 93718.783054 1 E 
 22  46 1 28 1 3 NH 0 72 -89 72 -19 1 0 0.942291 0 0 93719.800328 93720.302060 93720.803790 93721.004482 93723.011406 93723.953697 1 E 
 22  47 1 29 2 2 LL 1 177 -50 123 -15 0 0 1.779695 0 0 93724.968157 93725.469890 93725.971619 93726.172309 93728.179237 93729.958932 1 E 
 22  48 1 30 2 1 LN 0 178 +84 124 +84 0 1 1.190521 0 0 93730.972204 93731.473935 93731.975666 93732.176358 93734.183282 93735.373804 1 C 
 22  49 1 31 3 1 HN 0 83 +87 41 +87 0 1 1.565230 0 0 93736.390899 93736.892629 93737.394364 93737.595053 93739.601977 93741.167206 1 C 
 22  50 1 32 1 2 NL 0 176 -53 176 -88 1 0 1.377714 0 0 93742.177529 93742.679260 93743.180988 93743.381684 93745.388609 93746.766323 1 E 
 22  51 1 33 3 3 HH 1 87 -26 130 +44 1 1 1.300006 0 0 93747.780192 93748.281923 93748.783653 93748.984344 93750.991273 93752.291278 1 C 
 22  52 1 34 2 2 LL 1 138 +18 179 -17 1 1 1.135622 0 0 93753.315958 93753.817690 93754.319428 93754.520111 93756.527035 93757.662657 1 C 
 22  53 1 35 3 3 HH 1 68 -5 102 +65 1 1 1.195486 0 0 93758.684479 93759.186214 93759.687941 93759.888633 93761.895559 93763.091046 1 C 
 22  54 1 36 2 2 LL 1 80 -10 104 +25 1 1 1.190279 0 0 93764.103178 93764.604905 93765.106635 93765.307326 93767.314251 93768.504530 1 C 
 22  55 1 37 3 2 HL 1 97 +38 48 +3 0 0 1.372230 0 0 93769.521867 93770.023599 93770.525330 93770.726022 93772.732948 93774.105178 1 E 
 22  56 1 38 3 2 HL 1 137 +24 205 +59 1 1 1.123893 0 0 93775.124531 93775.626261 93776.127992 93776.328684 93778.335606 93779.459499 1 C 
 22  57 1 39 1 1 NN 0 143 +67 143 +67 0 1 1.290021 0 0 93780.476327 93780.978060 93781.479790 93781.680481 93783.687405 93784.977425 1 C 
 22  58 1 40 2 1 LN 0 108 +41 75 +41 0 1 1.179714 0 0 93785.995368 93786.497097 93786.998830 93787.199522 93789.206446 93790.386160 1 C 
 22  59 1 41 3 3 HH 1 129 -5 64 +65 1 1 1.058612 0 0 93791.397338 93791.899069 93792.400800 93792.601491 93794.608417 93795.667028 1 C 
 22  60 1 42 2 3 LH 1 104 -70 72 +0 1 1 1.383081 0 0 93796.682238 93797.183969 93797.685704 93797.886389 93799.893314 93801.276394 1 C 
 22  61 1 43 3 2 HL 1 75 +49 112 +14 0 0 1.388572 0 0 93802.301625 93802.803360 93803.305089 93803.505779 93805.512703 93806.901275 1 E 
 22  62 1 44 3 1 HN 0 178 +5 89 +5 0 1 1.301448 0 0 93807.921011 93808.422743 93808.924474 93809.125165 93811.132087 93812.433535 1 C 
 22  63 1 45 1 3 NH 0 81 -79 81 -9 1 0 1.532872 0 0 93813.456777 93813.958505 93814.460241 93814.660931 93816.667854 93818.200726 1 E 
 22  64 1 46 1 2 NL 0 129 +24 129 -11 0 1 1.543384 0 0 93819.209959 93819.711690 93820.213421 93820.414113 93822.421037 93823.964421 1 C 
 22  65 1 47 1 2 NL 0 89 +35 89 +70 0 1 1.322981 0 0 93824.979865 93825.481597 93825.983327 93826.184016 93828.190941 93829.513922 1 C 
 22  66 1 48 3 3 HH 1 79 +17 118 -53 1 1 1.156599 0 0 93830.532355 93831.034095 93831.535813 93831.736509 93833.743435 93834.900034 1 C 
 22  67 1 49 3 2 HL 1 66 -20 99 +15 1 1 1.261692 0 0 93835.917603 93836.419338 93836.921065 93837.121752 93839.128681 93840.390374 1 C 
 22  68 1 50 1 1 NN 0 122 +81 122 +81 0 1 1.179927 0 0 93841.403192 93841.904926 93842.406657 93842.607347 93844.614270 93845.794197 1 C 
 22  69 1 51 2 3 LH 1 133 +8 93 +78 1 1 1.036219 0 0 93846.805162 93847.306894 93847.808622 93848.009324 93850.016241 93851.052460 1 C 
 22  70 1 52 2 1 LN 0 61 +1 42 +1 1 0 1.063145 0 0 93852.073338 93852.575071 93853.076798 93853.277491 93855.284415 93856.347560 1 E 
 22  71 1 53 2 3 LH 1 133 -5 172 -75 1 1 0.865236 0 0 93857.358238 93857.859974 93858.361698 93858.562391 93860.569318 93861.434554 1 C 
 22  72 1 54 2 1 LN 0 143 +8 100 +8 0 1 1.239143 0 0 93862.459169 93862.960900 93863.462631 93863.663323 93865.670245 93866.909388 1 C 
 22  73 1 55 3 3 HH 1 171 -30 256 +40 1 1 0.970218 0 0 93867.928037 93868.429765 93868.931501 93869.132191 93871.139115 93872.109334 1 C 
 22  74 1 56 1 2 NL 0 93 +83 93 +48 0 1 0.959050 0 0 93873.129315 93873.631044 93874.132778 93874.333469 93876.340393 93877.299443 1 C 
 22  75 1 57 1 2 NL 0 98 +50 98 +15 0 1 1.058249 0 0 93878.313869 93878.815599 93879.317333 93879.518023 93881.524946 93882.583196 1 C 
 22  76 1 58 3 2 HL 1 144 -10 72 +25 0 0 1.212217 0 0 93883.598768 93884.100500 93884.602228 93884.802922 93886.809849 93888.022066 1 E 
 22  77 1 59 3 1 HN 0 147 +64 220 +64 0 1 1.437888 0 0 93889.034186 93889.535919 93890.037651 93890.238341 93892.245268 93893.683156 1 C 
 22  78 1 60 3 3 HH 1 78 +25 117 -45 1 1 0.888516 0 0 93894.703748 93895.205478 93895.707212 93895.907901 93897.914825 93898.803342 1 C 
 22  79 2  1 2 2 LL 1 123 +15 159 +50 1 1 1.150790 0 0 93908.518076 93909.019805 93909.521532 93909.722230 93911.729161 93912.879951 1 C 
 22  80 2  2 1 1 NN 0 89 -13 89 -13 0 1 1.052278 0 0 93913.903319 93914.405048 93914.906783 93915.107474 93917.114397 93918.166676 1 C 
 22  81 2  3 1 2 NL 0 103 +2 103 +37 1 0 1.596853 0 0 93919.188219 93919.689955 93920.191680 93920.392373 93922.399295 93923.996148 1 E 
 22  82 2  4 1 3 NH 0 98 -59 98 +11 0 1 1.267169 0 0 93925.008298 93925.510028 93926.011760 93926.212453 93928.219375 93929.486545 1 C 
 22  83 2  5 2 2 LL 1 101 -29 70 -64 0 0 1.261895 0 0 93930.510615 93931.012347 93931.514076 93931.714769 93933.721695 93934.983591 1 E 
 22  84 2  6 2 2 LL 1 82 -11 106 +24 1 1 1.118806 0 0 93935.996207 93936.497939 93936.999677 93937.200360 93939.207285 93940.326092 1 C 
 22  85 2  7 2 1 LN 0 118 -22 153 -22 0 1 1.278243 0 0 93941.348004 93941.849738 93942.351466 93942.552158 93944.559084 93945.837328 1 C 
 22  86 2  8 3 2 HL 1 75 -23 112 -58 0 0 1.151614 0 0 93946.850322 93947.352049 93947.853781 93948.054475 93950.061398 93951.213012 1 E 
 22  87 2  9 2 2 LL 1 142 +12 99 +47 0 0 1.074635 0 0 93952.235567 93952.737299 93953.239028 93953.439720 93955.446645 93956.521279 1 E 
 22  88 2 10 1 1 NN 0 126 -54 126 -54 0 1 0.926243 0 0 93957.537190 93958.038933 93958.540655 93958.741344 93960.748268 93961.674511 1 C 
 22  89 2 11 3 3 HH 1 104 -79 156 -9 1 1 1.130221 0 0 93962.688296 93963.190026 93963.691759 93963.892450 93965.899373 93967.029595 1 C 
 22  90 2 12 3 3 HH 1 176 +39 88 -31 1 1 1.179443 0 0 93968.040093 93968.541825 93969.043558 93969.244246 93971.251172 93972.430615 1 C 
 22  91 2 13 2 2 LL 1 79 -41 102 -76 0 0 1.201264 0 0 93973.442062 93973.943793 93974.445524 93974.646216 93976.653143 93977.854406 1 E 
 22  92 2 14 1 2 NL 0 147 -2 147 +33 1 0 0.749913 0 0 93978.877482 93979.379212 93979.880943 93980.081635 93982.088559 93982.838472 1 E 
 22  93 2 15 2 3 LH 1 166 +62 215 -8 1 1 1.201035 0 0 93983.861344 93984.363073 93984.864804 93985.065497 93987.072421 93988.273455 1 C 
 22  94 2 16 2 3 LH 1 60 +51 78 -19 1 1 0.782598 0 0 93989.296759 93989.798492 93990.300225 93990.500913 93992.507843 93993.290441 1 C 
 22  95 2 17 1 3 NH 0 84 +28 84 -42 0 1 1.603031 0 0 93994.314071 93994.815804 93995.317536 93995.518225 93997.525149 93999.128180 1 C 
 22  96 2 18 1 1 NN 0 176 -42 176 -42 0 1 1.129473 0 0 94000.150875 94000.652607 94001.154337 94001.355028 94003.361953 94004.491426 1 C 
 22  97 2 19 1 3 NH 0 180 +64 180 -6 1 0 0.992081 0 0 94005.502672 94006.004403 94006.506134 94006.706825 94008.713750 94009.705831 1 E 
 22  98 2 20 3 1 HN 0 119 -20 178 -20 0 1 1.272127 0 0 94010.720674 94011.222409 94011.724134 94011.924828 94013.931753 94015.203880 1 C 
 22  99 2 21 2 3 LH 1 158 -71 110 -1 1 1 0.882239 0 0 94016.222991 94016.724723 94017.226452 94017.427144 94019.434069 94020.316308 1 C 
 22 100 2 22 1 3 NH 0 165 +24 165 -46 1 0 1.123408 0 0 94021.340646 94021.842375 94022.344108 94022.544799 94024.551727 94025.675135 1 E 
 22 101 2 23 1 2 NL 0 74 -1 74 -36 0 1 1.416770 0 0 94026.692443 94027.194174 94027.695907 94027.896597 94029.903524 94031.320293 1 C 
 22 102 2 24 1 2 NL 0 68 +88 68 +53 0 1 1.141696 0 0 94032.345279 94032.847012 94033.348739 94033.549435 94035.556357 94036.698054 1 C 
 22 103 2 25 3 2 HL 1 99 +18 49 +53 1 1 1.300805 0 0 94037.713800 94038.215535 94038.717263 94038.917954 94040.924879 94042.225684 1 C 
 22 104 2 26 2 2 LL 1 125 -36 87 -71 1 1 1.311249 0 0 94043.249567 94043.751297 94044.253026 94044.453720 94046.460647 94047.771896 1 C 
 22 105 2 27 2 3 LH 1 61 -7 42 -77 1 1 0.936549 0 0 94048.785331 94049.287062 94049.788795 94049.989485 94051.996409 94052.932958 1 C 
 22 106 2 28 1 2 NL 0 132 +63 132 +28 0 1 1.135394 0 0 94053.953160 94054.454900 94054.956625 94055.157315 94057.164239 94058.299633 1 C 
 22 107 2 29 2 3 LH 1 133 -59 93 +11 1 1 0.903919 0 0 94059.321684 94059.823416 94060.325143 94060.525836 94062.532760 94063.436679 1 C 
 22 108 2 30 2 3 LH 1 110 +52 143 -18 1 1 0.920627 0 0 94064.456063 94064.957798 94065.459523 94065.660218 94067.667140 94068.587767 1 C 
 22 109 2 31 1 1 NN 0 122 -67 122 -67 0 1 1.334518 0 0 94069.607167 94070.108897 94070.610629 94070.811321 94072.818245 94074.152764 1 C 
 22 110 2 32 2 3 LH 1 76 -87 53 -17 1 1 0.871306 0 0 94075.176381 94075.678112 94076.179845 94076.380535 94078.387458 94079.258764 1 C 
 22 111 2 33 2 1 LN 0 158 -50 110 -50 0 1 1.267694 0 0 94080.277312 94080.779043 94081.280774 94081.481466 94083.488390 94084.756084 1 C 
 22 112 2 34 3 3 HH 1 101 -45 151 +25 1 1 0.981033 0 0 94085.779629 94086.281362 94086.783091 94086.983782 94088.990705 94089.971738 1 C 
 22 113 2 35 2 2 LL 1 148 +55 192 +20 0 0 1.073980 0 0 94090.980906 94091.482635 94091.984367 94092.185060 94094.191984 94095.265964 1 E 
 22 114 2 36 1 2 NL 0 120 -26 120 -61 1 0 1.392821 0 0 94096.282530 94096.784264 94097.285993 94097.486685 94099.493609 94100.886430 1 E 
 22 115 2 37 3 1 HN 0 97 +23 48 +23 0 1 0.964331 0 0 94101.901919 94102.403651 94102.905384 94103.106072 94105.112995 94106.077326 1 C 
 22 116 2 38 1 2 NL 0 84 +40 84 +5 0 1 1.581515 0 0 94107.086471 94107.588203 94108.089938 94108.290624 94110.297549 94111.879064 1 C 
 22 117 2 39 2 2 LL 1 163 -86 211 -51 0 0 2.638900 0 0 94112.889827 94113.391558 94113.893290 94114.093982 94116.100904 94118.739804 1 E 
 22 118 2 40 3 2 HL 1 55 -24 27 +11 1 1 1.102290 0 0 94119.763538 94120.265274 94120.767003 94120.967695 94122.974628 94124.076918 1 C 
 22 119 2 41 1 3 NH 0 82 +54 82 -16 0 1 1.481635 0 0 94125.098612 94125.600346 94126.102079 94126.302767 94128.309694 94129.791328 1 C 
 22 120 2 42 3 2 HL 1 82 -41 123 -76 1 1 1.080558 0 0 94130.801622 94131.303353 94131.805087 94132.005777 94134.012700 94135.093258 1 C 
 22 121 2 43 2 3 LH 1 80 -68 104 +2 1 1 1.217913 0 0 94136.103246 94136.604982 94137.106705 94137.307400 94139.314324 94140.532237 1 C 
 22 122 2 44 1 1 NN 0 150 -10 150 -10 0 1 1.284866 0 0 94141.555389 94142.057117 94142.558853 94142.759543 94144.766470 94146.051336 1 C 
 22 123 2 45 1 1 NN 0 89 +48 89 +48 0 1 1.134659 0 0 94147.074431 94147.576164 94148.077891 94148.278584 94150.285511 94151.420170 1 C 
 22 124 2 46 2 2 LL 1 134 +86 93 +51 1 1 1.262058 0 0 94152.442951 94152.944683 94153.446414 94153.647105 94155.654030 94156.916088 1 C 
 22 125 2 47 3 2 HL 1 66 +68 99 +33 0 0 1.168149 0 0 94157.928543 94158.430277 94158.932006 94159.132698 94161.139622 94162.307771 1 E 
 22 126 2 48 2 3 LH 1 103 -5 133 +65 1 1 1.095031 0 0 94163.330514 94163.832249 94164.333978 94164.534668 94166.541592 94167.636623 1 C 
 22 127 2 49 2 2 LL 1 172 +63 120 +28 1 1 1.240223 0 0 94168.648862 94169.150595 94169.652327 94169.853016 94171.859940 94173.100163 1 C 
 22 128 2 50 1 3 NH 0 118 +58 118 -12 1 0 1.091274 0 0 94174.117732 94174.619460 94175.121195 94175.321885 94177.328807 94178.420081 1 E 
 22 129 2 51 1 1 NN 0 128 +10 128 +10 0 1 1.349954 0 0 94179.436078 94179.937812 94180.439543 94180.640233 94182.647159 94183.997114 1 C 
 22 130 2 52 2 1 LN 0 150 +31 105 +31 0 1 1.156720 0 0 94185.022018 94185.523748 94186.025479 94186.226171 94188.233097 94189.389817 1 C 
 22 131 2 53 3 3 HH 1 64 -32 96 +38 1 1 1.035977 0 0 94190.407262 94190.908993 94191.410725 94191.611416 94193.618348 94194.654325 1 C 
 22 132 2 54 1 1 NN 0 99 +59 99 +59 0 1 1.146191 0 0 94195.675436 94196.177169 94196.678900 94196.879592 94198.886519 94200.032710 1 C 
 22 133 2 55 2 1 LN 0 62 -63 43 -63 0 1 1.273498 0 0 94201.043959 94201.545690 94202.047425 94202.248113 94204.255034 94205.528532 1 C 
 22 134 2 56 2 3 LH 1 115 +54 80 -16 1 1 1.129964 0 0 94206.546277 94207.048012 94207.549740 94207.750430 94209.757354 94210.887318 1 C 
 22 135 2 57 3 3 HH 1 108 +69 54 -1 1 1 1.124533 0 0 94211.898073 94212.399806 94212.901535 94213.102227 94215.109154 94216.233687 1 C 
 22 136 2 58 2 3 LH 1 144 +74 187 +4 1 1 1.069342 0 0 94217.249870 94217.751601 94218.253331 94218.454023 94220.460948 94221.530290 1 C 
 22 137 2 59 2 2 LL 1 86 +42 60 +77 1 1 1.052808 0 0 94222.551493 94223.053225 94223.554958 94223.755648 94225.762569 94226.815377 1 C 
 22 138 2 60 3 1 HN 0 141 -74 211 -74 0 1 1.200702 0 0 94227.836394 94228.338127 94228.839852 94229.040547 94231.047472 94232.248174 1 C 
 22 139 3  1 2 3 LH 1 174 +88 121 +18 1 1 1.008941 0 0 94245.380256 94245.881982 94246.383718 94246.584406 94248.591330 94249.600270 1 C 
 22 140 3  2 3 1 HN 0 160 -18 80 -18 0 1 1.014255 0 0 94250.614983 94251.116719 94251.618447 94251.819132 94253.826060 94254.840315 1 C 
 22 141 3  3 3 3 HH 1 90 -24 135 +46 1 1 0.915035 0 0 94255.849708 94256.351435 94256.853171 94257.053861 94259.060785 94259.975820 1 C 
 22 142 3  4 2 2 LL 1 171 +43 119 +8 1 1 1.388603 0 0 94261.000812 94261.502538 94262.004274 94262.204965 94264.211892 94265.600495 1 C 
 22 143 3  5 1 3 NH 0 114 +14 114 +84 1 0 1.426729 0 0 94266.620198 94267.121932 94267.623661 94267.824352 94269.831279 94271.258008 1 E 
 22 144 3  6 3 3 HH 1 73 -28 36 +42 1 1 0.997363 0 0 94272.273037 94272.774768 94273.276496 94273.477187 94275.484109 94276.481472 1 C 
 22 145 3  7 3 3 HH 1 139 +79 208 +9 1 1 0.931079 0 0 94277.491036 94277.992769 94278.494496 94278.695190 94280.702116 94281.633195 1 C 
 22 146 3  8 2 1 LN 0 126 -90 88 -90 0 1 1.046871 0 0 94282.642145 94283.143872 94283.645603 94283.846295 94285.853219 94286.900091 1 C 
 22 147 3  9 1 3 NH 0 152 -61 152 +9 0 1 1.641608 0 0 94287.910316 94288.412047 94288.913775 94289.114470 94291.121397 94292.763005 1 C 
 22 148 3 10 2 1 LN 0 60 -27 78 -27 0 1 1.096602 0 0 94293.780569 94294.282306 94294.784030 94294.984722 94296.991646 94298.088249 1 C 
 22 149 3 11 3 1 HN 0 109 -54 54 -54 0 1 1.135100 0 0 94299.098917 94299.600645 94300.102379 94300.303072 94302.309996 94303.445096 1 C 
 22 150 3 12 2 1 LN 0 91 -37 118 -37 0 1 1.053189 0 0 94304.467439 94304.969172 94305.470901 94305.671593 94307.678516 94308.731705 1 C 
 22 151 3 13 1 3 NH 0 147 +8 147 +78 1 0 0.882205 0 0 94309.752343 94310.254067 94310.755802 94310.956492 94312.963416 94313.845621 1 E 
 22 152 3 14 3 1 HN 0 97 -16 145 -16 0 1 1.091217 0 0 94314.869994 94315.371727 94315.873465 94316.074148 94318.081073 94319.172290 1 C 
 22 153 3 15 2 3 LH 1 161 -50 112 +20 1 1 0.926267 0 0 94320.188342 94320.690075 94321.191805 94321.392497 94323.399418 94324.325685 1 C 
 22 154 3 16 2 2 LL 1 101 -76 70 -41 1 1 1.014297 0 0 94325.339449 94325.841183 94326.342911 94326.543602 94328.550529 94329.564825 1 C 
 22 155 3 17 2 3 LH 1 146 -63 189 +7 1 1 0.843032 0 0 94330.574173 94331.075905 94331.577642 94331.778327 94333.785252 94334.628284 1 C 
 22 156 3 18 3 2 HL 1 92 +18 138 +53 1 1 0.876770 0 0 94335.641657 94336.143387 94336.645119 94336.845811 94338.852737 94339.729507 1 C 
 22 157 3 19 1 3 NH 0 60 -54 60 +16 0 1 1.196125 0 0 94340.742588 94341.244319 94341.746050 94341.946743 94343.953667 94345.149792 1 C 
 22 158 3 20 3 3 HH 1 78 -52 117 +18 1 1 0.821595 0 0 94346.161283 94346.663014 94347.164745 94347.365437 94349.372361 94350.193956 1 C 
 22 159 3 21 1 3 NH 0 180 -47 180 +23 0 1 1.018992 0 0 94351.212042 94351.713775 94352.215505 94352.416195 94354.423120 94355.442112 1 C 
 22 160 3 22 2 3 LH 1 82 -38 106 +32 0 0 1.201443 0 0 94356.463492 94356.965225 94357.466957 94357.667647 94359.674570 94360.876014 1 E 
 22 161 3 23 2 1 LN 0 170 +44 118 +44 0 1 1.537022 0 0 94361.898911 94362.400644 94362.902375 94363.103066 94365.109989 94366.647011 1 C 
 22 162 3 24 3 2 HL 1 151 +35 75 +0 1 1 0.859837 0 0 94367.668817 94368.170551 94368.672278 94368.872971 94370.879899 94371.739736 1 C 
 22 163 3 25 1 1 NN 0 142 +16 142 +16 0 1 0.992312 0 0 94372.753026 94373.254756 94373.756486 94373.957179 94375.964103 94376.956415 1 C 
 22 164 3 26 3 3 HH 1 119 +80 59 +10 1 1 0.892855 0 0 94377.971027 94378.472758 94378.974490 94379.175181 94381.182105 94382.074960 1 C 
 22 165 3 27 1 2 NL 0 175 -23 175 +12 1 0 2.219923 0 0 94383.088684 94383.590417 94384.092143 94384.292837 94386.299760 94388.519683 1 E 
 22 166 3 28 1 1 NN 0 120 +0 120 +0 0 1 1.146210 0 0 94389.544290 94390.046020 94390.547750 94390.748441 94392.755370 94393.901579 1 C 
 22 167 3 29 1 2 NL 0 68 +78 68 +43 0 1 1.107540 0 0 94394.912809 94395.414541 94395.916274 94396.116962 94398.123891 94399.231431 1 C 
 22 168 3 30 2 3 LH 1 95 +72 66 +2 1 1 1.002592 0 0 94400.247882 94400.749613 94401.251347 94401.452037 94403.458963 94404.461555 1 C 
 22 169 3 31 3 2 HL 1 93 +6 139 -29 1 1 1.195060 0 0 94405.482612 94405.984351 94406.486073 94406.686764 94408.693687 94409.888748 1 C 
 22 170 3 32 1 1 NN 0 136 +78 136 +78 0 1 1.151732 0 0 94410.901304 94411.403037 94411.904766 94412.105456 94414.112381 94415.264114 1 C 
 22 171 3 33 1 1 NN 0 152 +74 152 +74 0 1 1.195767 0 0 94416.286551 94416.788280 94417.290013 94417.490705 94419.497627 94420.693394 1 C 
 22 172 3 34 3 2 HL 1 77 +44 38 +9 0 0 1.266717 0 0 94421.705245 94422.206973 94422.708706 94422.909398 94424.916325 94426.183042 1 E 
 22 173 3 35 2 3 LH 1 174 -57 226 +13 1 1 1.829333 0 0 94427.207561 94427.709288 94428.211024 94428.411715 94430.418639 94432.247971 1 C 
 22 174 3 36 1 2 NL 0 114 +42 114 +7 0 1 1.713133 0 0 94433.261781 94433.763513 94434.265245 94434.465936 94436.472857 94438.185990 1 C 
 22 175 3 37 1 2 NL 0 64 +37 64 +2 0 1 1.195731 0 0 94439.198931 94439.700664 94440.202393 94440.403085 94442.410009 94443.605740 1 C 
 22 176 3 38 2 3 LH 1 160 +50 112 -20 1 1 1.168467 0 0 94444.617625 94445.119365 94445.621085 94445.821780 94447.828704 94448.997171 1 C 
 22 177 3 39 2 1 LN 0 150 -90 105 -90 0 1 1.575398 0 0 94450.019597 94450.521333 94451.023060 94451.223750 94453.230677 94454.806075 1 C 
 22 178 3 40 3 3 HH 1 60 +28 90 -42 1 1 1.173398 0 0 94455.822951 94456.324682 94456.826415 94457.027104 94459.034026 94460.207424 1 C 
 22 179 3 41 3 3 HH 1 165 +10 247 +80 1 1 1.134801 0 0 94461.224919 94461.726654 94462.228385 94462.429075 94464.435999 94465.570800 1 C 
 22 180 3 42 1 2 NL 0 66 -85 66 -50 0 1 1.163090 0 0 94466.593443 94467.095175 94467.596904 94467.797597 94469.804521 94470.967611 1 C 
 22 181 3 43 1 2 NL 0 74 +62 74 +27 0 1 1.168608 0 0 94471.978689 94472.480419 94472.982151 94473.182842 94475.189766 94476.358374 1 C 
 22 182 3 44 2 2 LL 1 158 +41 110 +6 0 0 1.409982 0 0 94477.380658 94477.882391 94478.384119 94478.584814 94480.591737 94482.001718 1 E 
 22 183 3 45 3 3 HH 1 89 +3 44 +73 1 1 1.123505 0 0 94483.016770 94483.518505 94484.020233 94484.220924 94486.227849 94487.351354 1 C 
 22 184 3 46 2 1 LN 0 123 -35 159 -35 0 1 1.140984 0 0 94488.368568 94488.870298 94489.372031 94489.572721 94491.579647 94492.720631 1 C 
 22 185 3 47 1 3 NH 0 128 -15 128 -85 1 0 1.267304 0 0 94493.737088 94494.238825 94494.740551 94494.941243 94496.948167 94498.215471 1 E 
 22 186 3 48 3 3 HH 1 79 -22 39 +48 1 1 1.140510 0 0 94499.239405 94499.741136 94500.242869 94500.443559 94502.450483 94503.590993 1 C 
 22 187 3 49 1 2 NL 0 138 -11 138 -46 0 1 0.936995 0 0 94504.607927 94505.109657 94505.611388 94505.812081 94507.819004 94508.755999 1 C 
 22 188 3 50 2 2 LL 1 77 -14 53 +21 1 1 1.806918 0 0 94509.775756 94510.277489 94510.779215 94510.979910 94512.986835 94514.793753 1 C 
 22 189 3 51 2 1 LN 0 177 +88 230 +88 0 1 1.256038 0 0 94515.813251 94516.314982 94516.816714 94517.017406 94519.024330 94520.280368 1 C 
 22 190 3 52 3 2 HL 1 159 -82 238 -47 0 0 2.418203 0 0 94521.298844 94521.800574 94522.302306 94522.502998 94524.509919 94526.928122 1 E 
 22 191 3 53 3 1 HN 0 78 +17 117 +17 0 1 1.052973 0 0 94527.938417 94528.440147 94528.941880 94529.142571 94531.149498 94532.202471 1 C 
 22 192 3 54 3 1 HN 0 89 -8 44 -8 0 1 0.998804 0 0 94533.223316 94533.725048 94534.226776 94534.427471 94536.434395 94537.433199 1 C 
 22 193 3 55 1 3 NH 0 55 -87 55 -17 0 1 1.426946 0 0 94538.458043 94538.959774 94539.461510 94539.662198 94541.669122 94543.096068 1 C 
 22 194 3 56 1 1 NN 0 148 -41 148 -41 0 1 0.974744 0 0 94544.110880 94544.612612 94545.114350 94545.315033 94547.321957 94548.296701 1 C 
 22 195 3 57 2 1 LN 0 126 +37 88 +37 0 1 1.030616 0 0 94549.312157 94549.813888 94550.315619 94550.516310 94552.523236 94553.553852 1 C 
 22 196 3 58 2 3 LH 1 86 -24 111 +46 1 1 1.118616 0 0 94554.563607 94555.065334 94555.567070 94555.767761 94557.774683 94558.893299 1 C 
 22 197 3 59 3 1 HN 0 151 +39 75 +39 0 1 0.964428 0 0 94559.915405 94560.417138 94560.918869 94561.119559 94563.126480 94564.090908 1 C 
 22 198 3 60 2 2 LL 1 111 -66 144 -31 1 1 1.570382 0 0 94565.099958 94565.601691 94566.103417 94566.304112 94568.311039 94569.881422 1 C 
 22 199 4  1 3 3 HH 1 79 -84 118 -14 1 1 1.201143 0 0 94585.470237 94585.971967 94586.473700 94586.674391 94588.681314 94589.882457 1 C 
 22 200 4  2 2 1 LN 0 168 -69 218 -69 0 1 1.272366 0 0 94590.905656 94591.407387 94591.909119 94592.109817 94594.116736 94595.389102 1 C 
 22 201 4  3 1 1 NN 0 74 +44 74 +44 0 1 1.091300 0 0 94596.407971 94596.909703 94597.411435 94597.612126 94599.619053 94600.710353 1 C 
 22 202 4  4 3 2 HL 1 140 -7 70 +28 1 1 1.057696 0 0 94601.726319 94602.228060 94602.729782 94602.930477 94604.937399 94605.995095 1 C 
 22 203 4  5 2 3 LH 1 84 -12 109 -82 1 1 0.992465 0 0 94607.011220 94607.512952 94608.014682 94608.215374 94610.222298 94611.214762 1 C 
 22 204 4  6 3 2 HL 1 157 -2 78 -37 1 1 1.118629 0 0 94612.229221 94612.730958 94613.232692 94613.433374 94615.440302 94616.558931 1 C 
 22 205 4  7 3 3 HH 1 160 +47 80 -23 1 1 1.085480 0 0 94617.581018 94618.082750 94618.584481 94618.785173 94620.792098 94621.877578 1 C 
 22 206 4  8 3 2 HL 1 146 -25 73 -60 1 1 1.245769 0 0 94622.899367 94623.401099 94623.902828 94624.103522 94626.110448 94627.356217 1 C 
 22 207 4  9 2 2 LL 1 117 +27 81 -8 1 1 1.299977 0 0 94628.368236 94628.869973 94629.371698 94629.572389 94631.579312 94632.879289 1 C 
 22 208 4 10 3 2 HL 1 62 +62 93 +27 0 0 1.200292 0 0 94633.904000 94634.405731 94634.907464 94635.108156 94637.115079 94638.315370 1 E 
 22 209 4 11 2 1 LN 0 55 -3 71 -3 0 1 1.047651 0 0 94639.339419 94639.841151 94640.342880 94640.543573 94642.550499 94643.598151 1 C 
 22 210 4 12 2 1 LN 0 106 -66 137 -66 0 1 0.986662 0 0 94644.607594 94645.109323 94645.611059 94645.811747 94647.818672 94648.805334 1 C 
 22 211 4 13 1 1 NN 0 88 -23 88 -23 0 1 1.300240 0 0 94649.825597 94650.327327 94650.829058 94651.029750 94653.036675 94654.336915 1 C 
 22 212 4 14 3 3 HH 1 165 +7 247 -63 1 1 0.876020 0 0 94655.361362 94655.863093 94656.364826 94656.565516 94658.572438 94659.448459 1 C 
 22 213 4 15 1 1 NN 0 103 +89 103 +89 0 1 1.068720 0 0 94660.462293 94660.964024 94661.465755 94661.666448 94663.673371 94664.742091 1 C 
 22 214 4 16 2 1 LN 0 70 +75 91 +75 0 1 1.030082 0 0 94665.763917 94666.265651 94666.767379 94666.968072 94668.974995 94670.005077 1 C 
 22 215 4 17 1 1 NN 0 65 -37 65 -37 0 1 1.003105 0 0 94671.015369 94671.517099 94672.018835 94672.219522 94674.226449 94675.229554 1 C 
 22 216 4 18 1 1 NN 0 168 -67 168 -67 0 1 1.024471 0 0 94676.250096 94676.751826 94677.253556 94677.454249 94679.461173 94680.485643 1 C 
 22 217 4 19 3 1 HN 0 174 -88 87 -88 0 1 1.063977 0 0 94681.501547 94682.003277 94682.505006 94682.705700 94684.712623 94685.776600 1 C 
 22 218 4 20 2 1 LN 0 107 +32 74 +32 0 1 0.930696 0 0 94686.786443 94687.288179 94687.789910 94687.990600 94689.997524 94690.928220 1 C 
 22 219 4 21 2 3 LH 1 75 +63 52 -7 1 1 0.964331 0 0 94691.937553 94692.439282 94692.941012 94693.141704 94695.148630 94696.112962 1 C 
 22 220 4 22 2 1 LN 0 99 +66 69 +66 0 1 0.981230 0 0 94697.122103 94697.623836 94698.125566 94698.326257 94700.333182 94701.314411 1 C 
 22 221 4 23 3 1 HN 0 78 -70 117 -70 0 1 1.256170 0 0 94702.323381 94702.825114 94703.326844 94703.527535 94705.534460 94706.790630 1 C 
 22 222 4 24 1 2 NL 0 148 -39 148 -4 0 1 1.206078 0 0 94707.808973 94708.310708 94708.812434 94709.013128 94711.020054 94712.226132 1 C 
 22 223 4 25 1 2 NL 0 82 -88 82 -53 0 1 1.256348 0 0 94713.244392 94713.746126 94714.247857 94714.448546 94716.455471 94717.711818 1 C 
 22 224 4 26 2 1 LN 0 92 +13 64 +13 0 1 1.140822 0 0 94718.729984 94719.231717 94719.733443 94719.934139 94721.941064 94723.081886 1 C 
 22 225 4 27 2 2 LL 1 137 -46 178 -81 1 1 1.090810 0 0 94724.098507 94724.600237 94725.101968 94725.302660 94727.309584 94728.400394 1 C 
 22 226 4 28 3 1 HN 0 173 +41 259 +41 0 1 1.124345 0 0 94729.416854 94729.918586 94730.420316 94730.621008 94732.627935 94733.752279 1 C 
 22 227 4 29 2 3 LH 1 174 -8 121 -78 1 1 0.931703 0 0 94734.768652 94735.270382 94735.772121 94735.972806 94737.979732 94738.911435 1 C 
 22 228 4 30 3 2 HL 1 61 +79 30 +44 0 0 1.196231 0 0 94739.936481 94740.438212 94740.939945 94741.140633 94743.147559 94744.343790 1 E 
 22 229 4 31 2 2 LL 1 82 -46 106 -11 0 0 1.405626 0 0 94745.355176 94745.856905 94746.358639 94746.559331 94748.566254 94749.971880 1 E 
 22 230 4 32 1 3 NH 0 65 -73 65 -3 0 1 1.245442 0 0 94750.991287 94751.493019 94751.994746 94752.195440 94754.202372 94755.447815 1 C 
 22 231 4 33 1 3 NH 0 72 +84 72 +14 0 1 1.146468 0 0 94756.460153 94756.961883 94757.463622 94757.664308 94759.671233 94760.817701 1 C 
 22 232 4 34 3 2 HL 1 119 -88 59 -53 1 1 0.898419 0 0 94761.828676 94762.330407 94762.832138 94763.032828 94765.039754 94765.938174 1 C 
 22 233 4 35 3 1 HN 0 136 -86 68 -86 0 1 1.206454 0 0 94766.963057 94767.464788 94767.966518 94768.167210 94770.174134 94771.380588 1 C 
 22 234 4 36 2 1 LN 0 143 +3 100 +3 0 1 1.102670 0 0 94772.398474 94772.900209 94773.401942 94773.602627 94775.609553 94776.712223 1 C 
 22 235 4 37 3 3 HH 1 123 -30 184 +40 1 1 1.663983 0 0 94777.733548 94778.235280 94778.737010 94778.937702 94780.944626 94782.608609 1 C 
 22 236 4 38 1 1 NN 0 97 +13 97 +13 0 1 0.980913 0 0 94783.620525 94784.122256 94784.623989 94784.824679 94786.831602 94787.812515 1 C 
 22 237 4 39 2 2 LL 1 165 -42 115 -7 1 1 1.096543 0 0 94788.821802 94789.323537 94789.825267 94790.025956 94792.032878 94793.129422 1 C 
 22 238 4 40 1 2 NL 0 109 -14 109 +21 0 1 1.129320 0 0 94794.140150 94794.641882 94795.143613 94795.344303 94797.351227 94798.480547 1 C 
 22 239 4 41 2 2 LL 1 118 -78 153 -43 0 0 1.558229 0 0 94799.491948 94799.993680 94800.495413 94800.696100 94802.703025 94804.261254 1 E 
 22 240 4 42 1 3 NH 0 139 +58 139 -12 0 1 1.361369 0 0 94805.278578 94805.780311 94806.282044 94806.482733 94808.489657 94809.851026 1 C 
 22 241 4 43 2 2 LL 1 93 +75 65 +40 0 0 1.063313 0 0 94810.864517 94811.366250 94811.867979 94812.068671 94814.075595 94815.138908 1 E 
 22 242 4 44 2 1 LN 0 57 -2 39 -2 0 1 1.261601 0 0 94816.149416 94816.651149 94817.152875 94817.353571 94819.360495 94820.622096 1 C 
 22 243 4 45 3 3 HH 1 175 -89 262 -19 1 1 1.207423 0 0 94821.635009 94822.136749 94822.638473 94822.839163 94824.846087 94826.053510 1 C 
 22 244 4 46 2 3 LH 1 122 -71 85 -1 1 1 1.234333 0 0 94827.070428 94827.572160 94828.073890 94828.274582 94830.281505 94831.515837 1 C 
 22 245 4 47 3 1 HN 0 133 +3 66 +3 0 1 1.195908 0 0 94832.539296 94833.041031 94833.542758 94833.743451 94835.750379 94836.946287 1 C 
 22 246 4 48 2 1 LN 0 65 -23 45 -23 0 1 1.245894 0 0 94837.957990 94838.459720 94838.961454 94839.162144 94841.169068 94842.414961 1 C 
 22 247 4 49 2 3 LH 1 149 +88 193 +18 1 1 1.365870 0 0 94843.426857 94843.928588 94844.430322 94844.631011 94846.637938 94848.003808 1 C 
 22 248 4 50 2 2 LL 1 101 -31 70 -66 1 1 1.156821 0 0 94849.012797 94849.514523 94850.016260 94850.216949 94852.223876 94853.380698 1 C 
 22 249 4 51 1 1 NN 0 103 +67 103 +67 0 1 1.030358 0 0 94854.398044 94854.899773 94855.401500 94855.602195 94857.609120 94858.639477 1 C 
 22 250 4 52 3 1 HN 0 120 -46 180 -46 0 1 1.096582 0 0 94859.649494 94860.151222 94860.652956 94860.853647 94862.860571 94863.957153 1 C 
 22 251 4 53 1 2 NL 0 77 -16 77 -51 0 1 1.289503 0 0 94864.967845 94865.469572 94865.971305 94866.172007 94868.178919 94869.468423 1 C 
 22 252 4 54 1 1 NN 0 135 +12 135 +12 0 1 1.067858 0 0 94870.486883 94870.988613 94871.490342 94871.691033 94873.697960 94874.765818 1 C 
 22 253 4 55 1 2 NL 0 110 -9 110 +26 0 1 1.173882 0 0 94875.788505 94876.290235 94876.791968 94876.992660 94878.999584 94880.173466 1 C 
 22 254 4 56 1 2 NL 0 54 -87 54 -52 0 1 1.162862 0 0 94881.190475 94881.692208 94882.193935 94882.394627 94884.401554 94885.564417 1 C 
 22 255 4 57 2 2 LL 1 73 +19 51 +54 0 0 0.970253 0 0 94886.575722 94887.077451 94887.579186 94887.779876 94889.786800 94890.757053 1 E 
 22 256 4 58 3 2 HL 1 103 +45 154 +10 0 0 1.522159 0 0 94891.777000 94892.278730 94892.780462 94892.981154 94894.988078 94896.510237 1 E 
 22 257 4 59 2 3 LH 1 153 +29 107 -41 1 1 1.129283 0 0 94897.530181 94898.031912 94898.533646 94898.734337 94900.741259 94901.870542 1 C 
 22 258 4 60 3 1 HN 0 124 +29 62 +29 0 1 1.046941 0 0 94902.881979 94903.383711 94903.885440 94904.086133 94906.093057 94907.139998 1 C 
 22 259 5  1 3 1 HN 0 113 -53 56 -53 0 1 1.130143 0 0 94923.001394 94923.503132 94924.004856 94924.205542 94926.212471 94927.342614 1 C 
 22 260 5  2 1 1 NN 0 111 -3 111 -3 0 1 0.948015 0 0 94928.353187 94928.854922 94929.356647 94929.557341 94931.564269 94932.512284 1 C 
 22 261 5  3 1 2 NL 0 139 -35 139 +0 0 1 1.233779 0 0 94933.521016 94934.022748 94934.524479 94934.725171 94936.732096 94937.965875 1 C 
 22 262 5  4 1 1 NN 0 117 +1 117 +1 0 1 0.981241 0 0 94938.989883 94939.491616 94939.993349 94940.194040 94942.200963 94943.182204 1 C 
 22 263 5  5 3 1 HN 0 175 -30 87 -30 0 1 1.118834 0 0 94944.191162 94944.692890 94945.194625 94945.395317 94947.402244 94948.521078 1 C 
 22 264 5  6 3 1 HN 0 149 -87 223 -87 0 1 1.101872 0 0 94949.542960 94950.044688 94950.546429 94950.747114 94952.754038 94953.855911 1 C 
 22 265 5  7 3 2 HL 1 168 -78 84 -43 0 0 0.892848 0 0 94954.878031 94955.379763 94955.881492 94956.082187 94958.089111 94958.981959 1 E 
 22 266 5  8 1 3 NH 0 177 -53 177 +17 0 1 1.376888 0 0 94959.995689 94960.497419 94960.999149 94961.199842 94963.206767 94964.583656 1 C 
 22 267 5  9 1 2 NL 0 158 -47 158 -12 0 1 1.041368 0 0 94965.598350 94966.100082 94966.601816 94966.802505 94968.809430 94969.850798 1 C 
 22 268 5 10 3 2 HL 1 161 -70 241 -35 1 1 1.218302 0 0 94970.866527 94971.368263 94971.869992 94972.070678 94974.077601 94975.295904 1 C 
 22 269 5 11 2 2 LL 1 55 +64 71 +29 0 0 1.013242 0 0 94976.318669 94976.820402 94977.322129 94977.522824 94979.529750 94980.542991 1 E 
 22 270 5 12 3 1 HN 0 85 +11 127 +11 0 1 1.333051 0 0 94981.553396 94982.055130 94982.556866 94982.757551 94984.764475 94986.097526 1 C 
 22 271 5 13 1 3 NH 0 158 +80 158 +10 0 1 0.964682 0 0 94987.122611 94987.624344 94988.126072 94988.326764 94990.333688 94991.298370 1 C 
 22 272 5 14 3 2 HL 1 142 -22 71 +13 1 1 1.316444 0 0 94992.307163 94992.808905 94993.310628 94993.511318 94995.518245 94996.834689 1 C 
 22 273 5 15 3 2 HL 1 99 -81 49 -46 1 1 1.195659 0 0 94997.859651 94998.361387 94998.863117 94999.063806 95001.070734 95002.266393 1 C 
 22 274 5 16 3 3 HH 1 177 -79 265 -9 1 1 1.614214 0 0 95003.278348 95003.780081 95004.281809 95004.482503 95006.489433 95008.103647 1 C 
 22 275 5 17 1 1 NN 0 175 +62 175 +62 0 1 0.909469 0 0 95009.115152 95009.616882 95010.118614 95010.319306 95012.326233 95013.235702 1 C 
 22 276 5 18 2 3 LH 1 74 +78 51 +8 1 1 1.195013 0 0 95014.249532 95014.751265 95015.252996 95015.453686 95017.460609 95018.655621 1 C 
 22 277 5 19 3 3 HH 1 73 +89 109 +19 1 1 0.953409 0 0 95019.668226 95020.169957 95020.671691 95020.872381 95022.879304 95023.832713 1 C 
 22 278 5 20 3 3 HH 1 114 +3 171 +73 1 1 0.953125 0 0 95024.852781 95025.354511 95025.856253 95026.056935 95028.063859 95029.016983 1 C 
 22 279 5 21 2 1 LN 0 71 -54 92 -54 0 1 1.872885 0 0 95030.037333 95030.539064 95031.040796 95031.241491 95033.248411 95035.121297 1 C 
 22 280 5 22 1 2 NL 0 104 -19 104 +16 0 1 1.058181 0 0 95036.141727 95036.643458 95037.145188 95037.345881 95039.352806 95040.410986 1 C 
 22 281 5 23 3 2 HL 1 83 +7 41 -28 1 1 0.931238 0 0 95041.426626 95041.928358 95042.430091 95042.630779 95044.637707 95045.568945 1 C 
 22 282 5 24 1 1 NN 0 68 -38 68 -38 0 1 0.903545 0 0 95046.577732 95047.079470 95047.581203 95047.781886 95049.788809 95050.692354 1 C 
 22 283 5 25 2 1 LN 0 100 +52 130 +52 0 1 0.942315 0 0 95051.712112 95052.213845 95052.715576 95052.916266 95054.923190 95055.865506 1 C 
 22 284 5 26 1 1 NN 0 74 -17 74 -17 1 0 1.509724 0 0 95056.879940 95057.381674 95057.883406 95058.084095 95060.091022 95061.600746 1 E 
 22 285 5 27 3 2 HL 1 162 -36 81 -71 1 1 1.190086 0 0 95062.616399 95063.118132 95063.619861 95063.820553 95065.827477 95067.017562 1 C 
 22 286 5 28 2 3 LH 1 103 -27 72 +43 1 1 1.118239 0 0 95068.035094 95068.536822 95069.038557 95069.239247 95071.246173 95072.364412 1 C 
 22 287 5 29 2 2 LL 1 146 -20 102 +15 0 0 1.355803 0 0 95073.386890 95073.888624 95074.390353 95074.591044 95076.597966 95077.953769 1 E 
 22 288 5 30 3 3 HH 1 80 -72 120 -2 1 1 1.129804 0 0 95078.972827 95079.474560 95079.976290 95080.176982 95082.183907 95083.313711 1 C 
 22 289 5 31 2 1 LN 0 122 -6 85 -6 0 1 1.178461 0 0 95084.324626 95084.826359 95085.328087 95085.528780 95087.535706 95088.714167 1 C 
 22 290 5 32 3 2 HL 1 63 -24 94 -59 1 1 1.035690 0 0 95089.726596 95090.228329 95090.730064 95090.930750 95092.937674 95093.973364 1 C 
 22 291 5 33 3 1 HN 0 132 +48 66 +48 0 1 0.996739 0 0 95094.994771 95095.496507 95095.998233 95096.198925 95098.205849 95099.202588 1 C 
 22 292 5 34 2 2 LL 1 152 +39 197 +74 1 1 1.124003 0 0 95100.212773 95100.714501 95101.216235 95101.416927 95103.423847 95104.547850 1 C 
 22 293 5 35 3 2 HL 1 164 +66 82 +31 1 1 1.035422 0 0 95105.564570 95106.066299 95106.568038 95106.768726 95108.775648 95109.811070 1 C 
 22 294 5 36 3 2 HL 1 103 +82 154 +47 1 1 1.008011 0 0 95110.832746 95111.334478 95111.836218 95112.036900 95114.043828 95115.051839 1 C 
 22 295 5 37 2 1 LN 0 150 +32 105 +32 0 1 0.964120 0 0 95116.067472 95116.569203 95117.070939 95117.271626 95119.278552 95120.242672 1 C 
 22 296 5 38 2 1 LN 0 118 -35 82 -35 0 1 1.046524 0 0 95121.252026 95121.753754 95122.255490 95122.456180 95124.463103 95125.509627 1 C 
 22 297 5 39 3 2 HL 1 85 +13 127 +48 1 1 1.024576 0 0 95126.520201 95127.021932 95127.523663 95127.724355 95129.731278 95130.755854 1 C 
 22 298 5 40 2 2 LL 1 158 +85 205 +50 1 1 1.069800 0 0 95131.771652 95132.273387 95132.775116 95132.975806 95134.982730 95136.052529 1 C 
 22 299 5 41 3 3 HH 1 148 -75 74 -5 1 1 1.024884 0 0 95137.073276 95137.575006 95138.076738 95138.277430 95140.284357 95141.309241 1 C 
 22 300 5 42 3 3 HH 1 150 +90 75 +20 1 1 0.981122 0 0 95142.324726 95142.826455 95143.328191 95143.528881 95145.535805 95146.516927 1 C 
 22 301 5 43 1 3 NH 0 94 -6 94 +64 0 1 1.124224 0 0 95147.526004 95148.027739 95148.529464 95148.730156 95150.737082 95151.861306 1 C 
 22 302 5 44 2 3 LH 1 69 +29 48 -41 1 1 0.959599 0 0 95152.877803 95153.379535 95153.881267 95154.081956 95156.088884 95157.048483 1 C 
 22 303 5 45 2 3 LH 1 121 +32 84 -38 0 0 1.091640 0 0 95158.062355 95158.564084 95159.065817 95159.266510 95161.273433 95162.365073 1 E 
 22 304 5 46 1 2 NL 0 91 +59 91 +24 0 1 1.140664 0 0 95163.380704 95163.882433 95164.384165 95164.584860 95166.591786 95167.732449 1 C 
 22 305 5 47 1 1 NN 0 167 -23 167 -23 0 1 0.959139 0 0 95168.749226 95169.250955 95169.752687 95169.953378 95171.960303 95172.919442 1 C 
 22 306 5 48 3 3 HH 1 107 +89 53 +19 1 1 1.101803 0 0 95173.933778 95174.435507 95174.937238 95175.137932 95177.144856 95178.246659 1 C 
 22 307 5 49 2 1 LN 0 83 -56 58 -56 0 1 1.079975 0 0 95179.268852 95179.770581 95180.272313 95180.473005 95182.479928 95183.559903 1 C 
 22 308 5 50 3 2 HL 1 91 +24 45 -11 1 1 1.108325 0 0 95184.570475 95185.072209 95185.573937 95185.774629 95187.781553 95188.889878 1 C 
 22 309 5 51 1 3 NH 0 79 -62 79 +8 0 1 1.162393 0 0 95189.905549 95190.407277 95190.909012 95191.109702 95193.116626 95194.279019 1 C 
 22 310 5 52 3 3 HH 1 91 -55 136 +15 1 1 1.080437 0 0 95195.290796 95195.792522 95196.294256 95196.494948 95198.501873 95199.582309 1 C 
 22 311 5 53 1 1 NN 0 97 +70 97 +70 0 1 1.279065 0 0 95200.592417 95201.094150 95201.595882 95201.796571 95203.803496 95205.082561 1 C 
 22 312 5 54 1 1 NN 0 109 +43 109 +43 0 1 1.095526 0 0 95206.094734 95206.596467 95207.098197 95207.298889 95209.305815 95210.401341 1 C 
 22 313 5 55 3 2 HL 1 110 -24 165 -59 1 1 1.112285 0 0 95211.413083 95211.914814 95212.416552 95212.617237 95214.624162 95215.736446 1 C 
 22 314 5 56 2 1 LN 0 174 +63 226 +63 0 1 1.487040 0 0 95216.748158 95217.249884 95217.751617 95217.952310 95219.959234 95221.446274 1 C 
 22 315 5 57 1 2 NL 0 55 -26 55 +9 0 1 1.129676 0 0 95222.467889 95222.969621 95223.471352 95223.672043 95225.678964 95226.808640 1 C 
 22 316 5 58 3 2 HL 1 108 +65 162 +30 0 0 1.124581 0 0 95227.819686 95228.321425 95228.823149 95229.023839 95231.030766 95232.155347 1 E 
 22 317 5 59 2 3 LH 1 136 +42 95 -28 1 1 0.925184 0 0 95233.171483 95233.673216 95234.174953 95234.375637 95236.382564 95237.307748 1 C 
 22 318 5 60 1 1 NN 0 80 -66 80 -66 0 1 1.361187 0 0 95238.322587 95238.824319 95239.326052 95239.526742 95241.533666 95242.894853 1 C 
 22 319 6  1 3 1 HN 0 76 +54 114 +54 0 1 1.035669 0 0 95259.027352 95259.529086 95260.030817 95260.231507 95262.238431 95263.274100 1 C 
 22 320 6  2 2 2 LL 1 72 +45 50 +80 1 1 0.981116 0 0 95264.295529 95264.797262 95265.298992 95265.499684 95267.506606 95268.487722 1 C 
 22 321 6  3 3 3 HH 1 63 +80 31 +10 1 1 0.981036 0 0 95269.496806 95269.998539 95270.500274 95270.700958 95272.707886 95273.688922 1 C 
 22 322 6  4 3 1 HN 0 168 +28 84 +28 0 1 1.085518 0 0 95274.698084 95275.199824 95275.701547 95275.902241 95277.909161 95278.994679 1 C 
 22 323 6  5 1 3 NH 0 174 +8 174 -62 0 1 1.476573 0 0 95280.016433 95280.518165 95281.019894 95281.220586 95283.227511 95284.704084 1 C 
 22 324 6  6 2 2 LL 1 129 +82 90 +47 1 1 1.217897 0 0 95285.719440 95286.221172 95286.722903 95286.923595 95288.930520 95290.148417 1 C 
 22 325 6  7 3 2 HL 1 153 +78 229 +43 1 1 1.107374 0 0 95291.171584 95291.673317 95292.175047 95292.375738 95294.382660 95295.490034 1 C 
 22 326 6  8 3 1 HN 0 99 -27 148 -27 1 0 2.875031 0 0 95296.506658 95297.008392 95297.510119 95297.710811 95299.717747 95302.592777 1 E 
 22 327 6  9 3 3 HH 1 128 -17 64 -87 1 1 1.003170 0 0 95303.614513 95304.116244 95304.617974 95304.818665 95306.825591 95307.828761 1 C 
 22 328 6 10 3 3 HH 1 153 +8 76 +78 1 1 1.014163 0 0 95308.849241 95309.350971 95309.852703 95310.053393 95312.060317 95313.074480 1 C 
 22 329 6 11 3 1 HN 0 149 +41 223 +41 0 1 0.948406 0 0 95314.083966 95314.585699 95315.087430 95315.288119 95317.295044 95318.243450 1 C 
 22 330 6 12 2 3 LH 1 117 -32 81 +38 1 1 1.162342 0 0 95319.268521 95319.770254 95320.271982 95320.472673 95322.479600 95323.641942 1 C 
 22 331 6 13 3 1 HN 0 113 -35 169 -35 1 0 1.157731 0 0 95324.653765 95325.155499 95325.657226 95325.857919 95327.864846 95329.022577 1 E 
 22 332 6 14 1 3 NH 0 101 +72 101 +2 0 1 1.393665 0 0 95330.039012 95330.540741 95331.042473 95331.243164 95333.250091 95334.643755 1 C 
 22 333 6 15 3 1 HN 0 127 +60 190 +60 0 1 1.486981 0 0 95335.658401 95336.160129 95336.661862 95336.862549 95338.869476 95340.356457 1 C 
 22 334 6 16 3 1 HN 0 99 -45 148 -45 0 1 1.526239 0 0 95341.378131 95341.879859 95342.381598 95342.582285 95344.589211 95346.115450 1 C 
 22 335 6 17 2 3 LH 1 116 +33 81 -37 1 1 0.782539 0 0 95347.131314 95347.633044 95348.134776 95348.335467 95350.342391 95351.124930 1 C 
 22 336 6 18 2 3 LH 1 172 +55 120 -15 1 1 0.876245 0 0 95352.148624 95352.650356 95353.152085 95353.352776 95355.359701 95356.235946 1 C 
 22 337 6 19 1 2 NL 0 117 -63 117 -28 0 1 1.079779 0 0 95357.249553 95357.751283 95358.253018 95358.453708 95360.460630 95361.540409 1 C 
 22 338 6 20 3 3 HH 1 137 +77 205 +7 1 1 1.003292 0 0 95362.551178 95363.052917 95363.554637 95363.755333 95365.762256 95366.765548 1 C 
 22 339 6 21 1 3 NH 0 68 -2 68 -72 0 1 1.009050 0 0 95367.785905 95368.287635 95368.789367 95368.990059 95370.996983 95372.006033 1 C 
 22 340 6 22 2 2 LL 1 75 +45 52 +80 1 1 1.312069 0 0 95373.020632 95373.522364 95374.024093 95374.224786 95376.231721 95377.543790 1 C 
 22 341 6 23 2 2 LL 1 95 -7 123 -42 0 0 1.454460 0 0 95378.556396 95379.058128 95379.559859 95379.760550 95381.767478 95383.221938 1 E 
 22 342 6 24 3 1 HN 0 105 -15 157 -15 0 1 1.129841 0 0 95384.242678 95384.744414 95385.246139 95385.446835 95387.453759 95388.583600 1 C 
 22 343 6 25 1 2 NL 0 122 -25 122 +10 0 1 1.311197 0 0 95389.594478 95390.096219 95390.597937 95390.798633 95392.805560 95394.116757 1 C 
 22 344 6 26 2 2 LL 1 56 -16 72 +19 1 1 1.162169 0 0 95395.130243 95395.631971 95396.133706 95396.334397 95398.341322 95399.503491 1 C 
 22 345 6 27 3 3 HH 1 127 +18 190 +88 1 1 1.085561 0 0 95400.515489 95401.017220 95401.518954 95401.719642 95403.726569 95404.812129 1 C 
 22 346 6 28 2 3 LH 1 168 -21 218 +49 1 1 1.179292 0 0 95405.833838 95406.335570 95406.837300 95407.037993 95409.044916 95410.224209 1 C 
 22 347 6 29 3 2 HL 1 148 +71 74 +36 1 1 1.024229 0 0 95411.235807 95411.737541 95412.239272 95412.439962 95414.446886 95415.471115 1 C 
 22 348 6 30 1 2 NL 0 152 +57 152 +22 0 1 1.212575 0 0 95416.487259 95416.988988 95417.490726 95417.691413 95419.698337 95420.910912 1 C 
 22 349 6 31 1 3 NH 0 65 +13 65 -57 0 1 1.201075 0 0 95421.922677 95422.424411 95422.926143 95423.126829 95425.133756 95426.334831 1 C 
 22 350 6 32 2 3 LH 1 126 -2 163 +68 1 1 1.008847 0 0 95427.358097 95427.859830 95428.361559 95428.562250 95430.569172 95431.578019 1 C 
 22 351 6 33 3 2 HL 1 110 +73 55 +38 1 1 0.700343 0 0 95432.592824 95433.094554 95433.596287 95433.796976 95435.803905 95436.504249 1 C 
 22 352 6 34 2 2 LL 1 90 -45 117 -80 1 1 0.749789 0 0 95437.526511 95438.028240 95438.529973 95438.730665 95440.737589 95441.487378 1 C 
 22 353 6 35 1 3 NH 0 163 -75 163 -5 0 1 1.327608 0 0 95442.510373 95443.012106 95443.513837 95443.714526 95445.721450 95447.049058 1 C 
 22 354 6 36 2 1 LN 0 64 -61 83 -61 0 1 1.470310 0 0 95448.062863 95448.564595 95449.066326 95449.267015 95451.273940 95452.744250 1 C 
 22 355 6 37 2 2 LL 1 160 -12 112 -47 1 1 1.168746 0 0 95453.765868 95454.267606 95454.769331 95454.970025 95456.976951 95458.145697 1 C 
 22 356 6 38 2 3 LH 1 70 +3 91 +73 1 1 0.909325 0 0 95459.167842 95459.669572 95460.171309 95460.371992 95462.378921 95463.288246 1 C 
 22 357 6 39 1 3 NH 0 92 +35 92 -35 0 1 1.063428 0 0 95464.302222 95464.803952 95465.305683 95465.506375 95467.513299 95468.576726 1 C 
 22 358 6 40 1 3 NH 0 92 +9 92 -61 0 1 1.019219 0 0 95469.587124 95470.088852 95470.590583 95470.791275 95472.798199 95473.817417 1 C 
 22 359 6 41 1 1 NN 0 55 -30 55 -30 0 1 0.920263 0 0 95474.838571 95475.340302 95475.842036 95476.042723 95478.049652 95478.969915 1 C 
 22 360 6 42 1 3 NH 0 109 +25 109 -45 0 1 1.179089 0 0 95479.989676 95480.491407 95480.993142 95481.193831 95483.200757 95484.379846 1 C 
 22 361 6 43 3 2 HL 1 80 +24 120 +59 1 1 0.920288 0 0 95485.391646 95485.893375 95486.395111 95486.595801 95488.602727 95489.523015 1 C 
 22 362 6 44 1 3 NH 0 69 +23 69 -47 0 1 1.111993 0 0 95490.542752 95491.044481 95491.546214 95491.746903 95493.753830 95494.865823 1 C 
 22 363 6 45 3 2 HL 1 79 +38 39 +73 1 1 0.942295 0 0 95495.877824 95496.379553 95496.881286 95497.081979 95499.088903 95500.031198 1 C 
 22 364 6 46 3 3 HH 1 146 -27 73 +43 1 1 0.864869 0 0 95501.045658 95501.547382 95502.049117 95502.249805 95504.256728 95505.121597 1 C 
 22 365 6 47 1 2 NL 0 175 +83 175 +48 0 1 0.837743 0 0 95506.146586 95506.648318 95507.150047 95507.350739 95509.357665 95510.195409 1 C 
 22 366 6 48 2 3 LH 1 161 +15 209 -55 1 1 0.926264 0 0 95511.214069 95511.715800 95512.217530 95512.418222 95514.425146 95515.351409 1 C 
 22 367 6 49 2 2 LL 1 156 +24 109 -11 1 1 0.859505 0 0 95516.365172 95516.866909 95517.368631 95517.569326 95519.576253 95520.435759 1 C 
 22 368 6 50 2 3 LH 1 90 +63 117 -7 0 0 1.255773 0 0 95521.449381 95521.951111 95522.452847 95522.653533 95524.660458 95525.916231 1 E 
 22 369 6 51 3 1 HN 0 149 +27 223 +27 1 0 0.969516 0 0 95526.934973 95527.436705 95527.938434 95528.139126 95530.146053 95531.115569 1 E 
 22 370 6 52 2 2 LL 1 97 -25 126 +10 1 1 0.920201 0 0 95532.136250 95532.637983 95533.139712 95533.340404 95535.347331 95536.267532 1 C 
 22 371 6 53 3 2 HL 1 141 -40 70 -75 0 0 1.288860 0 0 95537.287355 95537.789090 95538.290817 95538.491508 95540.498435 95541.787295 1 E 
 22 372 6 54 2 2 LL 1 63 -48 44 -13 1 1 1.080431 0 0 95542.806395 95543.308126 95543.809859 95544.010546 95546.017472 95547.097903 1 C 
 22 373 6 55 2 1 LN 0 107 -79 139 -79 0 1 1.013835 0 0 95548.108020 95548.609749 95549.111488 95549.312172 95551.319100 95552.332935 1 C 
 22 374 6 56 2 1 LN 0 178 -17 124 -17 0 1 0.937216 0 0 95553.342746 95553.844477 95554.346213 95554.546899 95556.553824 95557.491040 1 C 
 22 375 6 57 1 1 NN 0 61 +71 61 +71 0 1 0.881424 0 0 95558.510576 95559.012306 95559.514043 95559.714729 95561.721655 95562.603079 1 C 
 22 376 6 58 3 1 HN 0 81 +28 40 +28 0 1 1.091342 0 0 95563.628232 95564.129964 95564.631693 95564.832385 95566.839307 95567.930650 1 C 
 22 377 6 59 3 2 HL 1 175 +81 262 +46 1 1 0.909493 0 0 95568.946579 95569.448313 95569.950048 95570.150734 95572.157668 95573.067161 1 C 
 22 378 6 60 3 1 HN 0 180 -50 90 -50 0 1 1.206377 0 0 95574.080962 95574.582692 95575.084421 95575.285113 95577.292038 95578.498415 1 C 
