 40   1 0 43 2 3 LH 1 156 -65 202 +5 1 1 3.168260 0 0 1933.842275 1934.343242 1934.844213 1935.044604 1937.048500 1940.216761 1 C 
 40   2 0 44 3 3 HH 1 106 -42 159 +28 1 1 1.548381 0 0 1941.239983 1941.740955 1942.241930 1942.442319 1944.446214 1945.994595 1 C 
 40   3 0 45 2 2 LL 1 177 +70 123 +35 1 1 1.174086 0 0 1947.017880 1947.518854 1948.019827 1948.220217 1950.224112 1951.398198 1 C 
 40   4 0 46 1 3 NH 0 100 -3 100 +67 0 1 1.349568 0 0 1952.411698 1952.912672 1953.413646 1953.614036 1955.617931 1956.967499 1 C 
 40   5 0 47 2 1 LN 0 173 -1 224 -1 1 0 1.262207 0 0 1957.989207 1958.490181 1958.991155 1959.191545 1961.195440 1962.457647 1 E 
 40   6 0 48 1 3 NH 0 91 +70 91 +0 1 0 13.285231 0 0 1963.483222 1963.984197 1964.485171 1964.685557 1966.689453 1979.974684 1 E 
 40   7 0 49 2 3 LH 1 68 +48 47 -22 1 1 1.676462 0 0 1981.000607 1981.501579 1982.002553 1982.202942 1984.206839 1985.883300 1 C 
 40   8 0 50 1 3 NH 0 128 +36 128 -34 0 1 1.073866 0 0 1986.895398 1987.396376 1987.897346 1988.097735 1990.101631 1991.175498 1 C 
 40   9 0 51 2 1 LN 0 62 +17 80 +17 0 1 1.523917 0 0 1992.189023 1992.689998 1993.190970 1993.391359 1995.395255 1996.919172 1 C 
 40  10 0 52 2 2 LL 1 75 +83 97 +48 0 0 1.380135 0 0 1997.933522 1998.434496 1998.935470 1999.135859 2001.139754 2002.519889 1 E 
 40  11 0 53 2 3 LH 1 166 -1 116 -71 0 0 1.176854 0 0 2003.544430 2004.045405 2004.546377 2004.746766 2006.750662 2007.927516 1 E 
 40  12 0 54 1 2 NL 0 61 -15 61 -50 0 1 1.368201 0 0 2008.938249 2009.439224 2009.940196 2010.140585 2012.144482 2013.512683 1 C 
 40  13 0 55 2 3 LH 1 84 -3 58 -73 1 1 0.990490 0 0 2014.532457 2015.033431 2015.534403 2015.734792 2017.738688 2018.729179 1 C 
 40  14 0 56 3 3 HH 1 83 -55 124 +15 1 1 1.250988 0 0 2019.742585 2020.243558 2020.744534 2020.944921 2022.948815 2024.199804 1 C 
 40  15 0 57 3 2 HL 1 75 -21 37 -56 1 1 1.103166 0 0 2025.219899 2025.720872 2026.221849 2026.422238 2028.426130 2029.529296 1 C 
 40  16 0 58 3 2 HL 1 113 -84 169 -49 0 0 1.363264 0 0 2030.546921 2031.047894 2031.548868 2031.749256 2033.753156 2035.116421 1 E 
 40  17 0 59 1 1 NN 0 126 +75 126 +75 0 1 1.322237 0 0 2036.141129 2036.642101 2037.143079 2037.343465 2039.347360 2040.669598 1 C 
 40  18 0 60 1 2 NL 0 145 +86 145 +51 0 1 1.791870 0 0 2041.685239 2042.186212 2042.687186 2042.887576 2044.891471 2046.683341 1 C 
 40  19 1  1 3 1 HN 0 85 -64 42 -64 0 1 1.091992 0 0 2050.752870 2051.253839 2051.754814 2051.955202 2053.959098 2055.051091 1 C 
 40  20 1  2 2 2 LL 1 90 +50 117 +85 1 1 0.964006 0 0 2056.063189 2056.564162 2057.065136 2057.265525 2059.269421 2060.233426 1 C 
 40  21 1  3 1 2 NL 0 174 +41 174 +6 1 0 1.086405 0 0 2061.256618 2061.757591 2062.258565 2062.458955 2064.462853 2065.549258 1 E 
 40  22 1  4 3 3 HH 1 102 +9 153 +79 1 1 1.164203 0 0 2066.566941 2067.067917 2067.568889 2067.769277 2069.773172 2070.937375 1 C 
 40  23 1  5 3 1 HN 0 78 +83 117 +83 1 0 1.614553 0 0 2071.960760 2072.461734 2072.962706 2073.163096 2075.166990 2076.781543 1 E 
 40  24 1  6 1 1 NN 0 58 +45 58 +45 0 1 1.016837 0 0 2077.805453 2078.306426 2078.807401 2079.007791 2081.011685 2082.028522 1 C 
 40  25 1  7 1 3 NH 0 128 -58 128 +12 0 1 0.830373 0 0 2083.048982 2083.549956 2084.050926 2084.251317 2086.255211 2087.085584 1 C 
 40  26 1  8 1 2 NL 0 113 +72 113 +37 0 1 0.824821 0 0 2088.108816 2088.609791 2089.110765 2089.311153 2091.315048 2092.139869 1 C 
 40  27 1  9 2 2 LL 1 85 +67 59 +32 1 1 0.952821 0 0 2093.151953 2093.652925 2094.153898 2094.354289 2096.358185 2097.311006 1 C 
 40  28 1 10 1 1 NN 0 62 +66 62 +66 0 1 0.796814 0 0 2098.328681 2098.829655 2099.330632 2099.531018 2101.534914 2102.331728 1 C 
 40  29 1 11 2 3 LH 1 123 -58 159 +12 1 1 1.002871 0 0 2103.355120 2103.856096 2104.357067 2104.557457 2106.561352 2107.564223 1 C 
 40  30 1 12 3 1 HN 0 78 +86 117 +86 1 0 0.819111 0 0 2108.581947 2109.082924 2109.583894 2109.784283 2111.788179 2112.607289 1 E 
 40  31 1 13 2 2 LL 1 150 +3 105 +38 1 1 0.813809 0 0 2113.625085 2114.126061 2114.627034 2114.827420 2116.831315 2117.645124 1 C 
 40  32 1 14 3 2 HL 1 125 +40 187 +75 1 1 0.874914 0 0 2118.668222 2119.169194 2119.670171 2119.870558 2121.874462 2122.749375 1 C 
 40  33 1 15 3 2 HL 1 97 -45 48 -80 1 1 0.694594 0 0 2123.761454 2124.262427 2124.763402 2124.963791 2126.967687 2127.662281 1 C 
 40  34 1 16 2 2 LL 1 136 -79 95 -44 1 1 0.712716 0 0 2128.687699 2129.188675 2129.689648 2129.890034 2131.893930 2132.606645 1 C 
 40  35 1 17 1 2 NL 0 164 -79 164 -44 1 0 0.712549 0 0 2133.630640 2134.131616 2134.632586 2134.832976 2136.836872 2137.549421 1 E 
 40  36 1 18 2 1 LN 0 157 -26 204 -26 0 1 0.858281 0 0 2138.573582 2139.074557 2139.575529 2139.775918 2141.779812 2142.638093 1 C 
 40  37 1 19 3 2 HL 1 171 -88 256 -53 1 1 1.064110 0 0 2143.650116 2144.151092 2144.652064 2144.852453 2146.856349 2147.920459 1 C 
 40  38 1 20 1 1 NN 0 59 -61 59 -61 0 1 0.952824 0 0 2148.943740 2149.444715 2149.945687 2150.146084 2152.149971 2153.102795 1 C 
 40  39 1 21 3 1 HN 0 66 +37 99 +37 0 1 0.830574 0 0 2154.120470 2154.621447 2155.122417 2155.322806 2157.326702 2158.157276 1 C 
 40  40 1 22 2 1 LN 0 63 +11 44 +11 0 1 0.906783 0 0 2159.180308 2159.681281 2160.182253 2160.382643 2162.386538 2163.293321 1 C 
 40  41 1 23 3 2 HL 1 73 +88 109 +53 1 1 1.110926 0 0 2164.306937 2164.807912 2165.308885 2165.509275 2167.513170 2168.624096 1 C 
 40  42 1 24 3 2 HL 1 128 +19 64 -16 0 0 0.852596 0 0 2169.650659 2170.151635 2170.652605 2170.852996 2172.856892 2173.709488 1 E 
 40  43 1 25 3 3 HH 1 56 +75 84 +5 1 1 1.572296 0 0 2174.727198 2175.228168 2175.729144 2175.929531 2177.933427 2179.505723 1 C 
 40  44 1 26 3 3 HH 1 62 -33 93 +37 1 1 0.784958 0 0 2180.521792 2181.022767 2181.523741 2181.724129 2183.728023 2184.512981 1 C 
 40  45 1 27 2 1 LN 0 151 +16 196 +16 0 1 1.119835 0 0 2185.531530 2186.032504 2186.533477 2186.733867 2188.737763 2189.857598 1 C 
 40  46 1 28 2 3 LH 1 85 -21 59 +49 1 1 0.939959 0 0 2190.875252 2191.376225 2191.877198 2192.077586 2194.081484 2195.021443 1 C 
 40  47 1 29 2 2 LL 1 57 -50 74 -85 0 0 1.348114 0 0 2196.035282 2196.536257 2197.037231 2197.237619 2199.241518 2200.589633 1 E 
 40  48 1 30 3 2 HL 1 94 +50 141 +85 0 0 1.055891 0 0 2201.612792 2202.113767 2202.614742 2202.815127 2204.819023 2205.874914 1 E 
 40  49 1 31 2 3 LH 1 94 +9 65 -61 1 1 1.247810 0 0 2206.889717 2207.390689 2207.891665 2208.092052 2210.095948 2211.343758 1 C 
 40  50 1 32 3 1 HN 0 138 +0 69 +0 0 1 1.002877 0 0 2212.367032 2212.868003 2213.368979 2213.569367 2215.573260 2216.576138 1 C 
 40  51 1 33 2 1 LN 0 141 +3 183 +3 0 1 0.847074 0 0 2217.593858 2218.094830 2218.595806 2218.796194 2220.800089 2221.647163 1 C 
 40  52 1 34 1 2 NL 0 60 -72 60 -37 0 1 0.830377 0 0 2222.670393 2223.171365 2223.672344 2223.872729 2225.876623 2226.707001 1 C 
 40  53 1 35 3 2 HL 1 62 -43 93 -8 1 1 1.147584 0 0 2227.730227 2228.231204 2228.732174 2228.932564 2230.936459 2232.084043 1 C 
 40  54 1 36 1 2 NL 0 54 +70 54 +35 1 0 1.242408 0 0 2233.107348 2233.608320 2234.109296 2234.309684 2236.313579 2237.555987 1 E 
 40  55 1 37 1 1 NN 0 69 -79 69 -79 0 1 0.817111 0 0 2238.567961 2239.068934 2239.569910 2239.770298 2241.774194 2242.591305 1 C 
 40  56 1 38 3 3 HH 1 111 +1 55 +71 1 1 1.119764 0 0 2243.611101 2244.112076 2244.613047 2244.813435 2246.817331 2247.937095 1 C 
 40  57 1 39 3 2 HL 1 126 +86 63 +51 1 1 1.203325 0 0 2248.954819 2249.455794 2249.956767 2250.157156 2252.161052 2253.364377 1 C 
 40  58 1 40 3 2 HL 1 123 +86 61 +51 1 1 1.052846 0 0 2254.382038 2254.883012 2255.383984 2255.584373 2257.588269 2258.641115 1 C 
 40  59 1 41 3 2 HL 1 146 -58 73 -23 1 1 0.784828 0 0 2259.658962 2260.159935 2260.660909 2260.861298 2262.865192 2263.650020 1 C 
 40  60 1 42 3 1 HN 0 65 -17 97 -17 0 1 1.022531 0 0 2264.668699 2265.169673 2265.670647 2265.871036 2267.874931 2268.897462 1 C 
 40  61 1 43 1 2 NL 0 148 +79 148 +44 1 0 1.570569 0 0 2269.912224 2270.413201 2270.914173 2271.114562 2273.118457 2274.689025 1 E 
 40  62 1 44 2 3 LH 1 173 -84 121 -14 0 0 1.281227 0 0 2275.706825 2276.207796 2276.708770 2276.909159 2278.913062 2280.194289 1 E 
 40  63 1 45 3 3 HH 1 173 +35 259 -35 1 1 0.986159 0 0 2281.217537 2281.718507 2282.219485 2282.419873 2284.423767 2285.409926 1 C 
 40  64 1 46 3 1 HN 0 163 -76 81 -76 1 0 0.719105 0 0 2286.427665 2286.928637 2287.429613 2287.630001 2289.633895 2290.353001 1 E 
 40  65 1 47 3 1 HN 0 65 +74 97 +74 0 1 0.867310 0 0 2291.370609 2291.871579 2292.372553 2292.572942 2294.576838 2295.444148 1 C 
 40  66 1 48 2 3 LH 1 94 -37 65 +33 1 1 1.019597 0 0 2296.463840 2296.964812 2297.465787 2297.666176 2299.670071 2300.689669 1 C 
 40  67 1 49 2 3 LH 1 114 +13 148 +83 1 1 1.153195 0 0 2301.707367 2302.208339 2302.709314 2302.909703 2304.913599 2306.066794 1 C 
 40  68 1 50 3 2 HL 1 158 +22 79 +57 0 0 1.054637 0 0 2307.084485 2307.585459 2308.086433 2308.286822 2310.290718 2311.345355 1 E 
 40  69 1 51 1 3 NH 0 94 +16 94 -54 0 1 1.030836 0 0 2312.361410 2312.862384 2313.363361 2313.563746 2315.567645 2316.598482 1 C 
 40  70 1 52 3 1 HN 0 87 -5 43 -5 0 1 1.370275 0 0 2317.621637 2318.122609 2318.623585 2318.823976 2320.827868 2322.198143 1 C 
 40  71 1 53 2 3 LH 1 147 +32 102 -38 0 0 0.908228 0 0 2323.215844 2323.716817 2324.217790 2324.418180 2326.422076 2327.330304 1 E 
 40  72 1 54 1 1 NN 0 61 -31 61 -31 1 0 1.013937 0 0 2328.342476 2328.843452 2329.344426 2329.544812 2331.548708 2332.562645 1 E 
 40  73 1 55 3 2 HL 1 157 +87 235 +52 1 1 1.531752 0 0 2333.586003 2334.086976 2334.587952 2334.788339 2336.792234 2338.323986 1 C 
 40  74 1 56 2 3 LH 1 57 -25 74 +45 1 1 1.242425 0 0 2339.347201 2339.848179 2340.349148 2340.549538 2342.553434 2343.795858 1 C 
 40  75 1 57 1 3 NH 0 108 +52 108 -18 0 1 0.936114 0 0 2344.807818 2345.308792 2345.809766 2346.010153 2348.014048 2348.950162 1 C 
 40  76 1 58 2 2 LL 1 138 +41 179 +6 1 1 1.025122 0 0 2349.967849 2350.468825 2350.969794 2351.170183 2353.174079 2354.199201 1 C 
 40  77 1 59 3 3 HH 1 93 -49 139 +21 1 1 1.029135 0 0 2355.211377 2355.712346 2356.213323 2356.413710 2358.417605 2359.446740 1 C 
 40  78 1 60 2 3 LH 1 57 -51 74 +19 1 1 0.841545 0 0 2360.471600 2360.972572 2361.473548 2361.673936 2363.677831 2364.519376 1 C 
 40  79 2  1 2 1 LN 0 94 +36 65 +36 1 0 1.240236 0 0 2378.022383 2378.523356 2379.024334 2379.224719 2381.228615 2382.468851 1 E 
 40  80 2  2 2 2 LL 1 173 -74 121 -39 1 1 1.382910 0 0 2383.482998 2383.983973 2384.484947 2384.685334 2386.689230 2388.072139 1 C 
 40  81 2  3 2 3 LH 1 142 +18 184 -52 1 1 0.777912 0 0 2389.093906 2389.594877 2390.095852 2390.296241 2392.300141 2393.078053 1 C 
 40  82 2  4 1 1 NN 0 180 -85 180 -85 0 1 0.902740 0 0 2394.103645 2394.604617 2395.105591 2395.305980 2397.309885 2398.212625 1 C 
 40  83 2  5 1 1 NN 0 137 +23 137 +23 0 1 0.817957 0 0 2399.230277 2399.731252 2400.232223 2400.432612 2402.436508 2403.254465 1 C 
 40  84 2  6 1 2 NL 0 168 -6 168 -41 0 1 0.989185 0 0 2404.273413 2404.774389 2405.275359 2405.475748 2407.479645 2408.468830 1 C 
 40  85 2  7 2 1 LN 0 129 -39 167 -39 0 1 0.869262 0 0 2409.483540 2409.984515 2410.485487 2410.685877 2412.689773 2413.559035 1 C 
 40  86 2  8 3 2 HL 1 154 -36 77 -1 1 1 0.991808 0 0 2414.576777 2415.077747 2415.578722 2415.779111 2417.783007 2418.774815 1 C 
 40  87 2  9 2 3 LH 1 154 -18 107 +52 1 1 0.933247 0 0 2419.786903 2420.287879 2420.788850 2420.989239 2422.993135 2423.926382 1 C 
 40  88 2 10 1 2 NL 0 55 -38 55 -3 0 1 1.008530 0 0 2424.946935 2425.447907 2425.948880 2426.149271 2428.153166 2429.161696 1 C 
 40  89 2 11 2 3 LH 1 92 +5 64 -65 1 1 0.980680 0 0 2430.173761 2430.674734 2431.175709 2431.376097 2433.379993 2434.360673 1 C 
 40  90 2 12 2 1 LN 0 166 -86 116 -86 0 1 1.370323 0 0 2435.383890 2435.884861 2436.385836 2436.586225 2438.590121 2439.960444 1 C 
 40  91 2 13 2 1 LN 0 169 -4 219 -4 0 1 0.829567 0 0 2440.978097 2441.479070 2441.980047 2442.180432 2444.184330 2445.013897 1 C 
 40  92 2 14 1 3 NH 0 127 +10 127 -60 0 1 0.766978 0 0 2446.037933 2446.538906 2447.039880 2447.240268 2449.244165 2450.011142 1 C 
 40  93 2 15 1 2 NL 0 127 +64 127 +29 0 1 0.780195 0 0 2451.030972 2451.531945 2452.032919 2452.233308 2454.237213 2455.017408 1 C 
 40  94 2 16 2 2 LL 1 178 -67 231 -32 1 1 0.874958 0 0 2456.040710 2456.541687 2457.042657 2457.243047 2459.246943 2460.121901 1 C 
 40  95 2 17 1 1 NN 0 159 +79 159 +79 0 1 1.348129 0 0 2461.133944 2461.634915 2462.135896 2462.336282 2464.340176 2465.688305 1 C 
 40  96 2 18 2 2 LL 1 110 -66 77 -31 1 1 0.969440 0 0 2466.711453 2467.212429 2467.713401 2467.913790 2469.917685 2470.887125 1 C 
 40  97 2 19 2 2 LL 1 147 +84 102 +49 0 0 1.377091 0 0 2471.904886 2472.405856 2472.906830 2473.107219 2475.111114 2476.488205 1 E 
 40  98 2 20 1 2 NL 0 64 -86 64 -51 0 1 0.935971 0 0 2477.499094 2478.000063 2478.501041 2478.701427 2480.705322 2481.641293 1 C 
 40  99 2 21 2 3 LH 1 89 -19 115 +51 1 1 0.624437 0 0 2482.659121 2483.160094 2483.661068 2483.861457 2485.865352 2486.489789 1 C 
 40 100 2 22 2 1 LN 0 96 +72 67 +72 0 1 1.206767 0 0 2487.501869 2488.002841 2488.503817 2488.704205 2490.708100 2491.914868 1 C 
 40 101 2 23 1 3 NH 0 179 -65 179 +5 0 1 1.072620 0 0 2492.929085 2493.430060 2493.931031 2494.131421 2496.135317 2497.207937 1 C 
 40 102 2 24 2 3 LH 1 84 +87 109 +17 1 1 0.851907 0 0 2498.222709 2498.723681 2499.224655 2499.425045 2501.428941 2502.280848 1 C 
 40 103 2 25 1 1 NN 0 134 +77 134 +77 0 1 0.769058 0 0 2503.299243 2503.800216 2504.301194 2504.501580 2506.505476 2507.274533 1 C 
 40 104 2 26 1 1 NN 0 104 +73 104 +73 0 1 0.624394 0 0 2508.292284 2508.793257 2509.294233 2509.494619 2511.498515 2512.122909 1 C 
 40 105 2 27 3 1 HN 0 156 +28 78 +28 0 1 0.722928 0 0 2513.135032 2513.636003 2514.136977 2514.337366 2516.341262 2517.064190 1 C 
 40 106 2 28 1 3 NH 0 93 -17 93 -87 0 1 0.729031 0 0 2518.077973 2518.578946 2519.079917 2519.280309 2521.284204 2522.013235 1 C 
 40 107 2 29 2 1 LN 0 113 -37 79 -37 0 1 0.661338 0 0 2523.037613 2523.538588 2524.039560 2524.239949 2526.243845 2526.905183 1 C 
 40 108 2 30 3 2 HL 1 56 +0 84 +35 1 1 0.743785 0 0 2527.930458 2528.431431 2528.932404 2529.132794 2531.136690 2531.880475 1 C 
 40 109 2 31 3 1 HN 0 165 +77 82 +77 0 1 1.307904 0 0 2532.906797 2533.407771 2533.908749 2534.109135 2536.113030 2537.420933 1 C 
 40 110 2 32 3 1 HN 0 104 +77 156 +77 0 1 1.058605 0 0 2538.434211 2538.935183 2539.436158 2539.636547 2541.640441 2542.699046 1 C 
 40 111 2 33 1 2 NL 0 156 -80 156 -45 1 0 0.824700 0 0 2543.711133 2544.212107 2544.713084 2544.913471 2546.917366 2547.742066 1 E 
 40 112 2 34 3 1 HN 0 58 -76 87 -76 0 1 0.804574 0 0 2548.754271 2549.255244 2549.756220 2549.956607 2551.960503 2552.765076 1 C 
 40 113 2 35 3 2 HL 1 174 +21 87 +56 1 1 0.930541 0 0 2553.780708 2554.281681 2554.782655 2554.983045 2556.986941 2557.917482 1 C 
 40 114 2 36 3 2 HL 1 166 +72 83 +37 1 1 1.542741 0 0 2558.940740 2559.441715 2559.942686 2560.143079 2562.146971 2563.689712 1 C 
 40 115 2 37 2 3 LH 1 133 -73 93 -3 1 1 1.450282 0 0 2564.701937 2565.202912 2565.703885 2565.904275 2567.908170 2569.358452 1 C 
 40 116 2 38 2 1 LN 0 73 -87 51 -87 0 1 0.696799 0 0 2570.379643 2570.880616 2571.381591 2571.581979 2573.585873 2574.282672 1 C 
 40 117 2 39 2 2 LL 1 60 -85 78 -50 1 1 1.214422 0 0 2575.305886 2575.806858 2576.307832 2576.508222 2578.512116 2579.726538 1 C 
 40 118 2 40 3 3 HH 1 131 +2 65 +72 1 1 0.712781 0 0 2580.749800 2581.250774 2581.751747 2581.952137 2583.956033 2584.668813 1 C 
 40 119 2 41 2 2 LL 1 154 +19 107 +54 1 1 0.872812 0 0 2585.692743 2586.193715 2586.694694 2586.895079 2588.898974 2589.771787 1 C 
 40 120 2 42 2 3 LH 1 116 -69 81 +1 1 1 0.902693 0 0 2590.785977 2591.286954 2591.787924 2591.988313 2593.992209 2594.894901 1 C 
 40 121 2 43 1 1 NN 0 93 -50 93 -50 0 1 1.392571 0 0 2595.912609 2596.413582 2596.914557 2597.114946 2599.118838 2600.511410 1 C 
 40 122 2 44 2 3 LH 1 125 -71 162 -1 1 1 0.885805 0 0 2601.523517 2602.024489 2602.525463 2602.725853 2604.729749 2605.615554 1 C 
 40 123 2 45 3 2 HL 1 138 -86 69 -51 1 1 0.863719 0 0 2606.633449 2607.134423 2607.635397 2607.835786 2609.839682 2610.703400 1 C 
 40 124 2 46 1 3 NH 0 157 -11 157 -81 1 0 0.902815 0 0 2611.726684 2612.227657 2612.728632 2612.929020 2614.932926 2615.835741 1 E 
 40 125 2 47 2 3 LH 1 80 +9 56 +79 1 1 0.991947 0 0 2616.853316 2617.354289 2617.855262 2618.055653 2620.059548 2621.051496 1 C 
 40 126 2 48 3 1 HN 0 102 +71 153 +71 0 1 1.158824 0 0 2622.063444 2622.564421 2623.065391 2623.265781 2625.269676 2626.428499 1 C 
 40 127 2 49 3 3 HH 1 158 -29 79 +41 1 1 0.695539 0 0 2627.440564 2627.941536 2628.442509 2628.642900 2630.646806 2631.342344 1 C 
 40 128 2 50 3 2 HL 1 72 -61 108 -26 1 1 1.398692 0 0 2632.366807 2632.867780 2633.368754 2633.569143 2635.573038 2636.971730 1 C 
 40 129 2 51 1 1 NN 0 85 -31 85 -31 0 1 0.813497 0 0 2637.994413 2638.495387 2638.996360 2639.196750 2641.200644 2642.014141 1 C 
 40 130 2 52 1 3 NH 0 77 +30 77 -40 0 1 1.385830 0 0 2643.037550 2643.538532 2644.039497 2644.239885 2646.243781 2647.629611 1 C 
 40 131 2 53 1 3 NH 0 135 +58 135 -12 0 1 0.767432 0 0 2648.648457 2649.149430 2649.650406 2649.850793 2651.854689 2652.622121 1 C 
 40 132 2 54 2 2 LL 1 76 -43 98 -78 1 1 1.197765 0 0 2653.641497 2654.142471 2654.643443 2654.843833 2656.847726 2658.045491 1 C 
 40 133 2 55 2 2 LL 1 123 -46 86 -11 1 1 1.164370 0 0 2659.068713 2659.569684 2660.070660 2660.271049 2662.274942 2663.439312 1 C 
 40 134 2 56 2 1 LN 0 74 +82 51 +82 0 1 0.952768 0 0 2664.462531 2664.963504 2665.464478 2665.664868 2667.668762 2668.621530 1 C 
 40 135 2 57 3 2 HL 1 151 -81 226 -46 0 0 0.978914 0 0 2669.639260 2670.140234 2670.641208 2670.841597 2672.845496 2673.824410 1 E 
 40 136 2 58 3 3 HH 1 99 -84 49 -14 1 1 0.858224 0 0 2674.849390 2675.350362 2675.851336 2676.051725 2678.055621 2678.913845 1 C 
 40 137 2 59 3 2 HL 1 119 -51 59 -16 1 1 1.010147 0 0 2679.925925 2680.426900 2680.927872 2681.128260 2683.132156 2684.142303 1 C 
 40 138 2 60 1 2 NL 0 66 -75 66 -40 0 1 1.063380 0 0 2685.152751 2685.653725 2686.154697 2686.355087 2688.358983 2689.422363 1 C 
 40 139 3  1 2 3 LH 1 136 -86 176 -16 1 1 0.841341 0 0 2697.025830 2697.526806 2698.027779 2698.228168 2700.232063 2701.073404 1 C 
 40 140 3  2 1 1 NN 0 180 -38 180 -38 0 1 0.967212 0 0 2702.085668 2702.586641 2703.087614 2703.288004 2705.291900 2706.259111 1 C 
 40 141 3  3 2 1 LN 0 99 -70 128 -70 0 1 0.730183 0 0 2707.279097 2707.780071 2708.281044 2708.481433 2710.485328 2711.215511 1 C 
 40 142 3  4 1 1 NN 0 134 -33 134 -33 0 1 0.652119 0 0 2712.238739 2712.739710 2713.240685 2713.441073 2715.444969 2716.097088 1 C 
 40 143 3  5 3 3 HH 1 71 +7 35 -63 1 1 1.312870 0 0 2717.114883 2717.615859 2718.116829 2718.317219 2720.321114 2721.633984 1 C 
 40 144 3  6 3 2 HL 1 180 -2 90 +33 1 1 1.418430 0 0 2722.658994 2723.159966 2723.660940 2723.861330 2725.865225 2727.283655 1 C 
 40 145 3  7 1 2 NL 0 174 -66 174 -31 1 0 1.548453 0 0 2728.303299 2728.804272 2729.305249 2729.505635 2731.509530 2733.057983 1 E 
 40 146 3  8 3 3 HH 1 60 +60 90 -10 1 1 0.841523 0 0 2734.081196 2734.582171 2735.083144 2735.283533 2737.287429 2738.128952 1 C 
 40 147 3  9 3 3 HH 1 59 -60 88 +10 1 1 0.773019 0 0 2739.141031 2739.642006 2740.142980 2740.343370 2742.347263 2743.120282 1 C 
 40 148 3 10 3 1 HN 0 67 +48 33 +48 0 1 1.125415 0 0 2744.134071 2744.635046 2745.136020 2745.336408 2747.340304 2748.465719 1 C 
 40 149 3 11 3 3 HH 1 174 +46 87 -24 1 1 1.014037 0 0 2749.477794 2749.978766 2750.479741 2750.680130 2752.684025 2753.698061 1 C 
 40 150 3 12 1 2 NL 0 94 -10 94 -45 0 1 1.017054 0 0 2754.721320 2755.222292 2755.723267 2755.923656 2757.927551 2758.944606 1 C 
 40 151 3 13 3 2 HL 1 119 +89 178 +54 1 1 1.181106 0 0 2759.964847 2760.465819 2760.966793 2761.167183 2763.171078 2764.352184 1 C 
 40 152 3 14 2 3 LH 1 103 -6 72 +64 1 1 0.877516 0 0 2765.375363 2765.876334 2766.377311 2766.577700 2768.581596 2769.459112 1 C 
 40 153 3 15 3 3 HH 1 95 -20 47 -90 1 1 0.696767 0 0 2770.485298 2770.986271 2771.487244 2771.687633 2773.691528 2774.388296 1 C 
 40 154 3 16 2 3 LH 1 125 +5 87 +75 1 1 1.208900 0 0 2775.411539 2775.912513 2776.413487 2776.613876 2778.617772 2779.826672 1 C 
 40 155 3 17 2 3 LH 1 81 +40 56 -30 1 1 0.902117 0 0 2780.838757 2781.339732 2781.840707 2782.041093 2784.044988 2784.947106 1 C 
 40 156 3 18 2 2 LL 1 169 -42 219 -77 1 1 0.850184 0 0 2785.965388 2786.466362 2786.967336 2787.167726 2789.171621 2790.021804 1 C 
 40 157 3 19 2 2 LL 1 161 -73 209 -38 1 1 0.713463 0 0 2791.041925 2791.542896 2792.043871 2792.244261 2794.248156 2794.961619 1 C 
 40 158 3 20 1 3 NH 0 54 +80 54 +10 0 1 0.847008 0 0 2795.984868 2796.485843 2796.986812 2797.187202 2799.191098 2800.038106 1 C 
 40 159 3 21 3 2 HL 1 99 -26 148 -61 1 1 0.902403 0 0 2801.061401 2801.562372 2802.063348 2802.263738 2804.267636 2805.170039 1 C 
 40 160 3 22 1 3 NH 0 57 +80 57 +10 0 1 0.707930 0 0 2806.188034 2806.689007 2807.189981 2807.390369 2809.394266 2810.102195 1 C 
 40 161 3 23 2 2 LL 1 166 +14 215 +49 1 1 0.997138 0 0 2811.114277 2811.615252 2812.116223 2812.316613 2814.320508 2815.317646 1 C 
 40 162 3 24 2 2 LL 1 76 -26 98 -61 1 1 0.856589 0 0 2816.341105 2816.842076 2817.343051 2817.543439 2819.547335 2820.403923 1 C 
 40 163 3 25 1 3 NH 0 106 -75 106 -5 1 0 0.805703 0 0 2821.417639 2821.918611 2822.419585 2822.619974 2824.623870 2825.429573 1 E 
 40 164 3 26 3 3 HH 1 60 +3 90 -67 1 1 1.168384 0 0 2826.444076 2826.945051 2827.446027 2827.646412 2829.650308 2830.818692 1 C 
 40 165 3 27 1 1 NN 0 136 +53 136 +53 0 1 1.663633 0 0 2831.837895 2832.338867 2832.839842 2833.040231 2835.044127 2836.707760 1 C 
 40 166 3 28 1 2 NL 0 112 +45 112 +80 0 1 0.925062 0 0 2837.732686 2838.233660 2838.734633 2838.935023 2840.938918 2841.863980 1 C 
 40 167 3 29 2 1 LN 0 175 -30 122 -30 0 1 0.802535 0 0 2842.876018 2843.376990 2843.877965 2844.078355 2846.082251 2846.884785 1 C 
 40 168 3 30 3 3 HH 1 133 +48 199 -22 1 1 0.819167 0 0 2847.902456 2848.403433 2848.904401 2849.104792 2851.108688 2851.927855 1 C 
 40 169 3 31 2 3 LH 1 147 -58 102 +12 0 0 1.055941 0 0 2852.945593 2853.446565 2853.947540 2854.147929 2856.151825 2857.207766 1 E 
 40 170 3 32 3 3 HH 1 65 -59 97 +11 1 1 0.750932 0 0 2858.222518 2858.723491 2859.224464 2859.424853 2861.428749 2862.179680 1 C 
 40 171 3 33 1 1 NN 0 100 +10 100 +10 0 1 0.802544 0 0 2863.198858 2863.699829 2864.200806 2864.401195 2866.405090 2867.207634 1 C 
 40 172 3 34 1 3 NH 0 55 +24 55 -46 1 0 1.281314 0 0 2868.225298 2868.726269 2869.227243 2869.427632 2871.431527 2872.712841 1 E 
 40 173 3 35 3 1 HN 0 59 -65 29 -65 0 1 1.049583 0 0 2873.736007 2874.236980 2874.737954 2874.938344 2876.942239 2877.991822 1 C 
 40 174 3 36 2 1 LN 0 83 -52 58 -52 0 1 0.507424 0 0 2879.012931 2879.513909 2880.014879 2880.215268 2882.219164 2882.726588 1 C 
 40 175 3 37 1 3 NH 0 179 +23 179 -47 1 0 1.158764 0 0 2883.738783 2884.239761 2884.740736 2884.941122 2886.945017 2888.103781 1 E 
 40 176 3 38 3 1 HN 0 66 +61 99 +61 0 1 0.691202 0 0 2889.115905 2889.616880 2890.117850 2890.318242 2892.322145 2893.013347 1 C 
 40 177 3 39 3 2 HL 1 155 +80 232 +45 1 1 0.773211 0 0 2894.025447 2894.526425 2895.027398 2895.227785 2897.231680 2898.004892 1 C 
 40 178 3 40 2 1 LN 0 70 +57 91 +57 0 1 0.852590 0 0 2899.018487 2899.519461 2900.020435 2900.220824 2902.224720 2903.077309 1 C 
 40 179 3 41 3 3 HH 1 104 +14 156 -56 1 1 0.802518 0 0 2904.095022 2904.595998 2905.096969 2905.297358 2907.301252 2908.103770 1 C 
 40 180 3 42 3 3 HH 1 116 +60 58 -10 1 1 1.022587 0 0 2909.121461 2909.622435 2910.123407 2910.323797 2912.327692 2913.350278 1 C 
 40 181 3 43 2 1 LN 0 176 +47 228 +47 0 1 0.899895 0 0 2914.364989 2914.865961 2915.366934 2915.567324 2917.571218 2918.471112 1 C 
 40 182 3 44 3 2 HL 1 140 -86 70 -51 1 1 0.668878 0 0 2919.491619 2919.992592 2920.493566 2920.693956 2922.697850 2923.366729 1 C 
 40 183 3 45 3 2 HL 1 67 +81 33 +46 1 1 0.674490 0 0 2924.384465 2924.885437 2925.386411 2925.586800 2927.590696 2928.265186 1 C 
 40 184 3 46 3 3 HH 1 168 +46 84 -24 1 1 0.774832 0 0 2929.277309 2929.778281 2930.279255 2930.479645 2932.483540 2933.258372 1 C 
 40 185 3 47 3 2 HL 1 90 +85 135 +50 1 1 0.724643 0 0 2934.270347 2934.771321 2935.272295 2935.472684 2937.476579 2938.201223 1 C 
 40 186 3 48 2 2 LL 1 69 -76 89 -41 1 1 0.707886 0 0 2939.213290 2939.714263 2940.215239 2940.415625 2942.419521 2943.127407 1 C 
 40 187 3 49 2 1 LN 0 54 +45 37 +45 0 1 0.841453 0 0 2944.139532 2944.640508 2945.141480 2945.341869 2947.345765 2948.187217 1 C 
 40 188 3 50 3 3 HH 1 164 +15 82 -55 1 1 0.817337 0 0 2949.199369 2949.700344 2950.201317 2950.401705 2952.405601 2953.222938 1 C 
 40 189 3 51 2 1 LN 0 80 -12 56 -12 0 1 0.735729 0 0 2954.242506 2954.743481 2955.244452 2955.444842 2957.448737 2958.184466 1 C 
 40 190 3 52 1 3 NH 0 83 -44 83 +26 0 1 0.913815 0 0 2959.202146 2959.703119 2960.204097 2960.404482 2962.408378 2963.322194 1 C 
 40 191 3 53 1 2 NL 0 88 +77 88 +42 0 1 1.158830 0 0 2964.345477 2964.846451 2965.347424 2965.547814 2967.551709 2968.710539 1 C 
 40 192 3 54 3 1 HN 0 148 -3 74 -3 0 1 0.886087 0 0 2969.722598 2970.223574 2970.724544 2970.924933 2972.928839 2973.814926 1 C 
 40 193 3 55 3 3 HH 1 108 -90 54 -20 1 1 0.883774 0 0 2974.832530 2975.333505 2975.834479 2976.034865 2978.038762 2978.922536 1 C 
 40 194 3 56 1 2 NL 0 90 +38 90 +73 1 0 1.150537 0 0 2979.942465 2980.443438 2980.944411 2981.144800 2983.148695 2984.299232 1 E 
 40 195 3 57 2 1 LN 0 134 +51 174 +51 0 1 0.635463 0 0 2985.319584 2985.820558 2986.321530 2986.521919 2988.525814 2989.161277 1 C 
 40 196 3 58 2 1 LN 0 167 -45 116 -45 0 1 1.008514 0 0 2990.179030 2990.680002 2991.180977 2991.381366 2993.385262 2994.393776 1 C 
 40 197 3 59 1 3 NH 0 172 -27 172 +43 1 0 0.824642 0 0 2995.405858 2995.906830 2996.407805 2996.608192 2998.612090 2999.436732 1 E 
 40 198 3 60 3 3 HH 1 64 -26 96 +44 1 1 0.997475 0 0 3000.448994 3000.949970 3001.450940 3001.651334 3003.655225 3004.652701 1 C 
 40 199 4  1 1 3 NH 0 174 -64 174 +6 1 0 1.056019 0 0 3016.630455 3017.131422 3017.632396 3017.832785 3019.836681 3020.892700 1 E 
 40 200 4  2 2 3 LH 1 65 -75 84 -5 1 1 0.863836 0 0 3021.907373 3022.408351 3022.909320 3023.109710 3025.113605 3025.977441 1 C 
 40 201 4  3 3 1 HN 0 78 -59 117 -59 1 0 0.667110 0 0 3027.000609 3027.501581 3028.002554 3028.202945 3030.206839 3030.873949 1 E 
 40 202 4  4 3 2 HL 1 99 +43 49 +8 1 1 0.785111 0 0 3031.893451 3032.394424 3032.895402 3033.095788 3035.099684 3035.884795 1 C 
 40 203 4  5 2 2 LL 1 55 +39 38 +4 1 1 0.830404 0 0 3036.903190 3037.404163 3037.905138 3038.105526 3040.109423 3040.939826 1 C 
 40 204 4  6 1 1 NN 0 176 -81 176 -81 0 1 1.018043 0 0 3041.963025 3042.463999 3042.964973 3043.165363 3045.169258 3046.187301 1 C 
 40 205 4  7 2 2 LL 1 97 +66 67 +31 1 1 0.895678 0 0 3047.206553 3047.707526 3048.208499 3048.408889 3050.412788 3051.308465 1 C 
 40 206 4  8 1 1 NN 0 62 +43 62 +43 0 1 0.746855 0 0 3052.333186 3052.834158 3053.335134 3053.535521 3055.539427 3056.286282 1 C 
 40 207 4  9 3 1 HN 0 73 -34 109 -34 0 1 0.791461 0 0 3057.309524 3057.810500 3058.311473 3058.511862 3060.515767 3061.307228 1 C 
 40 208 4 10 1 2 NL 0 166 +26 166 +61 1 0 0.741195 0 0 3062.319264 3062.820240 3063.321211 3063.521600 3065.525494 3066.266689 1 E 
 40 209 4 11 1 3 NH 0 130 -11 130 +59 0 1 0.949728 0 0 3067.278904 3067.779878 3068.280851 3068.481241 3070.485136 3071.434864 1 C 
 40 210 4 12 1 2 NL 0 116 -20 116 -55 1 0 0.591121 0 0 3072.455635 3072.956608 3073.457583 3073.657971 3075.661867 3076.252987 1 E 
 40 211 4 13 1 1 NN 0 75 -38 75 -38 0 1 0.885981 0 0 3077.264985 3077.765960 3078.266930 3078.467320 3080.471215 3081.357196 1 C 
 40 212 4 14 1 3 NH 0 179 +88 179 +18 0 1 0.735720 0 0 3082.374916 3082.875889 3083.376864 3083.577252 3085.581158 3086.316878 1 C 
 40 213 4 15 1 1 NN 0 55 +88 55 +88 0 1 0.702274 0 0 3087.334558 3087.835535 3088.336508 3088.536894 3090.540789 3091.243063 1 C 
 40 214 4 16 1 2 NL 0 63 +21 63 -14 0 1 1.425982 0 0 3092.260800 3092.761776 3093.262752 3093.463137 3095.467030 3096.893012 1 C 
 40 215 4 17 1 3 NH 0 116 -63 116 +7 0 1 0.600047 0 0 3097.905107 3098.406082 3098.907057 3099.107442 3101.111336 3101.711383 1 C 
 40 216 4 18 2 2 LL 1 59 +81 41 +46 1 1 0.763003 0 0 3102.731154 3103.232128 3103.733102 3103.933491 3105.937385 3106.700389 1 C 
 40 217 4 19 1 2 NL 0 132 +8 132 +43 0 1 0.668879 0 0 3107.724192 3108.225167 3108.726142 3108.926530 3110.930426 3111.599305 1 C 
 40 218 4 20 1 1 NN 0 105 -51 105 -51 0 1 0.782735 0 0 3112.617040 3113.118011 3113.618986 3113.819375 3115.823270 3116.606006 1 C 
 40 219 4 21 3 1 HN 0 70 -68 105 -68 0 1 0.763501 0 0 3117.626780 3118.127754 3118.628724 3118.829111 3120.833009 3121.596509 1 C 
 40 220 4 22 1 3 NH 0 114 -12 114 -82 0 1 0.668931 0 0 3122.619816 3123.120790 3123.621763 3123.822152 3125.826048 3126.494979 1 C 
 40 221 4 23 3 3 HH 1 167 +58 250 -12 1 1 0.833141 0 0 3127.512661 3128.013634 3128.514607 3128.714997 3130.718892 3131.552033 1 C 
 40 222 4 24 3 3 HH 1 76 -33 114 +37 1 1 1.036365 0 0 3132.572497 3133.073469 3133.574447 3133.774833 3135.778732 3136.815097 1 C 
 40 223 4 25 3 3 HH 1 140 +17 70 +87 1 1 0.623819 0 0 3137.832723 3138.333695 3138.834668 3139.035058 3141.038954 3141.662773 1 C 
 40 224 4 26 2 1 LN 0 62 +12 80 +12 0 1 0.856118 0 0 3142.675470 3143.176443 3143.677416 3143.877806 3145.881705 3146.737823 1 C 
 40 225 4 27 3 2 HL 1 61 +75 91 +40 1 1 1.119678 0 0 3147.752004 3148.252977 3148.753951 3148.954341 3150.958235 3152.077913 1 C 
 40 226 4 28 2 1 LN 0 137 -30 95 -30 0 1 0.766819 0 0 3153.095726 3153.596698 3154.097674 3154.298062 3156.301957 3157.068776 1 C 
 40 227 4 29 3 1 HN 0 69 +85 34 +85 0 1 0.719030 0 0 3158.088764 3158.589738 3159.090712 3159.291101 3161.294997 3162.014027 1 C 
 40 228 4 30 3 2 HL 1 57 -68 28 -33 1 1 0.785794 0 0 3163.031708 3163.532679 3164.033656 3164.234043 3166.237939 3167.023732 1 C 
 40 229 4 31 1 2 NL 0 61 +22 61 +57 1 0 0.879039 0 0 3168.041445 3168.542423 3169.043392 3169.243781 3171.247677 3172.126716 1 E 
 40 230 4 32 3 3 HH 1 64 -32 96 +38 1 1 1.066702 0 0 3173.151386 3173.652352 3174.153325 3174.353715 3176.357610 3177.424312 1 C 
 40 231 4 33 1 3 NH 0 121 +22 121 -48 1 0 0.891516 0 0 3178.445001 3178.945975 3179.446951 3179.647339 3181.651235 3182.542751 1 E 
 40 232 4 34 1 3 NH 0 94 -85 94 -15 0 1 0.980744 0 0 3183.554936 3184.055912 3184.556885 3184.757272 3186.761167 3187.741911 1 C 
 40 233 4 35 2 3 LH 1 169 -77 118 -7 0 0 0.974445 0 0 3188.765064 3189.266041 3189.767010 3189.967400 3191.971295 3192.945740 1 E 
 40 234 4 36 1 2 NL 0 95 -7 95 -42 0 1 0.722003 0 0 3193.958491 3194.459467 3194.960443 3195.160829 3197.164725 3197.886728 1 C 
 40 235 4 37 2 2 LL 1 129 -10 90 -45 1 1 0.852491 0 0 3198.901433 3199.402407 3199.903382 3200.103771 3202.107667 3202.960158 1 C 
 40 236 4 38 1 1 NN 0 78 -64 78 -64 0 1 0.913903 0 0 3203.977968 3204.478945 3204.979916 3205.180306 3207.184202 3208.098104 1 C 
 40 237 4 39 2 2 LL 1 72 -15 50 -50 1 1 1.259048 0 0 3209.121300 3209.622274 3210.123248 3210.323637 3212.327532 3213.586580 1 C 
 40 238 4 40 3 3 HH 1 121 -81 60 -11 1 1 0.629817 0 0 3214.598615 3215.099595 3215.600563 3215.800951 3217.804850 3218.434667 1 C 
 40 239 4 41 1 3 NH 0 180 +39 180 -31 0 1 1.372027 0 0 3219.458061 3219.959034 3220.460007 3220.660402 3222.664291 3224.036318 1 C 
 40 240 4 42 2 2 LL 1 82 -8 106 +27 1 1 0.880552 0 0 3225.052270 3225.553242 3226.054219 3226.254605 3228.258501 3229.139052 1 C 
 40 241 4 43 3 1 HN 0 169 -16 84 -16 0 1 0.713463 0 0 3230.162203 3230.663173 3231.164149 3231.364539 3233.368434 3234.081897 1 C 
 40 242 4 44 2 3 LH 1 134 -2 93 -72 1 1 0.780273 0 0 3235.105145 3235.606117 3236.107092 3236.307481 3238.311377 3239.091650 1 C 
 40 243 4 45 2 2 LL 1 67 +60 46 +25 1 1 0.790692 0 0 3240.114883 3240.615856 3241.116830 3241.317219 3243.321115 3244.111807 1 C 
 40 244 4 46 1 1 NN 0 114 +34 114 +34 0 1 0.791400 0 0 3245.124623 3245.625595 3246.126569 3246.326958 3248.330854 3249.122254 1 C 
 40 245 4 47 1 1 NN 0 163 +19 163 +19 0 1 0.579834 0 0 3250.134361 3250.635332 3251.136307 3251.336697 3253.340592 3253.920427 1 C 
 40 246 4 48 1 3 NH 0 167 +15 167 -55 0 1 1.002916 0 0 3254.943710 3255.444683 3255.945656 3256.146046 3258.149941 3259.152857 1 C 
 40 247 4 49 2 3 LH 1 147 -66 102 +4 1 1 0.752541 0 0 3260.170536 3260.671509 3261.172483 3261.372872 3263.376765 3264.129306 1 C 
 40 248 4 50 3 1 HN 0 178 -79 89 -79 0 1 1.092031 0 0 3265.146878 3265.647849 3266.148824 3266.349213 3268.353108 3269.445139 1 C 
 40 249 4 51 1 1 NN 0 56 +16 56 +16 0 1 0.818364 0 0 3270.457200 3270.958172 3271.459146 3271.659536 3273.663431 3274.481795 1 C 
 40 250 4 52 2 3 LH 1 138 +30 179 -40 1 1 1.011414 0 0 3275.500334 3276.001309 3276.502283 3276.702673 3278.706567 3279.717981 1 C 
 40 251 4 53 3 2 HL 1 78 +58 117 +23 1 1 1.206343 0 0 3280.743863 3281.244837 3281.745813 3281.946199 3283.950094 3285.156438 1 C 
 40 252 4 54 2 1 LN 0 124 -54 86 -54 0 1 0.752474 0 0 3286.171078 3286.672054 3287.173030 3287.373414 3289.377311 3290.129786 1 C 
 40 253 4 55 1 2 NL 0 90 -12 90 +23 0 1 0.835971 0 0 3291.147420 3291.648393 3292.149370 3292.349756 3294.353651 3295.189622 1 C 
 40 254 4 56 3 3 HH 1 124 +72 62 +2 1 1 0.783806 0 0 3296.207255 3296.708231 3297.209202 3297.409591 3299.413487 3300.197294 1 C 
 40 255 4 57 3 3 HH 1 170 -63 85 +7 1 1 0.747016 0 0 3301.216992 3301.717967 3302.218940 3302.419330 3304.423225 3305.170241 1 C 
 40 256 4 58 2 2 LL 1 151 -63 196 -28 1 1 1.019608 0 0 3306.193334 3306.694309 3307.195281 3307.395671 3309.399563 3310.419171 1 C 
 40 257 4 59 1 2 NL 0 121 +35 121 +0 1 0 0.947247 0 0 3311.436861 3311.937833 3312.438807 3312.639197 3314.643091 3315.590339 1 E 
 40 258 4 60 2 1 LN 0 146 -38 189 -38 0 1 0.666686 0 0 3316.613591 3317.114563 3317.615537 3317.815927 3319.819826 3320.486512 1 C 
 40 259 5  1 2 2 LL 1 99 +27 69 +62 1 1 0.908307 0 0 3334.932535 3335.433510 3335.934481 3336.134870 3338.138766 3339.047072 1 C 
 40 260 5  2 2 1 LN 0 84 +56 58 +56 0 1 0.579728 0 0 3340.059166 3340.560142 3341.061117 3341.261502 3343.265397 3343.845125 1 C 
 40 261 5  3 2 3 LH 1 74 -69 51 +1 1 1 0.616860 0 0 3344.868515 3345.369490 3345.870466 3346.070852 3348.074746 3348.691605 1 C 
 40 262 5  4 2 3 LH 1 69 -52 48 +18 1 1 1.150410 0 0 3349.711261 3350.212238 3350.713209 3350.913599 3352.917495 3354.067905 1 C 
 40 263 5  5 1 3 NH 0 137 +32 137 -38 0 1 0.752390 0 0 3355.088382 3355.589358 3356.090328 3356.290718 3358.294614 3359.047003 1 C 
 40 264 5  6 2 2 LL 1 157 +55 109 +20 1 1 1.008652 0 0 3360.064721 3360.565694 3361.066672 3361.267058 3363.270954 3364.279606 1 C 
 40 265 5  7 3 1 HN 0 93 -14 139 -14 0 1 0.886007 0 0 3365.291550 3365.792524 3366.293497 3366.493885 3368.497783 3369.383790 1 C 
 40 266 5  8 3 1 HN 0 176 -39 88 -39 0 1 0.735243 0 0 3370.401484 3370.902456 3371.403431 3371.603819 3373.607711 3374.342954 1 C 
 40 267 5  9 3 1 HN 0 154 -45 77 -45 1 0 0.863659 0 0 3375.361124 3375.862096 3376.363072 3376.563461 3378.567355 3379.431014 1 E 
 40 268 5 10 1 1 NN 0 112 +40 112 +40 0 1 0.730151 0 0 3380.454359 3380.955330 3381.456305 3381.656693 3383.660598 3384.390749 1 C 
 40 269 5 11 2 1 LN 0 55 +35 38 +35 0 1 0.744375 0 0 3385.413999 3385.914972 3386.415947 3386.616336 3388.620231 3389.364605 1 C 
 40 270 5 12 3 3 HH 1 78 -21 117 +49 1 1 0.652105 0 0 3390.390339 3390.891312 3391.392290 3391.592676 3393.596571 3394.248676 1 C 
 40 271 5 13 2 3 LH 1 57 -35 74 +35 1 1 1.103106 0 0 3395.266486 3395.767459 3396.268431 3396.468821 3398.472715 3399.575821 1 C 
 40 272 5 14 3 3 HH 1 172 -86 86 -16 1 1 0.735692 0 0 3400.593507 3401.094483 3401.595453 3401.795842 3403.799738 3404.535430 1 C 
 40 273 5 15 2 3 LH 1 125 -70 87 +0 1 1 0.784713 0 0 3405.553148 3406.054121 3406.555095 3406.755484 3408.759379 3409.544092 1 C 
 40 274 5 16 3 3 HH 1 139 -36 69 +34 1 1 0.588558 0 0 3410.562884 3411.063859 3411.564833 3411.765222 3413.769117 3414.357676 1 C 
 40 275 5 17 1 3 NH 0 66 -60 66 +10 0 1 0.919375 0 0 3415.372236 3415.873207 3416.374182 3416.574571 3418.578467 3419.497842 1 C 
 40 276 5 18 2 1 LN 0 163 -90 114 -90 0 1 0.975119 0 0 3420.515567 3421.016540 3421.517513 3421.717903 3423.721798 3424.696916 1 C 
 40 277 5 19 2 3 LH 1 158 +15 205 +85 1 1 0.902696 0 0 3425.708994 3426.209968 3426.710946 3426.911332 3428.915227 3429.817923 1 C 
 40 278 5 20 3 2 HL 1 156 -1 78 +34 1 1 0.768405 0 0 3430.835628 3431.336601 3431.837575 3432.037965 3434.041867 3434.810272 1 C 
 40 279 5 21 3 3 HH 1 112 +45 56 -25 1 1 0.811940 0 0 3435.828667 3436.329640 3436.830614 3437.031004 3439.034909 3439.846850 1 C 
 40 280 5 22 3 3 HH 1 58 -88 87 -18 1 1 0.906269 0 0 3440.871805 3441.372776 3441.873750 3442.074140 3444.078036 3444.984305 1 C 
 40 281 5 23 3 3 HH 1 121 +20 60 -50 1 1 0.691180 0 0 3445.998437 3446.499412 3447.000383 3447.200773 3449.204668 3449.895849 1 C 
 40 282 5 24 2 1 LN 0 106 +74 137 +74 0 1 0.921140 0 0 3450.907979 3451.408953 3451.909930 3452.110316 3454.114211 3455.035351 1 C 
 40 283 5 25 3 3 HH 1 169 +20 253 +90 1 1 0.668821 0 0 3456.051312 3456.552282 3457.053258 3457.253647 3459.257543 3459.926365 1 C 
 40 284 5 26 2 3 LH 1 135 +75 94 +5 0 0 0.997137 0 0 3460.944157 3461.445129 3461.946103 3462.146492 3464.150388 3465.147525 1 E 
 40 285 5 27 2 2 LL 1 159 -48 111 -83 1 1 0.889645 0 0 3466.170983 3466.671958 3467.172931 3467.373320 3469.377215 3470.266860 1 C 
 40 286 5 28 1 3 NH 0 155 -16 155 +54 1 0 1.631946 0 0 3471.280916 3471.781890 3472.282864 3472.483253 3474.487156 3476.119102 1 E 
 40 287 5 29 2 2 LL 1 157 +60 204 +25 1 1 0.702144 0 0 3477.142314 3477.643284 3478.144257 3478.344647 3480.348542 3481.050686 1 C 
 40 288 5 30 1 1 NN 0 101 -17 101 -17 0 1 0.735742 0 0 3482.068555 3482.569526 3483.070504 3483.270890 3485.274785 3486.010528 1 C 
 40 289 5 31 3 1 HN 0 153 -87 229 -87 0 1 0.750532 0 0 3487.028195 3487.529167 3488.030141 3488.230531 3490.234426 3490.984958 1 C 
 40 290 5 32 1 1 NN 0 114 +89 114 +89 0 1 0.528229 0 0 3492.004536 3492.505508 3493.006486 3493.206871 3495.210766 3495.738996 1 C 
 40 291 5 33 3 2 HL 1 141 +73 211 +38 1 1 0.791402 0 0 3496.763787 3497.264760 3497.765733 3497.966123 3499.970019 3500.761421 1 C 
 40 292 5 34 1 2 NL 0 54 -82 54 -47 0 1 0.966020 0 0 3501.773528 3502.274498 3502.775472 3502.975861 3504.979757 3505.945777 1 C 
 40 293 5 35 1 1 NN 0 89 +41 89 +41 0 1 0.863844 0 0 3506.966959 3507.467926 3507.968901 3508.169290 3510.173186 3511.037030 1 C 
 40 294 5 36 2 2 LL 1 112 +76 145 +41 1 1 1.322803 0 0 3512.060188 3512.561161 3513.062135 3513.262524 3515.266420 3516.589223 1 C 
 40 295 5 37 1 2 NL 0 103 +32 103 -3 0 1 1.086373 0 0 3517.604297 3518.105272 3518.606248 3518.806635 3520.810531 3521.896903 1 C 
 40 296 5 38 3 3 HH 1 173 -72 259 -2 1 1 0.674495 0 0 3522.914620 3523.415597 3523.916571 3524.116958 3526.120853 3526.795348 1 C 
 40 297 5 39 1 1 NN 0 101 -44 101 -44 0 1 0.691317 0 0 3527.807466 3528.308443 3528.809412 3529.009802 3531.013698 3531.705015 1 C 
 40 298 5 40 1 3 NH 0 61 -24 61 +46 0 1 0.902600 0 0 3532.717011 3533.217985 3533.718956 3533.919345 3535.923240 3536.825840 1 C 
 40 299 5 41 3 2 HL 1 88 +54 132 +89 1 1 0.802560 0 0 3537.843642 3538.344616 3538.845589 3539.045979 3541.049875 3541.852435 1 C 
 40 300 5 42 1 3 NH 0 122 +57 122 -13 0 1 0.830112 0 0 3542.870079 3543.371056 3543.872027 3544.072416 3546.076311 3546.906424 1 C 
 40 301 5 43 2 2 LL 1 107 +46 139 +11 1 1 0.618660 0 0 3547.929917 3548.430892 3548.931862 3549.132252 3551.136148 3551.754807 1 C 
 40 302 5 44 2 1 LN 0 152 -65 106 -65 0 1 1.442562 0 0 3552.772662 3553.273636 3553.774610 3553.975000 3555.978895 3557.421457 1 C 
 40 303 5 45 2 3 LH 1 75 +33 52 -37 1 1 0.773309 0 0 3558.433667 3558.934640 3559.435614 3559.636003 3561.639899 3562.413208 1 C 
 40 304 5 46 2 2 LL 1 159 -8 111 +27 1 1 0.835910 0 0 3563.426707 3563.927680 3564.428654 3564.629043 3566.632938 3567.468848 1 C 
 40 305 5 47 1 2 NL 0 65 +63 65 +28 0 1 1.056341 0 0 3568.486544 3568.987517 3569.488491 3569.688879 3571.692774 3572.749115 1 C 
 40 306 5 48 2 1 LN 0 93 +16 65 +16 0 1 0.724624 0 0 3573.763470 3574.264442 3574.765414 3574.965804 3576.969699 3577.694323 1 C 
 40 307 5 49 3 2 HL 1 70 -13 105 +22 1 1 0.835854 0 0 3578.706409 3579.207382 3579.708356 3579.908746 3581.912640 3582.748494 1 C 
 40 308 5 50 3 3 HH 1 84 +86 126 +16 1 1 0.607772 0 0 3583.766246 3584.267221 3584.768191 3584.968581 3586.972476 3587.580249 1 C 
 40 309 5 51 3 2 HL 1 125 +21 187 +56 1 1 0.868244 0 0 3588.592294 3589.093270 3589.594240 3589.794629 3591.798525 3592.666769 1 C 
 40 310 5 52 3 1 HN 0 94 +5 141 +5 0 1 0.772248 0 0 3593.685526 3594.186503 3594.687474 3594.887864 3596.891759 3597.664007 1 C 
 40 311 5 53 3 1 HN 0 99 +87 49 +87 0 1 0.735648 0 0 3598.678565 3599.179540 3599.680514 3599.880903 3601.884801 3602.620450 1 C 
 40 312 5 54 3 1 HN 0 55 +72 82 +72 0 1 0.707856 0 0 3603.638208 3604.139184 3604.640156 3604.840545 3606.844440 3607.552295 1 C 
 40 313 5 55 2 2 LL 1 73 +18 51 +53 1 1 1.142001 0 0 3608.564450 3609.065424 3609.566397 3609.766787 3611.770682 3612.912683 1 C 
 40 314 5 56 3 2 HL 1 149 +70 74 +35 1 1 1.219860 0 0 3613.924871 3614.425846 3614.926821 3615.127207 3617.131103 3618.350963 1 C 
 40 315 5 57 2 2 LL 1 92 -80 119 -45 1 1 0.945076 0 0 3619.368786 3619.869759 3620.370737 3620.571123 3622.575018 3623.520095 1 C 
 40 316 5 58 3 1 HN 0 79 -29 39 -29 1 0 0.773020 0 0 3624.545517 3625.046490 3625.547463 3625.747853 3627.751750 3628.524770 1 E 
 40 317 5 59 3 1 HN 0 79 +29 118 +29 0 1 0.646800 0 0 3629.538555 3630.039531 3630.540503 3630.740892 3632.744789 3633.391589 1 C 
 40 318 5 60 3 2 HL 1 148 -71 74 -36 1 1 0.778350 0 0 3634.414703 3634.915675 3635.416648 3635.617038 3637.620932 3638.399282 1 C 
 40 319 6  1 1 2 NL 0 62 -76 62 -41 0 1 1.210278 0 0 3650.813247 3651.314217 3651.815192 3652.015582 3654.019477 3655.229755 1 C 
 40 320 6  2 3 1 HN 0 161 +52 80 +52 0 1 1.242302 0 0 3656.240463 3656.741434 3657.242410 3657.442798 3659.446693 3660.688995 1 C 
 40 321 6  3 3 3 HH 1 156 -36 78 +34 1 1 0.658070 0 0 3661.701075 3662.202050 3662.703028 3662.903413 3664.907308 3665.565378 1 C 
 40 322 6  4 1 2 NL 0 117 +11 117 +46 0 1 0.712360 0 0 3666.577223 3667.078196 3667.579169 3667.779559 3669.783454 3670.495814 1 C 
 40 323 6  5 3 2 HL 1 63 -28 31 +7 1 1 0.583342 0 0 3671.520165 3672.021138 3672.522114 3672.722501 3674.726396 3675.309738 1 C 
 40 324 6  6 2 3 LH 1 156 -43 109 +27 1 1 1.089858 0 0 3676.329514 3676.830487 3677.331461 3677.531850 3679.535745 3680.625603 1 C 
 40 325 6  7 1 1 NN 0 66 +1 66 +1 0 1 0.689823 0 0 3681.639837 3682.140809 3682.641783 3682.842173 3684.846068 3685.535892 1 C 
 40 326 6  8 3 3 HH 1 148 +22 74 -48 1 1 0.741319 0 0 3686.549380 3687.050353 3687.551330 3687.751716 3689.755612 3690.496931 1 C 
 40 327 6  9 1 3 NH 0 96 -10 96 -80 0 1 1.463708 0 0 3691.509022 3692.009997 3692.510972 3692.711357 3694.715253 3696.178961 1 C 
 40 328 6 10 1 2 NL 0 107 +25 107 -10 1 0 0.741326 0 0 3697.203424 3697.704397 3698.205374 3698.405760 3700.409656 3701.150982 1 E 
 40 329 6 11 1 3 NH 0 56 -59 56 +11 0 1 0.696560 0 0 3702.163068 3702.664038 3703.165011 3703.365402 3705.369301 3706.065861 1 C 
 40 330 6 12 1 3 NH 0 88 +55 88 -15 0 1 0.891611 0 0 3707.089307 3707.590281 3708.091255 3708.291644 3710.295540 3711.187151 1 C 
 40 331 6 13 2 2 LL 1 146 +52 102 +17 0 0 0.930426 0 0 3712.199242 3712.700213 3713.201190 3713.401586 3715.405473 3716.335900 1 E 
 40 332 6 14 3 3 HH 1 179 -68 268 +2 1 1 0.746974 0 0 3717.359272 3717.860247 3718.361218 3718.561608 3720.565502 3721.312476 1 C 
 40 333 6 15 1 1 NN 0 149 -34 149 -34 0 1 0.557814 0 0 3722.335614 3722.836585 3723.337559 3723.537945 3725.541843 3726.099657 1 C 
 40 334 6 16 1 3 NH 0 123 +18 123 +88 0 1 1.910540 0 0 3727.111563 3727.612538 3728.113510 3728.313899 3730.317795 3732.228335 1 C 
 40 335 6 17 2 3 LH 1 58 +41 40 -29 1 1 0.978108 0 0 3733.240142 3733.741116 3734.242090 3734.442479 3736.446375 3737.424484 1 C 
 40 336 6 18 2 3 LH 1 148 -7 192 -77 1 1 0.696821 0 0 3738.450272 3738.951246 3739.452222 3739.652607 3741.656502 3742.353323 1 C 
 40 337 6 19 2 2 LL 1 135 -45 175 -80 1 1 0.701129 0 0 3743.376515 3743.877486 3744.378460 3744.578849 3746.582745 3747.283874 1 C 
 40 338 6 20 3 2 HL 1 150 +44 75 +9 1 1 1.069678 0 0 3748.302757 3748.803731 3749.304705 3749.505093 3751.508998 3752.578676 1 C 
 40 339 6 21 1 1 NN 0 67 -2 67 -2 0 1 0.913830 0 0 3753.596379 3754.097356 3754.598327 3754.798717 3756.802614 3757.716443 1 C 
 40 340 6 22 2 3 LH 1 59 -13 41 +57 1 1 0.808037 0 0 3758.739711 3759.240685 3759.741659 3759.942048 3761.945943 3762.753981 1 C 
 40 341 6 23 2 2 LL 1 129 +31 90 -4 1 1 0.774713 0 0 3763.766150 3764.267125 3764.768096 3764.968485 3766.972382 3767.747096 1 C 
 40 342 6 24 2 2 LL 1 107 -55 139 -90 1 1 0.902491 0 0 3768.759188 3769.260162 3769.761134 3769.961525 3771.965421 3772.867912 1 C 
 40 343 6 25 2 3 LH 1 121 +64 84 -6 0 0 0.878353 0 0 3773.885823 3774.386794 3774.887768 3775.088157 3777.092053 3777.970406 1 E 
 40 344 6 26 2 3 LH 1 77 +3 100 +73 0 0 0.713465 0 0 3778.995755 3779.496728 3779.997701 3780.198090 3782.201985 3782.915450 1 E 
 40 345 6 27 2 3 LH 1 145 -61 188 +9 1 1 0.668954 0 0 3783.938698 3784.439672 3784.940644 3785.141032 3787.144927 3787.813882 1 C 
 40 346 6 28 1 3 NH 0 160 -77 160 -7 1 0 0.863529 0 0 3788.831542 3789.332514 3789.833491 3790.033877 3792.037772 3792.901301 1 E 
 40 347 6 29 3 3 HH 1 172 +88 86 +18 1 1 0.646740 0 0 3793.924776 3794.425757 3794.926724 3795.127113 3797.131007 3797.777748 1 C 
 40 348 6 30 1 2 NL 0 100 -59 100 -24 0 1 1.246098 0 0 3798.800920 3799.301896 3799.802868 3800.003257 3802.007153 3803.253250 1 C 
 40 349 6 31 2 1 LN 0 130 -56 91 -56 0 1 1.032631 0 0 3804.278238 3804.779210 3805.280182 3805.480571 3807.484467 3808.517097 1 C 
 40 350 6 32 2 2 LL 1 171 +54 119 +89 1 1 0.845371 0 0 3809.538460 3810.039433 3810.540407 3810.740796 3812.744689 3813.590060 1 C 
 40 351 6 33 3 2 HL 1 161 +3 241 +38 1 1 0.791399 0 0 3814.614996 3815.115968 3815.616941 3815.817332 3817.821227 3818.612626 1 C 
 40 352 6 34 1 3 NH 0 111 -37 111 +33 1 0 1.636473 0 0 3819.624732 3820.125706 3820.626680 3820.827070 3822.830964 3824.467437 1 E 
 40 353 6 35 2 1 LN 0 109 -49 76 -49 0 1 0.702395 0 0 3825.486128 3825.987104 3826.488075 3826.688464 3828.692360 3829.394755 1 C 
 40 354 6 36 3 3 HH 1 124 -34 62 +36 1 1 1.141194 0 0 3830.412375 3830.913344 3831.414317 3831.614706 3833.618600 3834.759794 1 C 
 40 355 6 37 3 2 HL 1 60 -80 90 -45 1 1 1.025226 0 0 3835.772791 3836.273763 3836.774738 3836.975137 3838.979023 3840.004248 1 C 
 40 356 6 38 2 2 LL 1 151 -27 105 -62 1 1 0.729407 0 0 3841.016320 3841.517292 3842.018266 3842.218654 3844.222548 3844.951955 1 C 
 40 357 6 39 1 1 NN 0 92 -10 92 -10 1 0 0.858207 0 0 3845.975960 3846.476934 3846.977905 3847.178294 3849.182197 3850.040404 1 E 
 40 358 6 40 1 2 NL 0 72 +24 72 +59 1 0 0.817144 0 0 3851.052494 3851.553469 3852.054440 3852.254830 3854.258726 3855.075870 1 E 
 40 359 6 41 1 2 NL 0 140 +46 140 +11 1 0 1.041927 0 0 3856.095630 3856.596605 3857.097577 3857.297966 3859.301862 3860.343789 1 E 
 40 360 6 42 2 3 LH 1 70 -62 91 +8 1 1 0.850351 0 0 3861.355857 3861.856828 3862.357804 3862.558192 3864.562087 3865.412438 1 C 
 40 361 6 43 3 2 HL 1 73 -64 36 -29 1 1 0.624319 0 0 3866.432389 3866.933363 3867.434337 3867.634727 3869.638625 3870.262945 1 C 
 40 362 6 44 3 2 HL 1 77 -85 38 -50 1 1 0.674706 0 0 3871.275138 3871.776111 3872.277085 3872.477474 3874.481369 3875.156075 1 C 
 40 363 6 45 1 1 NN 0 144 +53 144 +53 0 1 0.551795 0 0 3876.167983 3876.668958 3877.169929 3877.370319 3879.374212 3879.926007 1 C 
 40 364 6 46 3 2 HL 1 125 -30 62 +5 1 1 0.850457 0 0 3880.943933 3881.444908 3881.945880 3882.146269 3884.150165 3885.000621 1 C 
 40 365 6 47 1 1 NN 0 81 -49 81 -49 0 1 0.874752 0 0 3886.020468 3886.521441 3887.022415 3887.222805 3889.226699 3890.101451 1 C 
 40 366 6 48 1 2 NL 0 112 -63 112 -28 0 1 0.808091 0 0 3891.113704 3891.614678 3892.115649 3892.316038 3894.319934 3895.128024 1 C 
 40 367 6 49 2 3 LH 1 140 +65 98 -5 1 1 0.674650 0 0 3896.140139 3896.641113 3897.142086 3897.342476 3899.346374 3900.021024 1 C 
 40 368 6 50 2 1 LN 0 61 +10 42 +10 0 1 0.886031 0 0 3901.032984 3901.533961 3902.034931 3902.235325 3904.239216 3905.125247 1 C 
 40 369 6 51 3 1 HN 0 174 -28 87 -28 0 1 0.724625 0 0 3906.142917 3906.643891 3907.144867 3907.345257 3909.349150 3910.073775 1 C 
 40 370 6 52 3 3 HH 1 63 +76 31 +6 1 1 0.612054 0 0 3911.085861 3911.586835 3912.087810 3912.288196 3914.292093 3914.904148 1 C 
 40 371 6 53 1 2 NL 0 169 +3 169 -32 0 1 0.600772 0 0 3915.928607 3916.429582 3916.930554 3917.130943 3919.134839 3919.735611 1 C 
 40 372 6 54 3 1 HN 0 141 +58 70 +58 0 1 0.958298 0 0 3920.754653 3921.255628 3921.756601 3921.956991 3923.960886 3924.919184 1 C 
 40 373 6 55 2 1 LN 0 136 +9 95 +9 0 1 0.680068 0 0 3925.931386 3926.432358 3926.933335 3927.133721 3929.137616 3929.817684 1 C 
 40 374 6 56 2 1 LN 0 56 +88 72 +88 0 1 0.746883 0 0 3930.840926 3931.341902 3931.842877 3932.043265 3934.047160 3934.794043 1 C 
 40 375 6 57 2 2 LL 1 100 +32 70 +67 1 1 1.258999 0 0 3935.817268 3936.318242 3936.819218 3937.019603 3939.023500 3940.282499 1 C 
 40 376 6 58 2 2 LL 1 122 -52 158 -17 1 1 0.801721 0 0 3941.294583 3941.795558 3942.296531 3942.496922 3944.500817 3945.302538 1 C 
 40 377 6 59 2 2 LL 1 68 +79 47 +44 1 1 0.611236 0 0 3946.321020 3946.821993 3947.322967 3947.523357 3949.527252 3950.138488 1 C 
 40 378 6 60 2 3 LH 1 63 +76 44 +6 1 1 0.518515 0 0 3951.163768 3951.664742 3952.165715 3952.366104 3954.369999 3954.888515 1 C 
