 49   1 0 43 3 2 HL 1 148 +26 74 -9 0 0 9.296827 0 0 4608.608594 4609.109570 4609.610542 4609.810931 4611.814831 4621.111658 1 E 
 49   2 0 44 2 2 LL 1 136 -69 95 -34 0 0 1.882670 0 0 4622.134889 4622.635862 4623.136836 4623.337225 4625.341121 4627.223790 1 E 
 49   3 0 45 1 2 NL 0 56 +69 56 +34 1 0 2.888445 0 0 4628.246771 4628.747743 4629.248717 4629.449107 4631.453002 4634.341447 1 E 
 49   4 0 46 3 3 HH 1 129 -34 64 +36 0 0 1.720985 0 0 4635.360600 4635.861573 4636.362548 4636.562934 4638.566831 4640.287815 1 E 
 49   5 0 47 3 3 HH 1 67 +60 33 -10 1 1 0.006518 1 1 4641.305490 4641.806461 4642.307435 4642.507825 4644.511720 4644.518239 1 N 
 49   6 0 48 1 3 NH 0 98 +39 98 -31 0 1 2.060524 0 1 4650.439911 4650.940887 4651.441857 4651.642248 4653.646144 4655.706668 1 C 
 49   7 0 49 3 1 HN 0 55 -43 82 -43 0 1 2.132198 0 1 4656.718785 4657.219758 4657.720730 4657.921120 4659.925016 4662.057213 1 C 
 49   8 0 50 2 1 LN 0 93 -21 65 -21 0 1 1.064545 0 1 4663.081152 4663.582125 4664.083099 4664.283488 4666.287383 4667.351928 1 C 
 49   9 0 51 1 2 NL 0 132 -52 132 -17 0 1 1.058642 0 1 4668.374774 4668.875748 4669.376722 4669.577111 4671.581007 4672.639649 1 C 
 49  10 0 52 2 3 LH 1 167 -80 116 -10 0 0 1.433362 0 1 4673.651701 4674.152673 4674.653647 4674.854037 4676.857932 4678.291294 1 E 
 49  11 0 53 1 3 NH 0 151 -49 151 +21 0 1 1.044091 0 1 4679.312705 4679.813679 4680.314652 4680.515040 4682.518936 4683.563027 1 C 
 49  12 0 54 1 1 NN 0 134 +78 134 +78 0 1 0.919395 0 1 4684.589629 4685.090602 4685.591574 4685.791965 4687.795861 4688.715257 1 C 
 49  13 0 55 1 1 NN 0 172 -23 172 -23 0 1 1.056366 0 1 4689.732961 4690.233933 4690.734907 4690.935296 4692.939192 4693.995558 1 C 
 49  14 0 56 3 2 HL 1 60 -61 90 -26 1 1 1.472903 0 1 4695.009889 4695.510858 4696.011832 4696.212221 4698.216117 4699.689020 1 C 
 49  15 0 57 3 3 HH 1 172 -56 86 +14 1 1 1.169720 0 1 4700.704288 4701.205263 4701.706234 4701.906624 4703.910518 4705.080238 1 C 
 49  16 0 58 2 1 LN 0 109 +50 76 +50 0 1 1.708290 0 1 4706.098106 4706.599079 4707.100056 4707.300442 4709.304341 4711.012631 1 C 
 49  17 0 59 2 3 LH 1 125 -70 87 +0 1 1 1.331283 0 1 4712.026296 4712.527269 4713.028246 4713.228633 4715.232528 4716.563811 1 C 
 49  18 0 60 2 2 LL 1 81 +54 56 +89 1 1 1.119719 0 1 4717.587106 4718.088080 4718.589053 4718.789443 4720.793338 4721.913057 1 C 
 49  19 1  1 2 1 LN 0 71 +4 49 +4 0 1 0.904205 0 1 4728.508337 4729.009312 4729.510287 4729.710673 4731.714568 4732.618773 1 C 
 49  20 1  2 3 3 HH 1 59 +15 29 -55 1 1 0.780205 0 1 4733.634970 4734.135945 4734.636916 4734.837305 4736.841201 4737.621406 1 C 
 49  21 1  3 2 1 LN 0 79 +63 102 +63 1 0 0.745288 0 1 4738.644711 4739.145680 4739.646654 4739.847044 4741.850939 4742.596227 1 E 
 49  22 1  4 3 1 HN 0 87 -65 130 -65 1 0 1.157851 0 1 4743.621048 4744.122020 4744.622993 4744.823387 4746.827280 4747.985130 1 E 
 49  23 1  5 1 2 NL 0 79 -22 79 -57 0 1 1.093755 0 1 4748.998167 4749.499139 4750.000118 4750.200503 4752.204396 4753.298152 1 C 
 49  24 1  6 3 3 HH 1 93 +11 139 +81 1 1 1.254489 0 1 4754.325190 4754.826161 4755.327135 4755.527524 4757.531421 4758.785910 1 C 
 49  25 1  7 2 2 LL 1 176 +48 123 +13 1 1 0.905307 0 1 4759.802504 4760.303478 4760.804450 4761.004839 4763.008734 4763.914041 1 C 
 49  26 1  8 2 3 LH 1 102 -39 71 +31 0 0 0.989298 0 1 4764.929136 4765.430110 4765.931086 4766.131472 4768.135367 4769.124665 1 E 
 49  27 1  9 1 2 NL 0 59 +39 59 +74 0 1 2.610463 0 1 4770.139266 4770.640238 4771.141211 4771.341600 4773.345495 4775.955958 1 C 
 49  28 1 10 3 1 HN 0 69 -64 103 -64 0 1 0.854069 0 1 4776.969206 4777.470184 4777.971157 4778.171543 4780.175438 4781.029507 1 C 
 49  29 1 11 3 3 HH 1 169 -7 84 +63 1 1 1.609567 0 1 4782.045741 4782.546715 4783.047688 4783.248078 4785.251973 4786.861540 1 C 
 49  30 1 12 1 3 NH 0 140 -11 140 +59 0 1 1.429396 0 1 4787.873738 4788.374710 4788.875688 4789.076074 4791.079970 4792.509366 1 C 
 49  31 1 13 2 3 LH 1 109 -48 141 +22 1 1 1.214309 0 1 4793.534741 4794.035715 4794.536691 4794.737083 4796.740973 4797.955282 1 C 
 49  32 1 14 3 3 HH 1 169 +11 84 -59 1 1 0.858110 0 1 4798.978657 4799.479631 4799.980605 4800.180994 4802.184887 4803.042997 1 C 
 49  33 1 15 3 3 HH 1 115 +12 57 -58 1 1 0.999479 0 1 4804.055194 4804.556164 4805.057138 4805.257530 4807.261424 4808.260903 1 C 
 49  34 1 16 1 1 NN 0 87 +47 87 +47 0 1 0.629270 0 1 4809.282019 4809.782999 4810.283969 4810.484357 4812.488250 4813.117520 1 C 
 49  35 1 17 2 2 LL 1 79 +58 102 +23 1 1 1.275550 0 1 4814.141466 4814.642439 4815.143416 4815.343802 4817.347698 4818.623248 1 C 
 49  36 1 18 1 2 NL 0 142 +20 142 -15 0 1 1.065995 0 1 4819.635482 4820.136453 4820.637429 4820.837816 4822.841712 4823.907707 1 C 
 49  37 1 19 3 1 HN 0 152 +7 76 +7 0 1 0.789424 0 1 4824.929104 4825.430077 4825.931050 4826.131440 4828.135335 4828.924760 1 C 
 49  38 1 20 1 3 NH 0 99 +60 99 -10 1 0 0.652256 0 1 4829.938841 4830.439815 4830.940789 4831.141179 4833.145074 4833.797330 1 E 
 49  39 1 21 1 2 NL 0 76 +54 76 +19 0 1 0.651262 0 1 4834.814987 4835.315961 4835.816935 4836.017324 4838.021219 4838.672481 1 C 
 49  40 1 22 1 1 NN 0 145 +82 145 +82 0 1 0.772996 0 1 4839.691132 4840.192106 4840.693083 4840.893468 4842.897365 4843.670362 1 C 
 49  41 1 23 2 2 LL 1 82 -10 106 +25 0 0 0.754825 0 1 4844.684172 4845.185145 4845.686123 4845.886509 4847.890404 4848.645229 1 E 
 49  42 1 24 1 2 NL 0 72 -34 72 -69 0 1 1.782176 0 1 4849.660516 4850.161485 4850.662459 4850.862849 4852.866744 4854.648920 1 C 
 49  43 1 25 3 1 HN 0 175 +10 87 +10 1 0 1.056511 0 1 4855.672199 4856.173172 4856.674150 4856.874535 4858.878430 4859.934941 1 E 
 49  44 1 26 3 2 HL 1 117 -75 58 -40 1 1 0.737911 0 1 4860.949124 4861.450098 4861.951069 4862.151460 4864.155355 4864.893266 1 C 
 49  45 1 27 2 1 LN 0 149 +43 193 +43 0 1 0.757958 0 1 4865.908764 4866.409738 4866.910711 4867.111100 4869.114996 4869.872954 1 C 
 49  46 1 28 3 2 HL 1 146 -89 73 -54 1 1 1.236651 0 1 4870.885105 4871.386078 4871.887054 4872.087441 4874.091336 4875.327987 1 C 
 49  47 1 29 2 2 LL 1 66 +79 85 +44 0 0 2.054922 0 1 4876.345719 4876.846692 4877.347666 4877.548056 4879.551949 4881.606871 1 E 
 49  48 1 30 1 2 NL 0 146 -8 146 -43 0 1 1.776066 0 1 4882.624590 4883.125564 4883.626537 4883.826928 4885.830827 4887.606893 1 C 
 49  49 1 31 2 1 LN 0 180 +62 125 +62 0 1 0.783383 0 1 4888.619578 4889.120554 4889.621526 4889.821915 4891.825811 4892.609194 1 C 
 49  50 1 32 3 3 HH 1 76 +0 114 +70 0 0 1.114451 0 1 4893.629318 4894.130291 4894.631266 4894.831653 4896.835548 4897.949999 1 E 
 49  51 1 33 2 1 LN 0 59 +77 41 +77 1 0 0.674530 0 1 4898.973038 4899.474014 4899.974986 4900.175375 4902.179270 4902.853800 1 E 
 49  52 1 34 1 1 NN 0 148 +81 148 +81 0 1 0.663171 0 1 4903.865883 4904.366859 4904.867830 4905.068221 4907.072114 4907.735285 1 C 
 49  53 1 35 3 2 HL 1 116 +11 58 +46 1 1 2.355590 0 1 4908.758728 4909.259701 4909.760675 4909.961064 4911.964960 4914.320550 1 C 
 49  54 1 36 1 2 NL 0 160 -54 160 -89 0 1 0.902566 0 1 4915.338183 4915.839157 4916.340131 4916.540520 4918.544416 4919.446982 1 C 
 49  55 1 37 2 2 LL 1 108 -83 75 -48 1 1 2.700494 0 1 4920.464817 4920.965790 4921.466763 4921.667153 4923.671048 4926.371542 1 C 
 49  56 1 38 3 3 HH 1 167 +20 250 +90 1 1 1.149975 0 1 4927.394955 4927.895928 4928.396901 4928.597291 4930.601186 4931.751162 1 C 
 49  57 1 39 2 2 LL 1 54 -74 37 -39 1 1 0.644937 0 1 4932.772075 4933.273047 4933.774021 4933.974410 4935.978305 4936.623242 1 C 
 49  58 1 40 3 1 HN 0 112 -21 168 -21 0 1 1.309099 0 1 4937.648220 4938.149193 4938.650167 4938.850556 4940.854451 4942.163550 1 C 
 49  59 1 41 3 3 HH 1 103 +4 154 +74 1 1 1.866267 0 1 4943.175631 4943.676603 4944.177582 4944.377967 4946.381866 4948.248132 1 C 
 49  60 1 42 3 3 HH 1 124 +23 62 -47 1 1 1.115823 0 1 4949.270813 4949.771785 4950.272764 4950.473148 4952.477045 4953.592867 1 C 
 49  61 1 43 2 2 LL 1 146 -30 189 -65 1 1 0.808036 0 1 4954.614535 4955.115507 4955.616483 4955.816871 4957.820765 4958.628802 1 C 
 49  62 1 44 2 1 LN 0 101 -58 131 -58 0 1 0.724411 0 1 4959.640970 4960.141944 4960.642919 4960.843308 4962.847204 4963.571615 1 C 
 49  63 1 45 1 2 NL 0 118 -60 118 -25 0 1 1.219127 0 1 4964.583914 4965.084887 4965.585861 4965.786250 4967.790143 4969.009271 1 C 
 49  64 1 46 3 2 HL 1 83 -29 124 -64 0 0 0.888278 0 1 4970.027828 4970.528802 4971.029776 4971.230166 4973.234062 4974.122340 1 E 
 49  65 1 47 3 3 HH 1 97 +64 48 -6 1 1 0.869244 0 1 4975.137764 4975.638736 4976.139709 4976.340099 4978.343995 4979.213238 1 C 
 49  66 1 48 1 3 NH 0 97 +47 97 -23 0 1 0.796947 0 1 4980.230999 4980.731968 4981.232944 4981.433334 4983.437229 4984.234176 1 C 
 49  67 1 49 3 2 HL 1 103 +4 154 +39 1 1 0.947239 0 1 4985.257434 4985.758407 4986.259385 4986.459771 4988.463666 4989.410905 1 C 
 49  68 1 50 2 3 LH 1 85 -68 59 +2 1 1 1.506094 0 1 4990.434164 4990.935139 4991.436113 4991.636501 4993.640407 4995.146501 1 C 
 49  69 1 51 1 1 NN 0 75 +41 75 +41 0 1 0.746824 0 1 4996.161965 4996.662941 4997.163912 4997.364302 4999.368197 5000.115021 1 C 
 49  70 1 52 3 1 HN 0 167 +65 83 +65 0 1 1.180887 0 1 5001.138306 5001.639279 5002.140254 5002.340642 5004.344537 5005.525424 1 C 
 49  71 1 53 2 3 LH 1 74 -31 51 +39 1 1 1.570657 0 1 5006.548824 5007.049797 5007.550770 5007.751159 5009.755055 5011.325712 1 C 
 49  72 1 54 1 2 NL 0 85 +8 85 +43 0 1 2.239544 0 1 5012.343421 5012.844398 5013.345367 5013.545757 5015.549652 5017.789196 1 C 
 49  73 1 55 2 3 LH 1 122 +13 85 -57 1 1 1.754362 0 1 5018.805985 5019.306956 5019.807930 5020.008319 5022.012215 5023.766577 1 C 
 49  74 1 56 2 1 LN 0 160 -32 112 -32 0 1 1.086381 0 1 5024.784274 5025.285243 5025.786220 5025.986610 5027.990502 5029.076883 1 C 
 49  75 1 57 2 2 LL 1 89 +17 115 -18 1 1 1.234268 0 1 5030.094595 5030.595567 5031.096541 5031.296931 5033.300826 5034.535093 1 C 
 49  76 1 58 1 1 NN 0 72 -65 72 -65 1 0 1.592806 0 1 5035.555209 5036.056182 5036.557163 5036.757545 5038.761441 5040.354247 1 E 
 49  77 1 59 3 2 HL 1 143 -3 71 -38 1 1 1.817808 0 1 5041.366506 5041.867478 5042.368452 5042.568847 5044.572739 5046.390547 1 C 
 49  78 1 60 1 3 NH 0 83 +59 83 -11 1 0 1.488779 0 1 5047.411591 5047.912565 5048.413538 5048.613926 5050.617822 5052.106601 1 E 
 49  79 2  1 1 2 NL 0 58 -11 58 -46 0 1 1.205559 0 1 5065.196162 5065.697135 5066.198109 5066.398498 5068.402394 5069.607953 1 C 
 49  80 2  2 2 2 LL 1 80 +69 56 +34 1 1 0.863737 0 1 5070.623378 5071.124351 5071.625328 5071.825713 5073.829610 5074.693347 1 C 
 49  81 2  3 3 2 HL 1 139 +57 208 +22 1 1 1.931402 0 1 5075.716611 5076.217587 5076.718564 5076.918949 5078.922844 5080.854246 1 C 
 49  82 2  4 2 1 LN 0 70 +13 91 +13 0 1 2.113888 0 1 5081.878591 5082.379564 5082.880538 5083.080926 5085.084832 5087.198720 1 C 
 49  83 2  5 2 3 LH 1 87 -59 113 +11 1 1 0.846437 0 1 5088.224259 5088.725234 5089.226207 5089.426596 5091.430492 5092.276929 1 C 
 49  84 2  6 3 2 HL 1 68 -60 102 -25 0 0 1.316112 0 1 5093.300792 5093.801769 5094.302740 5094.503129 5096.507027 5097.823139 1 E 
 49  85 2  7 3 1 HN 0 126 -56 63 -56 0 1 1.420387 0 1 5098.844906 5099.345878 5099.846853 5100.047241 5102.051137 5103.471524 1 C 
 49  86 2  8 3 3 HH 1 86 +71 129 +1 1 1 0.685608 0 1 5104.489211 5104.990183 5105.491162 5105.691546 5107.695443 5108.381051 1 C 
 49  87 2  9 1 1 NN 0 122 +88 122 +88 1 0 0.657083 0 1 5109.398755 5109.899728 5110.400702 5110.601091 5112.604986 5113.262070 1 E 
 49  88 2 10 2 2 LL 1 141 -78 98 -43 0 0 2.077121 0 1 5114.274899 5114.775876 5115.276849 5115.477237 5117.481131 5119.558252 1 E 
 49  89 2 11 2 1 LN 0 75 -1 97 -1 0 1 0.975133 0 1 5120.570470 5121.071446 5121.572422 5121.772808 5123.776703 5124.751836 1 C 
 49  90 2 12 2 1 LN 0 80 +63 104 +63 0 1 0.956326 0 1 5125.763901 5126.264873 5126.765847 5126.966236 5128.970132 5129.926458 1 C 
 49  91 2 13 2 3 LH 1 111 -70 144 +0 1 1 1.197732 0 1 5130.940630 5131.441603 5131.942577 5132.142967 5134.146861 5135.344593 1 C 
 49  92 2 14 3 3 HH 1 154 -21 77 +49 1 1 2.024396 0 1 5136.367847 5136.868822 5137.369794 5137.570184 5139.574079 5141.598474 1 C 
 49  93 2 15 3 2 HL 1 97 +43 48 +78 1 1 0.882215 0 1 5142.613322 5143.114294 5143.615268 5143.815657 5145.819553 5146.701768 1 C 
 49  94 2 16 2 1 LN 0 138 +59 96 +59 0 1 2.153867 0 1 5147.723254 5148.224227 5148.725201 5148.925590 5150.929487 5153.083354 1 C 
 49  95 2 17 3 1 HN 0 57 +43 28 +43 0 1 0.809961 0 1 5154.102320 5154.603294 5155.104268 5155.304656 5157.308553 5158.118514 1 C 
 49  96 2 18 2 1 LN 0 178 -23 124 -23 0 1 0.969460 0 1 5159.145457 5159.646430 5160.147405 5160.347794 5162.351687 5163.321147 1 C 
 49  97 2 19 1 2 NL 0 75 -83 75 -48 1 0 0.991707 0 1 5164.338885 5164.839860 5165.340838 5165.541225 5167.545119 5168.536826 1 E 
 49  98 2 20 3 1 HN 0 113 -27 169 -27 0 1 1.404095 0 1 5169.549016 5170.049987 5170.550962 5170.751351 5172.755246 5174.159341 1 C 
 49  99 2 21 3 1 HN 0 111 -74 166 -74 0 1 0.921965 0 1 5175.176621 5175.677594 5176.178571 5176.378958 5178.382852 5179.304817 1 C 
 49 100 2 22 3 3 HH 1 65 -79 97 -9 1 1 1.180832 0 1 5180.319955 5180.820926 5181.321900 5181.522287 5183.526192 5184.707024 1 C 
 49 101 2 23 2 1 LN 0 108 -62 75 -62 0 1 1.801418 0 1 5185.730471 5186.231443 5186.732417 5186.932807 5188.936702 5190.738120 1 C 
 49 102 2 24 1 3 NH 0 142 -78 142 -8 1 0 1.108663 0 1 5191.758854 5192.259827 5192.760803 5192.961192 5194.965087 5196.073749 1 E 
 49 103 2 25 2 2 LL 1 121 -82 84 -47 1 1 1.292328 0 1 5197.085876 5197.586850 5198.087824 5198.288214 5200.292109 5201.584437 1 C 
 49 104 2 26 1 2 NL 0 72 -12 72 +23 0 1 0.679794 0 1 5202.596590 5203.097562 5203.598537 5203.798926 5205.802821 5206.482616 1 C 
 49 105 2 27 1 3 NH 0 141 -29 141 +41 1 0 1.449910 0 1 5207.506134 5208.007107 5208.508081 5208.708470 5210.712366 5212.162275 1 E 
 49 106 2 28 1 1 NN 0 62 +79 62 +79 0 1 1.142107 0 1 5213.183836 5213.684813 5214.185784 5214.386174 5216.390069 5217.532176 1 C 
 49 107 2 29 1 2 NL 0 103 +23 103 +58 0 1 0.746866 0 1 5218.544259 5219.045233 5219.546204 5219.746593 5221.750489 5222.497356 1 C 
 49 108 2 30 3 3 HH 1 147 +65 220 -5 1 1 1.052833 0 1 5223.520597 5224.021574 5224.522544 5224.722934 5226.726829 5227.779662 1 C 
 49 109 2 31 2 3 LH 1 129 -64 167 +6 0 0 2.032706 0 1 5228.797521 5229.298495 5229.799469 5229.999858 5232.003754 5234.036461 1 E 
 49 110 2 32 2 3 LH 1 58 -85 40 -15 1 1 2.711792 0 1 5235.059694 5235.560668 5236.061645 5236.262031 5238.265927 5240.977719 1 C 
 49 111 2 33 2 2 LL 1 109 -34 76 +1 0 0 0.885251 0 1 5241.989834 5242.490807 5242.991780 5243.192169 5245.196065 5246.081316 1 E 
 49 112 2 34 2 3 LH 1 131 -84 91 -14 0 0 1.153929 0 1 5247.099768 5247.600740 5248.101716 5248.302103 5250.305999 5251.459928 1 E 
 49 113 2 35 2 3 LH 1 105 -66 73 +4 1 1 3.290757 0 1 5252.476886 5252.977859 5253.478838 5253.679222 5255.683117 5258.973874 1 C 
 49 114 2 36 1 1 NN 0 114 -70 114 -70 0 1 1.119885 0 1 5259.991495 5260.492466 5260.993444 5261.193830 5263.197725 5264.317611 1 C 
 49 115 2 37 2 3 LH 1 91 +76 63 +6 1 1 1.000535 0 1 5265.335214 5265.836187 5266.337162 5266.537551 5268.541446 5269.541982 1 C 
 49 116 2 38 1 3 NH 0 180 +38 180 -32 0 1 0.972607 0 1 5270.562041 5271.063015 5271.563989 5271.764377 5273.768274 5274.740881 1 C 
 49 117 2 39 2 1 LN 0 91 -76 63 -76 0 1 1.052986 0 1 5275.755469 5276.256444 5276.757418 5276.957807 5278.961703 5280.014689 1 C 
 49 118 2 40 3 2 HL 1 109 -74 54 -39 1 1 1.599302 0 1 5281.032396 5281.533369 5282.034343 5282.234732 5284.238628 5285.837930 1 C 
 49 119 2 41 1 3 NH 0 141 -8 141 -78 1 0 1.915738 0 1 5286.860392 5287.361364 5287.862339 5288.062728 5290.066627 5291.982365 1 E 
 49 120 2 42 3 1 HN 0 82 -81 123 -81 1 0 1.403703 0 1 5293.005669 5293.506643 5294.007617 5294.208006 5296.211902 5297.615605 1 E 
 49 121 2 43 1 1 NN 0 75 -56 75 -56 0 1 0.566102 0 1 5298.633276 5299.134253 5299.635224 5299.835613 5301.839509 5302.405612 1 C 
 49 122 2 44 2 2 LL 1 95 +80 66 +45 1 1 0.924958 0 1 5303.425926 5303.926899 5304.427873 5304.628263 5306.632158 5307.557116 1 C 
 49 123 2 45 1 2 NL 0 141 +62 141 +27 0 1 0.663302 0 1 5308.569259 5309.070234 5309.571209 5309.771594 5311.775491 5312.438794 1 C 
 49 124 2 46 3 2 HL 1 134 -49 67 -14 1 1 1.175359 0 1 5313.462102 5313.963076 5314.464049 5314.664439 5316.668335 5317.843695 1 C 
 49 125 2 47 2 2 LL 1 132 +11 171 -24 1 1 1.256343 0 1 5318.855921 5319.356894 5319.857872 5320.058257 5322.062153 5323.318496 1 C 
 49 126 2 48 3 2 HL 1 76 +64 114 +29 1 1 1.437099 0 1 5324.333234 5324.834208 5325.335184 5325.535572 5327.539467 5328.976566 1 C 
 49 127 2 49 3 3 HH 1 72 -89 108 -19 0 0 1.541032 0 1 5329.994242 5330.495213 5330.996187 5331.196576 5333.200471 5334.741503 1 E 
 49 128 2 50 1 3 NH 0 80 -54 80 +16 1 0 1.476058 0 1 5335.755438 5336.256412 5336.757385 5336.957776 5338.961671 5340.437729 1 E 
 49 129 2 51 1 3 NH 0 179 +15 179 +85 0 1 2.984549 0 1 5341.449843 5341.950815 5342.451788 5342.652178 5344.656074 5347.640623 1 C 
 49 130 2 52 2 2 LL 1 134 -14 93 +21 1 1 1.840714 0 1 5348.663864 5349.164838 5349.665815 5349.866205 5351.870097 5353.710810 1 C 
 49 131 2 53 2 3 LH 1 110 +71 143 +1 1 1 1.403465 0 1 5354.725648 5355.226624 5355.727596 5355.927985 5357.931881 5359.335346 1 C 
 49 132 2 54 3 2 HL 1 101 -22 151 +13 1 1 0.986163 0 1 5360.353256 5360.854228 5361.355204 5361.555591 5363.559486 5364.545649 1 C 
 49 133 2 55 1 1 NN 0 98 -31 98 -31 0 1 1.061075 0 1 5365.563383 5366.064356 5366.565330 5366.765720 5368.769615 5369.830689 1 C 
 49 134 2 56 3 1 HN 0 156 -53 78 -53 0 1 1.110248 0 1 5370.857006 5371.357980 5371.858954 5372.059343 5374.063238 5375.173486 1 C 
 49 135 2 57 3 1 HN 0 66 -65 99 -65 0 1 1.080863 0 1 5376.184028 5376.685002 5377.185980 5377.386365 5379.390260 5380.471123 1 C 
 49 136 2 58 3 3 HH 1 97 +3 48 -67 1 1 1.301451 0 1 5381.494352 5381.995325 5382.496299 5382.696693 5384.700584 5386.002035 1 C 
 49 137 2 59 2 3 LH 1 120 -86 156 -16 1 1 1.243819 0 1 5387.021762 5387.522736 5388.023710 5388.224099 5390.227994 5391.471814 1 C 
 49 138 2 60 2 2 LL 1 123 -6 159 -41 1 1 2.245952 0 1 5392.482378 5392.983351 5393.484325 5393.684714 5395.688610 5397.934562 1 C 
 49 139 3  1 3 1 HN 0 111 +53 55 +53 0 1 0.847069 0 1 5411.786572 5412.287543 5412.788520 5412.988907 5414.992802 5415.839870 1 C 
 49 140 3  2 3 2 HL 1 136 -59 68 -24 0 0 0.794484 0 1 5416.863106 5417.364083 5417.865052 5418.065442 5420.069336 5420.863820 1 E 
 49 141 3  3 2 2 LL 1 68 -24 47 -59 0 0 1.031183 0 1 5421.889541 5422.390516 5422.891490 5423.091879 5425.095774 5426.126958 1 E 
 49 142 3  4 1 2 NL 0 99 +57 99 +22 1 0 0.947162 0 1 5427.149767 5427.650741 5428.151715 5428.352105 5430.356000 5431.303162 1 E 
 49 143 3  5 3 1 HN 0 129 -72 193 -72 1 0 2.606528 0 1 5432.326497 5432.827475 5433.328445 5433.528834 5435.532729 5438.139257 1 E 
 49 144 3  6 2 3 LH 1 54 -18 37 +52 1 1 1.294506 0 1 5439.156443 5439.657419 5440.158389 5440.358778 5442.362674 5443.657180 1 C 
 49 145 3  7 2 2 LL 1 106 -34 74 -69 0 0 0.889093 0 1 5444.683854 5445.184827 5445.685800 5445.886190 5447.890085 5448.779179 1 E 
 49 146 3  8 2 3 LH 1 142 -89 184 -19 1 1 0.824874 0 1 5449.793789 5450.294760 5450.795734 5450.996123 5453.000018 5453.824892 1 C 
 49 147 3  9 3 1 HN 0 83 -64 124 -64 0 1 1.609614 0 1 5454.836922 5455.337896 5455.838872 5456.039260 5458.043155 5459.652768 1 C 
 49 148 3 10 3 2 HL 1 82 -45 123 -10 1 1 1.932439 0 1 5460.664920 5461.165892 5461.666869 5461.867255 5463.871161 5465.803600 1 C 
 49 149 3 11 1 1 NN 0 72 -72 72 -72 1 0 2.263112 0 1 5466.826898 5467.327870 5467.828845 5468.029234 5470.033129 5472.296241 1 E 
 49 150 3 12 3 3 HH 1 140 -16 70 -86 1 1 0.986207 0 1 5473.322860 5473.823835 5474.324805 5474.525194 5476.529087 5477.515295 1 C 
 49 151 3 13 1 1 NN 0 99 +31 99 +31 0 1 0.568718 0 1 5478.532985 5479.033959 5479.534933 5479.735323 5481.739218 5482.307936 1 C 
 49 152 3 14 2 1 LN 0 68 -88 47 -88 1 0 1.034271 0 1 5483.325639 5483.826610 5484.327586 5484.527972 5486.531868 5487.566138 1 E 
 49 153 3 15 1 2 NL 0 74 -16 74 +19 0 1 1.650096 0 1 5488.585862 5489.086838 5489.587808 5489.788198 5491.792093 5493.442189 1 C 
 49 154 3 16 1 2 NL 0 80 +13 80 +48 0 1 0.847097 0 1 5494.463955 5494.964928 5495.465900 5495.666291 5497.670187 5498.517283 1 C 
 49 155 3 17 3 1 HN 0 153 -7 76 -7 0 1 0.991746 0 1 5499.540489 5500.041467 5500.542437 5500.742826 5502.746721 5503.738467 1 C 
 49 156 3 18 3 1 HN 0 173 +10 86 +10 0 1 0.991838 0 1 5504.750618 5505.251590 5505.752565 5505.952955 5507.956849 5508.948688 1 C 
 49 157 3 19 2 3 LH 1 95 +20 123 +90 1 1 1.077462 0 1 5509.960746 5510.461719 5510.962692 5511.163082 5513.166975 5514.244437 1 C 
 49 158 3 20 3 3 HH 1 80 +1 120 -69 1 1 0.991769 0 1 5515.271067 5515.772042 5516.273016 5516.473405 5518.477301 5519.469070 1 C 
 49 159 3 21 1 3 NH 0 159 +5 159 -65 0 1 2.706562 0 1 5520.481197 5520.982170 5521.483144 5521.683533 5523.687438 5526.394000 1 C 
 49 160 3 22 3 2 HL 1 117 +42 58 +7 1 1 1.114215 0 1 5527.411336 5527.912308 5528.413282 5528.613671 5530.617566 5531.731781 1 C 
 49 161 3 23 2 2 LL 1 72 -75 93 -40 1 1 1.290279 0 1 5532.755057 5533.256029 5533.757003 5533.957396 5535.961296 5537.251575 1 C 
 49 162 3 24 3 3 HH 1 104 +23 156 -47 1 1 0.965314 0 1 5538.265769 5538.766744 5539.267716 5539.468105 5541.472002 5542.437316 1 C 
 49 163 3 25 3 2 HL 1 131 +21 65 -14 1 1 1.277688 0 1 5543.459196 5543.960170 5544.461144 5544.661533 5546.665429 5547.943117 1 C 
 49 164 3 26 2 3 LH 1 56 +32 72 -38 1 1 1.949972 0 1 5548.969909 5549.470886 5549.971856 5550.172246 5552.176141 5554.126113 1 C 
 49 165 3 27 3 2 HL 1 136 -30 68 -65 1 1 2.092433 0 1 5555.148588 5555.649560 5556.150534 5556.350924 5558.354818 5560.447252 1 C 
 49 166 3 28 1 1 NN 0 112 -80 112 -80 0 1 2.233066 0 1 5561.460858 5561.961831 5562.462805 5562.663194 5564.667091 5566.900157 1 C 
 49 167 3 29 2 2 LL 1 167 +88 116 +53 1 1 1.685433 0 1 5567.923421 5568.424394 5568.925369 5569.125757 5571.129652 5572.815086 1 C 
 49 168 3 30 1 1 NN 0 124 -89 124 -89 0 1 1.375699 0 1 5573.834912 5574.335885 5574.836859 5575.037248 5577.041144 5578.416842 1 C 
 49 169 3 31 3 2 HL 1 99 -81 148 -46 1 1 1.481590 0 1 5579.429121 5579.930096 5580.431067 5580.631456 5582.635361 5584.116950 1 C 
 49 170 3 32 1 2 NL 0 72 -31 72 +4 1 0 1.203157 0 1 5585.140222 5585.641195 5586.142169 5586.342558 5588.346453 5589.549610 1 E 
 49 171 3 33 2 1 LN 0 126 +85 163 +85 0 1 1.163650 0 1 5590.567439 5591.068411 5591.569385 5591.769775 5593.773670 5594.937320 1 C 
 49 172 3 34 1 3 NH 0 71 +81 71 +11 1 0 1.022421 0 1 5595.961256 5596.462229 5596.963203 5597.163593 5599.167488 5600.189909 1 E 
 49 173 3 35 2 2 LL 1 112 +61 78 +26 1 1 1.042604 0 1 5601.204783 5601.705759 5602.206730 5602.407119 5604.411015 5605.453619 1 C 
 49 174 3 36 2 2 LL 1 56 +58 72 +23 0 0 1.080802 0 1 5606.465008 5606.965981 5607.466955 5607.667345 5609.671240 5610.752042 1 E 
 49 175 3 37 3 1 HN 0 71 +69 106 +69 0 1 0.855740 0 1 5611.775332 5612.276306 5612.777278 5612.977668 5614.981563 5615.837303 1 C 
 49 176 3 38 3 3 HH 1 148 +14 74 -56 1 1 0.805349 0 1 5616.851866 5617.352840 5617.853814 5618.054203 5620.058108 5620.863457 1 C 
 49 177 3 39 3 3 HH 1 133 -25 199 +45 1 1 1.131563 0 1 5621.878304 5622.379277 5622.880251 5623.080640 5625.084535 5626.216098 1 C 
 49 178 3 40 2 3 LH 1 149 +15 104 -55 1 1 3.162672 0 1 5627.238724 5627.739697 5628.240671 5628.441061 5630.444956 5633.607627 1 C 
 49 179 3 41 3 2 HL 1 96 +34 144 -1 1 1 0.894413 0 1 5634.619738 5635.120711 5635.621686 5635.822075 5637.825971 5638.720384 1 C 
 49 180 3 42 3 2 HL 1 104 +23 156 -12 1 1 1.001867 0 1 5639.746371 5640.247346 5640.748318 5640.948708 5642.952603 5643.954470 1 C 
 49 181 3 43 2 1 LN 0 54 +13 70 +13 0 1 1.459368 0 1 5644.973197 5645.474172 5645.975145 5646.175535 5648.179430 5649.638798 1 C 
 49 182 3 44 2 1 LN 0 154 +66 200 +66 1 0 1.214421 0 1 5650.650902 5651.151875 5651.652849 5651.853239 5653.857134 5655.071555 1 E 
 49 183 3 45 3 2 HL 1 171 +31 256 +66 0 0 1.101039 0 1 5656.094819 5656.595791 5657.096765 5657.297154 5659.301050 5660.402089 1 E 
 49 184 3 46 1 2 NL 0 88 +12 88 -23 1 0 0.899827 0 1 5661.421839 5661.922815 5662.423787 5662.624176 5664.628082 5665.527909 1 E 
 49 185 3 47 3 2 HL 1 148 +56 74 +21 1 1 2.869071 0 1 5666.548474 5667.049448 5667.550420 5667.750808 5669.754702 5672.623772 1 C 
 49 186 3 48 1 3 NH 0 102 -4 102 +66 0 1 3.112646 0 1 5673.645601 5674.146578 5674.647548 5674.847939 5676.851833 5679.964479 1 C 
 49 187 3 49 2 2 LL 1 75 +82 52 +47 1 1 1.336886 0 1 5680.976520 5681.477492 5681.978466 5682.178856 5684.182751 5685.519637 1 C 
 49 188 3 50 3 3 HH 1 79 +9 118 -61 1 1 1.466522 0 1 5686.537328 5687.038306 5687.539274 5687.739665 5689.743561 5691.210082 1 C 
 49 189 3 51 3 1 HN 0 121 +32 60 +32 1 0 1.849939 0 1 5692.231731 5692.732705 5693.233678 5693.434068 5695.437961 5697.287900 1 E 
 49 190 3 52 2 3 LH 1 86 +28 111 -42 1 1 0.805815 0 1 5698.310214 5698.811191 5699.312161 5699.512551 5701.516446 5702.322261 1 C 
 49 191 3 53 1 1 NN 0 157 -22 157 -22 0 1 3.635774 0 1 5703.336653 5703.837625 5704.338599 5704.538988 5706.542883 5710.178658 1 C 
 49 192 3 54 1 1 NN 0 152 -84 152 -84 0 1 0.924974 0 1 5711.201940 5711.702914 5712.203888 5712.404275 5714.408173 5715.333147 1 C 
 49 193 3 55 1 2 NL 0 158 -54 158 -89 0 1 1.218257 0 1 5716.345272 5716.846246 5717.347220 5717.547609 5719.551504 5720.769761 1 C 
 49 194 3 56 3 1 HN 0 107 -65 160 -65 0 1 3.022208 0 1 5721.789189 5722.290161 5722.791136 5722.991525 5724.995420 5728.017628 1 C 
 49 195 3 57 2 3 LH 1 76 -39 53 +31 0 0 1.559433 0 1 5729.036611 5729.537583 5730.038557 5730.238946 5732.242842 5733.802275 1 E 
 49 196 3 58 2 3 LH 1 114 +34 148 -36 1 1 0.967676 0 1 5734.814508 5735.315479 5735.816456 5736.016845 5738.020740 5738.988416 1 C 
 49 197 3 59 2 3 LH 1 74 -63 51 +7 1 1 2.221740 0 1 5740.007937 5740.508911 5741.009884 5741.210274 5743.214169 5745.435909 1 C 
 49 198 3 60 1 1 NN 0 72 +31 72 +31 0 1 0.696754 0 1 5746.453800 5746.954774 5747.455750 5747.656138 5749.660033 5750.356787 1 C 
 49 199 4  1 2 1 LN 0 169 -74 219 -74 0 1 0.790021 0 1 5760.798362 5761.299326 5761.800299 5762.000688 5764.004594 5764.794615 1 C 
 49 200 4  2 3 3 HH 1 85 +71 42 +1 1 1 0.788304 0 1 5765.808094 5766.309069 5766.810038 5767.010427 5769.014322 5769.802627 1 C 
 49 201 4  3 2 1 LN 0 167 +86 217 +86 1 0 0.910152 0 1 5770.817831 5771.318802 5771.819776 5772.020165 5774.024061 5774.934213 1 E 
 49 202 4  4 1 3 NH 0 56 +78 56 +8 0 1 1.620731 0 1 5775.961160 5776.462137 5776.963108 5777.163497 5779.167398 5780.788129 1 C 
 49 203 4  5 3 3 HH 1 80 -24 120 +46 1 1 0.907579 0 1 5781.805856 5782.306829 5782.807802 5783.008193 5785.012088 5785.919667 1 C 
 49 204 4  6 1 2 NL 0 61 -88 61 -53 0 1 1.011037 0 1 5786.932488 5787.433461 5787.934440 5788.134825 5790.138721 5791.149758 1 C 
 49 205 4  7 1 3 NH 0 153 -33 153 +37 0 1 0.897134 0 1 5792.176017 5792.676988 5793.177960 5793.378351 5795.382246 5796.279380 1 C 
 49 206 4  8 3 2 HL 1 71 -70 106 -35 0 0 1.320220 0 1 5797.302647 5797.803620 5798.304594 5798.504983 5800.508879 5801.829099 1 E 
 49 207 4  9 1 2 NL 0 165 -34 165 +1 0 1 1.034711 0 1 5802.846758 5803.347731 5803.848705 5804.049094 5806.052989 5807.087701 1 C 
 49 208 4 10 3 2 HL 1 164 +56 82 +21 1 1 1.221100 0 1 5808.106983 5808.607955 5809.108932 5809.309319 5811.313214 5812.534314 1 C 
 49 209 4 11 3 2 HL 1 96 +71 144 +36 1 1 1.362423 0 1 5813.550899 5814.051872 5814.552845 5814.753236 5816.757129 5818.119552 1 C 
 49 210 4 12 2 3 LH 1 69 +27 89 -43 0 0 1.804501 0 1 5819.145107 5819.646080 5820.147054 5820.347444 5822.351338 5824.155840 1 E 
 49 211 4 13 1 3 NH 0 139 +77 139 +7 1 0 1.891356 0 1 5825.173493 5825.674467 5826.175438 5826.375829 5828.379724 5830.271080 1 E 
 49 212 4 14 2 1 LN 0 144 -24 100 -24 0 1 2.572557 0 1 5831.285376 5831.786348 5832.287320 5832.487710 5834.491605 5837.064163 1 C 
 49 213 4 15 2 1 LN 0 135 -43 94 -43 0 1 0.799623 0 1 5838.081917 5838.582894 5839.083865 5839.284254 5841.288150 5842.087773 1 C 
 49 214 4 16 3 3 HH 1 62 -78 93 -8 1 1 1.275697 0 1 5843.108357 5843.609328 5844.110304 5844.310693 5846.314591 5847.590288 1 C 
 49 215 4 17 1 1 NN 0 100 -46 100 -46 0 1 1.852169 0 1 5848.602370 5849.103345 5849.604319 5849.804705 5851.808601 5853.660770 1 C 
 49 216 4 18 2 2 LL 1 176 -47 228 -12 0 0 1.353659 0 1 5854.680852 5855.181829 5855.682799 5855.883187 5857.887087 5859.240746 1 E 
 49 217 4 19 2 2 LL 1 57 +37 39 +72 0 0 1.116709 0 1 5860.258360 5860.759334 5861.260308 5861.460697 5863.464593 5864.581301 1 E 
 49 218 4 20 2 3 LH 1 179 -42 232 +28 1 1 0.928529 0 1 5865.602082 5866.103054 5866.604029 5866.804419 5868.808314 5869.736843 1 C 
 49 219 4 21 1 3 NH 0 90 +85 90 +15 1 0 1.159049 0 1 5870.762110 5871.263085 5871.764059 5871.964449 5873.968344 5875.127393 1 E 
 49 220 4 22 1 2 NL 0 58 +51 58 +86 1 0 1.921475 0 1 5876.139231 5876.640207 5877.141179 5877.341568 5879.345463 5881.266939 1 E 
 49 221 4 23 3 2 HL 1 145 +88 217 +53 1 1 1.125448 0 1 5882.284511 5882.785486 5883.286458 5883.486848 5885.490743 5886.616191 1 C 
 49 222 4 24 1 1 NN 0 144 -67 144 -67 0 1 0.963862 0 1 5887.628232 5888.129205 5888.630179 5888.830569 5890.834465 5891.798327 1 C 
 49 223 4 25 3 2 HL 1 160 +42 80 +77 1 1 2.116153 0 1 5892.821661 5893.322634 5893.823608 5894.023998 5896.027893 5898.144046 1 C 
 49 224 4 26 1 3 NH 0 113 +37 113 -33 0 1 1.317490 0 1 5899.167331 5899.668303 5900.169277 5900.369666 5902.373562 5903.691052 1 C 
 49 225 4 27 3 1 HN 0 64 -31 96 -31 1 0 0.971875 0 1 5904.711442 5905.212414 5905.713388 5905.913778 5907.917672 5908.889547 1 E 
 49 226 4 28 1 3 NH 0 56 +63 56 -7 1 0 1.888017 0 1 5909.904868 5910.405842 5910.906816 5911.107205 5913.111101 5914.999118 1 E 
 49 227 4 29 3 1 HN 0 122 -14 61 -14 0 1 1.139746 0 1 5916.016751 5916.517727 5917.018697 5917.219086 5919.222982 5920.362729 1 C 
 49 228 4 30 2 2 LL 1 75 -35 97 +0 1 1 0.928745 0 1 5921.377169 5921.878142 5922.379118 5922.579507 5924.583401 5925.512147 1 C 
 49 229 4 31 1 2 NL 0 127 -68 127 -33 1 0 4.820132 0 1 5926.537202 5927.038175 5927.539148 5927.739536 5929.743433 5934.563565 1 E 
 49 230 4 32 3 3 HH 1 96 +49 144 -21 0 0 0.634093 0 1 5935.588129 5936.089102 5936.590079 5936.790465 5938.794360 5939.428453 1 E 
 49 231 4 33 2 2 LL 1 93 -34 65 -69 1 1 1.598579 0 1 5940.447575 5940.948548 5941.449522 5941.649912 5943.653806 5945.252385 1 C 
 49 232 4 34 2 2 LL 1 86 +15 111 -20 1 1 1.558355 0 1 5946.275572 5946.776544 5947.277518 5947.477907 5949.481803 5951.040158 1 C 
 49 233 4 35 2 3 LH 1 141 -37 183 +33 1 1 1.665215 0 1 5952.053468 5952.554442 5953.055417 5953.255805 5955.259700 5956.924915 1 C 
 49 234 4 36 1 3 NH 0 150 +17 150 -53 0 1 1.254959 0 1 5957.948261 5958.449235 5958.950209 5959.150598 5961.154494 5962.409453 1 C 
 49 235 4 37 1 3 NH 0 124 +73 124 +3 0 1 1.404859 0 1 5963.425576 5963.926549 5964.427523 5964.627912 5966.631808 5968.036667 1 C 
 49 236 4 38 3 2 HL 1 155 -27 232 +8 1 1 1.409261 0 1 5969.053181 5969.554155 5970.055129 5970.255518 5972.259414 5973.668675 1 C 
 49 237 4 39 1 2 NL 0 126 +16 126 -19 0 1 1.346979 0 1 5974.680790 5975.181763 5975.682735 5975.883125 5977.887019 5979.233998 1 C 
 49 238 4 40 2 2 LL 1 62 +71 43 +36 0 0 1.425983 0 1 5980.258297 5980.759270 5981.260244 5981.460634 5983.464528 5984.890511 1 E 
 49 239 4 41 2 3 LH 1 161 +34 112 -36 1 1 0.861242 0 1 5985.902601 5986.403579 5986.904549 5987.104938 5989.108834 5989.970076 1 C 
 49 240 4 42 3 2 HL 1 54 +71 81 +36 0 0 2.344227 0 1 5990.995836 5991.496809 5991.997784 5992.198173 5994.202068 5996.546295 1 E 
 49 241 4 43 2 2 LL 1 58 +39 40 +4 1 1 0.944440 0 1 5997.558595 5998.059567 5998.560539 5998.760930 6000.764823 6001.709263 1 C 
 49 242 4 44 3 1 HN 0 91 -63 136 -63 1 0 1.416258 0 1 6002.735323 6003.236301 6003.737271 6003.937660 6005.941555 6007.357813 1 E 
 49 243 4 45 3 2 HL 1 108 -60 54 -25 1 1 1.058589 0 1 6008.379629 6008.880605 6009.381576 6009.581965 6011.585861 6012.644450 1 C 
 49 244 4 46 3 3 HH 1 123 +22 184 -48 1 1 1.236716 0 1 6013.656556 6014.157527 6014.658501 6014.858890 6016.862785 6018.099501 1 C 
 49 245 4 47 3 3 HH 1 103 -54 51 +16 1 1 0.939574 0 1 6019.117169 6019.618142 6020.119116 6020.319505 6022.323400 6023.262974 1 C 
 49 246 4 48 2 1 LN 0 178 +68 124 +68 0 1 1.609661 0 1 6024.277199 6024.778172 6025.279146 6025.479536 6027.483431 6029.093092 1 C 
 49 247 4 49 2 3 LH 1 171 +75 119 +5 0 0 1.525939 0 1 6030.105194 6030.606169 6031.107144 6031.307532 6033.311427 6034.837366 1 E 
 49 248 4 50 2 1 LN 0 94 -31 122 -31 0 1 3.147193 0 1 6035.849696 6036.350668 6036.851642 6037.052031 6039.055927 6042.203121 1 C 
 49 249 4 51 3 2 HL 1 132 +66 66 +31 1 1 0.891593 0 1 6043.214010 6043.714984 6044.215958 6044.416347 6046.420242 6047.311835 1 C 
 49 250 4 52 2 1 LN 0 117 +12 81 +12 0 1 0.858199 0 1 6048.323943 6048.824917 6049.325891 6049.526280 6051.530176 6052.388375 1 C 
 49 251 4 53 2 2 LL 1 95 +42 66 +7 1 1 2.084145 0 1 6053.400480 6053.901454 6054.402428 6054.602816 6056.606710 6058.690855 1 C 
 49 252 4 54 2 1 LN 0 70 -47 91 -47 0 1 1.510356 0 1 6059.712750 6060.213722 6060.714699 6060.915087 6062.918982 6064.429338 1 C 
 49 253 4 55 3 1 HN 0 144 -48 72 -48 0 1 1.127061 0 1 6065.440551 6065.941524 6066.442498 6066.642887 6068.646783 6069.773844 1 C 
 49 254 4 56 1 3 NH 0 174 -44 174 +26 0 1 1.309002 0 1 6070.800971 6071.301947 6071.802918 6072.003307 6074.007202 6075.316204 1 C 
 49 255 4 57 2 3 LH 1 102 -4 71 +66 1 1 1.592055 0 1 6076.328382 6076.829354 6077.330328 6077.530718 6079.534614 6081.126669 1 C 
 49 256 4 58 3 2 HL 1 55 +88 82 +53 1 1 0.772208 0 1 6082.139678 6082.640652 6083.141626 6083.342016 6085.345911 6086.118119 1 C 
 49 257 4 59 3 3 HH 1 82 -28 123 +42 1 1 0.805558 0 1 6087.132718 6087.633691 6088.134665 6088.335054 6090.338950 6091.144508 1 C 
 49 258 4 60 1 3 NH 0 105 -19 105 -89 1 0 1.823524 0 1 6092.159157 6092.660128 6093.161109 6093.361492 6095.365388 6097.188912 1 E 
 49 259 5  1 1 1 NN 0 109 -16 109 -16 0 1 1.145622 0 1 6111.162766 6111.663737 6112.164714 6112.365100 6114.368995 6115.514618 1 C 
 49 260 5  2 1 1 NN 0 87 +38 87 +38 0 1 0.688360 0 1 6116.539883 6117.040856 6117.541827 6117.742217 6119.746116 6120.434475 1 C 
 49 261 5  3 2 1 LN 0 152 +33 197 +33 0 1 0.678617 0 1 6121.449427 6121.950401 6122.451374 6122.651763 6124.655659 6125.334275 1 C 
 49 262 5  4 2 3 LH 1 64 +73 83 +3 1 1 1.937980 0 1 6126.358970 6126.859947 6127.360918 6127.561307 6129.565202 6131.503183 1 C 
 49 263 5  5 2 3 LH 1 135 -70 175 +0 1 1 0.832659 0 1 6132.520950 6133.021925 6133.522896 6133.723286 6135.727180 6136.559839 1 C 
 49 264 5  6 3 1 HN 0 105 -15 52 -15 0 1 0.830090 0 1 6137.580784 6138.081758 6138.582737 6138.783121 6140.787022 6141.617112 1 C 
 49 265 5  7 3 1 HN 0 125 +60 62 +60 0 1 1.015474 0 1 6142.640620 6143.141594 6143.642567 6143.842958 6145.846853 6146.862327 1 C 
 49 266 5  8 1 2 NL 0 145 -12 145 -47 0 1 1.277658 0 1 6147.884147 6148.385120 6148.886094 6149.086484 6151.090381 6152.368039 1 C 
 49 267 5  9 2 1 LN 0 129 +1 90 +1 0 1 1.751214 0 1 6153.394860 6153.895833 6154.396806 6154.597195 6156.601091 6158.352305 1 C 
 49 268 5 10 2 1 LN 0 172 +82 120 +82 1 0 0.942624 0 1 6159.373153 6159.874120 6160.375095 6160.575483 6162.579380 6163.522003 1 E 
 49 269 5 11 2 2 LL 1 145 -65 101 -30 1 1 1.627613 0 1 6164.533177 6165.034153 6165.535130 6165.735515 6167.739410 6169.367023 1 C 
 49 270 5 12 2 3 LH 1 57 -27 39 +43 1 1 1.184663 0 1 6170.377872 6170.878846 6171.379820 6171.580209 6173.584105 6174.768768 1 C 
 49 271 5 13 3 3 HH 1 125 +8 187 +78 1 1 0.913904 0 1 6175.788390 6176.289364 6176.790338 6176.990725 6178.994623 6179.908527 1 C 
 49 272 5 14 3 3 HH 1 127 -76 190 -6 1 1 0.941756 0 1 6180.931722 6181.432695 6181.933669 6182.134058 6184.137954 6185.079710 1 C 
 49 273 5 15 1 3 NH 0 70 -8 70 +62 1 0 2.128753 0 1 6186.091752 6186.592726 6187.093700 6187.294089 6189.297984 6191.426738 1 E 
 49 274 5 16 2 1 LN 0 154 +11 107 +11 0 1 0.808108 0 1 6192.437421 6192.938395 6193.439369 6193.639758 6195.643656 6196.451764 1 C 
 49 275 5 17 3 3 HH 1 180 -37 90 +33 1 1 1.846142 0 1 6197.463860 6197.964837 6198.465806 6198.666195 6200.670091 6202.516233 1 C 
 49 276 5 18 1 2 NL 0 144 +35 144 +0 0 1 1.237079 0 1 6203.542342 6204.043315 6204.544289 6204.744679 6206.748578 6207.985658 1 C 
 49 277 5 19 3 2 HL 1 155 -51 77 -86 1 1 1.372182 0 1 6209.002956 6209.503930 6210.004904 6210.205294 6212.209189 6213.581371 1 C 
 49 278 5 20 1 3 NH 0 88 -11 88 -81 0 1 1.126689 0 1 6214.597167 6215.098138 6215.599112 6215.799501 6217.803396 6218.930086 1 C 
 49 279 5 21 1 1 NN 0 151 -25 151 -25 0 1 0.871011 0 1 6219.940885 6220.441859 6220.942833 6221.143222 6223.147118 6224.018129 1 C 
 49 280 5 22 3 2 HL 1 78 +90 117 +55 1 1 0.730133 0 1 6225.034123 6225.535093 6226.036066 6226.236456 6228.240352 6228.970485 1 C 
 49 281 5 23 1 1 NN 0 65 -36 65 -36 1 0 3.497995 0 1 6229.993762 6230.494735 6230.995707 6231.196098 6233.199993 6236.697988 1 E 
 49 282 5 24 1 1 NN 0 67 +26 67 +26 0 1 0.745335 0 1 6237.708758 6238.209735 6238.710706 6238.911095 6240.914990 6241.660325 1 C 
 49 283 5 25 2 3 LH 1 63 -10 81 +60 1 1 1.193562 0 1 6242.685098 6243.186074 6243.687045 6243.887436 6245.891330 6247.084893 1 C 
 49 284 5 26 1 3 NH 0 151 +18 151 -52 1 0 1.987954 0 1 6248.095617 6248.596589 6249.097563 6249.297953 6251.301850 6253.289804 1 E 
 49 285 5 27 1 3 NH 0 178 +28 178 -42 0 1 0.971527 0 1 6254.307693 6254.808665 6255.309641 6255.510029 6257.513924 6258.485451 1 C 
 49 286 5 28 1 3 NH 0 171 -74 171 -4 0 1 0.810131 0 1 6259.501119 6260.002096 6260.503068 6260.703458 6262.707353 6263.517484 1 C 
 49 287 5 29 3 3 HH 1 140 -54 70 +16 1 1 1.224101 0 1 6264.544257 6265.045230 6265.546205 6265.746594 6267.750490 6268.974591 1 C 
 49 288 5 30 3 3 HH 1 179 +13 89 -57 1 1 1.051588 0 1 6269.988174 6270.489146 6270.990120 6271.190510 6273.194405 6274.245993 1 C 
 49 289 5 31 1 1 NN 0 158 -35 158 -35 0 1 0.716570 0 1 6275.265098 6275.766073 6276.267045 6276.467435 6278.471329 6279.187899 1 C 
 49 290 5 32 1 2 NL 0 59 +38 59 +3 0 1 0.820762 0 1 6280.208041 6280.709013 6281.209987 6281.410377 6283.414270 6284.235032 1 C 
 49 291 5 33 2 1 LN 0 109 +79 141 +79 0 1 1.243796 0 1 6285.251177 6285.752150 6286.253123 6286.453512 6288.457408 6289.701203 1 C 
 49 292 5 34 3 3 HH 1 126 -46 63 +24 1 1 1.232079 0 1 6290.711792 6291.212766 6291.713736 6291.914129 6293.918024 6295.150103 1 C 
 49 293 5 35 3 1 HN 0 114 +82 57 +82 0 1 1.154017 0 1 6296.172406 6296.673380 6297.174357 6297.374746 6299.378639 6300.532656 1 C 
 49 294 5 36 1 3 NH 0 136 +78 136 +8 0 1 1.002800 0 1 6301.549526 6302.050500 6302.551473 6302.751863 6304.755767 6305.758567 1 C 
 49 295 5 37 1 2 NL 0 114 +72 114 +37 0 1 1.521394 0 1 6306.776354 6307.277330 6307.778300 6307.978690 6309.982586 6311.503980 1 C 
 49 296 5 38 3 3 HH 1 62 -23 93 +47 1 1 0.727881 0 1 6312.520854 6313.021827 6313.522805 6313.723190 6315.727085 6316.454966 1 C 
 49 297 5 39 1 1 NN 0 101 -56 101 -56 0 1 0.954573 0 1 6317.480494 6317.981468 6318.482442 6318.682831 6320.686726 6321.641299 1 C 
 49 298 5 40 1 1 NN 0 108 -71 108 -71 0 1 0.776731 0 1 6322.657225 6323.158197 6323.659171 6323.859561 6325.863456 6326.640187 1 C 
 49 299 5 41 2 2 LL 1 78 -84 54 -49 1 1 0.997328 0 1 6327.666963 6328.167936 6328.668910 6328.869304 6330.873194 6331.870522 1 C 
 49 300 5 42 3 3 HH 1 96 +60 144 -10 1 1 0.985102 0 1 6332.893790 6333.394763 6333.895735 6334.096127 6336.100022 6337.085124 1 C 
 49 301 5 43 3 1 HN 0 63 +22 94 +22 1 0 0.992836 0 1 6338.103919 6338.604891 6339.105865 6339.306255 6341.310150 6342.302986 1 E 
 49 302 5 44 2 3 LH 1 72 +64 50 -6 1 1 1.197502 0 1 6343.314052 6343.815022 6344.315993 6344.516383 6346.520278 6347.717781 1 C 
 49 303 5 45 3 3 HH 1 85 -27 127 +43 1 1 1.452395 0 1 6348.741262 6349.242236 6349.743208 6349.943597 6351.947495 6353.399889 1 C 
 49 304 5 46 1 3 NH 0 65 +4 65 +74 1 0 1.093480 0 1 6354.418967 6354.919940 6355.420913 6355.621303 6357.625196 6358.718676 1 E 
 49 305 5 47 2 1 LN 0 149 -74 193 -74 0 1 1.387048 0 1 6359.729289 6360.230263 6360.731236 6360.931625 6362.935521 6364.322570 1 C 
 49 306 5 48 2 3 LH 1 109 -80 76 -10 1 1 2.187230 0 1 6365.340197 6365.841169 6366.342143 6366.542533 6368.546428 6370.733658 1 C 
 49 307 5 49 3 1 HN 0 59 -62 88 -62 0 1 0.679840 0 1 6371.752661 6372.253635 6372.754608 6372.954998 6374.958893 6375.638734 1 C 
 49 308 5 50 1 2 NL 0 169 +81 169 +46 1 0 2.234947 0 1 6376.662205 6377.163178 6377.664153 6377.864543 6379.868435 6382.103382 1 E 
 49 309 5 51 1 2 NL 0 110 +90 110 +55 0 1 0.652184 0 1 6383.124767 6383.625743 6384.126715 6384.327105 6386.331000 6386.983184 1 C 
 49 310 5 52 2 2 LL 1 177 +27 123 +62 0 0 1.707659 0 1 6388.000913 6388.501886 6389.002861 6389.203250 6391.207145 6392.914804 1 E 
 49 311 5 53 2 3 LH 1 87 +75 60 +5 1 1 3.031396 0 1 6393.929105 6394.430076 6394.931055 6395.131441 6397.135334 6400.166729 1 C 
 49 312 5 54 2 2 LL 1 171 +82 119 +47 0 0 1.314632 0 1 6401.193224 6401.694198 6402.195172 6402.395561 6404.399457 6405.714089 1 E 
 49 313 5 55 3 2 HL 1 165 -87 82 -52 1 1 4.916091 0 1 6406.737335 6407.238310 6407.739283 6407.939672 6409.943567 6414.859658 1 C 
 49 314 5 56 1 1 NN 0 157 +36 157 +36 0 1 0.707920 0 1 6415.871758 6416.372735 6416.873706 6417.074095 6419.077991 6419.785911 1 C 
 49 315 5 57 2 1 LN 0 57 +19 74 +19 0 1 1.275361 0 1 6420.798001 6421.298974 6421.799949 6422.000338 6424.004233 6425.279594 1 C 
 49 316 5 58 1 2 NL 0 123 +22 123 -13 1 0 0.887936 0 1 6426.292014 6426.792988 6427.293961 6427.494351 6429.498247 6430.386183 1 E 
 49 317 5 59 2 2 LL 1 179 -74 232 -39 0 0 1.796724 0 1 6431.401947 6431.902923 6432.403899 6432.604284 6434.608182 6436.404906 1 E 
 49 318 5 60 1 2 NL 0 154 +17 154 +52 0 1 0.863795 0 1 6437.430334 6437.931306 6438.432282 6438.632669 6440.636563 6441.500358 1 C 
 49 319 6  1 3 2 HL 1 91 -80 136 -45 1 1 0.904861 0 1 6449.654097 6450.155070 6450.656041 6450.856433 6452.860328 6453.765189 1 C 
 49 320 6  2 1 1 NN 0 83 -54 83 -54 0 1 0.782729 0 1 6454.780727 6455.281704 6455.782674 6455.983064 6457.986970 6458.769699 1 C 
 49 321 6  3 2 2 LL 1 113 +46 146 +11 1 1 1.096966 0 1 6459.790466 6460.291439 6460.792413 6460.992806 6462.996698 6464.093664 1 C 
 49 322 6  4 3 1 HN 0 150 -43 75 -43 0 1 0.933079 0 1 6465.117489 6465.618465 6466.119435 6466.319824 6468.323720 6469.256798 1 C 
 49 323 6  5 1 3 NH 0 106 +7 106 +77 0 1 0.854188 0 1 6470.277518 6470.778494 6471.279466 6471.479854 6473.483751 6474.337939 1 C 
 49 324 6  6 2 2 LL 1 107 +7 139 -28 1 1 1.282173 0 1 6475.354052 6475.855030 6476.356001 6476.556390 6478.560286 6479.842459 1 C 
 49 325 6  7 3 1 HN 0 131 +5 196 +5 0 1 3.034544 0 1 6480.864766 6481.365739 6481.866714 6482.067102 6484.070998 6487.105542 1 C 
 49 326 6  8 2 2 LL 1 151 +14 196 -21 1 1 1.013953 0 1 6488.128888 6488.629860 6489.130832 6489.331224 6491.335119 6492.349072 1 C 
 49 327 6  9 3 2 HL 1 171 +29 256 -6 1 1 1.066460 0 1 6493.372413 6493.873387 6494.374360 6494.574750 6496.578645 6497.645104 1 C 
 49 328 6 10 1 1 NN 0 89 +57 89 +57 0 1 1.125242 0 1 6498.666037 6499.167009 6499.667984 6499.868374 6501.872269 6502.997511 1 C 
 49 329 6 11 3 3 HH 1 169 +8 84 -62 1 1 1.333528 0 1 6504.009760 6504.510732 6505.011705 6505.212094 6507.215991 6508.549520 1 C 
 49 330 6 12 2 3 LH 1 75 +28 97 -42 0 0 1.061761 0 1 6509.570569 6510.071541 6510.572515 6510.772905 6512.776800 6513.838561 1 E 
 49 331 6 13 1 2 NL 0 167 +46 167 +81 0 1 1.364718 0 1 6514.864193 6515.365164 6515.866139 6516.066528 6518.070423 6519.435141 1 C 
 49 332 6 14 2 3 LH 1 145 -5 188 -75 1 1 2.077184 0 1 6520.458399 6520.959373 6521.460346 6521.660736 6523.664631 6525.741815 1 C 
 49 333 6 15 3 1 HN 0 137 +41 68 +41 0 1 1.181033 0 1 6526.753971 6527.254947 6527.755918 6527.956308 6529.960202 6531.141236 1 C 
 49 334 6 16 2 3 LH 1 88 +63 61 -7 0 0 2.418070 0 1 6532.164488 6532.665462 6533.166436 6533.366825 6535.370721 6537.788791 1 E 
 49 335 6 17 1 3 NH 0 146 -50 146 +20 1 0 0.652245 0 1 6538.810743 6539.311718 6539.812689 6540.013078 6542.016973 6542.669218 1 E 
 49 336 6 18 1 1 NN 0 171 +65 171 +65 0 1 0.790345 0 1 6543.686891 6544.187863 6544.688834 6544.889226 6546.893119 6547.683464 1 C 
 49 337 6 19 3 2 HL 1 155 -85 232 -50 1 1 0.773332 0 1 6548.696624 6549.197600 6549.698576 6549.898962 6551.902857 6552.676189 1 C 
 49 338 6 20 2 2 LL 1 58 +22 75 +57 0 0 0.840423 0 1 6553.689671 6554.190638 6554.691612 6554.892001 6556.895896 6557.736319 1 E 
 49 339 6 21 1 1 NN 0 174 -32 174 -32 0 1 0.811964 0 1 6558.749501 6559.250475 6559.751448 6559.951837 6561.955733 6562.767697 1 C 
 49 340 6 22 3 3 HH 1 121 +19 181 +89 1 1 0.832185 0 1 6563.792637 6564.293610 6564.794584 6564.994974 6566.998869 6567.831055 1 C 
 49 341 6 23 2 2 LL 1 172 -45 223 -10 1 1 0.941613 0 1 6568.852472 6569.353450 6569.854420 6570.054810 6572.058705 6573.000318 1 C 
 49 342 6 24 2 1 LN 0 71 +49 49 +49 0 1 1.533121 0 1 6574.012507 6574.513478 6575.014453 6575.214842 6577.218735 6578.751856 1 C 
 49 343 6 25 2 3 LH 1 83 +86 58 +16 1 1 1.004616 0 1 6579.773703 6580.274675 6580.775654 6580.976039 6582.979934 6583.984550 1 C 
 49 344 6 26 2 2 LL 1 154 +15 107 +50 0 0 0.880318 0 1 6585.000531 6585.501504 6586.002478 6586.202866 6588.206763 6589.087081 1 E 
 49 345 6 27 1 2 NL 0 141 +11 141 +46 0 1 0.835741 0 1 6590.110464 6590.611437 6591.112411 6591.312800 6593.316696 6594.152436 1 C 
 49 346 6 28 2 3 LH 1 80 -5 56 +65 1 1 3.312908 0 1 6595.170300 6595.671273 6596.172246 6596.372636 6598.376531 6601.689439 1 C 
 49 347 6 29 3 3 HH 1 58 -89 87 -19 1 1 1.316229 0 1 6602.701607 6603.202580 6603.703554 6603.903942 6605.907843 6607.224072 1 C 
 49 348 6 30 2 3 LH 1 69 -70 48 +0 1 1 0.969564 0 1 6608.245716 6608.746689 6609.247665 6609.448054 6611.451947 6612.421511 1 C 
 49 349 6 31 3 2 HL 1 76 -26 114 +9 0 0 1.636707 0 1 6613.439150 6613.940119 6614.441093 6614.641482 6616.645378 6618.282085 1 E 
 49 350 6 32 2 3 LH 1 161 +80 112 +10 1 1 2.004624 0 1 6619.300540 6619.801515 6620.302489 6620.502881 6622.506777 6624.511401 1 C 
 49 351 6 33 1 3 NH 0 136 +87 136 +17 1 0 1.553856 0 1 6625.529316 6626.030288 6626.531262 6626.731651 6628.735547 6630.289403 1 E 
 49 352 6 34 2 3 LH 1 167 -56 217 +14 1 1 1.765450 0 1 6631.307213 6631.808190 6632.309164 6632.509550 6634.513445 6636.278895 1 C 
 49 353 6 35 2 2 LL 1 92 +74 119 +39 1 1 1.107033 0 1 6637.302201 6637.803173 6638.304147 6638.504537 6640.508436 6641.615469 1 C 
 49 354 6 36 3 3 HH 1 159 +42 238 -28 1 1 1.531683 0 1 6642.629222 6643.130196 6643.631173 6643.831558 6645.835454 6647.367138 1 C 
 49 355 6 37 2 2 LL 1 81 +5 56 -30 1 1 1.118023 0 1 6648.390422 6648.891394 6649.392369 6649.592758 6651.596654 6652.714676 1 C 
 49 356 6 38 2 2 LL 1 156 +64 109 +29 1 1 1.933230 0 1 6653.734144 6654.235118 6654.736090 6654.936478 6656.940374 6658.873604 1 C 
 49 357 6 39 3 1 HN 0 139 -61 69 -61 0 1 0.835273 0 1 6659.896120 6660.397094 6660.898068 6661.098457 6663.102353 6663.937625 1 C 
 49 358 6 40 2 1 LN 0 61 +18 79 +18 0 1 2.024943 0 1 6664.955958 6665.456930 6665.957908 6666.158294 6668.162189 6670.187132 1 C 
 49 359 6 41 3 2 HL 1 123 +69 61 +34 1 1 1.922902 0 1 6671.201432 6671.702404 6672.203378 6672.403767 6674.407663 6676.330564 1 C 
 49 360 6 42 3 2 HL 1 57 +24 85 +59 0 0 0.922601 0 1 6677.346711 6677.847683 6678.348656 6678.549047 6680.552942 6681.475543 1 E 
 49 361 6 43 1 3 NH 0 62 +79 62 +9 1 0 0.970318 0 1 6682.490041 6682.991015 6683.491989 6683.692378 6685.696273 6686.666591 1 E 
 49 362 6 44 1 3 NH 0 140 +29 140 -41 1 0 0.824783 0 1 6687.683472 6688.184443 6688.685418 6688.885806 6690.889703 6691.714486 1 E 
 49 363 6 45 1 1 NN 0 175 +41 175 +41 0 1 0.724635 0 1 6692.726607 6693.227584 6693.728554 6693.928944 6695.932839 6696.657474 1 C 
 49 364 6 46 1 1 NN 0 91 -89 91 -89 0 1 0.729162 0 1 6697.669549 6698.170523 6698.671496 6698.871886 6700.875781 6701.604943 1 C 
 49 365 6 47 3 3 HH 1 160 -15 80 +55 1 1 0.874004 0 1 6702.629191 6703.130164 6703.631139 6703.831527 6705.835423 6706.709427 1 C 
 49 366 6 48 3 2 HL 1 80 +12 120 +47 0 0 0.988654 0 1 6707.722425 6708.223398 6708.724371 6708.924761 6710.928660 6711.917314 1 E 
 49 367 6 49 3 2 HL 1 80 +27 120 +62 1 1 1.342525 0 1 6712.932553 6713.433526 6713.934500 6714.134888 6716.138784 6717.481309 1 C 
 49 368 6 50 2 3 LH 1 63 +39 81 -31 1 1 1.127406 0 1 6718.493363 6718.994336 6719.495308 6719.695699 6721.699599 6722.827005 1 C 
 49 369 6 51 1 1 NN 0 74 -25 74 -25 0 1 1.022760 0 1 6723.853783 6724.354756 6724.855730 6725.056119 6727.060015 6728.082775 1 C 
 49 370 6 52 3 2 HL 1 112 +7 168 +42 1 1 0.843273 0 1 6729.097309 6729.598282 6730.099256 6730.299646 6732.303541 6733.146814 1 C 
 49 371 6 53 1 3 NH 0 151 -75 151 -5 1 0 2.398167 0 1 6734.173844 6734.674817 6735.175791 6735.376178 6737.380083 6739.778251 1 E 
 49 372 6 54 2 1 LN 0 64 +28 44 +28 1 0 0.732452 0 1 6740.803397 6741.304374 6741.805345 6742.005734 6744.009630 6744.742082 1 E 
 49 373 6 55 3 1 HN 0 115 -54 172 -54 0 1 0.981558 0 1 6745.763039 6746.264012 6746.764989 6746.965376 6748.969271 6749.950829 1 C 
 49 374 6 56 3 3 HH 1 156 +40 78 -30 1 1 1.050700 0 1 6750.973167 6751.474140 6751.975114 6752.175503 6754.179404 6755.230105 1 C 
 49 375 6 57 3 3 HH 1 160 +87 80 +17 1 1 1.171073 0 1 6756.250093 6756.751069 6757.252041 6757.452428 6759.456322 6760.627395 1 C 
 49 376 6 58 1 2 NL 0 105 +24 105 -11 1 0 1.076113 0 1 6761.643911 6762.144881 6762.645859 6762.846247 6764.850142 6765.926255 1 E 
 49 377 6 59 1 1 NN 0 141 +8 141 +8 0 1 1.420315 0 1 6766.937534 6767.438509 6767.939479 6768.139870 6770.143766 6771.564080 1 C 
 49 378 6 60 3 1 HN 0 161 -9 241 -9 0 1 0.726733 0 1 6772.581839 6773.082812 6773.583786 6773.784176 6775.788071 6776.514804 1 C 
