06 001 1 01 0 1 40 -135.048 -118.382 -403.044  228.413 3.946956 -118.0 -50.0 68.0  406 405 
06 002 1 02 0 1 40  36.356  43.203 -246.349  319.738 1.906578 43.0  84.0 41.0  466 871 
06 003 1 03 0 3 11 -68.630 -126.386 -264.226  42.459 1.772785 -101.0 -72.0 29.0  483 1354 
06 004 1 04 0 1 40  253.030  196.509 -102.262  548.696 3.177630 197.0  140.0 57.0  434 1787 
06 005 1 05 0 3 11 -7.254 -38.693 -232.832  165.417 2.291240 8.0 -20.0 28.0  484 2271 
06 006 1 06 0 2 24  84.833  116.889 -157.030  378.868 2.542104 112.0  103.0 9.0  498 2770 
06 007 1 07 0 1 40  26.989  38.256 -267.587  355.926 1.153983 38.0  0.0 38.0  471 3240 
06 008 1 08 0 4  4 -7.797  2.158 -133.901  149.024 0.953290 -3.0  0.0 3.0  500 3740 
06 009 1 09 0 3 11 -77.511 -74.854 -423.579  100.986 1.521917 -93.0 -25.0 68.0  406 4146 
06 010 1 10 0 3 11  189.439  198.088 -29.273  485.243 1.220877 180.0  143.0 37.0  472 4618 
06 011 1 11 0 4  4 -150.663 -53.614 -136.233  165.034 1.388123 -118.0 -51.0 67.0  408 5026 
06 012 1 12 0 3 11 -84.840 -110.552 -292.022  24.560 1.237604 -57.0 -66.0 9.0  498 5524 
06 013 1 13 0 4  4 -94.299 -83.821 -252.734  77.108 1.488465 -110.0 -84.0 26.0  486 6011 
06 014 1 14 0 2 24  10.189 -21.430 -295.454  174.997 1.404847 -7.0 -26.0 19.0  493 6503 
06 015 1 15 0 4  4  96.378  262.019  46.774  370.058 1.956751 122.0  240.0 118.0  216 6719 
06 016 1 16 0 3 11 -27.411 -73.927 -297.622  108.970 2.709346 -46.0 -86.0 40.0  467 7187 
06 017 1 17 0 3 11 -71.832 -90.589 -224.074  121.838 1.287774 -103.0 -54.0 49.0  451 7638 
06 018 1 18 0 4  4  13.570  21.769 -125.912  272.835 1.020187 46.0  0.0 46.0  457 8094 
06 019 1 19 0 4  4 -75.910 -86.999 -144.103  50.343 1.856405 -52.0 -39.0 13.0  497 8591 
06 020 1 20 0 2 24 -128.162 -131.591 -502.195  275.232 2.859868 -106.0 -73.0 33.0  478 9069 
06 021 1 21 0 3 11 -20.064  23.576 -207.814  160.611 1.087085 -16.0  23.0 39.0  469 9538 
06 022 1 22 0 3 11  147.366  114.292 -68.594  410.099 1.605539 121.0  25.0 96.0  312 9850 
06 023 1 23 0 4  4  110.728 -31.888 -119.527  84.809 1.856407 90.0 -32.0 122.0  196 10046 
06 024 1 24 0 4  4  11.804  37.920 -280.130  182.975 0.802772 27.0  0.0 27.0  485 10531 
06 025 1 25 0 4  4  144.566  97.950 -1.866  147.355 2.341412 137.0  34.0 103.0  283 10814 
06 026 1 26 0 3 11  131.363  140.905 -55.706  346.571 1.572090 143.0  123.0 20.0  492 11306 
06 027 1 27 0 4  4  248.391  249.756 -21.551  509.664 0.919841 245.0  172.0 73.0  391 11697 
06 028 1 28 0 4  4  35.309  38.269 -48.919  73.529 1.889854 39.0  9.0 30.0  482 12179 
06 029 1 29 0 1 40  80.668  76.244 -201.996  361.326 1.672435 76.0  176.0 100.0  296 12475 
06 030 1 30 0 3 11  13.750  3.877 -294.004  273.480 1.940028 -43.0 -18.0 25.0  487 12962 
06 031 1 31 0 3 11 -93.739 -109.792 -343.868  207.231 1.672438 -82.0 -71.0 11.0  498 13460 
06 032 1 32 0 4  4 -176.977 -242.358 -428.637 -163.033 1.555367 -195.0 -170.0 25.0  487 13947 
06 033 1 33 0 2 24  70.249  66.168 -235.286  399.130 2.190892 40.0  79.0 39.0  469 14416 
06 034 1 34 0 1 40  75.067  78.539 -233.649  400.599 1.739332 79.0  99.0 20.0  492 14908 
06 035 1 35 0 1 40 -99.656 -76.605 -591.814  178.259 1.003466 -77.0 -66.0 11.0  498 15405 
06 036 1 36 0 1 40  33.020  35.191 -350.581  430.761 1.187430 35.0  47.0 12.0  497 15902 
06 037 1 37 0 4  4 -18.896  60.626 -133.919  207.996 1.354671 -15.0  26.0 41.0  466 16368 
06 038 1 38 0 3 11 -80.350 -61.731 -315.393  188.458 0.852941 -80.0 -59.0 21.0  491 16859 
06 039 1 39 0 1 40 -104.442 -86.818 -498.353  139.049 1.137256 -87.0 -57.0 30.0  482 17341 
06 040 1 40 0 3 11  34.221  79.876 -130.534  326.375 0.919841 39.0  71.0 32.0  479 17820 
06 041 1 41 0 2 24 -9.428 -75.422 -380.823  191.673 1.923300 -63.0 -70.0 7.0  499 18319 
06 042 1 42 0 3 11  109.493  154.275 -36.742  378.208 1.220880 150.0  115.0 35.0  475 18794 
06 043 1 43 0 2 24  73.439  90.004 -192.809  454.677 1.137258 95.0  131.0 36.0  474 19267 
06 044 1 44 0 2 24 -56.449 -52.948 -294.728  232.684 1.287778 -67.0 -67.0 0.0  500 19767 
06 045 1 45 0 1 40  9.194  14.965 -417.849  357.405 0.668977 15.0  0.0 15.0  495 20263 
06 046 1 46 0 4  4  125.383  159.361  48.582  274.013 1.170703 112.0  60.0 52.0  445 20708 
06 047 1 47 0 4  4  8.244 -84.105 -214.201  33.060 0.852947 -31.0 -19.0 12.0  497 21205 
06 048 1 48 0 4  4  73.661 -25.363 -222.497  205.407 0.936564 47.0 -23.0 70.0  400 21605 
06 049 1 49 0 2 24 -34.278 -3.779 -290.352  301.388 1.404849 11.0 -10.0 21.0  491 22096 
06 050 1 50 0 1 40 -27.314 -47.233 -665.365  391.165 0.886389 -47.0 -64.0 17.0  494 22590 
06 051 1 51 0 2 24 -54.422 -114.861 -317.904  135.284 1.103810 -96.0 -82.0 14.0  496 23086 
06 052 1 52 0 2 24 -47.001 -27.410 -288.290  358.030 0.953286 -24.0  0.0 24.0  488 23574 
06 053 1 53 0 3 11 -52.158 -66.770 -339.920  300.745 1.020188 -90.0 -43.0 47.0  455 24029 
06 054 1 54 0 4  4 -36.870 -20.069 -129.380  73.638 1.170708 -13.0 -37.0 24.0  488 24517 
06 055 1 55 0 4  4 -53.469 -88.817 -320.686  50.455 0.769323 -14.0  0.0 14.0  496 25013 
06 056 1 56 0 3 11 -117.812 -23.579 -256.990  217.548 1.070360 -62.0 -16.0 46.0  457 25470 
06 057 2 01 0 4  4 -56.365 -37.163 -86.160  23.046 1.672437 -61.0 -25.0 36.0  474 25944 
06 058 2 02 0 4  4  27.659  6.582 -37.523  25.285 1.622258 6.0 -2.0 8.0  499 26442 
06 059 2 03 0 1 40 -7.955 -26.841 -272.143  278.952 0.953289 -27.0 -6.0 21.0  491 26933 
06 060 2 04 0 1 40  52.927  40.388 -237.632  279.882 4.967138 40.0  32.0 8.0  499 27432 
06 061 2 05 0 2 24  84.252  73.201 -234.031  260.688 1.404847 87.0  16.0 71.0  397 27829 
06 062 2 06 0 3 11  29.474  64.864 -73.487  261.151 1.287777 51.0  77.0 26.0  486 28315 
06 063 2 07 0 3 11 -40.440 -37.792 -285.677  186.923 1.287779 -50.0 -12.0 38.0  471 28786 
06 064 2 08 0 1 40  269.060  266.864  11.561  598.176 3.913495 267.0  256.0 11.0  498 29283 
06 065 2 09 0 3 11 -35.979 -50.703 -269.200  191.219 2.726073 -69.0 -24.0 45.0  459 29742 
06 066 2 10 0 3 11  116.394  117.587 -98.635  449.954 1.271052 129.0  151.0 22.0  490 30232 
06 067 2 11 0 1 40 -29.455 -59.947 -376.412  277.926 1.655715 -60.0 -62.0 2.0  500 30732 
06 068 2 12 0 2 24  37.840  37.071 -168.577  293.650 1.103809 15.0  56.0 41.0  466 31198 
06 069 2 13 0 1 40  94.555  70.069 -224.510  401.976 2.441755 70.0  35.0 35.0  475 31673 
06 070 2 14 0 1 40  229.805  271.260 -215.835  588.545 2.241064 271.0  301.0 30.0  482 32154 
06 071 2 15 0 2 24  79.492  109.584 -191.453  411.481 1.622265 96.0  42.0 54.0  440 32595 
06 072 2 16 0 4  4  83.277  87.545  20.408  147.381 1.287779 86.0  0.0 86.0  349 32944 
06 073 2 17 0 2 24 -100.126 -153.570 -506.177  182.606 1.488468 -149.0 -163.0 14.0  496 33440 
06 074 2 18 0 3 11 -45.995 -9.768 -274.538  165.324 2.006925 -36.0 -9.0 27.0  485 33925 
06 075 2 19 0 1 40 -92.502 -105.567 -411.115  198.877 4.666099 -106.0 -83.0 23.0  489 34414 
06 076 2 20 0 2 24  117.339  84.580 -219.069  428.555 1.070359 105.0  93.0 12.0  497 34911 
06 077 2 21 0 2 24 -73.550 -82.820 -369.798  168.602 1.304501 -98.0 -71.0 27.0  485 35396 
06 078 2 22 0 4  4 -57.108 -108.831 -262.292 -23.216 2.341412 -47.0 -80.0 33.0  478 35874 
06 079 2 23 0 3 11  143.973  168.406 -227.847  413.323 1.605540 144.0  137.0 7.0  499 36373 
06 080 2 24 0 3 11 -110.826 -61.731 -309.667  209.469 0.986738 -112.0 -105.0 7.0  499 36872 
06 081 2 25 0 1 40  112.105  113.069 -144.155  526.035 1.455020 113.0  169.0 56.0  436 37308 
06 082 2 26 0 1 40  152.314  162.048 -177.939  477.636 1.404846 162.0  141.0 21.0  491 37799 
06 083 2 27 0 2 24 -71.812 -66.523 -475.893  310.331 1.254329 -72.0 -52.0 20.0  492 38291 
06 084 2 28 0 1 40  142.097  171.172 -105.725  649.855 1.438290 171.0  128.0 43.0  462 38753 
06 085 2 29 0 2 24  171.155  190.526 -163.466  582.214 1.070358 193.0  157.0 36.0  474 39227 
06 086 2 30 0 3 11 -139.494 -43.375 -220.814  99.680 1.220878 -112.0 -103.0 9.0  498 39725 
06 087 2 31 0 4  4  334.350  439.361  192.084  618.500 2.525380 316.0  344.0 28.0  484 40209 
06 088 2 32 0 1 40  216.632  256.214 -227.222  522.439 1.906578 256.0  284.0 28.0  484 40693 
06 089 2 33 0 3 11  88.677  118.646 -129.745  497.378 1.304502 118.0  115.0 3.0  500 41193 
06 090 2 34 0 2 24  29.391  12.623 -274.955  231.627 0.735870 8.0  0.0 8.0  499 41692 
06 091 2 35 0 1 40  1.594  13.917 -244.641  247.145 1.388122 14.0  5.0 9.0  498 42190 
06 092 2 36 0 2 24  20.032  22.329 -245.401  354.392 1.137256 15.0  21.0 6.0  499 42689 
06 093 2 37 0 2 24 -1.514  7.823 -191.846  304.386 0.585354 20.0  0.0 20.0  492 43181 
06 094 2 38 0 1 40  60.216  60.762 -381.388  367.307 1.438296 61.0  16.0 45.0  459 43640 
06 095 2 39 0 3 11  252.152  282.555 -135.338  410.913 1.153980 253.0  339.0 86.0  349 43989 
06 096 2 40 0 3 11 -143.445 -111.967 -237.686  152.424 1.137257 -107.0 -54.0 53.0  443 44432 
06 097 2 41 0 4  4  81.468 -18.993 -128.942  95.022 0.568629 64.0  0.0 64.0  416 44848 
06 098 2 42 0 3 11  9.923  1.952 -263.401  279.052 0.585354 9.0  0.0 9.0  498 45346 
06 099 2 43 0 2 24 -73.080 -56.438 -403.847  299.640 1.371401 -68.0 -39.0 29.0  483 45829 
06 100 2 44 0 1 40 -38.293 -4.305 -297.859  366.096 1.254323 -4.0 -47.0 43.0  462 46291 
06 101 2 45 0 4  4 -22.967 -3.278 -133.247  118.638 1.271052 37.0  16.0 21.0  491 46782 
06 102 2 46 0 2 24  21.235  27.617 -293.535  369.801 0.986733 20.0  29.0 9.0  498 47281 
06 103 2 47 0 4  4  17.228  54.495 -106.109  178.604 1.070357 2.0  13.0 11.0  498 47778 
06 104 2 48 0 3 11 -123.496 -131.877 -452.712  151.562 2.291239 -131.0 -107.0 24.0  488 48267 
06 105 2 49 0 3 11 -2.094  52.298 -194.091  249.424 0.869667 1.0  71.0 70.0  400 48667 
06 106 2 50 0 2 24 -198.679 -198.372 -440.413  41.966 1.070360 -207.0 -91.0 116.0  225 48892 
06 107 2 51 0 1 40 -9.549 -10.864 -467.290  373.963 1.070358 -11.0  21.0 32.0  479 49371 
06 108 2 52 0 4  4  94.077  120.444  27.208  264.567 0.852944 96.0  42.0 54.0  440 49812 
06 109 2 53 0 2 24 -263.195 -248.112 -447.056  51.123 2.843144 -241.0 -157.0 84.0  356 50168 
06 110 2 54 0 4  4  190.901  168.838  85.126  288.711 1.889857 181.0  137.0 44.0  460 50628 
06 111 2 55 0 1 40 -121.827 -66.388 -408.996  261.335 1.588814 -66.0 -80.0 14.0  496 51124 
06 112 2 56 0 1 40 -75.657 -47.140 -349.031  278.525 3.177631 -47.0 -8.0 39.0  469 51593 
06 113 3 01 0 2 24  138.318  174.940 -240.718  567.519 1.137257 149.0  164.0 15.0  495 52088 
06 114 3 02 0 3 11 -50.710 -143.851 -317.401 -48.875 2.107272 -60.0 -110.0 50.0  449 52537 
06 115 3 03 0 1 40  27.831 -1.835 -450.266  449.868 2.274514 -2.0  12.0 14.0  496 53033 
06 116 3 04 0 3 11  180.927  187.861 -57.678  399.316 1.120535 162.0  82.0 80.0  369 53403 
06 117 3 05 0 4  4 -84.838 -215.630 -395.488 -44.718 1.204153 -120.0 -189.0 69.0  403 53806 
06 118 3 06 0 2 24  44.509  79.387 -254.461  320.993 2.207612 88.0  20.0 68.0  406 54211 
06 119 3 07 0 2 24 -93.662 -116.336 -493.656  265.579 0.869668 -113.0 -58.0 55.0  438 54649 
06 120 3 08 0 1 40 -93.654 -135.491 -462.112  99.196 2.458480 -135.0 -93.0 42.0  464 55113 
06 121 3 09 0 2 24  26.222  78.061 -222.955  499.026 2.809694 91.0  62.0 29.0  483 55596 
06 122 3 10 0 2 24 -103.567 -27.987 -360.395  360.767 1.070359 -67.0 -71.0 4.0  500 56096 
06 123 3 11 0 4  4 -27.296  18.815 -253.811  265.166 1.337948 -32.0  0.0 32.0  479 56575 
06 124 3 12 0 1 40  134.828  108.129 -226.974  351.586 2.023649 108.0  73.0 35.0  475 57050 
06 125 3 13 0 1 40  194.876  189.158 -11.669  440.195 1.973476 189.0  232.0 43.0  462 57512 
06 126 3 14 0 4  4 -147.971 -200.062 -265.657 -94.624 2.475203 -124.0 -113.0 11.0  498 58010 
06 127 3 15 0 4  4 -165.478 -146.196 -291.615  13.554 2.609000 -146.0 -161.0 15.0  495 58505 
06 128 3 16 0 2 24 -20.146  48.812 -395.501  305.150 1.170706 18.0  110.0 92.0  327 58833 
06 129 3 17 0 3 11 -113.252 -90.754 -260.856  261.076 1.103813 -121.0 -58.0 63.0  419 59252 
06 130 3 18 0 3 11 -249.282 -356.344 -651.341 -114.052 1.822956 -281.0 -341.0 60.0  427 59678 
06 131 3 19 0 4  4  133.632  169.314 -49.001  453.021 1.404847 138.0  123.0 15.0  495 60174 
06 132 3 20 0 3 11  83.144  19.366 -70.322  163.871 2.324703 79.0  8.0 71.0  397 60571 
06 133 3 21 0 3 11  51.878  60.389 -306.402  252.515 2.458480 65.0 -15.0 80.0  369 60940 
06 134 3 22 0 4  4 -14.045  3.604 -56.267  41.778 1.137257 6.0  12.0 6.0  499 61439 
06 135 3 23 0 4  4 -0.180  11.104 -214.676  156.999 0.752596 32.0  0.0 32.0  479 61918 
06 136 3 24 0 1 40 -57.214 -67.740 -378.883  200.755 0.986738 -68.0  0.0 68.0  406 62324 
06 137 3 25 0 2 24  30.520  39.878 -180.170  301.582 2.023649 48.0  71.0 23.0  489 62813 
06 138 3 26 0 2 24 -38.067  38.846 -256.052  312.883 1.455020 -21.0  36.0 57.0  434 63247 
06 139 3 27 0 3 11  53.133  72.259 -85.237  276.845 0.468281 64.0  0.0 64.0  416 63663 
06 140 3 28 0 2 24 -5.414 -51.268 -259.812  176.160 1.237603 -48.0 -24.0 24.0  488 64152 
06 141 3 29 0 3 11  132.992  156.470 -126.468  312.390 2.040372 122.0  93.0 29.0  483 64634 
06 142 3 30 0 3 11 -59.040 -58.828 -155.263  153.798 1.772784 -101.0 -32.0 69.0  403 65037 
06 143 3 31 0 2 24 -9.551 -64.033 -303.394  326.847 1.371395 -35.0 -18.0 17.0  494 65531 
06 144 3 32 0 1 40 -94.962 -132.892 -484.187  207.057 1.521918 -133.0 -86.0 47.0  455 65986 
06 145 3 33 0 3 11  175.711  139.600 -21.457  357.267 1.003465 195.0  65.0 130.0  155 66141 
06 146 3 34 0 3 11 -161.254 -98.509 -407.221  222.333 1.120535 -140.0 -124.0 16.0  495 66636 
06 147 3 35 0 1 40 -46.750 -65.380 -260.076  199.037 1.120533 -65.0 -23.0 42.0  464 67100 
06 148 3 36 0 2 24  12.598  35.710 -327.458  346.001 2.609003 45.0  64.0 19.0  493 67593 
06 149 3 37 0 1 40 -18.065 -73.790 -585.020  278.286 1.304499 -74.0 -78.0 4.0  500 68092 
06 150 3 38 0 4  4 -46.061  30.964 -55.253  179.284 1.304500 -37.0  4.0 41.0  466 68558 
06 151 3 39 0 1 40  179.686  188.630 -43.109  503.597 1.321222 189.0  188.0 1.0  500 69058 
06 152 3 40 0 4  4 -24.129 -162.692 -284.306  53.044 1.287774 -80.0 -59.0 21.0  491 69549 
06 153 3 41 0 2 24  5.977  5.334 -421.898  281.131 0.786044 10.0  43.0 33.0  478 70027 
06 154 3 42 0 2 24  76.426  75.503 -295.757  388.423 1.538642 59.0  33.0 26.0  486 70513 
06 155 3 43 0 3 11 -145.921 -106.163 -372.730  223.665 1.153980 -145.0 -80.0 65.0  414 70927 
06 156 3 44 0 1 40 -149.354 -137.583 -523.510  371.078 1.806229 -138.0 -95.0 43.0  462 71389 
06 157 3 45 0 4  4 -62.117 -0.653 -144.436  93.769 0.903117 -24.0  15.0 39.0  469 71858 
06 158 3 46 0 4  4  101.486  224.921 -54.573  486.653 1.689162 140.0  201.0 61.0  424 72282 
06 159 3 47 0 1 40  137.322  131.807 -176.054  384.327 2.174169 132.0  132.0 0.0  500 72782 
06 160 3 48 0 1 40 -109.192 -91.692 -384.389  201.764 1.973474 -92.0 -57.0 35.0  475 73257 
06 161 3 49 0 4  4 -48.116 -44.563 -171.972  116.662 1.137257 -66.0 -57.0 9.0  498 73756 
06 162 3 50 0 2 24  99.437  121.842 -107.403  372.903 1.254327 99.0  106.0 7.0  499 74255 
06 163 3 51 0 3 11 -21.716 -23.104 -263.289  198.956 1.271054 3.0 -25.0 28.0  484 74739 
06 164 3 52 0 1 40 -181.751 -177.491 -405.290  153.037 3.411770 -177.0 -164.0 13.0  497 75235 
06 165 3 53 0 3 11  92.442  136.767 -116.113  361.454 1.070360 114.0  149.0 35.0  475 75710 
06 166 3 54 0 1 40 -73.135 -93.081 -427.269  261.492 2.207618 -93.0 -121.0 28.0  484 76194 
06 167 3 55 0 1 40  12.240  15.948 -323.147  314.684 1.287778 16.0  25.0 9.0  498 76692 
06 168 3 56 0 4  4 -152.934 -302.754 -489.905 -151.473 0.986740 -190.0 -228.0 38.0  471 77163 
06 169 4 01 0 2 24 -169.389 -226.952 -476.502  3.231 1.053634 -199.0 -232.0 33.0  478 77641 
06 170 4 02 0 1 40  109.984  123.955 -270.972  476.719 1.622265 124.0  167.0 43.0  462 78103 
06 171 4 03 0 3 11  90.986  101.961 -249.081  375.928 0.886393 96.0  128.0 32.0  479 78582 
06 172 4 04 0 1 40 -144.184 -151.201 -553.979  151.932 1.605539 -151.0 -202.0 51.0  447 79029 
06 173 4 05 0 3 11  152.257  119.226  26.154  326.810 1.053634 165.0  125.0 40.0  467 79496 
06 174 4 06 0 2 24  38.629  58.772 -181.075  284.043 1.187431 40.0  56.0 16.0  495 79991 
06 175 4 07 0 4  4 -51.366 -10.921 -131.653  133.314 1.237606 -51.0 -7.0 44.0  460 80452 
06 176 4 08 0 3 11 -33.242  9.015 -167.108  325.820 0.852945 3.0  10.0 7.0  499 80951 
06 177 4 09 0 3 11 -140.110 -141.524 -363.511  80.617 1.003460 -138.0 -122.0 16.0  495 81445 
06 178 4 10 0 1 40 -44.232 -40.175 -378.483  303.273 2.157445 -40.0 -20.0 20.0  492 81937 
06 179 4 11 0 1 40  132.919  119.581 -129.008  454.245 2.307962 120.0  151.0 31.0  480 82418 
06 180 4 12 0 4  4 -25.438 -63.698 -216.262  196.675 1.153981 -30.0 -90.0 60.0  427 82844 
06 181 4 13 0 2 24 -104.123 -112.272 -473.380  238.004 0.819495 -100.0 -93.0 7.0  499 83343 
06 182 4 14 0 2 24 -41.373  3.960 -250.760  289.594 0.953289 -19.0  24.0 43.0  462 83805 
06 183 4 15 0 2 24 -28.338 -22.106 -245.762  208.926 0.903113 -16.0 -23.0 7.0  499 84304 
06 184 4 16 0 2 24  13.757  4.138 -215.789  312.126 0.635527 2.0  0.0 2.0  500 84804 
06 185 4 17 0 4  4 -135.215 -137.888 -271.727 -45.759 0.886392 -171.0 -101.0 70.0  400 85204 
06 186 4 18 0 3 11 -34.416  26.677 -246.591  304.457 0.769323 -45.0  15.0 60.0  427 85631 
06 187 4 19 0 2 24 -27.157 -22.928 -406.898  309.943 0.786045 -41.0  0.0 41.0  466 86097 
06 188 4 20 0 3 11  140.831  103.474 -129.416  242.406 0.468284 114.0  0.0 114.0  235 86331 
06 189 4 21 0 3 11 -116.534 -69.142 -227.059  87.918 1.187431 -120.0 -74.0 46.0  457 86788 
06 190 4 22 0 3 11 -29.517 -20.422 -135.964  197.344 0.451558 -13.0  0.0 13.0  497 87285 
06 191 4 23 0 1 40 -175.639 -187.161 -454.011  296.593 2.190892 -187.0 -173.0 14.0  496 87781 
06 192 4 24 0 4  4 -55.055 -62.239 -278.788  113.206 1.170706 -45.0 -15.0 30.0  482 88262 
06 193 4 25 0 4  4  150.887  240.781  102.448  453.778 1.087081 138.0  212.0 74.0  388 88651 
06 194 4 26 0 1 40  105.291  45.871 -210.689  505.993 1.455019 46.0  8.0 38.0  471 89121 
06 195 4 27 0 1 40 -159.453 -152.477 -530.271  193.475 1.354672 -152.0 -150.0 2.0  500 89621 
06 196 4 28 0 1 40 -64.208 -32.834 -313.642  356.945 1.622264 -33.0 -54.0 21.0  491 90112 
06 197 4 29 0 4  4 -57.627 -79.718 -241.035  25.490 1.254329 -81.0 -68.0 13.0  497 90609 
06 198 4 30 0 3 11 -144.000 -135.486 -330.833  68.032 1.237603 -147.0 -106.0 41.0  466 91074 
06 199 4 31 0 4  4 -2.699  12.119 -182.782  188.851 1.103809 11.0  8.0 3.0  500 91574 
06 200 4 32 0 2 24  147.211  141.202 -154.947  451.263 1.170708 174.0  107.0 67.0  408 91982 
06 201 4 33 0 2 24 -127.106 -162.333 -329.710  156.553 1.137255 -149.0 -178.0 29.0  483 92465 
06 202 4 34 0 2 24  64.925  67.397 -296.620  276.168 1.421570 56.0  28.0 28.0  484 92949 
06 203 4 35 0 1 40  74.615  82.312 -221.136  347.851 2.023649 82.0  36.0 46.0  457 93406 
06 204 4 36 0 3 11  33.042 -8.989 -244.633  112.982 1.053637 -5.0 -28.0 23.0  489 93895 
06 205 4 37 0 2 24  61.749  27.948 -387.723  434.912 2.207618 37.0  62.0 25.0  487 94383 
06 206 4 38 0 4  4 -108.803 -7.353 -131.062  157.900 0.769321 -92.0 -35.0 57.0  434 94816 
06 207 4 39 0 4  4  131.096  118.117  83.811  177.162 0.769322 133.0  48.0 85.0  353 95169 
06 208 4 40 0 4  4  62.223  110.902 -180.178  354.562 0.836217 65.0  74.0 9.0  498 95667 
06 209 4 41 0 1 40  64.237  50.930 -426.526  394.308 1.471744 51.0  39.0 12.0  497 96164 
06 210 4 42 0 3 11 -32.742 -56.394 -179.143  57.434 1.471745 -56.0 -44.0 12.0  497 96661 
06 211 4 43 0 4  4  177.687  168.591  43.485  290.728 1.488470 213.0  125.0 88.0  342 97003 
06 212 4 44 0 1 40  34.379  39.047 -460.856  373.787 3.880055 39.0 -7.0 46.0  457 97460 
06 213 4 45 0 4  4  66.143  117.904 -30.991  314.967 0.836219 111.0  95.0 16.0  495 97955 
06 214 4 46 0 1 40 -100.234 -115.274 -412.878  328.434 2.257787 -115.0 -66.0 49.0  451 98406 
06 215 4 47 0 4  4 -98.337  74.747 -3.805  131.241 0.735873 -112.0  66.0 178.0 -147 98259 
06 216 4 48 0 1 40  130.209  102.780 -401.593  442.394 1.337949 103.0  123.0 20.0  492 98751 
06 217 4 49 0 2 24 -18.457 -12.680 -401.220  230.815 0.685697 11.0 -4.0 15.0  495 99246 
06 218 4 50 0 4  4  79.285  8.540 -146.444  196.103 0.819496 88.0  0.0 88.0  342 99588 
06 219 4 51 0 1 40  235.328  247.722 -17.911  578.828 2.792970 248.0  219.0 29.0  483 100071 
06 220 4 52 0 1 40 -59.414 -48.642 -431.906  261.637 1.220879 -49.0 -21.0 28.0  484 100555 
06 221 4 53 0 1 40  144.715  126.821 -181.055  576.427 1.153984 127.0  109.0 18.0  493 101049 
06 222 4 54 0 4  4  135.570  167.400 -82.551  275.898 1.371399 119.0  66.0 53.0  443 101491 
06 223 4 55 0 1 40 -108.316 -124.393 -326.345  169.214 1.003463 -124.0 -107.0 17.0  494 101985 
06 224 4 56 0 1 40  107.743  99.615 -164.886  343.285 2.408309 100.0  122.0 22.0  490 102476 
06 225 5 01 0 4  4 -132.270 -111.257 -508.832  218.329 0.668975 -109.0  0.0 109.0  258 102733 
06 226 5 02 0 1 40  178.763  116.108 -291.516  422.849 1.053633 116.0  46.0 70.0  400 103133 
06 227 5 03 0 2 24 -15.924 -3.890 -312.267  309.278 2.073824 -27.0  16.0 43.0  462 103595 
06 228 5 04 0 4  4 -20.555 -82.209 -255.374  68.028 1.120533 -50.0 -38.0 12.0  497 104092 
06 229 5 05 0 3 11 -76.227 -99.234 -244.422 -4.144 1.087085 -105.0 -19.0 86.0  349 104441 
06 230 5 06 0 1 40  168.516  140.084 -68.386  454.416 1.638989 140.0  137.0 3.0  500 104941 
06 231 5 07 0 4  4 -12.181 -75.037 -185.054  11.794 0.668977 -73.0 -60.0 13.0  497 105438 
06 232 5 08 0 4  4  76.894  74.900 -162.783  438.048 0.735874 128.0  119.0 9.0  498 105936 
06 233 5 09 0 2 24 -109.718 -122.618 -349.349  157.509 0.986738 -111.0 -82.0 29.0  483 106419 
06 234 5 10 0 3 11  3.466  63.894 -223.563  405.319 0.852944 40.0  69.0 29.0  483 106902 
06 235 5 11 0 4  4 -10.221  25.785 -97.210  213.511 1.036908 4.0  0.0 4.0  500 107402 
06 236 5 12 0 3 11 -120.877 -105.875 -298.593  55.162 0.786047 -123.0 -50.0 73.0  391 107793 
06 237 5 13 0 3 11 -39.354 -13.263 -272.386  237.298 0.852943 -49.0  27.0 76.0  382 108175 
06 238 5 14 0 2 24  37.509  12.090 -335.269  252.320 0.886392 19.0  16.0 3.0  500 108675 
06 239 5 15 0 1 40  128.342  122.578 -160.500  504.343 1.204156 123.0  73.0 50.0  449 109124 
06 240 5 16 0 2 24  118.868  123.694 -241.131  510.806 1.254326 122.0  138.0 16.0  495 109618 
06 241 5 17 0 2 24  38.176  23.635 -344.218  405.028 1.956751 53.0  8.0 45.0  459 110077 
06 242 5 18 0 1 40 -14.408 -3.590 -400.057  266.866 0.936565 -4.0  61.0 65.0  414 110491 
06 243 5 19 0 4  4 -138.285 -167.218 -281.140 -90.739 1.471745 -148.0 -123.0 25.0  487 110978 
06 244 5 20 0 3 11 -150.777 -96.688 -288.766  59.367 0.886393 -103.0 -65.0 38.0  471 111449 
06 245 5 21 0 2 24 -48.717 -55.806 -338.379  197.359 1.120530 -12.0 -23.0 11.0  498 111946 
06 246 5 22 0 3 11  77.977  85.978 -227.109  301.378 0.869669 118.0  79.0 39.0  469 112415 
06 247 5 23 0 1 40  69.511  95.141 -289.594  329.225 2.040371 95.0  56.0 39.0  469 112884 
06 248 5 24 0 2 24  18.016  36.174 -357.847  412.710 1.689163 1.0  0.0 1.0  500 113384 
06 249 5 25 0 2 24 -7.897 -24.683 -380.457  284.336 0.518455 -14.0  0.0 14.0  496 113880 
06 250 5 26 0 2 24  55.730  36.232 -239.958  321.364 0.418111 47.0  0.0 47.0  455 114335 
06 251 5 27 0 3 11  127.174  137.171 -85.830  321.475 0.752595 124.0  29.0 95.0  316 114651 
06 252 5 28 0 4  4  142.344  160.265  49.647  351.811 1.137255 161.0  77.0 84.0  356 115007 
06 253 5 29 0 4  4 -134.629 -33.932 -427.100  202.888 0.434831 -121.0  0.0 121.0  201 115208 
06 254 5 30 0 2 24  147.655  140.917 -270.399  329.218 0.652251 151.0  63.0 88.0  342 115550 
06 255 5 31 0 2 24  5.087  8.340 -217.432  341.127 0.903115 2.0 -18.0 20.0  492 116042 
06 256 5 32 0 3 11 -8.057 -106.837 -375.411  242.142 1.070358 -20.0 -58.0 38.0  471 116512 
06 257 5 33 0 3 11 -6.255  16.377 -199.234  229.937 0.485007 -18.0  0.0 18.0  493 117006 
06 258 5 34 0 3 11 -44.436 -98.711 -366.965  97.823 0.752598 -42.0 -21.0 21.0  491 117497 
06 259 5 35 0 4  4  7.623  9.268 -236.617  158.154 0.652252 32.0  0.0 32.0  479 117976 
06 260 5 36 0 4  4  35.331  28.481 -139.920  382.690 1.271054 13.0  91.0 78.0  376 118352 
06 261 5 37 0 3 11  22.391 -11.565 -150.627  210.374 0.434833 18.0  0.0 18.0  493 118845 
06 262 5 38 0 2 24  87.830  97.722 -307.850  355.272 1.003462 128.0  68.0 60.0  427 119272 
06 263 5 39 0 4  4  31.971  60.576 -127.150  240.071 1.354675 17.0  97.0 80.0  369 119641 
06 264 5 40 0 3 11 -60.882 -161.652 -394.424  47.570 1.087083 -58.0 -104.0 46.0  457 120098 
06 265 5 41 0 1 40 -36.513 -41.152 -475.710  233.817 1.137254 -41.0 -6.0 35.0  475 120573 
06 266 5 42 0 4  4 -51.795  5.165 -59.995  103.508 1.087084 -53.0 -6.0 47.0  455 121028 
06 267 5 43 0 1 40 -188.406 -168.962 -461.265  92.616 1.471745 -169.0 -101.0 68.0  406 121433 
06 268 5 44 0 1 40 -19.265 -75.426 -319.230  340.450 1.756059 -75.0 -31.0 44.0  460 121894 
06 269 5 45 0 4  4 -73.976 -234.924 -412.427  114.538 0.953290 -87.0 -139.0 52.0  445 122339 
06 270 5 46 0 2 24 -2.335  21.587 -491.030  281.818 0.919841 11.0  22.0 11.0  498 122836 
06 271 5 47 0 3 11  68.874  113.054 -52.455  281.473 1.053637 53.0  29.0 24.0  488 123324 
06 272 5 48 0 2 24 -24.373 -58.614 -225.583  189.134 1.070360 -93.0 -10.0 83.0  359 123684 
06 273 5 49 0 4  4  32.116 -79.695 -231.593  91.039 0.685701 10.0 -35.0 45.0  459 124143 
06 274 5 50 0 2 24  69.438  107.992 -184.500  325.565 0.886390 88.0  29.0 59.0  429 124572 
06 275 5 51 0 3 11  47.016  53.554 -114.725  252.021 0.802769 72.0  18.0 54.0  440 125012 
06 276 5 52 0 2 24 -53.311  23.439 -305.224  309.041 0.602079 15.0  0.0 15.0  495 125507 
06 277 5 53 0 2 24  63.171 -12.023 -298.169  207.338 0.434831 16.0  0.0 16.0  495 126002 
06 278 5 54 0 2 24  222.035  203.438 -84.093  454.576 0.953289 232.0  213.0 19.0  493 126495 
06 279 5 55 0 1 40 -181.366 -206.212 -484.514  161.654 1.187431 -206.0 -122.0 84.0  356 126851 
06 280 5 56 0 2 24  18.636  43.066 -281.983  308.080 1.956754 15.0  82.0 67.0  408 127259 
