03 001 1 01 0 1 40 -155.957 -163.150 -403.378  86.446 4.074587 -163.0 -162.0 1.0  500 499 
03 002 1 02 0 1 40 -134.392 -161.764 -398.156  184.153 2.387977 -162.0 -165.0 3.0  500 999 
03 003 1 03 0 3 11 -116.279 -116.852 -278.227  73.645 3.055940 -162.0  4.0 166.0 -62 937 
03 004 1 04 0 4  4 -33.230  64.508  3.806  173.264 2.053993 7.0  76.0 69.0  403 1340 
03 005 1 05 0 1 40  0.933  20.528 -229.463  259.074 1.853605 21.0 -1.0 22.0  490 1830 
03 006 1 06 0 3 11 -205.109 -267.338 -628.639 -29.019 2.955747 -208.0 -24.0 184.0 -191 1639 
03 007 1 07 0 1 40  113.347  157.765 -138.438  531.870 1.319229 158.0 -19.0 177.0 -139 1500 
03 008 1 08 0 2 24  70.175  34.152 -277.051  362.582 1.686613 62.0  85.0 23.0  489 1989 
03 009 1 09 0 4  4 -36.551 -75.953 -346.449  52.366 1.887002 -123.0  0.0 123.0  191 2180 
03 010 1 10 0 3 11  210.631  230.823  38.178  522.904 1.937100 219.0  70.0 149.0  47 2227 
03 011 1 11 0 3 11 -6.196  28.366 -314.143  333.581 1.102143 1.0  6.0 5.0  499 2726 
03 012 1 12 0 2 24  29.870  69.897 -223.706  459.154 1.152245 57.0  2.0 55.0  438 3165 
03 013 1 13 0 1 40  13.369 -56.172 -385.056  227.686 1.302533 -56.0 -9.0 47.0  455 3620 
03 014 1 14 0 4  4 -1.271  25.520 -55.993  196.963 1.419430 -27.0 -18.0 9.0  498 4118 
03 015 1 15 0 4  4 -34.903  23.012 -237.928  188.353 1.486224 -24.0  88.0 112.0  244 4362 
03 016 1 16 0 1 40 -27.973 -24.842 -339.030  403.658 1.302533 -25.0 -11.0 14.0  496 4858 
03 017 1 17 0 4  4  51.512  74.952 -46.302  266.699 1.052045 25.0 -12.0 37.0  472 5330 
03 018 1 18 0 1 40 -52.008 -59.793 -309.037  202.977 0.851656 -60.0 -14.0 46.0  457 5787 
03 019 1 19 0 1 40 -146.303 -149.706 -417.821  299.506 1.252434 -150.0 -86.0 64.0  416 6203 
03 020 1 20 0 1 40  8.053 -16.425 -332.910  405.425 1.018648 -16.0  18.0 34.0  476 6680 
03 021 1 21 0 1 40  188.731  234.874 -217.468  583.168 1.669909 235.0  96.0 139.0  106 6785 
03 022 1 22 0 2 24  60.285  83.199 -137.621  324.611 1.820206 51.0  76.0 25.0  487 7273 
03 023 1 23 0 2 24  53.025  23.853 -199.483  287.352 1.085446 15.0  33.0 18.0  493 7766 
03 024 1 24 0 2 24 -67.970 -40.231 -297.118  317.141 1.335930 -59.0 -58.0 1.0  500 8266 
03 025 1 25 0 3 11  126.092  121.283 -120.608  449.011 1.052045 122.0  33.0 89.0  338 8604 
03 026 1 26 0 1 40  14.536  37.936 -223.893  409.620 1.235738 38.0  42.0 4.0  500 9104 
03 027 1 27 0 4  4 -1.248 -5.242 -232.583  195.861 1.052048 8.0  4.0 4.0  500 9604 
03 028 1 28 0 2 24  48.145  21.205 -282.365  294.903 0.651268 8.0  1.0 7.0  499 10103 
03 029 1 29 0 4  4  311.473  363.463  295.866  433.046 1.068754 353.0  22.0 331.0 -1736 8367 
03 030 1 30 0 4  4 -59.609  20.535 -178.716  205.492 1.052046 -49.0  13.0 62.0  422 8788 
03 031 1 31 0 3 11 -86.626 -92.486 -352.071  126.669 1.519624 -90.0 -66.0 24.0  488 9277 
03 032 1 32 0 2 24 -265.086 -266.122 -493.139 -76.702 1.736704 -259.0 -157.0 102.0  288 9564 
03 033 1 33 0 3 11 -16.577  41.748 -336.878  246.798 1.419427 -11.0  129.0 140.0  100 9664 
03 034 1 34 0 1 40  188.977  154.191 -184.611  420.903 1.987198 154.0  152.0 2.0  500 10164 
03 035 1 35 0 4  4 -19.672  30.201 -187.129  286.867 2.237685 -15.0  3.0 18.0  493 10658 
03 036 1 36 0 4  4  114.892  233.251  94.079  320.265 1.235735 116.0  76.0 40.0  467 11125 
03 037 1 37 0 3 11  124.777  69.279 -136.116  219.225 1.202335 146.0  76.0 70.0  400 11525 
03 038 1 38 0 2 24 -177.797 -205.212 -572.496  20.797 1.820206 -208.0 -144.0 64.0  416 11941 
03 039 1 39 0 3 11 -27.468 -36.498 -232.210  95.882 2.321180 -39.0  50.0 89.0  338 12280 
03 040 1 40 0 3 11 -41.963 -1.840 -213.922  167.101 0.784863 -29.0  3.0 32.0  479 12759 
03 041 1 41 0 3 11  43.287  110.955 -45.776  315.542 1.386029 51.0  102.0 51.0  447 13206 
03 042 1 42 0 3 11  12.704  22.052 -291.591  236.400 1.152241 14.0  22.0 8.0  499 13704 
03 043 1 43 0 1 40  96.320  113.187 -240.352  432.037 1.135543 113.0  108.0 5.0  499 14204 
03 044 1 44 0 3 11 -0.058  38.914 -304.634  186.221 1.068746 25.0  62.0 37.0  472 14676 
03 045 1 45 0 4  4 -60.519  16.123 -72.953  128.510 1.302532 -85.0 -27.0 58.0  431 15107 
03 046 1 46 0 4  4  54.276  45.207 -66.543  176.001 0.935149 71.0  8.0 63.0  419 15526 
03 047 1 47 0 1 40  14.444 -13.181 -270.407  374.110 1.068746 -13.0 -30.0 17.0  494 16020 
03 048 1 48 0 3 11 -143.839 -164.901 -516.252  155.102 1.770107 -132.0 -120.0 12.0  497 16517 
03 049 1 49 0 1 40  52.354  64.419 -222.385  342.992 1.786807 64.0  121.0 57.0  434 16951 
03 050 1 50 0 2 24  216.012  217.590 -76.630  492.998 1.252435 243.0  206.0 37.0  472 17423 
03 051 1 51 0 3 11  23.703 -2.726 -158.085  173.994 0.818253 27.0 -19.0 46.0  457 17880 
03 052 1 52 0 1 40 -8.151 -4.946 -273.382  266.746 1.219038 -5.0 -44.0 39.0  469 18349 
03 053 1 53 0 2 24  180.049  141.039 -144.837  508.367 0.985250 136.0  127.0 9.0  498 18847 
03 054 1 54 0 3 11  123.036  59.802 -312.585  250.828 1.168941 74.0  131.0 57.0  434 19281 
03 055 1 55 0 4  4  76.338 -41.298 -169.371  240.280 1.102143 107.0 -67.0 174.0 -118 19163 
03 056 1 56 0 3 11  68.002 -14.560 -211.468  324.036 0.951852 -3.0 -17.0 14.0  496 19659 
03 057 2 01 0 3 11  162.040  133.624 -103.069  350.277 1.235737 132.0  77.0 55.0  438 20097 
03 058 2 02 0 4  4 -67.419  87.424 -31.756  209.879 0.868354 -44.0  59.0 103.0  283 20381 
03 059 2 03 0 4  4 -142.122 -54.793 -174.395  40.028 0.701363 -130.0 -4.0 126.0  176 20557 
03 060 2 04 0 2 24  182.507  139.867 -133.884  542.144 1.001951 159.0  100.0 59.0  429 20986 
03 061 2 05 0 2 24  55.388 -11.326 -246.996  286.928 0.918454 -15.0 -32.0 17.0  494 21480 
03 062 2 06 0 4  4 -45.671  67.621 -98.012  277.054 0.818258 -23.0 -22.0 1.0  500 21980 
03 063 2 07 0 4  4  35.599  55.000 -60.014  193.902 0.651269 29.0  0.0 29.0  483 22463 
03 064 2 08 0 1 40  99.136  71.076 -255.746  401.524 1.035347 71.0  51.0 20.0  492 22955 
03 065 2 09 0 3 11  9.378  7.633 -258.079  334.317 0.918453 32.0  17.0 15.0  495 23450 
03 066 2 10 0 1 40 -8.985  6.539 -408.343  264.707 0.601170 7.0  0.0 7.0  499 23949 
03 067 2 11 0 4  4 -6.519 -71.867 -464.477  194.199 1.335932 -45.0  20.0 65.0  414 24363 
03 068 2 12 0 3 11 -188.031 -157.476 -387.774  2.200 1.269133 -167.0 -134.0 33.0  478 24841 
03 069 2 13 0 1 40  82.027  76.811 -327.142  434.654 1.619816 77.0  138.0 61.0  424 25265 
03 070 2 14 0 4  4  11.425  46.446 -1.209  102.100 1.202347 19.0  31.0 12.0  497 25762 
03 071 2 15 0 1 40  61.196  82.758 -272.829  382.188 1.168942 83.0  66.0 17.0  494 26256 
03 072 2 16 0 2 24 -2.865 -4.706 -234.176  273.084 1.068746 24.0  40.0 16.0  495 26751 
03 073 2 17 0 2 24  19.271  5.023 -499.940  293.514 0.935152 17.0  20.0 3.0  500 27250 
03 074 2 18 0 1 40  113.311  154.835 -251.191  360.718 1.152241 155.0  145.0 10.0  498 27748 
03 075 2 19 0 1 40 -98.839 -74.313 -465.924  325.374 1.085445 -74.0 -74.0 0.0  500 28248 
03 076 2 20 0 3 11  157.207  87.697 -208.088  358.146 2.087393 160.0  71.0 89.0  338 28587 
03 077 2 21 0 4  4 -5.943 -17.878 -79.682  40.035 1.953799 5.0  29.0 24.0  488 29075 
03 078 2 22 0 3 11  90.871  111.884 -104.638  470.197 0.985244 85.0  18.0 67.0  408 29483 
03 079 2 23 0 3 11 -120.154 -111.368 -354.435  226.285 1.202338 -102.0 -70.0 32.0  479 29962 
03 080 2 24 0 1 40  11.678  6.933 -349.438  378.713 1.102142 7.0  51.0 44.0  460 30423 
03 081 2 25 0 4  4 -208.916 -115.090 -314.100  7.792 1.352630 -202.0 -49.0 153.0  22 30445 
03 082 2 26 0 3 11  112.727  218.862  15.147  443.144 1.018650 140.0  132.0 8.0  499 30944 
03 083 2 27 0 4  4  4.429  6.639 -164.481  239.108 0.985250 0.0 -52.0 52.0  445 31389 
03 084 2 28 0 3 11 -75.708 -125.351 -386.498  49.980 0.901755 -135.0 -10.0 125.0  181 31570 
03 085 2 29 0 3 11  19.839  4.271 -144.827  286.674 1.018649 18.0 -67.0 85.0  353 31922 
03 086 2 30 0 2 24 -8.949  8.106 -346.180  341.867 1.018648 -11.0  32.0 43.0  462 32385 
03 087 2 31 0 4  4  19.333 -40.130 -131.457  128.824 1.269136 3.0 -64.0 67.0  408 32793 
03 088 2 32 0 3 11  194.116  204.875 -95.744  445.125 2.154189 170.0  105.0 65.0  414 33207 
03 089 2 33 0 2 24  91.454  78.029 -157.202  425.463 0.868354 65.0  76.0 11.0  498 33704 
03 090 2 34 0 4  4  62.161  101.179 -32.406  320.325 0.617870 85.0 -1.0 86.0  349 34053 
03 091 2 35 0 4  4 -173.596 -135.766 -173.340 -51.377 1.102144 -98.0 -130.0 32.0  479 34532 
03 092 2 36 0 2 24 -105.753 -79.826 -391.237  149.574 0.801561 -94.0 -40.0 54.0  440 34973 
03 093 2 37 0 4  4 -209.659 -155.488 -291.842 -1.937 1.102142 -197.0 -37.0 160.0 -22 34950 
03 094 2 38 0 3 11 -44.022 -118.104 -362.123  100.735 0.985247 -109.0 -38.0 71.0  397 35348 
03 095 2 39 0 4  4  48.151  125.194 -4.543  245.188 1.001952 64.0  13.0 51.0  447 35795 
03 096 2 40 0 2 24  256.074  299.721  60.461  465.057 1.419428 264.0  261.0 3.0  500 36294 
03 097 2 41 0 1 40 -59.003 -50.239 -504.739  373.890 0.935153 -50.0 -12.0 38.0  471 36765 
03 098 2 42 0 2 24 -250.126 -248.334 -591.147  122.866 1.736710 -209.0 -193.0 16.0  495 37260 
03 099 2 43 0 3 11  110.639  73.053 -213.608  310.829 1.152241 111.0  99.0 12.0  497 37757 
03 100 2 44 0 1 40 -61.686 -43.260 -372.792  268.393 1.035347 -43.0 -8.0 35.0  475 38232 
03 101 2 45 0 1 40  14.609  27.132 -135.987  330.144 0.834958 27.0  7.0 20.0  492 38724 
03 102 2 46 0 2 24 -80.098 -80.000 -371.925  280.009 0.534374 -80.0  1.0 81.0  366 39090 
03 103 2 47 0 3 11  7.413  58.080 -161.247  471.434 0.768157 -0.0  28.0 28.0  484 39574 
03 104 2 48 0 4  4 -6.603  105.348 -225.050  320.086 2.304480 7.0  48.0 41.0  466 40039 
03 105 2 49 0 4  4  121.584  152.706 -61.766  443.996 0.918452 141.0  0.0 141.0  94 40134 
03 106 2 50 0 4  4  31.274  182.054  64.569  265.050 2.070693 60.0  149.0 89.0  338 40472 
03 107 2 51 0 1 40 -1.957  1.451 -368.261  332.297 1.102144 1.0  26.0 25.0  487 40959 
03 108 2 52 0 3 11 -83.197 -70.977 -410.192  151.281 0.901753 -90.0  25.0 115.0  230 41189 
03 109 2 53 0 1 40  75.487  55.742 -238.835  342.030 0.935152 56.0  68.0 12.0  497 41686 
03 110 2 54 0 2 24 -72.093 -32.142 -249.133  417.948 0.918452 -57.0 -27.0 30.0  482 42168 
03 111 2 55 0 4  4 -38.250  14.408 -125.385  143.212 1.035347 -29.0  16.0 45.0  459 42627 
03 112 2 56 0 1 40  20.670  6.846 -220.986  255.834 1.569716 7.0  64.0 57.0  434 43060 
03 113 3 01 0 1 40 -98.602 -96.172 -484.468  200.138 1.219036 -96.0 -34.0 62.0  422 43482 
03 114 3 02 0 4  4  99.600  152.662  130.171  195.086 1.269135 67.0  84.0 17.0  494 43976 
03 115 3 03 0 3 11  9.349  7.521 -234.116  239.622 1.102144 28.0  43.0 15.0  495 44471 
03 116 3 04 0 3 11  86.097  149.234  4.545  284.499 1.436127 104.0  127.0 23.0  489 44961 
03 117 3 05 0 2 24  47.426  77.972 -222.287  377.795 0.885057 53.0  78.0 25.0  487 45448 
03 118 3 06 0 4  4  64.720 -11.938 -154.781  64.860 0.768163 69.0  13.0 56.0  436 45884 
03 119 3 07 0 3 11  140.161  195.166 -53.236  379.713 0.985249 160.0  136.0 24.0  488 46372 
03 120 3 08 0 3 11  71.426  120.091 -177.515  278.075 1.168939 104.0  138.0 34.0  476 46849 
03 121 3 09 0 2 24  187.008  236.112 -68.901  434.715 1.219038 215.0  241.0 26.0  486 47335 
03 122 3 10 0 2 24 -64.140 -56.727 -348.115  218.977 1.018647 -37.0 -35.0 2.0  500 47835 
03 123 3 11 0 4  4  107.430  51.651 -166.693  174.290 0.751460 110.0  88.0 22.0  490 48325 
03 124 3 12 0 1 40 -52.507 -65.695 -328.626  251.751 1.135540 -66.0 -47.0 19.0  493 48817 
03 125 3 13 0 3 11  120.877  80.172 -139.106  340.214 0.818258 104.0  43.0 61.0  424 49241 
03 126 3 14 0 1 40 -147.429 -181.614 -571.455  111.792 1.335932 -182.0 -159.0 23.0  489 49731 
03 127 3 15 0 3 11 -272.070 -294.074 -422.044 -32.986 1.419429 -290.0 -263.0 27.0  485 50216 
03 128 3 16 0 3 11  11.122  7.732 -183.237  259.035 0.885055 18.0  7.0 11.0  498 50713 
03 129 3 17 0 4  4 -64.113 -162.838 -281.197 -85.537 1.135544 -76.0 -91.0 15.0  495 51209 
03 130 3 18 0 2 24  107.218  121.962 -132.564  357.027 1.102144 109.0  134.0 25.0  487 51696 
03 131 3 19 0 1 40  88.843  80.466 -195.227  351.690 1.085443 80.0  79.0 1.0  500 52196 
03 132 3 20 0 2 24 -40.595 -45.130 -374.174  234.952 0.651268 -77.0 -1.0 76.0  382 52578 
03 133 3 21 0 2 24 -185.724 -225.077 -525.822  7.482 1.102146 -217.0 -123.0 94.0  320 52898 
03 134 3 22 0 2 24  3.197  19.649 -216.016  348.652 1.319232 20.0  29.0 9.0  498 53396 
03 135 3 23 0 3 11  90.629  119.848 -129.829  364.536 0.834962 86.0  49.0 37.0  472 53868 
03 136 3 24 0 1 40  73.504  63.026 -256.238  431.023 1.118843 63.0  38.0 25.0  487 54355 
03 137 3 25 0 2 24  55.132  46.241 -288.624  449.492 0.768165 48.0  56.0 8.0  499 54854 
03 138 3 26 0 2 24 -102.414 -100.641 -448.715  307.782 0.851656 -86.0 -41.0 45.0  459 55313 
03 139 3 27 0 1 40  29.491  56.539 -267.727  341.510 0.818258 57.0  66.0 9.0  498 55811 
03 140 3 28 0 4  4 -12.392  75.900 -150.637  283.734 1.052045 -5.0  26.0 31.0  480 56291 
03 141 3 29 0 4  4 -82.300 -94.758 -238.757  48.042 0.885055 -50.0 -108.0 58.0  431 56723 
03 142 3 30 0 1 40  64.071  28.522 -247.455  329.687 0.918452 29.0  75.0 46.0  457 57180 
03 143 3 31 0 4  4  0.907 -63.699 -177.564  28.017 1.285835 15.0 -55.0 70.0  400 57580 
03 144 3 32 0 2 24  68.496  81.152 -134.774  354.828 0.834957 63.0  83.0 20.0  492 58071 
03 145 3 33 0 1 40 -241.093 -235.436 -545.001  26.092 1.135541 -235.0 -272.0 37.0  472 58544 
03 146 3 34 0 2 24  161.149  171.499 -76.248  385.461 1.386029 164.0  197.0 33.0  478 59021 
03 147 3 35 0 4  4 -92.970 -54.757 -213.134  92.265 0.885053 -96.0  9.0 105.0  275 59296 
03 148 3 36 0 1 40  12.328 -38.349 -362.984  268.568 1.369330 -38.0 -15.0 23.0  489 59786 
03 149 3 37 0 4  4 -61.336 -28.813 -166.350  212.535 1.001949 -74.0 -43.0 31.0  480 60266 
03 150 3 38 0 4  4  76.114 -67.430 -196.392  63.740 1.052049 61.0 -71.0 132.0  144 60410 
03 151 3 39 0 3 11  50.458  59.231 -271.190  236.497 1.152240 46.0  135.0 89.0  338 60749 
03 152 3 40 0 4  4  10.333  2.916 -184.171  138.107 0.718063 -30.0 -19.0 11.0  498 61246 
03 153 3 41 0 2 24 -135.730 -101.606 -343.949  112.475 0.584471 -111.0 -4.0 107.0  266 61513 
03 154 3 42 0 1 40 -34.966 -21.685 -281.310  316.067 0.517671 -22.0  0.0 22.0  490 62003 
03 155 3 43 0 2 24  215.842  233.134 -38.916  545.339 1.753414 237.0  223.0 14.0  496 62499 
03 156 3 44 0 1 40  48.507  39.297 -299.310  380.982 0.734763 39.0  38.0 1.0  500 62999 
03 157 3 45 0 3 11 -71.994 -44.711 -357.868  172.729 0.834953 -72.0 -1.0 71.0  397 63396 
03 158 3 46 0 2 24 -103.240 -46.012 -477.940  162.860 0.734769 -51.0 -1.0 50.0  449 63845 
03 159 3 47 0 2 24 -28.345 -47.604 -322.314  217.408 0.801560 -15.0 -16.0 1.0  500 64345 
03 160 3 48 0 2 24 -40.473 -54.311 -342.232  227.058 0.851654 -49.0 -20.0 29.0  483 64828 
03 161 3 49 0 3 11 -14.750 -26.014 -198.889  169.263 0.567771 -16.0  0.0 16.0  495 65322 
03 162 3 50 0 2 24 -167.721 -141.844 -362.835  225.400 0.901754 -178.0 -167.0 11.0  498 65820 
03 163 3 51 0 1 40 -137.577 -118.254 -403.283  118.578 0.951848 -118.0 -89.0 29.0  483 66303 
03 164 3 52 0 1 40  37.558  3.639 -309.815  280.945 0.901755 4.0 -7.0 11.0  498 66800 
03 165 3 53 0 2 24 -90.771 -116.055 -327.575  129.752 1.436127 -102.0 -117.0 15.0  495 67296 
03 166 3 54 0 2 24 -130.407 -166.731 -383.207  57.473 1.052047 -151.0 -171.0 20.0  492 67787 
03 167 3 55 0 3 11 -59.470 -61.058 -326.186  248.434 0.918453 -44.0 -31.0 13.0  497 68284 
03 168 3 56 0 4  4  37.447  70.282 -118.659  302.397 0.885057 51.0  125.0 74.0  388 68672 
03 169 4 01 0 1 40  37.375  36.224 -236.133  305.740 1.001948 36.0  57.0 21.0  491 69163 
03 170 4 02 0 4  4  125.031  149.452 -27.513  541.335 0.768164 143.0  49.0 94.0  320 69483 
03 171 4 03 0 3 11  103.298  82.384 -143.052  348.813 1.352630 103.0  79.0 24.0  488 69971 
03 172 4 04 0 2 24  51.692  25.221 -235.046  274.085 1.001949 47.0  16.0 31.0  480 70452 
03 173 4 05 0 4  4  231.052  237.268  132.127  383.579 1.452825 218.0  199.0 19.0  493 70944 
03 174 4 06 0 4  4 -81.674 -94.687 -257.886  70.625 0.768160 -76.0 -18.0 58.0  431 71376 
03 175 4 07 0 2 24  52.386 -7.512 -369.128  282.160 1.135539 32.0 -63.0 95.0  316 71691 
03 176 4 08 0 2 24 -96.030 -97.688 -358.418  196.453 0.718062 -113.0 -5.0 108.0  262 71953 
03 177 4 09 0 3 11  32.785  27.286 -395.459  349.961 0.834957 34.0  43.0 9.0  498 72452 
03 178 4 10 0 3 11 -107.459 -77.808 -241.506  232.437 1.502922 -137.0 -43.0 94.0  320 72771 
03 179 4 11 1 1 40 -72.135 -39.608 -406.915  317.303 0.016699 -40.0  0.0 40.0  467 73239 
03 180 4 12 0 1 40 -36.083 -25.364 -470.583  416.039 1.052047 -25.0  32.0 57.0  434 73672 
03 181 4 13 0 1 40 -114.817 -66.237 -328.484  144.969 0.834958 -66.0 -61.0 5.0  499 74172 
03 182 4 14 0 3 11 -126.439 -75.820 -295.058  113.076 0.517675 -102.0  0.0 102.0  288 74460 
03 183 4 15 0 1 40 -105.993 -107.294 -585.352  269.415 0.951852 -107.0 -97.0 10.0  498 74958 
03 184 4 16 0 1 40  24.977  59.037 -237.683  439.517 0.751465 59.0  87.0 28.0  484 75442 
03 185 4 17 0 1 40  111.170  92.520 -271.487  397.780 0.985246 93.0  50.0 43.0  462 75904 
03 186 4 18 0 2 24 -191.166 -226.646 -419.985  127.797 1.152239 -200.0 -195.0 5.0  499 76403 
03 187 4 19 0 2 24  8.525  25.791 -177.765  233.279 0.718069 28.0  97.0 69.0  403 76806 
03 188 4 20 0 2 24 -33.283 -61.466 -410.125  385.169 0.634569 -54.0 -26.0 28.0  484 77290 
03 189 4 21 0 2 24  71.522  51.211 -186.166  444.234 0.918454 68.0  103.0 35.0  475 77765 
03 190 4 22 0 3 11 -3.662 -22.481 -148.731  105.916 0.517674 -18.0  0.0 18.0  493 78259 
03 191 4 23 0 3 11  118.004  131.740 -285.753  301.298 0.718063 106.0  152.0 46.0  457 78715 
03 192 4 24 0 4  4  11.392 -179.073 -349.761  40.373 1.001949 27.0 -144.0 171.0 -97 78619 
03 193 4 25 0 4  4 -75.293  26.768 -185.473  168.976 0.784861 -17.0  35.0 52.0  445 79063 
03 194 4 26 0 1 40  73.850  100.946 -235.958  426.104 0.935153 101.0  83.0 18.0  493 79557 
03 195 4 27 0 3 11  98.550  109.749 -137.084  619.600 0.818259 119.0  160.0 41.0  466 80022 
03 196 4 28 0 1 40  24.485  47.946 -224.954  332.816 0.868363 48.0  65.0 17.0  494 80517 
03 197 4 29 0 2 24  193.713  216.042  4.225  457.061 1.285835 213.0  265.0 52.0  445 80961 
03 198 4 30 0 2 24 -54.672 -61.454 -357.650  240.657 1.035348 -49.0 -88.0 39.0  469 81430 
03 199 4 31 0 1 40  60.140  48.474 -318.235  295.958 1.285834 48.0  81.0 33.0  478 81908 
03 200 4 32 0 3 11 -119.495 -110.274 -239.089  93.113 0.985250 -111.0 -111.0 0.0  500 82408 
03 201 4 33 0 4  4  73.888 -24.520 -191.887  96.430 0.968551 48.0  78.0 30.0  482 82890 
03 202 4 34 0 4  4  99.393  186.193 -73.830  404.623 1.185638 97.0  233.0 136.0  123 83012 
03 203 4 35 0 2 24 -238.619 -272.315 -481.752  187.177 1.436126 -256.0 -248.0 8.0  499 83511 
03 204 4 36 0 4  4  97.643  118.180 -97.469  211.452 0.985250 104.0  195.0 91.0  331 83842 
03 205 4 37 0 4  4 -92.528 -95.055 -315.505  21.597 0.617868 -115.0 -1.0 114.0  235 84077 
03 206 4 38 0 2 24 -88.698 -86.903 -369.482  215.420 0.935153 -100.0 -37.0 63.0  419 84496 
03 207 4 39 0 3 11  111.536  57.236 -75.692  271.150 0.985248 107.0  84.0 23.0  489 84985 
03 208 4 40 0 4  4  244.475  95.471 -131.109  246.123 1.202337 216.0  218.0 2.0  500 85485 
03 209 4 41 0 2 24 -15.025 -47.110 -318.519  321.167 0.901754 -44.0 -13.0 31.0  480 85965 
03 210 4 42 0 4  4 -10.177  61.519 -79.590  203.293 0.684665 -39.0  5.0 44.0  460 86426 
03 211 4 43 0 4  4  27.669  27.061 -299.022  218.238 0.667968 6.0  0.0 6.0  499 86925 
03 212 4 44 0 4  4  125.737  115.759 -220.171  330.073 0.901754 108.0  57.0 51.0  447 87372 
03 213 4 45 0 2 24 -169.645 -171.443 -436.280  76.038 0.935153 -201.0 -149.0 52.0  445 87817 
03 214 4 46 0 3 11  30.915 -110.768 -434.194  135.202 0.784860 15.0 -3.0 18.0  493 88310 
03 215 4 47 0 1 40  29.760  42.625 -234.226  390.839 0.868355 43.0  85.0 42.0  464 88774 
03 216 4 48 0 4  4 -71.319 -44.974 -221.197  229.448 0.851657 -51.0 -19.0 32.0  479 89253 
03 217 4 49 0 2 24  298.130  338.076  35.556  487.058 1.085445 317.0  301.0 16.0  495 89748 
03 218 4 50 0 1 40 -155.782 -113.109 -385.658  249.915 0.868355 -113.0 -63.0 50.0  449 90197 
03 219 4 51 0 1 40 -33.884 -30.058 -302.741  252.975 0.818259 -30.0  0.0 30.0  482 90679 
03 220 4 52 0 3 11 -72.797  53.778 -113.819  193.678 1.102144 -37.0  63.0 100.0  296 90975 
03 221 4 53 0 3 11  51.499  39.056 -163.229  377.259 0.968550 24.0  62.0 38.0  471 91445 
03 222 4 54 0 2 24 -30.999 -28.584 -276.189  460.763 0.801559 -8.0  5.0 13.0  497 91942 
03 223 4 55 0 1 40 -119.041 -133.126 -573.650  143.173 0.868357 -133.0 -16.0 117.0  221 92162 
03 224 4 56 0 3 11 -41.850 -37.311 -224.062  169.296 4.258279 -70.0  0.0 70.0  400 92562 
03 225 5 01 0 4  4 -102.888 -80.770 -149.059 -28.220 0.768161 -137.0 -27.0 110.0  253 92815 
03 226 5 02 0 3 11 -12.199 -59.819 -206.208  161.044 0.467582 -50.0  0.0 50.0  449 93264 
03 227 5 03 0 2 24 -63.011 -86.297 -393.204  223.887 0.801561 -72.0 -99.0 27.0  485 93749 
03 228 5 04 0 1 40  61.121  111.640 -273.672  422.416 0.768160 112.0  107.0 5.0  499 94249 
03 229 5 05 0 1 40  143.376  156.690 -77.384  484.135 1.035347 157.0  149.0 8.0  499 94748 
03 230 5 06 0 4  4 -11.473 -86.920 -229.827  132.562 0.918454 -31.0 -57.0 26.0  486 95234 
03 231 5 07 0 1 40 -0.325 -24.213 -265.322  212.223 0.834955 -24.0 -14.0 10.0  498 95732 
03 232 5 08 0 2 24  22.801  81.899 -246.036  368.760 1.753404 47.0  87.0 40.0  467 96199 
03 233 5 09 0 4  4  204.280  188.607  4.735  337.396 1.001948 194.0  170.0 24.0  488 96687 
03 234 5 10 0 1 40  163.616  202.948 -217.155  516.968 1.853603 203.0  82.0 121.0  201 96889 
03 235 5 11 0 4  4  39.976  198.399  117.564  340.613 1.770111 84.0  92.0 8.0  499 97387 
03 236 5 12 0 4  4  105.533  6.121 -127.085  153.254 0.534373 67.0 -13.0 80.0  369 97757 
03 237 5 13 0 3 11  138.327  158.419 -48.968  359.909 0.951850 132.0  196.0 64.0  416 98173 
03 238 5 14 0 1 40 -21.340 -27.085 -334.428  310.290 0.751468 -27.0 -7.0 20.0  492 98665 
03 239 5 15 0 4  4 -60.131 -258.365 -482.238 -106.183 1.469525 -56.0 -198.0 142.0  88 98753 
03 240 5 16 0 4  4 -12.698  150.292  30.529  245.060 1.068745 44.0  177.0 133.0  139 98892 
03 241 5 17 0 2 24  15.149  52.355 -143.044  335.553 1.018645 10.0 -25.0 35.0  475 99367 
03 242 5 18 0 3 11 -4.874 -40.907 -299.412  195.597 0.517674 -11.0 -1.0 10.0  498 99865 
03 243 5 19 0 1 40  98.939  94.498 -130.447  414.910 0.885055 94.0  153.0 59.0  429 100294 
03 244 5 20 0 2 24 -29.737 -74.920 -429.353  215.949 6.779847 -80.0 -27.0 53.0  443 100737 
03 245 5 21 0 3 11 -35.290 -78.416 -343.003  175.473 0.751463 -87.0 -32.0 55.0  438 101175 
03 246 5 22 0 4  4 -120.501 -122.381 -295.393  85.344 1.252435 -120.0 -235.0 115.0  230 101405 
03 247 5 23 0 4  4 -170.888 -282.030 -609.603 -99.637 1.269134 -169.0 -173.0 4.0  500 101905 
03 248 5 24 0 3 11  111.990  145.712 -87.400  397.731 0.834957 112.0  157.0 45.0  459 102364 
03 249 5 25 0 1 40  27.675  2.125 -206.740  232.452 0.651267 2.0 -6.0 8.0  499 102862 
03 250 5 26 0 1 40 -25.601  2.389 -365.079  265.052 0.467578 2.0  0.0 2.0  500 103362 
03 251 5 27 0 3 11  76.387 -3.137 -320.774  312.595 18.769820 63.0  0.0 63.0  419 103781 
03 252 5 28 0 2 24 -1.086  28.530 -277.355  362.069 0.584471 14.0  28.0 14.0  496 104277 
03 253 5 29 0 1 40  146.066  120.126 -225.205  443.457 1.369333 120.0  133.0 13.0  497 104774 
03 254 5 30 0 3 11  25.668  66.047 -77.323  207.976 1.018649 59.0  80.0 21.0  491 105265 
03 255 5 31 0 1 40  68.639  110.503 -213.681  470.605 0.985249 111.0  127.0 16.0  495 105760 
03 256 5 32 0 4  4 -65.521 -162.097 -280.476 -29.275 1.152242 -45.0 -110.0 65.0  414 106173 
03 257 5 33 0 1 40  60.137  74.757 -240.353  462.396 5.494014 75.0 -10.0 85.0  353 106526 
03 258 5 34 0 2 24  145.875  81.419 -382.572  336.197 0.935153 112.0  51.0 61.0  424 106950 
03 259 5 35 0 1 40 -200.677 -187.361 -569.828  209.434 1.553021 -187.0 -107.0 80.0  369 107319 
03 260 5 36 0 3 11  34.194 -29.765 -184.919  96.017 0.935158 36.0 -39.0 75.0  385 107705 
03 261 5 37 0 3 11 -142.044 -165.329 -303.122  37.190 6.412467 -138.0  1.0 139.0  106 107810 
03 262 5 38 0 3 11 -55.586  30.665 -374.849  240.101 1.436126 -12.0  141.0 153.0  22 107833 
03 263 5 39 0 2 24  83.795  95.967 -187.773  286.632 0.885055 84.0  112.0 28.0  484 108317 
03 264 5 40 0 3 11  70.007  64.434 -388.175  233.825 0.701367 77.0  111.0 34.0  476 108793 
03 265 5 41 0 2 24 -86.292 -87.742 -408.528  119.814 1.486222 -105.0 -154.0 49.0  451 109244 
03 266 5 42 0 3 11  140.378  176.483 -91.138  358.949 0.834959 150.0  129.0 21.0  491 109735 
03 267 5 43 0 3 11 -10.237 -24.428 -270.957  440.777 1.118843 12.0 -36.0 48.0  453 110188 
03 268 5 44 1 3 11 -50.009 -14.229 -354.206  194.338 0.016707 -47.0  0.0 47.0  455 110643 
03 269 5 45 0 2 24  20.838 -20.200 -350.390  355.210 0.601168 6.0 -16.0 22.0  490 111133 
03 270 5 46 0 1 40 -106.985 -97.466 -333.784  223.761 0.751456 -97.0 -84.0 13.0  497 111630 
03 271 5 47 0 1 40 -83.644 -96.290 -567.072  189.112 0.935151 -96.0 -33.0 63.0  419 112049 
03 272 5 48 0 4  4  30.903 -39.591 -326.572  276.741 1.018647 27.0 -11.0 38.0  471 112519 
03 273 5 49 0 4  4 -100.564 -103.460 -342.416  122.074 12.858329 -106.0  2.0 108.0  262 112781 
03 274 5 50 0 2 24 -40.550 -11.731 -202.822  395.499 1.486220 -35.0 -10.0 25.0  487 113268 
03 275 5 51 0 2 24 -16.367  35.257 -189.900  429.727 0.918453 15.0  48.0 33.0  478 113746 
03 276 5 52 0 4  4 -83.763 -40.231 -170.737  118.253 0.684666 -67.0 -36.0 31.0  480 114226 
03 277 5 53 0 2 24  51.354  77.027 -187.199  480.976 1.118843 43.0  81.0 38.0  471 114697 
03 278 5 54 0 2 24  92.142  104.071 -226.113  335.643 0.617873 89.0  24.0 65.0  414 115111 
03 279 5 55 0 2 24  62.339  21.426 -323.378  321.548 0.951852 43.0  51.0 8.0  499 115609 
03 280 5 56 0 2 24  7.775  8.552 -295.607  283.747 0.517677 11.0  2.0 9.0  498 116108 
