10 001 1 01 0 3 11 -187.060 -236.122 -433.893  38.903 1.972715 -197.0 -47.0 150.0  41 40 
10 002 1 02 0 4  4  153.760  231.891  137.049  293.450 1.387588 146.0  59.0 87.0  346 386 
10 003 1 03 0 2 24 -65.500 -20.263 -561.275  247.218 1.019797 -21.0  17.0 38.0  471 856 
10 004 1 04 0 2 24 -3.714  14.585 -181.164  324.659 2.340509 32.0  8.0 24.0  488 1345 
10 005 1 05 0 1 40 -11.675  2.956 -227.075  367.544 0.936205 3.0  14.0 11.0  498 1842 
10 006 1 06 0 2 24  14.646  30.104 -256.195  297.437 1.872406 10.0  49.0 39.0  469 2311 
10 007 1 07 0 2 24 -97.466 -49.891 -340.391  292.437 0.936201 -90.0 -38.0 52.0  445 2756 
10 008 1 08 0 1 40 -20.218 -46.307 -340.771  293.714 1.086664 -46.0 -50.0 4.0  500 3256 
10 009 1 09 0 2 24 -11.859 -33.769 -402.493  323.991 3.377020 -34.0 -5.0 29.0  483 3738 
10 010 1 10 0 3 11 -171.619 -285.356 -597.112 -73.992 1.270564 -209.0 -79.0 130.0  155 3894 
10 011 1 11 0 4  4 -158.431 -124.064 -210.578 -24.846 1.487895 -179.0 -20.0 159.0 -16 3878 
10 012 1 12 0 3 11 -42.899 -36.897 -281.185  238.868 1.354153 -54.0  38.0 92.0  327 4205 
10 013 1 13 0 4  4  42.899  100.080 -6.264  304.862 1.019794 37.0  52.0 15.0  495 4700 
10 014 1 14 0 3 11  89.578  124.378 -137.962  541.992 1.069949 79.0  38.0 41.0  466 5166 
10 015 1 15 0 4  4 -21.690 -47.168 -117.664  68.044 1.003075 9.0 -31.0 40.0  467 5633 
10 016 1 16 0 1 40  36.608  16.979 -259.867  336.495 1.554767 17.0  30.0 13.0  497 6130 
10 017 1 17 0 1 40 -59.514 -66.066 -368.551  227.965 2.006149 -66.0 -49.0 17.0  494 6624 
10 018 1 18 0 3 11  121.778  75.255 -142.690  272.751 0.601845 87.0  5.0 82.0  363 6987 
10 019 1 19 0 2 24 -1.714 -43.215 -255.766  213.514 1.153534 -23.0 -57.0 34.0  476 7463 
10 020 1 20 0 3 11 -36.065 -18.597 -275.365  277.862 0.718867 -56.0  19.0 75.0  385 7848 
10 021 1 21 0 1 40 -55.211 -65.806 -461.205  343.639 1.203692 -66.0 -86.0 20.0  492 8340 
10 022 1 22 0 2 24  28.246  93.258 -328.794  393.421 0.986358 37.0  66.0 29.0  483 8823 
10 023 1 23 0 2 24  42.802  80.426 -235.069  373.490 1.036510 62.0  32.0 30.0  482 9305 
10 024 1 24 0 3 11  197.451  198.227 -42.675  351.346 2.156614 195.0  60.0 135.0  128 9433 
10 025 1 25 0 2 24 -29.275 -25.079 -258.879  271.569 1.003077 -27.0 -29.0 2.0  500 9933 
10 026 1 26 0 3 11 -50.863 -79.598 -291.209  146.959 1.287282 -41.0 -63.0 22.0  490 10423 
10 027 1 27 0 4  4  61.023 -13.408 -121.125  144.214 0.902765 46.0 -9.0 55.0  438 10861 
10 028 1 28 0 4  4  102.537  126.085 -29.903  208.580 2.073022 121.0  28.0 93.0  323 11185 
10 029 1 29 0 4  4 -46.736  72.511 -88.000  172.250 0.752305 -46.0  45.0 91.0  331 11516 
10 030 1 30 0 1 40 -67.360 -63.957 -374.106  262.242 1.203688 -64.0 -41.0 23.0  489 12005 
10 031 1 31 0 4  4 -141.391 -54.282 -108.995  39.213 0.919484 -153.0 -34.0 119.0  211 12216 
10 032 1 32 0 3 11 -236.736 -170.612 -418.428  80.203 1.370870 -205.0 -96.0 109.0  258 12473 
10 033 1 33 0 3 11  38.758  19.656 -258.898  264.004 1.003076 11.0  28.0 17.0  494 12967 
10 034 1 34 0 2 24  73.120  32.278 -497.380  314.847 1.838971 70.0  48.0 22.0  490 13457 
10 035 1 35 0 4  4 -82.783 -224.779 -287.344 -85.798 1.370870 -97.0 -81.0 16.0  495 13952 
10 036 1 36 0 1 40  33.527  39.332 -395.658  303.574 0.902768 39.0  27.0 12.0  497 14449 
10 037 1 37 0 3 11 -70.227 -21.863 -247.717  261.137 1.003077 -34.0 -28.0 6.0  499 14949 
10 038 1 38 0 2 24 -164.564 -197.015 -512.000  72.625 1.337432 -195.0 -124.0 71.0  397 15346 
10 039 1 39 0 2 24  220.764  210.443 -31.094  603.511 1.003076 211.0  143.0 68.0  406 15751 
10 040 1 40 0 3 11 -8.739 -45.197 -315.828  226.491 0.651999 -24.0 -32.0 8.0  499 16250 
10 041 1 41 0 4  4  431.120  424.070  286.170  647.865 1.253844 391.0  81.0 310.0 -1461 14789 
10 042 1 42 0 1 40  42.369  42.085 -315.470  442.399 0.651999 42.0 -32.0 74.0  388 15177 
10 043 1 43 0 2 24 -55.942 -19.298 -246.906  286.016 0.718872 -51.0  10.0 61.0  424 15601 
10 044 1 44 0 1 40  99.538  137.195 -177.747  463.677 1.036512 137.0  142.0 5.0  499 16101 
10 045 1 45 0 4  4  109.870  190.451  42.362  380.627 0.785744 136.0  102.0 34.0  476 16577 
10 046 1 46 0 2 24  32.862  74.218 -397.273  495.914 1.303998 65.0  97.0 32.0  479 17056 
10 047 1 47 0 3 11 -109.028 -102.076 -311.842  150.525 1.437742 -98.0 -47.0 51.0  447 17503 
10 048 1 48 0 4  4  24.591  129.966  66.255  200.399 1.153537 57.0  84.0 27.0  485 17988 
10 049 1 49 0 2 24  25.465  18.782 -222.868  335.926 0.819178 19.0  8.0 11.0  498 18486 
10 050 1 50 0 3 11  23.431  57.597 -192.763  349.030 0.969644 18.0  45.0 27.0  485 18971 
10 051 1 51 0 1 40  112.989  125.658 -110.433  389.350 1.053229 126.0  104.0 22.0  490 19461 
10 052 1 52 0 2 24 -116.307 -102.396 -303.625  136.688 1.387588 -87.0 -57.0 30.0  482 19943 
10 053 1 53 0 1 40 -50.125 -49.032 -503.697  186.709 1.337433 -49.0 -54.0 5.0  499 20442 
10 054 1 54 0 3 11 -94.762 -49.946 -379.536  147.003 1.487894 -65.0 -77.0 12.0  497 20939 
10 055 1 55 0 3 11  48.808  36.631 -283.955  273.688 0.802459 68.0  39.0 29.0  483 21422 
10 056 1 56 0 4  4  34.511  54.847 -95.704  300.783 1.805535 5.0  65.0 60.0  427 21848 
10 057 2 01 0 4  4 -84.069 -118.233 -228.273 -19.917 1.671793 -65.0 -80.0 15.0  495 22344 
10 058 2 02 0 3 11 -103.046 -9.240 -201.527  128.306 1.103386 -57.0 -39.0 18.0  493 22837 
10 059 2 03 0 3 11  87.744  53.162 -54.083  219.954 0.936207 75.0  57.0 18.0  493 23331 
10 060 2 04 0 2 24 -70.981 -77.879 -415.739  221.074 0.936204 -80.0 -85.0 5.0  499 23830 
10 061 2 05 0 1 40  177.386  163.612 -157.041  446.547 1.069947 164.0  142.0 22.0  490 24320 
10 062 2 06 0 3 11  93.811  137.001 -71.302  404.138 1.755381 105.0  136.0 31.0  480 24801 
10 063 2 07 0 1 40  8.096  12.084 -329.232  297.094 0.819180 12.0 -18.0 30.0  482 25282 
10 064 2 08 0 4  4 -55.242  6.516 -107.265  261.264 0.936205 -28.0  84.0 112.0  244 25526 
10 065 2 09 0 3 11 -134.712 -135.677 -363.946  20.202 1.086665 -92.0 -105.0 13.0  497 26023 
10 066 2 10 0 3 11 -152.045 -165.410 -256.780  44.281 1.521330 -173.0 -43.0 130.0  155 26178 
10 067 2 11 0 4  4 -99.698 -149.594 -302.054  62.823 1.019795 -124.0 -117.0 7.0  499 26677 
10 068 2 12 0 2 24 -129.829 -67.290 -392.466  248.635 1.019792 -103.0 -51.0 52.0  445 27122 
10 069 2 13 0 2 24 -109.854 -88.327 -392.929  181.555 0.852616 -106.0 -104.0 2.0  500 27622 
10 070 2 14 0 4  4  65.135  3.457 -134.303  120.723 0.902766 99.0  55.0 44.0  460 28082 
10 071 2 15 0 1 40 -212.611 -212.654 -505.686  95.508 1.855687 -213.0 -242.0 29.0  483 28565 
10 072 2 16 0 1 40  94.694  57.691 -237.038  483.000 0.852617 58.0  106.0 48.0  453 29018 
10 073 2 17 0 4  4 -38.399  15.126 -65.843  111.278 1.354153 1.0  31.0 30.0  482 29500 
10 074 2 18 0 3 11 -50.502  10.032 -285.264  255.462 3.310147 -15.0  9.0 24.0  488 29988 
10 075 2 19 0 2 24 -43.502 -36.908 -339.332  241.144 0.451385 -47.0  0.0 47.0  455 30443 
10 076 2 20 0 1 40 -31.986 -16.876 -381.641  344.188 0.869331 -17.0 -15.0 2.0  500 30943 
10 077 2 21 0 4  4 -43.625  10.262 -113.574  283.013 1.287282 -52.0  90.0 142.0  88 31031 
10 078 2 22 0 3 11  58.955  68.706 -319.351  253.214 1.370870 48.0  46.0 2.0  500 31531 
10 079 2 23 0 3 11  85.277  72.547 -314.482  336.705 0.902768 104.0  51.0 53.0  443 31974 
10 080 2 24 0 4  4 -105.290 -52.210 -185.658  182.199 0.651999 -139.0 -26.0 113.0  239 32213 
10 081 2 25 0 1 40  245.668  269.258  13.444  619.900 1.788817 269.0  271.0 2.0  500 32713 
10 082 2 26 0 2 24 -38.115 -30.131 -329.637  243.672 0.869332 -4.0 -10.0 6.0  499 33212 
10 083 2 27 0 3 11  63.024  17.668 -150.887  252.442 1.822252 45.0  101.0 56.0  436 33648 
10 084 2 28 0 1 40 -3.807 -26.916 -375.295  410.406 0.668717 -27.0 -17.0 10.0  498 34146 
10 085 2 29 0 2 24  22.591  20.246 -264.940  396.794 0.919486 19.0  44.0 25.0  487 34634 
10 086 2 30 0 1 40 -119.460 -135.958 -363.642  150.273 1.170256 -136.0 -155.0 19.0  493 35126 
10 087 2 31 0 3 11  55.030 -4.685 -117.464  170.859 1.320715 79.0 -47.0 126.0  176 35302 
10 088 2 32 0 1 40 -64.957 -57.183 -357.199  301.279 0.819178 -57.0 -50.0 7.0  499 35801 
10 089 2 33 0 1 40  2.173 -21.681 -386.057  229.374 1.989433 -22.0 -10.0 12.0  497 36298 
10 090 2 34 0 4  4  198.647  214.938  134.849  247.814 0.835896 214.0  156.0 58.0  431 36730 
10 091 2 35 0 1 40  91.634  117.042 -161.927  447.662 2.641431 117.0  140.0 23.0  489 37219 
10 092 2 36 0 1 40 -13.533  2.895 -345.950  283.992 1.755382 3.0 -6.0 9.0  498 37717 
10 093 2 37 0 1 40 -176.354 -160.391 -484.833  196.400 0.886050 -160.0 -139.0 21.0  491 38208 
10 094 2 38 0 3 11  40.896  59.934 -224.051  284.702 0.886051 48.0  65.0 17.0  494 38702 
10 095 2 39 0 3 11 -54.637  12.845 -218.048  297.147 0.919486 -43.0  35.0 78.0  376 39078 
10 096 2 40 0 3 11  85.294  137.432 -50.210  383.959 1.003075 66.0  105.0 39.0  469 39547 
10 097 2 41 0 4  4  96.103  209.121  8.343  347.913 1.136820 66.0  108.0 42.0  464 40011 
10 098 2 42 0 3 11 -26.079 -29.189 -249.601  144.868 0.969640 -10.0 -78.0 68.0  406 40417 
10 099 2 43 0 1 40  19.076 -4.744 -535.591  252.747 0.618564 -5.0 -11.0 6.0  499 40916 
10 100 2 44 0 1 40 -21.956  27.974 -331.112  367.490 0.886051 28.0  15.0 13.0  497 41413 
10 101 2 45 0 1 40  56.915  73.987 -338.975  392.299 1.471173 74.0  64.0 10.0  498 41910 
10 102 2 46 0 4  4 -84.854 -249.825 -457.532 -90.785 0.718871 -124.0 -72.0 52.0  445 42355 
10 103 2 47 0 4  4  55.019  19.489 -135.513  160.597 0.284204 77.0  0.0 77.0  379 42734 
10 104 2 48 0 1 40  67.044  63.711 -180.152  331.571 1.153537 64.0  77.0 13.0  497 43231 
10 105 2 49 0 1 40 -39.680 -29.563 -244.598  300.782 0.969643 -30.0 -24.0 6.0  499 43730 
10 106 2 50 0 1 40 -63.093 -58.095 -535.692  306.362 1.738663 -58.0 -60.0 2.0  500 44230 
10 107 2 51 0 1 40 -61.105 -45.197 -369.446  325.025 1.437743 -45.0 -35.0 10.0  498 44728 
10 108 2 52 0 4  4  121.145  143.761  89.981  187.755 1.303999 153.0  102.0 51.0  447 45175 
10 109 2 53 0 4  4 -76.929 -104.289 -486.051  295.815 0.635282 -96.0 -23.0 73.0  391 45566 
10 110 2 54 0 2 24  273.805  263.146 -41.646  487.985 0.952922 259.0  180.0 79.0  373 45939 
10 111 2 55 0 1 40  182.701  151.920 -365.217  457.793 1.003076 152.0  149.0 3.0  500 46439 
10 112 2 56 0 4  4 -67.576 -187.219 -441.370 -67.091 0.718871 -45.0 -74.0 29.0  483 46921 
10 113 3 01 0 4  4 -5.010 -83.985 -234.577  43.258 0.936207 -28.0 -44.0 16.0  495 47416 
10 114 3 02 0 1 40  152.406  142.096 -156.288  529.760 1.019794 142.0  130.0 12.0  497 47913 
10 115 3 03 0 4  4  24.235 -71.213 -315.375  146.839 1.404304 -16.0 -36.0 20.0  492 48405 
10 116 3 04 0 2 24  71.982  106.627 -236.341  298.428 0.735588 112.0  65.0 47.0  455 48860 
10 117 3 05 0 1 40  26.629  43.449 -266.875  500.208 1.538046 43.0  27.0 16.0  495 49355 
10 118 3 06 0 2 24 -6.596  4.220 -241.331  233.779 0.601846 -0.0 -4.0 4.0  500 49854 
10 119 3 07 0 2 24  14.126  37.348 -223.801  222.368 0.785742 6.0  41.0 35.0  475 50329 
10 120 3 08 0 3 11  167.398  135.989 -35.604  349.733 0.718869 136.0  52.0 84.0  356 50685 
10 121 3 09 0 1 40  22.696  29.410 -294.738  388.311 0.852615 29.0  65.0 36.0  474 51159 
10 122 3 10 0 4  4  109.526 -25.895 -238.223  123.556 0.969640 89.0 -41.0 130.0  155 51314 
10 123 3 11 0 2 24  5.235 -11.791 -409.192  290.838 1.287280 -11.0 -16.0 5.0  499 51814 
10 124 3 12 0 2 24  135.313  152.636 -162.274  463.601 1.003076 154.0  131.0 23.0  489 52303 
10 125 3 13 0 3 11  170.721  190.328  43.746  335.420 1.354152 189.0  109.0 80.0  369 52672 
10 126 3 14 0 1 40  110.356  109.064 -78.898  519.435 0.852613 109.0  118.0 9.0  498 53171 
10 127 3 15 0 2 24  78.163  49.469 -237.073  261.718 1.387586 64.0  24.0 40.0  467 53638 
10 128 3 16 0 2 24  67.569  124.128 -252.846  414.911 1.019792 96.0  68.0 28.0  484 54122 
10 129 3 17 0 4  4  46.806  143.204 -139.849  315.905 0.852615 50.0  43.0 7.0  499 54621 
10 130 3 18 0 2 24  25.058  24.210 -231.112  570.565 0.919487 -5.0 -3.0 2.0  500 55121 
10 131 3 19 0 2 24  75.008  56.372 -161.024  334.137 0.769026 61.0  39.0 22.0  490 55611 
10 132 3 20 0 2 24 -225.403 -219.027 -505.295  104.064 1.019791 -202.0 -176.0 26.0  486 56097 
10 133 3 21 0 1 40  171.737  181.593 -196.552  584.758 1.103382 182.0  172.0 10.0  498 56595 
10 134 3 22 0 2 24 -231.884 -236.461 -594.916  101.720 0.919483 -241.0 -161.0 80.0  369 56965 
10 135 3 23 1 4  4 -1.847 -13.800 -118.615  100.552 0.217331 -25.0  0.0 25.0  487 57452 
10 136 3 24 0 2 24 -77.119 -82.994 -345.911  145.769 1.320716 -114.0 -73.0 41.0  466 57917 
10 137 3 25 0 3 11 -106.158 -90.369 -335.527  187.481 1.772102 -118.0 -70.0 48.0  453 58370 
10 138 3 26 0 3 11 -64.430 -88.013 -362.034  169.095 1.069946 -40.0 -39.0 1.0  500 58870 
10 139 3 27 0 4  4  55.031  90.776 -77.709  405.503 1.972716 53.0  66.0 13.0  497 59367 
10 140 3 28 0 4  4  59.420  53.916 -100.533  197.008 1.253846 60.0  51.0 9.0  498 59865 
10 141 3 29 0 1 40  38.797  89.124 -284.662  323.667 1.019793 89.0  89.0 0.0  500 60365 
10 142 3 30 0 1 40 -56.114 -60.102 -401.197  309.660 1.253845 -60.0 -93.0 33.0  478 60843 
10 143 3 31 0 3 11  17.057  44.012 -216.767  316.376 1.153533 12.0  50.0 38.0  471 61314 
10 144 3 32 0 3 11 -113.650 -133.319 -373.020  79.292 1.036507 -138.0 -51.0 87.0  346 61659 
10 145 3 33 0 1 40  40.032  8.961 -330.086  384.513 0.986357 9.0  17.0 8.0  499 62158 
10 146 3 34 0 1 40 -48.090 -52.086 -382.466  367.107 1.253845 -52.0 -18.0 34.0  476 62634 
10 147 3 35 0 4  4  185.450  298.691  94.006  414.900 1.905847 191.0  140.0 51.0  447 63081 
10 148 3 36 0 3 11 -143.591 -141.372 -268.065  129.025 0.802461 -148.0 -27.0 121.0  201 63282 
10 149 3 37 0 3 11 -14.539 -39.934 -226.558  212.938 1.086666 -33.0 -16.0 17.0  494 63776 
10 150 3 38 0 3 11  72.599  76.921 -106.913  304.952 2.223483 65.0  79.0 14.0  496 64272 
10 151 3 39 0 2 24 -97.866 -74.158 -274.429  254.690 1.186973 -74.0 -17.0 57.0  434 64706 
10 152 3 40 0 1 40 -89.697 -84.699 -466.979  376.333 1.220407 -85.0 -33.0 52.0  445 65151 
10 153 3 41 0 3 11 -43.538 -43.430 -261.097  154.001 1.889125 -26.0 -46.0 20.0  492 65643 
10 154 3 42 0 4  4  47.299  36.463 -124.735  218.199 1.437741 42.0  28.0 14.0  496 66139 
10 155 3 43 0 1 40 -95.611 -158.503 -485.705  104.132 2.524409 -159.0 -114.0 45.0  459 66597 
10 156 3 44 0 2 24 -32.039 -46.639 -299.045  243.303 2.607995 -44.0 -53.0 9.0  498 67096 
10 157 3 45 0 1 40  111.464  106.782 -182.620  693.747 1.303998 107.0  69.0 38.0  471 67566 
10 158 3 46 0 4  4 -68.973  49.769 -77.642  156.261 1.437745 -41.0  39.0 80.0  369 67936 
10 159 3 47 0 3 11  19.331  0.963 -160.713  261.324 1.036515 29.0  40.0 11.0  498 68433 
10 160 3 48 0 2 24 -35.137 -82.898 -486.688  292.123 1.671788 -46.0 -86.0 40.0  467 68901 
10 161 3 49 0 2 24  101.644  98.462 -178.668  334.331 1.170253 108.0  60.0 48.0  453 69354 
10 162 3 50 0 4  4  57.818  32.152 -76.094  175.686 1.655072 73.0  11.0 62.0  422 69775 
10 163 3 51 0 3 11  46.994  57.973 -352.270  473.103 1.855689 28.0  43.0 15.0  495 70271 
10 164 3 52 0 3 11  72.876  3.688 -209.213  178.863 1.270565 43.0 -37.0 80.0  369 70640 
10 165 3 53 0 1 40 -64.253 -51.585 -296.047  290.725 1.003075 -52.0 -43.0 9.0  498 71138 
10 166 3 54 0 2 24 -64.793 -50.747 -307.165  289.492 1.721944 -59.0 -23.0 36.0  474 71612 
10 167 3 55 0 2 24  98.322  153.540 -66.685  437.767 1.671790 131.0  141.0 10.0  498 72110 
10 168 3 56 0 2 24  55.326  83.922 -292.498  350.730 1.571484 51.0  61.0 10.0  498 72608 
10 169 4 01 0 4  4 -43.140  27.683  4.967  51.461 1.521333 -74.0  24.0 98.0  304 72912 
10 170 4 02 0 2 24  36.406  111.814 -126.376  436.300 1.153537 76.0  124.0 48.0  453 73365 
10 171 4 03 0 2 24  141.871  125.834 -39.358  503.766 2.591281 145.0  85.0 60.0  427 73791 
10 172 4 04 0 2 24  135.434  71.084 -207.128  398.852 1.136819 75.0  56.0 19.0  493 74284 
10 173 4 05 0 1 40  203.059  204.553 -31.921  436.200 1.721944 205.0  184.0 21.0  491 74775 
10 174 4 06 0 4  4 -194.271 -351.060 -436.228 -224.323 1.705229 -227.0 -46.0 181.0 -169 74606 
10 175 4 07 0 4  4  64.424 -7.980 -192.075  128.338 1.354151 6.0  0.0 6.0  499 75106 
10 176 4 08 0 3 11  55.074  56.949 -272.097  377.205 1.621637 12.0  37.0 25.0  487 75593 
10 177 4 09 0 2 24  118.336  84.244 -249.371  448.485 1.638355 80.0  80.0 0.0  500 76093 
10 178 4 10 0 4  4 -69.178 -67.495 -261.197  150.822 1.738663 -64.0 -32.0 32.0  479 76572 
10 179 4 11 0 4  4  34.708  39.796 -86.192  151.387 1.120102 -0.0  31.0 31.0  480 77052 
10 180 4 12 0 1 40 -98.456 -128.484 -417.069  266.880 1.755381 -128.0 -148.0 20.0  492 77544 
10 181 4 13 0 4  4  212.853  283.991  121.207  457.097 2.290354 206.0  96.0 110.0  253 77797 
10 182 4 14 0 1 40 -2.879  14.534 -283.280  346.800 1.053230 15.0  10.0 5.0  499 78297 
10 183 4 15 0 4  4 -51.735 -56.716 -187.191  107.957 1.053231 -54.0 -35.0 19.0  493 78789 
10 184 4 16 0 2 24  11.639 -21.838 -319.165  312.827 1.370870 -42.0 -48.0 6.0  499 79289 
10 185 4 17 0 2 24  5.566 -23.308 -422.279  392.238 1.421024 -18.0 -27.0 9.0  498 79787 
10 186 4 18 0 1 40  0.530 -20.414 -315.377  259.391 1.270562 -20.0 -40.0 20.0  492 80279 
10 187 4 19 0 1 40 -85.119 -109.307 -323.875  429.467 2.741743 -109.0 -86.0 23.0  489 80768 
10 188 4 20 0 1 40  83.872  99.523 -256.981  344.004 1.086666 100.0  91.0 9.0  498 81266 
10 189 4 21 0 1 40  196.976  233.433 -115.902  541.770 1.120101 233.0  215.0 18.0  493 81760 
10 190 4 22 0 2 24 -182.072 -154.333 -684.843  230.009 1.253849 -180.0 -159.0 21.0  491 82251 
10 191 4 23 0 2 24  157.094  146.658 -86.975  567.728 0.852615 159.0  146.0 13.0  497 82747 
10 192 4 24 0 3 11  97.798  54.055 -124.477  345.075 0.819184 70.0  61.0 9.0  498 83246 
10 193 4 25 0 4  4  116.114  14.858 -84.175  118.022 0.718873 99.0  15.0 84.0  356 83602 
10 194 4 26 0 4  4 -30.981  2.895 -272.424  202.644 1.571485 -70.0 -12.0 58.0  431 84033 
10 195 4 27 0 4  4  27.886  61.193 -186.898  167.512 1.721948 32.0  14.0 18.0  493 84526 
10 196 4 28 0 1 40 -6.176 -26.872 -289.641  224.041 0.886049 -27.0 -15.0 12.0  497 85023 
10 197 4 29 0 4  4  105.054 -25.418 -204.351  222.624 0.952921 126.0 -7.0 133.0  139 85162 
10 198 4 30 0 2 24 -117.672 -198.878 -442.962  133.324 2.206764 -186.0 -160.0 26.0  486 85649 
10 199 4 31 0 4  4 -163.638  75.379  14.373  212.162 1.019798 -160.0  23.0 183.0 -183 85465 
10 200 4 32 0 4  4  60.538  145.471 -10.535  285.452 0.819178 33.0  40.0 7.0  499 85964 
10 201 4 33 0 1 40  122.699  67.742 -441.692  391.151 0.919486 68.0  77.0 9.0  498 86463 
10 202 4 34 0 1 40 -219.436 -192.265 -567.878  87.800 1.203690 -192.0 -167.0 25.0  487 86950 
10 203 4 35 0 2 24  179.670  176.819 -121.167  401.478 1.604921 166.0  114.0 52.0  445 87395 
10 204 4 36 0 2 24  114.155  83.719 -159.177  239.439 0.785742 64.0  48.0 16.0  495 87889 
10 205 4 37 0 1 40 -163.226 -156.729 -578.610  147.630 1.504613 -157.0 -139.0 18.0  493 88383 
10 206 4 38 0 2 24  61.451  49.698 -233.969  248.270 0.785743 68.0  21.0 47.0  455 88838 
10 207 4 39 0 4  4  88.914 -85.117 -150.679  28.063 1.237125 71.0  0.0 71.0  397 89235 
10 208 4 40 0 3 11 -64.792 -154.210 -435.816  129.744 1.287280 -80.0 -69.0 11.0  498 89732 
10 209 4 41 0 3 11 -114.177 -118.347 -330.505  50.041 1.688510 -120.0 -51.0 69.0  403 90135 
10 210 4 42 0 3 11  8.090  74.459 -58.747  275.625 0.718871 33.0  10.0 23.0  489 90624 
10 211 4 43 0 3 11 -273.026 -327.232 -517.493  113.110 1.571483 -291.0 -97.0 194.0 -268 90356 
10 212 4 44 0 4  4  156.973  194.701  73.281  323.101 0.852621 143.0  41.0 102.0  288 90644 
10 213 4 45 0 4  4 -31.737  66.987 -13.624  125.730 0.735587 -49.0  12.0 61.0  424 91068 
10 214 4 46 0 2 24  4.129  17.188 -315.114  360.103 1.019793 21.0  50.0 29.0  483 91551 
10 215 4 47 0 1 40 -65.029 -71.991 -356.198  211.755 1.404305 -72.0 -61.0 11.0  498 92048 
10 216 4 48 0 2 24  119.076  114.943 -280.378  393.088 1.136828 130.0  66.0 64.0  416 92465 
10 217 4 49 0 1 40 -98.491 -106.669 -390.371  193.583 1.939279 -107.0 -101.0 6.0  499 92964 
10 218 4 50 0 3 11 -29.049 -61.633 -341.295  325.619 1.287279 -23.0 -22.0 1.0  500 93464 
10 219 4 51 0 3 11  92.895  173.178  14.515  352.613 1.838974 113.0  96.0 17.0  494 93958 
10 220 4 52 0 1 40 -75.882 -64.110 -416.877  356.960 0.819172 -64.0 -54.0 10.0  498 94456 
10 221 4 53 0 3 11  70.349  111.812 -85.404  314.235 1.036514 57.0  48.0 9.0  498 94954 
10 222 4 54 0 3 11 -62.177  27.614 -95.945  213.788 1.655074 -69.0  43.0 112.0  244 95198 
10 223 4 55 0 2 24  115.699  116.584 -382.981  465.032 1.220409 120.0  104.0 16.0  495 95693 
10 224 4 56 0 4  4  23.354  140.182 -146.723  382.550 1.972714 9.0  51.0 42.0  464 96157 
10 225 5 01 0 4  4  71.364  72.293 -161.612  204.489 0.785744 124.0  24.0 100.0  296 96453 
10 226 5 02 0 2 24  113.539  145.158 -74.887  441.873 1.838972 140.0  136.0 4.0  500 96953 
10 227 5 03 0 1 40  206.080  188.684 -125.691  497.854 1.253844 189.0  152.0 37.0  472 97425 
10 228 5 04 0 4  4 -146.144 -202.929 -397.161 -49.988 1.237126 -129.0 -34.0 95.0  316 97741 
10 229 5 05 0 4  4  1.546  10.844 -99.758  162.994 1.755382 34.0  8.0 26.0  486 98227 
10 230 5 06 0 4  4  0.922  48.320 -2.385  109.315 1.404305 -9.0  4.0 13.0  497 98723 
10 231 5 07 0 1 40  51.063  14.874 -335.861  437.472 1.855689 15.0  17.0 2.0  500 99223 
10 232 5 08 0 3 11 -149.452 -117.211 -237.045  33.988 1.671791 -135.0 -18.0 117.0  221 99444 
10 233 5 09 0 1 40 -24.353 -44.941 -417.446  281.268 1.136818 -45.0 -34.0 11.0  498 99942 
10 234 5 10 0 3 11  2.400 -62.296 -334.050  153.032 2.073022 17.0 -30.0 47.0  455 100396 
10 235 5 11 0 1 40 -1.988 -0.196 -308.263  377.352 1.069947 -0.0  0.0 0.0  500 100896 
10 236 5 12 0 1 40  196.434  236.633 -2.907  780.684 2.089741 237.0  210.0 27.0  485 101382 
10 237 5 13 0 3 11 -47.492 -73.029 -234.524  132.575 2.624711 -52.0  22.0 74.0  388 101770 
10 238 5 14 0 1 40  58.935  57.378 -152.433  407.008 1.471177 57.0  48.0 9.0  498 102268 
10 239 5 15 0 4  4 -38.982 -97.514 -225.506  64.463 2.273634 -20.0 -45.0 25.0  487 102755 
10 240 5 16 0 4  4 -14.874  38.913 -103.461  290.469 3.694661 -22.0  8.0 30.0  482 103237 
10 241 5 17 0 2 24  96.784  132.958 -198.854  415.257 2.440817 113.0  92.0 21.0  491 103728 
10 242 5 18 0 1 40 -53.135 -58.088 -396.932  258.447 1.655074 -58.0 -44.0 14.0  496 104224 
10 243 5 19 0 2 24 -107.607 -113.623 -392.562  153.846 1.253844 -113.0 -87.0 26.0  486 104710 
10 244 5 20 0 3 11  64.724  55.236 -159.772  174.753 1.120100 47.0  41.0 6.0  499 105209 
10 245 5 21 0 3 11  80.054  16.820 -161.844  166.075 0.936203 37.0  19.0 18.0  493 105703 
10 246 5 22 0 4  4 -67.433 -63.044 -415.798  103.297 1.053232 -21.0  10.0 31.0  480 106183 
10 247 5 23 0 3 11  96.877  39.314 -167.769  276.141 1.688512 93.0  24.0 69.0  403 106586 
10 248 5 24 0 3 11 -106.465 -64.808 -252.145  197.820 0.969640 -69.0 -27.0 42.0  464 107050 
10 249 5 25 0 2 24  134.791  110.082 -205.797  378.429 1.404306 109.0  76.0 33.0  478 107528 
10 250 5 26 0 4  4 -12.198  167.410  46.852  274.115 1.287280 -13.0  25.0 38.0  471 107998 
10 251 5 27 0 2 24  179.201  177.132 -134.912  565.096 1.538048 203.0  164.0 39.0  469 108467 
10 252 5 28 0 4  4 -64.844 -112.532 -291.986  131.881 1.822253 -58.0 -40.0 18.0  493 108961 
10 253 5 29 0 2 24 -27.483 -54.566 -323.609  150.002 0.986358 -31.0 -46.0 15.0  495 109456 
10 254 5 30 0 2 24 -112.561 -130.637 -325.933  108.318 1.354151 -150.0 -72.0 78.0  376 109832 
10 255 5 31 0 3 11 -170.403 -187.666 -467.292  82.586 1.538049 -199.0 -76.0 123.0  191 110023 
10 256 5 32 0 3 11 -152.835 -230.171 -429.110  42.135 0.919488 -194.0 -82.0 112.0  244 110267 
10 257 5 33 0 1 40 -64.922 -26.863 -423.152  202.738 0.936206 -27.0 -21.0 6.0  499 110767 
10 258 5 34 0 3 11 -134.680 -127.864 -373.339  149.993 1.003077 -99.0 -5.0 94.0  320 111086 
10 259 5 35 0 2 24 -31.463 -74.802 -354.648  238.650 1.655074 -55.0 -41.0 14.0  496 111582 
10 260 5 36 0 3 11 -92.675 -146.793 -361.841  154.402 1.003073 -123.0 -86.0 37.0  472 112054 
10 261 5 37 0 4  4 -66.344 -262.702 -525.218 -95.337 1.638357 -63.0 -92.0 29.0  483 112537 
10 262 5 38 0 4  4  0.791  94.414 -49.165  247.432 1.053230 47.0  30.0 17.0  494 113031 
10 263 5 39 0 1 40 -28.505 -6.732 -218.773  319.383 0.969640 -7.0  26.0 33.0  478 113509 
10 264 5 40 0 3 11  29.907  28.924 -266.124  309.065 0.702151 -11.0  16.0 27.0  485 113994 
10 265 5 41 0 2 24  3.716  29.120 -258.285  184.746 0.919484 9.0  37.0 28.0  484 114478 
10 266 5 42 0 3 11  29.516  50.641 -141.549  273.932 0.919485 49.0  21.0 28.0  484 114962 
10 267 5 43 0 1 40  130.010  117.429 -235.153  440.860 1.220408 117.0  130.0 13.0  497 115459 
10 268 5 44 0 2 24  120.642  116.985 -166.636  464.428 0.952923 113.0  89.0 24.0  488 115947 
10 269 5 45 0 4  4  141.343  225.324 -98.355  475.675 1.186972 108.0  62.0 46.0  457 116404 
10 270 5 46 0 3 11  51.933  52.428 -121.991  267.385 0.919486 63.0  28.0 35.0  475 116879 
10 271 5 47 0 3 11  33.376 -26.488 -248.615  154.276 0.936207 -2.0 -20.0 18.0  493 117372 
10 272 5 48 0 2 24 -54.019 -36.822 -286.083  221.704 1.103383 -63.0 -35.0 28.0  484 117856 
10 273 5 49 0 2 24 -77.676 -141.743 -421.341  46.243 1.053232 -132.0 -82.0 50.0  449 118305 
10 274 5 50 0 4  4  206.665  246.962  162.277  330.101 1.772099 207.0  66.0 141.0  94 118399 
10 275 5 51 0 3 11 -93.493 -80.111 -184.493  105.779 1.053229 -86.0 -28.0 58.0  431 118831 
10 276 5 52 0 2 24  46.530  28.204 -190.770  262.438 1.153537 23.0  56.0 33.0  478 119308 
10 277 5 53 0 1 40  50.040  32.526 -299.554  321.587 0.735588 33.0  25.0 8.0  499 119807 
10 278 5 54 0 4  4  2.222 -95.712 -256.490  302.022 1.170254 14.0  29.0 15.0  495 120303 
10 279 5 55 0 3 11  1.097  62.186 -82.235  330.346 1.053231 42.0  53.0 11.0  498 120800 
10 280 5 56 0 4  4  21.335  96.985 -24.158  176.868 0.685439 48.0  34.0 14.0  496 121296 
