05 001 1 01 0 4  4  182.680  135.440  81.568  161.898 1.369332 215.0  21.0 194.0 -268 -268 
05 002 1 02 0 2 24 -183.667 -180.554 -436.280  98.750 3.206234 -195.0 -179.0 16.0  495 226 
05 003 1 03 0 2 24  42.755  68.365 -251.619  363.475 1.653214 86.0  82.0 4.0  500 726 
05 004 1 04 0 4  4 -51.539 -97.860 -280.181  110.497 1.569717 -68.0  22.0 90.0  335 1061 
05 005 1 05 0 3 11 -224.057 -139.397 -490.941  128.572 2.705263 -189.0 -128.0 61.0  424 1485 
05 006 1 06 0 4  4 -58.811  17.349 -193.841  118.653 1.001949 -63.0  7.0 70.0  400 1885 
05 007 1 07 0 4  4  134.157  4.163 -138.944  153.986 0.484281 105.0  0.0 105.0  275 2160 
05 008 1 08 0 4  4  94.163  13.070 -101.365  128.393 0.434178 80.0  0.0 80.0  369 2529 
05 009 1 09 0 4  4 -40.752 -142.227 -273.535 -14.355 0.283887 -17.0  0.0 17.0  494 3023 
05 010 1 10 0 2 24 -31.568  22.162 -225.800  252.099 1.987200 -20.0 -23.0 3.0  500 3523 
05 011 1 11 0 1 40  94.262  50.990 -256.623  352.179 1.319231 51.0  70.0 19.0  493 4016 
05 012 1 12 0 4  4  106.508  73.537 -125.196  252.301 0.333982 105.0  0.0 105.0  275 4291 
05 013 1 13 0 2 24  165.395  164.193 -221.116  454.575 1.653215 155.0  132.0 23.0  489 4780 
05 014 1 14 0 1 40  60.070  76.046 -268.290  385.591 1.052047 76.0  21.0 55.0  438 5218 
05 015 1 15 0 1 40 -32.734  26.250 -395.895  337.665 1.703312 26.0 -23.0 49.0  451 5669 
05 016 1 16 0 2 24 -89.239 -112.994 -345.446  78.125 1.953798 -106.0 -142.0 36.0  474 6143 
05 017 1 17 0 1 40  54.544  39.467 -176.529  378.523 1.937099 39.0  60.0 21.0  491 6634 
05 018 1 18 0 3 11 -12.108  27.814 -356.748  319.754 1.102143 -0.0  45.0 45.0  459 7092 
05 019 1 19 0 2 24  13.581  107.156 -317.202  598.715 1.469524 90.0  105.0 15.0  495 7588 
05 020 1 20 0 4  4  41.797  7.519 -163.553  145.814 0.300586 39.0  0.0 39.0  469 8057 
05 021 1 21 0 2 24 -184.166 -180.440 -376.289  148.601 1.386026 -174.0 -180.0 6.0  499 8556 
05 022 1 22 0 2 24 -58.211 -58.415 -341.498  178.893 1.185645 -52.0 -91.0 39.0  469 9025 
05 023 1 23 0 1 40 -103.265 -120.375 -410.288  167.920 1.118834 -120.0 -116.0 4.0  500 9525 
05 024 1 24 0 3 11 -110.216 -28.614 -226.707  229.373 0.450881 -98.0  0.0 98.0  304 9829 
05 025 1 25 0 3 11  132.008  160.907 -186.418  446.519 1.770108 153.0  199.0 46.0  457 10285 
05 026 1 26 0 4  4 -16.881  88.134 -159.045  259.902 4.625660 -25.0  12.0 37.0  472 10757 
05 027 1 27 0 3 11  205.994  198.372 -215.968  440.759 4.057884 174.0  168.0 6.0  499 11257 
05 028 1 28 0 4  4 -13.727  43.140 -130.401  188.276 0.300584 -35.0  0.0 35.0  475 11732 
05 029 1 29 0 3 11 -157.458 -116.903 -278.960  92.999 2.087392 -164.0 -101.0 63.0  419 12151 
05 030 1 30 0 1 40  45.992  34.621 -290.508  317.254 1.118844 35.0  36.0 1.0  500 12651 
05 031 1 31 0 4  4 -48.634  5.713 -172.986  174.136 0.267189 -31.0  0.0 31.0  480 13131 
05 032 1 32 0 2 24 -95.094 -124.347 -403.272  23.175 0.801552 -122.0 -102.0 20.0  492 13623 
05 033 1 33 0 4  4 -171.725 -250.215 -559.747  19.657 0.300585 -154.0  0.0 154.0  16 13639 
05 034 1 34 0 2 24 -71.450 -70.757 -290.810  143.012 1.553020 -81.0 -78.0 3.0  500 14139 
05 035 1 35 0 4  4  219.320  231.098  98.298  388.469 0.267187 225.0  0.0 225.0 -533 13606 
05 036 1 36 0 1 40 -40.799 -17.672 -262.925  218.287 1.052047 -18.0 -45.0 27.0  485 14091 
05 037 1 37 0 4  4  18.266  110.527 -64.784  367.055 0.350686 -9.0  0.0 9.0  498 14589 
05 038 1 38 0 4  4  86.739  109.855 -204.880  434.305 0.250489 111.0  0.0 111.0  249 14838 
05 039 1 39 0 2 24  316.192  304.733  64.737  800.335 1.870303 349.0  224.0 125.0  181 15019 
05 040 1 40 0 2 24 -151.336 -183.367 -416.018  16.025 1.085445 -157.0 -187.0 30.0  482 15500 
05 041 1 41 0 2 24  68.991  84.164 -301.860  408.617 0.818257 90.0  28.0 62.0  422 15922 
05 042 1 42 0 1 40  15.321  10.893 -194.528  332.193 1.102143 11.0  33.0 22.0  490 16412 
05 043 1 43 0 4  4 -126.647 -145.957 -207.152 -92.014 0.267187 -117.0  0.0 117.0  221 16633 
05 044 1 44 0 4  4 -11.405  42.552 -57.960  162.396 0.267185 13.0  0.0 13.0  497 17129 
05 045 1 45 0 2 24 -25.259  8.898 -239.781  194.892 0.734765 -3.0  23.0 26.0  486 17615 
05 046 1 46 0 3 11 -62.270 -128.759 -397.381  88.238 1.753409 -67.0 -90.0 23.0  489 18105 
05 047 1 47 0 3 11 -85.215 -77.804 -242.537  257.126 0.667967 -74.0 -39.0 35.0  475 18580 
05 048 1 48 0 2 24 -189.673 -169.263 -508.629  194.630 2.087396 -161.0 -165.0 4.0  500 19079 
05 049 1 49 0 4  4 -53.495 -67.335 -239.403  128.279 0.317282 -44.0  0.0 44.0  460 19540 
05 050 1 50 0 3 11  169.648  188.315  25.782  499.962 1.035347 201.0  143.0 58.0  431 19971 
05 051 1 51 0 2 24  20.329  3.375 -567.253  286.124 1.052046 8.0  0.0 8.0  499 20470 
05 052 1 52 0 1 40 -47.610 -52.535 -278.978  177.084 1.820205 -53.0 -63.0 10.0  498 20968 
05 053 1 53 0 4  4 -66.427 -106.694 -379.472  94.798 0.250489 -76.0  0.0 76.0  382 21350 
05 054 1 54 0 2 24  4.270  45.258 -219.915  451.647 1.152236 24.0  66.0 42.0  464 21814 
05 055 1 55 0 2 24  5.038  45.235 -166.104  347.705 0.918453 22.0  58.0 36.0  474 22287 
05 056 1 56 0 4  4  47.159  64.200 -11.034  109.673 0.283887 18.0  0.0 18.0  493 22781 
05 057 2 01 0 2 24 -82.904 -45.263 -439.697  268.901 0.951848 -58.0 -52.0 6.0  499 23280 
05 058 2 02 1 4  4 -108.402 -95.264 -201.699 -4.266 0.233789 -98.0  0.0 98.0  304 23584 
05 059 2 03 0 2 24 -161.771 -129.550 -383.365  288.705 1.152241 -140.0 -144.0 4.0  500 24084 
05 060 2 04 0 1 40  55.639  73.728 -301.699  491.127 0.935148 74.0  73.0 1.0  500 24584 
05 061 2 05 0 4  4 -30.470  49.397 -109.566  294.504 0.283896 -25.0  0.0 25.0  487 25071 
05 062 2 06 0 2 24  12.353 -15.634 -345.147  287.912 0.350683 -34.0  0.0 34.0  476 25547 
05 063 2 07 0 3 11  88.215  32.059 -229.652  224.320 0.300583 81.0  0.0 81.0  366 25913 
05 064 2 08 0 2 24 -85.065 -88.804 -401.428  127.021 0.885055 -78.0 -106.0 28.0  484 26397 
05 065 2 09 1 3 11  1.912  48.215 -129.401  182.926 0.217090 39.0  0.0 39.0  469 26866 
05 066 2 10 0 4  4  5.505 -107.748 -392.948  60.989 0.467577 -21.0  0.0 21.0  491 27357 
05 067 2 11 0 2 24 -96.958 -91.024 -433.428  263.490 0.834958 -79.0 -97.0 18.0  493 27851 
05 068 2 12 0 3 11  74.472  82.566 -188.007  241.618 0.801558 87.0  5.0 82.0  363 28214 
05 069 2 13 0 3 11 -18.293 -13.645 -387.483  251.128 0.283885 9.0  0.0 9.0  498 28712 
05 070 2 14 0 2 24  36.947  34.109 -336.635  315.862 0.834956 26.0  12.0 14.0  496 29208 
05 071 2 15 0 1 40 -82.502 -74.799 -380.733  291.467 0.751467 -75.0 -53.0 22.0  490 29698 
05 072 2 16 0 2 24  70.048  68.533 -137.068  397.466 0.968549 65.0  68.0 3.0  500 30198 
05 073 2 17 0 2 24  198.227  184.887 -137.559  448.029 1.035344 182.0  213.0 31.0  480 30678 
05 074 2 18 0 3 11  60.998  73.838 -185.057  336.021 0.584470 33.0  18.0 15.0  495 31174 
05 075 2 19 0 2 24  60.359  77.670 -75.694  418.086 1.152239 87.0  77.0 10.0  498 31672 
05 076 2 20 0 1 40 -76.952 -75.787 -500.154  323.352 1.052047 -76.0 -84.0 8.0  499 32170 
05 077 2 21 0 1 40  9.295  20.522 -294.962  257.861 0.918448 21.0 -22.0 43.0  462 32633 
05 078 2 22 0 4  4  60.417  31.467 -231.943  218.743 0.317289 57.0  0.0 57.0  434 33066 
05 079 2 23 0 1 40 -224.024 -215.807 -550.318  62.192 2.087397 -216.0 -256.0 40.0  467 33534 
05 080 2 24 0 4  4 -12.205 -35.090 -166.690  78.391 0.434177 -38.0  0.0 38.0  471 34004 
05 081 2 25 0 3 11  147.681  135.975 -82.278  312.577 0.868354 136.0  87.0 49.0  451 34455 
05 082 2 26 0 3 11  156.855  201.154 -66.166  517.821 1.001949 150.0  159.0 9.0  498 34954 
05 083 2 27 0 1 40  50.870  28.769 -286.261  268.512 1.135540 29.0  15.0 14.0  496 35450 
05 084 2 28 0 3 11  0.918  73.523 -178.268  332.613 0.534374 40.0  25.0 15.0  495 35945 
05 085 2 29 0 3 11 -180.058 -176.165 -427.781 -29.769 0.935154 -170.0 -135.0 35.0  475 36420 
05 086 2 30 0 3 11  162.349  176.215  74.120  299.120 1.586417 213.0  161.0 52.0  445 36865 
05 087 2 31 0 1 40 -40.462 -5.766 -321.022  310.685 0.601169 -6.0 -1.0 5.0  499 37364 
05 088 2 32 0 2 24 -2.958 -12.844 -352.907  212.777 0.300580 -41.0  0.0 41.0  466 37830 
05 089 2 33 0 3 11 -58.765 -88.068 -247.361  72.494 0.784862 -67.0 -26.0 41.0  466 38296 
05 090 2 34 0 4  4 -21.729 -69.020 -182.557  40.558 0.317286 -19.0  0.0 19.0  493 38788 
05 091 2 35 0 2 24 -76.629 -56.850 -402.410  367.053 1.035348 -76.0 -48.0 28.0  484 39272 
05 092 2 36 0 3 11 -75.184 -47.503 -266.611  251.018 1.836904 -43.0 -46.0 3.0  500 39772 
05 093 2 37 0 2 24 -126.200 -112.694 -433.405  102.784 1.102143 -112.0 -120.0 8.0  499 40271 
05 094 2 38 0 3 11  0.256  11.058 -254.094  234.706 0.300585 9.0  0.0 9.0  498 40769 
05 095 2 39 0 3 11 -90.072 -62.969 -349.844  217.303 0.701364 -94.0 -43.0 51.0  447 41216 
05 096 2 40 0 2 24 -177.685 -133.798 -589.893  120.529 0.751467 -141.0 -149.0 8.0  499 41715 
05 097 2 41 0 4  4 -116.163 -136.726 -515.354  228.434 0.283891 -131.0  0.0 131.0  150 41864 
05 098 2 42 0 1 40 -156.734 -175.958 -427.983  139.785 0.935153 -176.0 -158.0 18.0  493 42358 
05 099 2 43 0 1 40 -18.021 -62.225 -290.996  263.812 1.135546 -62.0 -65.0 3.0  500 42858 
05 100 2 44 0 3 11  100.290  73.785 -125.570  368.134 0.935150 69.0  74.0 5.0  499 43357 
05 101 2 45 0 3 11 -154.366 -176.285 -471.195  73.450 1.052045 -145.0 -171.0 26.0  486 43843 
05 102 2 46 1 4  4 -124.713 -163.640 -301.146  25.487 0.233790 -121.0  0.0 121.0  201 44045 
05 103 2 47 0 4  4 -104.971 -104.213 -397.772  143.045 0.450875 -100.0  0.0 100.0  296 44341 
05 104 2 48 0 2 24  78.808  88.385 -227.256  412.807 2.271080 68.0  139.0 71.0  397 44738 
05 105 2 49 0 4  4 -48.171 -91.769 -239.382  27.966 0.367382 -93.0  0.0 93.0  323 45061 
05 106 2 50 0 1 40  39.725  51.172 -193.710  318.266 0.801559 51.0  57.0 6.0  499 45560 
05 107 2 51 0 2 24 -127.077 -133.486 -426.195  158.260 1.001945 -152.0 -128.0 24.0  488 46049 
05 108 2 52 0 2 24  51.868  9.314 -240.438  529.155 0.634568 -2.0  0.0 2.0  500 46549 
05 109 2 53 0 3 11  20.110  27.789 -128.435  223.008 0.634567 54.0  25.0 29.0  483 47031 
05 110 2 54 0 2 24 -198.425 -189.366 -560.789  44.213 0.851655 -184.0 -192.0 8.0  499 47530 
05 111 2 55 0 1 40 -53.557 -86.090 -345.935  200.446 0.968551 -86.0 -90.0 4.0  500 48030 
05 112 2 56 0 4  4  134.376  160.191 -56.207  475.089 0.333991 106.0  0.0 106.0  271 48300 
05 113 3 01 0 2 24 -54.573 -94.121 -341.337  319.427 0.784860 -62.0 -95.0 33.0  478 48778 
05 114 3 02 0 2 24 -6.517 -38.648 -330.913  246.537 0.985250 -22.0 -58.0 36.0  474 49252 
05 115 3 03 0 2 24  38.531  58.810 -200.493  288.943 0.851656 64.0  65.0 1.0  500 49752 
05 116 3 04 0 2 24  8.950 -11.033 -251.516  372.013 0.400780 -23.0  0.0 23.0  489 50241 
05 117 3 05 0 1 40  44.363  33.375 -321.160  383.785 0.283881 33.0  0.0 33.0  478 50719 
05 118 3 06 0 2 24  155.630  157.208 -221.644  542.094 0.968547 147.0  171.0 24.0  488 51207 
05 119 3 07 0 4  4  233.866  188.762  104.504  289.227 0.300585 236.0  0.0 236.0 -637 50570 
05 120 3 08 0 3 11  26.673 -11.373 -150.113  155.589 0.868356 36.0  0.0 36.0  474 51044 
05 121 3 09 0 4  4 -165.384 -214.225 -378.201 -117.035 2.070693 -174.0 -1.0 173.0 -111 50933 
05 122 3 10 0 4  4 -46.726  19.972 -261.634  191.685 0.434178 -48.0  0.0 48.0  453 51386 
05 123 3 11 0 2 24  28.803  22.916 -245.516  427.563 1.102151 23.0  22.0 1.0  500 51886 
05 124 3 12 0 4  4  174.844  78.201 -14.356  270.672 0.250487 170.0  0.0 170.0 -90 51796 
05 125 3 13 0 1 40  2.571 -11.423 -467.765  390.960 0.701365 -11.0 -27.0 16.0  495 52291 
05 126 3 14 0 2 24  26.841  39.532 -298.667  294.025 1.068737 67.0  44.0 23.0  489 52780 
05 127 3 15 0 4  4  36.198 -26.169 -248.776  124.991 0.283886 79.0  0.0 79.0  373 53153 
05 128 3 16 0 2 24 -139.839 -163.939 -385.263  203.110 0.868355 -158.0 -129.0 29.0  483 53636 
05 129 3 17 1 3 11  16.669  5.071 -234.147  388.980 0.233783 44.0  0.0 44.0  460 54096 
05 130 3 18 0 2 24 -89.337 -50.979 -366.365  163.318 0.701366 -79.0 -34.0 45.0  459 54555 
05 131 3 19 0 3 11 -109.119 -68.523 -262.570  142.225 0.935150 -121.0 -59.0 62.0  422 54976 
05 132 3 20 0 1 40  7.557  6.397 -387.296  319.350 0.667961 6.0 -19.0 25.0  487 55464 
05 133 3 21 0 1 40  126.571  148.086 -99.360  388.802 0.951851 148.0  164.0 16.0  495 55958 
05 134 3 22 0 3 11  101.839  115.981 -274.303  339.741 1.436121 137.0  110.0 27.0  485 56444 
05 135 3 23 0 1 40  10.613 -18.175 -408.041  308.627 1.185638 -18.0  8.0 26.0  486 56930 
05 136 3 24 1 4  4  208.629  150.832 -14.899  287.009 0.233793 215.0  0.0 215.0 -443 56486 
05 137 3 25 0 2 24  39.102  93.588 -308.439  393.880 1.018647 85.0  49.0 36.0  474 56960 
05 138 3 26 0 3 11 -184.693 -97.068 -386.896  136.305 0.584469 -155.0 -63.0 92.0  327 57287 
05 139 3 27 0 4  4  70.705  239.698  95.649  402.525 0.350682 107.0  0.0 107.0  266 57554 
05 140 3 28 0 1 40 -29.696 -19.044 -329.165  286.605 0.651266 -19.0 -20.0 1.0  500 58054 
05 141 3 29 0 2 24 -221.078 -195.865 -405.442  117.177 0.801562 -212.0 -107.0 105.0  275 58329 
05 142 3 30 0 3 11  130.986  118.793 -75.719  328.328 0.684669 122.0  83.0 39.0  469 58797 
05 143 3 31 0 3 11  74.194  43.346 -260.139  251.459 0.333981 46.0  0.0 46.0  457 59254 
05 144 3 32 0 1 40  59.128  55.714 -238.576  513.530 1.386024 56.0  102.0 46.0  457 59711 
05 145 3 33 0 1 40  87.127  90.635 -274.890  322.103 0.718063 91.0  73.0 18.0  493 60205 
05 146 3 34 0 3 11 -6.555 -20.070 -214.138  176.902 1.903707 3.0 -33.0 36.0  474 60678 
05 147 3 35 0 4  4 -90.327 -71.779 -317.142  70.952 0.333983 -82.0  0.0 82.0  363 61041 
05 148 3 36 0 4  4  118.087  80.479 -146.002  321.277 0.333982 101.0  0.0 101.0  292 61333 
05 149 3 37 0 3 11  86.687  97.264 -227.075  291.434 1.052046 54.0  33.0 21.0  491 61824 
05 150 3 38 0 1 40  101.556  60.019 -219.540  399.728 0.951850 60.0  56.0 4.0  500 62323 
05 151 3 39 0 3 11 -61.788 -40.622 -324.992  252.177 0.918449 -73.0 -12.0 61.0  424 62747 
05 152 3 40 0 3 11 -131.102 -156.176 -331.747  57.985 0.885055 -123.0 -50.0 73.0  391 63139 
05 153 3 41 0 2 24  117.422  76.657 -244.852  510.022 0.834958 100.0  117.0 17.0  494 63633 
05 154 3 42 0 3 11 -149.976 -205.619 -466.593 -74.519 0.901753 -188.0 -55.0 133.0  139 63772 
05 155 3 43 0 3 11  111.760  102.291 -88.411  387.678 0.784859 120.0  67.0 53.0  443 64214 
05 156 3 44 0 1 40 -18.470 -5.468 -468.651  357.421 0.617868 -5.0 -20.0 15.0  495 64710 
05 157 3 45 0 4  4 -122.372 -205.595 -328.673  37.853 0.517673 -128.0  0.0 128.0  166 64875 
05 158 3 46 0 4  4 -139.375 -215.444 -356.303 -71.506 0.384082 -184.0  0.0 184.0 -191 64685 
05 159 3 47 0 3 11  13.229  25.594 -233.410  249.915 2.220986 24.0  4.0 20.0  492 65176 
05 160 3 48 0 3 11 -12.873 -31.121 -146.155  174.407 1.285840 10.0 -6.0 16.0  495 65671 
05 161 3 49 0 1 40  36.139  37.334 -257.432  417.847 1.068744 37.0  33.0 4.0  500 66171 
05 162 3 50 0 1 40  76.457  63.283 -239.881  474.428 1.135544 63.0  36.0 27.0  485 66656 
05 163 3 51 0 4  4  9.657  35.280 -158.993  378.905 0.300576 40.0  0.0 40.0  467 67123 
05 164 3 52 0 4  4  36.865 -121.053 -259.013  35.233 0.517673 41.0  0.0 41.0  466 67589 
05 165 3 53 0 2 24 -13.802 -7.967 -200.761  255.716 2.321177 5.0 -27.0 32.0  479 68068 
05 166 3 54 0 2 24  31.831  76.405 -179.752  375.369 1.519620 39.0  69.0 30.0  482 68550 
05 167 3 55 0 3 11 -16.442  5.885 -181.085  175.680 0.250488 -10.0  0.0 10.0  498 69048 
05 168 3 56 0 1 40  2.465 -0.404 -446.886  354.748 0.634569 -0.0  10.0 10.0  498 69546 
05 169 4 01 0 3 11 -78.737 -86.482 -375.512  235.325 1.035348 -91.0 -56.0 35.0  475 70021 
05 170 4 02 0 4  4  204.213  221.488  6.917  354.710 0.467577 203.0  0.0 203.0 -341 69680 
05 171 4 03 0 1 40  32.999  15.268 -246.158  325.217 0.985253 15.0  12.0 3.0  500 70179 
05 172 4 04 0 1 40  18.106  32.454 -272.445  392.035 1.686618 32.0  13.0 19.0  493 70672 
05 173 4 05 0 3 11 -42.046 -6.475 -214.855  269.289 0.517669 -12.0 -4.0 8.0  499 71171 
05 174 4 06 1 3 11 -15.679 -8.298 -248.294  262.125 0.233789 -1.0  0.0 1.0  500 71671 
05 175 4 07 0 3 11 -137.068 -129.559 -330.693  228.037 3.957694 -100.0 -104.0 4.0  500 72170 
05 176 4 08 0 3 11  32.436  53.830 -207.446  273.272 1.469525 51.0  41.0 10.0  498 72668 
05 177 4 09 0 2 24 -21.260 -28.675 -290.172  211.048 0.885054 -22.0 -33.0 11.0  498 73166 
05 178 4 10 0 4  4  45.095  129.731 -56.415  230.556 1.703313 40.0  27.0 13.0  497 73662 
05 179 4 11 0 3 11  17.417  77.835 -204.815  397.999 2.571667 48.0  52.0 4.0  500 74162 
05 180 4 12 0 1 40 -34.935 -76.688 -494.889  286.262 0.617875 -77.0 -55.0 22.0  490 74652 
05 181 4 13 0 1 40 -75.819 -55.264 -328.121  267.887 1.135542 -55.0 -36.0 19.0  493 75145 
05 182 4 14 0 4  4  142.896  139.606 -82.851  277.391 0.868359 126.0  15.0 111.0  249 75393 
05 183 4 15 0 1 40 -193.694 -197.767 -514.665  105.012 1.269135 -198.0 -201.0 3.0  500 75893 
05 184 4 16 0 4  4 -229.684 -122.818 -155.129 -108.089 1.369329 -219.0 -22.0 197.0 -292 75601 
05 185 4 17 0 4  4  10.637 -22.481 -176.967  138.894 0.317291 -8.0  0.0 8.0  499 76100 
05 186 4 18 0 3 11 -13.729 -38.305 -321.566  68.593 4.158085 -35.0  9.0 44.0  460 76560 
05 187 4 19 0 2 24  117.005  116.873 -205.493  477.201 1.252433 146.0  133.0 13.0  497 77057 
05 188 4 20 0 2 24 -38.651 -19.883 -411.916  468.203 1.269136 -20.0  0.0 20.0  492 77549 
05 189 4 21 0 2 24 -149.390 -150.583 -476.483  111.911 1.335930 -126.0 -130.0 4.0  500 78048 
05 190 4 22 0 4  4 -15.348  1.301 -127.307  217.005 0.267187 -21.0  0.0 21.0  491 78539 
05 191 4 23 0 3 11 -37.891 -29.964 -136.327  207.290 0.300585 -36.0  0.0 36.0  474 79013 
05 192 4 24 0 4  4 -135.858 -305.130 -352.476 -264.382 1.085445 -172.0 -193.0 21.0  491 79504 
05 193 4 25 0 1 40 -8.251  42.691 -172.304  324.755 0.734763 43.0  60.0 17.0  494 79998 
05 194 4 26 0 1 40  88.166  70.345 -166.856  298.381 1.052046 70.0  64.0 6.0  499 80497 
05 195 4 27 0 2 24  36.757  82.271 -192.281  326.091 0.918453 73.0  67.0 6.0  499 80997 
05 196 4 28 0 3 11  67.882  111.273 -53.282  386.167 0.734772 94.0  53.0 41.0  466 81462 
05 197 4 29 0 1 40  123.639  109.630 -263.025  439.672 0.985257 110.0  110.0 0.0  500 81962 
05 198 4 30 0 3 11  58.323  75.438 -320.612  250.111 0.684665 77.0  45.0 32.0  479 82441 
05 199 4 31 1 2 24  22.460  14.059 -244.208  275.933 0.233789 -2.0  0.0 2.0  500 82941 
05 200 4 32 0 1 40 -87.485 -141.906 -476.319  212.462 0.868356 -142.0 -143.0 1.0  500 83441 
05 201 4 33 0 4  4  112.836  66.084 -41.276  238.618 0.651271 123.0  0.0 123.0  191 83633 
05 202 4 34 0 1 40 -146.950 -146.355 -384.431  163.936 1.302537 -146.0 -159.0 13.0  497 84129 
05 203 4 35 0 1 40 -166.283 -157.841 -468.514  310.829 1.135542 -158.0 -171.0 13.0  497 84626 
05 204 4 36 0 1 40 -5.053 -13.446 -301.774  340.041 0.601171 -13.0 -8.0 5.0  499 85125 
05 205 4 37 0 2 24  91.797  86.245 -120.077  397.037 0.951852 88.0  86.0 2.0  500 85625 
05 206 4 38 0 3 11 -75.990 -134.591 -280.579  207.074 0.651266 -89.0 -112.0 23.0  489 86114 
05 207 4 39 0 1 40 -17.677  2.730 -377.293  415.733 0.267189 3.0  0.0 3.0  500 86614 
05 208 4 40 0 3 11 -58.634 -46.049 -297.029  191.157 0.367381 -68.0  0.0 68.0  406 87020 
05 209 4 41 0 2 24  68.127  79.214 -311.793  532.930 0.834968 70.0  99.0 29.0  483 87503 
05 210 4 42 0 4  4 -21.356 -5.296 -204.271  167.418 0.317283 10.0  0.0 10.0  498 88001 
05 211 4 43 0 4  4 -21.923 -100.465 -374.549  64.078 0.317285 -30.0  0.0 30.0  482 88482 
05 212 4 44 0 1 40  94.340  129.071 -157.536  445.028 0.918454 129.0  146.0 17.0  494 88976 
05 213 4 45 0 4  4  137.619  365.680  242.058  574.287 1.235737 157.0  0.0 157.0 -3 88973 
05 214 4 46 0 3 11 -5.808  33.898 -126.790  237.154 2.120788 -18.0  5.0 23.0  489 89462 
05 215 4 47 0 1 40 -56.038 -54.651 -330.783  261.907 0.918456 -55.0 -58.0 3.0  500 89962 
05 216 4 48 0 3 11  10.935 -58.896 -185.845  76.548 0.617869 -25.0 -38.0 13.0  497 90459 
05 217 4 49 0 1 40  79.233  30.866 -315.610  255.456 0.718065 31.0  44.0 13.0  497 90955 
05 218 4 50 0 3 11  60.317  49.504 -257.205  194.152 0.667965 59.0  34.0 25.0  487 91443 
05 219 4 51 0 1 40  43.141  51.716 -387.823  411.719 0.367383 52.0  0.0 52.0  445 91887 
05 220 4 52 0 2 24  124.714  183.978 -0.983  502.288 1.118843 170.0  144.0 26.0  486 92374 
05 221 4 53 0 4  4 -74.619 -144.180 -347.194  19.472 1.018654 -130.0 -32.0 98.0  304 92678 
05 222 4 54 0 1 40 -27.291 -28.920 -275.173  266.089 0.701366 -29.0 -23.0 6.0  499 93177 
05 223 4 55 0 1 40  53.778  65.522 -209.148  394.339 0.985249 66.0  117.0 51.0  447 93624 
05 224 4 56 0 1 40  5.153  25.931 -377.779  488.062 0.400780 26.0  12.0 14.0  496 94120 
05 225 5 01 0 1 40 -8.590  1.690 -283.176  327.562 0.901754 2.0  19.0 17.0  494 94614 
05 226 5 02 0 1 40  112.730  114.844 -165.733  440.708 1.402724 115.0  130.0 15.0  495 95109 
05 227 5 03 0 1 40  125.096  115.972 -155.772  522.667 0.768161 116.0  137.0 21.0  491 95600 
05 228 5 04 0 4  4 -101.975 -31.663 -162.964  98.967 0.367381 -116.0  0.0 116.0  225 95826 
05 229 5 05 0 1 40 -86.053 -54.167 -337.411  200.913 0.885054 -54.0 -54.0 0.0  500 96326 
05 230 5 06 0 2 24 -77.421 -57.482 -442.996  369.800 0.768163 -67.0 -46.0 21.0  491 96817 
05 231 5 07 0 3 11 -187.081 -159.029 -303.359  71.911 0.851660 -173.0 -108.0 65.0  414 97230 
05 232 5 08 0 1 40 -224.161 -245.533 -511.514  24.292 0.901752 -246.0 -242.0 4.0  500 97730 
05 233 5 09 0 3 11  47.677  52.969 -221.308  269.220 1.035345 32.0  29.0 3.0  500 98230 
05 234 5 10 0 4  4 -16.503 -124.224 -166.689 -87.019 1.536320 -24.0 -81.0 57.0  434 98664 
05 235 5 11 0 2 24 -228.012 -270.033 -583.213 -2.504 0.918454 -236.0 -254.0 18.0  493 99157 
05 236 5 12 0 2 24  128.048  125.018 -139.836  362.899 0.868356 122.0  106.0 16.0  495 99652 
05 237 5 13 0 2 24  87.338  58.325 -227.906  300.010 0.784860 81.0  65.0 16.0  495 100147 
05 238 5 14 0 3 11  11.792 -7.342 -199.198  258.701 0.300584 -16.0  0.0 16.0  495 100641 
05 239 5 15 0 2 24  8.575  4.565 -220.205  267.246 0.350683 18.0  0.0 18.0  493 101135 
05 240 5 16 0 2 24  47.548  59.785 -243.424  330.033 0.684664 87.0  32.0 55.0  438 101573 
05 241 5 17 0 4  4  96.874  92.537 -73.239  276.652 0.985249 128.0  21.0 107.0  266 101839 
05 242 5 18 0 2 24  67.302  69.297 -584.075  353.575 0.901752 58.0  53.0 5.0  499 102339 
05 243 5 19 0 1 40  50.535  41.862 -322.280  381.098 1.586417 42.0  20.0 22.0  490 102829 
05 244 5 20 0 1 40 -93.166 -110.066 -411.958  206.063 0.751462 -110.0 -128.0 18.0  493 103322 
05 245 5 21 0 4  4 -40.779  27.166 -38.038  94.643 0.317288 -17.0  0.0 17.0  494 103816 
05 246 5 22 0 1 40  47.634  49.064 -180.756  485.889 1.285835 49.0  99.0 50.0  449 104265 
05 247 5 23 0 3 11 -80.255 -35.288 -203.479  181.162 0.968550 -49.0 -6.0 43.0  462 104728 
05 248 5 24 0 4  4  95.237  48.513 -45.990  156.817 0.317283 103.0  0.0 103.0  283 105011 
05 249 5 25 0 3 11  56.803 -25.832 -276.584  320.465 1.202337 51.0 -61.0 112.0  244 105255 
05 250 5 26 0 3 11 -158.123 -149.806 -342.375  63.131 0.734763 -158.0 -47.0 111.0  249 105504 
05 251 5 27 0 1 40  142.416  166.276 -142.275  474.096 0.968551 166.0  184.0 18.0  493 105997 
05 252 5 28 0 1 40 -118.519 -76.705 -334.277  124.743 0.768160 -77.0 -128.0 51.0  447 106444 
05 253 5 29 0 4  4  6.214  101.148  22.024  277.872 0.450874 -10.0  0.0 10.0  498 106942 
05 254 5 30 0 3 11 -167.242 -126.218 -425.921  106.584 0.734763 -160.0 -104.0 56.0  436 107378 
05 255 5 31 0 3 11  41.638  21.493 -250.544  179.412 0.350682 37.0  0.0 37.0  472 107850 
05 256 5 32 0 4  4  96.842  12.286 -104.097  93.497 0.367383 94.0  0.0 94.0  320 108170 
05 257 5 33 0 4  4  109.435  128.472 -89.394  359.162 1.553021 152.0  31.0 121.0  201 108371 
05 258 5 34 0 3 11 -188.479 -249.013 -506.083 -73.613 1.386023 -193.0 -219.0 26.0  486 108857 
05 259 5 35 0 1 40  65.838  76.063 -196.416  354.190 0.834956 76.0  81.0 5.0  499 109357 
05 260 5 36 0 3 11  11.534  70.660 -165.221  320.107 1.335932 41.0  38.0 3.0  500 109856 
05 261 5 37 0 2 24 -59.355 -40.855 -400.116  293.600 0.868355 -33.0 -36.0 3.0  500 110356 
05 262 5 38 0 3 11  113.925  109.615 -106.347  307.932 2.888951 119.0  89.0 30.0  482 110838 
05 263 5 39 0 3 11 -101.912 -99.153 -373.697  102.367 1.335933 -109.0 -109.0 0.0  500 111338 
05 264 5 40 0 2 24 -199.911 -224.258 -558.633  258.794 1.469524 -192.0 -238.0 46.0  457 111795 
05 265 5 41 0 2 24 -156.232 -182.146 -531.396  123.468 1.386034 -182.0 -151.0 31.0  480 112275 
05 266 5 42 0 4  4  50.612  183.576  18.263  314.204 1.269136 84.0  62.0 22.0  490 112765 
05 267 5 43 0 3 11  72.447  92.175 -214.197  350.242 1.603116 79.0  75.0 4.0  500 113265 
05 268 5 44 0 1 40  108.077  138.934 -92.484  470.842 1.068744 139.0  141.0 2.0  500 113765 
05 269 5 45 0 4  4 -29.716  80.296 -21.866  193.862 0.617868 -31.0  18.0 49.0  451 114216 
05 270 5 46 0 4  4  68.030  113.499 -48.551  327.529 0.267187 82.0  0.0 82.0  363 114579 
05 271 5 47 0 2 24  149.346  108.986 -217.729  353.005 0.935151 114.0  93.0 21.0  491 115070 
05 272 5 48 0 4  4 -90.573 -51.779 -162.019  101.945 0.250488 -98.0  0.0 98.0  304 115374 
05 273 5 49 0 2 24  71.889  33.839 -307.170  352.773 0.651268 49.0  33.0 16.0  495 115868 
05 274 5 50 0 4  4  51.680  124.997  75.370  185.745 1.168942 76.0  19.0 57.0  434 116302 
05 275 5 51 0 4  4 -77.322  106.308 -45.547  315.022 0.283884 -62.0  0.0 62.0  422 116724 
05 276 5 52 0 1 40 -45.105 -53.454 -363.914  138.882 0.718063 -53.0 -54.0 1.0  500 117224 
05 277 5 53 0 1 40  83.945  71.811 -276.556  393.387 0.901754 72.0  51.0 21.0  491 117715 
05 278 5 54 0 1 40 -115.677 -101.693 -400.532  212.986 0.885056 -102.0 -113.0 11.0  498 118212 
05 279 5 55 0 1 40  7.915 -9.232 -357.259  334.693 0.317284 -9.0  0.0 9.0  498 118711 
05 280 5 56 0 1 40 -74.723 -58.857 -283.297  212.597 0.734763 -59.0 -58.0 1.0  500 119210 
