 11   1  1  1 FH_T13.jpeg H   3 0 A 0.813587 0 0
 11   2  1  2 FA_T13.jpeg A   3 0 A 0.672210 0 0
 11   3  1  3 FA_T16.jpeg A   2 0 A 0.742585 0 0
 11   4  1  4 FA_T16.jpeg A   2 0 A 0.665325 0 0
 11   5  1  5 FA_T4.jpeg A   6 1 H 0.648182 0 0
 11   6  1  6 FA_T10.jpeg A   4 1 H 0.515659 0 0
 11   7  1  7 FA_T0.jpeg A   7 1 H 0.537922 0 0
 11   8  1  8 FH_T0.jpeg H   7 1 H 0.526716 0 0
 11   9  1  9 FH_T16.jpeg H   2 0 A 0.525894 0 0
 11  10  1 10 FA_T20.jpeg A   1 0 A 0.415558 0 0
 11  11  1 11 FH_T13.jpeg H   3 0 A 0.393755 0 0
 11  12  1 12 FH_T13.jpeg H   3 0 A 0.594280 0 0
 11  13  1 13 FH_T7.jpeg H   5 1 H 0.941849 0 0
 11  14  1 14 FH_T20.jpeg H   1 0 A 0.455203 0 0
 11  15  1 15 FA_T20.jpeg A   1 0 A 0.455272 0 0
 11  16  1 16 FH_T13.jpeg H   3 0 A 0.598639 0 0
 11  17  1 17 FA_T7.jpeg A   5 1 H 0.615447 0 0
 11  18  1 18 FH_T13.jpeg H   3 0 A 0.498962 0 0
 11  19  1 19 FH_T16.jpeg H   2 0 A 0.509455 0 0
 11  20  1 20 FA_T10.jpeg A   4 1 H 0.892362 0 0
 11  21  1 21 FH_T10.jpeg H   4 0 A 1.615963 0 0
 11  22  1 22 FH_T10.jpeg H   4 1 H 0.953201 0 0
 11  23  1 23 FA_T0.jpeg A   7 1 H 0.514821 0 0
 11  24  1 24 FH_T10.jpeg H   4 0 A 0.630676 0 0
 11  25  1 25 FA_T13.jpeg A   3 0 A 0.857777 0 0
 11  26  1 26 FA_T16.jpeg A   2 0 A 0.553394 0 0
 11  27  1 27 FH_T16.jpeg H   2 0 A 0.520128 0 0
 11  28  1 28 FA_T16.jpeg A   2 0 A 0.455337 0 0
 11  29  1 29 FH_T16.jpeg H   2 0 A 0.449079 0 0
 11  30  1 30 FH_T7.jpeg H   5 1 H 0.604352 0 0
 11  31  1 31 FH_T20.jpeg H   1 0 A 0.515556 0 0
 11  32  1 32 FA_T10.jpeg A   4 1 H 0.831144 0 0
 11  33  1 33 FH_T16.jpeg H   2 0 A 0.609345 0 0
 11  34  1 34 FH_T10.jpeg H   4 1 H 0.797996 0 0
 11  35  1 35 FA_T20.jpeg A   1 0 A 0.465694 0 0
 11  36  1 36 FH_T13.jpeg H   3 0 A 0.997055 0 0
 11  37  1 37 FH_T10.jpeg H   4 1 H 0.702703 0 0
 11  38  1 38 FA_T20.jpeg A   1 0 A 0.476852 0 0
 11  39  1 39 FA_T20.jpeg A   1 0 A 0.399222 0 0
 11  40  1 40 FA_T7.jpeg A   5 1 H 0.471083 0 0
 11  41  1 41 FA_T13.jpeg A   3 0 A 0.675892 0 0
 11  42  1 42 FH_T10.jpeg H   4 0 A 0.438864 0 0
 11  43  1 43 FH_T13.jpeg H   3 0 A 0.592715 0 0
 11  44  1 44 FH_T7.jpeg H   5 1 H 0.498557 0 0
 11  45  1 45 FA_T13.jpeg A   3 0 A 0.776060 0 0
 11  46  1 46 FH_T4.jpeg H   6 1 H 0.416415 0 0
 11  47  1 47 FH_T16.jpeg H   2 0 A 0.449088 0 0
 11  48  1 48 FA_T10.jpeg A   4 1 H 0.443465 0 0
 11  49  1 49 FA_T0.jpeg A   7 1 H 0.498942 0 0
 11  50  1 50 FH_T20.jpeg H   1 0 A 0.454443 0 0
 11  51  1 51 FA_T0.jpeg A   7 1 H 0.543051 0 0
 11  52  1 52 FA_T4.jpeg A   6 1 H 0.593188 0 0
 11  53  1 53 FA_T20.jpeg A   1 0 A 0.449904 0 0
 11  54  1 54 FA_T7.jpeg A   5 1 H 0.554405 0 0
 11  55  1 55 FA_T16.jpeg A   2 0 A 0.460422 0 0
 11  56  1 56 FH_T20.jpeg H   1 0 A 0.554737 0 0
 11  57  1 57 FA_T4.jpeg A   6 1 H 0.658974 0 0
 11  58  1 58 FH_T16.jpeg H   2 0 A 0.399585 0 0
 11  59  1 59 FA_T7.jpeg A   5 1 H 0.460921 0 0
 11  60  1 60 FH_T4.jpeg H   6 1 H 0.627145 0 0
 11  61  1 61 FH_T7.jpeg H   5 1 H 0.686640 0 0
 11  62  1 62 FH_T13.jpeg H   3 0 A 0.542746 0 0
 11  63  1 63 FH_T4.jpeg H   6 1 H 0.537614 0 0
 11  64  1 64 FH_T10.jpeg H   4 0 A 0.610002 0 0
 11  65  1 65 FH_T4.jpeg H   6 1 H 0.542604 0 0
 11  66  1 66 FH_T16.jpeg H   2 0 A 0.521705 0 0
 11  67  1 67 FA_T7.jpeg A   5 1 H 0.773721 0 0
 11  68  1 68 FA_T20.jpeg A   1 0 A 0.543278 0 0
 11  69  1 69 FA_T7.jpeg A   5 1 H 0.769933 0 0
 11  70  1 70 FA_T16.jpeg A   2 0 A 0.493143 0 0
 11  71  1 71 FA_T20.jpeg A   1 0 A 0.814416 0 0
 11  72  1 72 FH_T20.jpeg H   1 0 A 0.394242 0 0
 11  73  1 73 FA_T16.jpeg A   2 0 A 0.625667 0 0
 11  74  1 74 FH_T0.jpeg H   7 1 H 0.604566 0 0
 11  75  1 75 FA_T16.jpeg A   2 0 A 0.450320 0 0
 11  76  1 76 FA_T16.jpeg A   2 0 A 0.472077 0 0
 11  77  1 77 FA_T0.jpeg A   7 1 H 0.487199 0 0
 11  78  1 78 FH_T20.jpeg H   1 0 A 0.393754 0 0
 11  79  1 79 FA_T20.jpeg A   1 0 A 0.559912 0 0
 11  80  1 80 FH_T16.jpeg H   2 0 A 0.415384 0 0
 11  81  1 81 FA_T20.jpeg A   1 0 A 0.415324 0 0
 11  82  1 82 FA_T0.jpeg A   7 1 H 0.476555 0 0
 11  83  1 83 FA_T13.jpeg A   3 0 A 0.493590 0 0
 11  84  1 84 FH_T10.jpeg H   4 0 A 0.415506 0 0
 11  85  1 85 FA_T10.jpeg A   4 1 H 1.098996 0 0
 11  86  1 86 FA_T10.jpeg A   4 1 H 0.516976 0 0
 11  87  1 87 FA_T10.jpeg A   4 1 H 0.575868 0 0
 11  88  1 88 FA_T0.jpeg A   7 1 H 0.615030 0 0
 11  89  1 89 FH_T10.jpeg H   4 1 H 1.208498 0 0
 11  90  1 90 FA_T4.jpeg A   6 1 H 0.610364 0 0
 11  91  1 91 FA_T10.jpeg A   4 1 H 0.950795 0 0
 11  92  1 92 FA_T10.jpeg A   4 1 H 0.592106 0 0
 11  93  1 93 FH_T16.jpeg H   2 0 A 0.742639 0 0
 11  94  1 94 FA_T4.jpeg A   6 1 H 0.450023 0 0
 11  95  1 95 FA_T13.jpeg A   3 0 A 0.930455 0 0
 11  96  1 96 FA_T16.jpeg A   2 0 A 0.471415 0 0
 11  97  1 97 FH_T16.jpeg H   2 0 A 0.472756 0 0
 11  98  1 98 FA_T20.jpeg A   1 0 A 0.388998 0 0
 11  99  1 99 FA_T13.jpeg A   3 0 A 0.686753 0 0
 11 100  1 100 FH_T0.jpeg H   7 1 H 0.648243 0 0
 11 101  2  1 FH_T16.jpeg H   2 0 A 0.907677 0 0
 11 102  2  2 FH_T13.jpeg H   3 0 A 0.731030 0 0
 11 103  2  3 FA_T10.jpeg A   4 1 H 0.637021 0 0
 11 104  2  4 FA_T13.jpeg A   3 0 A 0.769743 0 0
 11 105  2  5 FA_T0.jpeg A   7 1 H 0.504499 0 0
 11 106  2  6 FH_T4.jpeg H   6 1 H 0.631020 0 0
 11 107  2  7 FA_T7.jpeg A   5 1 H 0.454059 0 0
 11 108  2  8 FA_T20.jpeg A   1 0 A 0.420856 0 0
 11 109  2  9 FA_T0.jpeg A   7 1 H 0.708007 0 0
 11 110  2 10 FA_T13.jpeg A   3 0 A 0.580655 0 0
 11 111  2 11 FH_T0.jpeg H   7 1 H 0.420791 0 0
 11 112  2 12 FA_T7.jpeg A   5 1 H 0.647700 0 0
 11 113  2 13 FH_T10.jpeg H   4 1 H 0.874685 0 0
 11 114  2 14 FH_T20.jpeg H   1 0 A 0.376816 0 0
 11 115  2 15 FA_T4.jpeg A   6 1 H 0.437037 0 0
 11 116  2 16 FA_T4.jpeg A   6 1 H 0.431920 0 0
 11 117  2 17 FH_T7.jpeg H   5 1 H 0.493189 0 0
 11 118  2 18 FA_T4.jpeg A   6 1 H 0.580602 0 0
 11 119  2 19 FH_T0.jpeg H   7 1 H 0.466215 0 0
 11 120  2 20 FA_T0.jpeg A   7 1 H 0.454441 0 0
 11 121  2 21 FH_T16.jpeg H   2 0 A 0.465500 0 0
 11 122  2 22 FA_T16.jpeg A   2 0 A 0.509423 0 0
 11 123  2 23 FA_T0.jpeg A   7 1 H 0.509478 0 0
 11 124  2 24 FA_T20.jpeg A   1 0 A 0.480955 0 0
 11 125  2 25 FA_T4.jpeg A   6 1 H 0.536860 0 0
 11 126  2 26 FA_T10.jpeg A   4 1 H 0.990970 0 0
 11 127  2 27 FA_T0.jpeg A   7 1 H 0.536761 0 0
 11 128  2 28 FA_T16.jpeg A   2 0 A 0.503902 0 0
 11 129  2 29 FA_T0.jpeg A   7 1 H 0.443215 0 0
 11 130  2 30 FA_T7.jpeg A   5 1 H 0.569661 0 0
 11 131  2 31 FA_T13.jpeg A   3 0 A 0.525922 0 0
 11 132  2 32 FA_T4.jpeg A   6 1 H 0.487240 0 0
 11 133  2 33 FA_T0.jpeg A   7 1 H 0.487154 0 0
 11 134  2 34 FH_T0.jpeg H   7 1 H 0.443502 0 0
 11 135  2 35 FA_T7.jpeg A   5 1 H 0.381592 0 0
 11 136  2 36 FH_T10.jpeg H   4 0 A 0.742088 0 0
 11 137  2 37 FA_T16.jpeg A   2 0 A 0.514448 0 0
 11 138  2 38 FH_T7.jpeg H   5 1 H 0.615158 0 0
 11 139  2 39 FH_T10.jpeg H   4 0 A 0.514283 0 0
 11 140  2 40 FH_T7.jpeg H   5 1 H 1.028943 0 0
 11 141  2 41 FH_T10.jpeg H   4 0 A 0.858990 0 0
 11 142  2 42 FA_T20.jpeg A   1 0 A 0.587067 0 0
 11 143  2 43 FH_T4.jpeg H   6 1 H 0.564624 0 0
 11 144  2 44 FH_T7.jpeg H   5 1 H 0.603406 0 0
 11 145  2 45 FH_T7.jpeg H   5 1 H 0.719187 0 0
 11 146  2 46 FH_T4.jpeg H   6 1 H 0.404190 0 0
 11 147  2 47 FH_T4.jpeg H   6 1 H 0.403723 0 0
 11 148  2 48 FH_T7.jpeg H   5 1 H 0.641314 0 0
 11 149  2 49 FH_T7.jpeg H   5 1 H 1.019550 0 0
 11 150  2 50 FA_T13.jpeg A   3 0 A 0.615486 0 0
 11 151  2 51 FA_T16.jpeg A   2 0 A 0.482031 0 0
 11 152  2 52 FH_T4.jpeg H   6 1 H 0.647803 0 0
 11 153  2 53 FH_T13.jpeg H   3 0 A 0.593352 0 0
 11 154  2 54 FH_T0.jpeg H   7 1 H 0.487176 0 0
 11 155  2 55 FA_T13.jpeg A   3 0 A 0.548072 0 0
 11 156  2 56 FH_T13.jpeg H   3 0 A 0.526006 0 0
 11 157  2 57 FH_T0.jpeg H   7 1 H 0.514260 0 0
 11 158  2 58 FA_T7.jpeg A   5 1 H 0.593284 0 0
 11 159  2 59 FA_T7.jpeg A   5 1 H 0.520631 0 0
 11 160  2 60 FH_T7.jpeg H   5 1 H 0.718682 0 0
 11 161  2 61 FA_T13.jpeg A   3 0 A 0.614607 0 0
 11 162  2 62 FH_T0.jpeg H   7 1 H 0.537732 0 0
 11 163  2 63 FA_T20.jpeg A   1 0 A 0.454690 0 0
 11 164  2 64 FH_T4.jpeg H   6 1 H 0.514355 0 0
 11 165  2 65 FH_T13.jpeg H   3 0 A 0.570049 0 0
 11 166  2 66 FA_T7.jpeg A   5 1 H 0.453638 0 0
 11 167  2 67 FH_T13.jpeg H   3 0 A 0.514202 0 0
 11 168  2 68 FH_T13.jpeg H   3 0 A 0.504476 0 0
 11 169  2 69 FA_T7.jpeg A   5 1 H 0.875601 0 0
 11 170  2 70 FH_T16.jpeg H   2 0 A 0.476798 0 0
 11 171  2 71 FA_T0.jpeg A   7 1 H 0.486651 0 0
 11 172  2 72 FA_T4.jpeg A   6 1 H 0.454184 0 0
 11 173  2 73 FH_T0.jpeg H   7 1 H 0.443630 0 0
 11 174  2 74 FH_T0.jpeg H   7 1 H 0.448115 0 0
 11 175  2 75 FH_T20.jpeg H   1 0 A 0.580673 0 0
 11 176  2 76 FA_T0.jpeg A   7 1 H 0.581640 0 0
 11 177  2 77 FA_T7.jpeg A   5 1 H 0.560058 0 0
 11 178  2 78 FA_T0.jpeg A   7 1 H 0.480823 0 0
 11 179  2 79 FH_T16.jpeg H   2 0 A 0.526464 0 0
 11 180  2 80 FA_T4.jpeg A   6 1 H 0.459726 0 0
 11 181  2 81 FH_T13.jpeg H   3 0 A 0.593210 0 0
 11 182  2 82 FH_T7.jpeg H   5 1 H 0.824384 0 0
 11 183  2 83 FA_T16.jpeg A   2 0 A 0.554361 0 0
 11 184  2 84 FH_T0.jpeg H   7 1 H 0.521507 0 0
 11 185  2 85 FA_T7.jpeg A   5 1 H 0.967235 0 0
 11 186  2 86 FA_T7.jpeg A   5 1 H 0.521039 0 0
 11 187  2 87 FH_T0.jpeg H   7 1 H 0.548608 0 0
 11 188  2 88 FA_T4.jpeg A   6 1 H 0.436860 0 0
 11 189  2 89 FA_T16.jpeg A   2 0 A 0.514260 0 0
 11 190  2 90 FH_T4.jpeg H   6 1 H 0.586659 0 0
 11 191  2 91 FH_T16.jpeg H   2 0 A 0.553113 0 0
 11 192  2 92 FA_T7.jpeg A   5 1 H 0.376611 0 0
 11 193  2 93 FA_T20.jpeg A   1 0 A 0.459240 0 0
 11 194  2 94 FH_T10.jpeg H   4 0 A 0.487111 0 0
 11 195  2 95 FA_T0.jpeg A   7 1 H 0.498935 0 0
 11 196  2 96 FA_T4.jpeg A   6 1 H 0.674540 0 0
 11 197  2 97 FA_T4.jpeg A   6 1 H 0.443048 0 0
 11 198  2 98 FA_T0.jpeg A   7 1 H 0.448441 0 0
 11 199  2 99 FA_T0.jpeg A   7 1 H 0.409565 0 0
 11 200  2 100 FH_T4.jpeg H   6 1 H 0.597732 0 0
 11 201  3  1 FA_T10.jpeg A   4 1 H 0.531617 0 0
 11 202  3  2 FH_T4.jpeg H   6 1 H 0.575770 0 0
 11 203  3  3 FA_T13.jpeg A   3 0 A 0.636729 0 0
 11 204  3  4 FH_T4.jpeg H   6 1 H 0.558597 0 0
 11 205  3  5 FH_T16.jpeg H   2 0 A 0.453605 0 0
 11 206  3  6 FH_T13.jpeg H   3 0 A 0.498014 0 0
 11 207  3  7 FA_T13.jpeg A   3 0 A 0.564292 0 0
 11 208  3  8 FH_T7.jpeg H   5 1 H 0.966949 0 0
 11 209  3  9 FA_T4.jpeg A   6 1 H 0.619927 0 0
 11 210  3 10 FH_T4.jpeg H   6 1 H 1.013267 0 0
 11 211  3 11 FH_T20.jpeg H   1 0 A 0.753061 0 0
 11 212  3 12 FH_T7.jpeg H   5 1 H 0.503814 0 0
 11 213  3 13 FA_T10.jpeg A   4 1 H 0.497718 0 0
 11 214  3 14 FH_T10.jpeg H   4 0 A 0.801692 0 0
 11 215  3 15 FH_T4.jpeg H   6 1 H 0.658721 0 0
 11 216  3 16 FA_T13.jpeg A   3 0 A 0.713538 0 0
 11 217  3 17 FH_T4.jpeg H   6 1 H 0.713463 0 0
 11 218  3 18 FH_T20.jpeg H   1 0 A 0.559198 0 0
 11 219  3 19 FA_T0.jpeg A   7 1 H 0.431653 0 0
 11 220  3 20 FA_T10.jpeg A   4 0 A 0.896328 0 0
 11 221  3 21 FH_T7.jpeg H   5 1 H 0.912317 0 0
 11 222  3 22 FH_T20.jpeg H   1 0 A 0.730161 0 0
 11 223  3 23 FH_T7.jpeg H   5 1 H 0.580895 0 0
 11 224  3 24 FH_T10.jpeg H   4 0 A 1.166278 0 0
 11 225  3 25 FH_T10.jpeg H   4 0 A 0.548041 0 0
 11 226  3 26 FH_T0.jpeg H   7 1 H 0.536159 0 0
 11 227  3 27 FA_T7.jpeg A   5 1 H 0.884273 0 0
 11 228  3 28 FH_T4.jpeg H   6 1 H 0.608125 0 0
 11 229  3 29 FA_T20.jpeg A   1 0 A 0.653661 0 0
 11 230  3 30 FA_T10.jpeg A   4 1 H 0.543466 0 0
 11 231  3 31 FH_T4.jpeg H   6 1 H 0.669349 0 0
 11 232  3 32 FH_T20.jpeg H   1 0 A 0.482557 0 0
 11 233  3 33 FA_T16.jpeg A   2 0 A 0.509745 0 0
 11 234  3 34 FH_T7.jpeg H   5 1 H 0.642283 0 0
 11 235  3 35 FA_T10.jpeg A   4 1 H 0.580309 0 0
 11 236  3 36 FH_T7.jpeg H   5 1 H 0.575745 0 0
 11 237  3 37 FA_T13.jpeg A   3 0 A 0.664099 0 0
 11 238  3 38 FA_T16.jpeg A   2 0 A 0.420960 0 0
 11 239  3 39 FH_T4.jpeg H   6 1 H 0.470800 0 0
 11 240  3 40 FA_T20.jpeg A   1 0 A 0.410063 0 0
 11 241  3 41 FA_T13.jpeg A   3 0 A 0.537122 0 0
 11 242  3 42 FA_T0.jpeg A   7 1 H 0.514612 0 0
 11 243  3 43 FA_T20.jpeg A   1 0 A 0.377106 0 0
 11 244  3 44 FH_T7.jpeg H   5 1 H 0.531764 0 0
 11 245  3 45 FA_T0.jpeg A   7 1 H 0.630134 0 0
 11 246  3 46 FH_T13.jpeg H   3 0 A 0.685432 0 0
 11 247  3 47 FA_T10.jpeg A   4 0 A 0.972795 0 0
 11 248  3 48 FH_T10.jpeg H   4 0 A 1.216223 0 0
 11 249  3 49 FA_T4.jpeg A   6 1 H 0.664287 0 0
 11 250  3 50 FH_T4.jpeg H   6 1 H 0.554083 0 0
 11 251  3 51 FA_T4.jpeg A   6 1 H 0.409741 0 0
 11 252  3 52 FH_T0.jpeg H   7 1 H 0.476031 0 0
 11 253  3 53 FA_T10.jpeg A   4 1 H 0.436933 0 0
 11 254  3 54 FH_T16.jpeg H   2 0 A 0.525186 0 0
 11 255  3 55 FA_T13.jpeg A   3 0 A 0.681051 0 0
 11 256  3 56 FA_T10.jpeg A   4 0 A 0.972804 0 0
 11 257  3 57 FA_T10.jpeg A   4 0 A 0.498645 0 0
 11 258  3 58 FA_T10.jpeg A   4 0 A 0.984269 0 0
 11 259  3 59 FA_T7.jpeg A   5 1 H 1.034239 0 0
 11 260  3 60 FH_T13.jpeg H   3 0 A 0.713453 0 0
 11 261  3 61 FA_T13.jpeg A   3 0 A 0.620868 0 0
 11 262  3 62 FH_T7.jpeg H   5 1 H 0.707562 0 0
 11 263  3 63 FA_T13.jpeg A   3 0 A 0.593181 0 0
 11 264  3 64 FA_T0.jpeg A   7 1 H 0.537776 0 0
 11 265  3 65 FA_T13.jpeg A   3 0 A 0.586105 0 0
 11 266  3 66 FA_T20.jpeg A   1 0 A 0.454106 0 0
 11 267  3 67 FA_T13.jpeg A   3 0 A 0.607872 0 0
 11 268  3 68 FH_T7.jpeg H   5 1 H 0.702129 0 0
 11 269  3 69 FH_T0.jpeg H   7 1 H 0.532080 0 0
 11 270  3 70 FH_T7.jpeg H   5 1 H 0.586770 0 0
 11 271  3 71 FA_T16.jpeg A   2 0 A 0.625842 0 0
 11 272  3 72 FH_T4.jpeg H   6 1 H 0.659013 0 0
 11 273  3 73 FA_T4.jpeg A   6 1 H 0.818008 0 0
 11 274  3 74 FA_T13.jpeg A   3 0 A 0.443451 0 0
 11 275  3 75 FH_T10.jpeg H   4 1 H 0.813293 0 0
 11 276  3 76 FH_T7.jpeg H   5 1 H 0.879930 0 0
 11 277  3 77 FH_T10.jpeg H   4 0 A 0.779919 0 0
 11 278  3 78 FA_T0.jpeg A   7 1 H 0.563842 0 0
 11 279  3 79 FH_T0.jpeg H   7 1 H 0.499510 0 0
 11 280  3 80 FH_T20.jpeg H   1 0 A 0.492586 0 0
 11 281  3 81 FH_T10.jpeg H   4 0 A 0.775240 0 0
 11 282  3 82 FH_T20.jpeg H   1 0 A 0.498019 0 0
 11 283  3 83 FA_T10.jpeg A   4 0 A 1.420586 0 0
 11 284  3 84 FH_T16.jpeg H   2 0 A 0.525799 0 0
 11 285  3 85 FH_T10.jpeg H   4 0 A 0.635641 0 0
 11 286  3 86 FA_T10.jpeg A   4 0 A 0.956969 0 0
 11 287  3 87 FH_T4.jpeg H   6 1 H 0.669835 0 0
 11 288  3 88 FH_T13.jpeg H   3 0 A 0.569886 0 0
 11 289  3 89 FA_T20.jpeg A   1 0 A 0.929171 0 0
 11 290  3 90 FH_T16.jpeg H   2 0 A 0.432441 0 0
 11 291  3 91 FH_T0.jpeg H   7 1 H 0.387784 0 0
 11 292  3 92 FA_T0.jpeg A   7 1 H 0.415381 0 0
 11 293  3 93 FA_T16.jpeg A   2 0 A 0.515600 0 0
 11 294  3 94 FA_T13.jpeg A   3 0 A 0.714079 0 0
 11 295  3 95 FH_T13.jpeg H   3 0 A 0.521053 0 0
 11 296  3 96 FA_T20.jpeg A   1 0 A 0.404472 0 0
 11 297  3 97 FH_T0.jpeg H   7 1 H 0.459725 0 0
 11 298  3 98 FA_T10.jpeg A   4 1 H 1.332208 0 0
 11 299  3 99 FA_T4.jpeg A   6 1 H 0.609042 0 0
 11 300  3 100 FA_T16.jpeg A   2 0 A 0.459800 0 0
 11 301  4  1 FA_T13.jpeg A   3 0 A 0.503297 0 0
 11 302  4  2 FH_T13.jpeg H   3 0 A 0.404331 0 0
 11 303  4  3 FH_T13.jpeg H   3 0 A 0.415123 0 0
 11 304  4  4 FH_T13.jpeg H   3 0 A 0.309838 0 0
 11 305  4  5 FA_T4.jpeg A   6 1 H 0.459258 0 0
 11 306  4  6 FA_T4.jpeg A   6 1 H 0.404350 0 0
 11 307  4  7 FA_T7.jpeg A   5 1 H 0.365295 0 0
 11 308  4  8 FA_T20.jpeg A   1 0 A 0.415163 0 0
 11 309  4  9 FH_T7.jpeg H   5 1 H 0.602677 0 0
 11 310  4 10 FH_T10.jpeg H   4 0 A 0.846730 0 0
 11 311  4 11 FA_T13.jpeg A   3 0 A 0.525678 0 0
 11 312  4 12 FH_T7.jpeg H   5 0 A 0.536794 0 0
 11 313  4 13 FH_T16.jpeg H   2 0 A 0.741322 0 0
 11 314  4 14 FH_T13.jpeg H   3 0 A 0.575511 0 0
 11 315  4 15 FA_T4.jpeg A   6 1 H 0.448104 0 0
 11 316  4 16 FA_T16.jpeg A   2 0 A 0.498275 0 0
 11 317  4 17 FH_T0.jpeg H   7 1 H 0.431125 0 0
 11 318  4 18 FH_T7.jpeg H   5 1 H 0.813083 0 0
 11 319  4 19 FH_T16.jpeg H   2 0 A 0.442622 0 0
 11 320  4 20 FH_T4.jpeg H   6 1 H 0.470595 0 0
 11 321  4 21 FA_T7.jpeg A   5 1 H 0.487506 0 0
 11 322  4 22 FA_T0.jpeg A   7 1 H 0.414645 0 0
 11 323  4 23 FH_T13.jpeg H   3 0 A 0.470203 0 0
 11 324  4 24 FH_T10.jpeg H   4 0 A 0.509092 0 0
 11 325  4 25 FH_T0.jpeg H   7 1 H 0.668725 0 0
 11 326  4 26 FH_T20.jpeg H   1 0 A 0.508688 0 0
 11 327  4 27 FH_T0.jpeg H   7 1 H 0.586098 0 0
 11 328  4 28 FH_T13.jpeg H   3 0 A 0.581006 0 0
 11 329  4 29 FH_T4.jpeg H   6 1 H 0.564149 0 0
 11 330  4 30 FH_T20.jpeg H   1 0 A 0.536452 0 0
 11 331  4 31 FA_T7.jpeg A   5 1 H 0.563979 0 0
 11 332  4 32 FA_T16.jpeg A   2 0 A 0.514839 0 0
 11 333  4 33 FA_T7.jpeg A   5 1 H 0.564250 0 0
 11 334  4 34 FH_T10.jpeg H   4 0 A 0.802004 0 0
 11 335  4 35 FH_T13.jpeg H   3 0 A 0.757511 0 0
 11 336  4 36 FA_T7.jpeg A   5 1 H 1.027780 0 0
 11 337  4 37 FH_T7.jpeg H   5 1 H 0.619333 0 0
 11 338  4 38 FH_T10.jpeg H   4 1 H 0.795768 0 0
 11 339  4 39 FA_T4.jpeg A   6 1 H 0.713264 0 0
 11 340  4 40 FH_T10.jpeg H   4 0 A 0.696840 0 0
 11 341  4 41 FA_T16.jpeg A   2 0 A 0.630344 0 0
 11 342  4 42 FH_T16.jpeg H   2 0 A 0.602722 0 0
 11 343  4 43 FH_T20.jpeg H   1 0 A 0.409876 0 0
 11 344  4 44 FA_T4.jpeg A   6 1 H 1.469736 0 0
 11 345  4 45 FH_T13.jpeg H   3 0 A 0.630343 0 0
 11 346  4 46 FA_T20.jpeg A   1 0 A 0.498902 0 0
 11 347  4 47 FH_T16.jpeg H   2 0 A 0.459582 0 0
 11 348  4 48 FA_T13.jpeg A   3 0 A 0.559116 0 0
 11 349  4 49 FA_T4.jpeg A   6 1 H 0.459675 0 0
 11 350  4 50 FH_T4.jpeg H   6 1 H 0.619197 0 0
 11 351  4 51 FA_T13.jpeg A   3 0 A 0.580709 0 0
 11 352  4 52 FH_T13.jpeg H   3 0 A 0.464736 0 0
 11 353  4 53 FH_T7.jpeg H   5 0 A 0.415354 0 0
 11 354  4 54 FH_T0.jpeg H   7 1 H 0.680295 0 0
 11 355  4 55 FH_T7.jpeg H   5 1 H 0.697150 0 0
 11 356  4 56 FA_T7.jpeg A   5 1 H 0.524107 0 0
 11 357  4 57 FH_T20.jpeg H   1 0 A 0.504379 0 0
 11 358  4 58 FH_T0.jpeg H   7 1 H 0.481273 0 0
 11 359  4 59 FH_T0.jpeg H   7 1 H 0.481333 0 0
 11 360  4 60 FH_T0.jpeg H   7 1 H 0.492034 0 0
 11 361  4 61 FA_T13.jpeg A   3 0 A 0.531085 0 0
 11 362  4 62 FH_T10.jpeg H   4 0 A 0.531159 0 0
 11 363  4 63 FH_T0.jpeg H   7 1 H 0.503849 0 0
 11 364  4 64 FH_T4.jpeg H   6 1 H 0.491844 0 0
 11 365  4 65 FA_T4.jpeg A   6 1 H 0.448064 0 0
 11 366  4 66 FH_T20.jpeg H   1 0 A 0.459498 0 0
 11 367  4 67 FH_T20.jpeg H   1 0 A 0.459723 0 0
 11 368  4 68 FH_T20.jpeg H   1 0 A 0.409798 0 0
 11 369  4 69 FA_T20.jpeg A   1 0 A 0.509017 0 0
 11 370  4 70 FH_T16.jpeg H   2 0 A 0.409675 0 0
 11 371  4 71 FA_T13.jpeg A   3 0 A 0.475917 0 0
 11 372  4 72 FA_T13.jpeg A   3 0 A 0.514434 0 0
 11 373  4 73 FH_T4.jpeg H   6 1 H 0.503437 0 0
 11 374  4 74 FA_T0.jpeg A   7 1 H 0.409835 0 0
 11 375  4 75 FA_T7.jpeg A   5 1 H 0.404295 0 0
 11 376  4 76 FH_T16.jpeg H   2 0 A 0.454579 0 0
 11 377  4 77 FH_T0.jpeg H   7 1 H 0.453445 0 0
 11 378  4 78 FA_T16.jpeg A   2 0 A 0.393846 0 0
 11 379  4 79 FH_T10.jpeg H   4 0 A 0.348978 0 0
 11 380  4 80 FA_T16.jpeg A   2 0 A 0.481363 0 0
 11 381  4 81 FH_T7.jpeg H   5 1 H 0.741228 0 0
 11 382  4 82 FH_T20.jpeg H   1 0 A 0.575788 0 0
 11 383  4 83 FA_T20.jpeg A   1 0 A 0.459659 0 0
 11 384  4 84 FA_T10.jpeg A   4 1 H 0.476055 0 0
 11 385  4 85 FA_T13.jpeg A   3 0 A 0.420672 0 0
 11 386  4 86 FH_T16.jpeg H   2 0 A 0.575144 0 0
 11 387  4 87 FH_T16.jpeg H   2 0 A 0.459616 0 0
 11 388  4 88 FH_T10.jpeg H   4 1 H 0.873617 0 0
 11 389  4 89 FH_T4.jpeg H   6 1 H 0.619808 0 0
 11 390  4 90 FH_T20.jpeg H   1 0 A 0.426517 0 0
 11 391  4 91 FH_T10.jpeg H   4 1 H 0.696159 0 0
 11 392  4 92 FA_T7.jpeg A   5 0 A 0.503425 0 0
 11 393  4 93 FA_T13.jpeg A   3 0 A 0.675293 0 0
 11 394  4 94 FA_T10.jpeg A   4 0 A 0.785087 0 0
 11 395  4 95 FA_T10.jpeg A   4 1 H 1.083539 0 0
 11 396  4 96 FA_T10.jpeg A   4 1 H 0.569841 0 0
 11 397  4 97 FA_T7.jpeg A   5 1 H 0.757539 0 0
 11 398  4 98 FA_T7.jpeg A   5 1 H 0.690929 0 0
 11 399  4 99 FA_T4.jpeg A   6 1 H 0.542210 0 0
 11 400  4 100 FH_T4.jpeg H   6 1 H 0.504422 0 0
 11 401  5  1 FA_T7.jpeg A   5 1 H 1.138055 0 0
 11 402  5  2 FA_T7.jpeg A   5 1 H 0.465373 0 0
 11 403  5  3 FA_T0.jpeg A   7 1 H 0.558481 0 0
 11 404  5  4 FH_T16.jpeg H   2 0 A 0.460157 0 0
 11 405  5  5 FA_T13.jpeg A   3 0 A 0.730079 0 0
 11 406  5  6 FA_T4.jpeg A   6 1 H 0.486938 0 0
 11 407  5  7 FH_T10.jpeg H   4 0 A 0.498189 0 0
 11 408  5  8 FH_T4.jpeg H   6 1 H 0.690862 0 0
 11 409  5  9 FH_T20.jpeg H   1 0 A 0.464509 0 0
 11 410  5 10 FA_T10.jpeg A   4 0 A 0.636150 0 0
 11 411  5 11 FH_T16.jpeg H   2 0 A 0.530992 0 0
 11 412  5 12 FH_T0.jpeg H   7 1 H 0.475899 0 0
 11 413  5 13 FH_T0.jpeg H   7 1 H 0.541938 0 0
 11 414  5 14 FA_T13.jpeg A   3 0 A 0.790249 0 0
 11 415  5 15 FA_T16.jpeg A   2 0 A 0.437513 0 0
 11 416  5 16 FA_T10.jpeg A   4 1 H 1.492353 0 0
 11 417  5 17 FA_T7.jpeg A   5 1 H 0.575836 0 0
 11 418  5 18 FA_T20.jpeg A   1 0 A 0.458930 0 0
 11 419  5 19 FH_T16.jpeg H   2 0 A 0.553510 0 0
 11 420  5 20 FA_T4.jpeg A   6 1 H 0.690676 0 0
 11 421  5 21 FH_T0.jpeg H   7 1 H 0.459632 0 0
 11 422  5 22 FA_T0.jpeg A   7 1 H 0.453757 0 0
 11 423  5 23 FH_T10.jpeg H   4 1 H 0.824275 0 0
 11 424  5 24 FA_T7.jpeg A   5 1 H 0.901308 0 0
 11 425  5 25 FA_T16.jpeg A   2 0 A 0.486910 0 0
 11 426  5 26 FA_T16.jpeg A   2 0 A 0.409791 0 0
 11 427  5 27 FH_T7.jpeg H   5 1 H 0.851517 0 0
 11 428  5 28 FH_T10.jpeg H   4 0 A 0.664252 0 0
 11 429  5 29 FA_T10.jpeg A   4 0 A 0.802051 0 0
 11 430  5 30 FA_T10.jpeg A   4 0 A 1.120864 0 0
 11 431  5 31 FH_T7.jpeg H   5 1 H 0.763324 0 0
 11 432  5 32 FA_T4.jpeg A   6 1 H 0.480953 0 0
 11 433  5 33 FH_T4.jpeg H   6 1 H 0.553648 0 0
 11 434  5 34 FA_T0.jpeg A   7 1 H 0.447984 0 0
 11 435  5 35 FA_T0.jpeg A   7 1 H 0.481654 0 0
 11 436  5 36 FA_T10.jpeg A   4 0 A 0.985455 0 0
 11 437  5 37 FH_T0.jpeg H   7 1 H 0.807239 0 0
 11 438  5 38 FH_T13.jpeg H   3 0 A 0.713429 0 0
 11 439  5 39 FH_T20.jpeg H   1 0 A 0.381503 0 0
 11 440  5 40 FA_T4.jpeg A   6 1 H 0.867829 0 0
 11 441  5 41 FH_T4.jpeg H   6 1 H 0.652683 0 0
 11 442  5 42 FH_T7.jpeg H   5 1 H 0.735828 0 0
 11 443  5 43 FH_T16.jpeg H   2 0 A 0.508984 0 0
 11 444  5 44 FH_T20.jpeg H   1 0 A 0.492196 0 0
 11 445  5 45 FA_T20.jpeg A   1 0 A 0.492469 0 0
 11 446  5 46 FH_T4.jpeg H   6 1 H 0.536665 0 0
 11 447  5 47 FH_T4.jpeg H   6 1 H 0.514711 0 0
 11 448  5 48 FA_T20.jpeg A   1 0 A 0.426608 0 0
 11 449  5 49 FA_T16.jpeg A   2 0 A 0.619640 0 0
 11 450  5 50 FA_T7.jpeg A   5 1 H 0.388237 0 0
 11 451  5 51 FA_T0.jpeg A   7 1 H 0.669370 0 0
 11 452  5 52 FA_T16.jpeg A   2 0 A 0.387338 0 0
 11 453  5 53 FH_T13.jpeg H   3 0 A 0.509357 0 0
 11 454  5 54 FH_T0.jpeg H   7 1 H 0.741657 0 0
 11 455  5 55 FA_T10.jpeg A   4 1 H 1.055431 0 0
 11 456  5 56 FH_T4.jpeg H   6 1 H 0.431551 0 0
 11 457  5 57 FA_T13.jpeg A   3 0 A 0.613757 0 0
 11 458  5 58 FA_T20.jpeg A   1 0 A 0.349021 0 0
 11 459  5 59 FH_T16.jpeg H   2 0 A 0.349201 0 0
 11 460  5 60 FH_T13.jpeg H   3 0 A 0.553579 0 0
 11 461  5 61 FH_T20.jpeg H   1 0 A 0.498183 0 0
 11 462  5 62 FA_T0.jpeg A   7 1 H 0.459626 0 0
 11 463  5 63 FH_T20.jpeg H   1 0 A 0.453544 0 0
 11 464  5 64 FA_T20.jpeg A   1 0 A 0.525976 0 0
 11 465  5 65 FH_T10.jpeg H   4 0 A 0.558985 0 0
 11 466  5 66 FA_T0.jpeg A   7 1 H 0.387973 0 0
 11 467  5 67 FH_T0.jpeg H   7 1 H 0.520119 0 0
 11 468  5 68 FH_T16.jpeg H   2 0 A 0.359507 0 0
 11 469  5 69 FH_T20.jpeg H   1 0 A 0.387949 0 0
 11 470  5 70 FA_T10.jpeg A   4 0 A 0.398743 0 0
 11 471  5 71 FA_T0.jpeg A   7 1 H 0.321308 0 0
 11 472  5 72 FH_T16.jpeg H   2 0 A 0.425987 0 0
 11 473  5 73 FA_T16.jpeg A   2 0 A 0.547633 0 0
 11 474  5 74 FA_T4.jpeg A   6 1 H 0.481442 0 0
 11 475  5 75 FH_T20.jpeg H   1 0 A 0.332532 0 0
 11 476  5 76 FH_T0.jpeg H   7 1 H 0.443310 0 0
 11 477  5 77 FA_T4.jpeg A   6 1 H 0.470182 0 0
 11 478  5 78 FH_T16.jpeg H   2 0 A 0.376677 0 0
 11 479  5 79 FA_T7.jpeg A   5 1 H 0.432134 0 0
 11 480  5 80 FA_T16.jpeg A   2 0 A 0.409705 0 0
 11 481  5 81 FA_T7.jpeg A   5 1 H 0.332367 0 0
 11 482  5 82 FA_T20.jpeg A   1 0 A 0.337728 0 0
 11 483  5 83 FH_T0.jpeg H   7 1 H 0.465156 0 0
 11 484  5 84 FA_T13.jpeg A   3 0 A 0.371182 0 0
 11 485  5 85 FH_T16.jpeg H   2 0 A 0.404528 0 0
 11 486  5 86 FH_T16.jpeg H   2 0 A 0.354373 0 0
 11 487  5 87 FH_T13.jpeg H   3 0 A 0.299237 0 0
 11 488  5 88 FH_T4.jpeg H   6 1 H 0.470065 0 0
 11 489  5 89 FA_T13.jpeg A   3 0 A 0.499165 0 0
 11 490  5 90 FH_T20.jpeg H   1 0 A 0.404342 0 0
 11 491  5 91 FA_T16.jpeg A   2 0 A 0.404066 0 0
 11 492  5 92 FH_T0.jpeg H   7 1 H 0.426030 0 0
 11 493  5 93 FH_T0.jpeg H   7 1 H 0.404324 0 0
 11 494  5 94 FA_T0.jpeg A   7 1 H 0.465249 0 0
 11 495  5 95 FH_T7.jpeg H   5 1 H 0.359823 0 0
 11 496  5 96 FA_T4.jpeg A   6 1 H 0.664367 0 0
 11 497  5 97 FA_T10.jpeg A   4 1 H 1.182522 0 0
 11 498  5 98 FA_T0.jpeg A   7 1 H 0.470713 0 0
 11 499  5 99 FH_T4.jpeg H   6 1 H 0.359756 0 0
 11 500  5 100 FA_T7.jpeg A   5 1 H 0.420869 0 0
 11 501  6  1 FA_T13.jpeg A   3 0 A 0.586162 0 0
 11 502  6  2 FA_T13.jpeg A   3 0 A 0.436810 0 0
 11 503  6  3 FH_T7.jpeg H   5 1 H 0.571907 0 0
 11 504  6  4 FH_T7.jpeg H   5 1 H 0.448203 0 0
 11 505  6  5 FA_T10.jpeg A   4 1 H 0.425802 0 0
 11 506  6  6 FH_T7.jpeg H   5 1 H 0.553216 0 0
 11 507  6  7 FH_T20.jpeg H   1 0 A 0.464728 0 0
 11 508  6  8 FH_T16.jpeg H   2 0 A 0.470073 0 0
 11 509  6  9 FA_T16.jpeg A   2 0 A 0.845776 0 0
 11 510  6 10 FA_T20.jpeg A   1 0 A 0.514260 0 0
 11 511  6 11 FH_T7.jpeg H   5 1 H 0.586418 0 0
 11 512  6 12 FH_T16.jpeg H   2 0 A 0.426785 0 0
 11 513  6 13 FA_T13.jpeg A   3 0 A 0.431466 0 0
 11 514  6 14 FH_T13.jpeg H   3 0 A 0.431544 0 0
 11 515  6 15 FA_T7.jpeg A   5 1 H 0.603297 0 0
 11 516  6 16 FH_T13.jpeg H   3 0 A 0.404545 0 0
 11 517  6 17 FA_T10.jpeg A   4 0 A 0.972540 0 0
 11 518  6 18 FA_T0.jpeg A   7 1 H 0.509174 0 0
 11 519  6 19 FA_T20.jpeg A   1 0 A 0.448562 0 0
 11 520  6 20 FA_T10.jpeg A   4 0 A 0.913431 0 0
 11 521  6 21 FA_T13.jpeg A   3 0 A 0.607995 0 0
 11 522  6 22 FA_T10.jpeg A   4 0 A 1.133761 0 0
 11 523  6 23 FH_T7.jpeg H   5 1 H 0.592045 0 0
 11 524  6 24 FH_T16.jpeg H   2 0 A 0.431363 0 0
 11 525  6 25 FH_T7.jpeg H   5 1 H 0.470969 0 0
 11 526  6 26 FH_T20.jpeg H   1 0 A 0.558669 0 0
 11 527  6 27 FA_T10.jpeg A   4 0 A 0.989826 0 0
 11 528  6 28 FH_T20.jpeg H   1 0 A 0.564525 0 0
 11 529  6 29 FA_T16.jpeg A   2 0 A 0.536839 0 0
 11 530  6 30 FA_T20.jpeg A   1 0 A 0.426426 0 0
 11 531  6 31 FA_T10.jpeg A   4 1 H 0.890260 0 0
 11 532  6 32 FA_T4.jpeg A   6 1 H 0.873826 0 0
 11 533  6 33 FA_T4.jpeg A   6 1 H 0.503964 0 0
 11 534  6 34 FA_T10.jpeg A   4 1 H 0.823554 0 0
 11 535  6 35 FA_T7.jpeg A   5 1 H 0.481649 0 0
 11 536  6 36 FA_T16.jpeg A   2 0 A 0.756998 0 0
 11 537  6 37 FH_T4.jpeg H   6 1 H 0.613529 0 0
 11 538  6 38 FH_T16.jpeg H   2 0 A 0.464854 0 0
 11 539  6 39 FA_T0.jpeg A   7 1 H 0.475865 0 0
 11 540  6 40 FH_T20.jpeg H   1 0 A 0.442978 0 0
 11 541  6 41 FA_T7.jpeg A   5 1 H 0.399035 0 0
 11 542  6 42 FA_T10.jpeg A   4 0 A 0.922772 0 0
 11 543  6 43 FH_T10.jpeg H   4 0 A 0.392993 0 0
 11 544  6 44 FA_T0.jpeg A   7 1 H 0.569925 0 0
 11 545  6 45 FH_T0.jpeg H   7 1 H 0.453931 0 0
 11 546  6 46 FA_T20.jpeg A   1 0 A 0.382080 0 0
 11 547  6 47 FH_T20.jpeg H   1 0 A 0.398728 0 0
 11 548  6 48 FH_T20.jpeg H   1 0 A 0.348838 0 0
 11 549  6 49 FH_T13.jpeg H   3 0 A 0.398688 0 0
 11 550  6 50 FA_T16.jpeg A   2 0 A 0.530935 0 0
 11 551  6 51 FA_T7.jpeg A   5 0 A 0.785350 0 0
 11 552  6 52 FH_T0.jpeg H   7 1 H 0.470168 0 0
 11 553  6 53 FA_T4.jpeg A   6 1 H 0.454066 0 0
 11 554  6 54 FA_T0.jpeg A   7 1 H 0.387778 0 0
 11 555  6 55 FA_T13.jpeg A   3 0 A 0.570005 0 0
 11 556  6 56 FA_T4.jpeg A   6 1 H 0.492739 0 0
 11 557  6 57 FH_T7.jpeg H   5 1 H 0.940203 0 0
 11 558  6 58 FH_T13.jpeg H   3 0 A 0.531254 0 0
 11 559  6 59 FH_T4.jpeg H   6 1 H 0.614262 0 0
 11 560  6 60 FH_T10.jpeg H   4 0 A 0.580913 0 0
 11 561  6 61 FA_T7.jpeg A   5 1 H 0.564234 0 0
 11 562  6 62 FH_T7.jpeg H   5 1 H 0.619342 0 0
 11 563  6 63 FA_T13.jpeg A   3 0 A 0.652685 0 0
 11 564  6 64 FA_T7.jpeg A   5 1 H 0.646774 0 0
 11 565  6 65 FA_T16.jpeg A   2 0 A 0.404255 0 0
 11 566  6 66 FA_T13.jpeg A   3 0 A 0.592717 0 0
 11 567  6 67 FH_T7.jpeg H   5 1 H 0.541688 0 0
 11 568  6 68 FH_T20.jpeg H   1 0 A 0.448562 0 0
 11 569  6 69 FH_T10.jpeg H   4 0 A 0.410140 0 0
 11 570  6 70 FH_T0.jpeg H   7 1 H 0.448168 0 0
 11 571  6 71 FA_T10.jpeg A   4 0 A 1.056227 0 0
 11 572  6 72 FA_T4.jpeg A   6 1 H 0.470991 0 0
 11 573  6 73 FH_T0.jpeg H   7 1 H 0.459044 0 0
 11 574  6 74 FA_T20.jpeg A   1 0 A 0.437667 0 0
 11 575  6 75 FH_T16.jpeg H   2 0 A 0.398626 0 0
 11 576  6 76 FA_T13.jpeg A   3 0 A 0.663610 0 0
 11 577  6 77 FA_T20.jpeg A   1 0 A 0.404095 0 0
 11 578  6 78 FH_T0.jpeg H   7 1 H 0.398466 0 0
 11 579  6 79 FH_T16.jpeg H   2 0 A 0.431591 0 0
 11 580  6 80 FA_T4.jpeg A   6 1 H 0.487183 0 0
 11 581  6 81 FA_T4.jpeg A   6 1 H 0.586094 0 0
 11 582  6 82 FA_T0.jpeg A   7 1 H 0.641188 0 0
 11 583  6 83 FH_T20.jpeg H   1 0 A 1.022958 0 0
 11 584  6 84 FA_T16.jpeg A   2 0 A 0.801708 0 0
 11 585  6 85 FA_T16.jpeg A   2 0 A 0.575389 0 0
 11 586  6 86 FA_T16.jpeg A   2 0 A 0.602702 0 0
 11 587  6 87 FH_T0.jpeg H   7 1 H 0.497925 0 0
 11 588  6 88 FA_T4.jpeg A   6 1 H 0.624810 0 0
 11 589  6 89 FA_T20.jpeg A   1 0 A 0.531293 0 0
 11 590  6 90 FA_T20.jpeg A   1 0 A 0.469771 0 0
 11 591  6 91 FA_T4.jpeg A   6 1 H 0.420572 0 0
 11 592  6 92 FH_T10.jpeg H   4 0 A 0.509798 0 0
 11 593  6 93 FH_T4.jpeg H   6 1 H 0.520115 0 0
 11 594  6 94 FH_T20.jpeg H   1 0 A 0.443116 0 0
 11 595  6 95 FA_T13.jpeg A   3 0 A 0.515157 0 0
 11 596  6 96 FA_T20.jpeg A   1 0 A 0.398805 0 0
 11 597  6 97 FH_T4.jpeg H   6 1 H 0.536608 0 0
 11 598  6 98 FH_T4.jpeg H   6 1 H 0.614320 0 0
 11 599  6 99 FA_T20.jpeg A   1 0 A 0.420901 0 0
 11 600  6 100 FH_T7.jpeg H   5 1 H 0.803294 0 0
 11 601  7  1 FH_T0.jpeg H   7 1 H 0.453721 0 0
 11 602  7  2 FH_T13.jpeg H   3 0 A 0.409974 0 0
 11 603  7  3 FH_T13.jpeg H   3 0 A 0.442605 0 0
 11 604  7  4 FH_T16.jpeg H   2 0 A 0.387499 0 0
 11 605  7  5 FH_T0.jpeg H   7 1 H 0.387233 0 0
 11 606  7  6 FH_T10.jpeg H   4 0 A 0.321323 0 0
 11 607  7  7 FH_T20.jpeg H   1 0 A 0.360134 0 0
 11 608  7  8 FA_T7.jpeg A   5 0 A 0.618963 0 0
 11 609  7  9 FA_T4.jpeg A   6 1 H 0.691547 0 0
 11 610  7 10 FA_T20.jpeg A   1 0 A 0.409944 0 0
 11 611  7 11 FA_T16.jpeg A   2 0 A 0.437619 0 0
 11 612  7 12 FH_T4.jpeg H   6 1 H 0.509045 0 0
 11 613  7 13 FH_T10.jpeg H   4 0 A 1.209950 0 0
 11 614  7 14 FA_T7.jpeg A   5 1 H 0.619629 0 0
 11 615  7 15 FH_T13.jpeg H   3 0 A 0.669412 0 0
 11 616  7 16 FH_T13.jpeg H   3 0 A 0.509350 0 0
 11 617  7 17 FA_T13.jpeg A   3 0 A 0.365666 0 0
 11 618  7 18 FH_T10.jpeg H   4 0 A 0.459740 0 0
 11 619  7 19 FH_T7.jpeg H   5 1 H 0.796120 0 0
 11 620  7 20 FH_T13.jpeg H   3 0 A 0.470111 0 0
 11 621  7 21 FH_T20.jpeg H   1 0 A 0.426564 0 0
 11 622  7 22 FA_T16.jpeg A   2 0 A 0.420560 0 0
 11 623  7 23 FA_T0.jpeg A   7 1 H 0.387713 0 0
 11 624  7 24 FH_T20.jpeg H   1 0 A 0.398729 0 0
 11 625  7 25 FH_T13.jpeg H   3 0 A 0.481715 0 0
 11 626  7 26 FH_T0.jpeg H   7 1 H 0.415760 0 0
 11 627  7 27 FH_T10.jpeg H   4 0 A 0.420528 0 0
 11 628  7 28 FA_T20.jpeg A   1 0 A 0.509578 0 0
 11 629  7 29 FH_T13.jpeg H   3 0 A 0.564415 0 0
 11 630  7 30 FH_T10.jpeg H   4 0 A 1.177665 0 0
 11 631  7 31 FA_T4.jpeg A   6 1 H 0.460072 0 0
 11 632  7 32 FH_T20.jpeg H   1 0 A 0.415349 0 0
 11 633  7 33 FH_T4.jpeg H   6 1 H 0.426046 0 0
 11 634  7 34 FA_T4.jpeg A   6 1 H 0.459280 0 0
 11 635  7 35 FA_T0.jpeg A   7 1 H 0.404230 0 0
 11 636  7 36 FA_T7.jpeg A   5 1 H 0.547200 0 0
 11 637  7 37 FA_T4.jpeg A   6 1 H 0.459874 0 0
 11 638  7 38 FH_T4.jpeg H   6 1 H 0.448489 0 0
 11 639  7 39 FA_T7.jpeg A   5 1 H 0.437568 0 0
 11 640  7 40 FA_T4.jpeg A   6 1 H 0.437167 0 0
 11 641  7 41 FH_T7.jpeg H   5 1 H 0.570297 0 0
 11 642  7 42 FH_T20.jpeg H   1 0 A 0.547698 0 0
 11 643  7 43 FH_T4.jpeg H   6 1 H 0.420539 0 0
 11 644  7 44 FH_T20.jpeg H   1 0 A 0.575413 0 0
 11 645  7 45 FA_T16.jpeg A   2 0 A 0.592171 0 0
 11 646  7 46 FA_T20.jpeg A   1 0 A 1.547033 0 0
 11 647  7 47 FA_T4.jpeg A   6 1 H 0.613560 0 0
 11 648  7 48 FH_T4.jpeg H   6 1 H 0.498072 0 0
 11 649  7 49 FA_T10.jpeg A   4 0 A 0.957145 0 0
 11 650  7 50 FA_T10.jpeg A   4 0 A 0.465173 0 0
 11 651  7 51 FA_T13.jpeg A   3 0 A 0.547833 0 0
 11 652  7 52 FA_T20.jpeg A   1 0 A 0.404207 0 0
 11 653  7 53 FH_T10.jpeg H   4 1 H 0.785156 0 0
 11 654  7 54 FH_T13.jpeg H   3 0 A 0.459849 0 0
 11 655  7 55 FH_T0.jpeg H   7 1 H 0.514321 0 0
 11 656  7 56 FH_T16.jpeg H   2 0 A 0.497774 0 0
 11 657  7 57 FA_T20.jpeg A   1 0 A 0.459821 0 0
 11 658  7 58 FH_T13.jpeg H   3 0 A 0.365290 0 0
 11 659  7 59 FH_T16.jpeg H   2 0 A 0.420589 0 0
 11 660  7 60 FH_T4.jpeg H   6 1 H 0.591379 0 0
 11 661  7 61 FH_T7.jpeg H   5 1 H 0.614258 0 0
 11 662  7 62 FH_T10.jpeg H   4 0 A 0.917663 0 0
 11 663  7 63 FH_T0.jpeg H   7 1 H 0.470355 0 0
 11 664  7 64 FH_T7.jpeg H   5 0 A 0.542010 0 0
 11 665  7 65 FA_T7.jpeg A   5 1 H 0.536823 0 0
 11 666  7 66 FA_T16.jpeg A   2 0 A 0.398849 0 0
 11 667  7 67 FH_T20.jpeg H   1 0 A 0.437135 0 0
 11 668  7 68 FA_T20.jpeg A   1 0 A 0.442597 0 0
 11 669  7 69 FH_T16.jpeg H   2 0 A 0.398816 0 0
 11 670  7 70 FA_T20.jpeg A   1 0 A 0.581038 0 0
 11 671  7 71 FH_T13.jpeg H   3 0 A 0.321084 0 0
 11 672  7 72 FA_T7.jpeg A   5 1 H 0.564285 0 0
 11 673  7 73 FH_T10.jpeg H   4 0 A 0.392659 0 0
 11 674  7 74 FH_T20.jpeg H   1 0 A 0.404104 0 0
 11 675  7 75 FH_T10.jpeg H   4 0 A 0.597220 0 0
 11 676  7 76 FA_T16.jpeg A   2 0 A 0.420206 0 0
 11 677  7 77 FH_T13.jpeg H   3 0 A 0.398636 0 0
 11 678  7 78 FA_T0.jpeg A   7 1 H 0.437179 0 0
 11 679  7 79 FH_T10.jpeg H   4 0 A 1.033344 0 0
 11 680  7 80 FH_T4.jpeg H   6 1 H 0.481366 0 0
 11 681  7 81 FH_T20.jpeg H   1 0 A 0.315594 0 0
 11 682  7 82 FA_T16.jpeg A   2 0 A 0.388110 0 0
 11 683  7 83 FH_T13.jpeg H   3 0 A 0.420903 0 0
 11 684  7 84 FH_T0.jpeg H   7 1 H 0.348701 0 0
 11 685  7 85 FA_T0.jpeg A   7 1 H 0.470443 0 0
 11 686  7 86 FA_T0.jpeg A   7 1 H 0.420307 0 0
 11 687  7 87 FA_T10.jpeg A   4 0 A 0.359950 0 0
 11 688  7 88 FH_T16.jpeg H   2 0 A 0.382110 0 0
 11 689  7 89 FA_T10.jpeg A   4 0 A 0.597125 0 0
 11 690  7 90 FH_T13.jpeg H   3 0 A 0.409514 0 0
 11 691  7 91 FA_T20.jpeg A   1 0 A 0.465266 0 0
 11 692  7 92 FA_T16.jpeg A   2 0 A 0.310169 0 0
 11 693  7 93 FA_T0.jpeg A   7 1 H 0.437707 0 0
 11 694  7 94 FA_T16.jpeg A   2 0 A 0.387502 0 0
 11 695  7 95 FA_T10.jpeg A   4 0 A 0.741268 0 0
 11 696  7 96 FA_T0.jpeg A   7 1 H 0.365797 0 0
 11 697  7 97 FH_T20.jpeg H   1 0 A 0.398530 0 0
 11 698  7 98 FH_T10.jpeg H   4 0 A 0.464813 0 0
 11 699  7 99 FH_T16.jpeg H   2 0 A 0.409530 0 0
 11 700  7 100 FH_T7.jpeg H   5 1 H 0.774395 0 0
