  7   1  1  1 FA_T10.jpeg A   4 1 H 1.487962 0 0
  7   2  1  2 FA_T16.jpeg A   2 1 H 1.000988 0 0
  7   3  1  3 FA_T10.jpeg A   4 1 H 0.819774 0 0
  7   4  1  4 FH_T13.jpeg H   3 0 A 0.758060 0 0
  7   5  1  5 FA_T4.jpeg A   6 0 A 1.234763 0 0
  7   6  1  6 FH_T10.jpeg H   4 0 A 0.642238 0 0
  7   7  1  7 FA_T20.jpeg A   1 0 A 0.663566 0 0
  7   8  1  8 FA_T16.jpeg A   2 0 A 1.178126 0 0
  7   9  1  9 FH_T20.jpeg H   1 0 A 0.586755 0 0
  7  10  1 10 FA_T10.jpeg A   4 1 H 0.796117 0 0
  7  11  1 11 FH_T13.jpeg H   3 0 A 1.331341 0 0
  7  12  1 12 FH_T13.jpeg H   3 0 A 0.504262 0 0
  7  13  1 13 FH_T16.jpeg H   2 0 A 0.409474 0 0
  7  14  1 14 FH_T13.jpeg H   3 0 A 0.724294 0 0
  7  15  1 15 FA_T4.jpeg A   6 1 H 0.631417 0 0
  7  16  1 16 FA_T16.jpeg A   2 0 A 0.415537 0 0
  7  17  1 17 FH_T4.jpeg H   6 1 H 0.574700 0 0
  7  18  1 18 FH_T10.jpeg H   4 1 H 0.746172 0 0
  7  19  1 19 FA_T16.jpeg A   2 0 A 0.519099 0 0
  7  20  1 20 FA_T7.jpeg A   5 1 H 0.503613 0 0
  7  21  1 21 FA_T4.jpeg A   6 1 H 0.558177 0 0
  7  22  1 22 FA_T4.jpeg A   6 1 H 0.581590 0 0
  7  23  1 23 FA_T4.jpeg A   6 1 H 0.414891 0 0
  7  24  1 24 FA_T7.jpeg A   5 1 H 0.376675 0 0
  7  25  1 25 FH_T20.jpeg H   1 0 A 0.541553 0 0
  7  26  1 26 FA_T16.jpeg A   2 0 A 0.597523 0 0
  7  27  1 27 FH_T10.jpeg H   4 0 A 1.641156 0 0
  7  28  1 28 FA_T16.jpeg A   2 0 A 0.702153 0 0
  7  29  1 29 FH_T4.jpeg H   6 1 H 0.736593 0 0
  7  30  1 30 FH_T4.jpeg H   6 1 H 0.630947 0 0
  7  31  1 31 FH_T16.jpeg H   2 0 A 0.714655 0 0
  7  32  1 32 FH_T7.jpeg H   5 1 H 0.597646 0 0
  7  33  1 33 FA_T10.jpeg A   4 0 A 0.459092 0 0
  7  34  1 34 FH_T4.jpeg H   6 1 H 0.659324 0 0
  7  35  1 35 FH_T10.jpeg H   4 1 H 1.012247 0 0
  7  36  1 36 FH_T20.jpeg H   1 0 A 0.525746 0 0
  7  37  1 37 FH_T16.jpeg H   2 0 A 0.421125 0 0
  7  38  1 38 FA_T0.jpeg A   7 1 H 0.399261 0 0
  7  39  1 39 FH_T4.jpeg H   6 1 H 0.443215 0 0
  7  40  1 40 FH_T13.jpeg H   3 1 H 0.359867 0 0
  7  41  1 41 FH_T0.jpeg H   7 1 H 0.558545 0 0
  7  42  1 42 FA_T7.jpeg A   5 1 H 0.922699 0 0
  7  43  1 43 FA_T10.jpeg A   4 1 H 0.730688 0 0
  7  44  1 44 FH_T13.jpeg H   3 0 A 0.582031 0 0
  7  45  1 45 FH_T4.jpeg H   6 1 H 0.503783 0 0
  7  46  1 46 FA_T0.jpeg A   7 1 H 0.471662 0 0
  7  47  1 47 FH_T13.jpeg H   3 0 A 0.482158 0 0
  7  48  1 48 FA_T7.jpeg A   5 1 H 3.028445 0 0
  7  49  1 49 FA_T10.jpeg A   4 1 H 0.714441 0 0
  7  50  1 50 FH_T13.jpeg H   3 0 A 0.610488 0 0
  7  51  1 51 FH_T0.jpeg H   7 1 H 0.613516 0 0
  7  52  1 52 FH_T7.jpeg H   5 0 A 0.693144 0 0
  7  53  1 53 FA_T4.jpeg A   6 0 A 0.470604 0 0
  7  54  1 54 FA_T13.jpeg A   3 0 A 0.868094 0 0
  7  55  1 55 FH_T0.jpeg H   7 1 H 0.509521 0 0
  7  56  1 56 FA_T13.jpeg A   3 0 A 0.878808 0 0
  7  57  1 57 FA_T16.jpeg A   2 0 A 1.010822 0 0
  7  58  1 58 FH_T13.jpeg H   3 0 A 0.663866 0 0
  7  59  1 59 FA_T0.jpeg A   7 1 H 0.614693 0 0
  7  60  1 60 FA_T20.jpeg A   1 0 A 0.475908 0 0
  7  61  1 61 FA_T10.jpeg A   4 1 H 0.458890 0 0
  7  62  1 62 FH_T10.jpeg H   4 1 H 0.564081 0 0
  7  63  1 63 FA_T0.jpeg A   7 1 H 0.928908 0 0
  7  64  1 64 FA_T10.jpeg A   4 1 H 0.924211 0 0
  7  65  1 65 FA_T20.jpeg A   1 0 A 0.720682 0 0
  7  66  1 66 FA_T13.jpeg A   3 1 H 0.768686 0 0
  7  67  1 67 FH_T16.jpeg H   2 0 A 0.652356 0 0
  7  68  1 68 FA_T4.jpeg A   6 1 H 0.564557 0 0
  7  69  1 69 FA_T4.jpeg A   6 1 H 0.548248 0 0
  7  70  1 70 FA_T0.jpeg A   7 1 H 0.481104 0 0
  7  71  1 71 FH_T10.jpeg H   4 1 H 0.647793 0 0
  7  72  1 72 FA_T4.jpeg A   6 1 H 0.409707 0 0
  7  73  1 73 FA_T16.jpeg A   2 1 H 0.425722 0 0
  7  74  1 74 FA_T13.jpeg A   3 1 H 0.514409 0 0
  7  75  1 75 FA_T4.jpeg A   6 1 H 0.431910 0 0
  7  76  1 76 FA_T7.jpeg A   5 1 H 0.464746 0 0
  7  77  1 77 FH_T7.jpeg H   5 0 A 0.747242 0 0
  7  78  1 78 FH_T0.jpeg H   7 1 H 0.453994 0 0
  7  79  1 79 FA_T10.jpeg A   4 1 H 0.609572 0 0
  7  80  1 80 FH_T7.jpeg H   5 1 H 3.221565 0 0
  7  81  1 81 FH_T16.jpeg H   2 0 A 0.569740 0 0
  7  82  1 82 FA_T4.jpeg A   6 1 H 0.796002 0 0
  7  83  1 83 FH_T20.jpeg H   1 0 A 0.525298 0 0
  7  84  1 84 FA_T20.jpeg A   1 0 A 0.487435 0 0
  7  85  1 85 FH_T16.jpeg H   2 0 A 0.459205 0 0
  7  86  1 86 FA_T7.jpeg A   5 1 H 0.459573 0 0
  7  87  1 87 FA_T20.jpeg A   1 0 A 0.520846 0 0
  7  88  1 88 FA_T13.jpeg A   3 1 H 1.010899 0 0
  7  89  1 89 FA_T16.jpeg A   2 0 A 0.973383 0 0
  7  90  1 90 FH_T4.jpeg H   6 1 H 0.453738 0 0
  7  91  1 91 FH_T7.jpeg H   5 0 A 0.558597 0 0
  7  92  1 92 FA_T20.jpeg A   1 1 H 0.421056 0 0
  7  93  1 93 FH_T0.jpeg H   7 1 H 1.000119 0 0
  7  94  1 94 FA_T4.jpeg A   6 1 H 0.690714 0 0
  7  95  1 95 FA_T10.jpeg A   4 1 H 0.580356 0 0
  7  96  1 96 FA_T7.jpeg A   5 1 H 0.541888 0 0
  7  97  1 97 FA_T13.jpeg A   3 1 H 0.442346 0 0
  7  98  1 98 FH_T20.jpeg H   1 0 A 0.663754 0 0
  7  99  1 99 FA_T13.jpeg A   3 1 H 0.591372 0 0
  7 100  1 100 FA_T0.jpeg A   7 1 H 0.432199 0 0
  7 101  2  1 FH_T0.jpeg H   7 1 H 0.591137 0 0
  7 102  2  2 FH_T10.jpeg H   4 0 A 0.614166 0 0
  7 103  2  3 FH_T16.jpeg H   2 0 A 0.431176 0 0
  7 104  2  4 FA_T20.jpeg A   1 1 H 0.398555 0 0
  7 105  2  5 FH_T7.jpeg H   5 1 H 0.792224 0 0
  7 106  2  6 FA_T7.jpeg A   5 1 H 0.559104 0 0
  7 107  2  7 FA_T16.jpeg A   2 0 A 0.536966 0 0
  7 108  2  8 FA_T7.jpeg A   5 1 H 0.410217 0 0
  7 109  2  9 FA_T13.jpeg A   3 1 H 0.912241 0 0
  7 110  2 10 FH_T4.jpeg H   6 1 H 0.606625 0 0
  7 111  2 11 FH_T10.jpeg H   4 0 A 0.547546 0 0
  7 112  2 12 FH_T16.jpeg H   2 0 A 0.492105 0 0
  7 113  2 13 FA_T0.jpeg A   7 1 H 0.470598 0 0
  7 114  2 14 FH_T0.jpeg H   7 1 H 0.652714 0 0
  7 115  2 15 FA_T13.jpeg A   3 1 H 0.657783 0 0
  7 116  2 16 FA_T0.jpeg A   7 1 H 0.657567 0 0
  7 117  2 17 FA_T7.jpeg A   5 1 H 0.381926 0 0
  7 118  2 18 FH_T0.jpeg H   7 1 H 0.398027 0 0
  7 119  2 19 FH_T20.jpeg H   1 0 A 0.426119 0 0
  7 120  2 20 FH_T20.jpeg H   1 0 A 0.475719 0 0
  7 121  2 21 FA_T16.jpeg A   2 0 A 0.482106 0 0
  7 122  2 22 FA_T13.jpeg A   3 0 A 0.403640 0 0
  7 123  2 23 FH_T0.jpeg H   7 1 H 0.414722 0 0
  7 124  2 24 FA_T20.jpeg A   1 0 A 0.514444 0 0
  7 125  2 25 FH_T10.jpeg H   4 0 A 1.243233 0 0
  7 126  2 26 FH_T13.jpeg H   3 0 A 1.313959 0 0
  7 127  2 27 FH_T20.jpeg H   1 0 A 3.120344 0 0
  7 128  2 28 FA_T20.jpeg A   1 0 A 0.459204 0 0
  7 129  2 29 FH_T7.jpeg H   5 0 A 0.635569 0 0
  7 130  2 30 FH_T20.jpeg H   1 0 A 0.514271 0 0
  7 131  2 31 FH_T20.jpeg H   1 0 A 0.409444 0 0
  7 132  2 32 FH_T7.jpeg H   5 0 A 0.481961 0 0
  7 133  2 33 FA_T16.jpeg A   2 0 A 0.414764 0 0
  7 134  2 34 FH_T4.jpeg H   6 1 H 0.629958 0 0
  7 135  2 35 FA_T13.jpeg A   3 1 H 0.855971 0 0
  7 136  2 36 FA_T16.jpeg A   2 0 A 0.348744 0 0
  7 137  2 37 FH_T13.jpeg H   3 0 A 0.409520 0 0
  7 138  2 38 FH_T20.jpeg H   1 0 A 0.431347 0 0
  7 139  2 39 FA_T13.jpeg A   3 0 A 0.492344 0 0
  7 140  2 40 FH_T4.jpeg H   6 1 H 0.944815 0 0
  7 141  2 41 FH_T20.jpeg H   1 0 A 0.585503 0 0
  7 142  2 42 FH_T13.jpeg H   3 0 A 0.476089 0 0
  7 143  2 43 FA_T13.jpeg A   3 0 A 0.453501 0 0
  7 144  2 44 FA_T7.jpeg A   5 1 H 0.453741 0 0
  7 145  2 45 FH_T13.jpeg H   3 0 A 0.724186 0 0
  7 146  2 46 FH_T0.jpeg H   7 1 H 0.608145 0 0
  7 147  2 47 FH_T16.jpeg H   2 0 A 1.353793 0 0
  7 148  2 48 FA_T4.jpeg A   6 0 A 0.745738 0 0
  7 149  2 49 FH_T7.jpeg H   5 1 H 1.653052 0 0
  7 150  2 50 FH_T16.jpeg H   2 0 A 0.973170 0 0
  7 151  2 51 FA_T20.jpeg A   1 0 A 0.464761 0 0
  7 152  2 52 FA_T20.jpeg A   1 0 A 0.459783 0 0
  7 153  2 53 FA_T4.jpeg A   6 1 H 0.763167 0 0
  7 154  2 54 FA_T13.jpeg A   3 0 A 1.011676 0 0
  7 155  2 55 FA_T7.jpeg A   5 1 H 0.879308 0 0
  7 156  2 56 FA_T4.jpeg A   6 1 H 0.669059 0 0
  7 157  2 57 FH_T7.jpeg H   5 1 H 0.961529 0 0
  7 158  2 58 FH_T13.jpeg H   3 0 A 3.086820 0 0
  7 159  2 59 FH_T0.jpeg H   7 1 H 0.519782 0 0
  7 160  2 60 FH_T10.jpeg H   4 0 A 0.552546 0 0
  7 161  2 61 FH_T7.jpeg H   5 1 H 1.523996 0 0
  7 162  2 62 FH_T13.jpeg H   3 0 A 0.669659 0 0
  7 163  2 63 FH_T0.jpeg H   7 1 H 0.392945 0 0
  7 164  2 64 FA_T16.jpeg A   2 0 A 0.436846 0 0
  7 165  2 65 FA_T10.jpeg A   4 1 H 0.630235 0 0
  7 166  2 66 FA_T16.jpeg A   2 0 A 0.436809 0 0
  7 167  2 67 FA_T16.jpeg A   2 0 A 0.713065 0 0
  7 168  2 68 FA_T13.jpeg A   3 0 A 0.514190 0 0
  7 169  2 69 FA_T10.jpeg A   4 0 A 0.381530 0 0
  7 170  2 70 FH_T0.jpeg H   7 1 H 0.447773 0 0
  7 171  2 71 FA_T20.jpeg A   1 0 A 0.486857 0 0
  7 172  2 72 FA_T20.jpeg A   1 0 A 0.398028 0 0
  7 173  2 73 FH_T20.jpeg H   1 0 A 0.536093 0 0
  7 174  2 74 FH_T10.jpeg H   4 1 H 0.939335 0 0
  7 175  2 75 FH_T4.jpeg H   6 1 H 0.712747 0 0
  7 176  2 76 FA_T10.jpeg A   4 1 H 0.729694 0 0
  7 177  2 77 FH_T20.jpeg H   1 0 A 0.591373 0 0
  7 178  2 78 FA_T10.jpeg A   4 1 H 1.005518 0 0
  7 179  2 79 FH_T4.jpeg H   6 1 H 0.900403 0 0
  7 180  2 80 FA_T10.jpeg A   4 1 H 0.000661 1 1
  7 181  2 81 FA_T4.jpeg A   6 1 H 0.867918 0 1
  7 182  2 82 FH_T10.jpeg H   4 1 H 0.714702 0 1
  7 183  2 83 FA_T20.jpeg A   1 0 A 0.521050 0 1
  7 184  2 84 FA_T4.jpeg A   6 1 H 0.740251 0 1
  7 185  2 85 FH_T16.jpeg H   2 0 A 0.433134 0 1
  7 186  2 86 FA_T4.jpeg A   6 1 H 0.614808 0 1
  7 187  2 87 FA_T4.jpeg A   6 1 H 0.387301 0 1
  7 188  2 88 FH_T0.jpeg H   7 1 H 0.708576 0 1
  7 189  2 89 FA_T4.jpeg A   6 1 H 0.409115 0 1
  7 190  2 90 FH_T0.jpeg H   7 1 H 0.333607 0 1
  7 191  2 91 FH_T13.jpeg H   3 1 H 0.376383 0 1
  7 192  2 92 FH_T13.jpeg H   3 0 A 0.803868 0 1
  7 193  2 93 FH_T13.jpeg H   3 0 A 0.503774 0 1
  7 194  2 94 FH_T10.jpeg H   4 0 A 0.404624 0 1
  7 195  2 95 FA_T13.jpeg A   3 0 A 0.475360 0 1
  7 196  2 96 FA_T4.jpeg A   6 1 H 0.570589 0 1
  7 197  2 97 FA_T13.jpeg A   3 0 A 0.681270 0 1
  7 198  2 98 FA_T16.jpeg A   2 0 A 0.465747 0 1
  7 199  2 99 FH_T20.jpeg H   1 0 A 0.536859 0 1
  7 200  2 100 FH_T16.jpeg H   2 0 A 0.398555 0 1
  7 201  3  1 FA_T10.jpeg A   4 1 H 0.641998 0 1
  7 202  3  2 FA_T20.jpeg A   1 0 A 0.508942 0 1
  7 203  3  3 FH_T20.jpeg H   1 0 A 0.591782 0 1
  7 204  3  4 FH_T10.jpeg H   4 1 H 0.884475 0 1
  7 205  3  5 FH_T10.jpeg H   4 1 H 0.620687 0 1
  7 206  3  6 FH_T16.jpeg H   2 1 H 0.525079 0 1
  7 207  3  7 FH_T7.jpeg H   5 1 H 0.785810 0 1
  7 208  3  8 FH_T20.jpeg H   1 0 A 0.510205 0 1
  7 209  3  9 FH_T20.jpeg H   1 0 A 0.602389 0 1
  7 210  3 10 FA_T7.jpeg A   5 1 H 0.968031 0 1
  7 211  3 11 FA_T0.jpeg A   7 1 H 0.542561 0 1
  7 212  3 12 FH_T10.jpeg H   4 0 A 0.580997 0 1
  7 213  3 13 FH_T4.jpeg H   6 1 H 0.536713 0 1
  7 214  3 14 FA_T4.jpeg A   6 1 H 0.714267 0 1
  7 215  3 15 FH_T10.jpeg H   4 0 A 0.669397 0 1
  7 216  3 16 FA_T20.jpeg A   1 0 A 0.492708 0 1
  7 217  3 17 FA_T16.jpeg A   2 0 A 0.681462 0 1
  7 218  3 18 FH_T0.jpeg H   7 1 H 0.448922 0 1
  7 219  3 19 FH_T13.jpeg H   3 0 A 0.547813 0 1
  7 220  3 20 FH_T0.jpeg H   7 1 H 0.442349 0 1
  7 221  3 21 FA_T20.jpeg A   1 0 A 1.106651 0 1
  7 222  3 22 FH_T0.jpeg H   7 0 A 0.480881 0 1
  7 223  3 23 FA_T13.jpeg A   3 0 A 1.144167 0 1
  7 224  3 24 FH_T4.jpeg H   6 1 H 1.160661 0 1
  7 225  3 25 FH_T13.jpeg H   3 0 A 0.647792 0 1
  7 226  3 26 FH_T13.jpeg H   3 0 A 0.404362 0 1
  7 227  3 27 FH_T10.jpeg H   4 0 A 0.669943 0 1
  7 228  3 28 FH_T13.jpeg H   3 0 A 0.647138 0 1
  7 229  3 29 FA_T16.jpeg A   2 0 A 0.465227 0 1
  7 230  3 30 FH_T0.jpeg H   7 1 H 0.387530 0 1
  7 231  3 31 FH_T4.jpeg H   6 1 H 0.426122 0 1
  7 232  3 32 FA_T16.jpeg A   2 0 A 0.707815 0 1
  7 233  3 33 FH_T10.jpeg H   4 1 H 0.381618 0 1
  7 234  3 34 FH_T20.jpeg H   1 0 A 0.542530 0 1
  7 235  3 35 FA_T13.jpeg A   3 0 A 0.559004 0 1
  7 236  3 36 FA_T10.jpeg A   4 1 H 0.366054 0 1
  7 237  3 37 FA_T13.jpeg A   3 0 A 0.491346 0 1
  7 238  3 38 FH_T13.jpeg H   3 0 A 7.979230 0 1
  7 239  3 39 FH_T10.jpeg H   4 0 A 0.525304 0 1
  7 240  3 40 FA_T0.jpeg A   7 1 H 0.508609 0 1
  7 241  3 41 FH_T7.jpeg H   5 0 A 0.464943 0 1
  7 242  3 42 FA_T7.jpeg A   5 1 H 0.619828 0 1
  7 243  3 43 FA_T4.jpeg A   6 1 H 0.482473 0 1
  7 244  3 44 FH_T16.jpeg H   2 0 A 0.492301 0 1
  7 245  3 45 FA_T7.jpeg A   5 1 H 0.486450 0 1
  7 246  3 46 FH_T4.jpeg H   6 1 H 0.481293 0 1
  7 247  3 47 FH_T10.jpeg H   4 0 A 0.842075 0 1
  7 248  3 48 FH_T20.jpeg H   1 0 A 0.493727 0 1
  7 249  3 49 FA_T13.jpeg A   3 1 H 0.442591 0 1
  7 250  3 50 FH_T0.jpeg H   7 1 H 0.649094 0 1
  7 251  3 51 FA_T7.jpeg A   5 0 A 0.586058 0 1
  7 252  3 52 FA_T4.jpeg A   6 1 H 0.426646 0 1
  7 253  3 53 FA_T20.jpeg A   1 0 A 0.530970 0 1
  7 254  3 54 FA_T0.jpeg A   7 1 H 0.625122 0 1
  7 255  3 55 FH_T4.jpeg H   6 1 H 0.471310 0 1
  7 256  3 56 FA_T0.jpeg A   7 1 H 0.593298 0 1
  7 257  3 57 FA_T13.jpeg A   3 0 A 0.896117 0 1
  7 258  3 58 FA_T20.jpeg A   1 1 H 1.985175 0 1
  7 259  3 59 FA_T16.jpeg A   2 0 A 0.564693 0 1
  7 260  3 60 FH_T7.jpeg H   5 1 H 0.448128 0 1
  7 261  3 61 FA_T13.jpeg A   3 0 A 0.685959 0 1
  7 262  3 62 FH_T10.jpeg H   4 0 A 0.929031 0 1
  7 263  3 63 FH_T4.jpeg H   6 1 H 0.470010 0 1
  7 264  3 64 FH_T20.jpeg H   1 0 A 0.564303 0 1
  7 265  3 65 FA_T10.jpeg A   4 1 H 0.939947 0 1
  7 266  3 66 FA_T0.jpeg A   7 1 H 3.818908 0 1
  7 267  3 67 FH_T0.jpeg H   7 1 H 0.526953 0 1
  7 268  3 68 FH_T4.jpeg H   6 1 H 0.399183 0 1
  7 269  3 69 FH_T16.jpeg H   2 0 A 0.515041 0 1
  7 270  3 70 FH_T20.jpeg H   1 0 A 0.554599 0 1
  7 271  3 71 FA_T20.jpeg A   1 0 A 0.636147 0 1
  7 272  3 72 FH_T10.jpeg H   4 0 A 3.228506 0 1
  7 273  3 73 FA_T4.jpeg A   6 1 H 0.796747 0 1
  7 274  3 74 FH_T10.jpeg H   4 0 A 0.929452 0 1
  7 275  3 75 FA_T4.jpeg A   6 0 A 7.427247 0 1
  7 276  3 76 FH_T13.jpeg H   3 0 A 0.542184 0 1
  7 277  3 77 FH_T10.jpeg H   4 0 A 0.631010 0 1
  7 278  3 78 FH_T13.jpeg H   3 0 A 0.492625 0 1
  7 279  3 79 FA_T7.jpeg A   5 1 H 0.415421 0 1
  7 280  3 80 FH_T16.jpeg H   2 0 A 0.635559 0 1
  7 281  3 81 FH_T16.jpeg H   2 0 A 0.548497 0 1
  7 282  3 82 FA_T4.jpeg A   6 1 H 0.409881 0 1
  7 283  3 83 FA_T20.jpeg A   1 0 A 0.520258 0 1
  7 284  3 84 FH_T16.jpeg H   2 0 A 0.547732 0 1
  7 285  3 85 FA_T20.jpeg A   1 0 A 0.466158 0 1
  7 286  3 86 FH_T7.jpeg H   5 1 H 0.398544 0 1
  7 287  3 87 FA_T10.jpeg A   4 1 H 0.647774 0 1
  7 288  3 88 FH_T13.jpeg H   3 0 A 0.542110 0 1
  7 289  3 89 FH_T0.jpeg H   7 1 H 0.614216 0 1
  7 290  3 90 FH_T7.jpeg H   5 1 H 0.696577 0 1
  7 291  3 91 FA_T16.jpeg A   2 0 A 0.525995 0 1
  7 292  3 92 FA_T20.jpeg A   1 0 A 2.117427 0 1
  7 293  3 93 FH_T10.jpeg H   4 1 H 2.341568 0 1
  7 294  3 94 FA_T4.jpeg A   6 1 H 0.559800 0 1
  7 295  3 95 FA_T7.jpeg A   5 1 H 3.764282 0 1
  7 296  3 96 FA_T16.jpeg A   2 0 A 0.768850 0 1
  7 297  3 97 FH_T7.jpeg H   5 1 H 8.006475 0 1
  7 298  3 98 FA_T7.jpeg A   5 1 H 0.459651 0 1
  7 299  3 99 FH_T4.jpeg H   6 1 H 0.630006 0 1
  7 300  3 100 FH_T4.jpeg H   6 1 H 0.437552 0 1
  7 301  4  1 FH_T4.jpeg H   6 1 H 0.420527 0 1
  7 302  4  2 FH_T20.jpeg H   1 0 A 0.508756 0 1
  7 303  4  3 FH_T4.jpeg H   6 1 H 0.365942 0 1
  7 304  4  4 FA_T13.jpeg A   3 0 A 0.962301 0 1
  7 305  4  5 FA_T0.jpeg A   7 1 H 0.365788 0 1
  7 306  4  6 FH_T7.jpeg H   5 1 H 0.415614 0 1
  7 307  4  7 FH_T4.jpeg H   6 1 H 0.503162 0 1
  7 308  4  8 FA_T10.jpeg A   4 1 H 0.884568 0 1
  7 309  4  9 FA_T13.jpeg A   3 0 A 5.089084 0 1
  7 310  4 10 FA_T7.jpeg A   5 1 H 0.403745 0 1
  7 311  4 11 FA_T0.jpeg A   7 1 H 0.553600 0 1
  7 312  4 12 FA_T10.jpeg A   4 1 H 0.592188 0 1
  7 313  4 13 FA_T10.jpeg A   4 1 H 0.348557 0 1
  7 314  4 14 FA_T7.jpeg A   5 1 H 0.436678 0 1
  7 315  4 15 FA_T0.jpeg A   7 1 H 0.420624 0 1
  7 316  4 16 FA_T16.jpeg A   2 0 A 0.758530 0 1
  7 317  4 17 FH_T0.jpeg H   7 1 H 0.448643 0 1
  7 318  4 18 FH_T7.jpeg H   5 0 A 1.022765 0 1
  7 319  4 19 FH_T13.jpeg H   3 1 H 0.492696 0 1
  7 320  4 20 FH_T4.jpeg H   6 1 H 2.818853 0 1
  7 321  4 21 FA_T16.jpeg A   2 0 A 1.193370 0 1
  7 322  4 22 FH_T7.jpeg H   5 1 H 4.347869 0 1
  7 323  4 23 FA_T7.jpeg A   5 1 H 0.553182 0 1
  7 324  4 24 FH_T4.jpeg H   6 1 H 0.514295 0 1
  7 325  4 25 FA_T4.jpeg A   6 1 H 0.470172 0 1
  7 326  4 26 FH_T16.jpeg H   2 0 A 0.575194 0 1
  7 327  4 27 FA_T13.jpeg A   3 0 A 1.546935 0 1
  7 328  4 28 FA_T0.jpeg A   7 1 H 1.011147 0 1
  7 329  4 29 FA_T20.jpeg A   1 0 A 0.464756 0 1
  7 330  4 30 FH_T16.jpeg H   2 0 A 0.393227 0 1
  7 331  4 31 FH_T20.jpeg H   1 0 A 0.376611 0 1
  7 332  4 32 FA_T10.jpeg A   4 1 H 0.724716 0 1
  7 333  4 33 FH_T7.jpeg H   5 1 H 0.448666 0 1
  7 334  4 34 FH_T10.jpeg H   4 1 H 0.381933 0 1
  7 335  4 35 FA_T7.jpeg A   5 0 A 0.415336 0 1
  7 336  4 36 FH_T20.jpeg H   1 0 A 0.426023 0 1
  7 337  4 37 FA_T0.jpeg A   7 1 H 0.432008 0 1
  7 338  4 38 FH_T10.jpeg H   4 0 A 0.586005 0 1
  7 339  4 39 FA_T16.jpeg A   2 0 A 0.508803 0 1
  7 340  4 40 FA_T13.jpeg A   3 0 A 0.745905 0 1
  7 341  4 41 FA_T16.jpeg A   2 0 A 0.465482 0 1
  7 342  4 42 FH_T0.jpeg H   7 1 H 0.525317 0 1
  7 343  4 43 FA_T4.jpeg A   6 1 H 0.393173 0 1
  7 344  4 44 FA_T10.jpeg A   4 1 H 0.371489 0 1
  7 345  4 45 FH_T10.jpeg H   4 1 H 0.459873 0 1
  7 346  4 46 FA_T16.jpeg A   2 1 H 0.431585 0 1
  7 347  4 47 FA_T0.jpeg A   7 1 H 0.564410 0 1
  7 348  4 48 FH_T7.jpeg H   5 1 H 0.924069 0 1
  7 349  4 49 FH_T4.jpeg H   6 1 H 9.201222 0 1
  7 350  4 50 FA_T13.jpeg A   3 0 A 2.852919 0 1
  7 351  4 51 FH_T16.jpeg H   2 1 H 0.414610 0 1
  7 352  4 52 FH_T4.jpeg H   6 1 H 0.497785 0 1
  7 353  4 53 FH_T0.jpeg H   7 1 H 0.580937 0 1
  7 354  4 54 FA_T10.jpeg A   4 1 H 0.520129 0 1
  7 355  4 55 FH_T20.jpeg H   1 0 A 0.481556 0 1
  7 356  4 56 FH_T10.jpeg H   4 1 H 0.840365 0 1
  7 357  4 57 FA_T20.jpeg A   1 0 A 0.581296 0 1
  7 358  4 58 FH_T16.jpeg H   2 0 A 0.950811 0 1
  7 359  4 59 FA_T10.jpeg A   4 1 H 0.873325 0 1
  7 360  4 60 FH_T0.jpeg H   7 1 H 0.873451 0 1
  7 361  4 61 FA_T4.jpeg A   6 1 H 0.420847 0 1
  7 362  4 62 FH_T7.jpeg H   5 1 H 0.697191 0 1
  7 363  4 63 FH_T0.jpeg H   7 1 H 0.371064 0 1
  7 364  4 64 FH_T4.jpeg H   6 1 H 0.431358 0 1
  7 365  4 65 FH_T0.jpeg H   7 1 H 0.437095 0 1
  7 366  4 66 FH_T7.jpeg H   5 0 A 0.647223 0 1
  7 367  4 67 FH_T4.jpeg H   6 1 H 0.746613 0 1
  7 368  4 68 FH_T16.jpeg H   2 0 A 10.237077 0 1
  7 369  4 69 FA_T4.jpeg A   6 1 H 0.459126 0 1
  7 370  4 70 FA_T0.jpeg A   7 1 H 0.404506 0 1
  7 371  4 71 FH_T13.jpeg H   3 0 A 0.481907 0 1
  7 372  4 72 FH_T10.jpeg H   4 0 A 0.442543 0 1
  7 373  4 73 FH_T7.jpeg H   5 1 H 0.752264 0 1
  7 374  4 74 FA_T4.jpeg A   6 1 H 0.431690 0 1
  7 375  4 75 FH_T10.jpeg H   4 0 A 0.668765 0 1
  7 376  4 76 FA_T7.jpeg A   5 1 H 0.774411 0 1
  7 377  4 77 FA_T0.jpeg A   7 1 H 0.464546 0 1
  7 378  4 78 FA_T16.jpeg A   2 0 A 0.426121 0 1
  7 379  4 79 FH_T16.jpeg H   2 0 A 0.393082 0 1
  7 380  4 80 FA_T0.jpeg A   7 1 H 0.652288 0 1
  7 381  4 81 FH_T16.jpeg H   2 0 A 1.087754 0 1
  7 382  4 82 FA_T13.jpeg A   3 0 A 0.751910 0 1
  7 383  4 83 FH_T13.jpeg H   3 0 A 9.333674 0 1
  7 384  4 84 FH_T0.jpeg H   7 1 H 1.192926 0 1
  7 385  4 85 FH_T20.jpeg H   1 0 A 0.442566 0 1
  7 386  4 86 FH_T10.jpeg H   4 1 H 1.199499 0 1
  7 387  4 87 FA_T0.jpeg A   7 0 A 0.464810 0 1
  7 388  4 88 FH_T0.jpeg H   7 1 H 0.790431 0 1
  7 389  4 89 FA_T10.jpeg A   4 1 H 0.442666 0 1
  7 390  4 90 FA_T0.jpeg A   7 1 H 0.735866 0 1
  7 391  4 91 FH_T20.jpeg H   1 0 A 0.586678 0 1
  7 392  4 92 FH_T4.jpeg H   6 1 H 7.451991 0 1
  7 393  4 93 FH_T7.jpeg H   5 1 H 0.503235 0 1
  7 394  4 94 FH_T7.jpeg H   5 1 H 0.426404 0 1
  7 395  4 95 FA_T13.jpeg A   3 1 H 0.431282 0 1
  7 396  4 96 FA_T10.jpeg A   4 1 H 0.552648 0 1
  7 397  4 97 FH_T20.jpeg H   1 0 A 0.520372 0 1
  7 398  4 98 FA_T13.jpeg A   3 0 A 1.243510 0 1
  7 399  4 99 FA_T0.jpeg A   7 1 H 1.625620 0 1
  7 400  4 100 FA_T4.jpeg A   6 1 H 2.221634 0 1
  7 401  5  1 FA_T4.jpeg A   6 1 H 1.226690 0 1
  7 402  5  2 FA_T7.jpeg A   5 1 H 0.453513 0 1
  7 403  5  3 FA_T20.jpeg A   1 0 A 0.398173 0 1
  7 404  5  4 FH_T16.jpeg H   2 0 A 0.492580 0 1
  7 405  5  5 FH_T4.jpeg H   6 1 H 0.343385 0 1
  7 406  5  6 FH_T7.jpeg H   5 1 H 0.464286 0 1
  7 407  5  7 FH_T13.jpeg H   3 0 A 0.448232 0 1
  7 408  5  8 FH_T0.jpeg H   7 1 H 0.437522 0 1
  7 409  5  9 FA_T20.jpeg A   1 0 A 0.397951 0 1
  7 410  5 10 FA_T4.jpeg A   6 1 H 0.425992 0 1
  7 411  5 11 FH_T20.jpeg H   1 0 A 0.370887 0 1
  7 412  5 12 FA_T4.jpeg A   6 1 H 0.398890 0 1
  7 413  5 13 FH_T7.jpeg H   5 0 A 0.354175 0 1
  7 414  5 14 FA_T4.jpeg A   6 1 H 0.498055 0 1
  7 415  5 15 FH_T4.jpeg H   6 1 H 0.570300 0 1
  7 416  5 16 FA_T7.jpeg A   5 1 H 3.143474 0 1
  7 417  5 17 FH_T0.jpeg H   7 1 H 0.426072 0 1
  7 418  5 18 FA_T16.jpeg A   2 0 A 0.586557 0 1
  7 419  5 19 FH_T7.jpeg H   5 1 H 11.330829 0 1
  7 420  5 20 FH_T7.jpeg H   5 1 H 0.652370 0 1
  7 421  5 21 FA_T10.jpeg A   4 1 H 1.431475 0 1
  7 422  5 22 FA_T0.jpeg A   7 1 H 0.581123 0 1
  7 423  5 23 FA_T20.jpeg A   1 0 A 0.553274 0 1
  7 424  5 24 FA_T13.jpeg A   3 0 A 0.728859 0 1
  7 425  5 25 FA_T10.jpeg A   4 0 A 0.537030 0 1
  7 426  5 26 FA_T7.jpeg A   5 1 H 0.387479 0 1
  7 427  5 27 FA_T13.jpeg A   3 1 H 0.415281 0 1
  7 428  5 28 FH_T10.jpeg H   4 0 A 0.425929 0 1
  7 429  5 29 FH_T20.jpeg H   1 0 A 0.602287 0 1
  7 430  5 30 FH_T13.jpeg H   3 0 A 0.470591 0 1
  7 431  5 31 FH_T16.jpeg H   2 0 A 0.447969 0 1
  7 432  5 32 FA_T7.jpeg A   5 1 H 0.392637 0 1
  7 433  5 33 FH_T0.jpeg H   7 1 H 0.514168 0 1
  7 434  5 34 FH_T7.jpeg H   5 1 H 0.707791 0 1
  7 435  5 35 FA_T16.jpeg A   2 0 A 0.531254 0 1
  7 436  5 36 FH_T0.jpeg H   7 1 H 0.475717 0 1
  7 437  5 37 FA_T16.jpeg A   2 0 A 5.683151 0 1
  7 438  5 38 FH_T13.jpeg H   3 0 A 0.735588 0 1
  7 439  5 39 FH_T20.jpeg H   1 0 A 0.442608 0 1
  7 440  5 40 FH_T20.jpeg H   1 0 A 0.447895 0 1
  7 441  5 41 FA_T13.jpeg A   3 0 A 15.789757 0 1
  7 442  5 42 FA_T20.jpeg A   1 0 A 0.459671 0 1
  7 443  5 43 FA_T20.jpeg A   1 0 A 0.392537 0 1
  7 444  5 44 FH_T13.jpeg H   3 0 A 0.393009 0 1
  7 445  5 45 FA_T7.jpeg A   5 0 A 0.320971 0 1
  7 446  5 46 FH_T20.jpeg H   1 0 A 0.409683 0 1
  7 447  5 47 FH_T7.jpeg H   5 1 H 0.315353 0 1
  7 448  5 48 FA_T4.jpeg A   6 1 H 0.403653 0 1
  7 449  5 49 FA_T0.jpeg A   7 1 H 0.425874 0 1
  7 450  5 50 FH_T0.jpeg H   7 1 H 0.331610 0 1
  7 451  5 51 FA_T10.jpeg A   4 1 H 0.370942 0 1
  7 452  5 52 FH_T20.jpeg H   1 0 A 0.619228 0 1
  7 453  5 53 FH_T16.jpeg H   2 0 A 0.459130 0 1
  7 454  5 54 FH_T7.jpeg H   5 1 H 7.609819 0 1
  7 455  5 55 FH_T13.jpeg H   3 0 A 0.558830 0 1
  7 456  5 56 FA_T0.jpeg A   7 1 H 0.420580 0 1
  7 457  5 57 FA_T10.jpeg A   4 1 H 0.420204 0 1
  7 458  5 58 FA_T7.jpeg A   5 1 H 0.415248 0 1
  7 459  5 59 FH_T13.jpeg H   3 0 A 0.575418 0 1
  7 460  5 60 FA_T4.jpeg A   6 1 H 4.684530 0 1
  7 461  5 61 FH_T7.jpeg H   5 1 H 0.895473 0 1
  7 462  5 62 FH_T13.jpeg H   3 0 A 0.922514 0 1
  7 463  5 63 FA_T0.jpeg A   7 1 H 0.580965 0 1
  7 464  5 64 FA_T13.jpeg A   3 0 A 4.286256 0 1
  7 465  5 65 FA_T0.jpeg A   7 1 H 0.376420 0 1
  7 466  5 66 FH_T10.jpeg H   4 0 A 0.459207 0 1
  7 467  5 67 FA_T7.jpeg A   5 1 H 0.415272 0 1
  7 468  5 68 FH_T7.jpeg H   5 1 H 0.503419 0 1
  7 469  5 69 FA_T20.jpeg A   1 0 A 0.480844 0 1
  7 470  5 70 FH_T20.jpeg H   1 0 A 0.519503 0 1
  7 471  5 71 FA_T4.jpeg A   6 1 H 0.420356 0 1
  7 472  5 72 FA_T16.jpeg A   2 0 A 0.857282 0 1
  7 473  5 73 FA_T10.jpeg A   4 1 H 9.936498 0 1
  7 474  5 74 FA_T16.jpeg A   2 0 A 0.497850 0 1
  7 475  5 75 FA_T16.jpeg A   2 0 A 0.425833 0 1
  7 476  5 76 FA_T0.jpeg A   7 1 H 0.437114 0 1
  7 477  5 77 FA_T7.jpeg A   5 0 A 0.404099 0 1
  7 478  5 78 FH_T4.jpeg H   6 1 H 0.481281 0 1
  7 479  5 79 FA_T4.jpeg A   6 1 H 0.420875 0 1
  7 480  5 80 FA_T16.jpeg A   2 0 A 0.487178 0 1
  7 481  5 81 FH_T7.jpeg H   5 1 H 0.448509 0 1
  7 482  5 82 FH_T13.jpeg H   3 0 A 0.431402 0 1
  7 483  5 83 FA_T7.jpeg A   5 1 H 0.371199 0 1
  7 484  5 84 FA_T0.jpeg A   7 1 H 0.392424 0 1
  7 485  5 85 FH_T16.jpeg H   2 0 A 0.525748 0 1
  7 486  5 86 FA_T0.jpeg A   7 0 A 15.628265 0 1
  7 487  5 87 FH_T16.jpeg H   2 0 A 0.508689 0 1
  7 488  5 88 FA_T16.jpeg A   2 0 A 0.392645 0 1
  7 489  5 89 FH_T16.jpeg H   2 0 A 0.404061 0 1
  7 490  5 90 FA_T10.jpeg A   4 1 H 0.647725 0 1
  7 491  5 91 FH_T20.jpeg H   1 0 A 0.442320 0 1
  7 492  5 92 FH_T13.jpeg H   3 0 A 0.453743 0 1
  7 493  5 93 FH_T4.jpeg H   6 1 H 0.525244 0 1
  7 494  5 94 FH_T4.jpeg H   6 1 H 0.497965 0 1
  7 495  5 95 FH_T16.jpeg H   2 0 A 0.481036 0 1
  7 496  5 96 FA_T16.jpeg A   2 0 A 1.054653 0 1
  7 497  5 97 FA_T0.jpeg A   7 1 H 11.859976 0 1
  7 498  5 98 FH_T13.jpeg H   3 0 A 0.569377 0 1
  7 499  5 99 FA_T4.jpeg A   6 1 H 1.011457 0 1
  7 500  5 100 FH_T4.jpeg H   6 1 H 9.554758 0 1
  7 501  6  1 FH_T4.jpeg H   6 1 H 0.465129 0 1
  7 502  6  2 FA_T0.jpeg A   7 1 H 0.442408 0 1
  7 503  6  3 FH_T4.jpeg H   6 1 H 0.354305 0 1
  7 504  6  4 FH_T7.jpeg H   5 1 H 0.343614 0 1
  7 505  6  5 FH_T10.jpeg H   4 1 H 0.370644 0 1
  7 506  6  6 FH_T0.jpeg H   7 1 H 0.111173 1 2
  7 507  6  7 FA_T20.jpeg A   1 0 A 0.514270 0 2
  7 508  6  8 FH_T20.jpeg H   1 0 A 0.535990 0 2
  7 509  6  9 FA_T13.jpeg A   3 0 A 0.381443 0 2
  7 510  6 10 FH_T7.jpeg H   5 1 H 0.663788 0 2
  7 511  6 11 FH_T13.jpeg H   3 0 A 0.603285 0 2
  7 512  6 12 FA_T13.jpeg A   3 0 A 0.470839 0 2
  7 513  6 13 FA_T16.jpeg A   2 0 A 0.454175 0 2
  7 514  6 14 FH_T10.jpeg H   4 0 A 0.519961 0 2
  7 515  6 15 FA_T10.jpeg A   4 0 A 13.711987 0 2
  7 516  6 16 FH_T16.jpeg H   2 0 A 0.480715 0 2
  7 517  6 17 FA_T7.jpeg A   5 1 H 0.928996 0 2
  7 518  6 18 FA_T10.jpeg A   4 1 H 0.481433 0 2
  7 519  6 19 FH_T0.jpeg H   7 1 H 0.801123 0 2
  7 520  6 20 FA_T7.jpeg A   5 1 H 0.569592 0 2
  7 521  6 21 FA_T20.jpeg A   1 0 A 10.468883 0 2
  7 522  6 22 FA_T0.jpeg A   7 1 H 2.346493 0 2
  7 523  6 23 FA_T4.jpeg A   6 1 H 0.530682 0 2
  7 524  6 24 FH_T16.jpeg H   2 0 A 0.403724 0 2
  7 525  6 25 FA_T7.jpeg A   5 1 H 0.370931 0 2
  7 526  6 26 FA_T16.jpeg A   2 0 A 0.425240 0 2
  7 527  6 27 FH_T16.jpeg H   2 0 A 0.425984 0 2
  7 528  6 28 FA_T0.jpeg A   7 1 H 0.675146 0 2
  7 529  6 29 FA_T13.jpeg A   3 0 A 0.569623 0 2
  7 530  6 30 FA_T20.jpeg A   1 0 A 0.381631 0 2
  7 531  6 31 FA_T10.jpeg A   4 1 H 0.420251 0 2
  7 532  6 32 FH_T10.jpeg H   4 0 A 0.382151 0 2
  7 533  6 33 FA_T20.jpeg A   1 0 A 0.425671 0 2
  7 534  6 34 FA_T13.jpeg A   3 0 A 0.668996 0 2
  7 535  6 35 FH_T13.jpeg H   3 0 A 12.898926 0 2
  7 536  6 36 FA_T0.jpeg A   7 1 H 0.530985 0 2
  7 537  6 37 FH_T13.jpeg H   3 0 A 0.415213 0 2
  7 538  6 38 FA_T16.jpeg A   2 0 A 0.447774 0 2
  7 539  6 39 FA_T0.jpeg A   7 1 H 0.437515 0 2
  7 540  6 40 FH_T0.jpeg H   7 1 H 0.393100 0 2
  7 541  6 41 FH_T13.jpeg H   3 0 A 0.387522 0 2
  7 542  6 42 FH_T13.jpeg H   3 0 A 0.403608 0 2
  7 543  6 43 FA_T7.jpeg A   5 1 H 0.629813 0 2
  7 544  6 44 FH_T13.jpeg H   3 0 A 0.404142 0 2
  7 545  6 45 FH_T10.jpeg H   4 0 A 0.729385 0 2
  7 546  6 46 FA_T16.jpeg A   2 0 A 0.773690 0 2
  7 547  6 47 FA_T7.jpeg A   5 1 H 6.731875 0 2
  7 548  6 48 FA_T0.jpeg A   7 0 A 0.442888 0 2
  7 549  6 49 FH_T0.jpeg H   7 1 H 0.420664 0 2
  7 550  6 50 FA_T20.jpeg A   1 0 A 0.371147 0 2
  7 551  6 51 FA_T0.jpeg A   7 1 H 0.376458 0 2
  7 552  6 52 FA_T10.jpeg A   4 1 H 0.972291 0 2
  7 553  6 53 FA_T16.jpeg A   2 0 A 0.735725 0 2
  7 554  6 54 FA_T13.jpeg A   3 0 A 0.801068 0 2
  7 555  6 55 FH_T20.jpeg H   1 0 A 0.972800 0 2
  7 556  6 56 FA_T0.jpeg A   7 1 H 1.491859 0 2
  7 557  6 57 FH_T4.jpeg H   6 1 H 7.812350 0 2
  7 558  6 58 FA_T7.jpeg A   5 1 H 0.486705 0 2
  7 559  6 59 FH_T0.jpeg H   7 1 H 0.752172 0 2
  7 560  6 60 FA_T16.jpeg A   2 0 A 3.568422 0 2
  7 561  6 61 FH_T10.jpeg H   4 0 A 0.586259 0 2
  7 562  6 62 FH_T0.jpeg H   7 1 H 0.459132 0 2
  7 563  6 63 FA_T20.jpeg A   1 0 A 0.591615 0 2
  7 564  6 64 FA_T20.jpeg A   1 0 A 0.398289 0 2
  7 565  6 65 FA_T20.jpeg A   1 0 A 0.348355 0 2
  7 566  6 66 FA_T0.jpeg A   7 1 H 0.481632 0 2
  7 567  6 67 FA_T13.jpeg A   3 0 A 0.470070 0 2
  7 568  6 68 FH_T20.jpeg H   1 1 H 0.873607 0 2
  7 569  6 69 FH_T0.jpeg H   7 1 H 7.328689 0 2
  7 570  6 70 FA_T16.jpeg A   2 0 A 0.481484 0 2
  7 571  6 71 FA_T13.jpeg A   3 0 A 0.371435 0 2
  7 572  6 72 FH_T10.jpeg H   4 0 A 0.513957 0 2
  7 573  6 73 FH_T10.jpeg H   4 0 A 0.487571 0 2
  7 574  6 74 FA_T0.jpeg A   7 1 H 0.453733 0 2
  7 575  6 75 FH_T4.jpeg H   6 1 H 0.464666 0 2
  7 576  6 76 FH_T16.jpeg H   2 0 A 0.464420 0 2
  7 577  6 77 FH_T7.jpeg H   5 1 H 1.105958 0 2
  7 578  6 78 FH_T4.jpeg H   6 1 H 8.541321 0 2
  7 579  6 79 FH_T7.jpeg H   5 1 H 0.619191 0 2
  7 580  6 80 FH_T10.jpeg H   4 1 H 0.618788 0 2
  7 581  6 81 FA_T7.jpeg A   5 1 H 0.359573 0 2
  7 582  6 82 FA_T7.jpeg A   5 1 H 1.149192 0 2
  7 583  6 83 FA_T4.jpeg A   6 1 H 1.414028 0 2
  7 584  6 84 FA_T4.jpeg A   6 1 H 0.983830 0 2
  7 585  6 85 FH_T16.jpeg H   2 0 A 0.503716 0 2
  7 586  6 86 FH_T0.jpeg H   7 1 H 0.431271 0 2
  7 587  6 87 FA_T13.jpeg A   3 0 A 0.486854 0 2
  7 588  6 88 FA_T10.jpeg A   4 1 H 0.404200 0 2
  7 589  6 89 FA_T7.jpeg A   5 1 H 0.404140 0 2
  7 590  6 90 FH_T16.jpeg H   2 0 A 0.436998 0 2
  7 591  6 91 FA_T7.jpeg A   5 1 H 0.470054 0 2
  7 592  6 92 FH_T10.jpeg H   4 1 H 0.740655 0 2
  7 593  6 93 FA_T16.jpeg A   2 0 A 0.486659 0 2
  7 594  6 94 FH_T16.jpeg H   2 0 A 11.595545 0 2
  7 595  6 95 FH_T13.jpeg H   3 0 A 0.454058 0 2
  7 596  6 96 FA_T4.jpeg A   6 1 H 0.392589 0 2
  7 597  6 97 FA_T16.jpeg A   2 0 A 0.326730 0 2
  7 598  6 98 FA_T20.jpeg A   1 0 A 0.420885 0 2
  7 599  6 99 FH_T20.jpeg H   1 0 A 0.398515 0 2
  7 600  6 100 FH_T20.jpeg H   1 0 A 0.321141 0 2
  7 601  7  1 FA_T10.jpeg A   4 1 H 0.536518 0 2
  7 602  7  2 FH_T0.jpeg H   7 1 H 0.371127 0 2
  7 603  7  3 FH_T16.jpeg H   2 0 A 0.409754 0 2
  7 604  7  4 FH_T4.jpeg H   6 1 H 0.547616 0 2
  7 605  7  5 FH_T0.jpeg H   7 1 H 0.376071 0 2
  7 606  7  6 FA_T20.jpeg A   1 0 A 9.756189 0 2
  7 607  7  7 FH_T13.jpeg H   3 0 A 0.404020 0 2
  7 608  7  8 FH_T0.jpeg H   7 1 H 0.465122 0 2
  7 609  7  9 FH_T16.jpeg H   2 0 A 0.409194 0 2
  7 610  7 10 FA_T16.jpeg A   2 0 A 0.475529 0 2
  7 611  7 11 FA_T0.jpeg A   7 1 H 9.951017 0 2
  7 612  7 12 FA_T10.jpeg A   4 1 H 0.767944 0 2
  7 613  7 13 FA_T0.jpeg A   7 1 H 0.421019 0 2
  7 614  7 14 FA_T0.jpeg A   7 1 H 0.359724 0 2
  7 615  7 15 FH_T10.jpeg H   4 1 H 0.398531 0 2
  7 616  7 16 FA_T16.jpeg A   2 0 A 8.921533 0 2
  7 617  7 17 FA_T13.jpeg A   3 0 A 0.454222 0 2
  7 618  7 18 FH_T16.jpeg H   2 0 A 0.443106 0 2
  7 619  7 19 FH_T7.jpeg H   5 0 A 0.464634 0 2
  7 620  7 20 FH_T10.jpeg H   4 0 A 0.525606 0 2
  7 621  7 21 FA_T0.jpeg A   7 1 H 0.437149 0 2
  7 622  7 22 FH_T7.jpeg H   5 0 A 0.696495 0 2
  7 623  7 23 FH_T16.jpeg H   2 0 A 0.431797 0 2
  7 624  7 24 FA_T13.jpeg A   3 0 A 0.503168 0 2
  7 625  7 25 FH_T0.jpeg H   7 1 H 0.437049 0 2
  7 626  7 26 FH_T0.jpeg H   7 1 H 1.099380 0 2
  7 627  7 27 FH_T20.jpeg H   1 0 A 12.888986 0 2
  7 628  7 28 FH_T4.jpeg H   6 1 H 0.746943 0 2
  7 629  7 29 FA_T10.jpeg A   4 0 A 0.464078 0 2
  7 630  7 30 FA_T10.jpeg A   4 1 H 0.602166 0 2
  7 631  7 31 FA_T10.jpeg A   4 1 H 0.519972 0 2
  7 632  7 32 FH_T20.jpeg H   1 0 A 0.636094 0 2
  7 633  7 33 FA_T7.jpeg A   5 1 H 0.514381 0 2
  7 634  7 34 FH_T0.jpeg H   7 1 H 0.422069 0 2
  7 635  7 35 FA_T13.jpeg A   3 1 H 7.043440 0 2
  7 636  7 36 FH_T20.jpeg H   1 0 A 1.016225 0 2
  7 637  7 37 FH_T7.jpeg H   5 1 H 0.652535 0 2
  7 638  7 38 FH_T4.jpeg H   6 1 H 0.409177 0 2
  7 639  7 39 FA_T20.jpeg A   1 0 A 0.426121 0 2
  7 640  7 40 FA_T7.jpeg A   5 1 H 0.354087 0 2
  7 641  7 41 FA_T20.jpeg A   1 0 A 15.590918 0 2
  7 642  7 42 FH_T10.jpeg H   4 0 A 0.795482 0 2
  7 643  7 43 FH_T7.jpeg H   5 1 H 0.371010 0 2
  7 644  7 44 FH_T0.jpeg H   7 1 H 0.365447 0 2
  7 645  7 45 FA_T13.jpeg A   3 1 H 0.442399 0 2
  7 646  7 46 FA_T7.jpeg A   5 1 H 0.464676 0 2
  7 647  7 47 FA_T20.jpeg A   1 0 A 0.376595 0 2
  7 648  7 48 FA_T4.jpeg A   6 1 H 0.464692 0 2
  7 649  7 49 FH_T20.jpeg H   1 0 A 0.603513 0 2
  7 650  7 50 FH_T4.jpeg H   6 1 H 0.795498 0 2
  7 651  7 51 FA_T7.jpeg A   5 0 A 8.576656 0 2
  7 652  7 52 FA_T13.jpeg A   3 1 H 0.674355 0 2
  7 653  7 53 FH_T4.jpeg H   6 1 H 0.536703 0 2
  7 654  7 54 FH_T13.jpeg H   3 0 A 0.923133 0 2
  7 655  7 55 FA_T4.jpeg A   6 1 H 2.343904 0 2
  7 656  7 56 FA_T10.jpeg A   4 1 H 0.475561 0 2
  7 657  7 57 FH_T13.jpeg H   3 0 A 0.497090 0 2
  7 658  7 58 FA_T0.jpeg A   7 1 H 0.392732 0 2
  7 659  7 59 FA_T16.jpeg A   2 0 A 0.436917 0 2
  7 660  7 60 FH_T10.jpeg H   4 0 A 0.568920 0 2
  7 661  7 61 FH_T10.jpeg H   4 0 A 1.100341 0 2
  7 662  7 62 FA_T20.jpeg A   1 0 A 12.247467 0 2
  7 663  7 63 FH_T4.jpeg H   6 1 H 0.525226 0 2
  7 664  7 64 FA_T7.jpeg A   5 1 H 0.381993 0 2
  7 665  7 65 FH_T16.jpeg H   2 0 A 0.431573 0 2
  7 666  7 66 FA_T20.jpeg A   1 0 A 0.437606 0 2
  7 667  7 67 FA_T10.jpeg A   4 1 H 0.464429 0 2
  7 668  7 68 FA_T10.jpeg A   4 1 H 0.514691 0 2
  7 669  7 69 FA_T10.jpeg A   4 1 H 0.403585 0 2
  7 670  7 70 FA_T4.jpeg A   6 1 H 0.393070 0 2
  7 671  7 71 FH_T16.jpeg H   2 0 A 0.425807 0 2
  7 672  7 72 FH_T16.jpeg H   2 0 A 0.768065 0 2
  7 673  7 73 FH_T20.jpeg H   1 0 A 8.183526 0 2
  7 674  7 74 FA_T10.jpeg A   4 1 H 0.508500 0 2
  7 675  7 75 FH_T20.jpeg H   1 0 A 0.508835 0 2
  7 676  7 76 FH_T20.jpeg H   1 0 A 0.524758 0 2
  7 677  7 77 FH_T7.jpeg H   5 1 H 0.514494 0 2
  7 678  7 78 FH_T7.jpeg H   5 1 H 19.828100 0 2
  7 679  7 79 FH_T7.jpeg H   5 1 H 0.509060 0 2
  7 680  7 80 FA_T20.jpeg A   1 0 A 0.420803 0 2
  7 681  7 81 FH_T13.jpeg H   3 0 A 0.487146 0 2
  7 682  7 82 FH_T10.jpeg H   4 0 A 1.403721 0 2
  7 683  7 83 FA_T7.jpeg A   5 1 H 0.807210 0 2
  7 684  7 84 FA_T0.jpeg A   7 1 H 0.458817 0 2
  7 685  7 85 FH_T20.jpeg H   1 0 A 0.883824 0 2
  7 686  7 86 FH_T4.jpeg H   6 1 H 0.497097 0 2
  7 687  7 87 FH_T7.jpeg H   5 1 H 0.773702 0 2
  7 688  7 88 FA_T13.jpeg A   3 1 H 0.768674 0 2
  7 689  7 89 FA_T7.jpeg A   5 1 H 0.569268 0 2
  7 690  7 90 FA_T20.jpeg A   1 0 A 0.414674 0 2
  7 691  7 91 FA_T20.jpeg A   1 1 H 0.475319 0 2
  7 692  7 92 FH_T16.jpeg H   2 0 A 0.426031 0 2
  7 693  7 93 FH_T16.jpeg H   2 0 A 0.476103 0 2
  7 694  7 94 FA_T20.jpeg A   1 0 A 0.481343 0 2
  7 695  7 95 FH_T16.jpeg H   2 0 A 1.365414 0 2
  7 696  7 96 FA_T13.jpeg A   3 0 A 0.811744 0 2
  7 697  7 97 FH_T16.jpeg H   2 0 A 0.487093 0 2
  7 698  7 98 FH_T4.jpeg H   6 1 H 0.381954 0 2
  7 699  7 99 FH_T7.jpeg H   5 1 H 0.431628 0 2
  7 700  7 100 FA_T10.jpeg A   4 0 A 0.470601 0 2
