 27   1  1  1 FA_T10.jpeg A   4 1 H 4.064000 0 0
 27   2  1  2 FA_T4.jpeg A   6 1 H 2.101136 0 0
 27   3  1  3 FA_T4.jpeg A   6 1 H 1.535066 0 0
 27   4  1  4 FH_T10.jpeg H   4 1 H 2.576082 0 0
 27   5  1  5 FH_T16.jpeg H   2 0 A 0.993085 0 0
 27   6  1  6 FH_T20.jpeg H   1 0 A 0.740745 0 0
 27   7  1  7 FH_T10.jpeg H   4 1 H 3.321698 0 0
 27   8  1  8 FH_T7.jpeg H   5 1 H 0.865410 0 0
 27   9  1  9 FA_T7.jpeg A   5 1 H 0.619013 0 0
 27  10  1 10 FA_T7.jpeg A   5 1 H 0.485165 0 0
 27  11  1 11 FH_T0.jpeg H   7 1 H 0.930070 0 0
 27  12  1 12 FH_T10.jpeg H   4 1 H 1.996941 0 0
 27  13  1 13 FA_T13.jpeg A   3 1 H 2.671441 0 0
 27  14  1 14 FH_T4.jpeg H   6 1 H 0.784938 0 0
 27  15  1 15 FH_T10.jpeg H   4 1 H 1.200573 0 0
 27  16  1 16 FA_T7.jpeg A   5 1 H 0.934823 0 0
 27  17  1 17 FA_T7.jpeg A   5 1 H 0.554736 0 0
 27  18  1 18 FH_T7.jpeg H   5 1 H 0.456242 0 0
 27  19  1 19 FA_T4.jpeg A   6 1 H 0.716141 0 0
 27  20  1 20 FA_T10.jpeg A   4 1 H 0.647240 0 0
 27  21  1 21 FA_T10.jpeg A   4 1 H 0.583257 0 0
 27  22  1 22 FA_T13.jpeg A   3 1 H 3.753842 0 0
 27  23  1 23 FH_T7.jpeg H   5 1 H 0.745425 0 0
 27  24  1 24 FH_T7.jpeg H   5 1 H 0.641787 0 0
 27  25  1 25 FH_T0.jpeg H   7 1 H 0.445199 0 0
 27  26  1 26 FH_T7.jpeg H   5 1 H 0.526519 0 0
 27  27  1 27 FH_T13.jpeg H   3 1 H 1.912534 0 0
 27  28  1 28 FA_T10.jpeg A   4 1 H 0.710705 0 0
 27  29  1 29 FA_T20.jpeg A   1 0 A 0.624275 0 0
 27  30  1 30 FH_T16.jpeg H   2 0 A 0.693241 0 0
 27  31  1 31 FH_T16.jpeg H   2 0 A 0.762417 0 0
 27  32  1 32 FA_T4.jpeg A   6 1 H 0.647146 0 0
 27  33  1 33 FH_T20.jpeg H   1 0 A 0.555227 0 0
 27  34  1 34 FA_T20.jpeg A   1 0 A 0.595847 0 0
 27  35  1 35 FH_T16.jpeg H   2 0 A 0.946777 0 0
 27  36  1 36 FH_T10.jpeg H   4 1 H 0.760251 0 0
 27  37  1 37 FA_T4.jpeg A   6 1 H 0.617444 0 0
 27  38  1 38 FH_T13.jpeg H   3 1 H 1.131789 0 0
 27  39  1 39 FH_T4.jpeg H   6 1 H 0.628946 0 0
 27  40  1 40 FA_T10.jpeg A   4 1 H 0.405230 0 0
 27  41  1 41 FH_T4.jpeg H   6 1 H 0.468115 0 0
 27  42  1 42 FH_T16.jpeg H   2 0 A 0.647553 0 0
 27  43  1 43 FA_T4.jpeg A   6 1 H 0.468792 0 0
 27  44  1 44 FH_T0.jpeg H   7 1 H 0.491807 0 0
 27  45  1 45 FH_T4.jpeg H   6 1 H 0.480298 0 0
 27  46  1 46 FH_T0.jpeg H   7 1 H 0.445926 0 0
 27  47  1 47 FA_T0.jpeg A   7 1 H 0.457056 0 0
 27  48  1 48 FA_T10.jpeg A   4 1 H 0.508947 0 0
 27  49  1 49 FH_T4.jpeg H   6 1 H 0.405425 0 0
 27  50  1 50 FH_T10.jpeg H   4 1 H 0.849394 0 0
 27  51  1 51 FH_T4.jpeg H   6 1 H 0.422194 0 0
 27  52  1 52 FA_T10.jpeg A   4 1 H 0.214464 0 0
 27  53  1 53 FA_T16.jpeg A   2 1 H 0.479768 0 0
 27  54  1 54 FH_T20.jpeg H   1 0 A 0.686698 0 0
 27  55  1 55 FA_T16.jpeg A   2 0 A 1.003914 0 0
 27  56  1 56 FA_T7.jpeg A   5 1 H 0.616600 0 0
 27  57  1 57 FA_T20.jpeg A   1 0 A 0.530747 0 0
 27  58  1 58 FA_T16.jpeg A   2 0 A 0.659096 0 0
 27  59  1 59 FH_T20.jpeg H   1 0 A 0.606297 0 0
 27  60  1 60 FA_T13.jpeg A   3 1 H 0.738699 0 0
 27  61  1 61 FH_T4.jpeg H   6 1 H 0.796150 0 0
 27  62  1 62 FH_T4.jpeg H   6 1 H 0.445276 0 0
 27  63  1 63 FA_T20.jpeg A   1 0 A 0.479773 0 0
 27  64  1 64 FH_T0.jpeg H   7 1 H 0.518823 0 0
 27  65  1 65 FH_T10.jpeg H   4 1 H 0.847625 0 0
 27  66  1 66 FH_T0.jpeg H   7 1 H 0.687888 0 0
 27  67  1 67 FA_T4.jpeg A   6 1 H 0.646702 0 0
 27  68  1 68 FA_T13.jpeg A   3 1 H 1.376194 0 0
 27  69  1 69 FH_T16.jpeg H   2 0 A 0.630819 0 0
 27  70  1 70 FH_T10.jpeg H   4 1 H 0.687758 0 0
 27  71  1 71 FH_T20.jpeg H   1 0 A 0.444632 0 0
 27  72  1 72 FA_T20.jpeg A   1 0 A 0.594253 0 0
 27  73  1 73 FA_T0.jpeg A   7 1 H 0.554432 0 0
 27  74  1 74 FH_T20.jpeg H   1 0 A 0.490370 0 0
 27  75  1 75 FH_T13.jpeg H   3 1 H 1.371088 0 0
 27  76  1 76 FH_T13.jpeg H   3 1 H 0.716700 0 0
 27  77  1 77 FH_T16.jpeg H   2 0 A 0.709162 0 0
 27  78  1 78 FH_T13.jpeg H   3 0 A 0.525411 0 0
 27  79  1 79 FH_T7.jpeg H   5 1 H 0.739548 0 0
 27  80  1 80 FA_T7.jpeg A   5 1 H 0.536467 0 0
 27  81  1 81 FH_T7.jpeg H   5 1 H 0.537475 0 0
 27  82  1 82 FH_T13.jpeg H   3 0 A 3.831707 0 0
 27  83  1 83 FA_T20.jpeg A   1 0 A 1.290885 0 0
 27  84  1 84 FA_T20.jpeg A   1 0 A 1.158943 0 0
 27  85  1 85 FA_T16.jpeg A   2 0 A 1.083419 0 0
 27  86  1 86 FA_T0.jpeg A   7 1 H 1.896568 0 0
 27  87  1 87 FH_T16.jpeg H   2 0 A 0.531953 0 0
 27  88  1 88 FA_T16.jpeg A   2 0 A 0.491271 0 0
 27  89  1 89 FH_T7.jpeg H   5 1 H 1.716177 0 0
 27  90  1 90 FA_T10.jpeg A   4 1 H 0.584796 0 0
 27  91  1 91 FH_T4.jpeg H   6 1 H 0.619127 0 0
 27  92  1 92 FH_T16.jpeg H   2 0 A 2.207594 0 0
 27  93  1 93 FA_T20.jpeg A   1 0 A 0.657952 0 0
 27  94  1 94 FH_T20.jpeg H   1 0 A 0.536234 0 0
 27  95  1 95 FA_T13.jpeg A   3 1 H 1.827808 0 0
 27  96  1 96 FA_T10.jpeg A   4 1 H 3.411015 0 0
 27  97  1 97 FH_T7.jpeg H   5 1 H 2.662289 0 0
 27  98  1 98 FA_T13.jpeg A   3 1 H 4.672050 0 0
 27  99  1 99 FH_T4.jpeg H   6 1 H 0.720909 0 0
 27 100  1 100 FH_T10.jpeg H   4 1 H 0.646677 0 0
 27 101  2  1 FH_T20.jpeg H   1 0 A 1.413539 0 0
 27 102  2  2 FA_T7.jpeg A   5 1 H 0.433431 0 0
 27 103  2  3 FH_T10.jpeg H   4 1 H 0.525428 0 0
 27 104  2  4 FA_T7.jpeg A   5 1 H 0.490896 0 0
 27 105  2  5 FA_T0.jpeg A   7 1 H 0.519544 0 0
 27 106  2  6 FA_T16.jpeg A   2 0 A 0.606436 0 0
 27 107  2  7 FA_T16.jpeg A   2 0 A 0.705348 0 0
 27 108  2  8 FH_T10.jpeg H   4 0 A 0.428584 0 0
 27 109  2  9 FA_T0.jpeg A   7 1 H 0.491170 0 0
 27 110  2 10 FH_T16.jpeg H   2 0 A 0.537086 0 0
 27 111  2 11 FH_T7.jpeg H   5 1 H 0.618075 0 0
 27 112  2 12 FH_T20.jpeg H   1 0 A 0.474111 0 0
 27 113  2 13 FH_T10.jpeg H   4 1 H 0.688198 0 0
 27 114  2 14 FH_T4.jpeg H   6 1 H 0.468043 0 0
 27 115  2 15 FH_T0.jpeg H   7 1 H 0.549045 0 0
 27 116  2 16 FH_T16.jpeg H   2 0 A 0.480448 0 0
 27 117  2 17 FA_T4.jpeg A   6 1 H 0.502407 0 0
 27 118  2 18 FA_T13.jpeg A   3 1 H 1.356378 0 0
 27 119  2 19 FA_T10.jpeg A   4 1 H 0.536549 0 0
 27 120  2 20 FA_T10.jpeg A   4 1 H 0.578582 0 0
 27 121  2 21 FH_T4.jpeg H   6 1 H 0.491892 0 0
 27 122  2 22 FH_T13.jpeg H   3 1 H 1.385030 0 0
 27 123  2 23 FA_T0.jpeg A   7 1 H 0.543653 0 0
 27 124  2 24 FA_T4.jpeg A   6 1 H 0.468013 0 0
 27 125  2 25 FA_T7.jpeg A   5 1 H 0.376347 0 0
 27 126  2 26 FA_T13.jpeg A   3 1 H 0.387508 0 0
 27 127  2 27 FA_T7.jpeg A   5 1 H 0.485305 0 0
 27 128  2 28 FA_T0.jpeg A   7 1 H 0.520813 0 0
 27 129  2 29 FH_T20.jpeg H   1 0 A 0.451620 0 0
 27 130  2 30 FH_T20.jpeg H   1 0 A 0.555109 0 0
 27 131  2 31 FH_T7.jpeg H   5 1 H 0.699679 0 0
 27 132  2 32 FA_T4.jpeg A   6 1 H 0.514313 0 0
 27 133  2 33 FH_T20.jpeg H   1 0 A 0.664777 0 0
 27 134  2 34 FA_T7.jpeg A   5 1 H 0.658210 0 0
 27 135  2 35 FA_T4.jpeg A   6 1 H 0.589272 0 0
 27 136  2 36 FA_T0.jpeg A   7 1 H 0.785463 0 0
 27 137  2 37 FH_T7.jpeg H   5 1 H 0.550214 0 0
 27 138  2 38 FA_T4.jpeg A   6 1 H 0.726678 0 0
 27 139  2 39 FA_T20.jpeg A   1 0 A 0.895657 0 0
 27 140  2 40 FA_T20.jpeg A   1 0 A 0.549639 0 0
 27 141  2 41 FA_T10.jpeg A   4 1 H 1.153768 0 0
 27 142  2 42 FA_T16.jpeg A   2 0 A 0.912479 0 0
 27 143  2 43 FH_T13.jpeg H   3 0 A 0.889804 0 0
 27 144  2 44 FH_T4.jpeg H   6 1 H 3.323464 0 0
 27 145  2 45 FA_T10.jpeg A   4 1 H 5.352084 0 0
 27 146  2 46 FH_T16.jpeg H   2 0 A 0.745323 0 0
 27 147  2 47 FH_T13.jpeg H   3 0 A 0.700023 0 0
 27 148  2 48 FH_T0.jpeg H   7 1 H 0.468260 0 0
 27 149  2 49 FA_T7.jpeg A   5 1 H 0.520659 0 0
 27 150  2 50 FH_T4.jpeg H   6 1 H 0.439307 0 0
 27 151  2 51 FA_T20.jpeg A   1 0 A 0.716250 0 0
 27 152  2 52 FA_T13.jpeg A   3 0 A 1.155120 0 0
 27 153  2 53 FH_T0.jpeg H   7 1 H 0.497830 0 0
 27 154  2 54 FH_T7.jpeg H   5 1 H 0.503324 0 0
 27 155  2 55 FH_T4.jpeg H   6 1 H 0.445334 0 0
 27 156  2 56 FA_T0.jpeg A   7 1 H 0.468778 0 0
 27 157  2 57 FH_T20.jpeg H   1 0 A 0.514335 0 0
 27 158  2 58 FA_T13.jpeg A   3 1 H 0.422442 0 0
 27 159  2 59 FH_T4.jpeg H   6 1 H 0.583262 0 0
 27 160  2 60 FH_T4.jpeg H   6 1 H 0.461966 0 0
 27 161  2 61 FA_T0.jpeg A   7 1 H 0.854957 0 0
 27 162  2 62 FA_T13.jpeg A   3 1 H 0.964650 0 0
 27 163  2 63 FH_T10.jpeg H   4 1 H 0.623727 0 0
 27 164  2 64 FH_T7.jpeg H   5 1 H 0.600540 0 0
 27 165  2 65 FA_T4.jpeg A   6 1 H 0.491244 0 0
 27 166  2 66 FA_T20.jpeg A   1 0 A 0.589772 0 0
 27 167  2 67 FA_T13.jpeg A   3 1 H 0.682300 0 0
 27 168  2 68 FH_T0.jpeg H   7 1 H 0.554691 0 0
 27 169  2 69 FH_T4.jpeg H   6 1 H 0.462440 0 0
 27 170  2 70 FH_T0.jpeg H   7 1 H 0.393280 0 0
 27 171  2 71 FH_T16.jpeg H   2 0 A 0.617683 0 0
 27 172  2 72 FA_T4.jpeg A   6 1 H 0.549298 0 0
 27 173  2 73 FH_T13.jpeg H   3 0 A 3.631902 0 0
 27 174  2 74 FA_T10.jpeg A   4 1 H 0.895133 0 0
 27 175  2 75 FA_T0.jpeg A   7 1 H 0.658238 0 0
 27 176  2 76 FH_T16.jpeg H   2 0 A 0.565939 0 0
 27 177  2 77 FH_T13.jpeg H   3 0 A 0.682130 0 0
 27 178  2 78 FA_T20.jpeg A   1 0 A 0.881985 0 0
 27 179  2 79 FA_T10.jpeg A   4 1 H 0.767957 0 0
 27 180  2 80 FA_T10.jpeg A   4 1 H 0.582826 0 0
 27 181  2 81 FA_T13.jpeg A   3 1 H 0.560446 0 0
 27 182  2 82 FA_T13.jpeg A   3 1 H 0.762330 0 0
 27 183  2 83 FA_T16.jpeg A   2 0 A 1.068952 0 0
 27 184  2 84 FH_T7.jpeg H   5 1 H 0.738705 0 0
 27 185  2 85 FH_T0.jpeg H   7 1 H 0.688129 0 0
 27 186  2 86 FH_T10.jpeg H   4 1 H 0.739218 0 0
 27 187  2 87 FA_T7.jpeg A   5 1 H 0.588605 0 0
 27 188  2 88 FH_T10.jpeg H   4 1 H 1.057172 0 0
 27 189  2 89 FH_T0.jpeg H   7 1 H 0.532076 0 0
 27 190  2 90 FA_T10.jpeg A   4 1 H 0.623867 0 0
 27 191  2 91 FH_T20.jpeg H   1 0 A 0.537980 0 0
 27 192  2 92 FH_T20.jpeg H   1 0 A 0.624260 0 0
 27 193  2 93 FH_T20.jpeg H   1 0 A 0.652884 0 0
 27 194  2 94 FA_T16.jpeg A   2 0 A 0.670547 0 0
 27 195  2 95 FH_T16.jpeg H   2 0 A 0.492439 0 0
 27 196  2 96 FA_T16.jpeg A   2 0 A 0.745617 0 0
 27 197  2 97 FH_T13.jpeg H   3 0 A 0.613232 0 0
 27 198  2 98 FA_T13.jpeg A   3 0 A 1.015526 0 0
 27 199  2 99 FH_T20.jpeg H   1 0 A 0.538067 0 0
 27 200  2 100 FA_T4.jpeg A   6 1 H 0.785500 0 0
 27 201  3  1 FA_T20.jpeg A   1 0 A 1.095641 0 0
 27 202  3  2 FA_T20.jpeg A   1 0 A 0.889037 0 0
 27 203  3  3 FH_T0.jpeg H   7 1 H 1.021373 0 0
 27 204  3  4 FA_T13.jpeg A   3 0 A 2.248093 0 0
 27 205  3  5 FA_T16.jpeg A   2 0 A 1.292387 0 0
 27 206  3  6 FH_T13.jpeg H   3 0 A 1.390577 0 0
 27 207  3  7 FA_T0.jpeg A   7 1 H 1.173952 0 0
 27 208  3  8 FA_T16.jpeg A   2 0 A 0.542685 0 0
 27 209  3  9 FA_T4.jpeg A   6 1 H 1.124440 0 0
 27 210  3 10 FH_T0.jpeg H   7 1 H 1.273003 0 0
 27 211  3 11 FH_T13.jpeg H   3 0 A 5.468839 0 0
 27 212  3 12 FA_T16.jpeg A   2 0 A 18.189408 0 0
 27 213  3 13 FH_T0.jpeg H   7 1 H 0.968189 0 0
 27 214  3 14 FA_T4.jpeg A   6 1 H 0.468111 0 0
 27 215  3 15 FA_T10.jpeg A   4 1 H 0.478930 0 0
 27 216  3 16 FA_T13.jpeg A   3 1 H 0.501434 0 0
 27 217  3 17 FA_T13.jpeg A   3 0 A 0.812375 0 0
 27 218  3 18 FA_T7.jpeg A   5 1 H 0.577212 0 0
 27 219  3 19 FA_T0.jpeg A   7 1 H 0.537071 0 0
 27 220  3 20 FH_T20.jpeg H   1 0 A 0.473094 0 0
 27 221  3 21 FA_T13.jpeg A   3 1 H 1.267138 0 0
 27 222  3 22 FA_T0.jpeg A   7 1 H 0.513530 0 0
 27 223  3 23 FH_T0.jpeg H   7 1 H 0.479367 0 0
 27 224  3 24 FH_T16.jpeg H   2 0 A 0.600816 0 0
 27 225  3 25 FA_T10.jpeg A   4 1 H 0.749644 0 0
 27 226  3 26 FH_T16.jpeg H   2 0 A 0.507993 0 0
 27 227  3 27 FA_T20.jpeg A   1 0 A 0.513596 0 0
 27 228  3 28 FH_T7.jpeg H   5 1 H 0.519606 0 0
 27 229  3 29 FH_T13.jpeg H   3 0 A 0.399412 0 0
 27 230  3 30 FA_T4.jpeg A   6 1 H 0.359513 0 0
 27 231  3 31 FA_T20.jpeg A   1 0 A 0.450170 0 0
 27 232  3 32 FA_T10.jpeg A   4 1 H 0.791996 0 0
 27 233  3 33 FH_T20.jpeg H   1 0 A 0.496433 0 0
 27 234  3 34 FA_T0.jpeg A   7 1 H 0.444999 0 0
 27 235  3 35 FH_T20.jpeg H   1 0 A 0.426480 0 0
 27 236  3 36 FH_T7.jpeg H   5 1 H 0.652053 0 0
 27 237  3 37 FH_T20.jpeg H   1 0 A 32.806429 0 0
 27 238  3 38 FH_T7.jpeg H   5 1 H 1.415681 0 0
 27 239  3 39 FA_T16.jpeg A   2 0 A 0.697952 0 0
 27 240  3 40 FA_T0.jpeg A   7 1 H 1.079321 0 0
 27 241  3 41 FH_T16.jpeg H   2 0 A 4.517447 0 0
 27 242  3 42 FH_T7.jpeg H   5 1 H 1.315152 0 0
 27 243  3 43 FA_T7.jpeg A   5 1 H 17.579661 0 0
 27 244  3 44 FA_T4.jpeg A   6 1 H 0.646472 0 0
 27 245  3 45 FH_T4.jpeg H   6 1 H 0.456394 0 0
 27 246  3 46 FH_T13.jpeg H   3 1 H 0.721135 0 0
 27 247  3 47 FH_T0.jpeg H   7 1 H 0.485588 0 0
 27 248  3 48 FH_T16.jpeg H   2 1 H 1.188224 0 0
 27 249  3 49 FA_T16.jpeg A   2 1 H 0.450668 0 0
 27 250  3 50 FA_T7.jpeg A   5 1 H 0.606127 0 0
 27 251  3 51 FA_T4.jpeg A   6 1 H 0.467441 0 0
 27 252  3 52 FA_T0.jpeg A   7 1 H 0.461660 0 0
 27 253  3 53 FA_T7.jpeg A   5 1 H 0.630104 0 0
 27 254  3 54 FH_T4.jpeg H   6 1 H 0.523820 0 0
 27 255  3 55 FH_T10.jpeg H   4 1 H 0.456992 0 0
 27 256  3 56 FH_T0.jpeg H   7 1 H 0.393168 0 0
 27 257  3 57 FH_T13.jpeg H   3 1 H 0.560443 0 0
 27 258  3 58 FA_T13.jpeg A   3 1 H 0.335906 0 0
 27 259  3 59 FA_T0.jpeg A   7 1 H 0.330087 0 0
 27 260  3 60 FA_T13.jpeg A   3 1 H 0.247871 0 0
 27 261  3 61 FA_T4.jpeg A   6 1 H 0.312391 0 0
 27 262  3 62 FA_T0.jpeg A   7 1 H 0.260696 0 0
 27 263  3 63 FH_T10.jpeg H   4 1 H 0.226320 0 0
 27 264  3 64 FH_T20.jpeg H   1 1 H 0.209160 0 0
 27 265  3 65 FH_T7.jpeg H   5 1 H 0.392317 0 0
 27 266  3 66 FA_T0.jpeg A   7 1 H 0.353096 0 0
 27 267  3 67 FA_T0.jpeg A   7 1 H 0.277349 0 0
 27 268  3 68 FH_T13.jpeg H   3 1 H 0.243668 0 0
 27 269  3 69 FH_T4.jpeg H   6 1 H 0.335664 0 0
 27 270  3 70 FH_T13.jpeg H   3 1 H 1.308064 0 0
 27 271  3 71 FA_T16.jpeg A   2 0 A 0.514397 0 0
 27 272  3 72 FA_T20.jpeg A   1 0 A 0.386541 0 0
 27 273  3 73 FA_T7.jpeg A   5 1 H 0.453821 0 0
 27 274  3 74 FA_T20.jpeg A   1 0 A 0.508149 0 0
 27 275  3 75 FH_T0.jpeg H   7 1 H 0.576052 0 0
 27 276  3 76 FH_T10.jpeg H   4 1 H 0.703949 0 0
 27 277  3 77 FH_T20.jpeg H   1 0 A 0.612239 0 0
 27 278  3 78 FA_T20.jpeg A   1 0 A 0.525251 0 0
 27 279  3 79 FA_T10.jpeg A   4 1 H 0.541940 0 0
 27 280  3 80 FA_T13.jpeg A   3 1 H 0.428563 0 0
 27 281  3 81 FA_T16.jpeg A   2 0 A 0.715923 0 0
 27 282  3 82 FA_T4.jpeg A   6 1 H 0.508100 0 0
 27 283  3 83 FA_T0.jpeg A   7 1 H 0.445492 0 0
 27 284  3 84 FH_T13.jpeg H   3 1 H 1.738311 0 0
 27 285  3 85 FH_T10.jpeg H   4 1 H 0.713991 0 0
 27 286  3 86 FA_T16.jpeg A   2 0 A 0.576609 0 0
 27 287  3 87 FH_T7.jpeg H   5 1 H 0.421687 0 0
 27 288  3 88 FH_T4.jpeg H   6 1 H 0.652671 0 0
 27 289  3 89 FH_T4.jpeg H   6 1 H 0.415095 0 0
 27 290  3 90 FA_T10.jpeg A   4 1 H 0.473490 0 0
 27 291  3 91 FH_T4.jpeg H   6 1 H 0.560755 0 0
 27 292  3 92 FH_T10.jpeg H   4 1 H 0.553822 0 0
 27 293  3 93 FA_T10.jpeg A   4 1 H 1.285784 0 0
 27 294  3 94 FA_T7.jpeg A   5 1 H 20.454613 0 0
 27 295  3 95 FA_T7.jpeg A   5 1 H 0.427053 0 0
 27 296  3 96 FH_T20.jpeg H   1 0 A 1.180988 0 0
 27 297  3 97 FA_T13.jpeg A   3 1 H 0.486318 0 0
 27 298  3 98 FA_T20.jpeg A   1 0 A 1.259807 0 0
 27 299  3 99 FH_T0.jpeg H   7 1 H 0.397558 0 0
 27 300  3 100 FA_T7.jpeg A   5 1 H 0.334446 0 0
 27 301  4  1 FA_T7.jpeg A   5 1 H 0.908543 0 0
 27 302  4  2 FA_T20.jpeg A   1 0 A 0.427553 0 0
 27 303  4  3 FA_T13.jpeg A   3 1 H 0.330048 0 0
 27 304  4  4 FA_T20.jpeg A   1 0 A 0.335359 0 0
 27 305  4  5 FH_T10.jpeg H   4 1 H 0.358978 0 0
 27 306  4  6 FA_T4.jpeg A   6 1 H 0.410676 0 0
 27 307  4  7 FH_T7.jpeg H   5 1 H 0.307034 0 0
 27 308  4  8 FA_T7.jpeg A   5 1 H 0.376117 0 0
 27 309  4  9 FA_T20.jpeg A   1 0 A 0.370649 0 0
 27 310  4 10 FA_T4.jpeg A   6 1 H 0.358002 0 0
 27 311  4 11 FA_T4.jpeg A   6 1 H 0.340556 0 0
 27 312  4 12 FA_T7.jpeg A   5 1 H 0.358877 0 0
 27 313  4 13 FH_T13.jpeg H   3 0 A 0.417242 0 0
 27 314  4 14 FH_T7.jpeg H   5 1 H 0.485004 0 0
 27 315  4 15 FA_T4.jpeg A   6 1 H 0.490871 0 0
 27 316  4 16 FA_T4.jpeg A   6 1 H 0.323982 0 0
 27 317  4 17 FA_T10.jpeg A   4 1 H 0.329590 0 0
 27 318  4 18 FH_T0.jpeg H   7 1 H 0.449648 0 0
 27 319  4 19 FH_T7.jpeg H   5 1 H 0.634318 0 0
 27 320  4 20 FH_T10.jpeg H   4 1 H 0.351779 0 0
 27 321  4 21 FA_T20.jpeg A   1 0 A 0.698727 0 0
 27 322  4 22 FH_T16.jpeg H   2 0 A 0.386386 0 0
 27 323  4 23 FH_T0.jpeg H   7 1 H 0.387124 0 0
 27 324  4 24 FA_T0.jpeg A   7 1 H 0.547269 0 0
 27 325  4 25 FA_T7.jpeg A   5 1 H 0.370139 0 0
 27 326  4 26 FH_T16.jpeg H   2 0 A 0.468755 0 0
 27 327  4 27 FH_T0.jpeg H   7 1 H 0.306632 0 0
 27 328  4 28 FA_T7.jpeg A   5 1 H 0.317196 0 0
 27 329  4 29 FH_T20.jpeg H   1 0 A 0.375296 0 0
 27 330  4 30 FA_T13.jpeg A   3 1 H 0.335363 0 0
 27 331  4 31 FH_T7.jpeg H   5 1 H 0.299426 0 0
 27 332  4 32 FA_T13.jpeg A   3 1 H 0.393651 0 0
 27 333  4 33 FA_T7.jpeg A   5 1 H 0.306576 0 0
 27 334  4 34 FA_T16.jpeg A   2 1 H 0.363799 0 0
 27 335  4 35 FA_T13.jpeg A   3 1 H 0.526477 0 0
 27 336  4 36 FA_T10.jpeg A   4 1 H 0.428670 0 0
 27 337  4 37 FH_T10.jpeg H   4 1 H 0.369392 0 0
 27 338  4 38 FH_T13.jpeg H   3 1 H 1.758532 0 0
 27 339  4 39 FH_T7.jpeg H   5 1 H 0.369985 0 0
 27 340  4 40 FH_T0.jpeg H   7 1 H 0.393210 0 0
 27 341  4 41 FA_T10.jpeg A   4 1 H 0.323621 0 0
 27 342  4 42 FA_T0.jpeg A   7 1 H 0.369262 0 0
 27 343  4 43 FA_T0.jpeg A   7 1 H 0.381231 0 0
 27 344  4 44 FH_T10.jpeg H   4 1 H 0.576121 0 0
 27 345  4 45 FA_T20.jpeg A   1 0 A 0.485751 0 0
 27 346  4 46 FH_T20.jpeg H   1 0 A 0.415887 0 0
 27 347  4 47 FA_T10.jpeg A   4 1 H 0.427080 0 0
 27 348  4 48 FH_T10.jpeg H   4 1 H 0.715057 0 0
 27 349  4 49 FA_T7.jpeg A   5 1 H 1.059595 0 0
 27 350  4 50 FH_T13.jpeg H   3 0 A 0.847712 0 0
 27 351  4 51 FA_T16.jpeg A   2 0 A 0.874442 0 0
 27 352  4 52 FH_T16.jpeg H   2 0 A 0.449627 0 0
 27 353  4 53 FH_T13.jpeg H   3 0 A 0.386962 0 0
 27 354  4 54 FA_T20.jpeg A   1 0 A 0.473132 0 0
 27 355  4 55 FH_T7.jpeg H   5 1 H 0.593877 0 0
 27 356  4 56 FH_T13.jpeg H   3 0 A 0.467858 0 0
 27 357  4 57 FA_T10.jpeg A   4 1 H 0.979487 0 0
 27 358  4 58 FA_T16.jpeg A   2 0 A 0.473864 0 0
 27 359  4 59 FH_T4.jpeg H   6 1 H 0.409707 0 0
 27 360  4 60 FA_T16.jpeg A   2 0 A 0.479525 0 0
 27 361  4 61 FH_T16.jpeg H   2 0 A 0.490755 0 0
 27 362  4 62 FA_T13.jpeg A   3 1 H 0.760892 0 0
 27 363  4 63 FA_T7.jpeg A   5 1 H 0.646596 0 0
 27 364  4 64 FA_T7.jpeg A   5 1 H 0.559256 0 0
 27 365  4 65 FA_T7.jpeg A   5 1 H 0.805138 0 0
 27 366  4 66 FA_T20.jpeg A   1 0 A 0.628057 0 0
 27 367  4 67 FA_T13.jpeg A   3 1 H 0.929003 0 0
 27 368  4 68 FH_T10.jpeg H   4 1 H 0.742884 0 0
 27 369  4 69 FA_T0.jpeg A   7 1 H 0.473382 0 0
 27 370  4 70 FA_T13.jpeg A   3 1 H 0.646460 0 0
 27 371  4 71 FH_T13.jpeg H   3 1 H 0.496293 0 0
 27 372  4 72 FA_T4.jpeg A   6 1 H 0.421546 0 0
 27 373  4 73 FH_T4.jpeg H   6 1 H 0.369465 0 0
 27 374  4 74 FH_T4.jpeg H   6 1 H 0.535857 0 0
 27 375  4 75 FH_T13.jpeg H   3 1 H 0.403439 0 0
 27 376  4 76 FH_T7.jpeg H   5 1 H 0.450873 0 0
 27 377  4 77 FH_T16.jpeg H   2 1 H 0.496593 0 0
 27 378  4 78 FH_T20.jpeg H   1 0 A 0.433086 0 0
 27 379  4 79 FH_T20.jpeg H   1 0 A 0.328950 0 0
 27 380  4 80 FH_T4.jpeg H   6 1 H 0.421704 0 0
 27 381  4 81 FH_T0.jpeg H   7 1 H 0.421601 0 0
 27 382  4 82 FH_T10.jpeg H   4 1 H 0.404985 0 0
 27 383  4 83 FA_T13.jpeg A   3 1 H 0.675262 0 0
 27 384  4 84 FA_T4.jpeg A   6 1 H 0.530014 0 0
 27 385  4 85 FA_T10.jpeg A   4 1 H 0.582805 0 0
 27 386  4 86 FH_T0.jpeg H   7 1 H 0.738833 0 0
 27 387  4 87 FH_T13.jpeg H   3 1 H 0.502880 0 0
 27 388  4 88 FA_T7.jpeg A   5 1 H 0.365027 0 0
 27 389  4 89 FA_T4.jpeg A   6 1 H 0.351701 0 0
 27 390  4 90 FH_T4.jpeg H   6 1 H 0.381387 0 0
 27 391  4 91 FA_T7.jpeg A   5 1 H 0.456376 0 0
 27 392  4 92 FA_T4.jpeg A   6 1 H 0.324171 0 0
 27 393  4 93 FA_T0.jpeg A   7 1 H 0.313009 0 0
 27 394  4 94 FA_T7.jpeg A   5 1 H 0.330202 0 0
 27 395  4 95 FH_T4.jpeg H   6 1 H 0.266573 0 0
 27 396  4 96 FH_T16.jpeg H   2 1 H 0.307058 0 0
 27 397  4 97 FH_T10.jpeg H   4 1 H 0.565230 0 0
 27 398  4 98 FH_T20.jpeg H   1 1 H 0.322874 0 0
 27 399  4 99 FH_T0.jpeg H   7 1 H 0.438581 0 0
 27 400  4 100 FH_T20.jpeg H   1 0 A 1.192611 0 0
 27 401  5  1 FA_T10.jpeg A   4 1 H 1.652354 0 0
 27 402  5  2 FH_T10.jpeg H   4 1 H 4.725674 0 0
 27 403  5  3 FH_T10.jpeg H   4 1 H 0.915604 0 0
 27 404  5  4 FH_T10.jpeg H   4 1 H 23.386934 0 0
 27 405  5  5 FA_T7.jpeg A   5 1 H 16.013829 0 0
 27 406  5  6 FH_T10.jpeg H   4 1 H 0.403596 0 0
 27 407  5  7 FA_T0.jpeg A   7 1 H 0.416002 0 0
 27 408  5  8 FH_T10.jpeg H   4 1 H 0.399478 0 0
 27 409  5  9 FH_T0.jpeg H   7 1 H 0.405007 0 0
 27 410  5 10 FH_T0.jpeg H   7 1 H 0.318136 0 0
 27 411  5 11 FH_T16.jpeg H   2 1 H 0.254439 0 0
 27 412  5 12 FA_T20.jpeg A   1 0 A 0.520161 0 0
 27 413  5 13 FH_T10.jpeg H   4 1 H 0.503562 0 0
 27 414  5 14 FA_T4.jpeg A   6 1 H 0.456550 0 0
 27 415  5 15 FH_T0.jpeg H   7 1 H 0.530899 0 0
 27 416  5 16 FH_T13.jpeg H   3 1 H 0.478527 0 0
 27 417  5 17 FA_T20.jpeg A   1 0 A 0.537051 0 0
 27 418  5 18 FH_T16.jpeg H   2 0 A 0.514388 0 0
 27 419  5 19 FH_T7.jpeg H   5 1 H 0.364690 0 0
 27 420  5 20 FA_T10.jpeg A   4 1 H 0.416624 0 0
 27 421  5 21 FA_T4.jpeg A   6 1 H 0.306515 0 0
 27 422  5 22 FH_T16.jpeg H   2 0 A 0.508755 0 0
 27 423  5 23 FA_T20.jpeg A   1 0 A 0.491240 0 0
 27 424  5 24 FH_T13.jpeg H   3 1 H 0.725235 0 0
 27 425  5 25 FA_T0.jpeg A   7 1 H 0.467526 0 0
 27 426  5 26 FA_T7.jpeg A   5 1 H 0.485287 0 0
 27 427  5 27 FH_T0.jpeg H   7 1 H 0.456607 0 0
 27 428  5 28 FA_T13.jpeg A   3 1 H 0.324641 0 0
 27 429  5 29 FH_T4.jpeg H   6 1 H 0.329956 0 0
 27 430  5 30 FA_T7.jpeg A   5 1 H 0.283599 0 0
 27 431  5 31 FA_T4.jpeg A   6 1 H 0.318059 0 0
 27 432  5 32 FA_T16.jpeg A   2 0 A 0.623818 0 0
 27 433  5 33 FH_T7.jpeg H   5 1 H 0.462385 0 0
 27 434  5 34 FA_T16.jpeg A   2 1 H 0.272035 0 0
 27 435  5 35 FH_T16.jpeg H   2 0 A 0.559388 0 0
 27 436  5 36 FH_T16.jpeg H   2 0 A 0.485334 0 0
 27 437  5 37 FA_T16.jpeg A   2 0 A 0.468643 0 0
 27 438  5 38 FH_T0.jpeg H   7 1 H 0.376227 0 0
 27 439  5 39 FH_T20.jpeg H   1 0 A 0.480087 0 0
 27 440  5 40 FH_T0.jpeg H   7 1 H 0.300289 0 0
 27 441  5 41 FH_T4.jpeg H   6 1 H 0.490937 0 0
 27 442  5 42 FH_T13.jpeg H   3 0 A 0.784552 0 0
 27 443  5 43 FH_T13.jpeg H   3 0 A 0.599621 0 0
 27 444  5 44 FH_T13.jpeg H   3 0 A 0.646613 0 0
 27 445  5 45 FA_T7.jpeg A   5 1 H 0.572175 0 0
 27 446  5 46 FH_T13.jpeg H   3 0 A 0.461631 0 0
 27 447  5 47 FA_T16.jpeg A   2 0 A 0.501898 0 0
 27 448  5 48 FA_T0.jpeg A   7 1 H 0.473059 0 0
 27 449  5 49 FH_T16.jpeg H   2 0 A 0.416466 0 0
 27 450  5 50 FH_T20.jpeg H   1 0 A 0.485472 0 0
 27 451  5 51 FA_T10.jpeg A   4 0 A 0.439645 0 0
 27 452  5 52 FH_T13.jpeg H   3 0 A 1.767667 0 0
 27 453  5 53 FH_T13.jpeg H   3 0 A 20.938149 0 0
 27 454  5 54 FH_T0.jpeg H   7 1 H 1.021778 0 0
 27 455  5 55 FH_T20.jpeg H   1 0 A 1.047578 0 0
 27 456  5 56 FA_T7.jpeg A   5 1 H 0.994464 0 0
 27 457  5 57 FA_T0.jpeg A   7 1 H 0.386444 0 0
 27 458  5 58 FA_T10.jpeg A   4 1 H 0.405140 0 0
 27 459  5 59 FA_T0.jpeg A   7 1 H 0.501763 0 0
 27 460  5 60 FH_T13.jpeg H   3 0 A 0.489712 0 0
 27 461  5 61 FH_T7.jpeg H   5 1 H 0.410431 0 0
 27 462  5 62 FH_T4.jpeg H   6 1 H 0.439340 0 0
 27 463  5 63 FA_T0.jpeg A   7 1 H 0.352866 0 0
 27 464  5 64 FH_T4.jpeg H   6 1 H 0.312344 0 0
 27 465  5 65 FH_T20.jpeg H   1 1 H 0.335090 0 0
 27 466  5 66 FA_T4.jpeg A   6 1 H 0.480021 0 0
 27 467  5 67 FA_T4.jpeg A   6 1 H 0.363805 0 0
 27 468  5 68 FH_T10.jpeg H   4 1 H 0.549021 0 0
 27 469  5 69 FA_T16.jpeg A   2 0 A 0.467690 0 0
 27 470  5 70 FA_T13.jpeg A   3 1 H 0.351979 0 0
 27 471  5 71 FH_T16.jpeg H   2 0 A 0.489431 0 0
 27 472  5 72 FH_T20.jpeg H   1 0 A 0.467324 0 0
 27 473  5 73 FH_T13.jpeg H   3 1 H 0.722841 0 0
 27 474  5 74 FH_T0.jpeg H   7 1 H 0.483830 0 0
 27 475  5 75 FH_T13.jpeg H   3 0 A 0.502798 0 0
 27 476  5 76 FA_T7.jpeg A   5 1 H 0.347055 0 0
 27 477  5 77 FA_T20.jpeg A   1 0 A 0.553854 0 0
 27 478  5 78 FA_T10.jpeg A   4 1 H 0.479597 0 0
 27 479  5 79 FA_T0.jpeg A   7 1 H 0.467818 0 0
 27 480  5 80 FH_T10.jpeg H   4 1 H 0.467100 0 0
 27 481  5 81 FH_T13.jpeg H   3 0 A 0.819548 0 0
 27 482  5 82 FH_T16.jpeg H   2 0 A 0.612114 0 0
 27 483  5 83 FA_T4.jpeg A   6 1 H 0.443789 0 0
 27 484  5 84 FA_T13.jpeg A   3 1 H 0.474161 0 0
 27 485  5 85 FA_T16.jpeg A   2 1 H 0.445411 0 0
 27 486  5 86 FH_T0.jpeg H   7 1 H 0.478035 0 0
 27 487  5 87 FH_T20.jpeg H   1 0 A 0.553686 0 0
 27 488  5 88 FA_T0.jpeg A   7 1 H 0.369566 0 0
 27 489  5 89 FH_T20.jpeg H   1 0 A 0.635823 0 0
 27 490  5 90 FA_T4.jpeg A   6 1 H 1.036704 0 0
 27 491  5 91 FA_T4.jpeg A   6 1 H 0.779491 0 0
 27 492  5 92 FH_T16.jpeg H   2 0 A 0.553827 0 0
 27 493  5 93 FA_T13.jpeg A   3 1 H 0.523659 0 0
 27 494  5 94 FA_T0.jpeg A   7 1 H 0.456516 0 0
 27 495  5 95 FH_T16.jpeg H   2 0 A 0.456175 0 0
 27 496  5 96 FA_T16.jpeg A   2 0 A 0.461134 0 0
 27 497  5 97 FH_T16.jpeg H   2 0 A 0.508191 0 0
 27 498  5 98 FH_T10.jpeg H   4 1 H 0.668143 0 0
 27 499  5 99 FH_T20.jpeg H   1 0 A 0.317419 0 0
 27 500  5 100 FA_T13.jpeg A   3 1 H 0.312638 0 0
 27 501  6  1 FH_T20.jpeg H   1 0 A 0.479354 0 0
 27 502  6  2 FA_T20.jpeg A   1 0 A 0.468547 0 0
 27 503  6  3 FA_T4.jpeg A   6 1 H 0.433689 0 0
 27 504  6  4 FH_T20.jpeg H   1 0 A 0.276570 0 0
 27 505  6  5 FA_T13.jpeg A   3 1 H 0.317540 0 0
 27 506  6  6 FH_T0.jpeg H   7 1 H 0.456530 0 0
 27 507  6  7 FH_T7.jpeg H   5 1 H 0.352089 0 0
 27 508  6  8 FH_T4.jpeg H   6 1 H 0.300612 0 0
 27 509  6  9 FH_T4.jpeg H   6 1 H 0.266407 0 0
 27 510  6 10 FA_T10.jpeg A   4 1 H 0.283782 0 0
 27 511  6 11 FA_T0.jpeg A   7 1 H 0.265720 0 0
 27 512  6 12 FH_T4.jpeg H   6 1 H 0.312886 0 0
 27 513  6 13 FH_T20.jpeg H   1 1 H 0.266293 0 0
 27 514  6 14 FH_T7.jpeg H   5 1 H 0.323739 0 0
 27 515  6 15 FA_T0.jpeg A   7 1 H 0.462066 0 0
 27 516  6 16 FH_T10.jpeg H   4 1 H 0.399251 0 0
 27 517  6 17 FA_T7.jpeg A   5 1 H 0.363859 0 0
 27 518  6 18 FH_T4.jpeg H   6 1 H 0.341399 0 0
 27 519  6 19 FA_T10.jpeg A   4 1 H 0.295070 0 0
 27 520  6 20 FH_T4.jpeg H   6 1 H 0.294620 0 0
 27 521  6 21 FA_T10.jpeg A   4 1 H 0.398529 0 0
 27 522  6 22 FA_T20.jpeg A   1 1 H 0.347785 0 0
 27 523  6 23 FA_T16.jpeg A   2 1 H 0.398554 0 0
 27 524  6 24 FH_T7.jpeg H   5 1 H 0.433512 0 0
 27 525  6 25 FH_T0.jpeg H   7 1 H 0.416607 0 0
 27 526  6 26 FA_T16.jpeg A   2 1 H 0.001405 1 1
 27 527  6 27 FA_T10.jpeg A   4 1 H 0.582352 0 1
 27 528  6 28 FA_T4.jpeg A   6 1 H 0.471651 0 1
 27 529  6 29 FA_T13.jpeg A   3 1 H 0.493952 0 1
 27 530  6 30 FA_T20.jpeg A   1 0 A 0.592590 0 1
 27 531  6 31 FH_T10.jpeg H   4 1 H 0.373149 0 1
 27 532  6 32 FH_T0.jpeg H   7 1 H 0.453558 0 1
 27 533  6 33 FA_T16.jpeg A   2 0 A 0.465501 0 1
 27 534  6 34 FA_T16.jpeg A   2 0 A 0.424245 0 1
 27 535  6 35 FA_T16.jpeg A   2 0 A 0.366072 0 1
 27 536  6 36 FA_T0.jpeg A   7 1 H 0.395576 0 1
 27 537  6 37 FH_T4.jpeg H   6 1 H 0.419786 0 1
 27 538  6 38 FA_T13.jpeg A   3 1 H 0.522745 0 1
 27 539  6 39 FH_T7.jpeg H   5 1 H 0.383315 0 1
 27 540  6 40 FA_T20.jpeg A   1 0 A 0.448216 0 1
 27 541  6 41 FA_T0.jpeg A   7 1 H 0.348397 0 1
 27 542  6 42 FA_T7.jpeg A   5 0 A 0.226947 0 1
 27 543  6 43 FH_T16.jpeg H   2 0 A 0.406829 0 1
 27 544  6 44 FH_T7.jpeg H   5 1 H 0.350064 0 1
 27 545  6 45 FA_T13.jpeg A   3 1 H 0.377894 0 1
 27 546  6 46 FA_T7.jpeg A   5 1 H 0.378800 0 1
 27 547  6 47 FA_T20.jpeg A   1 0 A 0.384027 0 1
 27 548  6 48 FH_T0.jpeg H   7 1 H 0.262913 0 1
 27 549  6 49 FH_T4.jpeg H   6 1 H 0.319830 0 1
 27 550  6 50 FH_T13.jpeg H   3 0 A 0.464864 0 1
 27 551  6 51 FH_T16.jpeg H   2 1 H 0.268062 0 1
 27 552  6 52 FH_T7.jpeg H   5 1 H 0.378867 0 1
 27 553  6 53 FA_T20.jpeg A   1 0 A 0.395656 0 1
 27 554  6 54 FA_T0.jpeg A   7 1 H 0.284850 0 1
 27 555  6 55 FH_T13.jpeg H   3 0 A 0.308791 0 1
 27 556  6 56 FA_T0.jpeg A   7 0 A 0.320122 0 1
 27 557  6 57 FH_T16.jpeg H   2 0 A 0.418736 0 1
 27 558  6 58 FA_T7.jpeg A   5 1 H 0.447626 0 1
 27 559  6 59 FH_T0.jpeg H   7 1 H 0.395879 0 1
 27 560  6 60 FH_T20.jpeg H   1 0 A 0.430261 0 1
 27 561  6 61 FA_T16.jpeg A   2 0 A 0.395531 0 1
 27 562  6 62 FA_T4.jpeg A   6 1 H 0.464717 0 1
 27 563  6 63 FA_T13.jpeg A   3 1 H 0.563935 0 1
 27 564  6 64 FA_T7.jpeg A   5 1 H 0.396368 0 1
 27 565  6 65 FA_T16.jpeg A   2 0 A 0.401723 0 1
 27 566  6 66 FA_T4.jpeg A   6 1 H 0.384129 0 1
 27 567  6 67 FA_T20.jpeg A   1 0 A 0.390602 0 1
 27 568  6 68 FH_T16.jpeg H   2 0 A 0.366930 0 1
 27 569  6 69 FH_T10.jpeg H   4 0 A 0.313886 0 1
 27 570  6 70 FA_T16.jpeg A   2 0 A 0.344066 0 1
 27 571  6 71 FA_T7.jpeg A   5 1 H 0.337114 0 1
 27 572  6 72 FH_T16.jpeg H   2 0 A 0.453281 0 1
 27 573  6 73 FH_T7.jpeg H   5 1 H 0.349330 0 1
 27 574  6 74 FA_T16.jpeg A   2 0 A 0.401666 0 1
 27 575  6 75 FH_T10.jpeg H   4 1 H 0.314548 0 1
 27 576  6 76 FH_T4.jpeg H   6 0 A 0.366443 0 1
 27 577  6 77 FA_T16.jpeg A   2 0 A 0.430785 0 1
 27 578  6 78 FA_T20.jpeg A   1 0 A 0.407813 0 1
 27 579  6 79 FH_T10.jpeg H   4 1 H 0.378702 0 1
 27 580  6 80 FA_T4.jpeg A   6 1 H 0.459173 0 1
 27 581  6 81 FH_T4.jpeg H   6 1 H 0.384380 0 1
 27 582  6 82 FA_T16.jpeg A   2 0 A 1.045608 0 1
 27 583  6 83 FH_T10.jpeg H   4 1 H 0.471734 0 1
 27 584  6 84 FH_T7.jpeg H   5 1 H 0.412916 0 1
 27 585  6 85 FA_T0.jpeg A   7 1 H 0.383868 0 1
 27 586  6 86 FA_T16.jpeg A   2 1 H 0.274361 0 1
 27 587  6 87 FH_T0.jpeg H   7 1 H 0.331473 0 1
 27 588  6 88 FA_T16.jpeg A   2 0 A 0.406970 0 1
 27 589  6 89 FA_T10.jpeg A   4 1 H 0.343011 0 1
 27 590  6 90 FH_T10.jpeg H   4 1 H 0.523016 0 1
 27 591  6 91 FA_T16.jpeg A   2 0 A 0.732296 0 1
 27 592  6 92 FA_T16.jpeg A   2 0 A 0.481555 0 1
 27 593  6 93 FH_T13.jpeg H   3 0 A 0.488327 0 1
 27 594  6 94 FA_T13.jpeg A   3 0 A 0.593787 0 1
 27 595  6 95 FA_T20.jpeg A   1 0 A 0.570390 0 1
 27 596  6 96 FH_T13.jpeg H   3 0 A 3.646526 0 1
 27 597  6 97 FA_T10.jpeg A   4 1 H 13.240606 0 1
 27 598  6 98 FH_T7.jpeg H   5 1 H 0.493805 0 1
 27 599  6 99 FA_T4.jpeg A   6 1 H 15.672491 0 1
 27 600  6 100 FH_T10.jpeg H   4 1 H 0.378842 0 1
 27 601  7  1 FH_T7.jpeg H   5 1 H 0.407386 0 1
 27 602  7  2 FH_T20.jpeg H   1 0 A 0.976274 0 1
 27 603  7  3 FA_T0.jpeg A   7 1 H 0.366431 0 1
 27 604  7  4 FH_T16.jpeg H   2 0 A 0.907023 0 1
 27 605  7  5 FH_T4.jpeg H   6 1 H 0.406806 0 1
 27 606  7  6 FH_T20.jpeg H   1 0 A 0.802802 0 1
 27 607  7  7 FA_T20.jpeg A   1 0 A 0.959664 0 1
 27 608  7  8 FA_T16.jpeg A   2 0 A 9.665613 0 1
 27 609  7  9 FH_T13.jpeg H   3 0 A 0.784310 0 1
 27 610  7 10 FH_T7.jpeg H   5 1 H 0.453238 0 1
 27 611  7 11 FH_T13.jpeg H   3 0 A 0.418858 0 1
 27 612  7 12 FH_T16.jpeg H   2 1 H 0.227222 0 1
 27 613  7 13 FA_T10.jpeg A   4 1 H 0.331655 0 1
 27 614  7 14 FA_T13.jpeg A   3 1 H 0.389674 0 1
 27 615  7 15 FA_T4.jpeg A   6 1 H 0.325484 0 1
 27 616  7 16 FA_T0.jpeg A   7 1 H 0.315041 0 1
 27 617  7 17 FA_T13.jpeg A   3 1 H 0.349635 0 1
 27 618  7 18 FA_T20.jpeg A   1 1 H 0.373214 0 1
 27 619  7 19 FA_T20.jpeg A   1 0 A 0.517253 0 1
 27 620  7 20 FA_T13.jpeg A   3 1 H 0.355126 0 1
 27 621  7 21 FA_T0.jpeg A   7 1 H 0.378669 0 1
 27 622  7 22 FA_T13.jpeg A   3 1 H 0.436142 0 1
 27 623  7 23 FA_T0.jpeg A   7 1 H 0.453606 0 1
 27 624  7 24 FH_T13.jpeg H   3 1 H 0.808134 0 1
 27 625  7 25 FA_T10.jpeg A   4 1 H 0.465865 0 1
 27 626  7 26 FH_T16.jpeg H   2 0 A 0.720556 0 1
 27 627  7 27 FH_T0.jpeg H   7 1 H 0.569886 0 1
 27 628  7 28 FA_T7.jpeg A   5 1 H 0.406731 0 1
 27 629  7 29 FH_T16.jpeg H   2 0 A 0.611077 0 1
 27 630  7 30 FH_T0.jpeg H   7 1 H 0.367467 0 1
 27 631  7 31 FH_T4.jpeg H   6 1 H 0.366731 0 1
 27 632  7 32 FH_T10.jpeg H   4 1 H 0.349883 0 1
 27 633  7 33 FH_T13.jpeg H   3 1 H 0.586559 0 1
 27 634  7 34 FA_T10.jpeg A   4 1 H 0.477593 0 1
 27 635  7 35 FA_T20.jpeg A   1 0 A 0.459726 0 1
 27 636  7 36 FA_T10.jpeg A   4 1 H 0.541724 0 1
 27 637  7 37 FH_T16.jpeg H   2 0 A 0.494084 0 1
 27 638  7 38 FA_T20.jpeg A   1 0 A 0.725995 0 1
 27 639  7 39 FH_T0.jpeg H   7 1 H 0.389567 0 1
 27 640  7 40 FH_T4.jpeg H   6 1 H 0.402144 0 1
 27 641  7 41 FH_T16.jpeg H   2 0 A 0.448284 0 1
 27 642  7 42 FH_T7.jpeg H   5 1 H 0.431255 0 1
 27 643  7 43 FH_T7.jpeg H   5 1 H 0.390800 0 1
 27 644  7 44 FA_T20.jpeg A   1 0 A 0.651389 0 1
 27 645  7 45 FH_T20.jpeg H   1 0 A 0.650762 0 1
 27 646  7 46 FH_T13.jpeg H   3 0 A 0.546917 0 1
 27 647  7 47 FA_T4.jpeg A   6 1 H 0.464790 0 1
 27 648  7 48 FA_T20.jpeg A   1 0 A 0.395599 0 1
 27 649  7 49 FH_T10.jpeg H   4 1 H 0.371950 0 1
 27 650  7 50 FH_T16.jpeg H   2 0 A 0.401646 0 1
 27 651  7 51 FH_T7.jpeg H   5 1 H 0.354934 0 1
 27 652  7 52 FH_T4.jpeg H   6 1 H 0.407503 0 1
 27 653  7 53 FA_T4.jpeg A   6 1 H 0.593062 0 1
 27 654  7 54 FA_T10.jpeg A   4 1 H 0.366409 0 1
 27 655  7 55 FH_T20.jpeg H   1 0 A 0.459855 0 1
 27 656  7 56 FA_T20.jpeg A   1 0 A 0.453574 0 1
 27 657  7 57 FH_T4.jpeg H   6 1 H 0.384106 0 1
 27 658  7 58 FH_T7.jpeg H   5 1 H 0.383483 0 1
 27 659  7 59 FA_T4.jpeg A   6 1 H 0.482957 0 1
 27 660  7 60 FH_T10.jpeg H   4 1 H 0.470762 0 1
 27 661  7 61 FH_T20.jpeg H   1 0 A 0.425035 0 1
 27 662  7 62 FA_T20.jpeg A   1 0 A 0.488765 0 1
 27 663  7 63 FA_T0.jpeg A   7 1 H 0.395616 0 1
 27 664  7 64 FH_T20.jpeg H   1 0 A 0.476443 0 1
 27 665  7 65 FA_T13.jpeg A   3 1 H 0.384501 0 1
 27 666  7 66 FH_T10.jpeg H   4 1 H 0.563840 0 1
 27 667  7 67 FA_T10.jpeg A   4 1 H 0.431015 0 1
 27 668  7 68 FA_T13.jpeg A   3 1 H 0.442693 0 1
 27 669  7 69 FH_T0.jpeg H   7 1 H 0.373212 0 1
 27 670  7 70 FA_T10.jpeg A   4 1 H 0.424820 0 1
 27 671  7 71 FA_T10.jpeg A   4 1 H 0.401591 0 1
 27 672  7 72 FA_T0.jpeg A   7 1 H 0.360660 0 1
 27 673  7 73 FH_T0.jpeg H   7 1 H 0.320505 0 1
 27 674  7 74 FH_T7.jpeg H   5 1 H 0.308755 0 1
 27 675  7 75 FA_T7.jpeg A   5 1 H 0.221386 0 1
 27 676  7 76 FA_T7.jpeg A   5 1 H 0.302446 0 1
 27 677  7 77 FH_T7.jpeg H   5 1 H 0.332086 0 1
 27 678  7 78 FA_T13.jpeg A   3 1 H 0.274341 0 1
 27 679  7 79 FA_T13.jpeg A   3 1 H 0.511525 0 1
 27 680  7 80 FH_T16.jpeg H   2 0 A 0.505520 0 1
 27 681  7 81 FA_T16.jpeg A   2 0 A 0.337008 0 1
 27 682  7 82 FH_T7.jpeg H   5 1 H 0.505665 0 1
 27 683  7 83 FA_T16.jpeg A   2 0 A 0.396402 0 1
 27 684  7 84 FH_T13.jpeg H   3 0 A 0.698059 0 1
 27 685  7 85 FA_T10.jpeg A   4 1 H 0.523943 0 1
 27 686  7 86 FH_T16.jpeg H   2 0 A 0.634269 0 1
 27 687  7 87 FH_T0.jpeg H   7 1 H 0.360216 0 1
 27 688  7 88 FA_T10.jpeg A   4 1 H 0.430551 0 1
 27 689  7 89 FH_T20.jpeg H   1 0 A 0.390042 0 1
 27 690  7 90 FA_T16.jpeg A   2 0 A 0.493941 0 1
 27 691  7 91 FA_T16.jpeg A   2 0 A 0.431184 0 1
 27 692  7 92 FH_T0.jpeg H   7 1 H 0.319550 0 1
 27 693  7 93 FH_T4.jpeg H   6 1 H 0.348596 0 1
 27 694  7 94 FA_T0.jpeg A   7 1 H 0.343036 0 1
 27 695  7 95 FH_T10.jpeg H   4 0 A 0.343278 0 1
 27 696  7 96 FA_T4.jpeg A   6 1 H 0.465329 0 1
 27 697  7 97 FH_T7.jpeg H   5 1 H 0.616845 0 1
 27 698  7 98 FA_T7.jpeg A   5 1 H 0.389238 0 1
 27 699  7 99 FH_T20.jpeg H   1 0 A 0.424936 0 1
 27 700  7 100 FH_T4.jpeg H   6 1 H 0.541161 0 1
