  6   1  1  1 FH_T0.jpeg H   7 1 H 2.502238 0 0
  6   2  1  2 FH_T16.jpeg H   2 0 A 1.117284 0 0
  6   3  1  3 FH_T13.jpeg H   3 0 A 1.171757 0 0
  6   4  1  4 FH_T20.jpeg H   1 0 A 0.918108 0 0
  6   5  1  5 FH_T0.jpeg H   7 1 H 0.818098 0 0
  6   6  1  6 FH_T7.jpeg H   5 1 H 2.751566 0 0
  6   7  1  7 FH_T10.jpeg H   4 0 A 1.194281 0 0
  6   8  1  8 FH_T10.jpeg H   4 0 A 2.387479 0 0
  6   9  1  9 FA_T0.jpeg A   7 1 H 0.780000 0 0
  6  10  1 10 FA_T20.jpeg A   1 0 A 0.918274 0 0
  6  11  1 11 FH_T4.jpeg H   6 1 H 1.416061 0 0
  6  12  1 12 FA_T16.jpeg A   2 0 A 0.978902 0 0
  6  13  1 13 FH_T10.jpeg H   4 1 H 15.799963 0 0
  6  14  1 14 FA_T7.jpeg A   5 1 H 1.376943 0 0
  6  15  1 15 FH_T20.jpeg H   1 0 A 0.780211 0 0
  6  16  1 16 FA_T16.jpeg A   2 0 A 1.095029 0 0
  6  17  1 17 FA_T13.jpeg A   3 0 A 2.648177 0 0
  6  18  1 18 FH_T4.jpeg H   6 1 H 1.123539 0 0
  6  19  1 19 FH_T10.jpeg H   4 1 H 4.935853 0 0
  6  20  1 20 FA_T10.jpeg A   4 1 H 1.636298 0 0
  6  21  1 21 FH_T10.jpeg H   4 1 H 3.443969 0 0
  6  22  1 22 FA_T10.jpeg A   4 1 H 1.239123 0 0
  6  23  1 23 FA_T20.jpeg A   1 0 A 0.779476 0 0
  6  24  1 24 FH_T13.jpeg H   3 0 A 1.205348 0 0
  6  25  1 25 FH_T10.jpeg H   4 1 H 3.337725 0 0
  6  26  1 26 FA_T16.jpeg A   2 0 A 0.642236 0 0
  6  27  1 27 FH_T20.jpeg H   1 0 A 0.752322 0 0
  6  28  1 28 FA_T4.jpeg A   6 1 H 0.642154 0 0
  6  29  1 29 FA_T0.jpeg A   7 1 H 0.663732 0 0
  6  30  1 30 FA_T10.jpeg A   4 1 H 1.289043 0 0
  6  31  1 31 FH_T0.jpeg H   7 1 H 0.635739 0 0
  6  32  1 32 FA_T16.jpeg A   2 0 A 0.751506 0 0
  6  33  1 33 FA_T16.jpeg A   2 0 A 0.586290 0 0
  6  34  1 34 FA_T16.jpeg A   2 0 A 0.681106 0 0
  6  35  1 35 FH_T7.jpeg H   5 1 H 1.034241 0 0
  6  36  1 36 FH_T16.jpeg H   2 0 A 0.978012 0 0
  6  37  1 37 FH_T16.jpeg H   2 0 A 0.802813 0 0
  6  38  1 38 FH_T4.jpeg H   6 1 H 1.836463 0 0
  6  39  1 39 FH_T10.jpeg H   4 1 H 5.214664 0 0
  6  40  1 40 FA_T0.jpeg A   7 1 H 0.757453 0 0
  6  41  1 41 FH_T7.jpeg H   5 1 H 0.774149 0 0
  6  42  1 42 FA_T10.jpeg A   4 1 H 1.088882 0 0
  6  43  1 43 FH_T10.jpeg H   4 1 H 0.813197 0 0
  6  44  1 44 FH_T4.jpeg H   6 1 H 0.812751 0 0
  6  45  1 45 FH_T16.jpeg H   2 0 A 1.060453 0 0
  6  46  1 46 FH_T20.jpeg H   1 0 A 0.531368 0 0
  6  47  1 47 FH_T16.jpeg H   2 0 A 1.028961 0 0
  6  48  1 48 FH_T0.jpeg H   7 1 H 0.879417 0 0
  6  49  1 49 FH_T0.jpeg H   7 1 H 0.691650 0 0
  6  50  1 50 FA_T13.jpeg A   3 0 A 6.032973 0 0
  6  51  1 51 FH_T10.jpeg H   4 1 H 6.852792 0 0
  6  52  1 52 FH_T7.jpeg H   5 1 H 1.134447 0 0
  6  53  1 53 FA_T20.jpeg A   1 0 A 0.619874 0 0
  6  54  1 54 FA_T20.jpeg A   1 0 A 0.619565 0 0
  6  55  1 55 FH_T13.jpeg H   3 0 A 2.127201 0 0
  6  56  1 56 FH_T20.jpeg H   1 0 A 0.608243 0 0
  6  57  1 57 FA_T10.jpeg A   4 1 H 1.034515 0 0
  6  58  1 58 FA_T0.jpeg A   7 1 H 0.890121 0 0
  6  59  1 59 FH_T13.jpeg H   3 0 A 1.328589 0 0
  6  60  1 60 FH_T13.jpeg H   3 0 A 1.492424 0 0
  6  61  1 61 FH_T16.jpeg H   2 0 A 2.635450 0 0
  6  62  1 62 FA_T10.jpeg A   4 1 H 3.085885 0 0
  6  63  1 63 FA_T7.jpeg A   5 1 H 1.161127 0 0
  6  64  1 64 FH_T10.jpeg H   4 1 H 1.405331 0 0
  6  65  1 65 FA_T20.jpeg A   1 0 A 0.514379 0 0
  6  66  1 66 FA_T4.jpeg A   6 1 H 0.569836 0 0
  6  67  1 67 FH_T7.jpeg H   5 1 H 0.973351 0 0
  6  68  1 68 FA_T13.jpeg A   3 0 A 2.066425 0 0
  6  69  1 69 FH_T16.jpeg H   2 0 A 0.907283 0 0
  6  70  1 70 FH_T16.jpeg H   2 0 A 0.653199 0 0
  6  71  1 71 FA_T4.jpeg A   6 1 H 1.835851 0 0
  6  72  1 72 FH_T13.jpeg H   3 0 A 1.172472 0 0
  6  73  1 73 FH_T4.jpeg H   6 1 H 0.714158 0 0
  6  74  1 74 FA_T13.jpeg A   3 0 A 0.824146 0 0
  6  75  1 75 FH_T4.jpeg H   6 1 H 0.696952 0 0
  6  76  1 76 FH_T20.jpeg H   1 0 A 0.857896 0 0
  6  77  1 77 FH_T20.jpeg H   1 0 A 0.774640 0 0
  6  78  1 78 FH_T13.jpeg H   3 0 A 3.030242 0 0
  6  79  1 79 FH_T16.jpeg H   2 0 A 0.845535 0 0
  6  80  1 80 FH_T20.jpeg H   1 0 A 0.708212 0 0
  6  81  1 81 FH_T7.jpeg H   5 1 H 11.698316 0 0
  6  82  1 82 FA_T7.jpeg A   5 1 H 0.757563 0 0
  6  83  1 83 FH_T13.jpeg H   3 0 A 0.840252 0 0
  6  84  1 84 FH_T4.jpeg H   6 1 H 0.597167 0 0
  6  85  1 85 FH_T16.jpeg H   2 0 A 0.547240 0 0
  6  86  1 86 FA_T20.jpeg A   1 0 A 2.244631 0 0
  6  87  1 87 FA_T0.jpeg A   7 1 H 0.845900 0 0
  6  88  1 88 FA_T16.jpeg A   2 0 A 1.239044 0 0
  6  89  1 89 FA_T4.jpeg A   6 1 H 0.753269 0 0
  6  90  1 90 FA_T7.jpeg A   5 1 H 1.641506 0 0
  6  91  1 91 FA_T7.jpeg A   5 1 H 0.559284 0 0
  6  92  1 92 FH_T20.jpeg H   1 0 A 0.692201 0 0
  6  93  1 93 FH_T0.jpeg H   7 1 H 1.392992 0 0
  6  94  1 94 FH_T16.jpeg H   2 0 A 0.918778 0 0
  6  95  1 95 FA_T20.jpeg A   1 0 A 1.288092 0 0
  6  96  1 96 FA_T16.jpeg A   2 0 A 1.183348 0 0
  6  97  1 97 FA_T7.jpeg A   5 1 H 1.067002 0 0
  6  98  1 98 FH_T4.jpeg H   6 1 H 1.010941 0 0
  6  99  1 99 FH_T10.jpeg H   4 0 A 3.252060 0 0
  6 100  1 100 FA_T20.jpeg A   1 0 A 1.029003 0 0
  6 101  2  1 FA_T16.jpeg A   2 0 A 1.469224 0 0
  6 102  2  2 FH_T16.jpeg H   2 0 A 0.696148 0 0
  6 103  2  3 FA_T16.jpeg A   2 0 A 0.547635 0 0
  6 104  2  4 FH_T20.jpeg H   1 0 A 0.487205 0 0
  6 105  2  5 FH_T10.jpeg H   4 0 A 1.403497 0 0
  6 106  2  6 FA_T16.jpeg A   2 0 A 0.735841 0 0
  6 107  2  7 FH_T16.jpeg H   2 0 A 0.531044 0 0
  6 108  2  8 FA_T10.jpeg A   4 1 H 1.176982 0 0
  6 109  2  9 FH_T0.jpeg H   7 1 H 0.751439 0 0
  6 110  2 10 FH_T10.jpeg H   4 0 A 1.288485 0 0
  6 111  2 11 FH_T4.jpeg H   6 1 H 0.962201 0 0
  6 112  2 12 FA_T13.jpeg A   3 0 A 3.825013 0 0
  6 113  2 13 FA_T20.jpeg A   1 0 A 0.785211 0 0
  6 114  2 14 FH_T20.jpeg H   1 0 A 0.862506 0 0
  6 115  2 15 FH_T0.jpeg H   7 1 H 0.575356 0 0
  6 116  2 16 FA_T4.jpeg A   6 1 H 0.481533 0 0
  6 117  2 17 FH_T4.jpeg H   6 1 H 0.453461 0 0
  6 118  2 18 FH_T10.jpeg H   4 1 H 1.847624 0 0
  6 119  2 19 FA_T13.jpeg A   3 0 A 0.823265 0 0
  6 120  2 20 FA_T7.jpeg A   5 1 H 0.934821 0 0
  6 121  2 21 FA_T13.jpeg A   3 0 A 4.900098 0 0
  6 122  2 22 FH_T0.jpeg H   7 1 H 0.763265 0 0
  6 123  2 23 FA_T0.jpeg A   7 1 H 0.885364 0 0
  6 124  2 24 FH_T7.jpeg H   5 1 H 1.326234 0 0
  6 125  2 25 FA_T10.jpeg A   4 1 H 1.033465 0 0
  6 126  2 26 FH_T7.jpeg H   5 1 H 0.955956 0 0
  6 127  2 27 FA_T0.jpeg A   7 1 H 0.680734 0 0
  6 128  2 28 FA_T16.jpeg A   2 0 A 1.364866 0 0
  6 129  2 29 FH_T10.jpeg H   4 1 H 3.060711 0 0
  6 130  2 30 FH_T20.jpeg H   1 0 A 1.187211 0 0
  6 131  2 31 FA_T13.jpeg A   3 0 A 3.346333 0 0
  6 132  2 32 FA_T13.jpeg A   3 0 A 4.519106 0 0
  6 133  2 33 FH_T4.jpeg H   6 1 H 1.150231 0 0
  6 134  2 34 FA_T16.jpeg A   2 0 A 1.111514 0 0
  6 135  2 35 FH_T7.jpeg H   5 1 H 1.360086 0 0
  6 136  2 36 FH_T20.jpeg H   1 0 A 0.818188 0 0
  6 137  2 37 FA_T13.jpeg A   3 0 A 1.558444 0 0
  6 138  2 38 FH_T16.jpeg H   2 0 A 0.907256 0 0
  6 139  2 39 FA_T20.jpeg A   1 0 A 0.850322 0 0
  6 140  2 40 FH_T4.jpeg H   6 1 H 1.332456 0 0
  6 141  2 41 FA_T0.jpeg A   7 1 H 0.944491 0 0
  6 142  2 42 FA_T10.jpeg A   4 1 H 0.883878 0 0
  6 143  2 43 FA_T4.jpeg A   6 1 H 0.663438 0 0
  6 144  2 44 FH_T0.jpeg H   7 1 H 0.679851 0 0
  6 145  2 45 FA_T7.jpeg A   5 1 H 0.773801 0 0
  6 146  2 46 FA_T20.jpeg A   1 0 A 0.635628 0 0
  6 147  2 47 FH_T10.jpeg H   4 1 H 2.011921 0 0
  6 148  2 48 FA_T10.jpeg A   4 1 H 0.978219 0 0
  6 149  2 49 FH_T13.jpeg H   3 0 A 2.089250 0 0
  6 150  2 50 FH_T13.jpeg H   3 0 A 1.673830 0 0
  6 151  2 51 FA_T4.jpeg A   6 1 H 2.441171 0 0
  6 152  2 52 FA_T13.jpeg A   3 0 A 3.260008 0 0
  6 153  2 53 FH_T20.jpeg H   1 0 A 1.791051 0 0
  6 154  2 54 FH_T20.jpeg H   1 0 A 0.630358 0 0
  6 155  2 55 FA_T13.jpeg A   3 0 A 1.227788 0 0
  6 156  2 56 FH_T4.jpeg H   6 1 H 0.691120 0 0
  6 157  2 57 FH_T7.jpeg H   5 1 H 0.927963 0 0
  6 158  2 58 FH_T4.jpeg H   6 1 H 0.621545 0 0
  6 159  2 59 FA_T4.jpeg A   6 1 H 0.487170 0 0
  6 160  2 60 FA_T10.jpeg A   4 1 H 0.591628 0 0
  6 161  2 61 FH_T0.jpeg H   7 1 H 0.569814 0 0
  6 162  2 62 FA_T10.jpeg A   4 1 H 1.034320 0 0
  6 163  2 63 FH_T4.jpeg H   6 1 H 0.531243 0 0
  6 164  2 64 FA_T7.jpeg A   5 1 H 0.646760 0 0
  6 165  2 65 FA_T20.jpeg A   1 0 A 0.674514 0 0
  6 166  2 66 FA_T7.jpeg A   5 1 H 0.459023 0 0
  6 167  2 67 FA_T20.jpeg A   1 0 A 0.624232 0 0
  6 168  2 68 FH_T20.jpeg H   1 0 A 0.697256 0 0
  6 169  2 69 FH_T20.jpeg H   1 0 A 0.530940 0 0
  6 170  2 70 FH_T13.jpeg H   3 0 A 0.857284 0 0
  6 171  2 71 FH_T7.jpeg H   5 1 H 1.055682 0 0
  6 172  2 72 FA_T0.jpeg A   7 1 H 0.686156 0 0
  6 173  2 73 FH_T10.jpeg H   4 0 A 2.769190 0 0
  6 174  2 74 FH_T0.jpeg H   7 1 H 0.547594 0 0
  6 175  2 75 FH_T13.jpeg H   3 0 A 1.692535 0 0
  6 176  2 76 FA_T16.jpeg A   2 0 A 0.751495 0 0
  6 177  2 77 FA_T7.jpeg A   5 1 H 0.978075 0 0
  6 178  2 78 FA_T16.jpeg A   2 0 A 0.674556 0 0
  6 179  2 79 FH_T7.jpeg H   5 1 H 0.917748 0 0
  6 180  2 80 FA_T10.jpeg A   4 1 H 0.934247 0 0
  6 181  2 81 FH_T10.jpeg H   4 1 H 2.001286 0 0
  6 182  2 82 FH_T4.jpeg H   6 1 H 0.630349 0 0
  6 183  2 83 FH_T16.jpeg H   2 0 A 0.867978 0 0
  6 184  2 84 FA_T4.jpeg A   6 1 H 0.746836 0 0
  6 185  2 85 FA_T7.jpeg A   5 1 H 0.757488 0 0
  6 186  2 86 FH_T13.jpeg H   3 0 A 1.303752 0 0
  6 187  2 87 FH_T0.jpeg H   7 1 H 0.713223 0 0
  6 188  2 88 FH_T10.jpeg H   4 1 H 1.001305 0 0
  6 189  2 89 FH_T7.jpeg H   5 1 H 0.746606 0 0
  6 190  2 90 FA_T13.jpeg A   3 0 A 2.601940 0 0
  6 191  2 91 FA_T16.jpeg A   2 0 A 0.658321 0 0
  6 192  2 92 FA_T20.jpeg A   1 0 A 0.420526 0 0
  6 193  2 93 FH_T4.jpeg H   6 1 H 0.729194 0 0
  6 194  2 94 FA_T16.jpeg A   2 0 A 1.762643 0 0
  6 195  2 95 FA_T7.jpeg A   5 1 H 0.961378 0 0
  6 196  2 96 FH_T7.jpeg H   5 1 H 0.845713 0 0
  6 197  2 97 FA_T4.jpeg A   6 1 H 0.835425 0 0
  6 198  2 98 FA_T13.jpeg A   3 0 A 0.812797 0 0
  6 199  2 99 FA_T4.jpeg A   6 1 H 0.574615 0 0
  6 200  2 100 FH_T20.jpeg H   1 0 A 0.806984 0 0
  6 201  3  1 FA_T16.jpeg A   2 0 A 0.680233 0 0
  6 202  3  2 FA_T20.jpeg A   1 0 A 0.774545 0 0
  6 203  3  3 FA_T10.jpeg A   4 1 H 1.255443 0 0
  6 204  3  4 FA_T20.jpeg A   1 0 A 0.651652 0 0
  6 205  3  5 FA_T20.jpeg A   1 0 A 0.597167 0 0
  6 206  3  6 FA_T4.jpeg A   6 1 H 0.630212 0 0
  6 207  3  7 FH_T10.jpeg H   4 1 H 1.282962 0 0
  6 208  3  8 FA_T7.jpeg A   5 1 H 0.751838 0 0
  6 209  3  9 FA_T4.jpeg A   6 1 H 0.503199 0 0
  6 210  3 10 FA_T4.jpeg A   6 1 H 0.503610 0 0
  6 211  3 11 FH_T20.jpeg H   1 0 A 0.602590 0 0
  6 212  3 12 FA_T16.jpeg A   2 0 A 0.680435 0 0
  6 213  3 13 FA_T13.jpeg A   3 0 A 0.845618 0 0
  6 214  3 14 FA_T20.jpeg A   1 0 A 0.481494 0 0
  6 215  3 15 FA_T0.jpeg A   7 1 H 0.431270 0 0
  6 216  3 16 FH_T16.jpeg H   2 0 A 0.642102 0 0
  6 217  3 17 FA_T20.jpeg A   1 0 A 0.559197 0 0
  6 218  3 18 FH_T7.jpeg H   5 1 H 0.729362 0 0
  6 219  3 19 FH_T0.jpeg H   7 1 H 0.453429 0 0
  6 220  3 20 FA_T10.jpeg A   4 1 H 1.059845 0 0
  6 221  3 21 FA_T16.jpeg A   2 0 A 0.707794 0 0
  6 222  3 22 FA_T20.jpeg A   1 0 A 0.514415 0 0
  6 223  3 23 FA_T0.jpeg A   7 1 H 0.635954 0 0
  6 224  3 24 FH_T0.jpeg H   7 1 H 0.563862 0 0
  6 225  3 25 FA_T0.jpeg A   7 1 H 0.486908 0 0
  6 226  3 26 FA_T10.jpeg A   4 1 H 0.900713 0 0
  6 227  3 27 FH_T0.jpeg H   7 1 H 0.602377 0 0
  6 228  3 28 FH_T20.jpeg H   1 0 A 0.807819 0 0
  6 229  3 29 FH_T16.jpeg H   2 0 A 0.706899 0 0
  6 230  3 30 FA_T13.jpeg A   3 0 A 1.260335 0 0
  6 231  3 31 FA_T16.jpeg A   2 0 A 0.536149 0 0
  6 232  3 32 FA_T13.jpeg A   3 0 A 0.889358 0 0
  6 233  3 33 FA_T20.jpeg A   1 0 A 0.690841 0 0
  6 234  3 34 FA_T20.jpeg A   1 0 A 0.801640 0 0
  6 235  3 35 FH_T7.jpeg H   5 1 H 0.971683 0 0
  6 236  3 36 FH_T13.jpeg H   3 0 A 0.631045 0 0
  6 237  3 37 FH_T4.jpeg H   6 1 H 0.486965 0 0
  6 238  3 38 FH_T10.jpeg H   4 1 H 1.237310 0 0
  6 239  3 39 FA_T7.jpeg A   5 1 H 0.641294 0 0
  6 240  3 40 FH_T20.jpeg H   1 0 A 0.877948 0 0
  6 241  3 41 FA_T20.jpeg A   1 0 A 0.724419 0 0
  6 242  3 42 FA_T4.jpeg A   6 1 H 0.459537 0 0
  6 243  3 43 FA_T4.jpeg A   6 1 H 0.713277 0 0
  6 244  3 44 FH_T20.jpeg H   1 1 H 0.409412 0 0
  6 245  3 45 FH_T10.jpeg H   4 1 H 1.198782 0 0
  6 246  3 46 FA_T4.jpeg A   6 1 H 0.757019 0 0
  6 247  3 47 FH_T10.jpeg H   4 1 H 1.347159 0 0
  6 248  3 48 FA_T20.jpeg A   1 0 A 0.454134 0 0
  6 249  3 49 FH_T20.jpeg H   1 0 A 0.652740 0 0
  6 250  3 50 FH_T10.jpeg H   4 1 H 2.065952 0 0
  6 251  3 51 FH_T10.jpeg H   4 1 H 1.160575 0 0
  6 252  3 52 FA_T0.jpeg A   7 1 H 0.651527 0 0
  6 253  3 53 FA_T16.jpeg A   2 0 A 1.033720 0 0
  6 254  3 54 FA_T0.jpeg A   7 1 H 0.619221 0 0
  6 255  3 55 FH_T0.jpeg H   7 1 H 0.564397 0 0
  6 256  3 56 FA_T7.jpeg A   5 1 H 0.697055 0 0
  6 257  3 57 FA_T10.jpeg A   4 1 H 0.873258 0 0
  6 258  3 58 FH_T13.jpeg H   3 0 A 1.335895 0 0
  6 259  3 59 FA_T0.jpeg A   7 1 H 0.779260 0 0
  6 260  3 60 FA_T20.jpeg A   1 0 A 0.917103 0 0
  6 261  3 61 FA_T16.jpeg A   2 0 A 0.844706 0 0
  6 262  3 62 FA_T10.jpeg A   4 1 H 1.927967 0 0
  6 263  3 63 FA_T0.jpeg A   7 1 H 0.525489 0 0
  6 264  3 64 FA_T13.jpeg A   3 0 A 0.951356 0 0
  6 265  3 65 FH_T7.jpeg H   5 1 H 1.304724 0 0
  6 266  3 66 FA_T20.jpeg A   1 0 A 0.603530 0 0
  6 267  3 67 FA_T13.jpeg A   3 1 H 1.807488 0 0
  6 268  3 68 FA_T20.jpeg A   1 0 A 1.122739 0 0
  6 269  3 69 FA_T10.jpeg A   4 1 H 0.503103 0 0
  6 270  3 70 FH_T0.jpeg H   7 1 H 0.624721 0 0
  6 271  3 71 FA_T0.jpeg A   7 1 H 0.591493 0 0
  6 272  3 72 FA_T10.jpeg A   4 1 H 0.657698 0 0
  6 273  3 73 FA_T7.jpeg A   5 1 H 0.564400 0 0
  6 274  3 74 FA_T10.jpeg A   4 1 H 0.570034 0 0
  6 275  3 75 FH_T20.jpeg H   1 0 A 0.497862 0 0
  6 276  3 76 FH_T7.jpeg H   5 1 H 0.724425 0 0
  6 277  3 77 FA_T0.jpeg A   7 1 H 0.553369 0 0
  6 278  3 78 FH_T0.jpeg H   7 1 H 0.519836 0 0
  6 279  3 79 FA_T0.jpeg A   7 1 H 0.465331 0 0
  6 280  3 80 FA_T13.jpeg A   3 0 A 2.662668 0 0
  6 281  3 81 FA_T13.jpeg A   3 0 A 0.978796 0 0
  6 282  3 82 FA_T10.jpeg A   4 1 H 1.122111 0 0
  6 283  3 83 FH_T13.jpeg H   3 0 A 0.967452 0 0
  6 284  3 84 FH_T4.jpeg H   6 1 H 0.674576 0 0
  6 285  3 85 FA_T7.jpeg A   5 1 H 0.585633 0 0
  6 286  3 86 FH_T4.jpeg H   6 1 H 0.591353 0 0
  6 287  3 87 FA_T20.jpeg A   1 0 A 0.933702 0 0
  6 288  3 88 FH_T0.jpeg H   7 1 H 0.879764 0 0
  6 289  3 89 FA_T4.jpeg A   6 1 H 0.724340 0 0
  6 290  3 90 FH_T20.jpeg H   1 0 A 0.658193 0 0
  6 291  3 91 FH_T7.jpeg H   5 1 H 0.697606 0 0
  6 292  3 92 FH_T20.jpeg H   1 0 A 1.132892 0 0
  6 293  3 93 FA_T13.jpeg A   3 0 A 1.630307 0 0
  6 294  3 94 FA_T16.jpeg A   2 0 A 0.967805 0 0
  6 295  3 95 FA_T4.jpeg A   6 1 H 0.608837 0 0
  6 296  3 96 FA_T20.jpeg A   1 0 A 0.696755 0 0
  6 297  3 97 FA_T13.jpeg A   3 0 A 0.712347 0 0
  6 298  3 98 FH_T10.jpeg H   4 1 H 2.817351 0 0
  6 299  3 99 FH_T13.jpeg H   3 0 A 0.575634 0 0
  6 300  3 100 FA_T10.jpeg A   4 1 H 1.453219 0 0
  6 301  4  1 FA_T10.jpeg A   4 1 H 1.116801 0 0
  6 302  4  2 FA_T10.jpeg A   4 1 H 1.541776 0 0
  6 303  4  3 FH_T13.jpeg H   3 0 A 0.807037 0 0
  6 304  4  4 FA_T13.jpeg A   3 0 A 0.911694 0 0
  6 305  4  5 FA_T0.jpeg A   7 1 H 0.530889 0 0
  6 306  4  6 FA_T20.jpeg A   1 0 A 0.779794 0 0
  6 307  4  7 FA_T10.jpeg A   4 1 H 0.868064 0 0
  6 308  4  8 FH_T13.jpeg H   3 0 A 0.867835 0 0
  6 309  4  9 FA_T16.jpeg A   2 0 A 0.642162 0 0
  6 310  4 10 FH_T4.jpeg H   6 1 H 1.620229 0 0
  6 311  4 11 FA_T13.jpeg A   3 0 A 1.756382 0 0
  6 312  4 12 FA_T7.jpeg A   5 1 H 0.674594 0 0
  6 313  4 13 FH_T16.jpeg H   2 0 A 0.640861 0 0
  6 314  4 14 FA_T0.jpeg A   7 1 H 0.591099 0 0
  6 315  4 15 FA_T7.jpeg A   5 1 H 0.917313 0 0
  6 316  4 16 FA_T4.jpeg A   6 1 H 0.686141 0 0
  6 317  4 17 FH_T13.jpeg H   3 0 A 0.553167 0 0
  6 318  4 18 FA_T13.jpeg A   3 0 A 1.480314 0 0
  6 319  4 19 FH_T16.jpeg H   2 0 A 0.967666 0 0
  6 320  4 20 FA_T4.jpeg A   6 1 H 0.808000 0 0
  6 321  4 21 FA_T0.jpeg A   7 1 H 0.718495 0 0
  6 322  4 22 FH_T20.jpeg H   1 0 A 0.596562 0 0
  6 323  4 23 FH_T4.jpeg H   6 1 H 0.646852 0 0
  6 324  4 24 FA_T13.jpeg A   3 0 A 0.745898 0 0
  6 325  4 25 FA_T7.jpeg A   5 1 H 0.630259 0 0
  6 326  4 26 FH_T20.jpeg H   1 0 A 0.646533 0 0
  6 327  4 27 FA_T16.jpeg A   2 0 A 1.497414 0 0
  6 328  4 28 FH_T16.jpeg H   2 0 A 1.050123 0 0
  6 329  4 29 FH_T16.jpeg H   2 0 A 0.844868 0 0
  6 330  4 30 FH_T0.jpeg H   7 1 H 0.729838 0 0
  6 331  4 31 FA_T7.jpeg A   5 1 H 0.740792 0 0
  6 332  4 32 FH_T13.jpeg H   3 0 A 1.127342 0 0
  6 333  4 33 FH_T0.jpeg H   7 1 H 1.244413 0 0
  6 334  4 34 FA_T16.jpeg A   2 0 A 1.680293 0 0
  6 335  4 35 FA_T10.jpeg A   4 1 H 2.070635 0 0
  6 336  4 36 FA_T0.jpeg A   7 1 H 0.646757 0 0
  6 337  4 37 FA_T20.jpeg A   1 0 A 0.767762 0 0
  6 338  4 38 FA_T16.jpeg A   2 0 A 1.652696 0 0
  6 339  4 39 FH_T13.jpeg H   3 0 A 1.111860 0 0
  6 340  4 40 FH_T7.jpeg H   5 1 H 1.143127 0 0
  6 341  4 41 FA_T13.jpeg A   3 0 A 1.308955 0 0
  6 342  4 42 FH_T0.jpeg H   7 1 H 0.951057 0 0
  6 343  4 43 FH_T4.jpeg H   6 1 H 0.757626 0 0
  6 344  4 44 FH_T20.jpeg H   1 0 A 0.603123 0 0
  6 345  4 45 FA_T16.jpeg A   2 0 A 1.065863 0 0
  6 346  4 46 FA_T10.jpeg A   4 1 H 1.674475 0 0
  6 347  4 47 FA_T4.jpeg A   6 1 H 0.779062 0 0
  6 348  4 48 FH_T13.jpeg H   3 0 A 1.365003 0 0
  6 349  4 49 FA_T7.jpeg A   5 1 H 1.237998 0 0
  6 350  4 50 FH_T7.jpeg H   5 1 H 0.774103 0 0
  6 351  4 51 FA_T0.jpeg A   7 1 H 0.795339 0 0
  6 352  4 52 FA_T20.jpeg A   1 0 A 0.873403 0 0
  6 353  4 53 FH_T16.jpeg H   2 0 A 1.496966 0 0
  6 354  4 54 FH_T10.jpeg H   4 1 H 3.154384 0 0
  6 355  4 55 FH_T0.jpeg H   7 1 H 0.569682 0 0
  6 356  4 56 FH_T13.jpeg H   3 0 A 1.740950 0 0
  6 357  4 57 FH_T13.jpeg H   3 0 A 2.955803 0 0
  6 358  4 58 FH_T10.jpeg H   4 1 H 1.353806 0 0
  6 359  4 59 FA_T20.jpeg A   1 0 A 0.884600 0 0
  6 360  4 60 FA_T4.jpeg A   6 1 H 0.498148 0 0
  6 361  4 61 FA_T7.jpeg A   5 1 H 0.515060 0 0
  6 362  4 62 FH_T20.jpeg H   1 0 A 0.641591 0 0
  6 363  4 63 FH_T10.jpeg H   4 1 H 1.336969 0 0
  6 364  4 64 FH_T20.jpeg H   1 0 A 0.713062 0 0
  6 365  4 65 FA_T10.jpeg A   4 1 H 0.823737 0 0
  6 366  4 66 FA_T13.jpeg A   3 0 A 5.034292 0 0
  6 367  4 67 FH_T10.jpeg H   4 1 H 2.189177 0 0
  6 368  4 68 FH_T4.jpeg H   6 1 H 1.133446 0 0
  6 369  4 69 FH_T20.jpeg H   1 0 A 1.580115 0 0
  6 370  4 70 FH_T16.jpeg H   2 0 A 0.817872 0 0
  6 371  4 71 FH_T4.jpeg H   6 1 H 1.027637 0 0
  6 372  4 72 FA_T10.jpeg A   4 1 H 1.061210 0 0
  6 373  4 73 FH_T16.jpeg H   2 0 A 1.132599 0 0
  6 374  4 74 FH_T16.jpeg H   2 0 A 0.630014 0 0
  6 375  4 75 FH_T4.jpeg H   6 1 H 0.702708 0 0
  6 376  4 76 FH_T10.jpeg H   4 1 H 1.122228 0 0
  6 377  4 77 FA_T20.jpeg A   1 0 A 0.983826 0 0
  6 378  4 78 FA_T16.jpeg A   2 0 A 0.873150 0 0
  6 379  4 79 FA_T7.jpeg A   5 1 H 0.741464 0 0
  6 380  4 80 FH_T4.jpeg H   6 1 H 0.602582 0 0
  6 381  4 81 FA_T0.jpeg A   7 1 H 0.718959 0 0
  6 382  4 82 FA_T0.jpeg A   7 1 H 0.746080 0 0
  6 383  4 83 FH_T7.jpeg H   5 1 H 0.659044 0 0
  6 384  4 84 FA_T10.jpeg A   4 1 H 0.720280 0 0
  6 385  4 85 FA_T7.jpeg A   5 1 H 0.531411 0 0
  6 386  4 86 FA_T10.jpeg A   4 1 H 0.536948 0 0
  6 387  4 87 FH_T13.jpeg H   3 0 A 0.856112 0 0
  6 388  4 88 FH_T16.jpeg H   2 0 A 0.730107 0 0
  6 389  4 89 FA_T10.jpeg A   4 1 H 0.944403 0 0
  6 390  4 90 FA_T7.jpeg A   5 1 H 0.905788 0 0
  6 391  4 91 FA_T4.jpeg A   6 1 H 0.668941 0 0
  6 392  4 92 FA_T0.jpeg A   7 1 H 0.751293 0 0
  6 393  4 93 FA_T20.jpeg A   1 0 A 0.818214 0 0
  6 394  4 94 FH_T10.jpeg H   4 1 H 4.020162 0 0
  6 395  4 95 FH_T7.jpeg H   5 1 H 0.768151 0 0
  6 396  4 96 FH_T0.jpeg H   7 1 H 0.702351 0 0
  6 397  4 97 FA_T13.jpeg A   3 0 A 2.831868 0 0
  6 398  4 98 FA_T7.jpeg A   5 1 H 0.949838 0 0
  6 399  4 99 FA_T0.jpeg A   7 1 H 0.591559 0 0
  6 400  4 100 FH_T0.jpeg H   7 1 H 0.596909 0 0
  6 401  5  1 FA_T10.jpeg A   4 1 H 1.271135 0 0
  6 402  5  2 FA_T16.jpeg A   2 0 A 0.524751 0 0
  6 403  5  3 FH_T4.jpeg H   6 1 H 0.978790 0 0
  6 404  5  4 FH_T7.jpeg H   5 1 H 2.561782 0 0
  6 405  5  5 FA_T13.jpeg A   3 0 A 2.569242 0 0
  6 406  5  6 FH_T4.jpeg H   6 1 H 0.867962 0 0
  6 407  5  7 FH_T13.jpeg H   3 0 A 1.067619 0 0
  6 408  5  8 FH_T7.jpeg H   5 1 H 0.879179 0 0
  6 409  5  9 FH_T13.jpeg H   3 0 A 0.719095 0 0
  6 410  5 10 FH_T4.jpeg H   6 1 H 0.636831 0 0
  6 411  5 11 FA_T4.jpeg A   6 1 H 0.642052 0 0
  6 412  5 12 FA_T7.jpeg A   5 1 H 0.856024 0 0
  6 413  5 13 FA_T4.jpeg A   6 1 H 0.525094 0 0
  6 414  5 14 FH_T13.jpeg H   3 0 A 0.597282 0 0
  6 415  5 15 FH_T7.jpeg H   5 1 H 1.204643 0 0
  6 416  5 16 FA_T13.jpeg A   3 0 A 0.923682 0 0
  6 417  5 17 FH_T13.jpeg H   3 0 A 0.845624 0 0
  6 418  5 18 FH_T7.jpeg H   5 1 H 1.067012 0 0
  6 419  5 19 FA_T7.jpeg A   5 1 H 0.548056 0 0
  6 420  5 20 FA_T0.jpeg A   7 1 H 0.613591 0 0
  6 421  5 21 FH_T10.jpeg H   4 1 H 1.143632 0 0
  6 422  5 22 FA_T7.jpeg A   5 1 H 0.719673 0 0
  6 423  5 23 FA_T0.jpeg A   7 1 H 0.624791 0 0
  6 424  5 24 FH_T7.jpeg H   5 1 H 0.977580 0 0
  6 425  5 25 FH_T7.jpeg H   5 1 H 0.575424 0 0
  6 426  5 26 FH_T0.jpeg H   7 1 H 0.503011 0 0
  6 427  5 27 FA_T10.jpeg A   4 1 H 0.492248 0 0
  6 428  5 28 FA_T16.jpeg A   2 0 A 0.376427 0 0
  6 429  5 29 FA_T13.jpeg A   3 0 A 0.597140 0 0
  6 430  5 30 FA_T7.jpeg A   5 1 H 0.651697 0 0
  6 431  5 31 FA_T7.jpeg A   5 1 H 0.558579 0 0
  6 432  5 32 FA_T20.jpeg A   1 0 A 0.597004 0 0
  6 433  5 33 FA_T0.jpeg A   7 1 H 0.425883 0 0
  6 434  5 34 FH_T7.jpeg H   5 1 H 0.580240 0 0
  6 435  5 35 FH_T16.jpeg H   2 0 A 0.533972 0 0
  6 436  5 36 FA_T0.jpeg A   7 1 H 0.558174 0 0
  6 437  5 37 FH_T4.jpeg H   6 1 H 0.514424 0 0
  6 438  5 38 FH_T7.jpeg H   5 1 H 0.635953 0 0
  6 439  5 39 FH_T0.jpeg H   7 1 H 0.470050 0 0
  6 440  5 40 FH_T10.jpeg H   4 0 A 0.564586 0 0
  6 441  5 41 FA_T16.jpeg A   2 0 A 1.088686 0 0
  6 442  5 42 FH_T4.jpeg H   6 1 H 0.580587 0 0
  6 443  5 43 FA_T10.jpeg A   4 1 H 2.878524 0 0
  6 444  5 44 FH_T0.jpeg H   7 1 H 0.607755 0 0
  6 445  5 45 FH_T13.jpeg H   3 0 A 0.663743 0 0
  6 446  5 46 FH_T7.jpeg H   5 1 H 0.823822 0 0
  6 447  5 47 FH_T7.jpeg H   5 1 H 1.426300 0 0
  6 448  5 48 FA_T10.jpeg A   4 1 H 4.115733 0 0
  6 449  5 49 FH_T10.jpeg H   4 1 H 5.339046 0 0
  6 450  5 50 FH_T7.jpeg H   5 1 H 0.663799 0 0
  6 451  5 51 FH_T10.jpeg H   4 1 H 2.402591 0 0
  6 452  5 52 FA_T20.jpeg A   1 0 A 0.680167 0 0
  6 453  5 53 FH_T7.jpeg H   5 1 H 1.558770 0 0
  6 454  5 54 FA_T4.jpeg A   6 1 H 0.912124 0 0
  6 455  5 55 FH_T7.jpeg H   5 1 H 0.536680 0 0
  6 456  5 56 FH_T10.jpeg H   4 1 H 1.155010 0 0
  6 457  5 57 FH_T0.jpeg H   7 1 H 0.697144 0 0
  6 458  5 58 FH_T7.jpeg H   5 1 H 0.834593 0 0
  6 459  5 59 FH_T10.jpeg H   4 1 H 1.441045 0 0
  6 460  5 60 FH_T0.jpeg H   7 1 H 0.558208 0 0
  6 461  5 61 FA_T20.jpeg A   1 0 A 0.525408 0 0
  6 462  5 62 FA_T16.jpeg A   2 0 A 0.602517 0 0
  6 463  5 63 FA_T16.jpeg A   2 0 A 0.470220 0 0
  6 464  5 64 FA_T0.jpeg A   7 1 H 0.552963 0 0
  6 465  5 65 FA_T7.jpeg A   5 1 H 0.741136 0 0
  6 466  5 66 FA_T4.jpeg A   6 1 H 0.459154 0 0
  6 467  5 67 FH_T10.jpeg H   4 0 A 1.061210 0 0
  6 468  5 68 FA_T16.jpeg A   2 0 A 0.817123 0 0
  6 469  5 69 FH_T0.jpeg H   7 1 H 0.519631 0 0
  6 470  5 70 FA_T20.jpeg A   1 0 A 0.674827 0 0
  6 471  5 71 FA_T7.jpeg A   5 1 H 0.745868 0 0
  6 472  5 72 FH_T4.jpeg H   6 1 H 0.602266 0 0
  6 473  5 73 FA_T16.jpeg A   2 0 A 0.713215 0 0
  6 474  5 74 FA_T0.jpeg A   7 1 H 0.520579 0 0
  6 475  5 75 FA_T4.jpeg A   6 1 H 0.614091 0 0
  6 476  5 76 FH_T20.jpeg H   1 0 A 0.602190 0 0
  6 477  5 77 FH_T16.jpeg H   2 0 A 1.044542 0 0
  6 478  5 78 FH_T0.jpeg H   7 1 H 0.443255 0 0
  6 479  5 79 FH_T7.jpeg H   5 1 H 0.873273 0 0
  6 480  5 80 FA_T13.jpeg A   3 0 A 1.171208 0 0
  6 481  5 81 FH_T16.jpeg H   2 0 A 0.563560 0 0
  6 482  5 82 FA_T13.jpeg A   3 0 A 0.728657 0 0
  6 483  5 83 FA_T4.jpeg A   6 1 H 0.558319 0 0
  6 484  5 84 FA_T10.jpeg A   4 1 H 0.995573 0 0
  6 485  5 85 FA_T20.jpeg A   1 0 A 0.835331 0 0
  6 486  5 86 FA_T7.jpeg A   5 1 H 0.852086 0 0
  6 487  5 87 FH_T16.jpeg H   2 0 A 1.358613 0 0
  6 488  5 88 FH_T20.jpeg H   1 0 A 0.674279 0 0
  6 489  5 89 FH_T16.jpeg H   2 0 A 0.657782 0 0
  6 490  5 90 FH_T16.jpeg H   2 0 A 0.547168 0 0
  6 491  5 91 FH_T13.jpeg H   3 0 A 0.673711 0 0
  6 492  5 92 FA_T13.jpeg A   3 0 A 1.001277 0 0
  6 493  5 93 FA_T0.jpeg A   7 1 H 0.702330 0 0
  6 494  5 94 FH_T4.jpeg H   6 1 H 0.535603 0 0
  6 495  5 95 FH_T20.jpeg H   1 0 A 0.618822 0 0
  6 496  5 96 FH_T20.jpeg H   1 0 A 0.741046 0 0
  6 497  5 97 FH_T7.jpeg H   5 1 H 0.663059 0 0
  6 498  5 98 FA_T0.jpeg A   7 1 H 0.503497 0 0
  6 499  5 99 FA_T0.jpeg A   7 1 H 0.436742 0 0
  6 500  5 100 FA_T10.jpeg A   4 1 H 0.486668 0 0
  6 501  6  1 FA_T13.jpeg A   3 0 A 0.868153 0 0
  6 502  6  2 FH_T10.jpeg H   4 1 H 1.164813 0 0
  6 503  6  3 FA_T13.jpeg A   3 0 A 0.728958 0 0
  6 504  6  4 FH_T4.jpeg H   6 1 H 0.398740 0 0
  6 505  6  5 FA_T4.jpeg A   6 1 H 0.603184 0 0
  6 506  6  6 FA_T20.jpeg A   1 0 A 0.768317 0 0
  6 507  6  7 FA_T4.jpeg A   6 1 H 0.558045 0 0
  6 508  6  8 FA_T10.jpeg A   4 1 H 0.674851 0 0
  6 509  6  9 FA_T20.jpeg A   1 0 A 0.547173 0 0
  6 510  6 10 FA_T0.jpeg A   7 1 H 0.463780 0 0
  6 511  6 11 FH_T7.jpeg H   5 1 H 0.564097 0 0
  6 512  6 12 FA_T0.jpeg A   7 1 H 0.536058 0 0
  6 513  6 13 FA_T13.jpeg A   3 0 A 1.050024 0 0
  6 514  6 14 FA_T20.jpeg A   1 0 A 0.547744 0 0
  6 515  6 15 FA_T20.jpeg A   1 0 A 0.563212 0 0
  6 516  6 16 FH_T0.jpeg H   7 1 H 0.425820 0 0
  6 517  6 17 FH_T4.jpeg H   6 1 H 0.409771 0 0
  6 518  6 18 FH_T4.jpeg H   6 1 H 0.641630 0 0
  6 519  6 19 FH_T13.jpeg H   3 0 A 0.740201 0 0
  6 520  6 20 FA_T16.jpeg A   2 0 A 0.696614 0 0
  6 521  6 21 FA_T7.jpeg A   5 1 H 0.833658 0 0
  6 522  6 22 FH_T16.jpeg H   2 0 A 0.586037 0 0
  6 523  6 23 FH_T0.jpeg H   7 1 H 0.519928 0 0
  6 524  6 24 FA_T4.jpeg A   6 1 H 0.492430 0 0
  6 525  6 25 FH_T7.jpeg H   5 1 H 0.807822 0 0
  6 526  6 26 FH_T13.jpeg H   3 0 A 0.835313 0 0
  6 527  6 27 FH_T16.jpeg H   2 0 A 0.691252 0 0
  6 528  6 28 FA_T10.jpeg A   4 1 H 0.939234 0 0
  6 529  6 29 FA_T4.jpeg A   6 1 H 0.464733 0 0
  6 530  6 30 FA_T13.jpeg A   3 0 A 0.939867 0 0
  6 531  6 31 FA_T16.jpeg A   2 0 A 0.818159 0 0
  6 532  6 32 FH_T0.jpeg H   7 1 H 0.939513 0 0
  6 533  6 33 FH_T4.jpeg H   6 1 H 2.221373 0 0
  6 534  6 34 FA_T7.jpeg A   5 1 H 0.856647 0 0
  6 535  6 35 FA_T0.jpeg A   7 1 H 0.525370 0 0
  6 536  6 36 FH_T16.jpeg H   2 0 A 0.503462 0 0
  6 537  6 37 FA_T7.jpeg A   5 1 H 0.752557 0 0
  6 538  6 38 FH_T0.jpeg H   7 1 H 0.607971 0 0
  6 539  6 39 FH_T16.jpeg H   2 0 A 0.564532 0 0
  6 540  6 40 FH_T10.jpeg H   4 1 H 2.971146 0 0
  6 541  6 41 FH_T13.jpeg H   3 0 A 0.829162 0 0
  6 542  6 42 FH_T16.jpeg H   2 0 A 0.613708 0 0
  6 543  6 43 FA_T13.jpeg A   3 0 A 0.862438 0 0
  6 544  6 44 FH_T4.jpeg H   6 1 H 0.524810 0 0
  6 545  6 45 FA_T13.jpeg A   3 0 A 0.757259 0 0
  6 546  6 46 FH_T4.jpeg H   6 1 H 0.613800 0 0
  6 547  6 47 FH_T20.jpeg H   1 0 A 0.503944 0 0
  6 548  6 48 FA_T16.jpeg A   2 0 A 0.619365 0 0
  6 549  6 49 FA_T7.jpeg A   5 1 H 0.641508 0 0
  6 550  6 50 FA_T10.jpeg A   4 1 H 0.818908 0 0
  6 551  6 51 FH_T0.jpeg H   7 1 H 0.619805 0 0
  6 552  6 52 FH_T10.jpeg H   4 1 H 1.430510 0 0
  6 553  6 53 FH_T13.jpeg H   3 0 A 0.675153 0 0
  6 554  6 54 FH_T20.jpeg H   1 0 A 0.669389 0 0
  6 555  6 55 FA_T10.jpeg A   4 1 H 0.608105 0 0
  6 556  6 56 FA_T20.jpeg A   1 0 A 0.646724 0 0
  6 557  6 57 FA_T20.jpeg A   1 0 A 0.746541 0 0
  6 558  6 58 FA_T0.jpeg A   7 1 H 0.624922 0 0
  6 559  6 59 FA_T0.jpeg A   7 1 H 0.796142 0 0
  6 560  6 60 FA_T10.jpeg A   4 1 H 1.099439 0 0
  6 561  6 61 FA_T20.jpeg A   1 0 A 1.005904 0 0
  6 562  6 62 FA_T7.jpeg A   5 1 H 0.551970 0 0
  6 563  6 63 FH_T16.jpeg H   2 0 A 1.177294 0 0
  6 564  6 64 FH_T10.jpeg H   4 1 H 0.724097 0 0
  6 565  6 65 FA_T10.jpeg A   4 1 H 0.978076 0 0
  6 566  6 66 FA_T13.jpeg A   3 0 A 0.961612 0 0
  6 567  6 67 FA_T0.jpeg A   7 1 H 0.608163 0 0
  6 568  6 68 FA_T7.jpeg A   5 1 H 1.033329 0 0
  6 569  6 69 FH_T10.jpeg H   4 1 H 1.436386 0 0
  6 570  6 70 FA_T4.jpeg A   6 1 H 0.746576 0 0
  6 571  6 71 FH_T0.jpeg H   7 1 H 0.442188 0 0
  6 572  6 72 FH_T20.jpeg H   1 0 A 0.757519 0 0
  6 573  6 73 FH_T13.jpeg H   3 0 A 0.989365 0 0
  6 574  6 74 FH_T7.jpeg H   5 1 H 0.866717 0 0
  6 575  6 75 FH_T20.jpeg H   1 0 A 0.900213 0 0
  6 576  6 76 FH_T20.jpeg H   1 0 A 2.231579 0 0
  6 577  6 77 FA_T20.jpeg A   1 0 A 0.629820 0 0
  6 578  6 78 FH_T16.jpeg H   2 0 A 0.614207 0 0
  6 579  6 79 FH_T13.jpeg H   3 0 A 0.624497 0 0
  6 580  6 80 FH_T16.jpeg H   2 0 A 0.546881 0 0
  6 581  6 81 FA_T4.jpeg A   6 1 H 0.685464 0 0
  6 582  6 82 FH_T7.jpeg H   5 1 H 1.004906 0 0
  6 583  6 83 FH_T4.jpeg H   6 1 H 0.569697 0 0
  6 584  6 84 FH_T13.jpeg H   3 0 A 1.093701 0 0
  6 585  6 85 FH_T7.jpeg H   5 1 H 0.856200 0 0
  6 586  6 86 FH_T0.jpeg H   7 1 H 0.531174 0 0
  6 587  6 87 FH_T10.jpeg H   4 1 H 1.524385 0 0
  6 588  6 88 FH_T0.jpeg H   7 1 H 0.757178 0 0
  6 589  6 89 FA_T4.jpeg A   6 1 H 0.784958 0 0
  6 590  6 90 FH_T0.jpeg H   7 1 H 0.585811 0 0
  6 591  6 91 FH_T16.jpeg H   2 0 A 0.619167 0 0
  6 592  6 92 FH_T13.jpeg H   3 0 A 0.619791 0 0
  6 593  6 93 FH_T16.jpeg H   2 0 A 1.441116 0 0
  6 594  6 94 FH_T0.jpeg H   7 1 H 0.789654 0 0
  6 595  6 95 FA_T4.jpeg A   6 1 H 0.674532 0 0
  6 596  6 96 FA_T4.jpeg A   6 1 H 0.785142 0 0
  6 597  6 97 FA_T16.jpeg A   2 0 A 0.541498 0 0
  6 598  6 98 FA_T7.jpeg A   5 1 H 0.535643 0 0
  6 599  6 99 FH_T13.jpeg H   3 0 A 0.746647 0 0
  6 600  6 100 FH_T0.jpeg H   7 1 H 0.801681 0 0
  6 601  7  1 FH_T7.jpeg H   5 1 H 0.884275 0 0
  6 602  7  2 FA_T7.jpeg A   5 1 H 0.646847 0 0
  6 603  7  3 FH_T4.jpeg H   6 1 H 0.608837 0 0
  6 604  7  4 FH_T13.jpeg H   3 0 A 0.669842 0 0
  6 605  7  5 FA_T4.jpeg A   6 1 H 0.486761 0 0
  6 606  7  6 FH_T4.jpeg H   6 1 H 0.675132 0 0
  6 607  7  7 FH_T0.jpeg H   7 1 H 1.000964 0 0
  6 608  7  8 FH_T16.jpeg H   2 0 A 0.685681 0 0
  6 609  7  9 FH_T20.jpeg H   1 0 A 0.586498 0 0
  6 610  7 10 FA_T4.jpeg A   6 1 H 0.542180 0 0
  6 611  7 11 FH_T0.jpeg H   7 1 H 0.536104 0 0
  6 612  7 12 FA_T4.jpeg A   6 1 H 0.508679 0 0
  6 613  7 13 FA_T0.jpeg A   7 1 H 0.464664 0 0
  6 614  7 14 FH_T0.jpeg H   7 1 H 0.586160 0 0
  6 615  7 15 FH_T16.jpeg H   2 0 A 0.674797 0 0
  6 616  7 16 FH_T13.jpeg H   3 0 A 0.602139 0 0
  6 617  7 17 FA_T13.jpeg A   3 0 A 0.531615 0 0
  6 618  7 18 FH_T7.jpeg H   5 1 H 0.934964 0 0
  6 619  7 19 FA_T7.jpeg A   5 1 H 0.519579 0 0
  6 620  7 20 FA_T16.jpeg A   2 0 A 0.685560 0 0
  6 621  7 21 FH_T10.jpeg H   4 1 H 1.149668 0 0
  6 622  7 22 FA_T0.jpeg A   7 1 H 0.901570 0 0
  6 623  7 23 FH_T0.jpeg H   7 1 H 0.756767 0 0
  6 624  7 24 FA_T16.jpeg A   2 0 A 1.154705 0 0
  6 625  7 25 FH_T7.jpeg H   5 1 H 0.944294 0 0
  6 626  7 26 FA_T10.jpeg A   4 1 H 1.353836 0 0
  6 627  7 27 FA_T16.jpeg A   2 0 A 0.944953 0 0
  6 628  7 28 FH_T20.jpeg H   1 0 A 0.834314 0 0
  6 629  7 29 FA_T13.jpeg A   3 0 A 1.337073 0 0
  6 630  7 30 FA_T7.jpeg A   5 1 H 0.769176 0 0
  6 631  7 31 FA_T4.jpeg A   6 1 H 0.653155 0 0
  6 632  7 32 FA_T13.jpeg A   3 0 A 1.193436 0 0
  6 633  7 33 FA_T7.jpeg A   5 1 H 1.160199 0 0
  6 634  7 34 FA_T13.jpeg A   3 0 A 2.713264 0 0
  6 635  7 35 FH_T16.jpeg H   2 0 A 0.668833 0 0
  6 636  7 36 FH_T13.jpeg H   3 0 A 1.039261 0 0
  6 637  7 37 FH_T4.jpeg H   6 1 H 0.812205 0 0
  6 638  7 38 FH_T10.jpeg H   4 1 H 1.796459 0 0
  6 639  7 39 FA_T4.jpeg A   6 1 H 0.823839 0 0
  6 640  7 40 FA_T10.jpeg A   4 1 H 1.652451 0 0
  6 641  7 41 FH_T16.jpeg H   2 0 A 0.729757 0 0
  6 642  7 42 FA_T20.jpeg A   1 0 A 1.110743 0 0
  6 643  7 43 FH_T4.jpeg H   6 1 H 0.542198 0 0
  6 644  7 44 FA_T0.jpeg A   7 1 H 0.680297 0 0
  6 645  7 45 FA_T13.jpeg A   3 0 A 3.242764 0 0
  6 646  7 46 FH_T20.jpeg H   1 0 A 0.646864 0 0
  6 647  7 47 FA_T4.jpeg A   6 1 H 0.387133 0 0
  6 648  7 48 FH_T4.jpeg H   6 1 H 0.614169 0 0
  6 649  7 49 FA_T13.jpeg A   3 0 A 1.612835 0 0
  6 650  7 50 FH_T4.jpeg H   6 1 H 1.132991 0 0
  6 651  7 51 FH_T0.jpeg H   7 1 H 0.691243 0 0
  6 652  7 52 FA_T4.jpeg A   6 1 H 0.553143 0 0
  6 653  7 53 FH_T16.jpeg H   2 0 A 0.906764 0 0
  6 654  7 54 FH_T13.jpeg H   3 0 A 1.469943 0 0
  6 655  7 55 FH_T7.jpeg H   5 1 H 1.686385 0 0
  6 656  7 56 FA_T7.jpeg A   5 1 H 1.116810 0 0
  6 657  7 57 FA_T7.jpeg A   5 1 H 0.768327 0 0
  6 658  7 58 FH_T7.jpeg H   5 1 H 1.355111 0 0
  6 659  7 59 FA_T16.jpeg A   2 0 A 1.353623 0 0
  6 660  7 60 FH_T20.jpeg H   1 0 A 1.243511 0 0
  6 661  7 61 FH_T16.jpeg H   2 0 A 0.791145 0 0
  6 662  7 62 FA_T16.jpeg A   2 0 A 0.613549 0 0
  6 663  7 63 FA_T16.jpeg A   2 0 A 0.619189 0 0
  6 664  7 64 FA_T7.jpeg A   5 1 H 0.680759 0 0
  6 665  7 65 FA_T4.jpeg A   6 1 H 0.553074 0 0
  6 666  7 66 FH_T13.jpeg H   3 0 A 0.586148 0 0
  6 667  7 67 FH_T20.jpeg H   1 0 A 0.520311 0 0
  6 668  7 68 FA_T0.jpeg A   7 1 H 0.520618 0 0
  6 669  7 69 FH_T16.jpeg H   2 0 A 0.691665 0 0
  6 670  7 70 FA_T10.jpeg A   4 1 H 1.293517 0 0
  6 671  7 71 FH_T10.jpeg H   4 1 H 1.011751 0 0
  6 672  7 72 FH_T20.jpeg H   1 0 A 0.796133 0 0
  6 673  7 73 FA_T16.jpeg A   2 0 A 0.879985 0 0
  6 674  7 74 FA_T0.jpeg A   7 1 H 0.481381 0 0
  6 675  7 75 FH_T13.jpeg H   3 0 A 1.994605 0 0
  6 676  7 76 FH_T0.jpeg H   7 1 H 0.823376 0 0
  6 677  7 77 FH_T13.jpeg H   3 0 A 0.856854 0 0
  6 678  7 78 FH_T7.jpeg H   5 1 H 0.625032 0 0
  6 679  7 79 FH_T20.jpeg H   1 0 A 0.521670 0 0
  6 680  7 80 FA_T0.jpeg A   7 1 H 0.736720 0 0
  6 681  7 81 FH_T20.jpeg H   1 0 A 0.674375 0 0
  6 682  7 82 FA_T4.jpeg A   6 1 H 0.587166 0 0
  6 683  7 83 FA_T4.jpeg A   6 1 H 0.625295 0 0
  6 684  7 84 FA_T10.jpeg A   4 1 H 1.292270 0 0
  6 685  7 85 FH_T4.jpeg H   6 1 H 0.597568 0 0
  6 686  7 86 FA_T16.jpeg A   2 0 A 0.636627 0 0
  6 687  7 87 FA_T16.jpeg A   2 0 A 0.674413 0 0
  6 688  7 88 FA_T0.jpeg A   7 1 H 0.746102 0 0
  6 689  7 89 FA_T4.jpeg A   6 1 H 0.603025 0 0
  6 690  7 90 FH_T4.jpeg H   6 1 H 0.718905 0 0
  6 691  7 91 FH_T16.jpeg H   2 0 A 0.707935 0 0
  6 692  7 92 FH_T4.jpeg H   6 1 H 0.653054 0 0
  6 693  7 93 FH_T10.jpeg H   4 1 H 1.960653 0 0
  6 694  7 94 FH_T20.jpeg H   1 0 A 0.597236 0 0
  6 695  7 95 FH_T10.jpeg H   4 1 H 2.994708 0 0
  6 696  7 96 FH_T13.jpeg H   3 0 A 1.403985 0 0
  6 697  7 97 FA_T10.jpeg A   4 1 H 1.288469 0 0
  6 698  7 98 FA_T20.jpeg A   1 0 A 0.851033 0 0
  6 699  7 99 FH_T13.jpeg H   3 0 A 0.707904 0 0
  6 700  7 100 FA_T13.jpeg A   3 0 A 4.012931 0 0
