  4   1  1  1 FH_T20.jpeg H   1 0 A 1.038826 0 0
  4   2  1  2 FA_T16.jpeg A   2 0 A 0.751264 0 0
  4   3  1  3 FH_T7.jpeg H   5 0 A 0.940836 0 0
  4   4  1  4 FH_T10.jpeg H   4 0 A 0.784353 0 0
  4   5  1  5 FH_T7.jpeg H   5 0 A 0.669143 0 0
  4   6  1  6 FA_T13.jpeg A   3 0 A 0.613078 0 0
  4   7  1  7 FA_T7.jpeg A   5 1 H 0.801252 0 0
  4   8  1  8 FH_T10.jpeg H   4 0 A 0.998421 0 0
  4   9  1  9 FA_T13.jpeg A   3 0 A 1.645456 0 0
  4  10  1 10 FA_T4.jpeg A   6 1 H 0.658705 0 0
  4  11  1 11 FH_T16.jpeg H   2 0 A 0.865897 0 0
  4  12  1 12 FH_T16.jpeg H   2 0 A 0.548159 0 0
  4  13  1 13 FA_T4.jpeg A   6 1 H 0.606243 0 0
  4  14  1 14 FA_T20.jpeg A   1 0 A 0.532840 0 0
  4  15  1 15 FH_T7.jpeg H   5 1 H 1.476788 0 0
  4  16  1 16 FH_T13.jpeg H   3 0 A 0.763388 0 0
  4  17  1 17 FA_T0.jpeg A   7 1 H 0.670285 0 0
  4  18  1 18 FA_T7.jpeg A   5 1 H 0.750343 0 0
  4  19  1 19 FA_T0.jpeg A   7 1 H 0.652985 0 0
  4  20  1 20 FH_T16.jpeg H   2 0 A 0.635422 0 0
  4  21  1 21 FA_T4.jpeg A   6 1 H 0.836998 0 0
  4  22  1 22 FA_T13.jpeg A   3 0 A 0.681772 0 0
  4  23  1 23 FH_T4.jpeg H   6 1 H 0.699742 0 0
  4  24  1 24 FH_T13.jpeg H   3 0 A 0.789699 0 0
  4  25  1 25 FA_T20.jpeg A   1 0 A 0.715511 0 0
  4  26  1 26 FA_T20.jpeg A   1 0 A 0.676057 0 0
  4  27  1 27 FH_T4.jpeg H   6 1 H 1.003295 0 0
  4  28  1 28 FH_T7.jpeg H   5 1 H 1.011372 0 0
  4  29  1 29 FH_T10.jpeg H   4 0 A 1.271016 0 0
  4  30  1 30 FH_T0.jpeg H   7 1 H 0.683292 0 0
  4  31  1 31 FA_T13.jpeg A   3 0 A 0.819706 0 0
  4  32  1 32 FA_T7.jpeg A   5 1 H 1.273428 0 0
  4  33  1 33 FH_T7.jpeg H   5 0 A 4.401290 0 0
  4  34  1 34 FH_T20.jpeg H   1 0 A 0.623753 0 0
  4  35  1 35 FH_T0.jpeg H   7 1 H 0.664704 0 0
  4  36  1 36 FH_T20.jpeg H   1 0 A 1.044853 0 0
  4  37  1 37 FH_T7.jpeg H   5 0 A 1.319558 0 0
  4  38  1 38 FH_T4.jpeg H   6 1 H 0.751334 0 0
  4  39  1 39 FH_T10.jpeg H   4 0 A 0.842827 0 0
  4  40  1 40 FH_T20.jpeg H   1 0 A 0.762239 0 0
  4  41  1 41 FA_T0.jpeg A   7 1 H 0.717062 0 0
  4  42  1 42 FA_T20.jpeg A   1 0 A 1.253435 0 0
  4  43  1 43 FA_T16.jpeg A   2 0 A 0.757629 0 0
  4  44  1 44 FA_T20.jpeg A   1 0 A 0.642789 0 0
  4  45  1 45 FH_T10.jpeg H   4 0 A 1.044916 0 0
  4  46  1 46 FA_T0.jpeg A   7 1 H 0.664870 0 0
  4  47  1 47 FA_T20.jpeg A   1 0 A 0.617039 0 0
  4  48  1 48 FA_T0.jpeg A   7 1 H 0.780087 0 0
  4  49  1 49 FH_T20.jpeg H   1 0 A 0.682226 0 0
  4  50  1 50 FH_T7.jpeg H   5 0 A 2.460776 0 0
  4  51  1 51 FA_T20.jpeg A   1 0 A 0.548014 0 0
  4  52  1 52 FH_T16.jpeg H   2 0 A 0.601103 0 0
  4  53  1 53 FA_T7.jpeg A   5 1 H 2.751223 0 0
  4  54  1 54 FA_T20.jpeg A   1 0 A 0.704561 0 0
  4  55  1 55 FH_T0.jpeg H   7 1 H 0.808106 0 0
  4  56  1 56 FA_T7.jpeg A   5 1 H 0.826138 0 0
  4  57  1 57 FH_T20.jpeg H   1 0 A 0.716353 0 0
  4  58  1 58 FA_T7.jpeg A   5 1 H 1.801185 0 0
  4  59  1 59 FH_T13.jpeg H   3 0 A 1.261218 0 0
  4  60  1 60 FA_T0.jpeg A   7 1 H 0.722322 0 0
  4  61  1 61 FH_T0.jpeg H   7 1 H 0.693815 0 0
  4  62  1 62 FA_T0.jpeg A   7 1 H 0.600860 0 0
  4  63  1 63 FH_T4.jpeg H   6 1 H 1.223381 0 0
  4  64  1 64 FH_T13.jpeg H   3 0 A 0.872211 0 0
  4  65  1 65 FA_T16.jpeg A   2 0 A 0.717474 0 0
  4  66  1 66 FA_T4.jpeg A   6 1 H 1.004037 0 0
  4  67  1 67 FA_T4.jpeg A   6 1 H 0.593868 0 0
  4  68  1 68 FH_T0.jpeg H   7 1 H 0.680800 0 0
  4  69  1 69 FH_T16.jpeg H   2 0 A 0.744000 0 0
  4  70  1 70 FH_T4.jpeg H   6 1 H 2.051165 0 0
  4  71  1 71 FH_T13.jpeg H   3 0 A 0.739080 0 0
  4  72  1 72 FA_T0.jpeg A   7 1 H 0.653544 0 0
  4  73  1 73 FH_T0.jpeg H   7 1 H 3.758925 0 0
  4  74  1 74 FA_T10.jpeg A   4 1 H 1.872096 0 0
  4  75  1 75 FH_T10.jpeg H   4 0 A 0.791327 0 0
  4  76  1 76 FA_T7.jpeg A   5 1 H 1.845677 0 0
  4  77  1 77 FH_T20.jpeg H   1 0 A 0.578055 0 0
  4  78  1 78 FH_T4.jpeg H   6 1 H 0.962548 0 0
  4  79  1 79 FH_T7.jpeg H   5 0 A 5.013687 0 0
  4  80  1 80 FH_T13.jpeg H   3 0 A 0.785330 0 0
  4  81  1 81 FA_T16.jpeg A   2 0 A 2.771501 0 0
  4  82  1 82 FA_T20.jpeg A   1 0 A 0.813699 0 0
  4  83  1 83 FH_T10.jpeg H   4 0 A 0.745564 0 0
  4  84  1 84 FH_T7.jpeg H   5 0 A 0.867272 0 0
  4  85  1 85 FA_T16.jpeg A   2 0 A 0.641696 0 0
  4  86  1 86 FA_T20.jpeg A   1 0 A 0.882142 0 0
  4  87  1 87 FA_T7.jpeg A   5 1 H 1.055518 0 0
  4  88  1 88 FH_T10.jpeg H   4 0 A 0.721844 0 0
  4  89  1 89 FH_T4.jpeg H   6 1 H 0.757124 0 0
  4  90  1 90 FH_T10.jpeg H   4 0 A 0.554708 0 0
  4  91  1 91 FH_T16.jpeg H   2 0 A 0.554732 0 0
  4  92  1 92 FA_T0.jpeg A   7 1 H 0.577499 0 0
  4  93  1 93 FA_T7.jpeg A   5 1 H 0.980568 0 0
  4  94  1 94 FH_T4.jpeg H   6 1 H 0.876756 0 0
  4  95  1 95 FA_T4.jpeg A   6 1 H 0.624970 0 0
  4  96  1 96 FH_T13.jpeg H   3 0 A 0.733269 0 0
  4  97  1 97 FH_T13.jpeg H   3 0 A 0.641327 0 0
  4  98  1 98 FA_T4.jpeg A   6 1 H 0.796718 0 0
  4  99  1 99 FH_T20.jpeg H   1 0 A 0.635862 0 0
  4 100  1 100 FH_T4.jpeg H   6 1 H 3.168758 0 0
  4 101  2  1 FH_T0.jpeg H   7 1 H 0.629471 0 0
  4 102  2  2 FA_T16.jpeg A   2 0 A 0.669606 0 0
  4 103  2  3 FH_T13.jpeg H   3 0 A 0.740694 0 0
  4 104  2  4 FH_T16.jpeg H   2 0 A 0.659946 0 0
  4 105  2  5 FA_T0.jpeg A   7 1 H 1.562028 0 0
  4 106  2  6 FA_T10.jpeg A   4 0 A 2.051717 0 0
  4 107  2  7 FH_T20.jpeg H   1 0 A 0.855317 0 0
  4 108  2  8 FA_T7.jpeg A   5 1 H 0.780186 0 0
  4 109  2  9 FA_T0.jpeg A   7 1 H 0.658974 0 0
  4 110  2 10 FA_T16.jpeg A   2 0 A 0.957364 0 0
  4 111  2 11 FA_T4.jpeg A   6 1 H 0.739436 0 0
  4 112  2 12 FA_T13.jpeg A   3 0 A 0.710804 0 0
  4 113  2 13 FH_T16.jpeg H   2 0 A 0.629415 0 0
  4 114  2 14 FA_T20.jpeg A   1 0 A 0.653352 0 0
  4 115  2 15 FA_T7.jpeg A   5 1 H 0.866445 0 0
  4 116  2 16 FH_T10.jpeg H   4 0 A 0.728188 0 0
  4 117  2 17 FH_T16.jpeg H   2 0 A 0.635544 0 0
  4 118  2 18 FA_T10.jpeg A   4 1 H 1.165208 0 0
  4 119  2 19 FH_T10.jpeg H   4 0 A 0.688791 0 0
  4 120  2 20 FA_T16.jpeg A   2 0 A 0.612211 0 0
  4 121  2 21 FA_T10.jpeg A   4 0 A 1.160225 0 0
  4 122  2 22 FA_T4.jpeg A   6 1 H 0.676433 0 0
  4 123  2 23 FA_T4.jpeg A   6 1 H 0.675832 0 0
  4 124  2 24 FH_T4.jpeg H   6 1 H 0.887810 0 0
  4 125  2 25 FH_T10.jpeg H   4 1 H 0.964578 0 0
  4 126  2 26 FA_T13.jpeg A   3 0 A 0.624895 0 0
  4 127  2 27 FH_T4.jpeg H   6 1 H 0.698299 0 0
  4 128  2 28 FA_T13.jpeg A   3 0 A 0.549547 0 0
  4 129  2 29 FA_T13.jpeg A   3 0 A 0.490964 0 0
  4 130  2 30 FH_T20.jpeg H   1 0 A 0.728023 0 0
  4 131  2 31 FH_T10.jpeg H   4 0 A 0.595499 0 0
  4 132  2 32 FA_T16.jpeg A   2 0 A 0.588333 0 0
  4 133  2 33 FH_T7.jpeg H   5 1 H 1.396159 0 0
  4 134  2 34 FA_T20.jpeg A   1 0 A 0.548589 0 0
  4 135  2 35 FH_T7.jpeg H   5 1 H 3.428816 0 0
  4 136  2 36 FA_T13.jpeg A   3 0 A 1.008661 0 0
  4 137  2 37 FA_T4.jpeg A   6 1 H 0.676433 0 0
  4 138  2 38 FA_T20.jpeg A   1 0 A 0.617631 0 0
  4 139  2 39 FH_T16.jpeg H   2 0 A 0.744945 0 0
  4 140  2 40 FA_T20.jpeg A   1 0 A 0.749686 0 0
  4 141  2 41 FA_T0.jpeg A   7 1 H 0.629660 0 0
  4 142  2 42 FA_T16.jpeg A   2 0 A 0.640783 0 0
  4 143  2 43 FH_T10.jpeg H   4 0 A 0.848067 0 0
  4 144  2 44 FA_T0.jpeg A   7 1 H 0.507779 0 0
  4 145  2 45 FH_T10.jpeg H   4 0 A 1.026749 0 0
  4 146  2 46 FA_T0.jpeg A   7 1 H 0.745238 0 0
  4 147  2 47 FH_T20.jpeg H   1 0 A 0.553955 0 0
  4 148  2 48 FH_T16.jpeg H   2 0 A 0.554850 0 0
  4 149  2 49 FH_T4.jpeg H   6 1 H 0.745167 0 0
  4 150  2 50 FH_T13.jpeg H   3 0 A 0.699398 0 0
  4 151  2 51 FA_T16.jpeg A   2 0 A 1.702326 0 0
  4 152  2 52 FA_T7.jpeg A   5 1 H 0.743949 0 0
  4 153  2 53 FH_T0.jpeg H   7 1 H 0.601208 0 0
  4 154  2 54 FA_T4.jpeg A   6 1 H 1.680560 0 0
  4 155  2 55 FA_T10.jpeg A   4 0 A 1.973989 0 0
  4 156  2 56 FH_T7.jpeg H   5 1 H 2.031247 0 0
  4 157  2 57 FH_T20.jpeg H   1 0 A 0.572796 0 0
  4 158  2 58 FH_T13.jpeg H   3 0 A 1.078800 0 0
  4 159  2 59 FH_T0.jpeg H   7 1 H 2.899908 0 0
  4 160  2 60 FA_T7.jpeg A   5 1 H 1.247997 0 0
  4 161  2 61 FH_T13.jpeg H   3 0 A 0.636093 0 0
  4 162  2 62 FH_T4.jpeg H   6 1 H 1.067195 0 0
  4 163  2 63 FH_T10.jpeg H   4 0 A 0.745961 0 0
  4 164  2 64 FA_T10.jpeg A   4 0 A 2.428544 0 0
  4 165  2 65 FH_T4.jpeg H   6 1 H 1.415612 0 0
  4 166  2 66 FH_T16.jpeg H   2 0 A 0.596517 0 0
  4 167  2 67 FA_T16.jpeg A   2 0 A 0.611659 0 0
  4 168  2 68 FH_T4.jpeg H   6 1 H 0.703511 0 0
  4 169  2 69 FA_T16.jpeg A   2 0 A 0.813911 0 0
  4 170  2 70 FA_T7.jpeg A   5 1 H 0.779437 0 0
  4 171  2 71 FA_T10.jpeg A   4 1 H 0.606571 0 0
  4 172  2 72 FH_T4.jpeg H   6 1 H 0.913407 0 0
  4 173  2 73 FA_T7.jpeg A   5 1 H 0.681684 0 0
  4 174  2 74 FA_T7.jpeg A   5 1 H 0.553962 0 0
  4 175  2 75 FA_T10.jpeg A   4 1 H 0.630058 0 0
  4 176  2 76 FA_T13.jpeg A   3 0 A 0.646533 0 0
  4 177  2 77 FH_T20.jpeg H   1 0 A 0.560890 0 0
  4 178  2 78 FA_T20.jpeg A   1 0 A 0.803036 0 0
  4 179  2 79 FA_T16.jpeg A   2 0 A 0.871509 0 0
  4 180  2 80 FA_T4.jpeg A   6 1 H 1.361792 0 0
  4 181  2 81 FH_T16.jpeg H   2 0 A 0.663766 0 0
  4 182  2 82 FH_T20.jpeg H   1 0 A 0.999720 0 0
  4 183  2 83 FA_T10.jpeg A   4 0 A 2.670334 0 0
  4 184  2 84 FH_T16.jpeg H   2 0 A 0.716492 0 0
  4 185  2 85 FH_T4.jpeg H   6 1 H 0.743860 0 0
  4 186  2 86 FH_T20.jpeg H   1 0 A 0.629604 0 0
  4 187  2 87 FA_T16.jpeg A   2 0 A 0.641101 0 0
  4 188  2 88 FH_T7.jpeg H   5 0 A 2.733994 0 0
  4 189  2 89 FA_T20.jpeg A   1 0 A 0.715992 0 0
  4 190  2 90 FH_T13.jpeg H   3 0 A 0.595487 0 0
  4 191  2 91 FA_T10.jpeg A   4 0 A 1.227506 0 0
  4 192  2 92 FH_T7.jpeg H   5 0 A 0.974870 0 0
  4 193  2 93 FA_T13.jpeg A   3 0 A 0.740550 0 0
  4 194  2 94 FA_T7.jpeg A   5 1 H 1.304200 0 0
  4 195  2 95 FH_T16.jpeg H   2 0 A 0.629325 0 0
  4 196  2 96 FA_T16.jpeg A   2 0 A 0.582697 0 0
  4 197  2 97 FH_T13.jpeg H   3 0 A 0.669541 0 0
  4 198  2 98 FH_T13.jpeg H   3 0 A 0.496573 0 0
  4 199  2 99 FH_T7.jpeg H   5 1 H 0.750669 0 0
  4 200  2 100 FA_T4.jpeg A   6 1 H 0.462030 0 0
  4 201  3  1 FA_T10.jpeg A   4 0 A 1.027884 0 0
  4 202  3  2 FH_T13.jpeg H   3 0 A 0.772213 0 0
  4 203  3  3 FH_T20.jpeg H   1 0 A 0.590068 0 0
  4 204  3  4 FH_T0.jpeg H   7 1 H 1.872706 0 0
  4 205  3  5 FA_T0.jpeg A   7 1 H 0.605811 0 0
  4 206  3  6 FA_T16.jpeg A   2 0 A 0.612869 0 0
  4 207  3  7 FA_T0.jpeg A   7 1 H 0.589394 0 0
  4 208  3  8 FH_T13.jpeg H   3 0 A 1.988399 0 0
  4 209  3  9 FH_T10.jpeg H   4 0 A 1.060872 0 0
  4 210  3 10 FA_T13.jpeg A   3 0 A 0.646660 0 0
  4 211  3 11 FH_T13.jpeg H   3 0 A 0.635358 0 0
  4 212  3 12 FA_T0.jpeg A   7 1 H 0.617028 0 0
  4 213  3 13 FH_T0.jpeg H   7 1 H 0.762840 0 0
  4 214  3 14 FH_T20.jpeg H   1 0 A 0.635305 0 0
  4 215  3 15 FH_T20.jpeg H   1 0 A 1.106335 0 0
  4 216  3 16 FH_T20.jpeg H   1 0 A 0.600244 0 0
  4 217  3 17 FH_T10.jpeg H   4 0 A 0.745403 0 0
  4 218  3 18 FA_T13.jpeg A   3 0 A 0.635088 0 0
  4 219  3 19 FH_T16.jpeg H   2 0 A 2.367888 0 0
  4 220  3 20 FH_T10.jpeg H   4 0 A 0.715019 0 0
  4 221  3 21 FH_T7.jpeg H   5 0 A 3.466628 0 0
  4 222  3 22 FA_T10.jpeg A   4 0 A 0.964327 0 0
  4 223  3 23 FH_T16.jpeg H   2 0 A 0.842289 0 0
  4 224  3 24 FA_T16.jpeg A   2 0 A 0.732274 0 0
  4 225  3 25 FA_T10.jpeg A   4 1 H 1.123940 0 0
  4 226  3 26 FA_T0.jpeg A   7 1 H 0.520084 0 0
  4 227  3 27 FH_T10.jpeg H   4 0 A 0.779001 0 0
  4 228  3 28 FA_T4.jpeg A   6 1 H 0.710875 0 0
  4 229  3 29 FA_T4.jpeg A   6 1 H 0.635260 0 0
  4 230  3 30 FA_T4.jpeg A   6 1 H 0.467357 0 0
  4 231  3 31 FH_T0.jpeg H   7 1 H 0.605342 0 0
  4 232  3 32 FH_T0.jpeg H   7 1 H 0.474321 0 0
  4 233  3 33 FH_T10.jpeg H   4 0 A 0.842868 0 0
  4 234  3 34 FA_T20.jpeg A   1 0 A 0.616653 0 0
  4 235  3 35 FA_T4.jpeg A   6 1 H 0.952327 0 0
  4 236  3 36 FA_T16.jpeg A   2 0 A 0.772143 0 0
  4 237  3 37 FA_T16.jpeg A   2 0 A 0.884037 0 0
  4 238  3 38 FA_T7.jpeg A   5 1 H 1.493521 0 0
  4 239  3 39 FH_T16.jpeg H   2 0 A 0.789263 0 0
  4 240  3 40 FA_T20.jpeg A   1 0 A 1.309328 0 0
  4 241  3 41 FH_T16.jpeg H   2 0 A 0.767122 0 0
  4 242  3 42 FA_T0.jpeg A   7 1 H 0.565356 0 0
  4 243  3 43 FH_T0.jpeg H   7 1 H 0.636270 0 0
  4 244  3 44 FA_T4.jpeg A   6 1 H 0.911797 0 0
  4 245  3 45 FH_T0.jpeg H   7 1 H 0.513404 0 0
  4 246  3 46 FA_T7.jpeg A   5 1 H 0.674329 0 0
  4 247  3 47 FH_T20.jpeg H   1 0 A 0.450759 0 0
  4 248  3 48 FA_T7.jpeg A   5 1 H 1.579389 0 0
  4 249  3 49 FH_T16.jpeg H   2 0 A 0.717095 0 0
  4 250  3 50 FH_T20.jpeg H   1 0 A 0.668899 0 0
  4 251  3 51 FA_T20.jpeg A   1 0 A 0.531723 0 0
  4 252  3 52 FH_T16.jpeg H   2 0 A 0.468082 0 0
  4 253  3 53 FA_T10.jpeg A   4 0 A 1.619071 0 0
  4 254  3 54 FA_T0.jpeg A   7 1 H 0.669739 0 0
  4 255  3 55 FH_T7.jpeg H   5 0 A 2.131329 0 0
  4 256  3 56 FH_T20.jpeg H   1 0 A 0.642259 0 0
  4 257  3 57 FH_T10.jpeg H   4 0 A 0.875820 0 0
  4 258  3 58 FH_T0.jpeg H   7 1 H 0.530952 0 0
  4 259  3 59 FA_T4.jpeg A   6 1 H 0.400190 0 0
  4 260  3 60 FA_T20.jpeg A   1 0 A 0.508891 0 0
  4 261  3 61 FA_T0.jpeg A   7 1 H 0.623239 0 0
  4 262  3 62 FH_T16.jpeg H   2 0 A 0.617553 0 0
  4 263  3 63 FH_T16.jpeg H   2 0 A 1.424012 0 0
  4 264  3 64 FA_T0.jpeg A   7 1 H 1.802402 0 0
  4 265  3 65 FH_T10.jpeg H   4 0 A 0.687053 0 0
  4 266  3 66 FH_T7.jpeg H   5 0 A 2.274798 0 0
  4 267  3 67 FA_T10.jpeg A   4 0 A 1.257678 0 0
  4 268  3 68 FH_T4.jpeg H   6 1 H 0.813451 0 0
  4 269  3 69 FH_T0.jpeg H   7 0 A 0.720655 0 0
  4 270  3 70 FH_T10.jpeg H   4 0 A 0.652895 0 0
  4 271  3 71 FA_T7.jpeg A   5 1 H 1.134291 0 0
  4 272  3 72 FA_T13.jpeg A   3 0 A 0.778842 0 0
  4 273  3 73 FA_T16.jpeg A   2 0 A 0.739589 0 0
  4 274  3 74 FA_T10.jpeg A   4 0 A 4.471316 0 0
  4 275  3 75 FA_T7.jpeg A   5 1 H 0.841328 0 0
  4 276  3 76 FH_T0.jpeg H   7 1 H 0.802192 0 0
  4 277  3 77 FH_T0.jpeg H   7 1 H 0.559438 0 0
  4 278  3 78 FH_T0.jpeg H   7 1 H 0.554749 0 0
  4 279  3 79 FA_T16.jpeg A   2 0 A 0.715259 0 0
  4 280  3 80 FA_T13.jpeg A   3 0 A 0.697301 0 0
  4 281  3 81 FA_T13.jpeg A   3 0 A 0.691444 0 0
  4 282  3 82 FH_T4.jpeg H   6 1 H 0.824407 0 0
  4 283  3 83 FA_T4.jpeg A   6 1 H 0.716014 0 0
  4 284  3 84 FH_T0.jpeg H   7 1 H 1.514599 0 0
  4 285  3 85 FH_T4.jpeg H   6 1 H 1.239830 0 0
  4 286  3 86 FA_T0.jpeg A   7 1 H 0.559150 0 0
  4 287  3 87 FH_T20.jpeg H   1 0 A 0.507964 0 0
  4 288  3 88 FH_T20.jpeg H   1 0 A 0.923353 0 0
  4 289  3 89 FH_T4.jpeg H   6 1 H 1.159672 0 0
  4 290  3 90 FH_T10.jpeg H   4 0 A 1.205470 0 0
  4 291  3 91 FH_T13.jpeg H   3 0 A 0.577299 0 0
  4 292  3 92 FH_T13.jpeg H   3 0 A 0.755414 0 0
  4 293  3 93 FA_T4.jpeg A   6 1 H 2.016784 0 0
  4 294  3 94 FH_T13.jpeg H   3 0 A 0.668582 0 0
  4 295  3 95 FA_T4.jpeg A   6 1 H 0.629745 0 0
  4 296  3 96 FA_T0.jpeg A   7 1 H 0.652547 0 0
  4 297  3 97 FH_T10.jpeg H   4 0 A 0.693707 0 0
  4 298  3 98 FA_T16.jpeg A   2 0 A 0.807725 0 0
  4 299  3 99 FA_T4.jpeg A   6 1 H 0.863969 0 0
  4 300  3 100 FA_T13.jpeg A   3 0 A 0.847377 0 0
  4 301  4  1 FH_T13.jpeg H   3 0 A 0.542376 0 0
  4 302  4  2 FA_T0.jpeg A   7 1 H 0.593712 0 0
  4 303  4  3 FH_T10.jpeg H   4 0 A 0.927509 0 0
  4 304  4  4 FA_T13.jpeg A   3 0 A 0.617077 0 0
  4 305  4  5 FH_T0.jpeg H   7 1 H 0.547886 0 0
  4 306  4  6 FA_T7.jpeg A   5 1 H 1.870487 0 0
  4 307  4  7 FA_T4.jpeg A   6 1 H 1.226667 0 0
  4 308  4  8 FH_T13.jpeg H   3 0 A 0.714106 0 0
  4 309  4  9 FH_T4.jpeg H   6 1 H 0.760909 0 0
  4 310  4 10 FA_T0.jpeg A   7 1 H 0.656714 0 0
  4 311  4 11 FH_T0.jpeg H   7 1 H 0.709485 0 0
  4 312  4 12 FA_T7.jpeg A   5 1 H 0.829510 0 0
  4 313  4 13 FH_T16.jpeg H   2 0 A 0.524937 0 0
  4 314  4 14 FA_T10.jpeg A   4 0 A 0.923862 0 0
  4 315  4 15 FH_T4.jpeg H   6 1 H 2.113606 0 0
  4 316  4 16 FA_T7.jpeg A   5 1 H 0.697856 0 0
  4 317  4 17 FA_T13.jpeg A   3 0 A 0.469071 0 0
  4 318  4 18 FH_T0.jpeg H   7 1 H 0.633895 0 0
  4 319  4 19 FA_T13.jpeg A   3 0 A 0.743840 0 0
  4 320  4 20 FH_T20.jpeg H   1 0 A 0.709826 0 0
  4 321  4 21 FA_T13.jpeg A   3 0 A 0.559581 0 0
  4 322  4 22 FH_T4.jpeg H   6 1 H 1.209367 0 0
  4 323  4 23 FA_T13.jpeg A   3 0 A 0.796406 0 0
  4 324  4 24 FA_T10.jpeg A   4 0 A 1.211090 0 0
  4 325  4 25 FH_T20.jpeg H   1 0 A 0.731587 0 0
  4 326  4 26 FH_T0.jpeg H   7 1 H 0.578827 0 0
  4 327  4 27 FA_T10.jpeg A   4 0 A 2.866116 0 0
  4 328  4 28 FH_T20.jpeg H   1 0 A 0.629585 0 0
  4 329  4 29 FH_T13.jpeg H   3 0 A 0.835878 0 0
  4 330  4 30 FA_T16.jpeg A   2 0 A 5.340491 0 0
  4 331  4 31 FH_T16.jpeg H   2 0 A 0.536376 0 0
  4 332  4 32 FH_T10.jpeg H   4 0 A 0.899361 0 0
  4 333  4 33 FH_T0.jpeg H   7 1 H 0.600042 0 0
  4 334  4 34 FH_T0.jpeg H   7 1 H 0.601531 0 0
  4 335  4 35 FH_T0.jpeg H   7 1 H 0.697772 0 0
  4 336  4 36 FA_T13.jpeg A   3 0 A 6.647687 0 0
  4 337  4 37 FH_T4.jpeg H   6 1 H 1.963563 0 0
  4 338  4 38 FH_T4.jpeg H   6 1 H 1.163544 0 0
  4 339  4 39 FA_T10.jpeg A   4 0 A 2.529888 0 0
  4 340  4 40 FA_T7.jpeg A   5 1 H 1.618167 0 0
  4 341  4 41 FA_T4.jpeg A   6 1 H 0.727115 0 0
  4 342  4 42 FA_T7.jpeg A   5 1 H 0.911016 0 0
  4 343  4 43 FH_T10.jpeg H   4 0 A 0.863838 0 0
  4 344  4 44 FH_T16.jpeg H   2 0 A 0.566218 0 0
  4 345  4 45 FA_T13.jpeg A   3 0 A 1.263062 0 0
  4 346  4 46 FH_T20.jpeg H   1 0 A 0.680126 0 0
  4 347  4 47 FH_T16.jpeg H   2 0 A 0.710159 0 0
  4 348  4 48 FA_T20.jpeg A   1 0 A 0.906665 0 0
  4 349  4 49 FA_T16.jpeg A   2 0 A 2.965072 0 0
  4 350  4 50 FH_T0.jpeg H   7 1 H 0.576725 0 0
  4 351  4 51 FH_T13.jpeg H   3 0 A 0.727137 0 0
  4 352  4 52 FH_T10.jpeg H   4 0 A 1.803601 0 0
  4 353  4 53 FH_T13.jpeg H   3 0 A 2.649632 0 0
  4 354  4 54 FH_T10.jpeg H   4 0 A 0.542867 0 0
  4 355  4 55 FA_T16.jpeg A   2 0 A 0.543046 0 0
  4 356  4 56 FA_T20.jpeg A   1 0 A 0.438820 0 0
  4 357  4 57 FA_T0.jpeg A   7 1 H 0.565406 0 0
  4 358  4 58 FH_T13.jpeg H   3 0 A 0.773240 0 0
  4 359  4 59 FH_T7.jpeg H   5 0 A 1.497302 0 0
  4 360  4 60 FA_T4.jpeg A   6 1 H 0.738131 0 0
  4 361  4 61 FA_T13.jpeg A   3 0 A 0.576580 0 0
  4 362  4 62 FH_T7.jpeg H   5 0 A 1.425492 0 0
  4 363  4 63 FA_T4.jpeg A   6 1 H 1.119043 0 0
  4 364  4 64 FA_T7.jpeg A   5 1 H 2.035083 0 0
  4 365  4 65 FA_T20.jpeg A   1 0 A 0.630206 0 0
  4 366  4 66 FA_T10.jpeg A   4 0 A 1.008135 0 0
  4 367  4 67 FA_T20.jpeg A   1 1 H 1.646217 0 0
  4 368  4 68 FH_T7.jpeg H   5 0 A 1.312578 0 0
  4 369  4 69 FA_T20.jpeg A   1 0 A 1.133711 0 0
  4 370  4 70 FA_T20.jpeg A   1 0 A 1.417122 0 0
  4 371  4 71 FH_T13.jpeg H   3 0 A 0.858145 0 0
  4 372  4 72 FH_T10.jpeg H   4 0 A 0.829713 0 0
  4 373  4 73 FH_T4.jpeg H   6 1 H 0.933424 0 0
  4 374  4 74 FH_T20.jpeg H   1 0 A 0.680708 0 0
  4 375  4 75 FA_T10.jpeg A   4 0 A 2.085700 0 0
  4 376  4 76 FH_T13.jpeg H   3 0 A 0.589022 0 0
  4 377  4 77 FA_T16.jpeg A   2 0 A 0.650883 0 0
  4 378  4 78 FH_T16.jpeg H   2 0 A 1.203784 0 0
  4 379  4 79 FH_T13.jpeg H   3 0 A 0.593913 0 0
  4 380  4 80 FH_T13.jpeg H   3 0 A 4.482384 0 0
  4 381  4 81 FA_T16.jpeg A   2 0 A 0.663684 0 0
  4 382  4 82 FA_T10.jpeg A   4 0 A 1.538446 0 0
  4 383  4 83 FH_T0.jpeg H   7 1 H 0.369571 0 0
  4 384  4 84 FH_T0.jpeg H   7 1 H 0.445127 0 0
  4 385  4 85 FA_T4.jpeg A   6 1 H 0.444678 0 0
  4 386  4 86 FH_T10.jpeg H   4 0 A 0.824010 0 0
  4 387  4 87 FA_T10.jpeg A   4 1 H 1.362267 0 0
  4 388  4 88 FA_T20.jpeg A   1 0 A 0.583050 0 0
  4 389  4 89 FA_T13.jpeg A   3 0 A 0.702956 0 0
  4 390  4 90 FA_T7.jpeg A   5 1 H 1.026148 0 0
  4 391  4 91 FA_T4.jpeg A   6 1 H 0.444871 0 0
  4 392  4 92 FA_T0.jpeg A   7 1 H 0.502242 0 0
  4 393  4 93 FA_T7.jpeg A   5 1 H 0.986188 0 0
  4 394  4 94 FA_T0.jpeg A   7 1 H 0.462148 0 0
  4 395  4 95 FA_T16.jpeg A   2 0 A 0.622842 0 0
  4 396  4 96 FA_T13.jpeg A   3 0 A 1.463858 0 0
  4 397  4 97 FA_T13.jpeg A   3 0 A 0.853372 0 0
  4 398  4 98 FA_T7.jpeg A   5 1 H 1.786977 0 0
  4 399  4 99 FA_T13.jpeg A   3 0 A 2.635445 0 0
  4 400  4 100 FH_T13.jpeg H   3 0 A 0.588345 0 0
  4 401  5  1 FA_T16.jpeg A   2 0 A 0.841970 0 0
  4 402  5  2 FH_T0.jpeg H   7 1 H 0.692344 0 0
  4 403  5  3 FH_T0.jpeg H   7 1 H 0.502101 0 0
  4 404  5  4 FH_T16.jpeg H   2 0 A 0.686430 0 0
  4 405  5  5 FA_T0.jpeg A   7 1 H 0.612991 0 0
  4 406  5  6 FH_T20.jpeg H   1 0 A 0.571334 0 0
  4 407  5  7 FH_T16.jpeg H   2 1 H 0.566197 0 0
  4 408  5  8 FH_T16.jpeg H   2 1 H 0.519658 0 0
  4 409  5  9 FH_T0.jpeg H   7 1 H 0.722153 0 0
  4 410  5 10 FH_T20.jpeg H   1 0 A 0.650574 0 0
  4 411  5 11 FH_T4.jpeg H   6 1 H 1.723280 0 0
  4 412  5 12 FH_T7.jpeg H   5 0 A 1.330346 0 0
  4 413  5 13 FH_T4.jpeg H   6 1 H 3.109942 0 0
  4 414  5 14 FA_T10.jpeg A   4 1 H 2.260627 0 0
  4 415  5 15 FA_T16.jpeg A   2 0 A 0.812834 0 0
  4 416  5 16 FH_T4.jpeg H   6 1 H 0.905018 0 0
  4 417  5 17 FH_T4.jpeg H   6 1 H 0.599565 0 0
  4 418  5 18 FH_T20.jpeg H   1 0 A 0.830591 0 0
  4 419  5 19 FA_T13.jpeg A   3 0 A 0.703732 0 0
  4 420  5 20 FA_T20.jpeg A   1 0 A 0.801697 0 0
  4 421  5 21 FH_T7.jpeg H   5 1 H 2.795954 0 0
  4 422  5 22 FH_T20.jpeg H   1 0 A 1.146539 0 0
  4 423  5 23 FA_T0.jpeg A   7 1 H 0.652152 0 0
  4 424  5 24 FA_T20.jpeg A   1 0 A 2.773011 0 0
  4 425  5 25 FH_T7.jpeg H   5 0 A 1.200718 0 0
  4 426  5 26 FH_T16.jpeg H   2 0 A 0.616729 0 0
  4 427  5 27 FH_T16.jpeg H   2 0 A 0.658591 0 0
  4 428  5 28 FA_T20.jpeg A   1 0 A 1.019601 0 0
  4 429  5 29 FH_T20.jpeg H   1 0 A 0.542114 0 0
  4 430  5 30 FA_T20.jpeg A   1 0 A 0.501735 0 0
  4 431  5 31 FA_T0.jpeg A   7 1 H 0.680936 0 0
  4 432  5 32 FH_T7.jpeg H   5 0 A 1.013990 0 0
  4 433  5 33 FA_T0.jpeg A   7 1 H 0.658029 0 0
  4 434  5 34 FA_T4.jpeg A   6 1 H 0.542602 0 0
  4 435  5 35 FH_T7.jpeg H   5 0 A 0.762364 0 0
  4 436  5 36 FA_T20.jpeg A   1 0 A 0.647083 0 0
  4 437  5 37 FA_T10.jpeg A   4 0 A 0.957608 0 0
  4 438  5 38 FA_T16.jpeg A   2 0 A 0.634776 0 0
  4 439  5 39 FA_T7.jpeg A   5 1 H 1.055000 0 0
  4 440  5 40 FA_T13.jpeg A   3 0 A 0.818661 0 0
  4 441  5 41 FH_T0.jpeg H   7 1 H 0.789656 0 0
  4 442  5 42 FA_T16.jpeg A   2 0 A 0.722023 0 0
  4 443  5 43 FA_T4.jpeg A   6 1 H 3.168408 0 0
  4 444  5 44 FA_T16.jpeg A   2 0 A 0.548005 0 0
  4 445  5 45 FA_T10.jpeg A   4 1 H 1.905672 0 0
  4 446  5 46 FH_T16.jpeg H   2 0 A 0.599717 0 0
  4 447  5 47 FA_T13.jpeg A   3 0 A 0.594608 0 0
  4 448  5 48 FH_T4.jpeg H   6 1 H 0.473593 0 0
  4 449  5 49 FH_T7.jpeg H   5 1 H 0.633885 0 0
  4 450  5 50 FA_T20.jpeg A   1 0 A 0.398522 0 0
  4 451  5 51 FA_T7.jpeg A   5 1 H 1.295489 0 0
  4 452  5 52 FH_T4.jpeg H   6 1 H 0.755237 0 0
  4 453  5 53 FA_T10.jpeg A   4 0 A 1.785224 0 0
  4 454  5 54 FH_T16.jpeg H   2 0 A 0.721269 0 0
  4 455  5 55 FA_T0.jpeg A   7 1 H 0.726517 0 0
  4 456  5 56 FA_T10.jpeg A   4 0 A 1.574120 0 0
  4 457  5 57 FH_T16.jpeg H   2 0 A 0.669568 0 0
  4 458  5 58 FH_T7.jpeg H   5 0 A 1.111356 0 0
  4 459  5 59 FA_T4.jpeg A   6 1 H 1.606729 0 0
  4 460  5 60 FA_T7.jpeg A   5 1 H 0.663776 0 0
  4 461  5 61 FA_T7.jpeg A   5 1 H 0.623455 0 0
  4 462  5 62 FA_T7.jpeg A   5 1 H 0.617931 0 0
  4 463  5 63 FA_T16.jpeg A   2 0 A 0.605681 0 0
  4 464  5 64 FA_T4.jpeg A   6 1 H 0.484611 0 0
  4 465  5 65 FH_T4.jpeg H   6 1 H 2.160841 0 0
  4 466  5 66 FH_T0.jpeg H   7 1 H 0.531052 0 0
  4 467  5 67 FH_T4.jpeg H   6 1 H 1.113009 0 0
  4 468  5 68 FH_T0.jpeg H   7 1 H 0.629248 0 0
  4 469  5 69 FA_T20.jpeg A   1 0 A 0.750110 0 0
  4 470  5 70 FH_T13.jpeg H   3 0 A 0.680130 0 0
  4 471  5 71 FH_T7.jpeg H   5 0 A 1.244908 0 0
  4 472  5 72 FH_T16.jpeg H   2 0 A 0.647454 0 0
  4 473  5 73 FH_T16.jpeg H   2 0 A 2.764540 0 0
  4 474  5 74 FA_T10.jpeg A   4 1 H 3.680569 0 0
  4 475  5 75 FA_T13.jpeg A   3 0 A 0.836475 0 0
  4 476  5 76 FA_T20.jpeg A   1 0 A 4.118057 0 0
  4 477  5 77 FH_T20.jpeg H   1 0 A 0.680113 0 0
  4 478  5 78 FA_T4.jpeg A   6 1 H 0.939018 0 0
  4 479  5 79 FH_T7.jpeg H   5 0 A 2.492771 0 0
  4 480  5 80 FA_T7.jpeg A   5 1 H 3.017346 0 0
  4 481  5 81 FH_T0.jpeg H   7 1 H 0.612267 0 0
  4 482  5 82 FA_T7.jpeg A   5 0 A 1.975658 0 0
  4 483  5 83 FH_T13.jpeg H   3 0 A 0.743833 0 0
  4 484  5 84 FA_T13.jpeg A   3 0 A 1.169787 0 0
  4 485  5 85 FH_T0.jpeg H   7 1 H 0.560110 0 0
  4 486  5 86 FH_T0.jpeg H   7 1 H 0.762371 0 0
  4 487  5 87 FH_T4.jpeg H   6 1 H 1.681203 0 0
  4 488  5 88 FA_T13.jpeg A   3 0 A 0.662804 0 0
  4 489  5 89 FA_T0.jpeg A   7 1 H 0.693207 0 0
  4 490  5 90 FA_T13.jpeg A   3 0 A 1.416662 0 0
  4 491  5 91 FA_T13.jpeg A   3 0 A 0.594618 0 0
  4 492  5 92 FA_T13.jpeg A   3 0 A 0.734454 0 0
  4 493  5 93 FA_T7.jpeg A   5 1 H 5.312233 0 0
  4 494  5 94 FA_T10.jpeg A   4 1 H 1.410695 0 0
  4 495  5 95 FH_T20.jpeg H   1 0 A 0.370492 0 0
  4 496  5 96 FH_T7.jpeg H   5 0 A 0.934449 0 0
  4 497  5 97 FA_T16.jpeg A   2 0 A 0.601561 0 0
  4 498  5 98 FH_T10.jpeg H   4 0 A 1.246692 0 0
  4 499  5 99 FA_T13.jpeg A   3 0 A 0.669532 0 0
  4 500  5 100 FA_T4.jpeg A   6 1 H 1.166232 0 0
  4 501  6  1 FA_T7.jpeg A   5 1 H 2.378017 0 0
  4 502  6  2 FH_T0.jpeg H   7 1 H 0.635016 0 0
  4 503  6  3 FH_T10.jpeg H   4 0 A 0.611950 0 0
  4 504  6  4 FH_T10.jpeg H   4 0 A 0.726542 0 0
  4 505  6  5 FA_T16.jpeg A   2 0 A 0.825961 0 0
  4 506  6  6 FA_T4.jpeg A   6 1 H 0.537629 0 0
  4 507  6  7 FH_T10.jpeg H   4 0 A 0.652329 0 0
  4 508  6  8 FH_T20.jpeg H   1 0 A 0.565966 0 0
  4 509  6  9 FH_T7.jpeg H   5 0 A 0.768042 0 0
  4 510  6 10 FH_T13.jpeg H   3 0 A 0.513697 0 0
  4 511  6 11 FA_T10.jpeg A   4 0 A 0.882027 0 0
  4 512  6 12 FA_T20.jpeg A   1 0 A 0.623364 0 0
  4 513  6 13 FH_T7.jpeg H   5 0 A 0.647053 0 0
  4 514  6 14 FH_T4.jpeg H   6 1 H 1.228313 0 0
  4 515  6 15 FA_T20.jpeg A   1 0 A 0.571830 0 0
  4 516  6 16 FA_T7.jpeg A   5 1 H 1.659374 0 0
  4 517  6 17 FA_T4.jpeg A   6 1 H 0.893959 0 0
  4 518  6 18 FA_T0.jpeg A   7 1 H 0.594529 0 0
  4 519  6 19 FA_T0.jpeg A   7 1 H 0.548134 0 0
  4 520  6 20 FA_T4.jpeg A   6 1 H 0.657383 0 0
  4 521  6 21 FA_T7.jpeg A   5 1 H 0.659323 0 0
  4 522  6 22 FH_T0.jpeg H   7 1 H 0.675909 0 0
  4 523  6 23 FH_T4.jpeg H   6 1 H 1.083974 0 0
  4 524  6 24 FA_T20.jpeg A   1 0 A 0.623714 0 0
  4 525  6 25 FH_T20.jpeg H   1 0 A 2.665418 0 0
  4 526  6 26 FH_T13.jpeg H   3 0 A 0.588799 0 0
  4 527  6 27 FH_T20.jpeg H   1 0 A 0.697934 0 0
  4 528  6 28 FH_T7.jpeg H   5 0 A 0.916759 0 0
  4 529  6 29 FH_T16.jpeg H   2 0 A 0.548188 0 0
  4 530  6 30 FA_T16.jpeg A   2 0 A 0.594826 0 0
  4 531  6 31 FH_T20.jpeg H   1 0 A 0.646101 0 0
  4 532  6 32 FH_T20.jpeg H   1 0 A 0.600393 0 0
  4 533  6 33 FA_T13.jpeg A   3 0 A 0.548079 0 0
  4 534  6 34 FH_T4.jpeg H   6 1 H 1.068770 0 0
  4 535  6 35 FH_T10.jpeg H   4 0 A 0.863866 0 0
  4 536  6 36 FH_T7.jpeg H   5 0 A 0.502191 0 0
  4 537  6 37 FA_T10.jpeg A   4 0 A 1.382691 0 0
  4 538  6 38 FH_T20.jpeg H   1 0 A 0.687862 0 0
  4 539  6 39 FA_T16.jpeg A   2 0 A 0.451511 0 0
  4 540  6 40 FA_T4.jpeg A   6 1 H 0.525257 0 0
  4 541  6 41 FH_T16.jpeg H   2 0 A 0.876231 0 0
  4 542  6 42 FA_T16.jpeg A   2 0 A 0.704512 0 0
  4 543  6 43 FH_T7.jpeg H   5 0 A 1.141336 0 0
  4 544  6 44 FA_T16.jpeg A   2 0 A 1.279111 0 0
  4 545  6 45 FH_T4.jpeg H   6 1 H 0.743835 0 0
  4 546  6 46 FA_T16.jpeg A   2 0 A 0.491667 0 0
  4 547  6 47 FA_T16.jpeg A   2 0 A 0.536607 0 0
  4 548  6 48 FH_T20.jpeg H   1 0 A 0.869849 0 0
  4 549  6 49 FH_T13.jpeg H   3 0 A 1.025667 0 0
  4 550  6 50 FA_T7.jpeg A   5 0 A 0.928242 0 0
  4 551  6 51 FH_T16.jpeg H   2 0 A 0.588481 0 0
  4 552  6 52 FH_T10.jpeg H   4 0 A 0.617636 0 0
  4 553  6 53 FH_T16.jpeg H   2 0 A 0.663604 0 0
  4 554  6 54 FH_T7.jpeg H   5 0 A 0.998216 0 0
  4 555  6 55 FA_T0.jpeg A   7 1 H 0.427001 0 0
  4 556  6 56 FA_T7.jpeg A   5 1 H 0.450113 0 0
  4 557  6 57 FH_T16.jpeg H   2 0 A 0.646337 0 0
  4 558  6 58 FH_T16.jpeg H   2 0 A 1.043332 0 0
  4 559  6 59 FH_T7.jpeg H   5 1 H 0.640443 0 0
  4 560  6 60 FA_T13.jpeg A   3 0 A 0.991752 0 0
  4 561  6 61 FH_T10.jpeg H   4 0 A 1.708438 0 0
  4 562  6 62 FH_T16.jpeg H   2 0 A 0.624483 0 0
  4 563  6 63 FA_T4.jpeg A   6 1 H 0.807540 0 0
  4 564  6 64 FA_T13.jpeg A   3 0 A 0.916530 0 0
  4 565  6 65 FH_T10.jpeg H   4 0 A 0.634684 0 0
  4 566  6 66 FA_T13.jpeg A   3 0 A 0.893920 0 0
  4 567  6 67 FA_T4.jpeg A   6 1 H 0.756246 0 0
  4 568  6 68 FA_T10.jpeg A   4 0 A 0.777792 0 0
  4 569  6 69 FH_T0.jpeg H   7 1 H 0.837391 0 0
  4 570  6 70 FA_T10.jpeg A   4 0 A 0.855634 0 0
  4 571  6 71 FA_T4.jpeg A   6 1 H 0.687390 0 0
  4 572  6 72 FH_T7.jpeg H   5 0 A 1.672720 0 0
  4 573  6 73 FA_T0.jpeg A   7 1 H 0.565628 0 0
  4 574  6 74 FA_T0.jpeg A   7 1 H 0.571133 0 0
  4 575  6 75 FH_T4.jpeg H   6 0 A 3.261573 0 0
  4 576  6 76 FH_T10.jpeg H   4 0 A 0.640450 0 0
  4 577  6 77 FH_T7.jpeg H   5 0 A 1.446129 0 0
  4 578  6 78 FH_T7.jpeg H   5 0 A 0.726691 0 0
  4 579  6 79 FA_T0.jpeg A   7 1 H 0.599732 0 0
  4 580  6 80 FA_T10.jpeg A   4 1 H 0.806725 0 0
  4 581  6 81 FH_T16.jpeg H   2 0 A 0.623446 0 0
  4 582  6 82 FA_T13.jpeg A   3 0 A 0.767595 0 0
  4 583  6 83 FA_T16.jpeg A   2 0 A 0.628565 0 0
  4 584  6 84 FA_T13.jpeg A   3 0 A 0.554130 0 0
  4 585  6 85 FA_T10.jpeg A   4 0 A 2.452279 0 0
  4 586  6 86 FA_T20.jpeg A   1 0 A 0.565672 0 0
  4 587  6 87 FA_T4.jpeg A   6 1 H 0.566176 0 0
  4 588  6 88 FA_T10.jpeg A   4 0 A 0.760145 0 0
  4 589  6 89 FH_T13.jpeg H   3 0 A 0.705185 0 0
  4 590  6 90 FA_T20.jpeg A   1 0 A 0.618011 0 0
  4 591  6 91 FA_T10.jpeg A   4 0 A 1.152343 0 0
  4 592  6 92 FA_T20.jpeg A   1 0 A 0.600352 0 0
  4 593  6 93 FH_T4.jpeg H   6 1 H 0.421167 0 0
  4 594  6 94 FA_T13.jpeg A   3 0 A 0.760749 0 0
  4 595  6 95 FH_T13.jpeg H   3 0 A 0.542375 0 0
  4 596  6 96 FA_T16.jpeg A   2 0 A 0.640155 0 0
  4 597  6 97 FH_T20.jpeg H   1 0 A 0.571124 0 0
  4 598  6 98 FH_T10.jpeg H   4 0 A 1.090157 0 0
  4 599  6 99 FH_T13.jpeg H   3 0 A 0.502010 0 0
  4 600  6 100 FH_T7.jpeg H   5 0 A 3.119944 0 0
  4 601  7  1 FA_T20.jpeg A   1 0 A 1.002067 0 0
  4 602  7  2 FA_T10.jpeg A   4 1 H 1.336526 0 0
  4 603  7  3 FH_T4.jpeg H   6 1 H 0.772247 0 0
  4 604  7  4 FA_T0.jpeg A   7 1 H 0.542638 0 0
  4 605  7  5 FA_T16.jpeg A   2 0 A 1.111870 0 0
  4 606  7  6 FA_T20.jpeg A   1 0 A 0.478856 0 0
  4 607  7  7 FA_T0.jpeg A   7 1 H 0.604840 0 0
  4 608  7  8 FH_T13.jpeg H   3 0 A 1.509002 0 0
  4 609  7  9 FH_T13.jpeg H   3 0 A 1.907890 0 0
  4 610  7 10 FH_T20.jpeg H   1 0 A 0.640086 0 0
  4 611  7 11 FA_T10.jpeg A   4 0 A 2.097068 0 0
  4 612  7 12 FH_T7.jpeg H   5 0 A 2.015176 0 0
  4 613  7 13 FA_T7.jpeg A   5 1 H 1.433735 0 0
  4 614  7 14 FA_T10.jpeg A   4 0 A 1.163983 0 0
  4 615  7 15 FH_T10.jpeg H   4 0 A 0.744509 0 0
  4 616  7 16 FA_T16.jpeg A   2 0 A 0.800945 0 0
  4 617  7 17 FA_T4.jpeg A   6 1 H 0.628542 0 0
  4 618  7 18 FA_T10.jpeg A   4 1 H 1.855239 0 0
  4 619  7 19 FA_T20.jpeg A   1 0 A 1.284354 0 0
  4 620  7 20 FH_T4.jpeg H   6 1 H 2.425672 0 0
  4 621  7 21 FH_T4.jpeg H   6 1 H 0.633733 0 0
  4 622  7 22 FH_T0.jpeg H   7 1 H 0.525346 0 0
  4 623  7 23 FH_T20.jpeg H   1 0 A 2.211553 0 0
  4 624  7 24 FH_T4.jpeg H   6 1 H 0.766619 0 0
  4 625  7 25 FA_T0.jpeg A   7 1 H 1.237941 0 0
  4 626  7 26 FA_T10.jpeg A   4 0 A 0.819113 0 0
  4 627  7 27 FA_T10.jpeg A   4 1 H 0.715441 0 0
  4 628  7 28 FH_T7.jpeg H   5 0 A 1.231521 0 0
  4 629  7 29 FA_T16.jpeg A   2 0 A 0.806585 0 0
  4 630  7 30 FH_T4.jpeg H   6 1 H 0.766720 0 0
  4 631  7 31 FA_T13.jpeg A   3 0 A 0.801146 0 0
  4 632  7 32 FH_T4.jpeg H   6 1 H 0.790299 0 0
  4 633  7 33 FA_T13.jpeg A   3 0 A 1.974959 0 0
  4 634  7 34 FA_T16.jpeg A   2 0 A 0.554234 0 0
  4 635  7 35 FA_T10.jpeg A   4 1 H 2.717707 0 0
  4 636  7 36 FH_T16.jpeg H   2 0 A 0.790676 0 0
  4 637  7 37 FH_T13.jpeg H   3 0 A 0.819188 0 0
  4 638  7 38 FA_T20.jpeg A   1 0 A 0.715905 0 0
  4 639  7 39 FA_T7.jpeg A   5 1 H 0.852935 0 0
  4 640  7 40 FH_T20.jpeg H   1 0 A 0.634365 0 0
  4 641  7 41 FH_T20.jpeg H   1 0 A 0.577064 0 0
  4 642  7 42 FA_T10.jpeg A   4 1 H 1.681485 0 0
  4 643  7 43 FH_T10.jpeg H   4 0 A 0.771680 0 0
  4 644  7 44 FA_T0.jpeg A   7 1 H 0.663072 0 0
  4 645  7 45 FA_T4.jpeg A   6 1 H 0.888998 0 0
  4 646  7 46 FA_T10.jpeg A   4 0 A 3.143060 0 0
  4 647  7 47 FA_T7.jpeg A   5 1 H 0.857951 0 0
  4 648  7 48 FH_T13.jpeg H   3 0 A 0.829944 0 0
  4 649  7 49 FH_T16.jpeg H   2 0 A 0.686399 0 0
  4 650  7 50 FH_T0.jpeg H   7 1 H 0.675183 0 0
  4 651  7 51 FA_T4.jpeg A   6 1 H 1.410568 0 0
  4 652  7 52 FA_T4.jpeg A   6 1 H 0.605260 0 0
  4 653  7 53 FA_T7.jpeg A   5 1 H 0.709704 0 0
  4 654  7 54 FH_T0.jpeg H   7 1 H 0.490308 0 0
  4 655  7 55 FH_T0.jpeg H   7 1 H 0.467543 0 0
  4 656  7 56 FH_T13.jpeg H   3 0 A 0.595325 0 0
  4 657  7 57 FH_T13.jpeg H   3 0 A 0.525276 0 0
  4 658  7 58 FA_T10.jpeg A   4 0 A 0.944552 0 0
  4 659  7 59 FH_T10.jpeg H   4 0 A 0.651559 0 0
  4 660  7 60 FA_T20.jpeg A   1 0 A 0.749904 0 0
  4 661  7 61 FH_T10.jpeg H   4 0 A 0.630238 0 0
  4 662  7 62 FH_T20.jpeg H   1 0 A 0.720230 0 0
  4 663  7 63 FH_T10.jpeg H   4 0 A 0.606159 0 0
  4 664  7 64 FA_T13.jpeg A   3 0 A 0.750576 0 0
  4 665  7 65 FH_T13.jpeg H   3 0 A 0.565679 0 0
  4 666  7 66 FH_T0.jpeg H   7 1 H 0.525606 0 0
  4 667  7 67 FH_T4.jpeg H   6 1 H 1.013936 0 0
  4 668  7 68 FH_T7.jpeg H   5 0 A 1.048986 0 0
  4 669  7 69 FA_T0.jpeg A   7 1 H 0.617957 0 0
  4 670  7 70 FH_T16.jpeg H   2 0 A 4.356903 0 0
  4 671  7 71 FA_T7.jpeg A   5 1 H 1.084034 0 0
  4 672  7 72 FH_T0.jpeg H   7 1 H 0.502364 0 0
  4 673  7 73 FH_T7.jpeg H   5 0 A 1.266853 0 0
  4 674  7 74 FA_T20.jpeg A   1 0 A 0.571282 0 0
  4 675  7 75 FA_T10.jpeg A   4 0 A 0.789567 0 0
  4 676  7 76 FH_T16.jpeg H   2 0 A 0.467316 0 0
  4 677  7 77 FA_T0.jpeg A   7 1 H 0.651427 0 0
  4 678  7 78 FA_T4.jpeg A   6 1 H 0.680481 0 0
  4 679  7 79 FA_T20.jpeg A   1 0 A 0.628567 0 0
  4 680  7 80 FA_T13.jpeg A   3 0 A 0.674803 0 0
  4 681  7 81 FA_T0.jpeg A   7 1 H 0.445139 0 0
  4 682  7 82 FA_T4.jpeg A   6 1 H 0.801942 0 0
  4 683  7 83 FH_T7.jpeg H   5 0 A 1.244096 0 0
  4 684  7 84 FH_T13.jpeg H   3 0 A 0.680383 0 0
  4 685  7 85 FA_T0.jpeg A   7 1 H 0.594418 0 0
  4 686  7 86 FH_T7.jpeg H   5 0 A 2.056972 0 0
  4 687  7 87 FA_T0.jpeg A   7 1 H 0.697869 0 0
  4 688  7 88 FH_T13.jpeg H   3 0 A 0.530586 0 0
  4 689  7 89 FH_T10.jpeg H   4 0 A 0.559635 0 0
  4 690  7 90 FA_T7.jpeg A   5 1 H 0.696625 0 0
  4 691  7 91 FH_T20.jpeg H   1 0 A 0.524610 0 0
  4 692  7 92 FH_T13.jpeg H   3 0 A 2.097076 0 0
  4 693  7 93 FH_T7.jpeg H   5 0 A 1.301413 0 0
  4 694  7 94 FH_T0.jpeg H   7 1 H 0.594924 0 0
  4 695  7 95 FH_T7.jpeg H   5 0 A 0.541838 0 0
  4 696  7 96 FA_T20.jpeg A   1 0 A 0.703796 0 0
  4 697  7 97 FH_T4.jpeg H   6 1 H 0.680899 0 0
  4 698  7 98 FH_T10.jpeg H   4 0 A 0.686512 0 0
  4 699  7 99 FA_T16.jpeg A   2 0 A 0.565046 0 0
  4 700  7 100 FA_T20.jpeg A   1 0 A 0.548168 0 0
