 14   1  1  1 FA_T16.jpeg A   2 0 A 3.301011 0 0
 14   2  1  2 FH_T7.jpeg H   5 1 H 2.791563 0 0
 14   3  1  3 FH_T7.jpeg H   5 1 H 2.775081 0 0
 14   4  1  4 FH_T20.jpeg H   1 0 A 2.067169 0 0
 14   5  1  5 FH_T16.jpeg H   2 0 A 0.702694 0 0
 14   6  1  6 FA_T13.jpeg A   3 0 A 1.023642 0 0
 14   7  1  7 FH_T20.jpeg H   1 0 A 0.985025 0 0
 14   8  1  8 FH_T0.jpeg H   7 1 H 0.725870 0 0
 14   9  1  9 FH_T16.jpeg H   2 0 A 1.308459 0 0
 14  10  1 10 FA_T0.jpeg A   7 1 H 0.752767 0 0
 14  11  1 11 FA_T0.jpeg A   7 1 H 0.570484 0 0
 14  12  1 12 FH_T7.jpeg H   5 1 H 0.857611 0 0
 14  13  1 13 FA_T4.jpeg A   6 1 H 0.935229 0 0
 14  14  1 14 FH_T16.jpeg H   2 0 A 1.255496 0 0
 14  15  1 15 FH_T10.jpeg H   4 1 H 1.730100 0 0
 14  16  1 16 FH_T10.jpeg H   4 1 H 2.326177 0 0
 14  17  1 17 FH_T7.jpeg H   5 1 H 0.724899 0 0
 14  18  1 18 FA_T4.jpeg A   6 1 H 0.619353 0 0
 14  19  1 19 FA_T4.jpeg A   6 1 H 0.541622 0 0
 14  20  1 20 FH_T13.jpeg H   3 0 A 0.718854 0 0
 14  21  1 21 FA_T0.jpeg A   7 1 H 0.553583 0 0
 14  22  1 22 FA_T4.jpeg A   6 1 H 0.575234 0 0
 14  23  1 23 FA_T20.jpeg A   1 0 A 0.669216 0 0
 14  24  1 24 FH_T13.jpeg H   3 0 A 1.106374 0 0
 14  25  1 25 FA_T16.jpeg A   2 0 A 0.598005 0 0
 14  26  1 26 FA_T16.jpeg A   2 0 A 0.586846 0 0
 14  27  1 27 FH_T4.jpeg H   6 1 H 0.608527 0 0
 14  28  1 28 FH_T13.jpeg H   3 0 A 0.653665 0 0
 14  29  1 29 FH_T16.jpeg H   2 0 A 0.520392 0 0
 14  30  1 30 FH_T7.jpeg H   5 1 H 0.813329 0 0
 14  31  1 31 FH_T20.jpeg H   1 0 A 0.597191 0 0
 14  32  1 32 FH_T0.jpeg H   7 1 H 0.520167 0 0
 14  33  1 33 FA_T13.jpeg A   3 0 A 0.829304 0 0
 14  34  1 34 FA_T4.jpeg A   6 1 H 0.509908 0 0
 14  35  1 35 FA_T10.jpeg A   4 1 H 1.078619 0 0
 14  36  1 36 FA_T4.jpeg A   6 1 H 0.647669 0 0
 14  37  1 37 FH_T20.jpeg H   1 0 A 0.691579 0 0
 14  38  1 38 FA_T20.jpeg A   1 0 A 0.586089 0 0
 14  39  1 39 FA_T7.jpeg A   5 1 H 0.657975 0 0
 14  40  1 40 FA_T0.jpeg A   7 1 H 0.465289 0 0
 14  41  1 41 FA_T13.jpeg A   3 0 A 1.074561 0 0
 14  42  1 42 FA_T0.jpeg A   7 1 H 0.725370 0 0
 14  43  1 43 FA_T10.jpeg A   4 1 H 1.963489 0 0
 14  44  1 44 FA_T13.jpeg A   3 0 A 0.862761 0 0
 14  45  1 45 FH_T7.jpeg H   5 1 H 1.111817 0 0
 14  46  1 46 FA_T16.jpeg A   2 0 A 0.470915 0 0
 14  47  1 47 FA_T13.jpeg A   3 0 A 0.465457 0 0
 14  48  1 48 FA_T7.jpeg A   5 1 H 0.426546 0 0
 14  49  1 49 FA_T7.jpeg A   5 1 H 0.520982 0 0
 14  50  1 50 FH_T0.jpeg H   7 1 H 0.426590 0 0
 14  51  1 51 FA_T4.jpeg A   6 1 H 0.431351 0 0
 14  52  1 52 FA_T10.jpeg A   4 1 H 0.470207 0 0
 14  53  1 53 FA_T10.jpeg A   4 1 H 0.415815 0 0
 14  54  1 54 FA_T7.jpeg A   5 1 H 0.420283 0 0
 14  55  1 55 FH_T4.jpeg H   6 1 H 0.371001 0 0
 14  56  1 56 FH_T10.jpeg H   4 1 H 0.553400 0 0
 14  57  1 57 FA_T0.jpeg A   7 1 H 0.553567 0 0
 14  58  1 58 FA_T10.jpeg A   4 1 H 1.255702 0 0
 14  59  1 59 FH_T7.jpeg H   5 1 H 0.692144 0 0
 14  60  1 60 FH_T10.jpeg H   4 1 H 1.759358 0 0
 14  61  1 61 FH_T4.jpeg H   6 1 H 0.753352 0 0
 14  62  1 62 FA_T20.jpeg A   1 0 A 0.520404 0 0
 14  63  1 63 FH_T13.jpeg H   3 0 A 0.686521 0 0
 14  64  1 64 FH_T13.jpeg H   3 0 A 0.431442 0 0
 14  65  1 65 FH_T20.jpeg H   1 0 A 0.531656 0 0
 14  66  1 66 FA_T16.jpeg A   2 0 A 0.614615 0 0
 14  67  1 67 FH_T13.jpeg H   3 0 A 0.443878 0 0
 14  68  1 68 FA_T16.jpeg A   2 0 A 0.459971 0 0
 14  69  1 69 FA_T7.jpeg A   5 1 H 0.626080 0 0
 14  70  1 70 FH_T0.jpeg H   7 1 H 0.548549 0 0
 14  71  1 71 FH_T10.jpeg H   4 0 A 1.829584 0 0
 14  72  1 72 FA_T7.jpeg A   5 1 H 0.652410 0 0
 14  73  1 73 FA_T10.jpeg A   4 1 H 1.437694 0 0
 14  74  1 74 FH_T0.jpeg H   7 1 H 0.481846 0 0
 14  75  1 75 FA_T20.jpeg A   1 0 A 0.532322 0 0
 14  76  1 76 FH_T0.jpeg H   7 1 H 0.835421 0 0
 14  77  1 77 FH_T10.jpeg H   4 0 A 0.703208 0 0
 14  78  1 78 FH_T4.jpeg H   6 1 H 0.580626 0 0
 14  79  1 79 FH_T7.jpeg H   5 1 H 1.581430 0 0
 14  80  1 80 FA_T16.jpeg A   2 0 A 0.686404 0 0
 14  81  1 81 FA_T4.jpeg A   6 1 H 0.652530 0 0
 14  82  1 82 FA_T10.jpeg A   4 1 H 1.283216 0 0
 14  83  1 83 FH_T7.jpeg H   5 1 H 1.271372 0 0
 14  84  1 84 FH_T7.jpeg H   5 1 H 0.503345 0 0
 14  85  1 85 FA_T7.jpeg A   5 1 H 0.470573 0 0
 14  86  1 86 FH_T13.jpeg H   3 0 A 0.581315 0 0
 14  87  1 87 FA_T4.jpeg A   6 1 H 0.442999 0 0
 14  88  1 88 FA_T0.jpeg A   7 1 H 0.503371 0 0
 14  89  1 89 FH_T20.jpeg H   1 0 A 0.503284 0 0
 14  90  1 90 FH_T10.jpeg H   4 0 A 0.575588 0 0
 14  91  1 91 FH_T20.jpeg H   1 0 A 0.443395 0 0
 14  92  1 92 FH_T7.jpeg H   5 1 H 0.625872 0 0
 14  93  1 93 FA_T0.jpeg A   7 1 H 0.525868 0 0
 14  94  1 94 FH_T10.jpeg H   4 0 A 0.603321 0 0
 14  95  1 95 FH_T13.jpeg H   3 0 A 0.437660 0 0
 14  96  1 96 FH_T20.jpeg H   1 0 A 0.442611 0 0
 14  97  1 97 FA_T20.jpeg A   1 0 A 0.674305 0 0
 14  98  1 98 FH_T13.jpeg H   3 0 A 0.376642 0 0
 14  99  1 99 FH_T10.jpeg H   4 0 A 0.481501 0 0
 14 100  1 100 FH_T16.jpeg H   2 0 A 0.359823 0 0
 14 101  2  1 FA_T0.jpeg A   7 1 H 0.797133 0 0
 14 102  2  2 FA_T16.jpeg A   2 0 A 0.475602 0 0
 14 103  2  3 FA_T10.jpeg A   4 1 H 1.840666 0 0
 14 104  2  4 FA_T4.jpeg A   6 1 H 0.465132 0 0
 14 105  2  5 FH_T4.jpeg H   6 1 H 0.609120 0 0
 14 106  2  6 FH_T10.jpeg H   4 0 A 1.282838 0 0
 14 107  2  7 FH_T10.jpeg H   4 0 A 0.536161 0 0
 14 108  2  8 FA_T16.jpeg A   2 0 A 0.873916 0 0
 14 109  2  9 FH_T4.jpeg H   6 1 H 0.708374 0 0
 14 110  2 10 FH_T4.jpeg H   6 1 H 0.603244 0 0
 14 111  2 11 FA_T0.jpeg A   7 1 H 0.503239 0 0
 14 112  2 12 FA_T7.jpeg A   5 1 H 0.735712 0 0
 14 113  2 13 FH_T20.jpeg H   1 0 A 0.647382 0 0
 14 114  2 14 FH_T7.jpeg H   5 1 H 0.873394 0 0
 14 115  2 15 FA_T4.jpeg A   6 1 H 0.448177 0 0
 14 116  2 16 FH_T7.jpeg H   5 1 H 0.923624 0 0
 14 117  2 17 FH_T7.jpeg H   5 1 H 0.625472 0 0
 14 118  2 18 FH_T20.jpeg H   1 0 A 0.459096 0 0
 14 119  2 19 FA_T16.jpeg A   2 0 A 0.337814 0 0
 14 120  2 20 FA_T4.jpeg A   6 1 H 0.613920 0 0
 14 121  2 21 FH_T7.jpeg H   5 1 H 0.730105 0 0
 14 122  2 22 FH_T20.jpeg H   1 0 A 0.525788 0 0
 14 123  2 23 FA_T13.jpeg A   3 0 A 1.724913 0 0
 14 124  2 24 FH_T20.jpeg H   1 0 A 0.448578 0 0
 14 125  2 25 FH_T7.jpeg H   5 1 H 0.675343 0 0
 14 126  2 26 FA_T20.jpeg A   1 0 A 0.508883 0 0
 14 127  2 27 FA_T13.jpeg A   3 0 A 0.679800 0 0
 14 128  2 28 FA_T13.jpeg A   3 0 A 0.608622 0 0
 14 129  2 29 FA_T20.jpeg A   1 0 A 0.508892 0 0
 14 130  2 30 FH_T13.jpeg H   3 0 A 0.674969 0 0
 14 131  2 31 FA_T4.jpeg A   6 1 H 1.371683 0 0
 14 132  2 32 FA_T10.jpeg A   4 1 H 0.950782 0 0
 14 133  2 33 FA_T10.jpeg A   4 1 H 0.779423 0 0
 14 134  2 34 FA_T7.jpeg A   5 1 H 0.437738 0 0
 14 135  2 35 FH_T13.jpeg H   3 0 A 0.459217 0 0
 14 136  2 36 FA_T20.jpeg A   1 0 A 0.415341 0 0
 14 137  2 37 FA_T16.jpeg A   2 0 A 0.702652 0 0
 14 138  2 38 FH_T0.jpeg H   7 1 H 0.558751 0 0
 14 139  2 39 FH_T4.jpeg H   6 1 H 0.625187 0 0
 14 140  2 40 FA_T4.jpeg A   6 1 H 0.431352 0 0
 14 141  2 41 FH_T16.jpeg H   2 0 A 0.464595 0 0
 14 142  2 42 FA_T0.jpeg A   7 1 H 0.530929 0 0
 14 143  2 43 FH_T7.jpeg H   5 1 H 1.282507 0 0
 14 144  2 44 FA_T16.jpeg A   2 0 A 0.868382 0 0
 14 145  2 45 FA_T10.jpeg A   4 1 H 0.817879 0 0
 14 146  2 46 FA_T13.jpeg A   3 0 A 0.652268 0 0
 14 147  2 47 FH_T0.jpeg H   7 1 H 0.718133 0 0
 14 148  2 48 FH_T4.jpeg H   6 1 H 0.453432 0 0
 14 149  2 49 FH_T7.jpeg H   5 1 H 0.624857 0 0
 14 150  2 50 FH_T0.jpeg H   7 1 H 0.481414 0 0
 14 151  2 51 FH_T4.jpeg H   6 1 H 0.437666 0 0
 14 152  2 52 FA_T4.jpeg A   6 1 H 0.548102 0 0
 14 153  2 53 FH_T10.jpeg H   4 0 A 0.520723 0 0
 14 154  2 54 FH_T16.jpeg H   2 0 A 0.558750 0 0
 14 155  2 55 FH_T13.jpeg H   3 0 A 0.614306 0 0
 14 156  2 56 FA_T4.jpeg A   6 1 H 0.570307 0 0
 14 157  2 57 FH_T16.jpeg H   2 0 A 0.503853 0 0
 14 158  2 58 FA_T13.jpeg A   3 0 A 0.736050 0 0
 14 159  2 59 FH_T16.jpeg H   2 0 A 0.377056 0 0
 14 160  2 60 FH_T10.jpeg H   4 0 A 0.338120 0 0
 14 161  2 61 FH_T13.jpeg H   3 0 A 0.371174 0 0
 14 162  2 62 FH_T16.jpeg H   2 0 A 0.366000 0 0
 14 163  2 63 FH_T7.jpeg H   5 0 A 0.376671 0 0
 14 164  2 64 FA_T13.jpeg A   3 0 A 0.426085 0 0
 14 165  2 65 FA_T16.jpeg A   2 0 A 0.415500 0 0
 14 166  2 66 FA_T10.jpeg A   4 1 H 0.692015 0 0
 14 167  2 67 FH_T10.jpeg H   4 1 H 0.913498 0 0
 14 168  2 68 FH_T16.jpeg H   2 0 A 0.597030 0 0
 14 169  2 69 FA_T0.jpeg A   7 1 H 0.558451 0 0
 14 170  2 70 FA_T20.jpeg A   1 0 A 0.403492 0 0
 14 171  2 71 FA_T13.jpeg A   3 0 A 0.559064 0 0
 14 172  2 72 FH_T7.jpeg H   5 1 H 0.558610 0 0
 14 173  2 73 FH_T0.jpeg H   7 1 H 0.481122 0 0
 14 174  2 74 FH_T13.jpeg H   3 0 A 0.641065 0 0
 14 175  2 75 FH_T10.jpeg H   4 0 A 0.431668 0 0
 14 176  2 76 FA_T16.jpeg A   2 0 A 0.487138 0 0
 14 177  2 77 FH_T0.jpeg H   7 1 H 0.504111 0 0
 14 178  2 78 FA_T10.jpeg A   4 1 H 0.619315 0 0
 14 179  2 79 FH_T16.jpeg H   2 0 A 0.458995 0 0
 14 180  2 80 FA_T20.jpeg A   1 0 A 0.437062 0 0
 14 181  2 81 FA_T16.jpeg A   2 0 A 0.818968 0 0
 14 182  2 82 FA_T10.jpeg A   4 1 H 0.658225 0 0
 14 183  2 83 FA_T4.jpeg A   6 1 H 0.487598 0 0
 14 184  2 84 FA_T7.jpeg A   5 1 H 0.503673 0 0
 14 185  2 85 FH_T0.jpeg H   7 1 H 0.459714 0 0
 14 186  2 86 FA_T4.jpeg A   6 1 H 0.497572 0 0
 14 187  2 87 FH_T20.jpeg H   1 0 A 0.486881 0 0
 14 188  2 88 FA_T13.jpeg A   3 0 A 0.961740 0 0
 14 189  2 89 FA_T20.jpeg A   1 0 A 0.619812 0 0
 14 190  2 90 FA_T20.jpeg A   1 0 A 0.425839 0 0
 14 191  2 91 FA_T4.jpeg A   6 1 H 0.536810 0 0
 14 192  2 92 FH_T10.jpeg H   4 1 H 1.464929 0 0
 14 193  2 93 FH_T16.jpeg H   2 0 A 0.476446 0 0
 14 194  2 94 FA_T10.jpeg A   4 1 H 0.692083 0 0
 14 195  2 95 FA_T13.jpeg A   3 0 A 0.719140 0 0
 14 196  2 96 FA_T16.jpeg A   2 0 A 0.426407 0 0
 14 197  2 97 FA_T20.jpeg A   1 0 A 0.437504 0 0
 14 198  2 98 FA_T13.jpeg A   3 0 A 0.321520 0 0
 14 199  2 99 FA_T10.jpeg A   4 0 A 0.376577 0 0
 14 200  2 100 FA_T16.jpeg A   2 0 A 0.409570 0 0
 14 201  3  1 FH_T10.jpeg H   4 0 A 2.193792 0 0
 14 202  3  2 FH_T4.jpeg H   6 1 H 0.708220 0 0
 14 203  3  3 FH_T20.jpeg H   1 0 A 0.481738 0 0
 14 204  3  4 FA_T7.jpeg A   5 1 H 0.432169 0 0
 14 205  3  5 FH_T7.jpeg H   5 1 H 0.652645 0 0
 14 206  3  6 FH_T7.jpeg H   5 1 H 0.564899 0 0
 14 207  3  7 FA_T7.jpeg A   5 1 H 0.410277 0 0
 14 208  3  8 FA_T13.jpeg A   3 1 H 0.548234 0 0
 14 209  3  9 FA_T13.jpeg A   3 1 H 0.426534 0 0
 14 210  3 10 FA_T13.jpeg A   3 1 H 0.426081 0 0
 14 211  3 11 FH_T0.jpeg H   7 1 H 0.459016 0 0
 14 212  3 12 FA_T16.jpeg A   2 0 A 0.680342 0 0
 14 213  3 13 FH_T4.jpeg H   6 1 H 0.420923 0 0
 14 214  3 14 FA_T0.jpeg A   7 1 H 0.470604 0 0
 14 215  3 15 FA_T16.jpeg A   2 0 A 0.437287 0 0
 14 216  3 16 FH_T20.jpeg H   1 0 A 0.404264 0 0
 14 217  3 17 FH_T16.jpeg H   2 0 A 0.454017 0 0
 14 218  3 18 FA_T20.jpeg A   1 0 A 0.409778 0 0
 14 219  3 19 FH_T0.jpeg H   7 1 H 0.543031 0 0
 14 220  3 20 FH_T10.jpeg H   4 1 H 0.934788 0 0
 14 221  3 21 FH_T16.jpeg H   2 0 A 0.475822 0 0
 14 222  3 22 FA_T7.jpeg A   5 1 H 0.425692 0 0
 14 223  3 23 FH_T7.jpeg H   5 1 H 0.564664 0 0
 14 224  3 24 FH_T10.jpeg H   4 1 H 0.619726 0 0
 14 225  3 25 FH_T7.jpeg H   5 1 H 0.806778 0 0
 14 226  3 26 FH_T20.jpeg H   1 0 A 0.525521 0 0
 14 227  3 27 FH_T13.jpeg H   3 0 A 0.983903 0 0
 14 228  3 28 FA_T16.jpeg A   2 0 A 0.465059 0 0
 14 229  3 29 FA_T10.jpeg A   4 1 H 0.586398 0 0
 14 230  3 30 FH_T4.jpeg H   6 1 H 0.497706 0 0
 14 231  3 31 FH_T4.jpeg H   6 1 H 0.619495 0 0
 14 232  3 32 FH_T20.jpeg H   1 0 A 0.503911 0 0
 14 233  3 33 FH_T13.jpeg H   3 0 A 0.812588 0 0
 14 234  3 34 FH_T0.jpeg H   7 1 H 0.553564 0 0
 14 235  3 35 FA_T16.jpeg A   2 0 A 0.636545 0 0
 14 236  3 36 FA_T13.jpeg A   3 0 A 0.469930 0 0
 14 237  3 37 FH_T16.jpeg H   2 0 A 0.509330 0 0
 14 238  3 38 FH_T13.jpeg H   3 0 A 0.492578 0 0
 14 239  3 39 FH_T13.jpeg H   3 0 A 0.526047 0 0
 14 240  3 40 FA_T4.jpeg A   6 1 H 1.294016 0 0
 14 241  3 41 FH_T4.jpeg H   6 1 H 0.823564 0 0
 14 242  3 42 FH_T0.jpeg H   7 1 H 0.580910 0 0
 14 243  3 43 FH_T13.jpeg H   3 0 A 0.867805 0 0
 14 244  3 44 FH_T10.jpeg H   4 0 A 0.564523 0 0
 14 245  3 45 FH_T10.jpeg H   4 0 A 0.657933 0 0
 14 246  3 46 FA_T16.jpeg A   2 0 A 0.448222 0 0
 14 247  3 47 FA_T0.jpeg A   7 1 H 0.531638 0 0
 14 248  3 48 FH_T4.jpeg H   6 1 H 0.553360 0 0
 14 249  3 49 FH_T4.jpeg H   6 1 H 0.442699 0 0
 14 250  3 50 FH_T10.jpeg H   4 1 H 0.724270 0 0
 14 251  3 51 FA_T4.jpeg A   6 1 H 0.453830 0 0
 14 252  3 52 FA_T10.jpeg A   4 1 H 0.360625 0 0
 14 253  3 53 FH_T16.jpeg H   2 0 A 0.459294 0 0
 14 254  3 54 FA_T4.jpeg A   6 1 H 0.492864 0 0
 14 255  3 55 FH_T13.jpeg H   3 0 A 0.508809 0 0
 14 256  3 56 FH_T20.jpeg H   1 0 A 0.470856 0 0
 14 257  3 57 FA_T0.jpeg A   7 1 H 0.526544 0 0
 14 258  3 58 FH_T0.jpeg H   7 1 H 0.541878 0 0
 14 259  3 59 FA_T7.jpeg A   5 1 H 0.432391 0 0
 14 260  3 60 FA_T7.jpeg A   5 1 H 0.387766 0 0
 14 261  3 61 FA_T10.jpeg A   4 1 H 0.420830 0 0
 14 262  3 62 FA_T4.jpeg A   6 1 H 0.564263 0 0
 14 263  3 63 FA_T20.jpeg A   1 0 A 0.465675 0 0
 14 264  3 64 FA_T10.jpeg A   4 1 H 0.443078 0 0
 14 265  3 65 FA_T13.jpeg A   3 0 A 1.117776 0 0
 14 266  3 66 FA_T4.jpeg A   6 1 H 0.465087 0 0
 14 267  3 67 FH_T20.jpeg H   1 0 A 0.492231 0 0
 14 268  3 68 FA_T4.jpeg A   6 1 H 0.404221 0 0
 14 269  3 69 FH_T13.jpeg H   3 0 A 0.448542 0 0
 14 270  3 70 FH_T16.jpeg H   2 0 A 0.547924 0 0
 14 271  3 71 FA_T20.jpeg A   1 0 A 0.453523 0 0
 14 272  3 72 FA_T7.jpeg A   5 1 H 0.691404 0 0
 14 273  3 73 FA_T10.jpeg A   4 1 H 1.487083 0 0
 14 274  3 74 FH_T13.jpeg H   3 0 A 0.657979 0 0
 14 275  3 75 FA_T16.jpeg A   2 0 A 0.504236 0 0
 14 276  3 76 FA_T13.jpeg A   3 0 A 0.619814 0 0
 14 277  3 77 FA_T20.jpeg A   1 0 A 1.332259 0 0
 14 278  3 78 FA_T10.jpeg A   4 1 H 1.232719 0 0
 14 279  3 79 FA_T7.jpeg A   5 1 H 0.404352 0 0
 14 280  3 80 FA_T13.jpeg A   3 0 A 0.691494 0 0
 14 281  3 81 FH_T0.jpeg H   7 1 H 0.425790 0 0
 14 282  3 82 FH_T0.jpeg H   7 1 H 0.547841 0 0
 14 283  3 83 FH_T20.jpeg H   1 0 A 0.487078 0 0
 14 284  3 84 FH_T7.jpeg H   5 1 H 1.354879 0 0
 14 285  3 85 FA_T13.jpeg A   3 0 A 0.586705 0 0
 14 286  3 86 FH_T20.jpeg H   1 0 A 0.493102 0 0
 14 287  3 87 FA_T10.jpeg A   4 1 H 1.453813 0 0
 14 288  3 88 FH_T20.jpeg H   1 0 A 0.586544 0 0
 14 289  3 89 FA_T16.jpeg A   2 0 A 0.891289 0 0
 14 290  3 90 FH_T16.jpeg H   2 0 A 0.415372 0 0
 14 291  3 91 FH_T20.jpeg H   1 0 A 0.404287 0 0
 14 292  3 92 FA_T13.jpeg A   3 0 A 0.746284 0 0
 14 293  3 93 FH_T20.jpeg H   1 0 A 0.459220 0 0
 14 294  3 94 FA_T0.jpeg A   7 1 H 0.481955 0 0
 14 295  3 95 FH_T4.jpeg H   6 1 H 0.415483 0 0
 14 296  3 96 FA_T7.jpeg A   5 1 H 0.409707 0 0
 14 297  3 97 FH_T0.jpeg H   7 1 H 0.487735 0 0
 14 298  3 98 FA_T7.jpeg A   5 1 H 0.354798 0 0
 14 299  3 99 FA_T10.jpeg A   4 1 H 0.354422 0 0
 14 300  3 100 FA_T20.jpeg A   1 0 A 0.393427 0 0
 14 301  4  1 FH_T0.jpeg H   7 1 H 0.492669 0 0
 14 302  4  2 FH_T13.jpeg H   3 0 A 0.564714 0 0
 14 303  4  3 FH_T20.jpeg H   1 0 A 0.365634 0 0
 14 304  4  4 FA_T16.jpeg A   2 0 A 0.432152 0 0
 14 305  4  5 FA_T16.jpeg A   2 0 A 0.504399 0 0
 14 306  4  6 FH_T13.jpeg H   3 0 A 0.481322 0 0
 14 307  4  7 FA_T7.jpeg A   5 1 H 0.454340 0 0
 14 308  4  8 FH_T10.jpeg H   4 0 A 0.520382 0 0
 14 309  4  9 FH_T20.jpeg H   1 0 A 0.570263 0 0
 14 310  4 10 FH_T13.jpeg H   3 0 A 0.426075 0 0
 14 311  4 11 FH_T13.jpeg H   3 0 A 0.492684 0 0
 14 312  4 12 FH_T20.jpeg H   1 0 A 0.310360 0 0
 14 313  4 13 FH_T4.jpeg H   6 0 A 0.382725 0 0
 14 314  4 14 FA_T10.jpeg A   4 1 H 0.498468 0 0
 14 315  4 15 FA_T7.jpeg A   5 1 H 0.387682 0 0
 14 316  4 16 FA_T16.jpeg A   2 0 A 0.465199 0 0
 14 317  4 17 FA_T4.jpeg A   6 1 H 0.420916 0 0
 14 318  4 18 FA_T0.jpeg A   7 1 H 0.475854 0 0
 14 319  4 19 FA_T10.jpeg A   4 1 H 0.371042 0 0
 14 320  4 20 FH_T4.jpeg H   6 1 H 0.447587 0 0
 14 321  4 21 FH_T7.jpeg H   5 1 H 0.558887 0 0
 14 322  4 22 FA_T20.jpeg A   1 0 A 0.464677 0 0
 14 323  4 23 FH_T10.jpeg H   4 1 H 1.393166 0 0
 14 324  4 24 FA_T4.jpeg A   6 1 H 0.492346 0 0
 14 325  4 25 FH_T7.jpeg H   5 1 H 0.509216 0 0
 14 326  4 26 FA_T20.jpeg A   1 0 A 0.421036 0 0
 14 327  4 27 FH_T13.jpeg H   3 0 A 0.431575 0 0
 14 328  4 28 FH_T13.jpeg H   3 0 A 0.697329 0 0
 14 329  4 29 FA_T20.jpeg A   1 0 A 0.393049 0 0
 14 330  4 30 FA_T16.jpeg A   2 0 A 0.360313 0 0
 14 331  4 31 FA_T20.jpeg A   1 0 A 0.387498 0 0
 14 332  4 32 FA_T4.jpeg A   6 1 H 0.410244 0 0
 14 333  4 33 FA_T7.jpeg A   5 1 H 0.398850 0 0
 14 334  4 34 FA_T7.jpeg A   5 1 H 0.332432 0 0
 14 335  4 35 FH_T10.jpeg H   4 1 H 0.382488 0 0
 14 336  4 36 FA_T10.jpeg A   4 1 H 0.625698 0 0
 14 337  4 37 FA_T16.jpeg A   2 1 H 0.370956 0 0
 14 338  4 38 FH_T20.jpeg H   1 0 A 0.465295 0 0
 14 339  4 39 FH_T16.jpeg H   2 0 A 0.426672 0 0
 14 340  4 40 FA_T20.jpeg A   1 0 A 0.410036 0 0
 14 341  4 41 FA_T20.jpeg A   1 0 A 0.486859 0 0
 14 342  4 42 FA_T13.jpeg A   3 0 A 1.277854 0 0
 14 343  4 43 FA_T0.jpeg A   7 1 H 0.531037 0 0
 14 344  4 44 FA_T7.jpeg A   5 1 H 0.414763 0 0
 14 345  4 45 FA_T7.jpeg A   5 1 H 0.387634 0 0
 14 346  4 46 FA_T13.jpeg A   3 0 A 0.553080 0 0
 14 347  4 47 FH_T10.jpeg H   4 0 A 0.603358 0 0
 14 348  4 48 FH_T4.jpeg H   6 1 H 0.382026 0 0
 14 349  4 49 FH_T16.jpeg H   2 0 A 0.532204 0 0
 14 350  4 50 FH_T10.jpeg H   4 0 A 0.503693 0 0
 14 351  4 51 FH_T0.jpeg H   7 1 H 0.398750 0 0
 14 352  4 52 FH_T4.jpeg H   6 1 H 0.818593 0 0
 14 353  4 53 FH_T4.jpeg H   6 1 H 0.486519 0 0
 14 354  4 54 FH_T13.jpeg H   3 0 A 0.492377 0 0
 14 355  4 55 FH_T0.jpeg H   7 1 H 0.481414 0 0
 14 356  4 56 FH_T7.jpeg H   5 1 H 1.149469 0 0
 14 357  4 57 FH_T0.jpeg H   7 1 H 0.613728 0 0
 14 358  4 58 FA_T4.jpeg A   6 1 H 0.492201 0 0
 14 359  4 59 FH_T16.jpeg H   2 0 A 0.393120 0 0
 14 360  4 60 FA_T16.jpeg A   2 0 A 0.652577 0 0
 14 361  4 61 FA_T20.jpeg A   1 0 A 0.382359 0 0
 14 362  4 62 FH_T7.jpeg H   5 1 H 0.608139 0 0
 14 363  4 63 FA_T13.jpeg A   3 0 A 0.746915 0 0
 14 364  4 64 FH_T16.jpeg H   2 0 A 0.475955 0 0
 14 365  4 65 FH_T13.jpeg H   3 0 A 0.410348 0 0
 14 366  4 66 FH_T7.jpeg H   5 1 H 0.603082 0 0
 14 367  4 67 FA_T4.jpeg A   6 1 H 0.521015 0 0
 14 368  4 68 FA_T7.jpeg A   5 1 H 0.504454 0 0
 14 369  4 69 FA_T13.jpeg A   3 0 A 0.801712 0 0
 14 370  4 70 FH_T10.jpeg H   4 0 A 0.608855 0 0
 14 371  4 71 FA_T13.jpeg A   3 0 A 0.608870 0 0
 14 372  4 72 FA_T16.jpeg A   2 0 A 0.520341 0 0
 14 373  4 73 FH_T13.jpeg H   3 0 A 0.608665 0 0
 14 374  4 74 FH_T7.jpeg H   5 1 H 0.718823 0 0
 14 375  4 75 FH_T10.jpeg H   4 0 A 0.553510 0 0
 14 376  4 76 FH_T7.jpeg H   5 1 H 0.569954 0 0
 14 377  4 77 FH_T13.jpeg H   3 0 A 0.625054 0 0
 14 378  4 78 FA_T10.jpeg A   4 1 H 1.497433 0 0
 14 379  4 79 FH_T10.jpeg H   4 1 H 1.984288 0 0
 14 380  4 80 FH_T20.jpeg H   1 0 A 0.464609 0 0
 14 381  4 81 FH_T13.jpeg H   3 0 A 0.564165 0 0
 14 382  4 82 FH_T16.jpeg H   2 0 A 0.431896 0 0
 14 383  4 83 FA_T0.jpeg A   7 1 H 0.382557 0 0
 14 384  4 84 FH_T20.jpeg H   1 0 A 0.802331 0 0
 14 385  4 85 FH_T4.jpeg H   6 1 H 0.486917 0 0
 14 386  4 86 FH_T16.jpeg H   2 0 A 0.608955 0 0
 14 387  4 87 FA_T13.jpeg A   3 0 A 0.784664 0 0
 14 388  4 88 FA_T7.jpeg A   5 1 H 0.414627 0 0
 14 389  4 89 FH_T4.jpeg H   6 1 H 0.531536 0 0
 14 390  4 90 FH_T4.jpeg H   6 1 H 0.381634 0 0
 14 391  4 91 FA_T20.jpeg A   1 0 A 0.426610 0 0
 14 392  4 92 FA_T0.jpeg A   7 1 H 0.465183 0 0
 14 393  4 93 FA_T4.jpeg A   6 1 H 0.393666 0 0
 14 394  4 94 FH_T0.jpeg H   7 1 H 0.442122 0 0
 14 395  4 95 FH_T4.jpeg H   6 1 H 0.420806 0 0
 14 396  4 96 FH_T20.jpeg H   1 0 A 0.448889 0 0
 14 397  4 97 FA_T20.jpeg A   1 0 A 0.553499 0 0
 14 398  4 98 FH_T4.jpeg H   6 1 H 0.420978 0 0
 14 399  4 99 FH_T7.jpeg H   5 1 H 0.503276 0 0
 14 400  4 100 FA_T16.jpeg A   2 0 A 0.465109 0 0
 14 401  5  1 FH_T10.jpeg H   4 0 A 1.414962 0 0
 14 402  5  2 FA_T0.jpeg A   7 1 H 0.404258 0 0
 14 403  5  3 FA_T0.jpeg A   7 1 H 0.376092 0 0
 14 404  5  4 FH_T16.jpeg H   2 1 H 0.371041 0 0
 14 405  5  5 FA_T10.jpeg A   4 1 H 0.398895 0 0
 14 406  5  6 FA_T0.jpeg A   7 1 H 0.415682 0 0
 14 407  5  7 FA_T16.jpeg A   2 0 A 0.498135 0 0
 14 408  5  8 FH_T4.jpeg H   6 1 H 0.371376 0 0
 14 409  5  9 FH_T0.jpeg H   7 1 H 0.382360 0 0
 14 410  5 10 FH_T0.jpeg H   7 1 H 0.371151 0 0
 14 411  5 11 FH_T16.jpeg H   2 0 A 0.443385 0 0
 14 412  5 12 FH_T7.jpeg H   5 1 H 0.647258 0 0
 14 413  5 13 FH_T7.jpeg H   5 1 H 0.575824 0 0
 14 414  5 14 FH_T20.jpeg H   1 0 A 0.542327 0 0
 14 415  5 15 FH_T7.jpeg H   5 1 H 0.520612 0 0
 14 416  5 16 FH_T4.jpeg H   6 1 H 0.438140 0 0
 14 417  5 17 FH_T16.jpeg H   2 0 A 0.454309 0 0
 14 418  5 18 FA_T13.jpeg A   3 0 A 0.835302 0 0
 14 419  5 19 FA_T13.jpeg A   3 0 A 0.487093 0 0
 14 420  5 20 FH_T13.jpeg H   3 0 A 0.376774 0 0
 14 421  5 21 FA_T13.jpeg A   3 0 A 0.579792 0 0
 14 422  5 22 FA_T13.jpeg A   3 0 A 0.453949 0 0
 14 423  5 23 FA_T0.jpeg A   7 1 H 0.586430 0 0
 14 424  5 24 FH_T0.jpeg H   7 1 H 0.387710 0 0
 14 425  5 25 FA_T20.jpeg A   1 0 A 0.426083 0 0
 14 426  5 26 FH_T13.jpeg H   3 0 A 0.470225 0 0
 14 427  5 27 FA_T20.jpeg A   1 0 A 0.354696 0 0
 14 428  5 28 FA_T7.jpeg A   5 1 H 0.465018 0 0
 14 429  5 29 FA_T0.jpeg A   7 1 H 0.370644 0 0
 14 430  5 30 FH_T0.jpeg H   7 1 H 0.414726 0 0
 14 431  5 31 FA_T20.jpeg A   1 0 A 0.476076 0 0
 14 432  5 32 FA_T4.jpeg A   6 1 H 0.459199 0 0
 14 433  5 33 FA_T10.jpeg A   4 1 H 0.415453 0 0
 14 434  5 34 FA_T10.jpeg A   4 1 H 0.354218 0 0
 14 435  5 35 FA_T13.jpeg A   3 0 A 0.553228 0 0
 14 436  5 36 FA_T10.jpeg A   4 1 H 0.420924 0 0
 14 437  5 37 FH_T0.jpeg H   7 1 H 0.431480 0 0
 14 438  5 38 FA_T0.jpeg A   7 1 H 0.503697 0 0
 14 439  5 39 FH_T0.jpeg H   7 1 H 0.426922 0 0
 14 440  5 40 FH_T13.jpeg H   3 0 A 0.702830 0 0
 14 441  5 41 FH_T10.jpeg H   4 0 A 0.530700 0 0
 14 442  5 42 FH_T13.jpeg H   3 0 A 0.492040 0 0
 14 443  5 43 FA_T16.jpeg A   2 0 A 0.559171 0 0
 14 444  5 44 FH_T16.jpeg H   2 0 A 0.492718 0 0
 14 445  5 45 FA_T4.jpeg A   6 1 H 0.426437 0 0
 14 446  5 46 FH_T20.jpeg H   1 0 A 0.602523 0 0
 14 447  5 47 FA_T4.jpeg A   6 1 H 0.519903 0 0
 14 448  5 48 FH_T4.jpeg H   6 1 H 0.425878 0 0
 14 449  5 49 FA_T7.jpeg A   5 1 H 0.415554 0 0
 14 450  5 50 FA_T10.jpeg A   4 1 H 0.348970 0 0
 14 451  5 51 FH_T7.jpeg H   5 1 H 0.498125 0 0
 14 452  5 52 FA_T0.jpeg A   7 1 H 0.421143 0 0
 14 453  5 53 FH_T13.jpeg H   3 0 A 0.653170 0 0
 14 454  5 54 FA_T13.jpeg A   3 0 A 0.591704 0 0
 14 455  5 55 FA_T10.jpeg A   4 0 A 0.498913 0 0
 14 456  5 56 FA_T13.jpeg A   3 0 A 0.492728 0 0
 14 457  5 57 FH_T10.jpeg H   4 0 A 0.404330 0 0
 14 458  5 58 FA_T7.jpeg A   5 1 H 0.609574 0 0
 14 459  5 59 FH_T4.jpeg H   6 1 H 0.829755 0 0
 14 460  5 60 FH_T0.jpeg H   7 1 H 0.398703 0 0
 14 461  5 61 FA_T16.jpeg A   2 0 A 0.459487 0 0
 14 462  5 62 FH_T10.jpeg H   4 0 A 0.603326 0 0
 14 463  5 63 FA_T13.jpeg A   3 0 A 0.569765 0 0
 14 464  5 64 FA_T7.jpeg A   5 1 H 0.592090 0 0
 14 465  5 65 FA_T20.jpeg A   1 0 A 0.443677 0 0
 14 466  5 66 FH_T10.jpeg H   4 0 A 0.454202 0 0
 14 467  5 67 FH_T10.jpeg H   4 0 A 0.448057 0 0
 14 468  5 68 FH_T13.jpeg H   3 0 A 0.482112 0 0
 14 469  5 69 FA_T7.jpeg A   5 1 H 0.447727 0 0
 14 470  5 70 FA_T0.jpeg A   7 1 H 0.348940 0 0
 14 471  5 71 FH_T7.jpeg H   5 1 H 0.740980 0 0
 14 472  5 72 FA_T4.jpeg A   6 1 H 0.420552 0 0
 14 473  5 73 FA_T20.jpeg A   1 0 A 0.404256 0 0
 14 474  5 74 FA_T16.jpeg A   2 0 A 0.514661 0 0
 14 475  5 75 FH_T7.jpeg H   5 1 H 0.653125 0 0
 14 476  5 76 FA_T4.jpeg A   6 1 H 0.520007 0 0
 14 477  5 77 FH_T4.jpeg H   6 1 H 0.425828 0 0
 14 478  5 78 FA_T0.jpeg A   7 1 H 0.387389 0 0
 14 479  5 79 FA_T7.jpeg A   5 1 H 0.398507 0 0
 14 480  5 80 FA_T10.jpeg A   4 1 H 0.376598 0 0
 14 481  5 81 FA_T20.jpeg A   1 0 A 0.404119 0 0
 14 482  5 82 FA_T16.jpeg A   2 0 A 0.376956 0 0
 14 483  5 83 FH_T10.jpeg H   4 0 A 0.906581 0 0
 14 484  5 84 FH_T4.jpeg H   6 1 H 0.652742 0 0
 14 485  5 85 FA_T0.jpeg A   7 1 H 0.509630 0 0
 14 486  5 86 FA_T20.jpeg A   1 0 A 0.470054 0 0
 14 487  5 87 FA_T0.jpeg A   7 1 H 0.592203 0 0
 14 488  5 88 FH_T4.jpeg H   6 1 H 0.448922 0 0
 14 489  5 89 FH_T4.jpeg H   6 1 H 1.288092 0 0
 14 490  5 90 FH_T13.jpeg H   3 0 A 0.470681 0 0
 14 491  5 91 FA_T10.jpeg A   4 1 H 0.602668 0 0
 14 492  5 92 FH_T20.jpeg H   1 0 A 0.448561 0 0
 14 493  5 93 FA_T10.jpeg A   4 1 H 0.564299 0 0
 14 494  5 94 FH_T16.jpeg H   2 0 A 0.426514 0 0
 14 495  5 95 FA_T7.jpeg A   5 1 H 0.470984 0 0
 14 496  5 96 FA_T20.jpeg A   1 0 A 0.404107 0 0
 14 497  5 97 FA_T16.jpeg A   2 0 A 0.465317 0 0
 14 498  5 98 FA_T4.jpeg A   6 1 H 0.669311 0 0
 14 499  5 99 FH_T7.jpeg H   5 1 H 0.850773 0 0
 14 500  5 100 FA_T0.jpeg A   7 1 H 0.829305 0 0
 14 501  6  1 FH_T16.jpeg H   2 0 A 0.646647 0 0
 14 502  6  2 FA_T0.jpeg A   7 1 H 0.448129 0 0
 14 503  6  3 FH_T13.jpeg H   3 0 A 0.449015 0 0
 14 504  6  4 FH_T0.jpeg H   7 1 H 0.442584 0 0
 14 505  6  5 FA_T4.jpeg A   6 1 H 0.392590 0 0
 14 506  6  6 FA_T7.jpeg A   5 1 H 0.315502 0 0
 14 507  6  7 FA_T4.jpeg A   6 1 H 0.321207 0 0
 14 508  6  8 FA_T10.jpeg A   4 1 H 0.343491 0 0
 14 509  6  9 FH_T20.jpeg H   1 0 A 1.019245 0 0
 14 510  6 10 FH_T0.jpeg H   7 1 H 0.403727 0 0
 14 511  6 11 FA_T4.jpeg A   6 1 H 0.376106 0 0
 14 512  6 12 FH_T10.jpeg H   4 1 H 0.332444 0 0
 14 513  6 13 FH_T13.jpeg H   3 0 A 0.420755 0 0
 14 514  6 14 FA_T20.jpeg A   1 0 A 0.382034 0 0
 14 515  6 15 FH_T10.jpeg H   4 1 H 1.226844 0 0
 14 516  6 16 FA_T7.jpeg A   5 1 H 0.519885 0 0
 14 517  6 17 FH_T0.jpeg H   7 1 H 0.454075 0 0
 14 518  6 18 FH_T20.jpeg H   1 0 A 0.607879 0 0
 14 519  6 19 FH_T16.jpeg H   2 0 A 0.387663 0 0
 14 520  6 20 FA_T7.jpeg A   5 1 H 0.415260 0 0
 14 521  6 21 FH_T4.jpeg H   6 1 H 0.337730 0 0
 14 522  6 22 FH_T0.jpeg H   7 1 H 0.393214 0 0
 14 523  6 23 FA_T4.jpeg A   6 1 H 0.310898 0 0
 14 524  6 24 FH_T20.jpeg H   1 0 A 0.498118 0 0
 14 525  6 25 FH_T13.jpeg H   3 0 A 0.581086 0 0
 14 526  6 26 FA_T20.jpeg A   1 0 A 0.442640 0 0
 14 527  6 27 FH_T0.jpeg H   7 1 H 0.392989 0 0
 14 528  6 28 FH_T4.jpeg H   6 1 H 0.359645 0 0
 14 529  6 29 FA_T10.jpeg A   4 1 H 0.365887 0 0
 14 530  6 30 FA_T10.jpeg A   4 1 H 0.426847 0 0
 14 531  6 31 FH_T20.jpeg H   1 0 A 0.393277 0 0
 14 532  6 32 FA_T10.jpeg A   4 1 H 0.448726 0 0
 14 533  6 33 FA_T0.jpeg A   7 1 H 0.453352 0 0
 14 534  6 34 FA_T13.jpeg A   3 0 A 0.712652 0 0
 14 535  6 35 FH_T16.jpeg H   2 0 A 0.459828 0 0
 14 536  6 36 FH_T10.jpeg H   4 0 A 0.668998 0 0
 14 537  6 37 FH_T10.jpeg H   4 0 A 0.636120 0 0
 14 538  6 38 FA_T7.jpeg A   5 1 H 0.425832 0 0
 14 539  6 39 FA_T0.jpeg A   7 1 H 0.426119 0 0
 14 540  6 40 FA_T0.jpeg A   7 1 H 0.404200 0 0
 14 541  6 41 FA_T10.jpeg A   4 1 H 1.072177 0 0
 14 542  6 42 FA_T20.jpeg A   1 0 A 0.475508 0 0
 14 543  6 43 FA_T10.jpeg A   4 1 H 0.498233 0 0
 14 544  6 44 FH_T4.jpeg H   6 1 H 0.425770 0 0
 14 545  6 45 FH_T10.jpeg H   4 0 A 0.531203 0 0
 14 546  6 46 FA_T13.jpeg A   3 0 A 0.685503 0 0
 14 547  6 47 FA_T0.jpeg A   7 1 H 0.415217 0 0
 14 548  6 48 FH_T13.jpeg H   3 0 A 0.486967 0 0
 14 549  6 49 FH_T4.jpeg H   6 1 H 0.497921 0 0
 14 550  6 50 FA_T4.jpeg A   6 1 H 0.359847 0 0
 14 551  6 51 FH_T16.jpeg H   2 0 A 0.409777 0 0
 14 552  6 52 FA_T16.jpeg A   2 0 A 0.420533 0 0
 14 553  6 53 FA_T0.jpeg A   7 1 H 0.382036 0 0
 14 554  6 54 FA_T7.jpeg A   5 1 H 0.426584 0 0
 14 555  6 55 FH_T13.jpeg H   3 0 A 0.409043 0 0
 14 556  6 56 FH_T0.jpeg H   7 1 H 0.370771 0 0
 14 557  6 57 FA_T7.jpeg A   5 1 H 0.354312 0 0
 14 558  6 58 FA_T20.jpeg A   1 0 A 0.536445 0 0
 14 559  6 59 FH_T20.jpeg H   1 1 H 0.420796 0 0
 14 560  6 60 FA_T16.jpeg A   2 0 A 0.475639 0 0
 14 561  6 61 FH_T16.jpeg H   2 0 A 0.454298 0 0
 14 562  6 62 FA_T20.jpeg A   1 0 A 0.365439 0 0
 14 563  6 63 FA_T13.jpeg A   3 0 A 0.564768 0 0
 14 564  6 64 FH_T13.jpeg H   3 0 A 0.387385 0 0
 14 565  6 65 FA_T20.jpeg A   1 0 A 0.348578 0 0
 14 566  6 66 FH_T10.jpeg H   4 0 A 0.465313 0 0
 14 567  6 67 FA_T10.jpeg A   4 1 H 0.448730 0 0
 14 568  6 68 FA_T10.jpeg A   4 1 H 0.343683 0 0
 14 569  6 69 FA_T20.jpeg A   1 0 A 0.465489 0 0
 14 570  6 70 FH_T7.jpeg H   5 1 H 0.807234 0 0
 14 571  6 71 FA_T13.jpeg A   3 0 A 0.475664 0 0
 14 572  6 72 FA_T13.jpeg A   3 0 A 0.509050 0 0
 14 573  6 73 FA_T20.jpeg A   1 0 A 0.387997 0 0
 14 574  6 74 FH_T0.jpeg H   7 1 H 0.603024 0 0
 14 575  6 75 FA_T4.jpeg A   6 1 H 0.536849 0 0
 14 576  6 76 FH_T0.jpeg H   7 1 H 0.420247 0 0
 14 577  6 77 FH_T0.jpeg H   7 1 H 0.387758 0 0
 14 578  6 78 FH_T20.jpeg H   1 0 A 0.420608 0 0
 14 579  6 79 FH_T4.jpeg H   6 1 H 0.531115 0 0
 14 580  6 80 FA_T0.jpeg A   7 1 H 0.382230 0 0
 14 581  6 81 FA_T16.jpeg A   2 0 A 0.475468 0 0
 14 582  6 82 FH_T16.jpeg H   2 0 A 0.497685 0 0
 14 583  6 83 FA_T10.jpeg A   4 1 H 0.618946 0 0
 14 584  6 84 FA_T0.jpeg A   7 1 H 0.458950 0 0
 14 585  6 85 FH_T0.jpeg H   7 1 H 0.448798 0 0
 14 586  6 86 FH_T7.jpeg H   5 1 H 0.658916 0 0
 14 587  6 87 FH_T16.jpeg H   2 0 A 0.592365 0 0
 14 588  6 88 FH_T16.jpeg H   2 0 A 0.426436 0 0
 14 589  6 89 FH_T16.jpeg H   2 0 A 0.531091 0 0
 14 590  6 90 FH_T0.jpeg H   7 0 A 0.359802 0 0
 14 591  6 91 FH_T10.jpeg H   4 0 A 0.503209 0 0
 14 592  6 92 FA_T7.jpeg A   5 1 H 0.448582 0 0
 14 593  6 93 FA_T16.jpeg A   2 0 A 0.404653 0 0
 14 594  6 94 FH_T0.jpeg H   7 1 H 0.415209 0 0
 14 595  6 95 FA_T7.jpeg A   5 1 H 0.635814 0 0
 14 596  6 96 FH_T16.jpeg H   2 0 A 0.459161 0 0
 14 597  6 97 FH_T13.jpeg H   3 0 A 0.459341 0 0
 14 598  6 98 FH_T0.jpeg H   7 1 H 0.406359 0 0
 14 599  6 99 FA_T0.jpeg A   7 1 H 0.409771 0 0
 14 600  6 100 FH_T16.jpeg H   2 0 A 0.575853 0 0
 14 601  7  1 FA_T10.jpeg A   4 1 H 1.874535 0 0
 14 602  7  2 FA_T20.jpeg A   1 0 A 0.448233 0 0
 14 603  7  3 FA_T4.jpeg A   6 1 H 0.403651 0 0
 14 604  7  4 FA_T13.jpeg A   3 0 A 0.570382 0 0
 14 605  7  5 FA_T0.jpeg A   7 1 H 0.382374 0 0
 14 606  7  6 FH_T7.jpeg H   5 1 H 1.039238 0 0
 14 607  7  7 FH_T0.jpeg H   7 1 H 0.409998 0 0
 14 608  7  8 FA_T0.jpeg A   7 1 H 0.382240 0 0
 14 609  7  9 FA_T16.jpeg A   2 1 H 0.371179 0 0
 14 610  7 10 FH_T7.jpeg H   5 1 H 0.453685 0 0
 14 611  7 11 FH_T16.jpeg H   2 0 A 0.751697 0 0
 14 612  7 12 FA_T7.jpeg A   5 1 H 0.537011 0 0
 14 613  7 13 FH_T20.jpeg H   1 0 A 0.399048 0 0
 14 614  7 14 FA_T7.jpeg A   5 1 H 0.420937 0 0
 14 615  7 15 FH_T10.jpeg H   4 1 H 0.862802 0 0
 14 616  7 16 FA_T16.jpeg A   2 0 A 0.586907 0 0
 14 617  7 17 FA_T0.jpeg A   7 1 H 0.432140 0 0
 14 618  7 18 FH_T13.jpeg H   3 0 A 0.399245 0 0
 14 619  7 19 FA_T0.jpeg A   7 1 H 0.900996 0 0
 14 620  7 20 FA_T13.jpeg A   3 0 A 0.614302 0 0
 14 621  7 21 FA_T16.jpeg A   2 0 A 0.371389 0 0
 14 622  7 22 FA_T20.jpeg A   1 0 A 0.398105 0 0
 14 623  7 23 FH_T4.jpeg H   6 1 H 0.492451 0 0
 14 624  7 24 FA_T0.jpeg A   7 1 H 0.414623 0 0
 14 625  7 25 FA_T16.jpeg A   2 0 A 0.432069 0 0
 14 626  7 26 FA_T20.jpeg A   1 0 A 0.475370 0 0
 14 627  7 27 FH_T20.jpeg H   1 0 A 0.608745 0 0
 14 628  7 28 FH_T0.jpeg H   7 1 H 0.426398 0 0
 14 629  7 29 FH_T0.jpeg H   7 1 H 0.381928 0 0
 14 630  7 30 FH_T16.jpeg H   2 0 A 0.409835 0 0
 14 631  7 31 FH_T4.jpeg H   6 1 H 0.332398 0 0
 14 632  7 32 FA_T7.jpeg A   5 1 H 0.304526 0 0
 14 633  7 33 FH_T4.jpeg H   6 1 H 0.359605 0 0
 14 634  7 34 FH_T20.jpeg H   1 1 H 0.359737 0 0
 14 635  7 35 FH_T7.jpeg H   5 1 H 0.332509 0 0
 14 636  7 36 FA_T0.jpeg A   7 1 H 0.492597 0 0
 14 637  7 37 FA_T13.jpeg A   3 0 A 0.553430 0 0
 14 638  7 38 FH_T10.jpeg H   4 0 A 0.370970 0 0
 14 639  7 39 FA_T4.jpeg A   6 1 H 0.459174 0 0
 14 640  7 40 FA_T13.jpeg A   3 0 A 0.752327 0 0
 14 641  7 41 FH_T7.jpeg H   5 1 H 0.763834 0 0
 14 642  7 42 FA_T0.jpeg A   7 1 H 0.492099 0 0
 14 643  7 43 FH_T4.jpeg H   6 1 H 0.470814 0 0
 14 644  7 44 FH_T16.jpeg H   2 0 A 0.437655 0 0
 14 645  7 45 FH_T4.jpeg H   6 1 H 0.370971 0 0
 14 646  7 46 FH_T0.jpeg H   7 1 H 0.409650 0 0
 14 647  7 47 FH_T7.jpeg H   5 1 H 0.636607 0 0
 14 648  7 48 FA_T0.jpeg A   7 1 H 0.481872 0 0
 14 649  7 49 FH_T16.jpeg H   2 0 A 0.470622 0 0
 14 650  7 50 FA_T4.jpeg A   6 1 H 0.464355 0 0
 14 651  7 51 FH_T16.jpeg H   2 0 A 0.409652 0 0
 14 652  7 52 FH_T10.jpeg H   4 0 A 0.404011 0 0
 14 653  7 53 FA_T20.jpeg A   1 0 A 0.497626 0 0
 14 654  7 54 FH_T4.jpeg H   6 1 H 0.409656 0 0
 14 655  7 55 FA_T13.jpeg A   3 1 H 0.354608 0 0
 14 656  7 56 FH_T20.jpeg H   1 0 A 0.426115 0 0
 14 657  7 57 FA_T4.jpeg A   6 1 H 0.381962 0 0
 14 658  7 58 FH_T20.jpeg H   1 0 A 0.520229 0 0
 14 659  7 59 FH_T20.jpeg H   1 0 A 0.387558 0 0
 14 660  7 60 FH_T10.jpeg H   4 0 A 0.415417 0 0
 14 661  7 61 FH_T20.jpeg H   1 0 A 0.381628 0 0
 14 662  7 62 FH_T16.jpeg H   2 0 A 0.442425 0 0
 14 663  7 63 FH_T0.jpeg H   7 1 H 0.398506 0 0
 14 664  7 64 FA_T10.jpeg A   4 1 H 0.635938 0 0
 14 665  7 65 FA_T10.jpeg A   4 1 H 0.354239 0 0
 14 666  7 66 FA_T20.jpeg A   1 0 A 0.387928 0 0
 14 667  7 67 FH_T13.jpeg H   3 0 A 0.481404 0 0
 14 668  7 68 FA_T4.jpeg A   6 1 H 0.425794 0 0
 14 669  7 69 FH_T10.jpeg H   4 0 A 0.443303 0 0
 14 670  7 70 FA_T4.jpeg A   6 1 H 0.432153 0 0
 14 671  7 71 FH_T20.jpeg H   1 0 A 0.597836 0 0
 14 672  7 72 FH_T7.jpeg H   5 1 H 0.349029 0 0
 14 673  7 73 FH_T7.jpeg H   5 1 H 0.508890 0 0
 14 674  7 74 FA_T7.jpeg A   5 1 H 0.403585 0 0
 14 675  7 75 FA_T16.jpeg A   2 0 A 0.519702 0 0
 14 676  7 76 FA_T20.jpeg A   1 0 A 0.520014 0 0
 14 677  7 77 FA_T7.jpeg A   5 1 H 0.884329 0 0
 14 678  7 78 FH_T4.jpeg H   6 1 H 0.415172 0 0
 14 679  7 79 FH_T16.jpeg H   2 0 A 0.459009 0 0
 14 680  7 80 FH_T20.jpeg H   1 0 A 0.421097 0 0
 14 681  7 81 FH_T10.jpeg H   4 1 H 0.685767 0 0
 14 682  7 82 FH_T4.jpeg H   6 1 H 0.387845 0 0
 14 683  7 83 FA_T7.jpeg A   5 1 H 0.404284 0 0
 14 684  7 84 FH_T16.jpeg H   2 0 A 0.426080 0 0
 14 685  7 85 FH_T20.jpeg H   1 0 A 0.398124 0 0
 14 686  7 86 FA_T16.jpeg A   2 1 H 0.393452 0 0
 14 687  7 87 FA_T4.jpeg A   6 1 H 0.321181 0 0
 14 688  7 88 FH_T7.jpeg H   5 1 H 0.454308 0 0
 14 689  7 89 FA_T7.jpeg A   5 1 H 0.586131 0 0
 14 690  7 90 FA_T16.jpeg A   2 0 A 0.497940 0 0
 14 691  7 91 FA_T20.jpeg A   1 0 A 0.359864 0 0
 14 692  7 92 FA_T0.jpeg A   7 1 H 0.442724 0 0
 14 693  7 93 FA_T13.jpeg A   3 1 H 0.680432 0 0
 14 694  7 94 FH_T16.jpeg H   2 0 A 0.447912 0 0
 14 695  7 95 FH_T13.jpeg H   3 0 A 0.482034 0 0
 14 696  7 96 FH_T4.jpeg H   6 1 H 0.459808 0 0
 14 697  7 97 FA_T13.jpeg A   3 0 A 0.553247 0 0
 14 698  7 98 FA_T10.jpeg A   4 1 H 0.464749 0 0
 14 699  7 99 FA_T7.jpeg A   5 1 H 0.326603 0 0
 14 700  7 100 FA_T16.jpeg A   2 0 A 0.398621 0 0
