 28   1  1  1 FH_T10.jpeg H   4 1 H 0.807992 0 0
 28   2  1  2 FH_T10.jpeg H   4 0 A 0.754149 0 0
 28   3  1  3 FH_T4.jpeg H   6 0 A 0.834939 0 0
 28   4  1  4 FA_T7.jpeg A   5 1 H 0.736729 0 0
 28   5  1  5 FH_T10.jpeg H   4 0 A 0.652688 0 0
 28   6  1  6 FH_T4.jpeg H   6 1 H 0.600199 0 0
 28   7  1  7 FA_T10.jpeg A   4 1 H 0.930681 0 0
 28   8  1  8 FA_T13.jpeg A   3 0 A 0.510944 0 0
 28   9  1  9 FH_T7.jpeg H   5 0 A 0.764490 0 0
 28  10  1 10 FH_T13.jpeg H   3 0 A 0.637734 0 0
 28  11  1 11 FA_T16.jpeg A   2 0 A 0.771212 0 0
 28  12  1 12 FA_T20.jpeg A   1 0 A 0.615472 0 0
 28  13  1 13 FA_T0.jpeg A   7 1 H 0.499267 0 0
 28  14  1 14 FA_T16.jpeg A   2 0 A 0.538620 0 0
 28  15  1 15 FH_T0.jpeg H   7 1 H 0.436840 0 0
 28  16  1 16 FA_T10.jpeg A   4 0 A 0.598939 0 0
 28  17  1 17 FA_T13.jpeg A   3 0 A 0.470819 0 0
 28  18  1 18 FA_T10.jpeg A   4 0 A 0.654627 0 0
 28  19  1 19 FH_T7.jpeg H   5 1 H 0.641590 0 0
 28  20  1 20 FA_T0.jpeg A   7 1 H 0.559396 0 0
 28  21  1 21 FA_T0.jpeg A   7 1 H 0.422490 0 0
 28  22  1 22 FA_T7.jpeg A   5 1 H 0.437016 0 0
 28  23  1 23 FA_T4.jpeg A   6 1 H 0.443001 0 0
 28  24  1 24 FA_T0.jpeg A   7 1 H 0.394090 0 0
 28  25  1 25 FA_T7.jpeg A   5 1 H 0.482030 0 0
 28  26  1 26 FA_T4.jpeg A   6 1 H 0.520426 0 0
 28  27  1 27 FA_T20.jpeg A   1 0 A 0.420889 0 0
 28  28  1 28 FH_T7.jpeg H   5 0 A 0.570125 0 0
 28  29  1 29 FA_T0.jpeg A   7 1 H 0.437740 0 0
 28  30  1 30 FH_T16.jpeg H   2 0 A 0.487494 0 0
 28  31  1 31 FH_T10.jpeg H   4 0 A 0.398940 0 0
 28  32  1 32 FA_T16.jpeg A   2 0 A 0.565969 0 0
 28  33  1 33 FH_T20.jpeg H   1 0 A 0.515760 0 0
 28  34  1 34 FH_T13.jpeg H   3 0 A 0.515542 0 0
 28  35  1 35 FA_T13.jpeg A   3 1 H 0.585915 0 0
 28  36  1 36 FA_T7.jpeg A   5 1 H 0.587102 0 0
 28  37  1 37 FA_T13.jpeg A   3 0 A 0.553682 0 0
 28  38  1 38 FH_T13.jpeg H   3 0 A 0.492736 0 0
 28  39  1 39 FH_T10.jpeg H   4 0 A 0.487684 0 0
 28  40  1 40 FH_T13.jpeg H   3 0 A 0.442629 0 0
 28  41  1 41 FA_T0.jpeg A   7 1 H 0.521287 0 0
 28  42  1 42 FH_T4.jpeg H   6 1 H 0.685944 0 0
 28  43  1 43 FA_T0.jpeg A   7 1 H 0.604282 0 0
 28  44  1 44 FA_T13.jpeg A   3 1 H 0.553041 0 0
 28  45  1 45 FA_T0.jpeg A   7 1 H 0.581334 0 0
 28  46  1 46 FA_T13.jpeg A   3 0 A 0.537525 0 0
 28  47  1 47 FA_T13.jpeg A   3 1 H 0.603490 0 0
 28  48  1 48 FH_T20.jpeg H   1 0 A 0.504106 0 0
 28  49  1 49 FA_T0.jpeg A   7 1 H 0.465272 0 0
 28  50  1 50 FH_T13.jpeg H   3 0 A 0.520770 0 0
 28  51  1 51 FH_T0.jpeg H   7 1 H 0.632211 0 0
 28  52  1 52 FA_T20.jpeg A   1 0 A 0.521452 0 0
 28  53  1 53 FH_T10.jpeg H   4 0 A 0.620162 0 0
 28  54  1 54 FH_T0.jpeg H   7 1 H 0.510487 0 0
 28  55  1 55 FH_T7.jpeg H   5 0 A 0.504162 0 0
 28  56  1 56 FH_T20.jpeg H   1 0 A 0.487029 0 0
 28  57  1 57 FH_T0.jpeg H   7 1 H 0.493014 0 0
 28  58  1 58 FA_T7.jpeg A   5 1 H 0.415183 0 0
 28  59  1 59 FH_T16.jpeg H   2 0 A 0.442434 0 0
 28  60  1 60 FA_T16.jpeg A   2 1 H 0.592716 0 0
 28  61  1 61 FH_T7.jpeg H   5 0 A 0.454152 0 0
 28  62  1 62 FA_T4.jpeg A   6 1 H 0.554339 0 0
 28  63  1 63 FA_T7.jpeg A   5 1 H 0.459964 0 0
 28  64  1 64 FH_T10.jpeg H   4 0 A 0.459224 0 0
 28  65  1 65 FA_T16.jpeg A   2 1 H 0.399899 0 0
 28  66  1 66 FH_T0.jpeg H   7 0 A 0.405477 0 0
 28  67  1 67 FA_T16.jpeg A   2 0 A 0.641135 0 0
 28  68  1 68 FH_T10.jpeg H   4 0 A 0.598334 0 0
 28  69  1 69 FH_T16.jpeg H   2 0 A 0.542076 0 0
 28  70  1 70 FA_T20.jpeg A   1 0 A 0.426479 0 0
 28  71  1 71 FH_T20.jpeg H   1 0 A 0.492416 0 0
 28  72  1 72 FH_T10.jpeg H   4 0 A 0.519852 0 0
 28  73  1 73 FA_T4.jpeg A   6 1 H 0.437773 0 0
 28  74  1 74 FH_T0.jpeg H   7 1 H 0.509179 0 0
 28  75  1 75 FH_T16.jpeg H   2 0 A 0.409925 0 0
 28  76  1 76 FH_T10.jpeg H   4 0 A 0.393023 0 0
 28  77  1 77 FH_T10.jpeg H   4 0 A 0.481357 0 0
 28  78  1 78 FA_T0.jpeg A   7 1 H 0.515125 0 0
 28  79  1 79 FH_T13.jpeg H   3 0 A 0.499140 0 0
 28  80  1 80 FA_T10.jpeg A   4 1 H 0.420659 0 0
 28  81  1 81 FA_T7.jpeg A   5 1 H 0.624669 0 0
 28  82  1 82 FH_T4.jpeg H   6 0 A 0.520568 0 0
 28  83  1 83 FA_T10.jpeg A   4 1 H 0.503810 0 0
 28  84  1 84 FA_T20.jpeg A   1 0 A 1.039042 0 0
 28  85  1 85 FH_T0.jpeg H   7 1 H 1.005521 0 0
 28  86  1 86 FA_T13.jpeg A   3 0 A 0.951909 0 0
 28  87  1 87 FH_T4.jpeg H   6 1 H 0.625214 0 0
 28  88  1 88 FH_T4.jpeg H   6 1 H 0.608868 0 0
 28  89  1 89 FH_T7.jpeg H   5 1 H 0.510266 0 0
 28  90  1 90 FA_T16.jpeg A   2 0 A 0.587879 0 0
 28  91  1 91 FA_T20.jpeg A   1 0 A 0.504134 0 0
 28  92  1 92 FH_T16.jpeg H   2 0 A 0.591694 0 0
 28  93  1 93 FH_T4.jpeg H   6 1 H 0.536720 0 0
 28  94  1 94 FH_T20.jpeg H   1 0 A 0.470200 0 0
 28  95  1 95 FH_T16.jpeg H   2 0 A 0.519714 0 0
 28  96  1 96 FH_T4.jpeg H   6 1 H 0.541681 0 0
 28  97  1 97 FH_T4.jpeg H   6 1 H 0.536678 0 0
 28  98  1 98 FH_T16.jpeg H   2 0 A 0.454218 0 0
 28  99  1 99 FH_T13.jpeg H   3 0 A 0.426612 0 0
 28 100  1 100 FH_T16.jpeg H   2 0 A 0.493138 0 0
 28 101  2  1 FH_T13.jpeg H   3 0 A 0.552013 0 0
 28 102  2  2 FH_T7.jpeg H   5 1 H 0.635915 0 0
 28 103  2  3 FH_T7.jpeg H   5 1 H 0.653258 0 0
 28 104  2  4 FH_T4.jpeg H   6 1 H 0.393670 0 0
 28 105  2  5 FA_T16.jpeg A   2 1 H 0.785241 0 0
 28 106  2  6 FA_T0.jpeg A   7 1 H 0.603523 0 0
 28 107  2  7 FA_T16.jpeg A   2 0 A 0.630667 0 0
 28 108  2  8 FA_T4.jpeg A   6 1 H 0.848367 0 0
 28 109  2  9 FH_T10.jpeg H   4 1 H 0.929078 0 0
 28 110  2 10 FH_T7.jpeg H   5 1 H 1.925105 0 0
 28 111  2 11 FA_T20.jpeg A   1 0 A 1.567978 0 0
 28 112  2 12 FA_T0.jpeg A   7 1 H 0.942752 0 0
 28 113  2 13 FA_T7.jpeg A   5 1 H 0.636597 0 0
 28 114  2 14 FA_T7.jpeg A   5 1 H 0.941128 0 0
 28 115  2 15 FA_T13.jpeg A   3 1 H 1.256703 0 0
 28 116  2 16 FH_T10.jpeg H   4 0 A 0.707612 0 0
 28 117  2 17 FA_T16.jpeg A   2 0 A 0.691591 0 0
 28 118  2 18 FA_T13.jpeg A   3 0 A 0.763161 0 0
 28 119  2 19 FA_T20.jpeg A   1 0 A 0.669183 0 0
 28 120  2 20 FA_T13.jpeg A   3 0 A 1.172276 0 0
 28 121  2 21 FA_T4.jpeg A   6 1 H 0.752131 0 0
 28 122  2 22 FH_T10.jpeg H   4 0 A 0.962390 0 0
 28 123  2 23 FH_T16.jpeg H   2 0 A 0.564180 0 0
 28 124  2 24 FA_T20.jpeg A   1 0 A 0.680137 0 0
 28 125  2 25 FA_T20.jpeg A   1 0 A 0.774264 0 0
 28 126  2 26 FA_T4.jpeg A   6 1 H 0.735390 0 0
 28 127  2 27 FH_T4.jpeg H   6 1 H 1.012584 0 0
 28 128  2 28 FA_T20.jpeg A   1 0 A 0.703758 0 0
 28 129  2 29 FA_T7.jpeg A   5 1 H 0.752845 0 0
 28 130  2 30 FA_T7.jpeg A   5 1 H 1.034601 0 0
 28 131  2 31 FA_T20.jpeg A   1 0 A 0.726208 0 0
 28 132  2 32 FH_T10.jpeg H   4 1 H 0.829815 0 0
 28 133  2 33 FH_T20.jpeg H   1 0 A 0.565085 0 0
 28 134  2 34 FH_T13.jpeg H   3 0 A 0.724810 0 0
 28 135  2 35 FA_T4.jpeg A   6 1 H 0.613464 0 0
 28 136  2 36 FH_T7.jpeg H   5 1 H 0.537041 0 0
 28 137  2 37 FH_T16.jpeg H   2 0 A 0.602785 0 0
 28 138  2 38 FA_T0.jpeg A   7 1 H 0.586088 0 0
 28 139  2 39 FA_T13.jpeg A   3 1 H 0.681183 0 0
 28 140  2 40 FA_T4.jpeg A   6 0 A 1.334677 0 0
 28 141  2 41 FA_T16.jpeg A   2 0 A 0.787103 0 0
 28 142  2 42 FA_T0.jpeg A   7 1 H 0.642628 0 0
 28 143  2 43 FA_T10.jpeg A   4 1 H 0.657693 0 0
 28 144  2 44 FH_T20.jpeg H   1 0 A 0.436921 0 0
 28 145  2 45 FA_T0.jpeg A   7 1 H 0.951555 0 0
 28 146  2 46 FA_T7.jpeg A   5 1 H 0.780988 0 0
 28 147  2 47 FA_T7.jpeg A   5 1 H 0.752070 0 0
 28 148  2 48 FH_T7.jpeg H   5 1 H 0.945255 0 0
 28 149  2 49 FA_T13.jpeg A   3 1 H 0.983545 0 0
 28 150  2 50 FH_T0.jpeg H   7 1 H 0.608284 0 0
 28 151  2 51 FH_T7.jpeg H   5 0 A 0.991279 0 0
 28 152  2 52 FH_T4.jpeg H   6 0 A 0.685955 0 0
 28 153  2 53 FH_T10.jpeg H   4 0 A 0.724312 0 0
 28 154  2 54 FH_T13.jpeg H   3 0 A 0.558697 0 0
 28 155  2 55 FA_T0.jpeg A   7 1 H 0.917842 0 0
 28 156  2 56 FA_T13.jpeg A   3 0 A 0.956588 0 0
 28 157  2 57 FA_T0.jpeg A   7 1 H 0.713272 0 0
 28 158  2 58 FA_T20.jpeg A   1 0 A 0.552810 0 0
 28 159  2 59 FH_T13.jpeg H   3 0 A 0.641212 0 0
 28 160  2 60 FA_T10.jpeg A   4 0 A 1.056550 0 0
 28 161  2 61 FH_T13.jpeg H   3 0 A 0.475775 0 0
 28 162  2 62 FH_T16.jpeg H   2 0 A 0.459245 0 0
 28 163  2 63 FA_T13.jpeg A   3 0 A 0.801515 0 0
 28 164  2 64 FA_T10.jpeg A   4 0 A 1.033219 0 0
 28 165  2 65 FH_T13.jpeg H   3 0 A 0.703348 0 0
 28 166  2 66 FA_T0.jpeg A   7 1 H 0.718894 0 0
 28 167  2 67 FA_T10.jpeg A   4 0 A 1.088803 0 0
 28 168  2 68 FH_T20.jpeg H   1 0 A 0.530928 0 0
 28 169  2 69 FA_T10.jpeg A   4 0 A 1.205624 0 0
 28 170  2 70 FH_T16.jpeg H   2 0 A 0.564514 0 0
 28 171  2 71 FA_T10.jpeg A   4 0 A 0.919997 0 0
 28 172  2 72 FA_T16.jpeg A   2 0 A 0.559133 0 0
 28 173  2 73 FA_T16.jpeg A   2 0 A 0.404458 0 0
 28 174  2 74 FA_T0.jpeg A   7 1 H 0.542535 0 0
 28 175  2 75 FA_T13.jpeg A   3 0 A 0.508181 0 0
 28 176  2 76 FA_T10.jpeg A   4 0 A 0.647286 0 0
 28 177  2 77 FH_T13.jpeg H   3 0 A 0.558644 0 0
 28 178  2 78 FA_T10.jpeg A   4 0 A 0.730229 0 0
 28 179  2 79 FH_T0.jpeg H   7 1 H 0.627647 0 0
 28 180  2 80 FH_T20.jpeg H   1 0 A 0.514854 0 0
 28 181  2 81 FA_T10.jpeg A   4 0 A 0.631226 0 0
 28 182  2 82 FH_T4.jpeg H   6 0 A 0.515967 0 0
 28 183  2 83 FH_T10.jpeg H   4 0 A 0.564309 0 0
 28 184  2 84 FA_T16.jpeg A   2 0 A 0.471386 0 0
 28 185  2 85 FH_T16.jpeg H   2 0 A 0.679702 0 0
 28 186  2 86 FH_T0.jpeg H   7 1 H 0.669212 0 0
 28 187  2 87 FH_T13.jpeg H   3 0 A 0.653065 0 0
 28 188  2 88 FH_T7.jpeg H   5 0 A 0.503296 0 0
 28 189  2 89 FH_T20.jpeg H   1 0 A 0.520404 0 0
 28 190  2 90 FH_T10.jpeg H   4 0 A 0.575442 0 0
 28 191  2 91 FA_T4.jpeg A   6 1 H 0.609358 0 0
 28 192  2 92 FH_T20.jpeg H   1 0 A 0.830972 0 0
 28 193  2 93 FA_T10.jpeg A   4 0 A 1.029420 0 0
 28 194  2 94 FH_T10.jpeg H   4 0 A 0.680266 0 0
 28 195  2 95 FA_T16.jpeg A   2 0 A 0.497663 0 0
 28 196  2 96 FA_T16.jpeg A   2 0 A 0.630657 0 0
 28 197  2 97 FH_T0.jpeg H   7 1 H 0.498246 0 0
 28 198  2 98 FA_T0.jpeg A   7 1 H 0.702103 0 0
 28 199  2 99 FA_T4.jpeg A   6 1 H 0.569725 0 0
 28 200  2 100 FA_T4.jpeg A   6 1 H 0.636723 0 0
 28 201  3  1 FA_T4.jpeg A   6 1 H 0.867557 0 0
 28 202  3  2 FA_T10.jpeg A   4 1 H 0.630764 0 0
 28 203  3  3 FA_T20.jpeg A   1 0 A 0.625733 0 0
 28 204  3  4 FA_T4.jpeg A   6 1 H 0.707833 0 0
 28 205  3  5 FA_T7.jpeg A   5 1 H 0.608834 0 0
 28 206  3  6 FH_T20.jpeg H   1 0 A 0.515281 0 0
 28 207  3  7 FA_T7.jpeg A   5 1 H 0.682013 0 0
 28 208  3  8 FH_T10.jpeg H   4 0 A 0.681744 0 0
 28 209  3  9 FA_T0.jpeg A   7 1 H 0.636236 0 0
 28 210  3 10 FH_T13.jpeg H   3 0 A 0.476460 0 0
 28 211  3 11 FA_T16.jpeg A   2 0 A 0.587267 0 0
 28 212  3 12 FH_T20.jpeg H   1 0 A 0.487743 0 0
 28 213  3 13 FH_T20.jpeg H   1 0 A 0.415275 0 0
 28 214  3 14 FA_T0.jpeg A   7 1 H 0.542431 0 0
 28 215  3 15 FH_T7.jpeg H   5 0 A 0.768289 0 0
 28 216  3 16 FH_T13.jpeg H   3 0 A 0.414534 0 0
 28 217  3 17 FA_T7.jpeg A   5 1 H 0.690829 0 0
 28 218  3 18 FH_T10.jpeg H   4 0 A 1.050292 0 0
 28 219  3 19 FH_T4.jpeg H   6 1 H 0.746091 0 0
 28 220  3 20 FH_T13.jpeg H   3 0 A 0.740717 0 0
 28 221  3 21 FA_T13.jpeg A   3 0 A 0.795982 0 0
 28 222  3 22 FA_T4.jpeg A   6 1 H 0.542707 0 0
 28 223  3 23 FH_T16.jpeg H   2 0 A 0.581371 0 0
 28 224  3 24 FH_T0.jpeg H   7 1 H 0.619203 0 0
 28 225  3 25 FH_T13.jpeg H   3 0 A 0.602533 0 0
 28 226  3 26 FA_T16.jpeg A   2 0 A 0.630963 0 0
 28 227  3 27 FH_T20.jpeg H   1 0 A 0.829376 0 0
 28 228  3 28 FH_T4.jpeg H   6 1 H 0.614350 0 0
 28 229  3 29 FA_T16.jpeg A   2 0 A 0.641431 0 0
 28 230  3 30 FA_T0.jpeg A   7 1 H 0.663166 0 0
 28 231  3 31 FA_T20.jpeg A   1 0 A 0.486879 0 0
 28 232  3 32 FA_T13.jpeg A   3 0 A 1.149968 0 0
 28 233  3 33 FH_T20.jpeg H   1 0 A 0.580660 0 0
 28 234  3 34 FA_T16.jpeg A   2 0 A 0.674551 0 0
 28 235  3 35 FH_T0.jpeg H   7 1 H 0.708196 0 0
 28 236  3 36 FH_T10.jpeg H   4 0 A 0.613754 0 0
 28 237  3 37 FA_T16.jpeg A   2 0 A 0.536506 0 0
 28 238  3 38 FH_T0.jpeg H   7 1 H 0.674479 0 0
 28 239  3 39 FA_T20.jpeg A   1 0 A 0.596892 0 0
 28 240  3 40 FH_T0.jpeg H   7 1 H 0.658304 0 0
 28 241  3 41 FA_T13.jpeg A   3 0 A 0.552634 0 0
 28 242  3 42 FH_T7.jpeg H   5 1 H 1.088846 0 0
 28 243  3 43 FA_T7.jpeg A   5 1 H 0.817815 0 0
 28 244  3 44 FH_T0.jpeg H   7 1 H 0.602817 0 0
 28 245  3 45 FA_T7.jpeg A   5 1 H 0.856448 0 0
 28 246  3 46 FH_T10.jpeg H   4 1 H 1.835732 0 0
 28 247  3 47 FA_T13.jpeg A   3 0 A 1.972493 0 0
 28 248  3 48 FH_T13.jpeg H   3 0 A 0.663387 0 0
 28 249  3 49 FA_T16.jpeg A   2 0 A 0.570097 0 0
 28 250  3 50 FA_T4.jpeg A   6 1 H 0.652454 0 0
 28 251  3 51 FA_T7.jpeg A   5 1 H 0.498258 0 0
 28 252  3 52 FH_T20.jpeg H   1 0 A 0.553079 0 0
 28 253  3 53 FA_T4.jpeg A   6 1 H 0.609073 0 0
 28 254  3 54 FA_T0.jpeg A   7 1 H 0.602538 0 0
 28 255  3 55 FA_T13.jpeg A   3 0 A 0.779018 0 0
 28 256  3 56 FH_T10.jpeg H   4 0 A 1.028217 0 0
 28 257  3 57 FA_T13.jpeg A   3 0 A 0.514514 0 0
 28 258  3 58 FH_T0.jpeg H   7 1 H 1.249169 0 0
 28 259  3 59 FH_T4.jpeg H   6 1 H 0.575655 0 0
 28 260  3 60 FA_T20.jpeg A   1 0 A 0.663815 0 0
 28 261  3 61 FA_T7.jpeg A   5 1 H 0.944761 0 0
 28 262  3 62 FH_T16.jpeg H   2 0 A 0.829129 0 0
 28 263  3 63 FH_T13.jpeg H   3 0 A 0.801535 0 0
 28 264  3 64 FA_T10.jpeg A   4 1 H 1.614817 0 0
 28 265  3 65 FH_T0.jpeg H   7 1 H 0.707763 0 0
 28 266  3 66 FA_T4.jpeg A   6 1 H 0.702081 0 0
 28 267  3 67 FA_T7.jpeg A   5 1 H 0.691244 0 0
 28 268  3 68 FA_T7.jpeg A   5 1 H 0.586450 0 0
 28 269  3 69 FH_T7.jpeg H   5 1 H 0.999923 0 0
 28 270  3 70 FH_T13.jpeg H   3 0 A 1.349187 0 0
 28 271  3 71 FH_T20.jpeg H   1 0 A 0.548522 0 0
 28 272  3 72 FH_T0.jpeg H   7 1 H 0.702130 0 0
 28 273  3 73 FA_T16.jpeg A   2 0 A 1.005861 0 0
 28 274  3 74 FA_T20.jpeg A   1 0 A 0.503121 0 0
 28 275  3 75 FH_T20.jpeg H   1 0 A 0.559739 0 0
 28 276  3 76 FA_T10.jpeg A   4 1 H 0.729661 0 0
 28 277  3 77 FH_T16.jpeg H   2 0 A 0.580710 0 0
 28 278  3 78 FH_T20.jpeg H   1 0 A 0.464414 0 0
 28 279  3 79 FH_T16.jpeg H   2 0 A 0.956151 0 0
 28 280  3 80 FH_T0.jpeg H   7 1 H 0.536622 0 0
 28 281  3 81 FH_T0.jpeg H   7 1 H 0.646946 0 0
 28 282  3 82 FH_T20.jpeg H   1 0 A 0.571229 0 0
 28 283  3 83 FA_T10.jpeg A   4 1 H 0.603182 0 0
 28 284  3 84 FA_T10.jpeg A   4 1 H 0.735313 0 0
 28 285  3 85 FA_T4.jpeg A   6 1 H 0.541994 0 0
 28 286  3 86 FA_T13.jpeg A   3 0 A 0.632019 0 0
 28 287  3 87 FH_T13.jpeg H   3 0 A 0.587703 0 0
 28 288  3 88 FH_T0.jpeg H   7 1 H 0.509822 0 0
 28 289  3 89 FH_T7.jpeg H   5 1 H 1.227783 0 0
 28 290  3 90 FA_T10.jpeg A   4 1 H 1.817989 0 0
 28 291  3 91 FA_T13.jpeg A   3 0 A 0.779716 0 0
 28 292  3 92 FA_T20.jpeg A   1 0 A 0.575965 0 0
 28 293  3 93 FA_T20.jpeg A   1 0 A 0.520393 0 0
 28 294  3 94 FA_T7.jpeg A   5 1 H 1.421213 0 0
 28 295  3 95 FH_T20.jpeg H   1 0 A 0.608540 0 0
 28 296  3 96 FH_T10.jpeg H   4 0 A 0.902212 0 0
 28 297  3 97 FH_T7.jpeg H   5 1 H 0.923356 0 0
 28 298  3 98 FH_T20.jpeg H   1 0 A 0.619670 0 0
 28 299  3 99 FH_T10.jpeg H   4 0 A 0.686118 0 0
 28 300  3 100 FH_T4.jpeg H   6 1 H 0.691456 0 0
 28 301  4  1 FA_T7.jpeg A   5 1 H 0.775041 0 0
 28 302  4  2 FA_T10.jpeg A   4 1 H 0.508831 0 0
 28 303  4  3 FH_T4.jpeg H   6 1 H 0.918111 0 0
 28 304  4  4 FA_T10.jpeg A   4 1 H 0.531298 0 0
 28 305  4  5 FA_T20.jpeg A   1 0 A 0.414994 0 0
 28 306  4  6 FH_T4.jpeg H   6 1 H 0.978347 0 0
 28 307  4  7 FH_T20.jpeg H   1 0 A 0.487038 0 0
 28 308  4  8 FA_T20.jpeg A   1 0 A 0.420868 0 0
 28 309  4  9 FH_T13.jpeg H   3 0 A 1.200796 0 0
 28 310  4 10 FA_T4.jpeg A   6 1 H 0.581002 0 0
 28 311  4 11 FH_T20.jpeg H   1 0 A 0.547843 0 0
 28 312  4 12 FA_T4.jpeg A   6 1 H 0.735584 0 0
 28 313  4 13 FH_T13.jpeg H   3 0 A 0.575083 0 0
 28 314  4 14 FA_T7.jpeg A   5 1 H 1.100003 0 0
 28 315  4 15 FA_T20.jpeg A   1 0 A 0.475438 0 0
 28 316  4 16 FA_T7.jpeg A   5 1 H 0.597684 0 0
 28 317  4 17 FH_T13.jpeg H   3 0 A 0.503574 0 0
 28 318  4 18 FH_T0.jpeg H   7 1 H 0.564523 0 0
 28 319  4 19 FA_T7.jpeg A   5 1 H 0.879019 0 0
 28 320  4 20 FH_T13.jpeg H   3 0 A 0.454207 0 0
 28 321  4 21 FA_T16.jpeg A   2 0 A 0.519805 0 0
 28 322  4 22 FH_T13.jpeg H   3 0 A 0.647635 0 0
 28 323  4 23 FH_T0.jpeg H   7 1 H 0.581162 0 0
 28 324  4 24 FA_T13.jpeg A   3 0 A 0.509381 0 0
 28 325  4 25 FH_T0.jpeg H   7 1 H 0.515178 0 0
 28 326  4 26 FH_T7.jpeg H   5 0 A 0.525890 0 0
 28 327  4 27 FH_T0.jpeg H   7 1 H 0.390204 0 0
 28 328  4 28 FA_T10.jpeg A   4 1 H 1.359866 0 0
 28 329  4 29 FA_T10.jpeg A   4 1 H 1.660089 0 0
 28 330  4 30 FA_T16.jpeg A   2 0 A 0.713352 0 0
 28 331  4 31 FA_T16.jpeg A   2 0 A 0.504653 0 0
 28 332  4 32 FA_T4.jpeg A   6 1 H 0.581007 0 0
 28 333  4 33 FH_T16.jpeg H   2 0 A 0.763354 0 0
 28 334  4 34 FH_T4.jpeg H   6 1 H 0.620011 0 0
 28 335  4 35 FA_T13.jpeg A   3 0 A 0.537687 0 0
 28 336  4 36 FA_T10.jpeg A   4 0 A 0.969469 0 0
 28 337  4 37 FA_T16.jpeg A   2 0 A 0.570634 0 0
 28 338  4 38 FA_T7.jpeg A   5 1 H 1.465584 0 0
 28 339  4 39 FA_T4.jpeg A   6 1 H 0.625950 0 0
 28 340  4 40 FH_T10.jpeg H   4 0 A 0.779167 0 0
 28 341  4 41 FH_T0.jpeg H   7 1 H 0.724653 0 0
 28 342  4 42 FA_T13.jpeg A   3 0 A 1.122282 0 0
 28 343  4 43 FH_T7.jpeg H   5 0 A 1.502855 0 0
 28 344  4 44 FA_T7.jpeg A   5 1 H 0.665599 0 0
 28 345  4 45 FH_T10.jpeg H   4 0 A 0.719013 0 0
 28 346  4 46 FH_T4.jpeg H   6 1 H 0.592743 0 0
 28 347  4 47 FH_T16.jpeg H   2 0 A 0.615884 0 0
 28 348  4 48 FH_T0.jpeg H   7 1 H 0.564351 0 0
 28 349  4 49 FA_T20.jpeg A   1 0 A 0.536843 0 0
 28 350  4 50 FH_T0.jpeg H   7 1 H 0.537010 0 0
 28 351  4 51 FH_T20.jpeg H   1 0 A 0.498197 0 0
 28 352  4 52 FA_T20.jpeg A   1 0 A 0.381979 0 0
 28 353  4 53 FA_T4.jpeg A   6 1 H 0.542370 0 0
 28 354  4 54 FA_T20.jpeg A   1 0 A 0.420947 0 0
 28 355  4 55 FH_T4.jpeg H   6 1 H 0.746784 0 0
 28 356  4 56 FA_T0.jpeg A   7 1 H 0.658121 0 0
 28 357  4 57 FA_T7.jpeg A   5 1 H 0.630791 0 0
 28 358  4 58 FH_T4.jpeg H   6 1 H 0.659044 0 0
 28 359  4 59 FA_T0.jpeg A   7 1 H 1.329446 0 0
 28 360  4 60 FA_T13.jpeg A   3 0 A 1.039079 0 0
 28 361  4 61 FH_T7.jpeg H   5 1 H 0.691242 0 0
 28 362  4 62 FH_T20.jpeg H   1 0 A 0.591578 0 0
 28 363  4 63 FA_T4.jpeg A   6 1 H 0.547973 0 0
 28 364  4 64 FH_T10.jpeg H   4 0 A 0.718914 0 0
 28 365  4 65 FH_T20.jpeg H   1 0 A 0.859036 0 0
 28 366  4 66 FA_T0.jpeg A   7 1 H 0.525850 0 0
 28 367  4 67 FA_T0.jpeg A   7 1 H 0.945526 0 0
 28 368  4 68 FA_T0.jpeg A   7 1 H 0.548082 0 0
 28 369  4 69 FH_T0.jpeg H   7 1 H 0.608280 0 0
 28 370  4 70 FA_T10.jpeg A   4 1 H 0.923515 0 0
 28 371  4 71 FH_T7.jpeg H   5 0 A 0.812296 0 0
 28 372  4 72 FH_T10.jpeg H   4 0 A 0.574719 0 0
 28 373  4 73 FH_T7.jpeg H   5 0 A 1.831716 0 0
 28 374  4 74 FH_T16.jpeg H   2 0 A 0.547733 0 0
 28 375  4 75 FH_T4.jpeg H   6 1 H 0.946564 0 0
 28 376  4 76 FA_T4.jpeg A   6 1 H 0.641371 0 0
 28 377  4 77 FA_T4.jpeg A   6 1 H 0.504017 0 0
 28 378  4 78 FH_T20.jpeg H   1 0 A 0.521449 0 0
 28 379  4 79 FH_T10.jpeg H   4 0 A 1.300598 0 0
 28 380  4 80 FA_T10.jpeg A   4 1 H 0.797215 0 0
 28 381  4 81 FH_T20.jpeg H   1 0 A 0.482733 0 0
 28 382  4 82 FA_T0.jpeg A   7 1 H 0.504233 0 0
 28 383  4 83 FH_T4.jpeg H   6 1 H 1.113646 0 0
 28 384  4 84 FH_T13.jpeg H   3 0 A 0.526123 0 0
 28 385  4 85 FH_T16.jpeg H   2 0 A 0.592110 0 0
 28 386  4 86 FH_T4.jpeg H   6 1 H 0.647081 0 0
 28 387  4 87 FA_T0.jpeg A   7 1 H 0.619871 0 0
 28 388  4 88 FA_T10.jpeg A   4 1 H 0.636074 0 0
 28 389  4 89 FH_T4.jpeg H   6 1 H 0.580543 0 0
 28 390  4 90 FA_T10.jpeg A   4 1 H 0.387786 0 0
 28 391  4 91 FA_T0.jpeg A   7 1 H 0.581001 0 0
 28 392  4 92 FA_T16.jpeg A   2 0 A 0.558710 0 0
 28 393  4 93 FA_T20.jpeg A   1 0 A 0.547648 0 0
 28 394  4 94 FA_T13.jpeg A   3 0 A 0.675619 0 0
 28 395  4 95 FH_T20.jpeg H   1 0 A 0.453838 0 0
 28 396  4 96 FH_T4.jpeg H   6 1 H 0.608879 0 0
 28 397  4 97 FA_T4.jpeg A   6 1 H 0.724662 0 0
 28 398  4 98 FA_T4.jpeg A   6 1 H 0.565508 0 0
 28 399  4 99 FA_T4.jpeg A   6 1 H 0.852014 0 0
 28 400  4 100 FA_T0.jpeg A   7 1 H 0.663346 0 0
 28 401  5  1 FH_T4.jpeg H   6 1 H 0.531134 0 0
 28 402  5  2 FA_T20.jpeg A   1 0 A 0.426435 0 0
 28 403  5  3 FH_T16.jpeg H   2 0 A 0.387812 0 0
 28 404  5  4 FA_T4.jpeg A   6 1 H 0.504673 0 0
 28 405  5  5 FH_T4.jpeg H   6 1 H 0.554346 0 0
 28 406  5  6 FH_T10.jpeg H   4 0 A 0.907752 0 0
 28 407  5  7 FA_T4.jpeg A   6 1 H 0.537084 0 0
 28 408  5  8 FH_T7.jpeg H   5 1 H 0.459699 0 0
 28 409  5  9 FH_T13.jpeg H   3 1 H 0.509119 0 0
 28 410  5 10 FA_T4.jpeg A   6 1 H 0.586204 0 0
 28 411  5 11 FH_T20.jpeg H   1 0 A 0.509264 0 0
 28 412  5 12 FH_T10.jpeg H   4 0 A 0.576166 0 0
 28 413  5 13 FA_T10.jpeg A   4 1 H 0.592758 0 0
 28 414  5 14 FA_T4.jpeg A   6 1 H 0.536586 0 0
 28 415  5 15 FA_T0.jpeg A   7 1 H 0.702262 0 0
 28 416  5 16 FH_T4.jpeg H   6 1 H 0.603085 0 0
 28 417  5 17 FA_T20.jpeg A   1 0 A 0.643169 0 0
 28 418  5 18 FH_T7.jpeg H   5 1 H 0.730124 0 0
 28 419  5 19 FA_T16.jpeg A   2 0 A 0.381951 0 0
 28 420  5 20 FH_T4.jpeg H   6 1 H 0.647250 0 0
 28 421  5 21 FA_T0.jpeg A   7 1 H 0.807048 0 0
 28 422  5 22 FA_T7.jpeg A   5 1 H 0.691394 0 0
 28 423  5 23 FA_T10.jpeg A   4 1 H 0.686147 0 0
 28 424  5 24 FA_T0.jpeg A   7 1 H 0.598198 0 0
 28 425  5 25 FH_T4.jpeg H   6 1 H 0.802290 0 0
 28 426  5 26 FA_T7.jpeg A   5 1 H 0.658098 0 0
 28 427  5 27 FA_T4.jpeg A   6 1 H 0.497951 0 0
 28 428  5 28 FH_T4.jpeg H   6 1 H 0.603321 0 0
 28 429  5 29 FH_T10.jpeg H   4 0 A 0.608597 0 0
 28 430  5 30 FH_T10.jpeg H   4 0 A 0.475578 0 0
 28 431  5 31 FA_T20.jpeg A   1 0 A 0.410059 0 0
 28 432  5 32 FA_T7.jpeg A   5 1 H 0.790932 0 0
 28 433  5 33 FH_T10.jpeg H   4 0 A 0.807823 0 0
 28 434  5 34 FA_T0.jpeg A   7 1 H 0.675176 0 0
 28 435  5 35 FA_T20.jpeg A   1 0 A 0.586595 0 0
 28 436  5 36 FA_T16.jpeg A   2 0 A 0.785531 0 0
 28 437  5 37 FH_T7.jpeg H   5 1 H 1.155522 0 0
 28 438  5 38 FA_T7.jpeg A   5 1 H 0.724519 0 0
 28 439  5 39 FH_T13.jpeg H   3 0 A 0.603216 0 0
 28 440  5 40 FA_T16.jpeg A   2 0 A 0.973721 0 0
 28 441  5 41 FH_T16.jpeg H   2 0 A 0.631016 0 0
 28 442  5 42 FH_T13.jpeg H   3 0 A 0.587933 0 0
 28 443  5 43 FA_T20.jpeg A   1 0 A 0.536869 0 0
 28 444  5 44 FA_T20.jpeg A   1 0 A 0.652269 0 0
 28 445  5 45 FA_T7.jpeg A   5 1 H 0.674829 0 0
 28 446  5 46 FA_T0.jpeg A   7 1 H 1.133680 0 0
 28 447  5 47 FA_T20.jpeg A   1 0 A 0.503463 0 0
 28 448  5 48 FA_T13.jpeg A   3 0 A 0.831202 0 0
 28 449  5 49 FA_T7.jpeg A   5 1 H 0.641435 0 0
 28 450  5 50 FH_T10.jpeg H   4 0 A 0.487050 0 0
 28 451  5 51 FH_T4.jpeg H   6 1 H 0.752200 0 0
 28 452  5 52 FH_T0.jpeg H   7 1 H 0.615112 0 0
 28 453  5 53 FH_T4.jpeg H   6 1 H 0.421153 0 0
 28 454  5 54 FH_T7.jpeg H   5 0 A 0.398759 0 0
 28 455  5 55 FH_T16.jpeg H   2 0 A 0.531919 0 0
 28 456  5 56 FA_T13.jpeg A   3 0 A 0.685599 0 0
 28 457  5 57 FH_T13.jpeg H   3 0 A 0.486945 0 0
 28 458  5 58 FH_T7.jpeg H   5 0 A 0.753555 0 0
 28 459  5 59 FA_T13.jpeg A   3 0 A 0.730445 0 0
 28 460  5 60 FH_T10.jpeg H   4 0 A 0.504685 0 0
 28 461  5 61 FA_T10.jpeg A   4 0 A 1.394747 0 0
 28 462  5 62 FA_T0.jpeg A   7 1 H 0.525924 0 0
 28 463  5 63 FH_T10.jpeg H   4 0 A 1.182927 0 0
 28 464  5 64 FA_T13.jpeg A   3 0 A 0.747622 0 0
 28 465  5 65 FH_T13.jpeg H   3 0 A 0.471543 0 0
 28 466  5 66 FH_T4.jpeg H   6 1 H 0.658194 0 0
 28 467  5 67 FA_T7.jpeg A   5 1 H 0.741206 0 0
 28 468  5 68 FH_T16.jpeg H   2 0 A 0.492987 0 0
 28 469  5 69 FA_T20.jpeg A   1 0 A 0.624638 0 0
 28 470  5 70 FH_T7.jpeg H   5 0 A 0.443132 0 0
 28 471  5 71 FA_T20.jpeg A   1 0 A 0.448134 0 0
 28 472  5 72 FH_T16.jpeg H   2 0 A 0.376939 0 0
 28 473  5 73 FA_T7.jpeg A   5 1 H 0.603311 0 0
 28 474  5 74 FA_T13.jpeg A   3 0 A 0.321057 0 0
 28 475  5 75 FA_T4.jpeg A   6 1 H 0.536782 0 0
 28 476  5 76 FH_T13.jpeg H   3 0 A 0.559090 0 0
 28 477  5 77 FH_T10.jpeg H   4 0 A 0.531380 0 0
 28 478  5 78 FH_T4.jpeg H   6 1 H 0.658340 0 0
 28 479  5 79 FH_T16.jpeg H   2 0 A 0.929964 0 0
 28 480  5 80 FH_T0.jpeg H   7 1 H 0.581252 0 0
 28 481  5 81 FA_T10.jpeg A   4 1 H 0.570174 0 0
 28 482  5 82 FH_T20.jpeg H   1 0 A 0.386475 0 0
 28 483  5 83 FA_T7.jpeg A   5 1 H 0.570061 0 0
 28 484  5 84 FH_T0.jpeg H   7 1 H 0.487605 0 0
 28 485  5 85 FA_T16.jpeg A   2 0 A 0.580640 0 0
 28 486  5 86 FH_T16.jpeg H   2 0 A 0.525603 0 0
 28 487  5 87 FA_T4.jpeg A   6 1 H 0.603195 0 0
 28 488  5 88 FA_T16.jpeg A   2 0 A 0.398433 0 0
 28 489  5 89 FA_T16.jpeg A   2 0 A 0.476254 0 0
 28 490  5 90 FA_T20.jpeg A   1 0 A 0.437508 0 0
 28 491  5 91 FH_T16.jpeg H   2 0 A 0.592360 0 0
 28 492  5 92 FH_T7.jpeg H   5 0 A 0.603244 0 0
 28 493  5 93 FA_T16.jpeg A   2 0 A 0.503369 0 0
 28 494  5 94 FA_T10.jpeg A   4 0 A 0.376065 0 0
 28 495  5 95 FA_T16.jpeg A   2 0 A 0.514331 0 0
 28 496  5 96 FH_T7.jpeg H   5 0 A 0.901496 0 0
 28 497  5 97 FH_T20.jpeg H   1 0 A 0.564291 0 0
 28 498  5 98 FH_T20.jpeg H   1 0 A 0.465174 0 0
 28 499  5 99 FH_T0.jpeg H   7 1 H 0.558777 0 0
 28 500  5 100 FA_T20.jpeg A   1 0 A 0.404433 0 0
 28 501  6  1 FA_T0.jpeg A   7 1 H 0.856634 0 0
 28 502  6  2 FH_T20.jpeg H   1 0 A 0.414771 0 0
 28 503  6  3 FH_T20.jpeg H   1 0 A 0.415187 0 0
 28 504  6  4 FH_T16.jpeg H   2 0 A 0.343410 0 0
 28 505  6  5 FH_T20.jpeg H   1 0 A 0.420950 0 0
 28 506  6  6 FA_T16.jpeg A   2 0 A 0.355028 0 0
 28 507  6  7 FH_T7.jpeg H   5 0 A 0.669913 0 0
 28 508  6  8 FA_T0.jpeg A   7 1 H 0.553321 0 0
 28 509  6  9 FH_T16.jpeg H   2 0 A 0.503792 0 0
 28 510  6 10 FH_T16.jpeg H   2 0 A 0.354342 0 0
 28 511  6 11 FA_T0.jpeg A   7 1 H 0.901313 0 0
 28 512  6 12 FA_T4.jpeg A   6 1 H 0.608553 0 0
 28 513  6 13 FH_T20.jpeg H   1 0 A 0.564115 0 0
 28 514  6 14 FA_T13.jpeg A   3 0 A 1.089499 0 0
 28 515  6 15 FH_T4.jpeg H   6 1 H 0.542554 0 0
 28 516  6 16 FH_T16.jpeg H   2 0 A 0.448181 0 0
 28 517  6 17 FA_T16.jpeg A   2 0 A 0.581129 0 0
 28 518  6 18 FH_T0.jpeg H   7 1 H 0.437457 0 0
 28 519  6 19 FH_T16.jpeg H   2 0 A 0.503357 0 0
 28 520  6 20 FH_T20.jpeg H   1 0 A 0.482290 0 0
 28 521  6 21 FH_T0.jpeg H   7 1 H 0.603218 0 0
 28 522  6 22 FH_T4.jpeg H   6 0 A 0.619575 0 0
 28 523  6 23 FH_T16.jpeg H   2 0 A 0.481168 0 0
 28 524  6 24 FH_T16.jpeg H   2 0 A 0.509090 0 0
 28 525  6 25 FH_T4.jpeg H   6 1 H 0.542427 0 0
 28 526  6 26 FA_T7.jpeg A   5 1 H 0.492590 0 0
 28 527  6 27 FH_T7.jpeg H   5 1 H 1.011812 0 0
 28 528  6 28 FH_T7.jpeg H   5 1 H 0.780033 0 0
 28 529  6 29 FH_T0.jpeg H   7 1 H 0.431559 0 0
 28 530  6 30 FA_T4.jpeg A   6 1 H 0.724517 0 0
 28 531  6 31 FH_T4.jpeg H   6 1 H 0.674941 0 0
 28 532  6 32 FA_T13.jpeg A   3 0 A 0.675316 0 0
 28 533  6 33 FA_T7.jpeg A   5 1 H 0.786180 0 0
 28 534  6 34 FA_T13.jpeg A   3 0 A 0.602469 0 0
 28 535  6 35 FA_T13.jpeg A   3 0 A 0.625536 0 0
 28 536  6 36 FH_T4.jpeg H   6 1 H 0.564444 0 0
 28 537  6 37 FA_T7.jpeg A   5 1 H 0.470986 0 0
 28 538  6 38 FH_T13.jpeg H   3 0 A 0.581187 0 0
 28 539  6 39 FA_T13.jpeg A   3 0 A 0.553252 0 0
 28 540  6 40 FH_T13.jpeg H   3 0 A 0.448248 0 0
 28 541  6 41 FA_T4.jpeg A   6 0 A 0.371171 0 0
 28 542  6 42 FA_T16.jpeg A   2 0 A 0.432150 0 0
 28 543  6 43 FH_T13.jpeg H   3 0 A 0.624600 0 0
 28 544  6 44 FH_T13.jpeg H   3 0 A 0.665259 0 0
 28 545  6 45 FA_T7.jpeg A   5 0 A 0.387286 0 0
 28 546  6 46 FA_T13.jpeg A   3 0 A 0.382408 0 0
 28 547  6 47 FH_T20.jpeg H   1 0 A 0.580943 0 0
 28 548  6 48 FA_T10.jpeg A   4 0 A 1.420266 0 0
 28 549  6 49 FH_T13.jpeg H   3 0 A 0.702712 0 0
 28 550  6 50 FA_T10.jpeg A   4 1 H 0.476208 0 0
 28 551  6 51 FH_T10.jpeg H   4 0 A 0.807240 0 0
 28 552  6 52 FH_T7.jpeg H   5 0 A 0.592218 0 0
 28 553  6 53 FA_T13.jpeg A   3 0 A 0.663722 0 0
 28 554  6 54 FH_T20.jpeg H   1 0 A 0.620107 0 0
 28 555  6 55 FH_T4.jpeg H   6 1 H 0.349161 0 0
 28 556  6 56 FA_T16.jpeg A   2 0 A 0.554764 0 0
 28 557  6 57 FH_T13.jpeg H   3 0 A 0.547872 0 0
 28 558  6 58 FA_T20.jpeg A   1 0 A 0.553236 0 0
 28 559  6 59 FA_T4.jpeg A   6 1 H 1.033621 0 0
 28 560  6 60 FH_T7.jpeg H   5 0 A 1.520019 0 0
 28 561  6 61 FA_T20.jpeg A   1 0 A 0.376720 0 0
 28 562  6 62 FA_T16.jpeg A   2 0 A 0.481627 0 0
 28 563  6 63 FH_T7.jpeg H   5 0 A 0.332285 0 0
 28 564  6 64 FA_T0.jpeg A   7 1 H 0.464779 0 0
 28 565  6 65 FA_T4.jpeg A   6 1 H 0.674491 0 0
 28 566  6 66 FA_T10.jpeg A   4 1 H 1.409967 0 0
 28 567  6 67 FA_T4.jpeg A   6 1 H 0.387894 0 0
 28 568  6 68 FH_T7.jpeg H   5 0 A 0.603215 0 0
 28 569  6 69 FA_T10.jpeg A   4 1 H 0.713595 0 0
 28 570  6 70 FH_T20.jpeg H   1 0 A 0.559879 0 0
 28 571  6 71 FH_T13.jpeg H   3 0 A 0.664191 0 0
 28 572  6 72 FH_T13.jpeg H   3 0 A 0.531032 0 0
 28 573  6 73 FH_T10.jpeg H   4 0 A 0.587109 0 0
 28 574  6 74 FH_T20.jpeg H   1 0 A 0.404028 0 0
 28 575  6 75 FA_T10.jpeg A   4 1 H 0.690638 0 0
 28 576  6 76 FA_T4.jpeg A   6 1 H 0.636018 0 0
 28 577  6 77 FA_T0.jpeg A   7 1 H 0.565812 0 0
 28 578  6 78 FH_T20.jpeg H   1 0 A 0.558961 0 0
 28 579  6 79 FH_T16.jpeg H   2 0 A 0.536902 0 0
 28 580  6 80 FH_T7.jpeg H   5 0 A 1.730063 0 0
 28 581  6 81 FH_T4.jpeg H   6 1 H 1.514743 0 0
 28 582  6 82 FH_T7.jpeg H   5 1 H 0.569929 0 0
 28 583  6 83 FH_T7.jpeg H   5 1 H 0.840135 0 0
 28 584  6 84 FH_T7.jpeg H   5 1 H 1.525852 0 0
 28 585  6 85 FA_T20.jpeg A   1 0 A 0.437907 0 0
 28 586  6 86 FA_T4.jpeg A   6 1 H 0.934169 0 0
 28 587  6 87 FA_T7.jpeg A   5 1 H 0.503759 0 0
 28 588  6 88 FA_T10.jpeg A   4 1 H 0.476007 0 0
 28 589  6 89 FH_T20.jpeg H   1 0 A 0.476115 0 0
 28 590  6 90 FA_T7.jpeg A   5 1 H 0.536410 0 0
 28 591  6 91 FA_T7.jpeg A   5 1 H 0.476713 0 0
 28 592  6 92 FA_T7.jpeg A   5 1 H 0.443096 0 0
 28 593  6 93 FH_T4.jpeg H   6 1 H 0.415796 0 0
 28 594  6 94 FH_T16.jpeg H   2 0 A 1.013280 0 0
 28 595  6 95 FA_T13.jpeg A   3 0 A 0.657747 0 0
 28 596  6 96 FA_T16.jpeg A   2 0 A 0.398483 0 0
 28 597  6 97 FA_T13.jpeg A   3 0 A 1.724006 0 0
 28 598  6 98 FA_T16.jpeg A   2 0 A 0.498211 0 0
 28 599  6 99 FA_T20.jpeg A   1 0 A 0.454411 0 0
 28 600  6 100 FH_T7.jpeg H   5 1 H 0.702988 0 0
 28 601  7  1 FH_T13.jpeg H   3 1 H 0.365783 0 0
 28 602  7  2 FA_T20.jpeg A   1 0 A 0.475562 0 0
 28 603  7  3 FA_T16.jpeg A   2 0 A 0.586633 0 0
 28 604  7  4 FA_T0.jpeg A   7 1 H 0.564416 0 0
 28 605  7  5 FA_T16.jpeg A   2 0 A 0.464745 0 0
 28 606  7  6 FA_T16.jpeg A   2 0 A 0.951106 0 0
 28 607  7  7 FH_T13.jpeg H   3 0 A 0.387431 0 0
 28 608  7  8 FH_T4.jpeg H   6 1 H 0.647787 0 0
 28 609  7  9 FH_T13.jpeg H   3 0 A 0.453978 0 0
 28 610  7 10 FA_T10.jpeg A   4 1 H 0.569116 0 0
 28 611  7 11 FA_T10.jpeg A   4 0 A 0.563763 0 0
 28 612  7 12 FA_T0.jpeg A   7 1 H 0.470034 0 0
 28 613  7 13 FH_T16.jpeg H   2 0 A 0.470564 0 0
 28 614  7 14 FA_T20.jpeg A   1 0 A 0.470044 0 0
 28 615  7 15 FH_T0.jpeg H   7 1 H 0.696551 0 0
 28 616  7 16 FH_T10.jpeg H   4 0 A 0.530876 0 0
 28 617  7 17 FH_T10.jpeg H   4 0 A 0.581035 0 0
 28 618  7 18 FA_T13.jpeg A   3 0 A 0.536406 0 0
 28 619  7 19 FH_T0.jpeg H   7 1 H 1.067200 0 0
 28 620  7 20 FA_T7.jpeg A   5 1 H 0.475772 0 0
 28 621  7 21 FA_T13.jpeg A   3 0 A 0.564025 0 0
 28 622  7 22 FH_T16.jpeg H   2 0 A 0.470684 0 0
 28 623  7 23 FA_T20.jpeg A   1 0 A 0.895703 0 0
 28 624  7 24 FH_T4.jpeg H   6 1 H 0.884351 0 0
 28 625  7 25 FH_T4.jpeg H   6 1 H 0.729697 0 0
 28 626  7 26 FA_T10.jpeg A   4 1 H 1.105744 0 0
 28 627  7 27 FH_T10.jpeg H   4 1 H 0.757334 0 0
 28 628  7 28 FA_T0.jpeg A   7 1 H 0.713080 0 0
 28 629  7 29 FA_T10.jpeg A   4 1 H 0.763157 0 0
 28 630  7 30 FH_T20.jpeg H   1 0 A 0.691978 0 0
 28 631  7 31 FA_T20.jpeg A   1 0 A 0.387685 0 0
 28 632  7 32 FA_T20.jpeg A   1 0 A 0.320947 0 0
 28 633  7 33 FA_T4.jpeg A   6 1 H 0.724321 0 0
 28 634  7 34 FA_T13.jpeg A   3 0 A 0.773817 0 0
 28 635  7 35 FH_T16.jpeg H   2 0 A 0.415393 0 0
 28 636  7 36 FA_T20.jpeg A   1 0 A 0.425845 0 0
 28 637  7 37 FH_T0.jpeg H   7 1 H 0.741325 0 0
 28 638  7 38 FA_T7.jpeg A   5 1 H 0.398672 0 0
 28 639  7 39 FA_T16.jpeg A   2 0 A 0.531084 0 0
 28 640  7 40 FH_T7.jpeg H   5 1 H 0.696999 0 0
 28 641  7 41 FA_T16.jpeg A   2 0 A 0.531133 0 0
 28 642  7 42 FH_T13.jpeg H   3 0 A 0.437142 0 0
 28 643  7 43 FA_T10.jpeg A   4 1 H 0.795728 0 0
 28 644  7 44 FH_T0.jpeg H   7 0 A 0.338027 0 0
 28 645  7 45 FA_T13.jpeg A   3 0 A 0.619283 0 0
 28 646  7 46 FH_T16.jpeg H   2 0 A 1.017598 0 0
 28 647  7 47 FH_T0.jpeg H   7 1 H 0.541705 0 0
 28 648  7 48 FH_T10.jpeg H   4 0 A 1.012349 0 0
 28 649  7 49 FA_T4.jpeg A   6 1 H 0.802079 0 0
 28 650  7 50 FH_T16.jpeg H   2 0 A 0.569638 0 0
 28 651  7 51 FH_T13.jpeg H   3 0 A 0.547678 0 0
 28 652  7 52 FH_T7.jpeg H   5 0 A 1.088359 0 0
 28 653  7 53 FH_T10.jpeg H   4 0 A 0.591701 0 0
 28 654  7 54 FH_T20.jpeg H   1 0 A 0.382179 0 0
 28 655  7 55 FH_T7.jpeg H   5 1 H 1.127120 0 0
 28 656  7 56 FH_T0.jpeg H   7 0 A 0.575664 0 0
 28 657  7 57 FA_T10.jpeg A   4 1 H 1.563338 0 0
 28 658  7 58 FH_T4.jpeg H   6 1 H 0.553416 0 0
 28 659  7 59 FH_T10.jpeg H   4 0 A 0.690407 0 0
 28 660  7 60 FH_T16.jpeg H   2 0 A 0.752299 0 0
 28 661  7 61 FA_T4.jpeg A   6 1 H 0.724583 0 0
 28 662  7 62 FA_T10.jpeg A   4 1 H 1.459534 0 0
 28 663  7 63 FH_T7.jpeg H   5 1 H 1.740957 0 0
 28 664  7 64 FH_T7.jpeg H   5 1 H 1.398362 0 0
 28 665  7 65 FH_T0.jpeg H   7 1 H 0.724645 0 0
 28 666  7 66 FH_T10.jpeg H   4 0 A 1.127910 0 0
 28 667  7 67 FA_T0.jpeg A   7 1 H 1.420847 0 0
 28 668  7 68 FH_T13.jpeg H   3 0 A 0.685420 0 0
 28 669  7 69 FH_T7.jpeg H   5 0 A 1.458832 0 0
 28 670  7 70 FH_T0.jpeg H   7 1 H 0.553267 0 0
 28 671  7 71 FH_T16.jpeg H   2 0 A 0.591867 0 0
 28 672  7 72 FH_T16.jpeg H   2 0 A 0.475591 0 0
 28 673  7 73 FH_T0.jpeg H   7 1 H 0.674550 0 0
 28 674  7 74 FH_T13.jpeg H   3 0 A 0.514878 0 0
 28 675  7 75 FH_T10.jpeg H   4 0 A 0.442381 0 0
 28 676  7 76 FA_T0.jpeg A   7 1 H 0.564404 0 0
 28 677  7 77 FH_T20.jpeg H   1 0 A 0.553194 0 0
 28 678  7 78 FA_T16.jpeg A   2 0 A 0.890133 0 0
 28 679  7 79 FH_T16.jpeg H   2 0 A 0.779287 0 0
 28 680  7 80 FA_T10.jpeg A   4 1 H 1.165651 0 0
 28 681  7 81 FA_T20.jpeg A   1 0 A 0.989881 0 0
 28 682  7 82 FA_T10.jpeg A   4 1 H 1.022851 0 0
 28 683  7 83 FH_T0.jpeg H   7 1 H 0.607885 0 0
 28 684  7 84 FH_T0.jpeg H   7 1 H 0.443126 0 0
 28 685  7 85 FH_T16.jpeg H   2 0 A 0.680080 0 0
 28 686  7 86 FA_T13.jpeg A   3 0 A 0.762749 0 0
 28 687  7 87 FA_T0.jpeg A   7 1 H 0.569910 0 0
 28 688  7 88 FA_T13.jpeg A   3 0 A 1.210195 0 0
 28 689  7 89 FA_T7.jpeg A   5 1 H 0.962277 0 0
 28 690  7 90 FA_T4.jpeg A   6 1 H 0.658974 0 0
 28 691  7 91 FA_T13.jpeg A   3 0 A 2.336943 0 0
 28 692  7 92 FH_T20.jpeg H   1 0 A 0.719338 0 0
 28 693  7 93 FH_T7.jpeg H   5 1 H 1.039278 0 0
 28 694  7 94 FA_T16.jpeg A   2 0 A 1.006121 0 0
 28 695  7 95 FH_T16.jpeg H   2 0 A 0.691614 0 0
 28 696  7 96 FH_T16.jpeg H   2 0 A 0.475651 0 0
 28 697  7 97 FH_T0.jpeg H   7 1 H 1.343589 0 0
 28 698  7 98 FH_T0.jpeg H   7 1 H 0.547769 0 0
 28 699  7 99 FA_T4.jpeg A   6 1 H 0.381984 0 0
 28 700  7 100 FA_T20.jpeg A   1 0 A 0.492533 0 0
