  3   1  1  1 FH_T0.jpeg H   7 1 H 1.233239 0 0
  3   2  1  2 FH_T4.jpeg H   6 0 A 1.036568 0 0
  3   3  1  3 FH_T4.jpeg H   6 0 A 0.795651 0 0
  3   4  1  4 FH_T13.jpeg H   3 0 A 0.543859 0 0
  3   5  1  5 FA_T0.jpeg A   7 1 H 0.603994 0 0
  3   6  1  6 FH_T13.jpeg H   3 0 A 0.510909 0 0
  3   7  1  7 FH_T13.jpeg H   3 0 A 0.461190 0 0
  3   8  1  8 FA_T16.jpeg A   2 0 A 0.521781 0 0
  3   9  1  9 FH_T4.jpeg H   6 1 H 0.417565 0 0
  3  10  1 10 FA_T10.jpeg A   4 1 H 1.065378 0 0
  3  11  1 11 FA_T16.jpeg A   2 0 A 0.538160 0 0
  3  12  1 12 FA_T20.jpeg A   1 0 A 0.615382 0 0
  3  13  1 13 FH_T16.jpeg H   2 0 A 0.500001 0 0
  3  14  1 14 FH_T10.jpeg H   4 0 A 0.407565 0 0
  3  15  1 15 FH_T0.jpeg H   7 1 H 0.511716 0 0
  3  16  1 16 FH_T20.jpeg H   1 0 A 0.559414 0 0
  3  17  1 17 FA_T7.jpeg A   5 1 H 1.628110 0 0
  3  18  1 18 FA_T4.jpeg A   6 0 A 1.075018 0 0
  3  19  1 19 FA_T20.jpeg A   1 0 A 0.499608 0 0
  3  20  1 20 FH_T16.jpeg H   2 0 A 0.593705 0 0
  3  21  1 21 FA_T16.jpeg A   2 0 A 0.445557 0 0
  3  22  1 22 FH_T10.jpeg H   4 0 A 0.522129 0 0
  3  23  1 23 FA_T20.jpeg A   1 0 A 0.488975 0 0
  3  24  1 24 FA_T4.jpeg A   6 1 H 0.495063 0 0
  3  25  1 25 FA_T0.jpeg A   7 1 H 0.488519 0 0
  3  26  1 26 FH_T16.jpeg H   2 0 A 0.450110 0 0
  3  27  1 27 FH_T13.jpeg H   3 0 A 0.479567 0 0
  3  28  1 28 FA_T7.jpeg A   5 1 H 0.346934 0 0
  3  29  1 29 FH_T16.jpeg H   2 0 A 0.417253 0 0
  3  30  1 30 FH_T20.jpeg H   1 0 A 0.363140 0 0
  3  31  1 31 FA_T13.jpeg A   3 0 A 0.780444 0 0
  3  32  1 32 FH_T10.jpeg H   4 0 A 0.504856 0 0
  3  33  1 33 FA_T0.jpeg A   7 1 H 1.539194 0 0
  3  34  1 34 FA_T4.jpeg A   6 1 H 0.466439 0 0
  3  35  1 35 FH_T13.jpeg H   3 0 A 0.593469 0 0
  3  36  1 36 FA_T0.jpeg A   7 1 H 0.418695 0 0
  3  37  1 37 FA_T13.jpeg A   3 0 A 0.440694 0 0
  3  38  1 38 FH_T0.jpeg H   7 1 H 0.429473 0 0
  3  39  1 39 FA_T16.jpeg A   2 0 A 0.511174 0 0
  3  40  1 40 FA_T16.jpeg A   2 0 A 0.796573 0 0
  3  41  1 41 FH_T13.jpeg H   3 0 A 0.637546 0 0
  3  42  1 42 FA_T7.jpeg A   5 1 H 0.520995 0 0
  3  43  1 43 FH_T4.jpeg H   6 1 H 0.374272 0 0
  3  44  1 44 FH_T13.jpeg H   3 0 A 0.380481 0 0
  3  45  1 45 FA_T13.jpeg A   3 0 A 0.779969 0 0
  3  46  1 46 FH_T0.jpeg H   7 1 H 0.462204 0 0
  3  47  1 47 FH_T16.jpeg H   2 0 A 0.479241 0 0
  3  48  1 48 FH_T4.jpeg H   6 1 H 0.961784 0 0
  3  49  1 49 FA_T0.jpeg A   7 1 H 0.554831 0 0
  3  50  1 50 FH_T4.jpeg H   6 1 H 0.631331 0 0
  3  51  1 51 FH_T16.jpeg H   2 0 A 0.406731 0 0
  3  52  1 52 FA_T0.jpeg A   7 1 H 0.593761 0 0
  3  53  1 53 FA_T20.jpeg A   1 0 A 0.456993 0 0
  3  54  1 54 FH_T20.jpeg H   1 0 A 0.631989 0 0
  3  55  1 55 FH_T0.jpeg H   7 1 H 0.357836 0 0
  3  56  1 56 FH_T13.jpeg H   3 0 A 0.648013 0 0
  3  57  1 57 FA_T0.jpeg A   7 1 H 0.582598 0 0
  3  58  1 58 FH_T7.jpeg H   5 0 A 0.419058 0 0
  3  59  1 59 FA_T13.jpeg A   3 0 A 0.473365 0 0
  3  60  1 60 FA_T20.jpeg A   1 0 A 0.488848 0 0
  3  61  1 61 FA_T0.jpeg A   7 1 H 0.473053 0 0
  3  62  1 62 FH_T16.jpeg H   2 0 A 0.471979 0 0
  3  63  1 63 FA_T4.jpeg A   6 1 H 0.867509 0 0
  3  64  1 64 FA_T13.jpeg A   3 0 A 0.444783 0 0
  3  65  1 65 FH_T10.jpeg H   4 0 A 0.379039 0 0
  3  66  1 66 FH_T4.jpeg H   6 1 H 0.537687 0 0
  3  67  1 67 FH_T10.jpeg H   4 0 A 0.850827 0 0
  3  68  1 68 FA_T4.jpeg A   6 1 H 0.523040 0 0
  3  69  1 69 FA_T4.jpeg A   6 1 H 0.631546 0 0
  3  70  1 70 FA_T10.jpeg A   4 1 H 0.647875 0 0
  3  71  1 71 FA_T4.jpeg A   6 1 H 0.626743 0 0
  3  72  1 72 FH_T16.jpeg H   2 0 A 0.571358 0 0
  3  73  1 73 FH_T13.jpeg H   3 0 A 0.527751 0 0
  3  74  1 74 FH_T20.jpeg H   1 0 A 1.361421 0 0
  3  75  1 75 FH_T20.jpeg H   1 0 A 0.456068 0 0
  3  76  1 76 FH_T16.jpeg H   2 0 A 0.429190 0 0
  3  77  1 77 FH_T0.jpeg H   7 1 H 0.669862 0 0
  3  78  1 78 FA_T10.jpeg A   4 1 H 0.599526 0 0
  3  79  1 79 FA_T0.jpeg A   7 1 H 0.929122 0 0
  3  80  1 80 FA_T13.jpeg A   3 0 A 0.627128 0 0
  3  81  1 81 FH_T0.jpeg H   7 1 H 0.549638 0 0
  3  82  1 82 FA_T0.jpeg A   7 1 H 0.681316 0 0
  3  83  1 83 FH_T0.jpeg H   7 1 H 0.549779 0 0
  3  84  1 84 FH_T7.jpeg H   5 1 H 1.086098 0 0
  3  85  1 85 FH_T13.jpeg H   3 0 A 0.461553 0 0
  3  86  1 86 FH_T7.jpeg H   5 1 H 0.653328 0 0
  3  87  1 87 FA_T16.jpeg A   2 0 A 0.428711 0 0
  3  88  1 88 FA_T10.jpeg A   4 1 H 0.538147 0 0
  3  89  1 89 FA_T13.jpeg A   3 0 A 0.577164 0 0
  3  90  1 90 FA_T4.jpeg A   6 1 H 0.373798 0 0
  3  91  1 91 FA_T7.jpeg A   5 0 A 0.746577 0 0
  3  92  1 92 FH_T10.jpeg H   4 1 H 1.816787 0 0
  3  93  1 93 FH_T4.jpeg H   6 1 H 0.648325 0 0
  3  94  1 94 FA_T0.jpeg A   7 1 H 0.625300 0 0
  3  95  1 95 FA_T10.jpeg A   4 1 H 0.571453 0 0
  3  96  1 96 FA_T10.jpeg A   4 0 A 0.582004 0 0
  3  97  1 97 FA_T13.jpeg A   3 0 A 0.746937 0 0
  3  98  1 98 FH_T4.jpeg H   6 1 H 0.823190 0 0
  3  99  1 99 FH_T0.jpeg H   7 1 H 0.785253 0 0
  3 100  1 100 FH_T7.jpeg H   5 1 H 0.707430 0 0
  3 101  2  1 FH_T16.jpeg H   2 0 A 0.615311 0 0
  3 102  2  2 FA_T20.jpeg A   1 0 A 0.620199 0 0
  3 103  2  3 FH_T16.jpeg H   2 0 A 0.444243 0 0
  3 104  2  4 FA_T10.jpeg A   4 1 H 0.713282 0 0
  3 105  2  5 FH_T7.jpeg H   5 1 H 0.696447 0 0
  3 106  2  6 FH_T20.jpeg H   1 0 A 0.450162 0 0
  3 107  2  7 FH_T20.jpeg H   1 0 A 0.368068 0 0
  3 108  2  8 FA_T7.jpeg A   5 1 H 0.445059 0 0
  3 109  2  9 FA_T16.jpeg A   2 0 A 0.401166 0 0
  3 110  2 10 FA_T0.jpeg A   7 1 H 0.500362 0 0
  3 111  2 11 FH_T4.jpeg H   6 1 H 0.696990 0 0
  3 112  2 12 FA_T20.jpeg A   1 0 A 0.417098 0 0
  3 113  2 13 FH_T20.jpeg H   1 0 A 0.533144 0 0
  3 114  2 14 FA_T16.jpeg A   2 0 A 0.401798 0 0
  3 115  2 15 FH_T13.jpeg H   3 0 A 0.417096 0 0
  3 116  2 16 FH_T16.jpeg H   2 0 A 0.335647 0 0
  3 117  2 17 FH_T10.jpeg H   4 0 A 0.351695 0 0
  3 118  2 18 FA_T7.jpeg A   5 1 H 0.592818 0 0
  3 119  2 19 FH_T13.jpeg H   3 0 A 0.603684 0 0
  3 120  2 20 FH_T10.jpeg H   4 1 H 0.626859 0 0
  3 121  2 21 FH_T7.jpeg H   5 1 H 0.461581 0 0
  3 122  2 22 FH_T10.jpeg H   4 0 A 0.488660 0 0
  3 123  2 23 FA_T0.jpeg A   7 1 H 0.423305 0 0
  3 124  2 24 FH_T16.jpeg H   2 1 H 0.346432 0 0
  3 125  2 25 FH_T7.jpeg H   5 1 H 0.499529 0 0
  3 126  2 26 FA_T10.jpeg A   4 1 H 0.456461 0 0
  3 127  2 27 FH_T10.jpeg H   4 1 H 0.466826 0 0
  3 128  2 28 FH_T7.jpeg H   5 1 H 0.542863 0 0
  3 129  2 29 FA_T4.jpeg A   6 1 H 0.565209 0 0
  3 130  2 30 FA_T13.jpeg A   3 1 H 0.472659 0 0
  3 131  2 31 FA_T10.jpeg A   4 1 H 0.472526 0 0
  3 132  2 32 FH_T10.jpeg H   4 1 H 0.642583 0 0
  3 133  2 33 FA_T4.jpeg A   6 1 H 0.587100 0 0
  3 134  2 34 FH_T0.jpeg H   7 1 H 0.534084 0 0
  3 135  2 35 FA_T10.jpeg A   4 1 H 0.758151 0 0
  3 136  2 36 FA_T10.jpeg A   4 1 H 1.026065 0 0
  3 137  2 37 FA_T20.jpeg A   1 0 A 0.505491 0 0
  3 138  2 38 FA_T20.jpeg A   1 0 A 0.576773 0 0
  3 139  2 39 FH_T13.jpeg H   3 0 A 1.190710 0 0
  3 140  2 40 FH_T4.jpeg H   6 1 H 0.769397 0 0
  3 141  2 41 FA_T20.jpeg A   1 0 A 0.631390 0 0
  3 142  2 42 FH_T4.jpeg H   6 1 H 0.521775 0 0
  3 143  2 43 FA_T16.jpeg A   2 0 A 0.576648 0 0
  3 144  2 44 FA_T13.jpeg A   3 1 H 0.785216 0 0
  3 145  2 45 FA_T7.jpeg A   5 1 H 0.510641 0 0
  3 146  2 46 FA_T20.jpeg A   1 0 A 0.521086 0 0
  3 147  2 47 FA_T4.jpeg A   6 1 H 0.680309 0 0
  3 148  2 48 FA_T7.jpeg A   5 1 H 0.982229 0 0
  3 149  2 49 FH_T7.jpeg H   5 1 H 0.616130 0 0
  3 150  2 50 FA_T7.jpeg A   5 1 H 0.582168 0 0
  3 151  2 51 FA_T13.jpeg A   3 1 H 0.762291 0 0
  3 152  2 52 FA_T16.jpeg A   2 0 A 0.428008 0 0
  3 153  2 53 FA_T10.jpeg A   4 1 H 0.631222 0 0
  3 154  2 54 FA_T13.jpeg A   3 1 H 0.630618 0 0
  3 155  2 55 FH_T16.jpeg H   2 0 A 0.548803 0 0
  3 156  2 56 FH_T13.jpeg H   3 0 A 0.592974 0 0
  3 157  2 57 FA_T13.jpeg A   3 0 A 0.900507 0 0
  3 158  2 58 FA_T13.jpeg A   3 0 A 0.938763 0 0
  3 159  2 59 FA_T20.jpeg A   1 0 A 0.740539 0 0
  3 160  2 60 FA_T20.jpeg A   1 0 A 0.904692 0 0
  3 161  2 61 FA_T20.jpeg A   1 0 A 0.449839 0 0
  3 162  2 62 FH_T10.jpeg H   4 0 A 0.433962 0 0
  3 163  2 63 FH_T20.jpeg H   1 0 A 0.510306 0 0
  3 164  2 64 FA_T7.jpeg A   5 1 H 0.981462 0 0
  3 165  2 65 FH_T13.jpeg H   3 0 A 0.543630 0 0
  3 166  2 66 FA_T16.jpeg A   2 0 A 0.537582 0 0
  3 167  2 67 FH_T0.jpeg H   7 1 H 0.466360 0 0
  3 168  2 68 FA_T16.jpeg A   2 0 A 0.488601 0 0
  3 169  2 69 FA_T16.jpeg A   2 0 A 2.177210 0 0
  3 170  2 70 FH_T13.jpeg H   3 0 A 0.488918 0 0
  3 171  2 71 FH_T16.jpeg H   2 0 A 0.379261 0 0
  3 172  2 72 FH_T7.jpeg H   5 1 H 0.631761 0 0
  3 173  2 73 FA_T20.jpeg A   1 0 A 0.434042 0 0
  3 174  2 74 FA_T7.jpeg A   5 1 H 0.483732 0 0
  3 175  2 75 FH_T0.jpeg H   7 1 H 0.477056 0 0
  3 176  2 76 FH_T4.jpeg H   6 1 H 0.548671 0 0
  3 177  2 77 FA_T13.jpeg A   3 0 A 0.499401 0 0
  3 178  2 78 FH_T20.jpeg H   1 0 A 0.450683 0 0
  3 179  2 79 FA_T10.jpeg A   4 1 H 0.444828 0 0
  3 180  2 80 FA_T13.jpeg A   3 0 A 0.559761 0 0
  3 181  2 81 FH_T10.jpeg H   4 0 A 0.521385 0 0
  3 182  2 82 FA_T13.jpeg A   3 0 A 0.488254 0 0
  3 183  2 83 FH_T0.jpeg H   7 1 H 0.521731 0 0
  3 184  2 84 FH_T7.jpeg H   5 1 H 1.338672 0 0
  3 185  2 85 FA_T20.jpeg A   1 0 A 0.609769 0 0
  3 186  2 86 FA_T7.jpeg A   5 1 H 0.741656 0 0
  3 187  2 87 FA_T7.jpeg A   5 1 H 0.603947 0 0
  3 188  2 88 FH_T7.jpeg H   5 1 H 0.687289 0 0
  3 189  2 89 FH_T0.jpeg H   7 1 H 0.384667 0 0
  3 190  2 90 FA_T16.jpeg A   2 0 A 0.444727 0 0
  3 191  2 91 FA_T10.jpeg A   4 1 H 0.577356 0 0
  3 192  2 92 FH_T13.jpeg H   3 0 A 0.434391 0 0
  3 193  2 93 FA_T10.jpeg A   4 1 H 0.576195 0 0
  3 194  2 94 FA_T20.jpeg A   1 0 A 0.614425 0 0
  3 195  2 95 FA_T0.jpeg A   7 1 H 0.619287 0 0
  3 196  2 96 FH_T7.jpeg H   5 1 H 0.811358 0 0
  3 197  2 97 FH_T0.jpeg H   7 1 H 0.500817 0 0
  3 198  2 98 FA_T0.jpeg A   7 1 H 0.570775 0 0
  3 199  2 99 FH_T10.jpeg H   4 0 A 0.631972 0 0
  3 200  2 100 FA_T13.jpeg A   3 0 A 0.921470 0 0
  3 201  3  1 FH_T10.jpeg H   4 0 A 0.576648 0 0
  3 202  3  2 FA_T0.jpeg A   7 1 H 0.439044 0 0
  3 203  3  3 FA_T13.jpeg A   3 0 A 0.521828 0 0
  3 204  3  4 FH_T0.jpeg H   7 1 H 0.384073 0 0
  3 205  3  5 FA_T20.jpeg A   1 0 A 0.417990 0 0
  3 206  3  6 FA_T7.jpeg A   5 1 H 0.461459 0 0
  3 207  3  7 FH_T0.jpeg H   7 1 H 0.538324 0 0
  3 208  3  8 FA_T10.jpeg A   4 1 H 0.467294 0 0
  3 209  3  9 FA_T10.jpeg A   4 1 H 0.384263 0 0
  3 210  3 10 FH_T16.jpeg H   2 0 A 0.417759 0 0
  3 211  3 11 FA_T0.jpeg A   7 1 H 0.428454 0 0
  3 212  3 12 FA_T7.jpeg A   5 1 H 0.488729 0 0
  3 213  3 13 FH_T16.jpeg H   2 0 A 0.456457 0 0
  3 214  3 14 FH_T10.jpeg H   4 0 A 1.310907 0 0
  3 215  3 15 FH_T0.jpeg H   7 1 H 0.515369 0 0
  3 216  3 16 FH_T10.jpeg H   4 1 H 0.800917 0 0
  3 217  3 17 FH_T20.jpeg H   1 0 A 0.713168 0 0
  3 218  3 18 FH_T13.jpeg H   3 0 A 0.763355 0 0
  3 219  3 19 FH_T10.jpeg H   4 0 A 1.179120 0 0
  3 220  3 20 FA_T4.jpeg A   6 1 H 0.697479 0 0
  3 221  3 21 FH_T7.jpeg H   5 1 H 0.691013 0 0
  3 222  3 22 FA_T10.jpeg A   4 1 H 0.674254 0 0
  3 223  3 23 FH_T20.jpeg H   1 0 A 0.510542 0 0
  3 224  3 24 FA_T4.jpeg A   6 1 H 0.498995 0 0
  3 225  3 25 FH_T10.jpeg H   4 1 H 0.537724 0 0
  3 226  3 26 FH_T16.jpeg H   2 0 A 0.619465 0 0
  3 227  3 27 FA_T20.jpeg A   1 0 A 0.455569 0 0
  3 228  3 28 FH_T0.jpeg H   7 1 H 0.488679 0 0
  3 229  3 29 FH_T10.jpeg H   4 1 H 0.614590 0 0
  3 230  3 30 FA_T13.jpeg A   3 0 A 0.384385 0 0
  3 231  3 31 FA_T4.jpeg A   6 1 H 0.373513 0 0
  3 232  3 32 FH_T7.jpeg H   5 1 H 0.477555 0 0
  3 233  3 33 FA_T16.jpeg A   2 0 A 0.466776 0 0
  3 234  3 34 FH_T7.jpeg H   5 1 H 0.900119 0 0
  3 235  3 35 FA_T0.jpeg A   7 1 H 0.624451 0 0
  3 236  3 36 FH_T20.jpeg H   1 0 A 1.322288 0 0
  3 237  3 37 FA_T0.jpeg A   7 1 H 0.434964 0 0
  3 238  3 38 FA_T13.jpeg A   3 0 A 0.851700 0 0
  3 239  3 39 FA_T13.jpeg A   3 0 A 0.608674 0 0
  3 240  3 40 FH_T20.jpeg H   1 0 A 0.779526 0 0
  3 241  3 41 FA_T0.jpeg A   7 1 H 0.498733 0 0
  3 242  3 42 FH_T4.jpeg H   6 1 H 0.527899 0 0
  3 243  3 43 FH_T0.jpeg H   7 1 H 0.740083 0 0
  3 244  3 44 FH_T0.jpeg H   7 1 H 1.185232 0 0
  3 245  3 45 FH_T4.jpeg H   6 1 H 1.869869 0 0
  3 246  3 46 FA_T20.jpeg A   1 0 A 2.395461 0 0
  3 247  3 47 FH_T0.jpeg H   7 1 H 0.966382 0 0
  3 248  3 48 FA_T13.jpeg A   3 0 A 0.582427 0 0
  3 249  3 49 FH_T7.jpeg H   5 1 H 0.670489 0 0
  3 250  3 50 FH_T10.jpeg H   4 0 A 0.867102 0 0
  3 251  3 51 FA_T16.jpeg A   2 0 A 0.642005 0 0
  3 252  3 52 FH_T13.jpeg H   3 0 A 0.516086 0 0
  3 253  3 53 FH_T10.jpeg H   4 1 H 1.195410 0 0
  3 254  3 54 FH_T13.jpeg H   3 0 A 0.806063 0 0
  3 255  3 55 FH_T20.jpeg H   1 0 A 0.543437 0 0
  3 256  3 56 FA_T13.jpeg A   3 0 A 1.047962 0 0
  3 257  3 57 FH_T4.jpeg H   6 1 H 0.603366 0 0
  3 258  3 58 FH_T16.jpeg H   2 0 A 0.599118 0 0
  3 259  3 59 FA_T4.jpeg A   6 1 H 0.587939 0 0
  3 260  3 60 FH_T0.jpeg H   7 1 H 0.560353 0 0
  3 261  3 61 FA_T13.jpeg A   3 0 A 0.698143 0 0
  3 262  3 62 FA_T10.jpeg A   4 1 H 0.604216 0 0
  3 263  3 63 FA_T16.jpeg A   2 0 A 0.685867 0 0
  3 264  3 64 FH_T4.jpeg H   6 1 H 0.581398 0 0
  3 265  3 65 FA_T0.jpeg A   7 1 H 0.570615 0 0
  3 266  3 66 FA_T16.jpeg A   2 0 A 0.723957 0 0
  3 267  3 67 FH_T16.jpeg H   2 0 A 0.719204 0 0
  3 268  3 68 FH_T4.jpeg H   6 1 H 0.593583 0 0
  3 269  3 69 FH_T13.jpeg H   3 0 A 0.626634 0 0
  3 270  3 70 FA_T10.jpeg A   4 1 H 0.468503 0 0
  3 271  3 71 FH_T10.jpeg H   4 0 A 0.686837 0 0
  3 272  3 72 FA_T0.jpeg A   7 1 H 0.554891 0 0
  3 273  3 73 FA_T0.jpeg A   7 0 A 0.483719 0 0
  3 274  3 74 FA_T7.jpeg A   5 1 H 0.559674 0 0
  3 275  3 75 FH_T13.jpeg H   3 0 A 2.265171 0 0
  3 276  3 76 FH_T20.jpeg H   1 0 A 0.570746 0 0
  3 277  3 77 FH_T20.jpeg H   1 1 H 0.356780 0 0
  3 278  3 78 FH_T16.jpeg H   2 0 A 0.006513 1 1
  3 279  3 79 FA_T7.jpeg A   5 1 H 0.904956 0 1
  3 280  3 80 FA_T16.jpeg A   2 0 A 0.909042 0 1
  3 281  3 81 FH_T13.jpeg H   3 0 A 0.641937 0 1
  3 282  3 82 FA_T10.jpeg A   4 1 H 2.117033 0 1
  3 283  3 83 FH_T10.jpeg H   4 1 H 0.964839 0 1
  3 284  3 84 FH_T16.jpeg H   2 0 A 0.587237 0 1
  3 285  3 85 FH_T16.jpeg H   2 0 A 0.592186 0 1
  3 286  3 86 FH_T13.jpeg H   3 0 A 0.681048 0 1
  3 287  3 87 FH_T13.jpeg H   3 0 A 0.537752 0 1
  3 288  3 88 FA_T0.jpeg A   7 1 H 0.527036 0 1
  3 289  3 89 FA_T4.jpeg A   6 1 H 0.566025 0 1
  3 290  3 90 FH_T10.jpeg H   4 1 H 0.828421 0 1
  3 291  3 91 FH_T20.jpeg H   1 0 A 0.423392 0 1
  3 292  3 92 FA_T7.jpeg A   5 1 H 0.592836 0 1
  3 293  3 93 FH_T0.jpeg H   7 1 H 0.559898 0 1
  3 294  3 94 FH_T4.jpeg H   6 1 H 0.905691 0 1
  3 295  3 95 FA_T4.jpeg A   6 1 H 0.587091 0 1
  3 296  3 96 FA_T20.jpeg A   1 0 A 0.576482 0 1
  3 297  3 97 FA_T16.jpeg A   2 0 A 0.515697 0 1
  3 298  3 98 FA_T0.jpeg A   7 1 H 0.521531 0 1
  3 299  3 99 FA_T0.jpeg A   7 1 H 0.515886 0 1
  3 300  3 100 FA_T0.jpeg A   7 1 H 6.906364 0 1
  3 301  4  1 FA_T16.jpeg A   2 0 A 4.492509 0 1
  3 302  4  2 FA_T7.jpeg A   5 1 H 0.937768 0 1
  3 303  4  3 FA_T16.jpeg A   2 0 A 0.450487 0 1
  3 304  4  4 FA_T4.jpeg A   6 1 H 0.373162 0 1
  3 305  4  5 FH_T16.jpeg H   2 0 A 0.565050 0 1
  3 306  4  6 FH_T13.jpeg H   3 0 A 0.521402 0 1
  3 307  4  7 FA_T20.jpeg A   1 0 A 0.455667 0 1
  3 308  4  8 FA_T7.jpeg A   5 1 H 0.391004 0 1
  3 309  4  9 FH_T4.jpeg H   6 1 H 0.423409 0 1
  3 310  4 10 FH_T20.jpeg H   1 0 A 0.850116 0 1
  3 311  4 11 FH_T16.jpeg H   2 0 A 0.466614 0 1
  3 312  4 12 FA_T7.jpeg A   5 1 H 0.395147 0 1
  3 313  4 13 FA_T4.jpeg A   6 1 H 0.527058 0 1
  3 314  4 14 FA_T20.jpeg A   1 0 A 0.456290 0 1
  3 315  4 15 FH_T0.jpeg H   7 1 H 0.560313 0 1
  3 316  4 16 FH_T10.jpeg H   4 0 A 0.543313 0 1
  3 317  4 17 FH_T10.jpeg H   4 0 A 1.010532 0 1
  3 318  4 18 FA_T10.jpeg A   4 1 H 0.637197 0 1
  3 319  4 19 FH_T10.jpeg H   4 0 A 0.933025 0 1
  3 320  4 20 FA_T13.jpeg A   3 1 H 0.658456 0 1
  3 321  4 21 FA_T16.jpeg A   2 0 A 0.559702 0 1
  3 322  4 22 FH_T13.jpeg H   3 0 A 0.954440 0 1
  3 323  4 23 FH_T13.jpeg H   3 0 A 0.756495 0 1
  3 324  4 24 FA_T10.jpeg A   4 1 H 0.450500 0 1
  3 325  4 25 FH_T13.jpeg H   3 0 A 0.597788 0 1
  3 326  4 26 FA_T10.jpeg A   4 1 H 0.625810 0 1
  3 327  4 27 FA_T20.jpeg A   1 0 A 0.598691 0 1
  3 328  4 28 FH_T16.jpeg H   2 0 A 0.784370 0 1
  3 329  4 29 FH_T16.jpeg H   2 0 A 1.338587 0 1
  3 330  4 30 FH_T16.jpeg H   2 0 A 1.079513 0 1
  3 331  4 31 FH_T16.jpeg H   2 0 A 1.430938 0 1
  3 332  4 32 FA_T10.jpeg A   4 1 H 1.125198 0 1
  3 333  4 33 FA_T7.jpeg A   5 1 H 2.186777 0 1
  3 334  4 34 FA_T4.jpeg A   6 1 H 1.123284 0 1
  3 335  4 35 FA_T13.jpeg A   3 0 A 1.262363 0 1
  3 336  4 36 FH_T13.jpeg H   3 0 A 1.946982 0 1
  3 337  4 37 FH_T13.jpeg H   3 0 A 0.987295 0 1
  3 338  4 38 FH_T20.jpeg H   1 0 A 1.009655 0 1
  3 339  4 39 FA_T13.jpeg A   3 0 A 0.872339 0 1
  3 340  4 40 FH_T7.jpeg H   5 1 H 1.354725 0 1
  3 341  4 41 FH_T13.jpeg H   3 0 A 0.553903 0 1
  3 342  4 42 FA_T20.jpeg A   1 0 A 1.184045 0 1
  3 343  4 43 FH_T13.jpeg H   3 0 A 1.541757 0 1
  3 344  4 44 FH_T4.jpeg H   6 1 H 0.944054 0 1
  3 345  4 45 FA_T20.jpeg A   1 0 A 1.733372 0 1
  3 346  4 46 FH_T16.jpeg H   2 0 A 0.516203 0 1
  3 347  4 47 FA_T13.jpeg A   3 0 A 0.462233 0 1
  3 348  4 48 FH_T10.jpeg H   4 0 A 0.945075 0 1
  3 349  4 49 FH_T7.jpeg H   5 1 H 0.872913 0 1
  3 350  4 50 FH_T7.jpeg H   5 1 H 0.603825 0 1
  3 351  4 51 FH_T4.jpeg H   6 1 H 0.686335 0 1
  3 352  4 52 FA_T4.jpeg A   6 1 H 0.484503 0 1
  3 353  4 53 FA_T13.jpeg A   3 1 H 0.615669 0 1
  3 354  4 54 FA_T4.jpeg A   6 1 H 0.466899 0 1
  3 355  4 55 FA_T10.jpeg A   4 1 H 0.489357 0 1
  3 356  4 56 FH_T4.jpeg H   6 1 H 0.412579 0 1
  3 357  4 57 FH_T4.jpeg H   6 1 H 0.462132 0 1
  3 358  4 58 FA_T13.jpeg A   3 1 H 0.368655 0 1
  3 359  4 59 FH_T20.jpeg H   1 0 A 1.228729 0 1
  3 360  4 60 FA_T20.jpeg A   1 0 A 2.516847 0 1
  3 361  4 61 FH_T20.jpeg H   1 0 A 0.620704 0 1
  3 362  4 62 FA_T0.jpeg A   7 1 H 1.096237 0 1
  3 363  4 63 FH_T7.jpeg H   5 1 H 1.277933 0 1
  3 364  4 64 FA_T20.jpeg A   1 0 A 1.662799 0 1
  3 365  4 65 FH_T0.jpeg H   7 1 H 2.845898 0 1
  3 366  4 66 FA_T10.jpeg A   4 1 H 0.581666 0 1
  3 367  4 67 FH_T7.jpeg H   5 1 H 0.735530 0 1
  3 368  4 68 FH_T7.jpeg H   5 1 H 0.614625 0 1
  3 369  4 69 FA_T16.jpeg A   2 0 A 0.532390 0 1
  3 370  4 70 FA_T4.jpeg A   6 1 H 1.437450 0 1
  3 371  4 71 FH_T0.jpeg H   7 1 H 4.198964 0 1
  3 372  4 72 FH_T13.jpeg H   3 0 A 1.009335 0 1
  3 373  4 73 FH_T7.jpeg H   5 1 H 2.230614 0 1
  3 374  4 74 FA_T7.jpeg A   5 1 H 1.941609 0 1
  3 375  4 75 FH_T16.jpeg H   2 0 A 5.519724 0 1
  3 376  4 76 FA_T4.jpeg A   6 1 H 0.526823 0 1
  3 377  4 77 FA_T16.jpeg A   2 0 A 0.790550 0 1
  3 378  4 78 FA_T20.jpeg A   1 0 A 0.521853 0 1
  3 379  4 79 FA_T0.jpeg A   7 1 H 0.424026 0 1
  3 380  4 80 FH_T16.jpeg H   2 0 A 1.000674 0 1
  3 381  4 81 FH_T4.jpeg H   6 1 H 0.539105 0 1
  3 382  4 82 FA_T16.jpeg A   2 0 A 0.785534 0 1
  3 383  4 83 FH_T0.jpeg H   7 1 H 0.669449 0 1
  3 384  4 84 FA_T20.jpeg A   1 0 A 1.475672 0 1
  3 385  4 85 FH_T7.jpeg H   5 1 H 0.603725 0 1
  3 386  4 86 FA_T20.jpeg A   1 0 A 0.576328 0 1
  3 387  4 87 FH_T4.jpeg H   6 1 H 0.477190 0 1
  3 388  4 88 FH_T7.jpeg H   5 1 H 0.642334 0 1
  3 389  4 89 FA_T20.jpeg A   1 0 A 0.691673 0 1
  3 390  4 90 FH_T16.jpeg H   2 0 A 0.549023 0 1
  3 391  4 91 FH_T16.jpeg H   2 0 A 0.461771 0 1
  3 392  4 92 FH_T4.jpeg H   6 1 H 0.532783 0 1
  3 393  4 93 FA_T4.jpeg A   6 1 H 0.483129 0 1
  3 394  4 94 FA_T7.jpeg A   5 1 H 0.444565 0 1
  3 395  4 95 FA_T20.jpeg A   1 0 A 0.549301 0 1
  3 396  4 96 FH_T0.jpeg H   7 1 H 0.384802 0 1
  3 397  4 97 FH_T20.jpeg H   1 0 A 0.373276 0 1
  3 398  4 98 FH_T4.jpeg H   6 1 H 0.378711 0 1
  3 399  4 99 FH_T4.jpeg H   6 1 H 0.433340 0 1
  3 400  4 100 FH_T13.jpeg H   3 0 A 0.532127 0 1
  3 401  5  1 FA_T13.jpeg A   3 0 A 1.425212 0 1
  3 402  5  2 FA_T16.jpeg A   2 0 A 0.938548 0 1
  3 403  5  3 FA_T20.jpeg A   1 0 A 0.439212 0 1
  3 404  5  4 FA_T7.jpeg A   5 1 H 0.444068 0 1
  3 405  5  5 FH_T7.jpeg H   5 0 A 0.422758 0 1
  3 406  5  6 FA_T20.jpeg A   1 0 A 0.833815 0 1
  3 407  5  7 FH_T20.jpeg H   1 0 A 0.647273 0 1
  3 408  5  8 FA_T20.jpeg A   1 0 A 0.816692 0 1
  3 409  5  9 FA_T10.jpeg A   4 0 A 0.428597 0 1
  3 410  5 10 FA_T10.jpeg A   4 1 H 0.625679 0 1
  3 411  5 11 FA_T0.jpeg A   7 1 H 1.584507 0 1
  3 412  5 12 FH_T16.jpeg H   2 0 A 0.197832 1 2
  3 413  5 13 FH_T0.jpeg H   7 1 H 2.608984 0 2
  3 414  5 14 FA_T4.jpeg A   6 1 H 0.603699 0 2
  3 415  5 15 FA_T4.jpeg A   6 0 A 0.296898 0 2
  3 416  5 16 FA_T20.jpeg A   1 1 H 0.192680 1 3
  3 417  5 17 FH_T4.jpeg H   6 1 H 0.670257 0 3
  3 418  5 18 FA_T4.jpeg A   6 1 H 0.472056 0 3
  3 419  5 19 FA_T13.jpeg A   3 0 A 0.505468 0 3
  3 420  5 20 FH_T16.jpeg H   2 0 A 0.609452 0 3
  3 421  5 21 FH_T7.jpeg H   5 1 H 0.324247 0 3
  3 422  5 22 FH_T16.jpeg H   2 0 A 0.324194 0 3
  3 423  5 23 FH_T16.jpeg H   2 0 A 0.483772 0 3
  3 424  5 24 FA_T16.jpeg A   2 0 A 0.643085 0 3
  3 425  5 25 FA_T0.jpeg A   7 1 H 0.484066 0 3
  3 426  5 26 FH_T13.jpeg H   3 0 A 0.395972 0 3
  3 427  5 27 FA_T10.jpeg A   4 1 H 1.536406 0 3
  3 428  5 28 FH_T4.jpeg H   6 1 H 0.686629 0 3
  3 429  5 29 FA_T10.jpeg A   4 0 A 0.521464 0 3
  3 430  5 30 FA_T16.jpeg A   2 0 A 0.429364 0 3
  3 431  5 31 FA_T10.jpeg A   4 1 H 0.390467 0 3
  3 432  5 32 FA_T10.jpeg A   4 0 A 0.379255 0 3
  3 433  5 33 FA_T20.jpeg A   1 0 A 0.280280 0 3
  3 434  5 34 FA_T16.jpeg A   2 0 A 0.307530 0 3
  3 435  5 35 FH_T20.jpeg H   1 0 A 0.264635 0 3
  3 436  5 36 FA_T7.jpeg A   5 1 H 0.893819 0 3
  3 437  5 37 FA_T0.jpeg A   7 1 H 0.466703 0 3
  3 438  5 38 FH_T4.jpeg H   6 1 H 0.499164 0 3
  3 439  5 39 FA_T0.jpeg A   7 1 H 0.444522 0 3
  3 440  5 40 FA_T7.jpeg A   5 1 H 0.515897 0 3
  3 441  5 41 FA_T13.jpeg A   3 1 H 0.378839 0 3
  3 442  5 42 FA_T10.jpeg A   4 1 H 0.434056 0 3
  3 443  5 43 FH_T4.jpeg H   6 1 H 0.429036 0 3
  3 444  5 44 FA_T4.jpeg A   6 1 H 0.389984 0 3
  3 445  5 45 FH_T20.jpeg H   1 0 A 0.471703 0 3
  3 446  5 46 FA_T4.jpeg A   6 1 H 0.686145 0 3
  3 447  5 47 FH_T13.jpeg H   3 0 A 0.467790 0 3
  3 448  5 48 FA_T13.jpeg A   3 1 H 0.428764 0 3
  3 449  5 49 FH_T10.jpeg H   4 1 H 0.856784 0 3
  3 450  5 50 FA_T0.jpeg A   7 1 H 1.108175 0 3
  3 451  5 51 FH_T4.jpeg H   6 1 H 0.641778 0 3
  3 452  5 52 FH_T4.jpeg H   6 0 A 0.362906 0 3
  3 453  5 53 FH_T7.jpeg H   5 0 A 0.422766 0 3
  3 454  5 54 FA_T7.jpeg A   5 1 H 0.444993 0 3
  3 455  5 55 FH_T4.jpeg H   6 1 H 0.511440 0 3
  3 456  5 56 FH_T4.jpeg H   6 1 H 0.532163 0 3
  3 457  5 57 FA_T16.jpeg A   2 0 A 0.565404 0 3
  3 458  5 58 FA_T0.jpeg A   7 1 H 0.833318 0 3
  3 459  5 59 FH_T0.jpeg H   7 1 H 0.620033 0 3
  3 460  5 60 FA_T10.jpeg A   4 1 H 0.686456 0 3
  3 461  5 61 FA_T13.jpeg A   3 1 H 0.707658 0 3
  3 462  5 62 FA_T16.jpeg A   2 0 A 0.405910 0 3
  3 463  5 63 FA_T10.jpeg A   4 1 H 0.510598 0 3
  3 464  5 64 FH_T4.jpeg H   6 1 H 0.543823 0 3
  3 465  5 65 FH_T7.jpeg H   5 1 H 0.570968 0 3
  3 466  5 66 FA_T16.jpeg A   2 0 A 1.273034 0 3
  3 467  5 67 FH_T4.jpeg H   6 1 H 2.461924 0 3
  3 468  5 68 FA_T16.jpeg A   2 0 A 13.198653 0 3
  3 469  5 69 FH_T20.jpeg H   1 0 A 0.422764 0 3
  3 470  5 70 FA_T16.jpeg A   2 0 A 0.467011 0 3
  3 471  5 71 FH_T7.jpeg H   5 1 H 0.499901 0 3
  3 472  5 72 FA_T4.jpeg A   6 1 H 0.433355 0 3
  3 473  5 73 FH_T20.jpeg H   1 0 A 1.978605 0 3
  3 474  5 74 FH_T0.jpeg H   7 1 H 0.405843 0 3
  3 475  5 75 FA_T4.jpeg A   6 0 A 0.351834 0 3
  3 476  5 76 FA_T7.jpeg A   5 0 A 0.385280 0 3
  3 477  5 77 FA_T7.jpeg A   5 0 A 0.236561 0 3
  3 478  5 78 FA_T4.jpeg A   6 0 A 0.219770 0 3
  3 479  5 79 FH_T4.jpeg H   6 0 A 0.219973 0 3
  3 480  5 80 FA_T13.jpeg A   3 0 A 0.094184 1 4
  3 481  5 81 FA_T10.jpeg A   4 0 A 0.477506 0 4
  3 482  5 82 FH_T13.jpeg H   3 0 A 0.559284 0 4
  3 483  5 83 FH_T4.jpeg H   6 1 H 7.998914 0 4
  3 484  5 84 FH_T7.jpeg H   5 1 H 0.379036 0 4
  3 485  5 85 FH_T4.jpeg H   6 1 H 0.609014 0 4
  3 486  5 86 FA_T16.jpeg A   2 1 H 0.346174 0 4
  3 487  5 87 FA_T7.jpeg A   5 1 H 1.097107 0 4
  3 488  5 88 FA_T16.jpeg A   2 0 A 0.784636 0 4
  3 489  5 89 FA_T7.jpeg A   5 1 H 1.053452 0 4
  3 490  5 90 FH_T13.jpeg H   3 0 A 0.707315 0 4
  3 491  5 91 FH_T7.jpeg H   5 0 A 0.592519 0 4
  3 492  5 92 FA_T10.jpeg A   4 0 A 0.148664 1 5
  3 493  5 93 FA_T20.jpeg A   1 0 A 0.400661 0 5
  3 494  5 94 FH_T13.jpeg H   3 0 A 0.099595 1 6
  3 495  5 95 FA_T10.jpeg A   4 0 A 0.477376 0 6
  3 496  5 96 FA_T0.jpeg A   7 0 A 0.280433 0 6
  3 497  5 97 FH_T20.jpeg H   1 0 A 0.225598 0 6
  3 498  5 98 FH_T13.jpeg H   3 0 A 0.203488 0 6
  3 499  5 99 FH_T10.jpeg H   4 0 A 0.186859 1 7
  3 500  5 100 FH_T0.jpeg H   7 1 H 40.000556 0 7
  3 501  6  1 FA_T0.jpeg A   7 1 H 0.959970 0 7
  3 502  6  2 FA_T20.jpeg A   1 0 A 0.450631 0 7
  3 503  6  3 FH_T0.jpeg H   7 1 H 0.444515 0 7
  3 504  6  4 FH_T10.jpeg H   4 0 A 0.422478 0 7
  3 505  6  5 FA_T20.jpeg A   1 0 A 0.449812 0 7
  3 506  6  6 FH_T20.jpeg H   1 0 A 0.329695 0 7
  3 507  6  7 FH_T16.jpeg H   2 0 A 0.296638 0 7
  3 508  6  8 FA_T20.jpeg A   1 0 A 0.357431 0 7
  3 509  6  9 FA_T4.jpeg A   6 1 H 0.379566 0 7
  3 510  6 10 FH_T0.jpeg H   7 1 H 0.225442 0 7
  3 511  6 11 FA_T4.jpeg A   6 0 A 0.269081 0 7
  3 512  6 12 FA_T4.jpeg A   6 0 A 0.203781 0 7
  3 513  6 13 FA_T7.jpeg A   5 1 H 0.225537 0 7
  3 514  6 14 FH_T10.jpeg H   4 0 A 0.000797 1 8
  3 515  6 15 FA_T0.jpeg A   7 1 H 0.570764 0 8
  3 516  6 16 FH_T7.jpeg H   5 0 A 2.193302 0 8
  3 517  6 17 FA_T7.jpeg A   5 1 H 1.013927 0 8
  3 518  6 18 FA_T16.jpeg A   2 0 A 1.020892 0 8
  3 519  6 19 FA_T4.jpeg A   6 1 H 0.784519 0 8
  3 520  6 20 FA_T13.jpeg A   3 1 H 0.499385 0 8
  3 521  6 21 FA_T20.jpeg A   1 0 A 0.428630 0 8
  3 522  6 22 FA_T10.jpeg A   4 1 H 0.373525 0 8
  3 523  6 23 FA_T20.jpeg A   1 0 A 0.417390 0 8
  3 524  6 24 FH_T4.jpeg H   6 1 H 0.318895 0 8
  3 525  6 25 FH_T16.jpeg H   2 0 A 0.285782 0 8
  3 526  6 26 FH_T20.jpeg H   1 0 A 0.505024 0 8
  3 527  6 27 FH_T13.jpeg H   3 0 A 0.867625 0 8
  3 528  6 28 FA_T13.jpeg A   3 0 A 0.718776 0 8
  3 529  6 29 FA_T20.jpeg A   1 0 A 0.302325 0 8
  3 530  6 30 FA_T20.jpeg A   1 0 A 76.299764 0 8
  3 531  6 31 FH_T4.jpeg H   6 1 H 0.740491 0 8
  3 532  6 32 FH_T0.jpeg H   7 1 H 0.362319 0 8
  3 533  6 33 FH_T4.jpeg H   6 1 H 0.406089 0 8
  3 534  6 34 FA_T20.jpeg A   1 0 A 1.036448 0 8
  3 535  6 35 FH_T20.jpeg H   1 0 A 0.412186 0 8
  3 536  6 36 FA_T10.jpeg A   4 1 H 0.401394 0 8
  3 537  6 37 FH_T0.jpeg H   7 1 H 0.472489 0 8
  3 538  6 38 FH_T13.jpeg H   3 0 A 1.179295 0 8
  3 539  6 39 FA_T4.jpeg A   6 1 H 0.439273 0 8
  3 540  6 40 FA_T4.jpeg A   6 1 H 0.527701 0 8
  3 541  6 41 FH_T0.jpeg H   7 1 H 0.850805 0 8
  3 542  6 42 FH_T7.jpeg H   5 1 H 0.647574 0 8
  3 543  6 43 FA_T16.jpeg A   2 0 A 0.730660 0 8
  3 544  6 44 FH_T16.jpeg H   2 0 A 0.648397 0 8
  3 545  6 45 FH_T13.jpeg H   3 0 A 0.631014 0 8
  3 546  6 46 FA_T7.jpeg A   5 1 H 0.609617 0 8
  3 547  6 47 FH_T20.jpeg H   1 0 A 0.461416 0 8
  3 548  6 48 FH_T20.jpeg H   1 0 A 0.456229 0 8
  3 549  6 49 FA_T16.jpeg A   2 0 A 2.971144 0 8
  3 550  6 50 FA_T10.jpeg A   4 1 H 1.672542 0 8
  3 551  6 51 FA_T4.jpeg A   6 1 H 1.572965 0 8
  3 552  6 52 FH_T16.jpeg H   2 0 A 0.943024 0 8
  3 553  6 53 FH_T10.jpeg H   4 0 A 0.745901 0 8
  3 554  6 54 FA_T4.jpeg A   6 1 H 0.417597 0 8
  3 555  6 55 FH_T20.jpeg H   1 0 A 0.428264 0 8
  3 556  6 56 FH_T16.jpeg H   2 0 A 0.707952 0 8
  3 557  6 57 FH_T0.jpeg H   7 1 H 0.367864 0 8
  3 558  6 58 FH_T4.jpeg H   6 1 H 0.603206 0 8
  3 559  6 59 FH_T10.jpeg H   4 0 A 0.483020 0 8
  3 560  6 60 FH_T20.jpeg H   1 0 A 0.444496 0 8
  3 561  6 61 FA_T7.jpeg A   5 1 H 0.590892 0 8
  3 562  6 62 FA_T16.jpeg A   2 0 A 0.786190 0 8
  3 563  6 63 FA_T4.jpeg A   6 1 H 0.351614 0 8
  3 564  6 64 FH_T10.jpeg H   4 0 A 0.422709 0 8
  3 565  6 65 FH_T13.jpeg H   3 0 A 0.889334 0 8
  3 566  6 66 FA_T16.jpeg A   2 0 A 0.718345 0 8
  3 567  6 67 FA_T7.jpeg A   5 1 H 2.028789 0 8
  3 568  6 68 FH_T0.jpeg H   7 1 H 0.811586 0 8
  3 569  6 69 FA_T10.jpeg A   4 1 H 1.469435 0 8
  3 570  6 70 FH_T7.jpeg H   5 1 H 0.817660 0 8
  3 571  6 71 FH_T7.jpeg H   5 1 H 0.745364 0 8
  3 572  6 72 FH_T10.jpeg H   4 0 A 0.822575 0 8
  3 573  6 73 FH_T0.jpeg H   7 1 H 12.396561 0 8
  3 574  6 74 FH_T10.jpeg H   4 1 H 1.425571 0 8
  3 575  6 75 FA_T20.jpeg A   1 0 A 8.352636 0 8
  3 576  6 76 FA_T7.jpeg A   5 1 H 0.395433 0 8
  3 577  6 77 FA_T4.jpeg A   6 1 H 0.433560 0 8
  3 578  6 78 FA_T0.jpeg A   7 1 H 0.658636 0 8
  3 579  6 79 FA_T7.jpeg A   5 1 H 1.414420 0 8
  3 580  6 80 FA_T4.jpeg A   6 1 H 0.439356 0 8
  3 581  6 81 FH_T4.jpeg H   6 1 H 0.351077 0 8
  3 582  6 82 FA_T13.jpeg A   3 0 A 0.828665 0 8
  3 583  6 83 FH_T13.jpeg H   3 0 A 0.505838 0 8
  3 584  6 84 FA_T10.jpeg A   4 0 A 0.773625 0 8
  3 585  6 85 FH_T20.jpeg H   1 0 A 12.349451 0 8
  3 586  6 86 FA_T13.jpeg A   3 0 A 0.872709 0 8
  3 587  6 87 FA_T0.jpeg A   7 1 H 0.439128 0 8
  3 588  6 88 FH_T0.jpeg H   7 1 H 0.494331 0 8
  3 589  6 89 FH_T4.jpeg H   6 1 H 0.329906 0 8
  3 590  6 90 FH_T7.jpeg H   5 0 A 0.505282 0 8
  3 591  6 91 FH_T13.jpeg H   3 0 A 0.477071 0 8
  3 592  6 92 FH_T13.jpeg H   3 0 A 0.411996 0 8
  3 593  6 93 FA_T0.jpeg A   7 1 H 0.680359 0 8
  3 594  6 94 FA_T4.jpeg A   6 1 H 0.581240 0 8
  3 595  6 95 FH_T7.jpeg H   5 0 A 0.505329 0 8
  3 596  6 96 FH_T10.jpeg H   4 0 A 3.748479 0 8
  3 597  6 97 FH_T0.jpeg H   7 1 H 0.735722 0 8
  3 598  6 98 FH_T13.jpeg H   3 0 A 0.554368 0 8
  3 599  6 99 FH_T7.jpeg H   5 1 H 0.626084 0 8
  3 600  6 100 FA_T0.jpeg A   7 1 H 0.532370 0 8
  3 601  7  1 FA_T13.jpeg A   3 0 A 0.910738 0 8
  3 602  7  2 FA_T13.jpeg A   3 0 A 0.389225 0 8
  3 603  7  3 FA_T4.jpeg A   6 1 H 0.368155 0 8
  3 604  7  4 FA_T4.jpeg A   6 1 H 0.812313 0 8
  3 605  7  5 FH_T10.jpeg H   4 0 A 2.811942 0 8
  3 606  7  6 FH_T0.jpeg H   7 1 H 5.741977 0 8
  3 607  7  7 FH_T20.jpeg H   1 0 A 1.031234 0 8
  3 608  7  8 FH_T20.jpeg H   1 0 A 0.576671 0 8
  3 609  7  9 FH_T16.jpeg H   2 0 A 0.466695 0 8
  3 610  7 10 FH_T7.jpeg H   5 1 H 0.702968 0 8
  3 611  7 11 FA_T13.jpeg A   3 0 A 0.280261 0 8
  3 612  7 12 FA_T7.jpeg A   5 1 H 0.258514 0 8
  3 613  7 13 FH_T7.jpeg H   5 0 A 0.334979 0 8
  3 614  7 14 FH_T20.jpeg H   1 1 H 0.378941 0 8
  3 615  7 15 FH_T16.jpeg H   2 0 A 0.214518 0 8
  3 616  7 16 FA_T10.jpeg A   4 1 H 0.230824 0 8
  3 617  7 17 FA_T4.jpeg A   6 0 A 0.214265 0 8
  3 618  7 18 FH_T10.jpeg H   4 1 H 0.329643 0 8
  3 619  7 19 FA_T10.jpeg A   4 0 A 0.055915 1 9
  3 620  7 20 FH_T7.jpeg H   5 1 H 2.949694 0 9
  3 621  7 21 FA_T7.jpeg A   5 1 H 3.540562 0 9
  3 622  7 22 FH_T10.jpeg H   4 0 A 2.784437 0 9
  3 623  7 23 FA_T0.jpeg A   7 1 H 3.234190 0 9
  3 624  7 24 FH_T16.jpeg H   2 0 A 5.514666 0 9
  3 625  7 25 FA_T16.jpeg A   2 0 A 13.575352 0 9
  3 626  7 26 FA_T7.jpeg A   5 1 H 8.192514 0 9
  3 627  7 27 FH_T16.jpeg H   2 0 A 1.255802 0 9
  3 628  7 28 FH_T10.jpeg H   4 0 A 0.855475 0 9
  3 629  7 29 FH_T0.jpeg H   7 1 H 0.526516 0 9
  3 630  7 30 FA_T7.jpeg A   5 1 H 0.368224 0 9
  3 631  7 31 FA_T16.jpeg A   2 0 A 0.493460 0 9
  3 632  7 32 FA_T13.jpeg A   3 1 H 0.636676 0 9
  3 633  7 33 FA_T10.jpeg A   4 1 H 0.269318 0 9
  3 634  7 34 FA_T10.jpeg A   4 1 H 0.219821 0 9
  3 635  7 35 FA_T0.jpeg A   7 1 H 0.154387 1 10
  3 636  7 36 FA_T10.jpeg A   4 1 H 0.296628 0 10
  3 637  7 37 FA_T7.jpeg A   5 1 H 1.545415 0 10
  3 638  7 38 FA_T4.jpeg A   6 1 H 33.026907 0 10
  3 639  7 39 FA_T7.jpeg A   5 1 H 0.444643 0 10
  3 640  7 40 FA_T16.jpeg A   2 0 A 3.119527 0 10
  3 641  7 41 FH_T10.jpeg H   4 0 A 1.037322 0 10
  3 642  7 42 FH_T13.jpeg H   3 0 A 1.206122 0 10
  3 643  7 43 FA_T7.jpeg A   5 1 H 2.061671 0 10
  3 644  7 44 FH_T16.jpeg H   2 0 A 1.617428 0 10
  3 645  7 45 FA_T20.jpeg A   1 0 A 0.761780 0 10
  3 646  7 46 FH_T20.jpeg H   1 0 A 1.108700 0 10
  3 647  7 47 FH_T10.jpeg H   4 1 H 1.250442 0 10
  3 648  7 48 FH_T0.jpeg H   7 1 H 2.855960 0 10
  3 649  7 49 FH_T16.jpeg H   2 0 A 0.395469 0 10
  3 650  7 50 FH_T7.jpeg H   5 1 H 0.335332 0 10
  3 651  7 51 FH_T7.jpeg H   5 1 H 0.439604 0 10
  3 652  7 52 FH_T20.jpeg H   1 0 A 0.361928 0 10
  3 653  7 53 FA_T16.jpeg A   2 0 A 1.107683 0 10
  3 654  7 54 FA_T10.jpeg A   4 1 H 2.067818 0 10
  3 655  7 55 FH_T20.jpeg H   1 0 A 0.422937 0 10
  3 656  7 56 FH_T10.jpeg H   4 0 A 0.898944 0 10
  3 657  7 57 FH_T10.jpeg H   4 0 A 0.696277 0 10
  3 658  7 58 FA_T13.jpeg A   3 0 A 1.134963 0 10
  3 659  7 59 FH_T0.jpeg H   7 1 H 5.273518 0 10
  3 660  7 60 FH_T7.jpeg H   5 1 H 6.925734 0 10
  3 661  7 61 FA_T7.jpeg A   5 1 H 0.931924 0 10
  3 662  7 62 FA_T4.jpeg A   6 1 H 2.642868 0 10
  3 663  7 63 FH_T0.jpeg H   7 1 H 0.428007 0 10
  3 664  7 64 FA_T16.jpeg A   2 1 H 0.351697 0 10
  3 665  7 65 FH_T10.jpeg H   4 1 H 0.413082 0 10
  3 666  7 66 FH_T20.jpeg H   1 0 A 0.543872 0 10
  3 667  7 67 FA_T7.jpeg A   5 1 H 0.510423 0 10
  3 668  7 68 FH_T20.jpeg H   1 0 A 0.477586 0 10
  3 669  7 69 FH_T7.jpeg H   5 1 H 0.455807 0 10
  3 670  7 70 FH_T10.jpeg H   4 0 A 0.746757 0 10
  3 671  7 71 FH_T20.jpeg H   1 0 A 0.548692 0 10
  3 672  7 72 FA_T16.jpeg A   2 0 A 0.438858 0 10
  3 673  7 73 FA_T0.jpeg A   7 1 H 0.980997 0 10
  3 674  7 74 FH_T0.jpeg H   7 1 H 1.090659 0 10
  3 675  7 75 FA_T20.jpeg A   1 0 A 2.133144 0 10
  3 676  7 76 FH_T7.jpeg H   5 1 H 4.704320 0 10
  3 677  7 77 FH_T20.jpeg H   1 0 A 7.443269 0 10
  3 678  7 78 FA_T13.jpeg A   3 0 A 11.757667 0 10
  3 679  7 79 FA_T0.jpeg A   7 1 H 0.597312 0 10
  3 680  7 80 FH_T20.jpeg H   1 0 A 16.537987 0 10
  3 681  7 81 FA_T7.jpeg A   5 1 H 3.741831 0 10
  3 682  7 82 FA_T13.jpeg A   3 0 A 4.673244 0 10
  3 683  7 83 FH_T4.jpeg H   6 1 H 0.587560 0 10
  3 684  7 84 FH_T16.jpeg H   2 0 A 0.461142 0 10
  3 685  7 85 FH_T10.jpeg H   4 0 A 0.433358 0 10
  3 686  7 86 FA_T16.jpeg A   2 0 A 0.483329 0 10
  3 687  7 87 FA_T0.jpeg A   7 1 H 0.356859 0 10
  3 688  7 88 FH_T7.jpeg H   5 1 H 0.329083 0 10
  3 689  7 89 FH_T7.jpeg H   5 1 H 0.247886 0 10
  3 690  7 90 FA_T16.jpeg A   2 1 H 0.658782 0 10
  3 691  7 91 FA_T0.jpeg A   7 1 H 0.236327 0 10
  3 692  7 92 FH_T20.jpeg H   1 1 H 0.236690 0 10
  3 693  7 93 FH_T20.jpeg H   1 1 H 0.417226 0 10
  3 694  7 94 FH_T4.jpeg H   6 1 H 0.461329 0 10
  3 695  7 95 FA_T0.jpeg A   7 1 H 0.521261 0 10
  3 696  7 96 FA_T13.jpeg A   3 1 H 0.411505 0 10
  3 697  7 97 FA_T0.jpeg A   7 1 H 0.527325 0 10
  3 698  7 98 FH_T0.jpeg H   7 1 H 0.450130 0 10
  3 699  7 99 FA_T7.jpeg A   5 1 H 0.384266 0 10
  3 700  7 100 FA_T13.jpeg A   3 1 H 0.822413 0 10
