18 001 1 01 0 2 30  51 0.510 7.041 868 75.0 24.0  56 56 
18 002 1 02 0 1 60  31 0.310 5.118 800 63.0 32.0 -56 0 
18 003 1 03 0 1 60  66 0.660 4.516 804 64.0 -2.0  199 199 
18 004 1 04 0 1 60  33 0.330 1.539 735 53.0 20.0  100 299 
18 005 1 05 0 4  1  49 0.490 3.211 739 53.0 4.0  196 495 
18 006 1 06 0 1 60  67 0.670 4.148 827 68.0 1.0  200 695 
18 007 1 07 0 3 10  77 0.770 2.927 813 66.0 -11.0  170 865 
18 008 1 08 0 3 10  61 0.610 2.525 736 53.0 -8.0  184 1049 
18 009 1 09 0 2 30  24 0.240 1.672 714 49.0 25.0  44 1093 
18 010 1 10 0 2 30  70 0.700 3.813 871 75.0 5.0  194 1287 
18 011 1 11 0 3 10  35 0.350 2.124 779 60.0 25.0  44 1331 
18 012 1 12 0 2 30  83 0.830 3.713 878 76.0 -7.0  188 1519 
18 013 1 13 0 3 10  36 0.360 1.371 747 55.0 19.0  110 1629 
18 014 1 14 0 4  1  82 0.820 1.054 720 50.0 -32.0 -56 1573 
18 015 1 15 0 3 10  57 0.570 2.291 815 66.0 9.0  180 1753 
18 016 1 16 0 3 10  63 0.630 2.509 804 64.0 1.0  200 1953 
18 017 1 17 0 2 30  75 0.750 3.713 858 73.0 -2.0  199 2152 
18 018 1 18 0 2 30  42 0.420 1.355 731 52.0 10.0  175 2327 
18 019 1 19 0 3 10  40 0.400 7.509 714 49.0 9.0  180 2507 
18 020 1 20 0 4  1  49 0.490 1.606 706 48.0 -1.0  200 2707 
18 021 1 21 0 1 60  50 0.500 1.338 748 55.0 5.0  194 2901 
18 022 1 22 0 3 10  71 0.710 2.308 789 62.0 -9.0  180 3081 
18 023 1 23 0 3 10  31 0.310 0.886 707 48.0 17.0  128 3209 
18 024 1 24 0 1 60  65 0.650 3.479 832 69.0 4.0  196 3405 
18 025 1 25 0 2 30  35 0.350 0.636 720 50.0 15.0  144 3549 
18 026 1 26 0 2 30  76 0.760 2.525 851 72.0 -4.0  196 3745 
18 027 1 27 0 2 30  48 0.480 1.806 758 56.0 8.0  184 3929 
18 028 1 28 0 2 30  69 0.690 2.877 863 74.0 5.0  194 4123 
18 029 1 29 0 3 10  38 0.380 2.877 757 56.0 18.0  119 4242 
18 030 1 30 0 3 10  67 0.670 2.743 814 66.0 -1.0  200 4442 
18 031 1 31 0 2 30  51 0.510 1.957 745 54.0 3.0  198 4640 
18 032 1 32 0 2 30  57 0.570 1.606 742 54.0 -3.0  198 4838 
18 033 1 33 0 3 10  74 0.740 1.840 747 55.0 -19.0  110 4948 
18 034 1 34 0 2 30  40 0.400 1.154 744 54.0 14.0  151 5099 
18 035 1 35 0 3 10  85 0.850 2.592 772 59.0 -26.0  31 5130 
18 036 1 36 0 1 60  66 0.660 4.014 867 75.0 9.0  180 5310 
18 037 1 37 0 3 10  61 0.610 2.141 763 57.0 -4.0  196 5506 
18 038 1 38 0 3 10  54 0.540 1.656 773 59.0 5.0  194 5700 
18 039 1 39 0 3 10  24 0.240 1.221 679 43.0 19.0  110 5810 
18 040 1 40 0 2 30  58 0.580 1.973 796 63.0 5.0  194 6004 
18 041 1 41 0 2 30  72 0.720 4.432 866 74.0 2.0  199 6203 
18 042 1 42 0 1 60  55 0.550 5.285 866 74.0 19.0  110 6313 
18 043 1 43 0 2 30  59 0.590 5.001 832 69.0 10.0  175 6488 
18 044 1 44 0 2 30  78 0.780 3.228 877 76.0 -2.0  199 6687 
18 045 1 45 0 4  1  82 0.820 3.546 696 46.0 -36.0 -124 6563 
18 046 1 46 0 3 10  63 0.630 1.723 735 53.0 -10.0  175 6738 
18 047 1 47 0 3 10  98 0.980 1.790 1020 100.0 2.0  199 6937 
18 048 1 48 0 2 30  65 0.650 3.362 767 58.0 -7.0  188 7125 
18 049 1 49 0 2 30  78 0.780 3.010 822 67.0 -11.0  170 7295 
18 050 1 50 0 1 60  72 0.720 2.826 845 71.0 -1.0  200 7495 
18 051 1 51 0 3 10  99 0.990 1.070 1020 100.0 1.0  200 7695 
18 052 1 52 0 3 10  82 0.820 1.455 830 68.0 -14.0  151 7846 
18 053 1 53 0 2 30  40 0.400 1.689 750 55.0 15.0  144 7990 
18 054 1 54 0 3 10  76 0.760 1.371 790 62.0 -14.0  151 8141 
18 055 2 01 0 2 30  70 0.700 2.007 805 64.0 -6.0  191 8332 
18 056 2 02 0 1 60  79 0.790 1.254 900 80.0 1.0  200 8532 
18 057 2 03 0 3 10  30 0.300 0.836 698 46.0 16.0  136 8668 
18 058 2 04 0 4  1  74 0.740 2.040 720 50.0 -24.0  56 8724 
18 059 2 05 0 3 10  61 0.610 6.807 840 70.0 9.0  180 8904 
18 060 2 06 0 1 60  71 0.710 3.044 862 74.0 3.0  198 9102 
18 061 2 07 0 3 10  49 0.490 2.877 860 73.0 24.0  56 9158 
18 062 2 08 0 1 60  40 0.400 1.070 761 57.0 17.0  128 9286 
18 063 2 09 0 4  1  67 0.670 4.817 826 68.0 1.0  200 9486 
18 064 2 10 0 3 10  58 0.580 2.910 820 67.0 9.0  180 9666 
18 065 2 11 0 2 30  55 0.550 2.893 839 70.0 15.0  144 9810 
18 066 2 12 0 2 30  83 0.830 1.806 922 84.0 1.0  200 10010 
18 067 2 13 0 3 10  55 0.550 2.943 856 73.0 18.0  119 10129 
18 068 2 14 0 3 10  65 0.650 4.582 834 69.0 4.0  196 10325 
18 069 2 15 0 1 60  85 0.850 2.525 913 82.0 -3.0  198 10523 
18 070 2 16 0 1 60  59 0.590 2.442 840 70.0 11.0  170 10693 
18 071 2 17 0 4  1  70 0.700 2.408 835 69.0 -1.0  200 10893 
18 072 2 18 0 1 60  60 0.600 0.886 758 56.0 -4.0  196 11089 
18 073 2 19 0 1 60  70 0.700 2.525 880 77.0 7.0  188 11277 
18 074 2 20 0 3 10  75 0.750 2.341 833 69.0 -6.0  191 11468 
18 075 2 21 0 3 10  84 0.840 2.224 925 84.0 0.0  200 11668 
18 076 2 22 0 1 60  68 0.680 7.526 856 73.0 5.0  194 11862 
18 077 2 23 0 1 60  70 0.700 2.425 858 73.0 3.0  198 12060 
18 078 2 24 0 1 60  80 0.800 1.973 876 76.0 -4.0  196 12256 
18 079 2 25 0 1 60  59 0.590 2.408 782 60.0 1.0  200 12456 
18 080 2 26 0 2 30  48 0.480 2.877 756 56.0 8.0  184 12640 
18 081 2 27 0 2 30  46 0.460 2.107 760 57.0 11.0  170 12810 
18 082 2 28 0 2 30  82 0.820 6.573 850 72.0 -10.0  175 12985 
18 083 2 29 0 2 30  63 0.630 3.546 865 74.0 11.0  170 13155 
18 084 2 30 0 1 60  72 0.720 2.492 864 74.0 2.0  199 13354 
18 085 2 31 0 1 60  66 0.660 2.676 848 71.0 5.0  194 13548 
18 086 2 32 0 4  1  75 0.750 3.629 833 69.0 -6.0  191 13739 
18 087 2 33 0 1 60  78 0.780 4.549 858 73.0 -5.0  194 13933 
18 088 2 34 0 4  1  80 0.800 2.592 836 69.0 -11.0  170 14103 
18 089 2 35 0 2 30  57 0.570 1.689 700 47.0 -10.0  175 14278 
18 090 2 36 0 3 10  77 0.770 2.040 869 75.0 -2.0  199 14477 
18 091 2 37 0 2 30  37 0.370 1.238 732 52.0 15.0  144 14621 
18 092 2 38 0 1 60  88 0.880 3.378 958 90.0 2.0  199 14820 
18 093 2 39 0 2 30  59 0.590 1.973 830 68.0 9.0  180 15000 
18 094 2 40 0 3 10  83 0.830 2.509 831 69.0 -14.0  151 15151 
18 095 2 41 0 3 10  71 0.710 2.258 804 64.0 -7.0  188 15339 
18 096 2 42 0 1 60  64 0.640 3.144 843 71.0 7.0  188 15527 
18 097 2 43 0 1 60  57 0.570 4.265 837 70.0 13.0  158 15685 
18 098 2 44 0 3 10  66 0.660 2.743 810 65.0 -1.0  200 15885 
18 099 2 45 0 3 10  83 0.830 2.559 859 73.0 -10.0  175 16060 
18 100 2 46 0 1 60  59 0.590 3.512 862 74.0 15.0  144 16204 
18 101 2 47 0 3 10  62 0.620 7.459 832 69.0 7.0  188 16392 
18 102 2 48 0 3 10  60 0.600 1.555 751 55.0 -5.0  194 16586 
18 103 2 49 0 1 60  42 0.420 0.903 727 51.0 9.0  180 16766 
18 104 2 50 0 3 10  68 0.680 1.388 741 54.0 -14.0  151 16917 
18 105 2 51 0 1 60  62 0.620 3.295 836 69.0 7.0  188 17105 
18 106 2 52 0 2 30  44 0.440 2.592 834 69.0 25.0  44 17149 
18 107 2 53 0 2 30  50 0.500 3.311 832 69.0 19.0  110 17259 
18 108 2 54 0 3 10  56 0.560 2.626 823 67.0 11.0  170 17429 
18 109 3 01 0 2 30  35 0.350 1.622 792 62.0 27.0  18 17447 
18 110 3 02 0 2 30  97 0.970 1.923 957 90.0 -7.0  188 17635 
18 111 3 03 0 3 10  34 0.340 5.586 678 43.0 9.0  180 17815 
18 112 3 04 0 4  1  94 0.940 2.074 834 69.0 -25.0  44 17859 
18 113 3 05 0 2 30  69 0.690 4.215 853 72.0 3.0  198 18057 
18 114 3 06 0 1 60  82 0.820 2.960 936 86.0 4.0  196 18253 
18 115 3 07 0 2 30  59 0.590 0.786 746 54.0 -5.0  194 18447 
18 116 3 08 0 1 60  61 0.610 1.973 821 67.0 6.0  191 18638 
18 117 3 09 0 3 10  96 0.960 2.291 980 93.0 -3.0  198 18836 
18 118 3 10 0 1 60  55 0.550 2.275 793 62.0 7.0  188 19024 
18 119 3 11 0 1 60  82 0.820 2.091 922 84.0 2.0  199 19223 
18 120 3 12 0 2 30  76 0.760 1.990 924 84.0 8.0  184 19407 
18 121 3 13 0 2 30  67 0.670 2.642 862 74.0 7.0  188 19595 
18 122 3 14 0 1 60  58 0.580 2.509 829 68.0 10.0  175 19770 
18 123 3 15 0 3 10  88 0.880 1.672 929 85.0 -3.0  198 19968 
18 124 3 16 0 1 60  80 0.800 2.960 931 85.0 5.0  194 20162 
18 125 3 17 0 3 10  73 0.730 3.161 943 87.0 14.0  151 20313 
18 126 3 18 0 2 30  67 0.670 2.341 872 75.0 8.0  184 20497 
18 127 3 19 0 1 60  54 0.540 3.495 801 64.0 10.0  175 20672 
18 128 3 20 0 1 60  83 0.830 1.990 926 84.0 1.0  200 20872 
18 129 3 21 0 2 30  89 0.890 3.178 967 91.0 2.0  199 21071 
18 130 3 22 0 2 30  68 0.680 4.984 823 67.0 -1.0  200 21271 
18 131 3 23 0 2 30  40 0.400 5.251 629 35.0 -5.0  194 21465 
18 132 3 24 0 2 30  85 0.850 2.843 941 87.0 2.0  199 21664 
18 133 3 25 0 3 10  76 0.760 3.044 834 69.0 -7.0  188 21852 
18 134 3 26 0 1 60  67 0.670 2.258 869 75.0 8.0  184 22036 
18 135 3 27 0 1 60  47 0.470 1.305 690 45.0 -2.0  199 22235 
18 136 3 28 0 2 30  54 0.540 5.502 844 71.0 17.0  128 22363 
18 137 3 29 0 2 30  29 0.290 2.776 580 27.0 -2.0  199 22562 
18 138 3 30 0 3 10  75 0.750 2.492 837 70.0 -5.0  194 22756 
18 139 3 31 0 1 60  51 0.510 4.817 761 57.0 6.0  191 22947 
18 140 3 32 0 1 60  73 0.730 3.378 955 89.0 16.0  136 23083 
18 141 3 33 0 1 60  60 0.600 2.458 876 76.0 16.0  136 23219 
18 142 3 34 0 1 60  67 0.670 2.258 842 70.0 3.0  198 23417 
18 143 3 35 0 4  1  81 0.810 2.241 831 69.0 -12.0  164 23581 
18 144 3 36 0 3 10  86 0.860 2.542 983 94.0 8.0  184 23765 
18 145 3 37 0 3 10  61 0.610 3.144 832 69.0 8.0  184 23949 
18 146 3 38 0 1 60  35 0.350 1.455 682 44.0 9.0  180 24129 
18 147 3 39 0 1 60  72 0.720 1.254 855 73.0 1.0  200 24329 
18 148 3 40 0 4  1  47 0.470 1.405 835 69.0 22.0  79 24408 
18 149 3 41 0 1 60  65 0.650 1.940 827 68.0 3.0  198 24606 
18 150 3 42 0 1 60  71 0.710 2.626 819 67.0 -4.0  196 24802 
18 151 3 43 0 3 10  88 0.880 1.823 922 84.0 -4.0  196 24998 
18 152 3 44 0 3 10  80 0.800 2.408 863 74.0 -6.0  191 25189 
18 153 3 45 0 2 30  63 0.630 1.606 765 58.0 -5.0  194 25383 
18 154 3 46 0 1 60  77 0.770 7.810 844 71.0 -6.0  191 25574 
18 155 3 47 0 4  1  73 0.730 2.826 834 69.0 -4.0  196 25770 
18 156 3 48 0 3 10  42 0.420 2.208 836 69.0 27.0  18 25788 
18 157 3 49 0 1 60  48 0.480 0.736 741 54.0 6.0  191 25979 
18 158 3 50 0 3 10  59 0.590 2.241 803 64.0 5.0  194 26173 
18 159 3 51 0 2 30  77 0.770 1.756 859 73.0 -4.0  196 26369 
18 160 3 52 0 2 30  62 0.620 3.245 851 72.0 10.0  175 26544 
18 161 3 53 0 2 30  82 0.820 4.683 915 83.0 1.0  200 26744 
18 162 3 54 0 3 10  76 0.760 5.369 824 67.0 -9.0  180 26924 
18 163 4 01 0 2 30  59 0.590 1.940 806 64.0 5.0  194 27118 
18 164 4 02 0 4  1  49 0.490 2.943 834 69.0 20.0  100 27218 
18 165 4 03 0 1 60  55 0.550 1.288 757 56.0 1.0  200 27418 
18 166 4 04 0 2 30  48 0.480 0.870 726 51.0 3.0  198 27616 
18 167 4 05 0 1 60  69 0.690 6.021 853 72.0 3.0  198 27814 
18 168 4 06 0 4  1  34 0.340 2.091 836 69.0 35.0 -106 27708 
18 169 4 07 0 4  1  59 0.590 1.472 832 69.0 10.0  175 27883 
18 170 4 08 0 2 30  86 0.860 5.352 877 76.0 -10.0  175 28058 
18 171 4 09 0 3 10  77 0.770 2.943 864 74.0 -3.0  198 28256 
18 172 4 10 0 2 30  69 0.690 2.776 858 73.0 4.0  196 28452 
18 173 4 11 0 4  1  85 0.850 2.174 833 69.0 -16.0  136 28588 
18 174 4 12 0 2 30  78 0.780 2.927 846 71.0 -7.0  188 28776 
18 175 4 13 0 2 30  84 0.840 2.810 922 84.0 0.0  200 28976 
18 176 4 14 0 1 60  61 0.610 2.676 748 55.0 -6.0  191 29167 
18 177 4 15 0 2 30  48 0.480 1.973 734 52.0 4.0  196 29363 
18 178 4 16 0 4  1  68 0.680 2.659 836 69.0 1.0  200 29563 
18 179 4 17 0 4  1  89 0.890 2.943 836 69.0 -20.0  100 29663 
18 180 4 18 0 3 10  56 0.560 4.516 831 69.0 13.0  158 29821 
18 181 4 19 0 4  1  65 0.650 1.422 835 69.0 4.0  196 30017 
18 182 4 20 0 2 30  64 0.640 4.884 770 58.0 -6.0  191 30208 
18 183 4 21 0 3 10  73 0.730 3.278 875 76.0 3.0  198 30406 
18 184 4 22 0 2 30  76 0.760 2.425 872 75.0 -1.0  200 30606 
18 185 4 23 0 3 10  70 0.700 1.639 787 61.0 -9.0  180 30786 
18 186 4 24 0 4  1  41 0.410 1.338 834 69.0 28.0  4 30790 
18 187 4 25 0 3 10  83 0.830 2.291 876 76.0 -7.0  188 30978 
18 188 4 26 0 1 60  65 0.650 1.288 768 58.0 -7.0  188 31166 
18 189 4 27 0 1 60  70 0.700 1.121 759 57.0 -13.0  158 31324 
18 190 4 28 0 4  1  34 0.340 2.191 832 69.0 35.0 -106 31218 
18 191 4 29 0 1 60  50 0.500 3.345 762 57.0 7.0  188 31406 
18 192 4 30 0 4  1  33 0.330 2.392 835 69.0 36.0 -124 31282 
18 193 4 31 0 1 60  79 0.790 2.475 870 75.0 -4.0  196 31478 
18 194 4 32 0 2 30  56 0.560 1.606 747 55.0 -1.0  200 31678 
18 195 4 33 0 1 60  44 0.440 0.485 720 50.0 6.0  191 31869 
18 196 4 34 0 4  1  86 0.860 3.930 833 69.0 -17.0  128 31997 
18 197 4 35 0 2 30  47 0.470 1.572 768 58.0 11.0  170 32167 
18 198 4 36 0 1 60  51 0.510 1.288 739 53.0 2.0  199 32366 
18 199 4 37 0 3 10  53 0.530 2.325 779 60.0 7.0  188 32554 
18 200 4 38 0 1 60  57 0.570 5.753 788 61.0 4.0  196 32750 
18 201 4 39 0 3 10  74 0.740 5.101 800 63.0 -11.0  170 32920 
18 202 4 40 0 1 60  55 0.550 2.074 766 58.0 3.0  198 33118 
18 203 4 41 0 3 10  66 0.660 1.840 765 58.0 -8.0  184 33302 
18 204 4 42 0 2 30  82 0.820 2.358 797 63.0 -19.0  110 33412 
18 205 4 43 0 4  1  82 0.820 5.603 835 69.0 -13.0  158 33570 
18 206 4 44 0 3 10  63 0.630 2.776 803 64.0 1.0  200 33770 
18 207 4 45 0 1 60  90 0.900 4.298 982 94.0 4.0  196 33966 
18 208 4 46 0 1 60  49 0.490 5.185 732 52.0 3.0  198 34164 
18 209 4 47 0 2 30  65 0.650 3.395 941 87.0 22.0  79 34243 
18 210 4 48 0 1 60  90 0.900 3.830 929 85.0 -5.0  194 34437 
18 211 4 49 0 1 60  67 0.670 3.880 903 81.0 14.0  151 34588 
18 212 4 50 0 2 30  65 0.650 2.057 772 59.0 -6.0  191 34779 
18 213 4 51 0 3 10  70 0.700 2.776 831 69.0 -1.0  200 34979 
18 214 4 52 0 2 30  80 0.800 2.826 786 61.0 -19.0  110 35089 
18 215 4 53 0 2 30  55 0.550 2.057 817 66.0 11.0  170 35259 
18 216 4 54 0 1 60  77 0.770 4.532 860 73.0 -4.0  196 35455 
18 217 5 01 0 4  1  38 0.380 2.659 832 69.0 31.0 -40 35415 
18 218 5 02 0 3 10  64 0.640 3.111 735 53.0 -11.0  170 35585 
18 219 5 03 0 2 30  69 0.690 1.957 781 60.0 -9.0  180 35765 
18 220 5 04 0 4  1  38 0.380 2.308 825 68.0 30.0 -25 35740 
18 221 5 05 0 1 60  76 0.760 3.077 858 73.0 -3.0  198 35938 
18 222 5 06 0 1 60  46 0.460 1.087 774 59.0 13.0  158 36096 
18 223 5 07 0 3 10  67 0.670 2.275 776 59.0 -8.0  184 36280 
18 224 5 08 0 2 30  65 0.650 5.937 816 66.0 1.0  200 36480 
18 225 5 09 0 3 10  64 0.640 1.622 768 58.0 -6.0  191 36671 
18 226 5 10 0 3 10  70 0.700 1.305 749 55.0 -15.0  144 36815 
18 227 5 11 0 4  1  75 0.750 1.121 820 67.0 -8.0  184 36999 
18 228 5 12 0 3 10  73 0.730 3.161 861 74.0 1.0  200 37199 
18 229 5 13 0 2 30  79 0.790 5.067 882 77.0 -2.0  199 37398 
18 230 5 14 0 3 10  88 0.880 1.940 920 83.0 -5.0  194 37592 
18 231 5 15 0 1 60  24 0.240 2.325 675 43.0 19.0  110 37702 
18 232 5 16 0 3 10  78 0.780 2.375 802 64.0 -14.0  151 37853 
18 233 5 17 0 1 60  50 0.500 3.044 747 55.0 5.0  194 38047 
18 234 5 18 0 4  1  47 0.470 2.559 829 68.0 21.0  90 38137 
18 235 5 19 0 2 30  52 0.520 1.221 766 58.0 6.0  191 38328 
18 236 5 20 0 1 60  48 0.480 1.973 745 54.0 6.0  191 38519 
18 237 5 21 0 2 30  61 0.610 2.157 754 56.0 -5.0  194 38713 
18 238 5 22 0 3 10  58 0.580 2.642 696 46.0 -12.0  164 38877 
18 239 5 23 0 3 10  53 0.530 3.194 703 47.0 -6.0  191 39068 
18 240 5 24 0 4  1  58 0.580 2.208 829 68.0 10.0  175 39243 
18 241 5 25 0 4  1  68 0.680 2.659 826 68.0 0.0  200 39443 
18 242 5 26 0 1 60  62 0.620 3.980 803 64.0 2.0  199 39642 
18 243 5 27 0 2 30  50 0.500 2.425 763 57.0 7.0  188 39830 
18 244 5 28 0 4  1  83 0.830 3.813 832 69.0 -14.0  151 39981 
18 245 5 29 0 4  1  59 0.590 3.094 832 69.0 10.0  175 40156 
18 246 5 30 0 3 10  67 0.670 3.261 840 70.0 3.0  198 40354 
18 247 5 31 0 2 30  58 0.580 4.766 736 53.0 -5.0  194 40548 
18 248 5 32 0 1 60  81 0.810 3.763 864 74.0 -7.0  188 40736 
18 249 5 33 0 1 60  48 0.480 1.271 730 52.0 4.0  196 40932 
18 250 5 34 0 2 30  45 0.450 3.211 731 52.0 7.0  188 41120 
18 251 5 35 0 3 10  69 0.690 0.702 720 50.0 -19.0  110 41230 
18 252 5 36 0 3 10  39 0.390 2.408 742 54.0 15.0  144 41374 
18 253 5 37 0 2 30  64 0.640 1.288 752 55.0 -9.0  180 41554 
18 254 5 38 0 1 60  53 0.530 1.522 750 55.0 2.0  199 41753 
18 255 5 39 0 2 30  58 0.580 2.174 736 53.0 -5.0  194 41947 
18 256 5 40 0 2 30  74 0.740 4.415 851 72.0 -2.0  199 42146 
18 257 5 41 0 2 30  56 0.560 5.318 821 67.0 11.0  170 42316 
18 258 5 42 0 3 10  83 0.830 1.606 916 83.0 0.0  200 42516 
18 259 5 43 0 1 60  76 0.760 1.773 864 74.0 -2.0  199 42715 
18 260 5 44 0 3 10  93 0.930 2.977 957 90.0 -3.0  198 42913 
18 261 5 45 0 1 60  44 0.440 3.228 732 52.0 8.0  184 43097 
18 262 5 46 0 3 10  74 0.740 2.743 760 57.0 -17.0  128 43225 
18 263 5 47 0 4  1  92 0.920 3.278 833 69.0 -23.0  68 43293 
18 264 5 48 0 3 10  62 0.620 4.449 800 63.0 1.0  200 43493 
18 265 5 49 0 4  1  57 0.570 3.261 832 69.0 12.0  164 43657 
18 266 5 50 0 1 60  34 0.340 1.539 706 48.0 14.0  151 43808 
18 267 5 51 0 4  1  62 0.620 2.659 834 69.0 7.0  188 43996 
18 268 5 52 0 3 10  64 0.640 1.606 726 51.0 -13.0  158 44154 
18 269 5 53 0 1 60  85 0.850 3.629 854 72.0 -13.0  158 44312 
18 270 5 54 0 2 30  61 0.610 3.546 850 72.0 11.0  170 44482 
