09 001 1 01 0 1 60  46 0.460 2.960 698 46.0 0.0  200 200 
09 002 1 02 0 2 30  36 0.360 3.061 659 40.0 4.0  196 396 
09 003 1 03 0 3 10  36 0.360 4.817 750 55.0 19.0  110 506 
09 004 1 04 0 3 10  49 0.490 4.750 689 45.0 -4.0  196 702 
09 005 1 05 0 2 30  76 0.760 4.700 818 66.0 -10.0  175 877 
09 006 1 06 0 1 60  90 0.900 3.462 879 77.0 -13.0  158 1035 
09 007 1 07 0 3 10  50 0.500 3.663 752 55.0 5.0  194 1229 
09 008 1 08 0 4  1  59 0.590 4.399 804 64.0 5.0  194 1423 
09 009 1 09 0 3 10  60 0.600 2.810 720 50.0 -10.0  175 1598 
09 010 1 10 0 3 10  66 0.660 2.810 761 57.0 -9.0  180 1778 
09 011 1 11 0 2 30  68 0.680 4.081 778 60.0 -8.0  184 1962 
09 012 1 12 0 1 60  77 0.770 2.492 838 70.0 -7.0  188 2150 
09 013 1 13 0 2 30  90 0.900 3.010 858 73.0 -17.0  128 2278 
09 014 1 14 0 1 60  53 0.530 2.308 778 60.0 7.0  188 2466 
09 015 1 15 0 3 10  67 0.670 6.054 759 57.0 -10.0  175 2641 
09 016 1 16 0 1 60  61 0.610 1.923 749 55.0 -6.0  191 2832 
09 017 1 17 0 1 60  63 0.630 4.716 736 53.0 -10.0  175 3007 
09 018 1 18 0 2 30  83 0.830 6.272 807 65.0 -18.0  119 3126 
09 019 1 19 0 3 10  79 0.790 2.425 848 71.0 -8.0  184 3310 
09 020 1 20 0 3 10  63 0.630 3.579 792 62.0 -1.0  200 3510 
09 021 1 21 0 3 10  75 0.750 4.532 787 61.0 -14.0  151 3661 
09 022 1 22 0 4  1  58 0.580 4.900 827 68.0 10.0  175 3836 
09 023 1 23 0 1 60  57 0.570 0.552 720 50.0 -7.0  188 4024 
09 024 1 24 0 1 60  57 0.570 3.495 779 60.0 3.0  198 4222 
09 025 1 25 0 1 60  82 0.820 2.458 897 80.0 -2.0  199 4421 
09 026 1 26 0 1 60  36 0.360 4.298 657 40.0 4.0  196 4617 
09 027 1 27 0 1 60  73 0.730 2.793 778 60.0 -13.0  158 4775 
09 028 1 28 0 3 10  62 0.620 3.914 841 70.0 8.0  184 4959 
09 029 1 29 0 2 30  52 0.520 1.572 720 50.0 -2.0  199 5158 
09 030 1 30 0 2 30  52 0.520 2.308 781 60.0 8.0  184 5342 
09 031 1 31 0 2 30  26 0.260 2.124 688 45.0 19.0  110 5452 
09 032 1 32 0 1 60  26 0.260 2.726 627 35.0 9.0  180 5632 
09 033 1 33 0 4  1  79 0.790 2.341 673 42.0 -37.0 -142 5490 
09 034 1 34 0 1 60  54 0.540 3.713 720 50.0 -4.0  196 5686 
09 035 1 35 0 1 60  54 0.540 2.810 690 45.0 -9.0  180 5866 
09 036 1 36 0 2 30  39 0.390 3.964 688 45.0 6.0  191 6057 
09 037 1 37 0 2 30  85 0.850 2.676 930 85.0 0.0  200 6257 
09 038 1 38 0 2 30  84 0.840 3.044 752 55.0 -29.0 -10 6247 
09 039 1 39 0 3 10  74 0.740 2.040 821 67.0 -7.0  188 6435 
09 040 1 40 0 2 30  44 0.440 3.930 662 40.0 -4.0  196 6631 
09 041 1 41 0 1 60  76 0.760 4.465 837 70.0 -6.0  191 6822 
09 042 1 42 0 4  1  60 0.600 6.355 827 68.0 8.0  184 7006 
09 043 1 43 0 3 10  92 0.920 2.392 871 75.0 -17.0  128 7134 
09 044 1 44 0 1 60  53 0.530 1.271 717 50.0 -3.0  198 7332 
09 045 1 45 0 2 30  93 0.930 2.576 962 90.0 -3.0  198 7530 
09 046 1 46 0 4  1  61 0.610 2.910 781 60.0 -1.0  200 7730 
09 047 1 47 0 3 10  52 0.520 3.679 752 55.0 3.0  198 7928 
09 048 1 48 0 4  1  82 0.820 4.432 721 50.0 -32.0 -56 7872 
09 049 1 49 0 2 30  66 0.660 3.780 812 65.0 -1.0  200 8072 
09 050 1 50 0 2 30  63 0.630 0.803 721 50.0 -13.0  158 8230 
09 051 1 51 0 2 30  68 0.680 2.375 811 65.0 -3.0  198 8428 
09 052 1 52 0 3 10  37 0.370 4.064 661 40.0 3.0  198 8626 
09 053 1 53 0 1 60  56 0.560 2.107 778 60.0 4.0  196 8822 
09 054 1 54 0 4  1  69 0.690 2.107 720 50.0 -19.0  110 8932 
09 055 2 01 0 2 30  87 0.870 2.927 868 75.0 -12.0  164 9096 
09 056 2 02 0 1 60  69 0.690 1.823 778 60.0 -9.0  180 9276 
09 057 2 03 0 1 60  33 0.330 2.475 657 40.0 7.0  188 9464 
09 058 2 04 0 4  1  53 0.530 1.422 720 50.0 -3.0  198 9662 
09 059 2 05 0 1 60  72 0.720 3.529 752 55.0 -17.0  128 9790 
09 060 2 06 0 2 30  74 0.740 6.790 872 75.0 1.0  200 9990 
09 061 2 07 0 2 30  68 0.680 3.211 720 50.0 -18.0  119 10109 
09 062 2 08 0 4  1  52 0.520 2.492 785 61.0 9.0  180 10289 
09 063 2 09 0 3 10  43 0.430 1.873 720 50.0 7.0  188 10477 
09 064 2 10 0 3 10  54 0.540 2.793 750 55.0 1.0  200 10677 
09 065 2 11 0 2 30  75 0.750 1.254 787 61.0 -14.0  151 10828 
09 066 2 12 0 2 30  65 0.650 2.341 784 61.0 -4.0  196 11024 
09 067 2 13 0 3 10  71 0.710 1.472 837 70.0 -1.0  200 11224 
09 068 2 14 0 2 30  63 0.630 2.877 872 75.0 12.0  164 11388 
09 069 2 15 0 3 10  71 0.710 1.405 848 71.0 0.0  200 11588 
09 070 2 16 0 4  1  70 0.700 2.826 778 60.0 -10.0  175 11763 
09 071 2 17 0 3 10  57 0.570 1.572 791 62.0 5.0  194 11957 
09 072 2 18 0 1 60  41 0.410 4.382 719 50.0 9.0  180 12137 
09 073 2 19 0 2 30  43 0.430 2.542 659 40.0 -3.0  198 12335 
09 074 2 20 0 1 60  45 0.450 2.709 659 40.0 -5.0  194 12529 
09 075 2 21 0 4  1  46 0.460 3.997 752 55.0 9.0  180 12709 
09 076 2 22 0 2 30  97 0.970 1.756 973 92.0 -5.0  194 12903 
09 077 2 23 0 4  1  52 0.520 3.194 781 60.0 8.0  184 13087 
09 078 2 24 0 3 10  39 0.390 6.640 779 60.0 21.0  90 13177 
09 079 2 25 0 2 30  55 0.550 1.689 687 45.0 -10.0  175 13352 
09 080 2 26 0 1 60  55 0.550 0.636 720 50.0 -5.0  194 13546 
09 081 2 27 0 4  1  67 0.670 2.224 780 60.0 -7.0  188 13734 
09 082 2 28 0 3 10  66 0.660 8.697 781 60.0 -6.0  191 13925 
09 083 2 29 0 1 60  58 0.580 2.877 840 70.0 12.0  164 14089 
09 084 2 30 0 1 60  77 0.770 2.960 871 75.0 -2.0  199 14288 
09 085 2 31 0 2 30  46 0.460 2.241 661 40.0 -6.0  191 14479 
09 086 2 32 0 2 30  57 0.570 0.920 720 50.0 -7.0  188 14667 
09 087 2 33 0 4  1  75 0.750 3.479 751 55.0 -20.0  100 14767 
09 088 2 34 0 1 60  63 0.630 4.315 838 70.0 7.0  188 14955 
09 089 2 35 0 3 10  27 0.270 1.405 660 40.0 13.0  158 15113 
09 090 2 36 0 4  1  49 0.490 1.957 749 55.0 6.0  191 15304 
09 091 2 37 0 1 60  84 0.840 2.057 871 75.0 -9.0  180 15484 
09 092 2 38 0 3 10  65 0.650 2.760 810 65.0 0.0  200 15684 
09 093 2 39 0 2 30  98 0.980 2.007 990 95.0 -3.0  198 15882 
09 094 2 40 0 2 30  55 0.550 1.187 720 50.0 -5.0  194 16076 
09 095 2 41 0 1 60  45 0.450 1.422 686 44.0 -1.0  200 16276 
09 096 2 42 0 1 60  70 0.700 3.245 808 65.0 -5.0  194 16470 
09 097 2 43 0 2 30  71 0.710 2.592 842 70.0 -1.0  200 16670 
09 098 2 44 0 1 60  35 0.350 2.224 631 35.0 0.0  200 16870 
09 099 2 45 0 3 10  73 0.730 2.810 838 70.0 -3.0  198 17068 
09 100 2 46 0 1 60  92 0.920 3.328 977 93.0 1.0  200 17268 
09 101 2 47 0 1 60  71 0.710 1.873 920 83.0 12.0  164 17432 
09 102 2 48 0 1 60  44 0.440 1.940 681 44.0 0.0  200 17632 
09 103 2 49 0 4  1  44 0.440 3.261 781 60.0 16.0  136 17768 
09 104 2 50 0 3 10  46 0.460 4.967 779 60.0 14.0  151 17919 
09 105 2 51 0 3 10  64 0.640 3.529 839 70.0 6.0  191 18110 
09 106 2 52 0 1 60  53 0.530 0.819 720 50.0 -3.0  198 18308 
09 107 2 53 0 4  1  84 0.840 1.773 781 60.0 -24.0  56 18364 
09 108 2 54 0 3 10  65 0.650 2.877 839 70.0 5.0  194 18558 
09 109 3 01 0 3 10  56 0.560 2.007 782 60.0 4.0  196 18754 
09 110 3 02 0 3 10  60 0.600 2.057 790 62.0 2.0  199 18953 
09 111 3 03 0 2 30  70 0.700 2.542 808 65.0 -5.0  194 19147 
09 112 3 04 0 3 10  89 0.890 3.077 805 64.0 -25.0  44 19191 
09 113 3 05 0 4  1  65 0.650 3.412 779 60.0 -5.0  194 19385 
09 114 3 06 0 2 30  65 0.650 3.479 869 75.0 10.0  175 19560 
09 115 3 07 0 4  1  49 0.490 1.656 781 60.0 11.0  170 19730 
09 116 3 08 0 2 30  90 0.900 1.422 870 75.0 -15.0  144 19874 
09 117 3 09 0 4  1  55 0.550 1.472 808 65.0 10.0  175 20049 
09 118 3 10 0 3 10  51 0.510 3.796 814 66.0 15.0  144 20193 
09 119 3 11 0 1 60  53 0.530 2.107 736 53.0 0.0  200 20393 
09 120 3 12 0 1 60  15 0.150 3.997 509 15.0 0.0  200 20593 
09 121 3 13 0 1 60  72 0.720 2.492 929 85.0 13.0  158 20751 
09 122 3 14 0 2 30  52 0.520 1.873 847 71.0 19.0  110 20861 
09 123 3 15 0 2 30  65 0.650 2.224 778 60.0 -5.0  194 21055 
09 124 3 16 0 4  1  47 0.470 1.455 787 61.0 14.0  151 21206 
09 125 3 17 0 4  1  67 0.670 3.061 812 65.0 -2.0  199 21405 
09 126 3 18 0 4  1  64 0.640 1.505 799 63.0 -1.0  200 21605 
09 127 3 19 0 1 60  48 0.480 2.057 666 41.0 -7.0  188 21793 
09 128 3 20 0 3 10  66 0.660 2.509 691 45.0 -21.0  90 21883 
09 129 3 21 0 2 30  40 0.400 1.873 655 39.0 -1.0  200 22083 
09 130 3 22 0 4  1  68 0.680 4.532 800 63.0 -5.0  194 22277 
09 131 3 23 0 1 60  61 0.610 6.456 773 59.0 -2.0  199 22476 
09 132 3 24 0 3 10  39 0.390 3.211 726 51.0 12.0  164 22640 
09 133 3 25 0 3 10  61 0.610 1.739 762 57.0 -4.0  196 22836 
09 134 3 26 0 3 10  62 0.620 3.780 784 61.0 -1.0  200 23036 
09 135 3 27 0 1 60  71 0.710 1.355 889 78.0 7.0  188 23224 
09 136 3 28 0 2 30  61 0.610 2.157 795 63.0 2.0  199 23423 
09 137 3 29 0 3 10  51 0.510 2.107 745 54.0 3.0  198 23621 
09 138 3 30 0 1 60  93 0.930 1.689 988 95.0 2.0  199 23820 
09 139 3 31 0 1 60  58 0.580 2.977 754 56.0 -2.0  199 24019 
09 140 3 32 0 3 10  71 0.710 2.475 764 57.0 -14.0  151 24170 
09 141 3 33 0 4  1  76 0.760 2.893 762 57.0 -19.0  110 24280 
09 142 3 34 0 2 30  94 0.940 4.382 959 90.0 -4.0  196 24476 
09 143 3 35 0 2 30  69 0.690 1.873 778 60.0 -9.0  180 24656 
09 144 3 36 0 3 10  61 0.610 2.943 694 46.0 -15.0  144 24800 
09 145 3 37 0 2 30  18 0.180 2.358 599 30.0 12.0  164 24964 
09 146 3 38 0 2 30  53 0.530 3.111 663 41.0 -12.0  164 25128 
09 147 3 39 0 2 30  76 0.760 2.124 822 67.0 -9.0  180 25308 
09 148 3 40 0 4  1  37 0.370 1.790 791 62.0 25.0  44 25352 
09 149 3 41 0 1 60  68 0.680 2.291 845 71.0 3.0  198 25550 
09 150 3 42 0 2 30  52 0.520 1.823 732 52.0 0.0  200 25750 
09 151 3 43 0 3 10  54 0.540 1.338 720 50.0 -4.0  196 25946 
09 152 3 44 0 2 30  49 0.490 2.057 762 57.0 8.0  184 26130 
09 153 3 45 0 2 30  86 0.860 1.171 869 75.0 -11.0  170 26300 
09 154 3 46 0 1 60  85 0.850 1.973 884 77.0 -8.0  184 26484 
09 155 3 47 0 1 60  25 0.250 3.061 568 25.0 0.0  200 26684 
09 156 3 48 0 1 60  88 0.880 1.522 962 90.0 2.0  199 26883 
09 157 3 49 0 3 10  44 0.440 1.087 720 50.0 6.0  191 27074 
09 158 3 50 0 3 10  63 0.630 3.362 757 56.0 -7.0  188 27262 
09 159 3 51 0 4  1  56 0.560 1.589 786 61.0 5.0  194 27456 
09 160 3 52 0 3 10  59 0.590 2.592 786 61.0 2.0  199 27655 
09 161 3 53 0 2 30  60 0.600 1.388 720 50.0 -10.0  175 27830 
09 162 3 54 0 3 10  33 0.330 2.174 662 40.0 7.0  188 28018 
09 163 4 01 0 3 10  78 0.780 1.706 751 55.0 -23.0  68 28086 
09 164 4 02 0 1 60  80 0.800 2.442 851 72.0 -8.0  184 28270 
09 165 4 03 0 2 30  46 0.460 1.706 648 38.0 -8.0  184 28454 
09 166 4 04 0 3 10  37 0.370 2.074 602 30.0 -7.0  188 28642 
09 167 4 05 0 3 10  67 0.670 1.472 772 59.0 -8.0  184 28826 
09 168 4 06 0 1 60  29 0.290 1.622 543 21.0 -8.0  184 29010 
09 169 4 07 0 2 30  45 0.450 2.860 611 32.0 -13.0  158 29168 
09 170 4 08 0 1 60  49 0.490 1.923 661 40.0 -9.0  180 29348 
09 171 4 09 0 2 30  87 0.870 1.572 937 86.0 -1.0  200 29548 
09 172 4 10 0 3 10  64 0.640 1.672 686 44.0 -20.0  100 29648 
09 173 4 11 0 1 60  75 0.750 3.194 900 80.0 5.0  194 29842 
09 174 4 12 0 2 30  49 0.490 0.719 720 50.0 1.0  200 30042 
09 175 4 13 0 3 10  61 0.610 1.238 720 50.0 -11.0  170 30212 
09 176 4 14 0 4  1  86 0.860 3.261 794 62.0 -24.0  56 30268 
09 177 4 15 0 4  1  73 0.730 2.241 821 67.0 -6.0  191 30459 
09 178 4 16 0 1 60  66 0.660 4.566 808 65.0 -1.0  200 30659 
09 179 4 17 0 2 30  90 0.900 5.034 933 86.0 -4.0  196 30855 
09 180 4 18 0 4  1  51 0.510 2.007 813 66.0 15.0  144 30999 
09 181 4 19 0 3 10  55 0.550 2.308 752 55.0 0.0  200 31199 
09 182 4 20 0 2 30  56 0.560 0.920 720 50.0 -6.0  191 31390 
09 183 4 21 0 1 60  67 0.670 3.044 781 60.0 -7.0  188 31578 
09 184 4 22 0 2 30  89 0.890 2.458 905 81.0 -8.0  184 31762 
09 185 4 23 0 3 10  72 0.720 1.940 807 65.0 -7.0  188 31950 
09 186 4 24 0 1 60  34 0.340 3.111 646 38.0 4.0  196 32146 
09 187 4 25 0 3 10  63 0.630 3.763 751 55.0 -8.0  184 32330 
09 188 4 26 0 1 60  43 0.430 1.455 740 53.0 10.0  175 32505 
09 189 4 27 0 3 10  49 0.490 1.137 720 50.0 1.0  200 32705 
09 190 4 28 0 3 10  75 0.750 4.248 838 70.0 -5.0  194 32899 
09 191 4 29 0 4  1  99 0.990 1.472 802 64.0 -35.0 -106 32793 
09 192 4 30 0 2 30  66 0.660 2.726 809 65.0 -1.0  200 32993 
09 193 4 31 0 3 10  75 0.750 5.385 797 63.0 -12.0  164 33157 
09 194 4 32 0 1 60  81 0.810 1.321 915 83.0 2.0  199 33356 
09 195 4 33 0 3 10  63 0.630 4.449 849 72.0 9.0  180 33536 
09 196 4 34 0 4  1  39 0.390 1.405 780 60.0 21.0  90 33626 
09 197 4 35 0 3 10  65 0.650 2.492 809 65.0 0.0  200 33826 
09 198 4 36 0 4  1  67 0.670 3.178 793 62.0 -5.0  194 34020 
09 199 4 37 0 3 10  62 0.620 1.806 781 60.0 -2.0  199 34219 
09 200 4 38 0 2 30  72 0.720 1.572 930 85.0 13.0  158 34377 
09 201 4 39 0 3 10  61 0.610 3.144 807 65.0 4.0  196 34573 
09 202 4 40 0 1 60  72 0.720 2.943 869 75.0 3.0  198 34771 
09 203 4 41 0 1 60  34 0.340 3.796 690 45.0 11.0  170 34941 
09 204 4 42 0 3 10  88 0.880 1.455 954 89.0 1.0  200 35141 
09 205 4 43 0 1 60  66 0.660 1.723 841 70.0 4.0  196 35337 
09 206 4 44 0 2 30  81 0.810 1.940 866 74.0 -7.0  188 35525 
09 207 4 45 0 1 60  83 0.830 1.589 919 83.0 0.0  200 35725 
09 208 4 46 0 3 10  63 0.630 3.612 740 53.0 -10.0  175 35900 
09 209 4 47 0 2 30  71 0.710 1.305 809 65.0 -6.0  191 36091 
09 210 4 48 0 3 10  56 0.560 1.907 782 60.0 4.0  196 36287 
09 211 4 49 0 3 10  56 0.560 1.840 779 60.0 4.0  196 36483 
09 212 4 50 0 2 30  46 0.460 1.773 737 53.0 7.0  188 36671 
09 213 4 51 0 2 30  93 0.930 1.890 964 91.0 -2.0  199 36870 
09 214 4 52 0 2 30  67 0.670 1.840 781 60.0 -7.0  188 37058 
09 215 4 53 0 2 30  76 0.760 4.131 807 65.0 -11.0  170 37228 
09 216 4 54 0 3 10  44 0.440 1.522 678 43.0 -1.0  200 37428 
09 217 5 01 0 3 10  57 0.570 1.706 687 45.0 -12.0  164 37592 
09 218 5 02 0 3 10  92 0.920 2.475 869 75.0 -17.0  128 37720 
09 219 5 03 0 2 30  78 0.780 1.823 811 65.0 -13.0  158 37878 
09 220 5 04 0 1 60  67 0.670 3.930 808 65.0 -2.0  199 38077 
09 221 5 05 0 3 10  52 0.520 2.509 767 58.0 6.0  191 38268 
09 222 5 06 0 2 30  43 0.430 1.003 739 53.0 10.0  175 38443 
09 223 5 07 0 1 60  82 0.820 1.505 962 90.0 8.0  184 38627 
09 224 5 08 0 1 60  63 0.630 4.465 822 67.0 4.0  196 38823 
09 225 5 09 0 3 10  32 0.320 1.606 658 40.0 8.0  184 39007 
09 226 5 10 0 2 30  50 0.500 2.141 790 62.0 12.0  164 39171 
09 227 5 11 0 1 60  80 0.800 2.191 904 81.0 1.0  200 39371 
09 228 5 12 0 1 60  36 0.360 2.609 637 36.0 0.0  200 39571 
09 229 5 13 0 3 10  46 0.460 1.890 762 57.0 11.0  170 39741 
09 230 5 14 0 2 30  86 0.860 1.723 874 76.0 -10.0  175 39916 
09 231 5 15 0 1 60  32 0.320 2.676 576 26.0 -6.0  191 40107 
09 232 5 16 0 1 60  65 0.650 2.325 804 64.0 -1.0  200 40307 
09 233 5 17 0 1 60  36 0.360 1.873 639 37.0 1.0  200 40507 
09 234 5 18 0 2 30  64 0.640 1.723 754 56.0 -8.0  184 40691 
09 235 5 19 0 1 60  64 0.640 2.860 777 60.0 -4.0  196 40887 
09 236 5 20 0 2 30  65 0.650 2.308 808 65.0 0.0  200 41087 
09 237 5 21 0 2 30  66 0.660 3.646 801 64.0 -2.0  199 41286 
09 238 5 22 0 3 10  48 0.480 2.024 743 54.0 6.0  191 41477 
09 239 5 23 0 4  1  58 0.580 0.920 720 50.0 -8.0  184 41661 
09 240 5 24 0 1 60  57 0.570 2.040 758 56.0 -1.0  200 41861 
09 241 5 25 0 3 10  62 0.620 2.074 782 60.0 -2.0  199 42060 
09 242 5 26 0 3 10  75 0.750 1.856 819 67.0 -8.0  184 42244 
09 243 5 27 0 2 30  62 0.620 3.127 821 67.0 5.0  194 42438 
09 244 5 28 0 4  1  65 0.650 2.308 779 60.0 -5.0  194 42632 
09 245 5 29 0 3 10  80 0.800 2.124 779 60.0 -20.0  100 42732 
09 246 5 30 0 1 60  61 0.610 1.338 796 63.0 2.0  199 42931 
09 247 5 31 0 3 10  78 0.780 2.392 783 61.0 -17.0  128 43059 
09 248 5 32 0 3 10  68 0.680 2.927 807 65.0 -3.0  198 43257 
09 249 5 33 0 1 60  63 0.630 1.890 793 62.0 -1.0  200 43457 
09 250 5 34 0 2 30  80 0.800 3.395 807 65.0 -15.0  144 43601 
09 251 5 35 0 2 30  36 0.360 1.622 677 43.0 7.0  188 43789 
09 252 5 36 0 2 30  69 0.690 2.492 858 73.0 4.0  196 43985 
09 253 5 37 0 2 30  75 0.750 3.479 874 76.0 1.0  200 44185 
09 254 5 38 0 3 10  63 0.630 2.760 779 60.0 -3.0  198 44383 
09 255 5 39 0 1 60  75 0.750 2.760 828 68.0 -7.0  188 44571 
09 256 5 40 0 1 60  71 0.710 1.572 823 67.0 -4.0  196 44767 
09 257 5 41 0 3 10  65 0.650 2.408 814 66.0 1.0  200 44967 
09 258 5 42 0 2 30  53 0.530 1.338 768 58.0 5.0  194 45161 
09 259 5 43 0 2 30  77 0.770 1.388 873 76.0 -1.0  200 45361 
09 260 5 44 0 2 30  94 0.940 1.137 967 91.0 -3.0  198 45559 
09 261 5 45 0 2 30  71 0.710 1.555 910 82.0 11.0  170 45729 
09 262 5 46 0 1 60  70 0.700 1.723 896 79.0 9.0  180 45909 
09 263 5 47 0 1 60  59 0.590 1.539 852 72.0 13.0  158 46067 
09 264 5 48 0 1 60  82 0.820 2.325 898 80.0 -2.0  199 46266 
09 265 5 49 0 3 10  87 0.870 2.475 806 64.0 -23.0  68 46334 
09 266 5 50 0 1 60  28 0.280 2.258 561 24.0 -4.0  196 46530 
09 267 5 51 0 2 30  57 0.570 2.141 659 40.0 -17.0  128 46658 
09 268 5 52 0 4  1  59 0.590 2.626 797 63.0 4.0  196 46854 
09 269 5 53 0 3 10  48 0.480 2.057 681 44.0 -4.0  196 47050 
09 270 5 54 0 1 60  72 0.720 2.793 900 80.0 8.0  184 47234 
