22 001 1 01 0 2 30  52 0.520 1.204 790 62.0 10.0  175 175 
22 002 1 02 0 1 60  56 0.560 1.438 821 67.0 11.0  170 345 
22 003 1 03 0 3 10  64 0.640 1.539 812 65.0 1.0  200 545 
22 004 1 04 0 2 30  61 0.610 2.576 777 60.0 -1.0  200 745 
22 005 1 05 0 2 30  32 0.320 2.074 600 30.0 -2.0  199 944 
22 006 1 06 0 2 30  56 0.560 3.010 724 51.0 -5.0  194 1138 
22 007 1 07 0 1 60  60 0.600 1.572 818 66.0 6.0  191 1329 
22 008 1 08 0 1 60  19 0.190 2.576 568 25.0 6.0  191 1520 
22 009 1 09 0 3 10  58 0.580 1.171 751 55.0 -3.0  198 1718 
22 010 1 10 0 2 30  83 0.830 2.241 933 86.0 3.0  198 1916 
22 011 1 11 0 2 30  55 0.550 1.003 829 68.0 13.0  158 2074 
22 012 1 12 0 1 60  41 0.410 0.870 746 54.0 13.0  158 2232 
22 013 1 13 0 1 60  76 0.760 1.405 938 86.0 10.0  175 2407 
22 014 1 14 0 3 10  74 0.740 1.606 872 75.0 1.0  200 2607 
22 015 1 15 0 2 30  96 0.960 2.509 971 92.0 -4.0  196 2803 
22 016 1 16 0 1 60  69 0.690 1.706 898 80.0 11.0  170 2973 
22 017 1 17 0 3 10  67 0.670 2.275 861 74.0 7.0  188 3161 
22 018 1 18 0 3 10  71 0.710 1.238 721 50.0 -21.0  90 3251 
22 019 1 19 1 1 60  51 0.510 0.033 720 50.0 -1.0  200 3451 
22 020 1 20 0 3 10  69 0.690 1.639 779 60.0 -9.0  180 3631 
22 021 1 21 0 2 30  52 0.520 0.401 720 50.0 -2.0  199 3830 
22 022 1 22 0 2 30  74 0.740 1.672 781 60.0 -14.0  151 3981 
22 023 1 23 0 1 60  53 0.530 0.334 720 50.0 -3.0  198 4179 
22 024 1 24 0 1 60  75 0.750 1.639 838 70.0 -5.0  194 4373 
22 025 1 25 0 3 10  58 0.580 1.739 777 60.0 2.0  199 4572 
22 026 1 26 0 2 30  42 0.420 1.706 703 47.0 5.0  194 4766 
22 027 1 27 0 2 30  79 0.790 2.275 951 89.0 10.0  175 4941 
22 028 1 28 0 3 10  80 0.800 1.739 854 72.0 -8.0  184 5125 
22 029 1 29 0 3 10  73 0.730 1.706 904 81.0 8.0  184 5309 
22 030 1 30 0 2 30  73 0.730 1.572 869 75.0 2.0  199 5508 
22 031 1 31 0 1 60  65 0.650 0.435 720 50.0 -15.0  144 5652 
22 032 1 32 0 1 60  74 0.740 1.806 806 64.0 -10.0  175 5827 
22 033 1 33 0 3 10  73 0.730 1.773 746 54.0 -19.0  110 5937 
22 034 1 34 0 1 60  88 0.880 2.040 966 91.0 3.0  198 6135 
22 035 1 35 0 2 30  54 0.540 1.338 797 63.0 9.0  180 6315 
22 036 1 36 0 1 60  76 0.760 1.973 843 71.0 -5.0  194 6509 
22 037 1 37 0 1 60  78 0.780 1.338 790 62.0 -16.0  136 6645 
22 038 1 38 0 3 10  37 0.370 1.572 695 46.0 9.0  180 6825 
22 039 1 39 0 2 30  85 0.850 1.070 935 86.0 1.0  200 7025 
22 040 1 40 0 1 60  44 0.440 1.305 650 38.0 -6.0  191 7216 
22 041 1 41 0 4  1  59 0.590 1.572 683 44.0 -15.0  144 7360 
22 042 1 42 0 2 30  80 0.800 0.970 894 79.0 -1.0  200 7560 
22 043 1 43 0 1 60  72 0.720 1.472 797 63.0 -9.0  180 7740 
22 044 1 44 0 1 60  66 0.660 2.275 776 59.0 -7.0  188 7928 
22 045 1 45 0 3 10  65 0.650 0.769 759 57.0 -8.0  184 8112 
22 046 1 46 0 4  1  52 0.520 2.609 702 47.0 -5.0  194 8306 
22 047 1 47 0 4  1  82 0.820 3.512 707 48.0 -34.0 -89 8217 
22 048 1 48 0 4  1  28 0.280 0.435 720 50.0 22.0  79 8296 
22 049 1 49 0 3 10  83 0.830 1.171 822 67.0 -16.0  136 8432 
22 050 1 50 0 3 10  55 0.550 0.468 720 50.0 -5.0  194 8626 
22 051 1 51 0 3 10  96 0.960 1.739 955 89.0 -7.0  188 8814 
22 052 1 52 0 2 30  82 0.820 1.572 910 82.0 0.0  200 9014 
22 053 1 53 0 4  1  73 0.730 1.204 827 68.0 -5.0  194 9208 
22 054 1 54 0 2 30  55 0.550 1.137 791 62.0 7.0  188 9396 
22 055 2 01 0 3 10  70 0.700 0.368 720 50.0 -20.0  100 9496 
22 056 2 02 0 3 10  70 0.700 0.870 770 58.0 -12.0  164 9660 
22 057 2 03 0 2 30  46 0.460 0.669 702 47.0 1.0  200 9860 
22 058 2 04 0 1 60  39 0.390 1.739 646 38.0 -1.0  200 10060 
22 059 2 05 0 3 10  87 0.870 1.539 931 85.0 -2.0  199 10259 
22 060 2 06 0 3 10  76 0.760 0.970 874 76.0 0.0  200 10459 
22 061 2 07 0 3 10  89 0.890 1.171 919 83.0 -6.0  191 10650 
22 062 2 08 0 1 60  90 0.900 1.773 976 93.0 3.0  198 10848 
22 063 2 09 0 2 30  52 0.520 1.405 784 61.0 9.0  180 11028 
22 064 2 10 0 1 60  47 0.470 1.137 671 42.0 -5.0  194 11222 
22 065 2 11 0 3 10  51 0.510 1.070 708 48.0 -3.0  198 11420 
22 066 2 12 0 3 10  64 0.640 0.970 733 52.0 -12.0  164 11584 
22 067 2 13 0 2 30  48 0.480 0.836 684 44.0 -4.0  196 11780 
22 068 2 14 0 3 10  82 0.820 0.769 735 53.0 -29.0 -10 11770 
22 069 2 15 0 4  1  56 0.560 0.669 804 64.0 8.0  184 11954 
22 070 2 16 0 2 30  45 0.450 0.702 705 48.0 3.0  198 12152 
22 071 2 17 0 3 10  90 0.900 1.371 972 92.0 2.0  199 12351 
22 072 2 18 0 1 60  43 0.430 0.769 711 49.0 6.0  191 12542 
22 073 2 19 0 3 10  75 0.750 1.271 771 59.0 -16.0  136 12678 
22 074 2 20 0 2 30  69 0.690 1.472 777 60.0 -9.0  180 12858 
22 075 2 21 0 3 10  49 0.490 0.970 673 42.0 -7.0  188 13046 
22 076 2 22 0 4  1  38 0.380 0.836 713 49.0 11.0  170 13216 
22 077 2 23 0 1 60  58 0.580 1.070 707 48.0 -10.0  175 13391 
22 078 2 24 0 2 30  69 0.690 1.706 755 56.0 -13.0  158 13549 
22 079 2 25 0 1 60  87 0.870 1.438 853 72.0 -15.0  144 13693 
22 080 2 26 0 1 60  66 0.660 1.639 757 56.0 -10.0  175 13868 
22 081 2 27 0 3 10  66 0.660 1.806 779 60.0 -6.0  191 14059 
22 082 2 28 0 3 10  81 0.810 1.338 792 62.0 -19.0  110 14169 
22 083 2 29 0 2 30  68 0.680 1.003 719 50.0 -18.0  119 14288 
22 084 2 30 0 3 10  81 0.810 1.873 785 61.0 -20.0  100 14388 
22 085 2 31 0 1 60  80 0.800 1.371 902 80.0 0.0  200 14588 
22 086 2 32 0 2 30  66 0.660 0.937 742 54.0 -12.0  164 14752 
22 087 2 33 0 3 10  55 0.550 0.468 720 50.0 -5.0  194 14946 
22 088 2 34 0 1 60  70 0.700 1.606 798 63.0 -7.0  188 15134 
22 089 2 35 0 2 30  85 0.850 1.238 906 81.0 -4.0  196 15330 
22 090 2 36 0 1 60  34 0.340 2.776 622 34.0 0.0  200 15530 
22 091 2 37 0 3 10  65 0.650 0.702 720 50.0 -15.0  144 15674 
22 092 2 38 0 1 60  55 0.550 0.702 703 47.0 -8.0  184 15858 
22 093 2 39 0 3 10  79 0.790 0.769 738 53.0 -26.0  31 15889 
22 094 2 40 0 3 10  50 0.500 2.977 738 53.0 3.0  198 16087 
22 095 2 41 0 4  1  68 0.680 0.836 715 49.0 -19.0  110 16197 
22 096 2 42 0 3 10  58 0.580 0.736 720 50.0 -8.0  184 16381 
22 097 2 43 0 2 30  31 0.310 1.171 681 44.0 13.0  158 16539 
22 098 2 44 0 2 30  48 0.480 1.104 665 41.0 -7.0  188 16727 
22 099 2 45 0 3 10  52 0.520 3.412 712 49.0 -3.0  198 16925 
22 100 2 46 0 1 60  57 0.570 1.539 729 52.0 -5.0  194 17119 
22 101 2 47 0 1 60  70 0.700 1.204 778 60.0 -10.0  175 17294 
22 102 2 48 0 4  1  76 0.760 1.003 744 54.0 -22.0  79 17373 
22 103 2 49 0 2 30  37 0.370 0.803 766 58.0 21.0  90 17463 
22 104 2 50 0 1 60  74 0.740 1.371 818 66.0 -8.0  184 17647 
22 105 2 51 0 3 10  57 0.570 0.970 825 68.0 11.0  170 17817 
22 106 2 52 0 1 60  49 0.490 0.870 720 50.0 1.0  200 18017 
22 107 2 53 0 4  1  75 0.750 0.769 742 54.0 -21.0  90 18107 
22 108 2 54 0 1 60  57 0.570 1.405 750 55.0 -2.0  199 18306 
22 109 3 01 0 2 30  87 0.870 1.606 950 88.0 1.0  200 18506 
22 110 3 02 0 2 30  65 0.650 1.137 818 66.0 1.0  200 18706 
22 111 3 03 0 1 60  85 0.850 2.007 969 92.0 7.0  188 18894 
22 112 3 04 0 2 30  72 0.720 1.371 881 77.0 5.0  194 19088 
22 113 3 05 0 2 30  31 0.310 1.171 553 22.0 -9.0  180 19268 
22 114 3 06 0 4  1  68 0.680 1.238 702 47.0 -21.0  90 19358 
22 115 3 07 0 1 60  87 0.870 2.141 991 95.0 8.0  184 19542 
22 116 3 08 0 4  1  48 0.480 1.773 788 61.0 13.0  158 19700 
22 117 3 09 0 3 10  79 0.790 1.706 969 92.0 13.0  158 19858 
22 118 3 10 0 2 30  78 0.780 1.806 920 83.0 5.0  194 20052 
22 119 3 11 0 3 10  45 0.450 0.937 720 50.0 5.0  194 20246 
22 120 3 12 0 4  1  62 0.620 2.341 723 51.0 -11.0  170 20416 
22 121 3 13 0 2 30  91 0.910 1.171 945 88.0 -3.0  198 20614 
22 122 3 14 0 1 60  64 0.640 1.706 840 70.0 6.0  191 20805 
22 123 3 15 0 3 10  61 0.610 0.870 769 58.0 -3.0  198 21003 
22 124 3 16 0 1 60  49 0.490 0.301 720 50.0 1.0  200 21203 
22 125 3 17 0 3 10  69 0.690 1.104 734 52.0 -17.0  128 21331 
22 126 3 18 0 2 30  70 0.700 0.937 779 60.0 -10.0  175 21506 
22 127 3 19 0 3 10  66 0.660 2.308 789 62.0 -4.0  196 21702 
22 128 3 20 0 2 30  68 0.680 1.572 838 70.0 2.0  199 21901 
22 129 3 21 0 3 10  62 0.620 0.836 739 53.0 -9.0  180 22081 
22 130 3 22 0 2 30  94 0.940 1.003 968 91.0 -3.0  198 22279 
22 131 3 23 0 1 60  69 0.690 1.070 870 75.0 6.0  191 22470 
22 132 3 24 0 2 30  65 0.650 1.706 816 66.0 1.0  200 22670 
22 133 3 25 0 1 60  97 0.970 1.873 991 95.0 -2.0  199 22869 
22 134 3 26 0 2 30  89 0.890 1.973 943 87.0 -2.0  199 23068 
22 135 3 27 0 2 30  79 0.790 1.371 867 75.0 -4.0  196 23264 
22 136 3 28 0 1 60  66 0.660 0.569 720 50.0 -16.0  136 23400 
22 137 3 29 0 3 10  85 0.850 0.803 755 56.0 -29.0 -10 23390 
22 138 3 30 0 3 10  71 0.710 0.702 800 63.0 -8.0  184 23574 
22 139 3 31 0 4  1  60 0.600 0.803 766 58.0 -2.0  199 23773 
22 140 3 32 0 2 30  31 0.310 0.803 665 41.0 10.0  175 23948 
22 141 3 33 0 1 60  48 0.480 0.836 699 47.0 -1.0  200 24148 
22 142 3 34 0 2 30  64 0.640 0.368 720 50.0 -14.0  151 24299 
22 143 3 35 0 2 30  69 0.690 0.970 783 61.0 -8.0  184 24483 
22 144 3 36 0 2 30  82 0.820 1.238 815 66.0 -16.0  136 24619 
22 145 3 37 0 1 60  94 0.940 3.111 1000 97.0 3.0  198 24817 
22 146 3 38 0 4  1  76 0.760 1.104 840 70.0 -6.0  191 25008 
22 147 3 39 0 1 60  67 0.670 1.405 837 70.0 3.0  198 25206 
22 148 3 40 0 4  1  69 0.690 1.003 786 61.0 -8.0  184 25390 
22 149 3 41 0 1 60  82 0.820 1.606 893 79.0 -3.0  198 25588 
22 150 3 42 0 2 30  81 0.810 1.204 897 80.0 -1.0  200 25788 
22 151 3 43 0 4  1  53 0.530 0.970 769 58.0 5.0  194 25982 
22 152 3 44 0 1 60  44 0.440 0.468 720 50.0 6.0  191 26173 
22 153 3 45 0 2 30  41 0.410 1.505 692 45.0 4.0  196 26369 
22 154 3 46 0 4  1  76 0.760 1.305 712 49.0 -27.0  18 26387 
22 155 3 47 0 1 60  59 0.590 0.435 720 50.0 -9.0  180 26567 
22 156 3 48 0 2 30  39 0.390 0.836 683 44.0 5.0  194 26761 
22 157 3 49 0 3 10  63 0.630 0.569 720 50.0 -13.0  158 26919 
22 158 3 50 0 3 10  88 0.880 1.238 886 78.0 -10.0  175 27094 
22 159 3 51 0 4  1  51 0.510 1.338 764 57.0 6.0  191 27285 
22 160 3 52 0 3 10  74 0.740 1.171 766 58.0 -16.0  136 27421 
22 161 3 53 0 4  1  49 0.490 0.702 740 53.0 4.0  196 27617 
22 162 3 54 0 4  1  72 0.720 0.702 715 49.0 -23.0  68 27685 
22 163 4 01 0 1 60  63 0.630 1.773 785 61.0 -2.0  199 27884 
22 164 4 02 0 1 60  95 0.950 2.174 999 97.0 2.0  199 28083 
22 165 4 03 0 2 30  72 0.720 1.104 807 65.0 -7.0  188 28271 
22 166 4 04 0 2 30  73 0.730 1.037 841 70.0 -3.0  198 28469 
22 167 4 05 0 1 60  77 0.770 0.970 929 85.0 8.0  184 28653 
22 168 4 06 0 1 60  73 0.730 1.271 878 76.0 3.0  198 28851 
22 169 4 07 0 2 30  22 0.220 1.238 559 23.0 1.0  200 29051 
22 170 4 08 0 2 30  44 0.440 0.435 720 50.0 6.0  191 29242 
22 171 4 09 0 1 60  41 0.410 1.505 653 39.0 -2.0  199 29441 
22 172 4 10 0 4  1  83 0.830 2.308 726 51.0 -32.0 -56 29385 
22 173 4 11 0 2 30  67 0.670 2.141 824 67.0 0.0  200 29585 
22 174 4 12 0 1 60  73 0.730 1.137 852 72.0 -1.0  200 29785 
22 175 4 13 0 3 10  72 0.720 0.702 737 53.0 -19.0  110 29895 
22 176 4 14 0 3 10  62 0.620 0.736 760 57.0 -5.0  194 30089 
22 177 4 15 0 4  1  88 0.880 0.636 752 55.0 -33.0 -72 30017 
22 178 4 16 0 1 60  81 0.810 1.204 931 85.0 4.0  196 30213 
22 179 4 17 0 1 60  61 0.610 1.371 788 61.0 0.0  200 30413 
22 180 4 18 0 1 60  80 0.800 1.840 955 89.0 9.0  180 30593 
22 181 4 19 0 3 10  34 0.340 1.338 681 44.0 10.0  175 30768 
22 182 4 20 0 4  1  72 0.720 0.636 720 50.0 -22.0  79 30847 
22 183 4 21 0 3 10  72 0.720 1.204 732 52.0 -20.0  100 30947 
22 184 4 22 0 3 10  72 0.720 0.769 774 59.0 -13.0  158 31105 
22 185 4 23 0 2 30  64 0.640 1.305 766 58.0 -6.0  191 31296 
22 186 4 24 0 3 10  58 0.580 0.535 720 50.0 -8.0  184 31480 
22 187 4 25 0 3 10  72 0.720 1.271 758 56.0 -16.0  136 31616 
22 188 4 26 0 4  1  75 0.750 1.003 704 47.0 -28.0  4 31620 
22 189 4 27 0 2 30  42 0.420 1.405 731 52.0 10.0  175 31795 
22 190 4 28 0 2 30  51 0.510 1.438 753 56.0 5.0  194 31989 
22 191 4 29 0 2 30  66 0.660 0.836 758 56.0 -10.0  175 32164 
22 192 4 30 0 2 30  60 0.600 0.836 797 63.0 3.0  198 32362 
22 193 4 31 0 2 30  60 0.600 1.003 748 55.0 -5.0  194 32556 
22 194 4 32 0 1 60  49 0.490 1.003 732 52.0 3.0  198 32754 
22 195 4 33 0 3 10  65 0.650 0.602 720 50.0 -15.0  144 32898 
22 196 4 34 0 2 30  81 0.810 1.070 940 87.0 6.0  191 33089 
22 197 4 35 0 1 60  48 0.480 0.301 720 50.0 2.0  199 33288 
22 198 4 36 0 3 10  27 0.270 1.271 673 42.0 15.0  144 33432 
22 199 4 37 0 4  1  50 0.500 0.870 717 50.0 0.0  200 33632 
22 200 4 38 0 4  1  73 0.730 1.739 722 50.0 -23.0  68 33700 
22 201 4 39 0 1 60  49 0.490 1.204 714 49.0 0.0  200 33900 
22 202 4 40 0 1 60  52 0.520 1.070 720 50.0 -2.0  199 34099 
22 203 4 41 0 2 30  74 0.740 0.937 780 60.0 -14.0  151 34250 
22 204 4 42 0 4  1  50 0.500 0.368 720 50.0 0.0  200 34450 
22 205 4 43 0 4  1  65 0.650 0.970 719 50.0 -15.0  144 34594 
22 206 4 44 0 1 60  72 0.720 1.070 823 67.0 -5.0  194 34788 
22 207 4 45 0 1 60  57 0.570 1.539 789 62.0 5.0  194 34982 
22 208 4 46 0 4  1  54 0.540 0.468 720 50.0 -4.0  196 35178 
22 209 4 47 0 2 30  68 0.680 1.137 778 60.0 -8.0  184 35362 
22 210 4 48 0 4  1  49 0.490 1.037 720 50.0 1.0  200 35562 
22 211 4 49 0 1 60  45 0.450 0.468 720 50.0 5.0  194 35756 
22 212 4 50 0 4  1  68 0.680 0.903 716 49.0 -19.0  110 35866 
22 213 4 51 0 3 10  93 0.930 1.104 898 80.0 -13.0  158 36024 
22 214 4 52 0 3 10  84 0.840 1.003 947 88.0 4.0  196 36220 
22 215 4 53 0 3 10  73 0.730 1.238 861 74.0 1.0  200 36420 
22 216 4 54 0 3 10  94 0.940 1.238 951 89.0 -5.0  194 36614 
22 217 5 01 0 3 10  68 0.680 0.903 705 48.0 -20.0  100 36714 
22 218 5 02 0 4  1  69 0.690 1.171 766 58.0 -11.0  170 36884 
22 219 5 03 0 1 60  90 0.900 1.840 946 88.0 -2.0  199 37083 
22 220 5 04 0 2 30  57 0.570 0.803 774 59.0 2.0  199 37282 
22 221 5 05 0 1 60  71 0.710 1.070 867 75.0 4.0  196 37478 
22 222 5 06 0 1 60  81 0.810 1.539 889 78.0 -3.0  198 37676 
22 223 5 07 0 2 30  64 0.640 1.505 822 67.0 3.0  198 37874 
22 224 5 08 0 3 10  73 0.730 1.438 773 59.0 -14.0  151 38025 
22 225 5 09 0 3 10  96 0.960 1.305 988 95.0 -1.0  200 38225 
22 226 5 10 0 3 10  53 0.530 0.468 720 50.0 -3.0  198 38423 
22 227 5 11 0 1 60  75 0.750 0.769 775 59.0 -16.0  136 38559 
22 228 5 12 0 1 60  64 0.640 0.903 764 57.0 -7.0  188 38747 
22 229 5 13 0 2 30  88 0.880 1.438 949 88.0 0.0  200 38947 
22 230 5 14 0 1 60  56 0.560 0.870 779 60.0 4.0  196 39143 
22 231 5 15 0 3 10  48 0.480 0.468 720 50.0 2.0  199 39342 
22 232 5 16 0 3 10  59 0.590 0.569 720 50.0 -9.0  180 39522 
22 233 5 17 0 1 60  61 0.610 0.736 734 52.0 -9.0  180 39702 
22 234 5 18 0 1 60  64 0.640 0.836 748 55.0 -9.0  180 39882 
22 235 5 19 0 3 10  69 0.690 1.438 767 58.0 -11.0  170 40052 
22 236 5 20 0 1 60  90 0.900 1.137 930 85.0 -5.0  194 40246 
22 237 5 21 0 3 10  43 0.430 1.371 683 44.0 1.0  200 40446 
22 238 5 22 0 3 10  35 0.350 0.769 659 40.0 5.0  194 40640 
22 239 5 23 0 1 60  64 0.640 0.836 720 50.0 -14.0  151 40791 
22 240 5 24 0 4  1  49 0.490 0.970 715 49.0 0.0  200 40991 
22 241 5 25 0 2 30  51 0.510 0.803 726 51.0 0.0  200 41191 
22 242 5 26 0 1 60  87 0.870 1.672 933 86.0 -1.0  200 41391 
22 243 5 27 0 3 10  84 0.840 1.137 927 85.0 1.0  200 41591 
22 244 5 28 0 3 10  55 0.550 0.836 711 49.0 -6.0  191 41782 
22 245 5 29 0 2 30  81 0.810 0.937 877 76.0 -5.0  194 41976 
22 246 5 30 0 1 60  52 0.520 0.602 720 50.0 -2.0  199 42175 
22 247 5 31 0 3 10  73 0.730 0.636 763 57.0 -16.0  136 42311 
22 248 5 32 0 2 30  84 0.840 1.137 954 89.0 5.0  194 42505 
22 249 5 33 0 2 30  81 0.810 0.870 870 75.0 -6.0  191 42696 
22 250 5 34 0 2 30  53 0.530 0.636 793 62.0 9.0  180 42876 
22 251 5 35 0 3 10  87 0.870 0.803 784 61.0 -26.0  31 42907 
22 252 5 36 0 2 30  59 0.590 0.535 720 50.0 -9.0  180 43087 
22 253 5 37 0 1 60  48 0.480 0.301 720 50.0 2.0  199 43286 
22 254 5 38 0 2 30  89 0.890 0.836 892 79.0 -10.0  175 43461 
22 255 5 39 0 2 30  46 0.460 0.502 720 50.0 4.0  196 43657 
22 256 5 40 0 2 30  39 0.390 0.970 713 49.0 10.0  175 43832 
22 257 5 41 0 3 10  82 0.820 0.769 894 79.0 -3.0  198 44030 
22 258 5 42 0 3 10  55 0.550 0.669 720 50.0 -5.0  194 44224 
22 259 5 43 0 2 30  74 0.740 0.937 955 89.0 15.0  144 44368 
22 260 5 44 0 3 10  72 0.720 0.836 855 73.0 1.0  200 44568 
22 261 5 45 0 4  1  72 0.720 0.836 771 59.0 -13.0  158 44726 
22 262 5 46 0 1 60  88 0.880 1.037 971 92.0 4.0  196 44922 
22 263 5 47 0 4  1  63 0.630 0.669 720 50.0 -13.0  158 45080 
22 264 5 48 0 2 30  94 0.940 1.739 988 95.0 1.0  200 45280 
22 265 5 49 0 1 60  87 0.870 1.940 960 90.0 3.0  198 45478 
22 266 5 50 0 3 10  71 0.710 1.271 880 77.0 6.0  191 45669 
22 267 5 51 0 2 30  56 0.560 0.636 750 55.0 -1.0  200 45869 
22 268 5 52 0 2 30  39 0.390 0.669 705 48.0 9.0  180 46049 
22 269 5 53 0 3 10  34 0.340 0.769 640 37.0 3.0  198 46247 
22 270 5 54 0 1 60  80 0.800 1.572 859 73.0 -7.0  188 46435 
