15 001 1 01 0 1 60  31 0.310 3.583 590 28.0 -3.0  198 198 
15 002 1 02 0 2 30  65 0.650 2.540 814 66.0 1.0  200 398 
15 003 1 03 0 3 10  73 0.730 2.372 889 78.0 5.0  194 592 
15 004 1 04 0 3 10  68 0.680 2.221 858 73.0 5.0  194 786 
15 005 1 05 0 2 30  69 0.690 2.658 829 68.0 -1.0  200 986 
15 006 1 06 0 2 30  48 0.480 2.103 772 59.0 11.0  170 1156 
15 007 1 07 0 2 30  70 0.700 3.886 791 62.0 -8.0  184 1340 
15 008 1 08 0 2 30  59 0.590 2.187 798 63.0 4.0  196 1536 
15 009 1 09 0 2 30  64 0.640 2.506 846 71.0 7.0  188 1724 
15 010 1 10 0 3 10  81 0.810 3.482 930 85.0 4.0  196 1920 
15 011 1 11 0 3 10  62 0.620 2.506 879 77.0 15.0  144 2064 
15 012 1 12 0 2 30  71 0.710 3.297 911 82.0 11.0  170 2234 
15 013 1 13 0 2 30  72 0.720 2.136 884 77.0 5.0  194 2428 
15 014 1 14 0 2 30  56 0.560 2.103 800 63.0 7.0  188 2616 
15 015 1 15 0 1 60  65 0.650 3.953 829 68.0 3.0  198 2814 
15 016 1 16 0 1 60  70 0.700 2.288 808 65.0 -5.0  194 3008 
15 017 1 17 0 1 60  74 0.740 4.155 864 74.0 0.0  200 3208 
15 018 1 18 0 2 30  64 0.640 1.817 869 75.0 11.0  170 3378 
15 019 1 19 0 4  1  73 0.730 1.581 824 67.0 -6.0  191 3569 
15 020 1 20 0 1 60  36 0.360 1.834 619 33.0 -3.0  198 3767 
15 021 1 21 0 2 30  87 0.870 2.692 939 87.0 0.0  200 3967 
15 022 1 22 0 1 60  89 0.890 4.155 948 88.0 -1.0  200 4167 
15 023 1 23 0 2 30  24 0.240 2.776 558 23.0 -1.0  200 4367 
15 024 1 24 0 2 30  62 0.620 2.456 709 48.0 -14.0  151 4518 
15 025 1 25 0 4  1  53 0.530 2.607 712 49.0 -4.0  196 4714 
15 026 1 26 0 3 10  56 0.560 1.581 669 42.0 -14.0  151 4865 
15 027 1 27 0 2 30  64 0.640 0.824 746 54.0 -10.0  175 5040 
15 028 1 28 0 3 10  77 0.770 1.346 856 73.0 -4.0  196 5236 
15 029 1 29 0 2 30  52 0.520 1.749 744 54.0 2.0  199 5435 
15 030 1 30 0 2 30  69 0.690 1.295 811 65.0 -4.0  196 5631 
15 031 1 31 0 2 30  62 0.620 2.473 828 68.0 6.0  191 5822 
15 032 1 32 0 2 30  17 0.170 2.221 591 29.0 12.0  164 5986 
15 033 1 33 0 3 10  42 0.420 0.925 727 51.0 9.0  180 6166 
15 034 1 34 0 1 60  80 0.800 2.607 917 83.0 3.0  198 6364 
15 035 1 35 0 2 30  88 0.880 3.011 936 86.0 -2.0  199 6563 
15 036 1 36 0 1 60  92 0.920 3.734 954 89.0 -3.0  198 6761 
15 037 1 37 0 1 60  82 0.820 2.692 925 84.0 2.0  199 6960 
15 038 1 38 0 2 30  25 0.250 3.230 519 17.0 -8.0  184 7144 
15 039 1 39 0 1 60  58 0.580 3.903 855 73.0 15.0  144 7288 
15 040 1 40 0 1 60  64 0.640 1.632 788 61.0 -3.0  198 7486 
15 041 1 41 0 3 10  66 0.660 1.228 845 71.0 5.0  194 7680 
15 042 1 42 0 2 30  60 0.600 2.523 885 78.0 18.0  119 7799 
15 043 1 43 0 3 10  48 0.480 0.875 717 50.0 2.0  199 7998 
15 044 1 44 0 1 60  84 0.840 1.783 774 59.0 -25.0  44 8042 
15 045 1 45 0 1 60  91 0.910 3.734 969 92.0 1.0  200 8242 
15 046 1 46 0 4  1  36 0.360 1.110 719 50.0 14.0  151 8393 
15 047 1 47 0 2 30  62 0.620 2.776 749 55.0 -7.0  188 8581 
15 048 1 48 0 3 10  63 0.630 1.632 800 63.0 0.0  200 8781 
15 049 1 49 0 2 30  59 0.590 19.497 722 50.0 -9.0  180 8961 
15 050 1 50 0 2 30  76 0.760 1.935 896 79.0 3.0  198 9159 
15 051 1 51 0 3 10  41 0.410 37.967 708 48.0 7.0  188 9347 
15 052 1 52 0 3 10  31 0.310 1.480 638 36.0 5.0  194 9541 
15 053 1 53 0 1 60  45 0.450 2.692 739 53.0 8.0  184 9725 
15 054 1 54 0 3 10  53 0.530 1.077 747 55.0 2.0  199 9924 
15 055 2 01 0 3 10  89 0.890 1.127 801 64.0 -25.0  44 9968 
15 056 2 02 0 1 60  55 0.550 4.727 821 67.0 12.0  164 10132 
15 057 2 03 0 2 30  46 0.460 2.187 741 54.0 8.0  184 10316 
15 058 2 04 0 3 10  40 0.400 1.329 799 63.0 23.0  68 10384 
15 059 2 05 0 1 60  58 0.580 1.884 760 57.0 -1.0  200 10584 
15 060 2 06 0 4  1  70 0.700 0.572 720 50.0 -20.0  100 10684 
15 061 2 07 0 2 30  64 0.640 1.312 883 77.0 13.0  158 10842 
15 062 2 08 0 1 60  80 0.800 0.841 817 66.0 -14.0  151 10993 
15 063 2 09 0 3 10  76 0.760 1.077 809 65.0 -11.0  170 11163 
15 064 2 10 0 3 10  34 0.340 1.161 623 34.0 0.0  200 11363 
15 065 2 11 0 2 30  65 0.650 1.228 865 74.0 9.0  180 11543 
15 066 2 12 0 3 10  56 0.560 1.262 873 76.0 20.0  100 11643 
15 067 2 13 0 2 30  43 0.430 1.077 829 68.0 25.0  44 11687 
15 068 2 14 0 3 10  87 0.870 1.749 765 58.0 -29.0 -10 11677 
15 069 2 15 0 3 10  64 0.640 0.757 797 63.0 -1.0  200 11877 
15 070 2 16 0 1 60  46 0.460 0.336 720 50.0 4.0  196 12073 
15 071 2 17 0 2 30  32 0.320 1.430 661 40.0 8.0  184 12257 
15 072 2 18 0 4  1  64 0.640 0.353 720 50.0 -14.0  151 12408 
15 073 2 19 0 3 10  61 0.610 0.824 824 67.0 6.0  191 12599 
15 074 2 20 1 4  1  87 0.870 0.135 720 50.0 -37.0 -142 12457 
15 075 2 21 0 2 30  70 0.700 0.976 903 81.0 11.0  170 12627 
15 076 2 22 0 1 60  31 0.310 0.370 720 50.0 19.0  110 12737 
15 077 2 23 0 1 60  90 0.900 0.471 720 50.0 -40.0 -200 12537 
15 078 2 24 0 4  1  44 0.440 0.303 720 50.0 6.0  191 12728 
15 079 2 25 0 3 10  66 0.660 1.682 720 50.0 -16.0  136 12864 
15 080 2 26 0 3 10  56 0.560 2.591 719 50.0 -6.0  191 13055 
15 081 2 27 0 2 30  73 0.730 4.929 720 50.0 -23.0  68 13123 
15 082 2 28 0 2 30  65 0.650 0.622 720 50.0 -15.0  144 13267 
15 083 2 29 0 2 30  48 0.480 0.589 694 46.0 -2.0  199 13466 
15 084 2 30 0 3 10  67 0.670 0.622 795 63.0 -4.0  196 13662 
15 085 2 31 0 2 30  73 0.730 0.656 816 66.0 -7.0  188 13850 
15 086 2 32 0 1 60  68 0.680 0.824 843 71.0 3.0  198 14048 
15 087 2 33 0 2 30  73 0.730 0.942 787 61.0 -12.0  164 14212 
15 088 2 34 0 4  1  47 0.470 0.639 797 63.0 16.0  136 14348 
15 089 2 35 0 1 60  14 0.140 1.295 509 15.0 1.0  200 14548 
15 090 2 36 0 1 60  78 0.780 0.807 781 60.0 -18.0  119 14667 
15 091 2 37 0 2 30  50 0.500 0.858 844 71.0 21.0  90 14757 
15 092 2 38 0 2 30  63 0.630 0.521 744 54.0 -9.0  180 14937 
15 093 2 39 0 2 30  54 0.540 0.622 676 43.0 -11.0  170 15107 
15 094 2 40 0 3 10  41 0.410 0.252 720 50.0 9.0  180 15287 
15 095 2 41 0 1 60  73 0.730 0.454 720 50.0 -23.0  68 15355 
15 096 2 42 0 4  1  64 0.640 1.009 884 77.0 13.0  158 15513 
15 097 2 43 0 1 60  17 0.170 1.514 515 16.0 -1.0  200 15713 
15 098 2 44 0 2 30  51 0.510 1.009 815 66.0 15.0  144 15857 
15 099 2 45 0 1 60  77 0.770 0.286 720 50.0 -27.0  18 15875 
15 100 2 46 0 3 10  63 0.630 0.673 799 63.0 0.0  200 16075 
15 101 2 47 0 2 30  25 0.250 1.346 585 28.0 3.0  198 16273 
15 102 2 48 0 3 10  72 0.720 0.841 848 71.0 -1.0  200 16473 
15 103 2 49 0 1 60  54 0.540 0.841 625 34.0 -20.0  100 16573 
15 104 2 50 0 1 60  60 0.600 0.993 819 67.0 7.0  188 16761 
15 105 2 51 0 4  1  73 0.730 0.454 720 50.0 -23.0  68 16829 
15 106 2 52 0 3 10  76 0.760 0.908 918 83.0 7.0  188 17017 
15 107 2 53 0 4  1  42 0.420 1.581 622 34.0 -8.0  184 17201 
15 108 2 54 0 4  1  18 0.180 0.723 620 33.0 15.0  144 17345 
15 109 3 01 0 2 30  57 0.570 1.278 828 68.0 11.0  170 17515 
15 110 3 02 0 2 30  81 0.810 2.692 821 67.0 -14.0  151 17666 
15 111 3 03 0 1 60  77 0.770 0.757 836 69.0 -8.0  184 17850 
15 112 3 04 0 3 10  68 0.680 0.841 827 68.0 0.0  200 18050 
15 113 3 05 0 3 10  33 0.330 9.572 720 50.0 17.0  128 18178 
15 114 3 06 0 1 60  60 0.600 1.649 596 29.0 -31.0 -40 18138 
15 115 3 07 0 1 60  52 0.520 0.791 754 56.0 4.0  196 18334 
15 116 3 08 0 1 60  65 0.650 1.682 872 75.0 10.0  175 18509 
15 117 3 09 0 3 10  65 0.650 1.430 920 83.0 18.0  119 18628 
15 118 3 10 0 1 60  96 0.960 1.834 975 93.0 -3.0  198 18826 
15 119 3 11 0 3 10  68 0.680 1.043 829 68.0 0.0  200 19026 
15 120 3 12 0 1 60  59 0.590 0.858 820 67.0 8.0  184 19210 
15 121 3 13 0 4  1  61 0.610 1.043 715 49.0 -12.0  164 19374 
15 122 3 14 0 3 10  80 0.800 0.707 863 74.0 -6.0  191 19565 
15 123 3 15 0 2 30  78 0.780 0.858 818 66.0 -12.0  164 19729 
15 124 3 16 0 3 10  72 0.720 0.858 846 71.0 -1.0  200 19929 
15 125 3 17 0 2 30  64 0.640 0.976 842 70.0 6.0  191 20120 
15 126 3 18 0 2 30  59 0.590 0.791 854 72.0 13.0  158 20278 
15 127 3 19 0 1 60  61 0.610 0.807 811 65.0 4.0  196 20474 
15 128 3 20 0 2 30  67 0.670 0.858 834 69.0 2.0  199 20673 
15 129 3 21 0 2 30  18 0.180 1.447 537 20.0 2.0  199 20872 
15 130 3 22 0 3 10  72 0.720 1.447 915 83.0 11.0  170 21042 
15 131 3 23 0 4  1  64 0.640 0.320 720 50.0 -14.0  151 21193 
15 132 3 24 0 2 30  74 0.740 1.245 836 69.0 -5.0  194 21387 
15 133 3 25 0 4  1  76 0.760 0.353 720 50.0 -26.0  31 21418 
15 134 3 26 0 1 60  58 0.580 1.396 847 71.0 13.0  158 21576 
15 135 3 27 0 3 10  91 0.910 1.918 928 85.0 -6.0  191 21767 
15 136 3 28 0 1 60  60 0.600 3.920 799 63.0 3.0  198 21965 
15 137 3 29 0 2 30  46 0.460 0.807 836 69.0 23.0  68 22033 
15 138 3 30 0 4  1  65 0.650 0.336 720 50.0 -15.0  144 22177 
15 139 3 31 0 3 10  50 0.500 0.925 594 29.0 -21.0  90 22267 
15 140 3 32 0 3 10  32 0.320 0.992 628 35.0 3.0  198 22465 
15 141 3 33 0 2 30  58 0.580 0.723 686 44.0 -14.0  151 22616 
15 142 3 34 0 2 30  63 0.630 0.959 835 69.0 6.0  191 22807 
15 143 3 35 0 3 10  38 0.380 0.707 694 46.0 8.0  184 22991 
15 144 3 36 0 4  1  57 0.570 0.336 720 50.0 -7.0  188 23179 
15 145 3 37 0 1 60  58 0.580 0.976 773 59.0 1.0  200 23379 
15 146 3 38 0 2 30  61 0.610 1.009 765 58.0 -3.0  198 23577 
15 147 3 39 0 2 30  69 0.690 1.093 850 72.0 3.0  198 23775 
15 148 3 40 0 1 60  40 0.400 0.892 714 49.0 9.0  180 23955 
15 149 3 41 0 2 30  74 0.740 0.757 832 69.0 -5.0  194 24149 
15 150 3 42 0 2 30  82 0.820 1.783 935 86.0 4.0  196 24345 
15 151 3 43 0 3 10  74 0.740 1.682 919 83.0 9.0  180 24525 
15 152 3 44 0 3 10  42 0.420 0.387 720 50.0 8.0  184 24709 
15 153 3 45 0 3 10  44 0.440 0.791 641 37.0 -7.0  188 24897 
15 154 3 46 0 4  1  82 0.820 0.353 720 50.0 -32.0 -56 24841 
15 155 3 47 0 3 10  70 0.700 1.430 906 81.0 11.0  170 25011 
15 156 3 48 0 2 30  58 0.580 0.757 762 57.0 -1.0  200 25211 
15 157 3 49 0 2 30  43 0.430 1.211 819 67.0 24.0  56 25267 
15 158 3 50 0 1 60  85 0.850 2.574 933 86.0 1.0  200 25467 
15 159 3 51 0 1 60  80 0.800 2.271 909 82.0 2.0  199 25666 
15 160 3 52 0 1 60  68 0.680 2.961 868 75.0 7.0  188 25854 
15 161 3 53 0 4  1  76 0.760 0.219 720 50.0 -26.0  31 25885 
15 162 3 54 0 2 30  55 0.550 1.733 905 81.0 26.0  31 25916 
15 163 4 01 0 3 10  61 0.610 1.312 863 74.0 13.0  158 26074 
15 164 4 02 0 2 30  61 0.610 1.480 785 61.0 0.0  200 26274 
15 165 4 03 0 1 60  75 0.750 1.379 896 79.0 4.0  196 26470 
15 166 4 04 0 1 60  80 0.800 3.095 884 77.0 -3.0  198 26668 
15 167 4 05 0 4  1  80 0.800 0.353 720 50.0 -30.0 -25 26643 
15 168 4 06 0 1 60  64 0.640 1.901 835 69.0 5.0  194 26837 
15 169 4 07 0 1 60  76 0.760 1.783 813 66.0 -10.0  175 27012 
15 170 4 08 0 2 30  90 0.900 2.372 964 91.0 1.0  200 27212 
15 171 4 09 0 3 10  41 0.410 1.363 933 86.0 45.0 -306 26906 
15 172 4 10 0 3 10  58 0.580 1.363 768 58.0 0.0  200 27106 
15 173 4 11 0 3 10  61 0.610 1.060 856 73.0 12.0  164 27270 
15 174 4 12 1 1 60  47 0.470 0.050 720 50.0 3.0  198 27468 
15 175 4 13 0 1 60  42 0.420 1.060 690 45.0 3.0  198 27666 
15 176 4 14 0 4  1  50 0.500 0.219 720 50.0 0.0  200 27866 
15 177 4 15 0 3 10  80 0.800 1.379 855 73.0 -7.0  188 28054 
15 178 4 16 0 3 10  54 0.540 1.329 832 69.0 15.0  144 28198 
15 179 4 17 0 1 60  58 0.580 1.043 753 56.0 -2.0  199 28397 
15 180 4 18 0 2 30  65 0.650 1.093 821 67.0 2.0  199 28596 
15 181 4 19 0 1 60  46 0.460 0.286 720 50.0 4.0  196 28792 
15 182 4 20 0 2 30  65 0.650 0.925 775 59.0 -6.0  191 28983 
15 183 4 21 0 4  1  80 0.800 0.421 720 50.0 -30.0 -25 28958 
15 184 4 22 0 1 60  57 0.570 1.464 828 68.0 11.0  170 29128 
15 185 4 23 0 3 10  66 0.660 1.665 816 66.0 0.0  200 29328 
15 186 4 24 0 1 60  64 0.640 1.329 878 76.0 12.0  164 29492 
15 187 4 25 0 1 60  57 0.570 1.295 791 62.0 5.0  194 29686 
15 188 4 26 0 1 60  63 0.630 0.320 720 50.0 -13.0  158 29844 
15 189 4 27 0 4  1  73 0.730 0.236 720 50.0 -23.0  68 29912 
15 190 4 28 0 4  1  60 0.600 0.168 720 50.0 -10.0  175 30087 
15 191 4 29 0 3 10  64 0.640 1.178 893 79.0 15.0  144 30231 
15 192 4 30 0 4  1  43 0.430 0.454 720 50.0 7.0  188 30419 
15 193 4 31 0 2 30  65 0.650 1.026 859 73.0 8.0  184 30603 
15 194 4 32 0 4  1  56 0.560 0.252 720 50.0 -6.0  191 30794 
15 195 4 33 0 3 10  63 0.630 1.278 872 75.0 12.0  164 30958 
15 196 4 34 0 2 30  57 0.570 1.262 884 77.0 20.0  100 31058 
15 197 4 35 0 4  1  15 0.150 0.185 720 50.0 35.0 -106 30952 
15 198 4 36 0 3 10  19 0.190 1.514 527 18.0 -1.0  200 31152 
15 199 4 37 0 4  1  42 0.420 0.353 720 50.0 8.0  184 31336 
15 200 4 38 1 4  1  87 0.870 0.067 720 50.0 -37.0 -142 31194 
15 201 4 39 0 1 60  82 0.820 2.792 910 82.0 0.0  200 31394 
15 202 4 40 0 2 30  81 0.810 3.095 875 76.0 -5.0  194 31588 
15 203 4 41 0 3 10  65 0.650 2.540 826 68.0 3.0  198 31786 
15 204 4 42 0 1 60  58 0.580 1.026 761 57.0 -1.0  200 31986 
15 205 4 43 1 4  1  88 0.880 0.034 720 50.0 -38.0 -161 31825 
15 206 4 44 0 1 60  50 0.500 0.454 720 50.0 0.0  200 32025 
15 207 4 45 0 1 60  83 0.830 2.002 911 82.0 -1.0  200 32225 
15 208 4 46 0 3 10  43 0.430 0.875 754 56.0 13.0  158 32383 
15 209 4 47 0 1 60  73 0.730 1.800 905 81.0 8.0  184 32567 
15 210 4 48 0 3 10  40 0.400 0.807 668 41.0 1.0  200 32767 
15 211 4 49 0 2 30  39 0.390 1.749 808 65.0 26.0  31 32798 
15 212 4 50 0 1 60  63 0.630 1.447 807 65.0 2.0  199 32997 
15 213 4 51 0 2 30  77 0.770 2.389 893 79.0 2.0  199 33196 
15 214 4 52 0 1 60  44 0.440 0.387 720 50.0 6.0  191 33387 
15 215 4 53 0 3 10  63 0.630 0.875 784 61.0 -2.0  199 33586 
15 216 4 54 0 1 60  66 0.660 1.935 886 78.0 12.0  164 33750 
15 217 5 01 0 4  1  64 0.640 1.363 719 50.0 -14.0  151 33901 
15 218 5 02 0 2 30  67 0.670 1.161 830 68.0 1.0  200 34101 
15 219 5 03 0 3 10  57 0.570 0.791 758 56.0 -1.0  200 34301 
15 220 5 04 0 2 30  71 0.710 1.514 841 70.0 -1.0  200 34501 
15 221 5 05 0 1 60  79 0.790 2.776 867 75.0 -4.0  196 34697 
15 222 5 06 0 1 60  38 0.380 0.942 700 47.0 9.0  180 34877 
15 223 5 07 0 3 10  33 0.330 1.262 625 34.0 1.0  200 35077 
15 224 5 08 0 3 10  69 0.690 0.707 770 58.0 -11.0  170 35247 
15 225 5 09 0 2 30  96 0.960 2.658 990 95.0 -1.0  200 35447 
15 226 5 10 0 1 60  38 0.380 1.278 672 42.0 4.0  196 35643 
15 227 5 11 0 3 10  40 0.400 1.228 669 42.0 2.0  199 35842 
15 228 5 12 0 1 60  37 0.370 1.598 650 38.0 1.0  200 36042 
15 229 5 13 0 1 60  69 0.690 0.892 758 56.0 -13.0  158 36200 
15 230 5 14 0 2 30  50 0.500 0.336 720 50.0 0.0  200 36400 
15 231 5 15 0 3 10  61 0.610 1.262 813 66.0 5.0  194 36594 
15 232 5 16 0 2 30  44 0.440 1.430 680 43.0 -1.0  200 36794 
15 233 5 17 0 3 10  97 0.970 1.884 865 74.0 -23.0  68 36862 
15 234 5 18 0 2 30  71 0.710 3.869 886 78.0 7.0  188 37050 
15 235 5 19 0 3 10  67 0.670 1.497 867 75.0 8.0  184 37234 
15 236 5 20 0 1 60  46 0.460 0.353 720 50.0 4.0  196 37430 
15 237 5 21 0 2 30  69 0.690 2.153 898 80.0 11.0  170 37600 
15 238 5 22 0 1 60  75 0.750 2.406 885 78.0 3.0  198 37798 
15 239 5 23 0 1 60  42 0.420 0.336 720 50.0 8.0  184 37982 
15 240 5 24 0 1 60  73 0.730 1.834 888 78.0 5.0  194 38176 
15 241 5 25 0 2 30  56 0.560 1.766 774 59.0 3.0  198 38374 
15 242 5 26 0 1 60  84 0.840 2.086 916 83.0 -1.0  200 38574 
15 243 5 27 0 3 10  38 0.380 0.336 720 50.0 12.0  164 38738 
15 244 5 28 0 4  1  55 0.550 0.740 705 48.0 -7.0  188 38926 
15 245 5 29 0 4  1  86 0.860 0.303 720 50.0 -36.0 -124 38802 
15 246 5 30 0 3 10  64 0.640 1.464 884 77.0 13.0  158 38960 
15 247 5 31 0 1 60  70 0.700 2.170 879 77.0 7.0  188 39148 
15 248 5 32 0 3 10  72 0.720 1.161 792 62.0 -10.0  175 39323 
15 249 5 33 0 4  1  90 0.900 0.286 720 50.0 -40.0 -200 39123 
15 250 5 34 0 3 10  56 0.560 1.413 847 71.0 15.0  144 39267 
15 251 5 35 0 4  1  64 0.640 0.858 776 59.0 -5.0  194 39461 
15 252 5 36 0 3 10  57 0.570 1.161 796 63.0 6.0  191 39652 
15 253 5 37 0 2 30  54 0.540 0.908 780 60.0 6.0  191 39843 
15 254 5 38 0 2 30  67 0.670 0.892 792 62.0 -5.0  194 40037 
15 255 5 39 0 3 10  55 0.550 0.942 771 59.0 4.0  196 40233 
15 256 5 40 0 3 10  74 0.740 1.026 847 71.0 -3.0  198 40431 
15 257 5 41 0 1 60  51 0.510 0.959 742 54.0 3.0  198 40629 
15 258 5 42 0 4  1  70 0.700 0.992 777 60.0 -10.0  175 40804 
15 259 5 43 0 3 10  77 0.770 2.338 889 78.0 1.0  200 41004 
15 260 5 44 0 1 60  81 0.810 2.120 871 75.0 -6.0  191 41195 
15 261 5 45 0 3 10  88 0.880 2.052 948 88.0 0.0  200 41395 
15 262 5 46 0 3 10  71 0.710 1.026 840 70.0 -1.0  200 41595 
15 263 5 47 0 1 60  86 0.860 2.607 941 87.0 1.0  200 41795 
15 264 5 48 0 3 10  79 0.790 1.194 891 79.0 0.0  200 41995 
15 265 5 49 0 2 30  70 0.700 2.439 882 77.0 7.0  188 42183 
15 266 5 50 0 1 60  42 0.420 0.892 702 47.0 5.0  194 42377 
15 267 5 51 0 3 10  84 0.840 1.480 873 76.0 -8.0  184 42561 
15 268 5 52 0 3 10  70 0.700 1.716 896 79.0 9.0  180 42741 
15 269 5 53 0 3 10  77 0.770 1.413 810 65.0 -12.0  164 42905 
15 270 5 54 0 1 60  43 0.430 1.800 658 40.0 -3.0  198 43103 
