06 001 1 01 0 2 30  75 0.750 1.522 852 72.0 -3.0  198 198 
06 002 1 02 0 2 30  78 0.780 1.990 790 62.0 -16.0  136 334 
06 003 1 03 0 3 10  88 0.880 3.445 782 60.0 -28.0  4 338 
06 004 1 04 0 3 10  57 0.570 1.020 787 61.0 4.0  196 534 
06 005 1 05 0 4  1  85 0.850 2.542 848 71.0 -14.0  151 685 
06 006 1 06 0 1 60  96 0.960 1.890 925 84.0 -12.0  164 849 
06 007 1 07 0 3 10  72 0.720 1.973 837 70.0 -2.0  199 1048 
06 008 1 08 0 2 30  42 0.420 1.488 618 33.0 -9.0  180 1228 
06 009 1 09 0 1 60  78 0.780 2.392 839 70.0 -8.0  184 1412 
06 010 1 10 0 1 60  71 0.710 2.275 918 83.0 12.0  164 1576 
06 011 1 11 0 3 10  45 0.450 1.572 635 36.0 -9.0  180 1756 
06 012 1 12 0 3 10  65 0.650 1.388 740 53.0 -12.0  164 1920 
06 013 1 13 0 2 30  41 0.410 1.572 590 28.0 -13.0  158 2078 
06 014 1 14 0 4  1  63 0.630 1.923 631 35.0 -28.0  4 2082 
06 015 1 15 0 2 30  56 0.560 1.137 645 38.0 -18.0  119 2201 
06 016 1 16 0 1 60  62 0.620 1.121 787 61.0 -1.0  200 2401 
06 017 1 17 0 2 30  70 0.700 1.957 847 71.0 1.0  200 2601 
06 018 1 18 0 3 10  41 0.410 1.723 796 63.0 22.0  79 2680 
06 019 1 19 0 1 60  58 0.580 1.990 840 70.0 12.0  164 2844 
06 020 1 20 0 1 60  53 0.530 1.656 791 62.0 9.0  180 3024 
06 021 1 21 0 2 30  65 0.650 1.539 669 42.0 -23.0  68 3092 
06 022 1 22 0 4  1  78 0.780 1.940 738 53.0 -25.0  44 3136 
06 023 1 23 0 1 60  79 0.790 1.455 805 64.0 -15.0  144 3280 
06 024 1 24 0 2 30  65 0.650 1.890 805 64.0 -1.0  200 3480 
06 025 1 25 0 3 10  74 0.740 1.254 803 64.0 -10.0  175 3655 
06 026 1 26 0 1 60  67 0.670 2.241 882 77.0 10.0  175 3830 
06 027 1 27 0 4  1  55 0.550 2.509 650 38.0 -17.0  128 3958 
06 028 1 28 0 3 10  50 0.500 1.204 783 61.0 11.0  170 4128 
06 029 1 29 0 2 30  47 0.470 1.003 673 42.0 -5.0  194 4322 
06 030 1 30 0 3 10  56 0.560 1.070 797 63.0 7.0  188 4510 
06 031 1 31 0 2 30  62 0.620 1.355 797 63.0 1.0  200 4710 
06 032 1 32 0 1 60  54 0.540 1.371 777 60.0 6.0  191 4901 
06 033 1 33 0 3 10  87 0.870 1.371 777 60.0 -27.0  18 4919 
06 034 1 34 0 4  1  87 0.870 1.187 816 66.0 -21.0  90 5009 
06 035 1 35 0 2 30  38 0.380 1.154 864 74.0 36.0 -124 4885 
06 036 1 36 0 3 10  59 0.590 1.137 759 57.0 -2.0  199 5084 
06 037 1 37 0 4  1  86 0.860 1.305 804 64.0 -22.0  79 5163 
06 038 1 38 0 3 10  68 0.680 1.054 814 66.0 -2.0  199 5362 
06 039 1 39 0 3 10  38 0.380 1.070 825 68.0 30.0 -25 5337 
06 040 1 40 0 3 10  70 0.700 2.224 710 48.0 -22.0  79 5416 
06 041 1 41 0 3 10  40 0.400 1.890 845 71.0 31.0 -40 5376 
06 042 1 42 0 1 60  48 0.480 0.987 783 61.0 13.0  158 5534 
06 043 1 43 0 2 30  78 0.780 0.937 833 69.0 -9.0  180 5714 
06 044 1 44 0 1 60  57 0.570 1.622 827 68.0 11.0  170 5884 
06 045 1 45 0 3 10  55 0.550 1.539 824 67.0 12.0  164 6048 
06 046 1 46 0 4  1  51 0.510 0.987 851 72.0 21.0  90 6138 
06 047 1 47 0 2 30  66 0.660 1.455 767 58.0 -8.0  184 6322 
06 048 1 48 0 1 60  51 0.510 3.445 781 60.0 9.0  180 6502 
06 049 1 49 0 2 30  51 0.510 1.288 688 45.0 -6.0  191 6693 
06 050 1 50 0 1 60  78 0.780 2.191 873 76.0 -2.0  199 6892 
06 051 1 51 0 4  1  98 0.980 2.157 789 62.0 -36.0 -124 6768 
06 052 1 52 0 2 30  49 0.490 1.723 871 75.0 26.0  31 6799 
06 053 1 53 0 2 30  41 0.410 1.305 795 63.0 22.0  79 6878 
06 054 1 54 0 4  1  75 0.750 1.639 788 61.0 -14.0  151 7029 
06 055 2 01 0 4  1  73 0.730 1.070 693 46.0 -27.0  18 7047 
06 056 2 02 0 1 60  84 0.840 0.853 804 64.0 -20.0  100 7147 
06 057 2 03 0 2 30  39 0.390 1.288 622 34.0 -5.0  194 7341 
06 058 2 04 0 3 10  57 0.570 1.288 608 31.0 -26.0  31 7372 
06 059 2 05 0 2 30  68 0.680 1.204 822 67.0 -1.0  200 7572 
06 060 2 06 0 2 30  36 0.360 1.723 610 32.0 -4.0  196 7768 
06 061 2 07 0 4  1  44 0.440 2.509 786 61.0 17.0  128 7896 
06 062 2 08 0 1 60  69 0.690 4.064 929 85.0 16.0  136 8032 
06 063 2 09 0 2 30  83 0.830 1.254 802 64.0 -19.0  110 8142 
06 064 2 10 0 4  1  68 0.680 1.288 883 77.0 9.0  180 8322 
06 065 2 11 0 1 60  77 0.770 1.873 919 83.0 6.0  191 8513 
06 066 2 12 0 3 10  99 0.990 1.187 893 79.0 -20.0  100 8613 
06 067 2 13 0 2 30  72 0.720 1.204 686 44.0 -28.0  4 8617 
06 068 2 14 0 1 60  82 0.820 0.870 846 71.0 -11.0  170 8787 
06 069 2 15 0 1 60  94 0.940 2.325 964 91.0 -3.0  198 8985 
06 070 2 16 0 1 60  70 0.700 2.375 933 86.0 16.0  136 9121 
06 071 2 17 0 1 60  86 0.860 1.505 953 89.0 3.0  198 9319 
06 072 2 18 0 3 10  55 0.550 1.388 828 68.0 13.0  158 9477 
06 073 2 19 0 1 60  72 0.720 1.923 868 75.0 3.0  198 9675 
06 074 2 20 0 4  1  60 0.600 2.977 704 47.0 -13.0  158 9833 
06 075 2 21 0 3 10  57 0.570 0.903 766 58.0 1.0  200 10033 
06 076 2 22 0 1 60  55 0.550 3.178 810 65.0 10.0  175 10208 
06 077 2 23 0 4  1  63 0.630 1.840 831 69.0 6.0  191 10399 
06 078 2 24 0 2 30  58 0.580 1.238 862 74.0 16.0  136 10535 
06 079 2 25 0 1 60  57 0.570 1.488 817 66.0 9.0  180 10715 
06 080 2 26 0 3 10  55 0.550 0.886 796 63.0 8.0  184 10899 
06 081 2 27 0 4  1  66 0.660 1.037 785 61.0 -5.0  194 11093 
06 082 2 28 0 4  1  75 0.750 1.321 805 64.0 -11.0  170 11263 
06 083 2 29 0 2 30  73 0.730 1.087 893 79.0 6.0  191 11454 
06 084 2 30 0 4  1  89 0.890 1.221 852 72.0 -17.0  128 11582 
06 085 2 31 0 1 60  62 0.620 1.355 865 74.0 12.0  164 11746 
06 086 2 32 0 2 30  43 0.430 1.204 596 29.0 -14.0  151 11897 
06 087 2 33 0 2 30  71 0.710 3.395 959 90.0 19.0  110 12007 
06 088 2 34 0 1 60  68 0.680 3.730 928 85.0 17.0  128 12135 
06 089 2 35 0 1 60  73 0.730 1.806 934 86.0 13.0  158 12293 
06 090 2 36 0 3 10  56 0.560 1.271 818 66.0 10.0  175 12468 
06 091 2 37 0 1 60  60 0.600 1.121 817 66.0 6.0  191 12659 
06 092 2 38 0 1 60  61 0.610 0.953 829 68.0 7.0  188 12847 
06 093 2 39 0 2 30  52 0.520 1.137 792 62.0 10.0  175 13022 
06 094 2 40 0 1 60  40 0.400 1.204 827 68.0 28.0  4 13026 
06 095 2 41 0 1 60  60 0.600 0.786 776 59.0 -1.0  200 13226 
06 096 2 42 0 2 30  58 0.580 1.037 805 64.0 6.0  191 13417 
06 097 2 43 0 2 30  56 0.560 1.104 725 51.0 -5.0  194 13611 
06 098 2 44 0 1 60  96 0.960 2.910 969 92.0 -4.0  196 13807 
06 099 2 45 0 3 10  66 0.660 1.070 863 74.0 8.0  184 13991 
06 100 2 46 0 1 60  58 0.580 1.271 798 63.0 5.0  194 14185 
06 101 2 47 0 4  1  32 0.320 1.672 817 66.0 34.0 -89 14096 
06 102 2 48 0 2 30  39 0.390 2.040 571 25.0 -14.0  151 14247 
06 103 2 49 0 2 30  49 0.490 1.923 799 63.0 14.0  151 14398 
06 104 2 50 0 2 30  45 0.450 0.853 851 72.0 27.0  18 14416 
06 105 2 51 0 1 60  73 0.730 1.706 917 83.0 10.0  175 14591 
06 106 2 52 0 3 10  73 0.730 1.020 854 72.0 -1.0  200 14791 
06 107 2 53 0 3 10  55 0.550 3.077 839 70.0 15.0  144 14935 
06 108 2 54 0 1 60  94 0.940 1.739 934 86.0 -8.0  184 15119 
06 109 3 01 0 3 10  59 0.590 0.903 789 62.0 3.0  198 15317 
06 110 3 02 0 3 10  67 0.670 0.886 807 65.0 -2.0  199 15516 
06 111 3 03 0 3 10  83 0.830 0.820 827 68.0 -15.0  144 15660 
06 112 3 04 0 2 30  53 0.530 2.559 753 56.0 3.0  198 15858 
06 113 3 05 0 2 30  81 0.810 1.472 807 65.0 -16.0  136 15994 
06 114 3 06 0 3 10  46 0.460 0.903 885 78.0 32.0 -56 15938 
06 115 3 07 0 2 30  41 0.410 1.137 623 34.0 -7.0  188 16126 
06 116 3 08 0 2 30  50 0.500 1.338 662 40.0 -10.0  175 16301 
06 117 3 09 0 3 10  66 0.660 1.087 884 77.0 11.0  170 16471 
06 118 3 10 0 2 30  67 0.670 1.522 909 82.0 15.0  144 16615 
06 119 3 11 0 2 30  43 0.430 1.856 768 58.0 15.0  144 16759 
06 120 3 12 0 2 30  61 0.610 1.204 878 76.0 15.0  144 16903 
06 121 3 13 0 2 30  38 0.380 0.903 655 39.0 1.0  200 17103 
06 122 3 14 0 2 30  61 0.610 1.054 771 59.0 -2.0  199 17302 
06 123 3 15 0 3 10  76 0.760 1.154 815 66.0 -10.0  175 17477 
06 124 3 16 0 2 30  62 0.620 1.856 885 78.0 16.0  136 17613 
06 125 3 17 0 4  1  70 0.700 1.087 683 44.0 -26.0  31 17644 
06 126 3 18 0 2 30  63 0.630 0.719 769 58.0 -5.0  194 17838 
06 127 3 19 0 2 30  54 0.540 0.903 700 47.0 -7.0  188 18026 
06 128 3 20 0 1 60  34 0.340 0.987 637 36.0 2.0  199 18225 
06 129 3 21 0 2 30  29 0.290 1.121 628 35.0 6.0  191 18416 
06 130 3 22 0 4  1  97 0.970 1.003 644 37.0 -60.0 -700 17716 
06 131 3 23 0 3 10  69 0.690 1.121 817 66.0 -3.0  198 17914 
06 132 3 24 0 1 60  75 0.750 2.542 960 90.0 15.0  144 18058 
06 133 3 25 0 2 30  53 0.530 0.853 799 63.0 10.0  175 18233 
06 134 3 26 0 1 60  31 0.310 1.121 632 35.0 4.0  196 18429 
06 135 3 27 0 1 60  59 0.590 1.923 868 75.0 16.0  136 18565 
06 136 3 28 0 2 30  82 0.820 1.171 921 84.0 2.0  199 18764 
06 137 3 29 0 3 10  84 0.840 0.937 868 75.0 -9.0  180 18944 
06 138 3 30 0 3 10  69 0.690 0.953 850 72.0 3.0  198 19142 
06 139 3 31 0 2 30  73 0.730 1.020 875 76.0 3.0  198 19340 
06 140 3 32 0 1 60  97 0.970 2.693 964 91.0 -6.0  191 19531 
06 141 3 33 0 2 30  61 0.610 1.773 851 72.0 11.0  170 19701 
06 142 3 34 0 3 10  29 0.290 1.422 754 56.0 27.0  18 19719 
06 143 3 35 0 1 60  82 0.820 1.706 972 92.0 10.0  175 19894 
06 144 3 36 0 2 30  58 0.580 0.953 861 74.0 16.0  136 20030 
06 145 3 37 0 3 10  90 0.900 0.786 847 71.0 -19.0  110 20140 
06 146 3 38 0 3 10  78 0.780 0.719 846 71.0 -7.0  188 20328 
06 147 3 39 0 3 10  72 0.720 1.355 784 61.0 -11.0  170 20498 
06 148 3 40 0 1 60  46 0.460 1.087 619 33.0 -13.0  158 20656 
06 149 3 41 0 4  1  83 0.830 1.957 766 58.0 -25.0  44 20700 
06 150 3 42 0 4  1  36 0.360 0.937 866 74.0 38.0 -161 20539 
06 151 3 43 0 2 30  59 0.590 0.937 742 54.0 -5.0  194 20733 
06 152 3 44 0 1 60  55 0.550 0.937 674 42.0 -13.0  158 20891 
06 153 3 45 0 1 60  65 0.650 1.070 856 73.0 8.0  184 21075 
06 154 3 46 0 3 10  42 0.420 0.836 802 64.0 22.0  79 21154 
06 155 3 47 0 4  1  82 0.820 0.686 717 50.0 -32.0 -56 21098 
06 156 3 48 0 3 10  94 0.940 0.886 934 86.0 -8.0  184 21282 
06 157 3 49 0 2 30  79 0.790 1.656 937 86.0 7.0  188 21470 
06 158 3 50 0 1 60  50 0.500 0.769 829 68.0 18.0  119 21589 
06 159 3 51 0 3 10  72 0.720 0.903 860 73.0 1.0  200 21789 
06 160 3 52 0 4  1  29 0.290 1.154 777 60.0 31.0 -40 21749 
06 161 3 53 0 1 60  33 0.330 1.221 578 26.0 -7.0  188 21937 
06 162 3 54 0 3 10  59 0.590 1.003 692 45.0 -14.0  151 22088 
06 163 4 01 0 4  1  67 0.670 1.154 760 57.0 -10.0  175 22263 
06 164 4 02 0 3 10  39 0.390 0.719 782 60.0 21.0  90 22353 
06 165 4 03 0 3 10  75 0.750 0.769 780 60.0 -15.0  144 22497 
06 166 4 04 0 1 60  62 0.620 0.987 874 76.0 14.0  151 22648 
06 167 4 05 0 1 60  40 0.400 0.819 652 39.0 -1.0  200 22848 
06 168 4 06 0 3 10  63 0.630 0.702 808 65.0 2.0  199 23047 
06 169 4 07 0 3 10  45 0.450 1.756 734 52.0 7.0  188 23235 
06 170 4 08 0 1 60  71 0.710 1.288 926 84.0 13.0  158 23393 
06 171 4 09 0 1 60  56 0.560 0.769 774 59.0 3.0  198 23591 
06 172 4 10 0 4  1  32 0.320 0.870 801 64.0 32.0 -56 23535 
06 173 4 11 0 3 10  51 0.510 0.669 762 57.0 6.0  191 23726 
06 174 4 12 0 1 60  62 0.620 1.388 927 85.0 23.0  68 23794 
06 175 4 13 0 1 60  40 0.400 0.769 685 44.0 4.0  196 23990 
06 176 4 14 0 4  1  70 0.700 0.836 702 47.0 -23.0  68 24058 
06 177 4 15 0 1 60  70 0.700 1.505 962 90.0 20.0  100 24158 
06 178 4 16 0 1 60  34 0.340 1.121 570 25.0 -9.0  180 24338 
06 179 4 17 0 3 10  73 0.730 1.856 917 83.0 10.0  175 24513 
06 180 4 18 0 1 60  72 0.720 1.572 904 81.0 9.0  180 24693 
06 181 4 19 0 2 30  89 0.890 1.672 977 93.0 4.0  196 24889 
06 182 4 20 0 2 30  53 0.530 0.853 655 39.0 -14.0  151 25040 
06 183 4 21 0 1 60  74 0.740 1.622 910 82.0 8.0  184 25224 
06 184 4 22 0 3 10  90 0.900 1.288 921 84.0 -6.0  191 25415 
06 185 4 23 0 2 30  37 0.370 0.903 643 37.0 0.0  200 25615 
06 186 4 24 0 3 10  62 0.620 0.870 793 62.0 0.0  200 25815 
06 187 4 25 0 2 30  75 0.750 1.037 916 83.0 8.0  184 25999 
06 188 4 26 0 2 30  23 0.230 1.371 550 22.0 -1.0  200 26199 
06 189 4 27 0 2 30  89 0.890 1.355 983 94.0 5.0  194 26393 
06 190 4 28 0 3 10  61 0.610 1.137 660 40.0 -21.0  90 26483 
06 191 4 29 0 2 30  58 0.580 0.853 814 66.0 8.0  184 26667 
06 192 4 30 0 2 30  72 0.720 0.853 885 78.0 6.0  191 26858 
06 193 4 31 0 1 60  83 0.830 1.405 884 77.0 -6.0  191 27049 
06 194 4 32 0 4  1  84 0.840 1.054 805 64.0 -20.0  100 27149 
06 195 4 33 0 3 10  68 0.680 0.753 825 68.0 0.0  200 27349 
06 196 4 34 0 3 10  73 0.730 0.937 784 61.0 -12.0  164 27513 
06 197 4 35 0 4  1  27 0.270 0.870 808 65.0 38.0 -161 27352 
06 198 4 36 0 3 10  46 0.460 0.585 704 47.0 1.0  200 27552 
06 199 4 37 0 1 60  77 0.770 1.221 870 75.0 -2.0  199 27751 
06 200 4 38 0 3 10  33 0.330 0.953 720 50.0 17.0  128 27879 
06 201 4 39 0 3 10  77 0.770 0.719 770 58.0 -19.0  110 27989 
06 202 4 40 0 3 10  50 0.500 1.371 777 60.0 10.0  175 28164 
06 203 4 41 0 1 60  56 0.560 0.803 771 59.0 3.0  198 28362 
06 204 4 42 0 3 10  74 0.740 0.686 771 59.0 -15.0  144 28506 
06 205 4 43 0 4  1  53 0.530 0.669 721 50.0 -3.0  198 28704 
06 206 4 44 0 2 30  82 0.820 1.555 950 88.0 6.0  191 28895 
06 207 4 45 0 1 60  67 0.670 0.987 890 78.0 11.0  170 29065 
06 208 4 46 0 2 30  63 0.630 1.371 933 86.0 23.0  68 29133 
06 209 4 47 0 2 30  30 0.300 0.736 668 41.0 11.0  170 29303 
06 210 4 48 0 2 30  55 0.550 0.769 847 71.0 16.0  136 29439 
06 211 4 49 0 1 60  74 0.740 1.104 888 78.0 4.0  196 29635 
06 212 4 50 0 2 30  46 0.460 0.853 770 58.0 12.0  164 29799 
06 213 4 51 0 3 10  49 0.490 0.602 767 58.0 9.0  180 29979 
06 214 4 52 0 1 60  49 0.490 0.953 675 43.0 -6.0  191 30170 
06 215 4 53 0 1 60  60 0.600 0.786 802 64.0 4.0  196 30366 
06 216 4 54 0 1 60  69 0.690 1.087 807 65.0 -4.0  196 30562 
06 217 5 01 0 3 10  66 0.660 0.786 751 55.0 -11.0  170 30732 
06 218 5 02 0 2 30  93 0.930 1.405 969 92.0 -1.0  200 30932 
06 219 5 03 0 2 30  80 0.800 1.756 972 92.0 12.0  164 31096 
06 220 5 04 0 3 10  81 0.810 0.970 955 89.0 8.0  184 31280 
06 221 5 05 0 4  1  84 0.840 2.074 762 57.0 -27.0  18 31298 
06 222 5 06 0 2 30  48 0.480 0.719 798 63.0 15.0  144 31442 
06 223 5 07 0 2 30  71 0.710 0.870 917 83.0 12.0  164 31606 
06 224 5 08 0 2 30  70 0.700 1.254 936 86.0 16.0  136 31742 
06 225 5 09 0 3 10  70 0.700 1.003 957 90.0 20.0  100 31842 
06 226 5 10 0 1 60  52 0.520 0.953 844 71.0 19.0  110 31952 
06 227 5 11 0 3 10  77 0.770 0.702 739 53.0 -24.0  56 32008 
06 228 5 12 0 3 10  47 0.470 0.836 825 68.0 21.0  90 32098 
06 229 5 13 0 1 60  53 0.530 0.686 702 47.0 -6.0  191 32289 
06 230 5 14 0 1 60  47 0.470 0.953 707 48.0 1.0  200 32489 
06 231 5 15 0 3 10  67 0.670 0.803 799 63.0 -4.0  196 32685 
06 232 5 16 0 3 10  58 0.580 0.786 729 52.0 -6.0  191 32876 
06 233 5 17 0 2 30  41 0.410 0.970 687 45.0 4.0  196 33072 
06 234 5 18 0 1 60  79 0.790 1.455 958 90.0 11.0  170 33242 
06 235 5 19 0 4  1  87 0.870 1.505 702 47.0 -40.0 -200 33042 
06 236 5 20 0 3 10  81 0.810 0.719 783 61.0 -20.0  100 33142 
06 237 5 21 0 4  1  85 0.850 0.987 793 62.0 -23.0  68 33210 
06 238 5 22 0 2 30  40 0.400 1.238 770 58.0 18.0  119 33329 
06 239 5 23 0 1 60  30 0.300 0.870 625 34.0 4.0  196 33525 
06 240 5 24 0 2 30  85 0.850 1.037 912 82.0 -3.0  198 33723 
06 241 5 25 0 2 30  68 0.680 1.104 885 78.0 10.0  175 33898 
06 242 5 26 0 1 60  74 0.740 1.689 928 85.0 11.0  170 34068 
06 243 5 27 0 3 10  63 0.630 0.886 849 72.0 9.0  180 34248 
06 244 5 28 0 2 30  43 0.430 1.003 686 44.0 1.0  200 34448 
06 245 5 29 0 3 10  53 0.530 0.686 759 57.0 4.0  196 34644 
06 246 5 30 0 1 60  59 0.590 0.870 884 77.0 18.0  119 34763 
06 247 5 31 0 1 60  68 0.680 1.003 951 89.0 21.0  90 34853 
06 248 5 32 0 2 30  62 0.620 0.937 860 73.0 11.0  170 35023 
06 249 5 33 0 3 10  87 0.870 1.020 821 67.0 -20.0  100 35123 
06 250 5 34 0 1 60  75 0.750 0.819 880 77.0 2.0  199 35322 
06 251 5 35 0 4  1  91 0.910 1.555 763 57.0 -34.0 -89 35233 
06 252 5 36 0 1 60  41 0.410 1.003 795 63.0 22.0  79 35312 
06 253 5 37 0 4  1  68 0.680 0.552 720 50.0 -18.0  119 35431 
06 254 5 38 0 4  1  47 0.470 0.619 763 57.0 10.0  175 35606 
06 255 5 39 0 3 10  39 0.390 0.769 674 42.0 3.0  198 35804 
06 256 5 40 0 2 30  63 0.630 1.254 891 79.0 16.0  136 35940 
06 257 5 41 0 3 10  67 0.670 0.920 685 44.0 -23.0  68 36008 
06 258 5 42 0 3 10  54 0.540 0.803 770 58.0 4.0  196 36204 
06 259 5 43 0 2 30  55 0.550 0.819 834 69.0 14.0  151 36355 
06 260 5 44 0 1 60  63 0.630 0.769 845 71.0 8.0  184 36539 
06 261 5 45 0 1 60  64 0.640 0.769 821 67.0 3.0  198 36737 
06 262 5 46 0 3 10  76 0.760 0.702 820 67.0 -9.0  180 36917 
06 263 5 47 0 3 10  41 0.410 1.723 779 60.0 19.0  110 37027 
06 264 5 48 0 1 60  88 0.880 1.639 943 87.0 -1.0  200 37227 
06 265 5 49 0 3 10  56 0.560 0.736 775 59.0 3.0  198 37425 
06 266 5 50 0 1 60  71 0.710 0.686 803 64.0 -7.0  188 37613 
06 267 5 51 0 3 10  70 0.700 0.819 874 76.0 6.0  191 37804 
06 268 5 52 0 3 10  44 0.440 0.987 840 70.0 26.0  31 37835 
06 269 5 53 0 2 30  31 0.310 0.636 679 43.0 12.0  164 37999 
06 270 5 54 0 1 60  34 0.340 1.505 583 27.0 -7.0  188 38187 
