21 001 1 01 0 2 30  88 0.880 3.713 960 90.0 2.0  199 199 
21 002 1 02 0 1 60  29 0.290 6.573 778 60.0 31.0 -40 159 
21 003 1 03 0 3 10  57 0.570 2.258 722 50.0 -7.0  188 347 
21 004 1 04 0 1 60  79 0.790 2.291 940 87.0 8.0  184 531 
21 005 1 05 0 3 10  74 0.740 1.539 875 76.0 2.0  199 730 
21 006 1 06 0 4  1  65 0.650 4.332 826 68.0 3.0  198 928 
21 007 1 07 0 3 10  73 0.730 3.311 924 84.0 11.0  170 1098 
21 008 1 08 0 4  1  70 0.700 2.693 846 71.0 1.0  200 1298 
21 009 1 09 0 2 30  83 0.830 2.877 960 90.0 7.0  188 1486 
21 010 1 10 0 2 30  65 0.650 3.796 946 88.0 23.0  68 1554 
21 011 1 11 0 2 30  79 0.790 4.415 951 89.0 10.0  175 1729 
21 012 1 12 0 3 10  70 0.700 1.923 930 85.0 15.0  144 1873 
21 013 1 13 0 2 30  84 0.840 2.977 958 90.0 6.0  191 2064 
21 014 1 14 0 4  1  40 0.400 3.696 868 75.0 35.0 -106 1958 
21 015 1 15 0 4  1  73 0.730 1.873 781 60.0 -13.0  158 2116 
21 016 1 16 0 1 60  74 0.740 2.291 929 85.0 11.0  170 2286 
21 017 1 17 0 3 10  57 0.570 1.856 897 80.0 23.0  68 2354 
21 018 1 18 0 4  1  86 0.860 3.328 778 60.0 -26.0  31 2385 
21 019 1 19 0 3 10  75 0.750 2.124 850 72.0 -3.0  198 2583 
21 020 1 20 0 1 60  75 0.750 3.412 941 87.0 12.0  164 2747 
21 021 1 21 0 2 30  76 0.760 2.743 889 78.0 2.0  199 2946 
21 022 1 22 0 1 60  76 0.760 1.923 874 76.0 0.0  200 3146 
21 023 1 23 0 1 60  76 0.760 1.990 889 78.0 2.0  199 3345 
21 024 1 24 0 3 10  58 0.580 2.709 874 76.0 18.0  119 3464 
21 025 1 25 0 1 60  60 0.600 1.873 835 69.0 9.0  180 3644 
21 026 1 26 0 1 60  33 0.330 1.154 701 47.0 14.0  151 3795 
21 027 1 27 0 2 30  71 0.710 3.345 854 72.0 1.0  200 3995 
21 028 1 28 0 3 10  66 0.660 2.877 843 71.0 5.0  194 4189 
21 029 1 29 0 3 10  75 0.750 4.950 839 70.0 -5.0  194 4383 
21 030 1 30 0 4  1  37 0.370 2.408 869 75.0 38.0 -161 4222 
21 031 1 31 0 2 30  68 0.680 2.793 869 75.0 7.0  188 4410 
21 032 1 32 0 1 60  63 0.630 3.278 790 62.0 -1.0  200 4610 
21 033 1 33 0 1 60  71 0.710 3.679 870 75.0 4.0  196 4806 
21 034 1 34 0 2 30  68 0.680 3.061 849 72.0 4.0  196 5002 
21 035 1 35 0 2 30  71 0.710 2.141 886 78.0 7.0  188 5190 
21 036 1 36 0 1 60  75 0.750 2.893 889 78.0 3.0  198 5388 
21 037 1 37 0 4  1  54 0.540 2.893 870 75.0 21.0  90 5478 
21 038 1 38 0 1 60  80 0.800 1.371 887 78.0 -2.0  199 5677 
21 039 1 39 0 2 30  28 0.280 1.823 697 46.0 18.0  119 5796 
21 040 1 40 0 4  1  79 0.790 2.960 720 50.0 -29.0 -10 5786 
21 041 1 41 0 3 10  71 0.710 2.776 849 72.0 1.0  200 5986 
21 042 1 42 0 3 10  65 0.650 1.890 843 71.0 6.0  191 6177 
21 043 1 43 0 2 30  50 0.500 2.341 801 64.0 14.0  151 6328 
21 044 1 44 0 1 60  70 0.700 2.642 868 75.0 5.0  194 6522 
21 045 1 45 0 1 60  64 0.640 2.107 839 70.0 6.0  191 6713 
21 046 1 46 0 1 60  55 0.550 3.044 826 68.0 13.0  158 6871 
21 047 1 47 0 2 30  66 0.660 1.555 770 58.0 -8.0  184 7055 
21 048 1 48 0 2 30  68 0.680 1.706 798 63.0 -5.0  194 7249 
21 049 1 49 0 3 10  45 0.450 1.305 737 53.0 8.0  184 7433 
21 050 1 50 0 4  1  69 0.690 1.773 745 54.0 -15.0  144 7577 
21 051 1 51 0 4  1  77 0.770 1.338 772 59.0 -18.0  119 7696 
21 052 1 52 0 2 30  58 0.580 2.057 776 59.0 1.0  200 7896 
21 053 1 53 0 2 30  72 0.720 4.800 833 69.0 -3.0  198 8094 
21 054 1 54 0 1 60  65 0.650 2.910 855 73.0 8.0  184 8278 
21 055 2 01 0 2 30  90 0.900 2.157 960 90.0 0.0  200 8478 
21 056 2 02 0 2 30  70 0.700 2.408 899 80.0 10.0  175 8653 
21 057 2 03 0 1 60  94 0.940 3.044 930 85.0 -9.0  180 8833 
21 058 2 04 0 2 30  67 0.670 2.509 953 89.0 22.0  79 8912 
21 059 2 05 0 3 10  74 0.740 2.174 871 75.0 1.0  200 9112 
21 060 2 06 0 2 30  76 0.760 2.007 931 85.0 9.0  180 9292 
21 061 2 07 0 1 60  67 0.670 2.241 869 75.0 8.0  184 9476 
21 062 2 08 0 3 10  59 0.590 2.910 851 72.0 13.0  158 9634 
21 063 2 09 0 2 30  94 0.940 2.626 975 93.0 -1.0  200 9834 
21 064 2 10 0 3 10  59 0.590 3.679 870 75.0 16.0  136 9970 
21 065 2 11 0 3 10  38 0.380 3.077 743 54.0 16.0  136 10106 
21 066 2 12 0 1 60  86 0.860 1.422 957 90.0 4.0  196 10302 
21 067 2 13 0 2 30  73 0.730 2.408 958 90.0 17.0  128 10430 
21 068 2 14 0 1 60  62 0.620 2.074 853 72.0 10.0  175 10605 
21 069 2 15 0 1 60  61 0.610 1.773 791 62.0 1.0  200 10805 
21 070 2 16 0 3 10  71 0.710 2.576 811 65.0 -6.0  191 10996 
21 071 2 17 0 2 30  90 0.900 1.656 954 89.0 -1.0  200 11196 
21 072 2 18 0 2 30  65 0.650 2.743 837 70.0 5.0  194 11390 
21 073 2 19 0 2 30  50 0.500 2.793 808 65.0 15.0  144 11534 
21 074 2 20 0 2 30  43 0.430 1.388 720 50.0 7.0  188 11722 
21 075 2 21 0 2 30  84 0.840 4.833 872 75.0 -9.0  180 11902 
21 076 2 22 0 3 10  43 0.430 1.422 695 46.0 3.0  198 12100 
21 077 2 23 0 3 10  91 0.910 4.950 758 56.0 -35.0 -106 11994 
21 078 2 24 0 2 30  25 0.250 1.672 660 40.0 15.0  144 12138 
21 079 2 25 0 3 10  76 0.760 2.592 721 50.0 -26.0  31 12169 
21 080 2 26 0 4  1  60 0.600 3.763 720 50.0 -10.0  175 12344 
21 081 2 27 0 3 10  78 0.780 2.091 778 60.0 -18.0  119 12463 
21 082 2 28 0 2 30  59 0.590 3.947 810 65.0 6.0  191 12654 
21 083 2 29 0 1 60  73 0.730 4.967 851 72.0 -1.0  200 12854 
21 084 2 30 0 2 30  78 0.780 5.920 899 80.0 2.0  199 13053 
21 085 2 31 0 3 10  51 0.510 2.760 808 65.0 14.0  151 13204 
21 086 2 32 0 1 60  25 0.250 2.826 568 25.0 0.0  200 13404 
21 087 2 33 0 1 60  65 0.650 3.629 751 55.0 -10.0  175 13579 
21 088 2 34 0 4  1  63 0.630 2.994 723 51.0 -12.0  164 13743 
21 089 2 35 0 3 10  55 0.550 1.505 720 50.0 -5.0  194 13937 
21 090 2 36 0 4  1  62 0.620 0.552 720 50.0 -12.0  164 14101 
21 091 2 37 0 2 30  73 0.730 6.054 883 77.0 4.0  196 14297 
21 092 2 38 0 2 30  50 0.500 2.893 860 73.0 23.0  68 14365 
21 093 2 39 0 1 60  67 0.670 2.609 809 65.0 -2.0  199 14564 
21 094 2 40 0 1 60  44 0.440 2.241 778 60.0 16.0  136 14700 
21 095 2 41 0 2 30  68 0.680 2.592 808 65.0 -3.0  198 14898 
21 096 2 42 0 1 60  16 0.160 4.131 556 23.0 7.0  188 15086 
21 097 2 43 0 4  1  46 0.460 1.606 661 40.0 -6.0  191 15277 
21 098 2 44 0 1 60  50 0.500 5.302 750 55.0 5.0  194 15471 
21 099 2 45 0 2 30  81 0.810 2.626 959 90.0 9.0  180 15651 
21 100 2 46 0 3 10  88 0.880 2.592 944 87.0 -1.0  200 15851 
21 101 2 47 0 3 10  52 0.520 2.074 830 68.0 16.0  136 15987 
21 102 2 48 0 1 60  43 0.430 1.238 701 47.0 4.0  196 16183 
21 103 2 49 0 1 60  75 0.750 1.756 841 70.0 -5.0  194 16377 
21 104 2 50 0 1 60  79 0.790 1.773 873 76.0 -3.0  198 16575 
21 105 2 51 0 3 10  50 0.500 1.321 744 54.0 4.0  196 16771 
21 106 2 52 0 3 10  53 0.530 1.321 720 50.0 -3.0  198 16969 
21 107 2 53 0 2 30  77 0.770 1.622 795 63.0 -14.0  151 17120 
21 108 2 54 0 2 30  72 0.720 1.957 811 65.0 -7.0  188 17308 
21 109 3 01 0 1 60  75 0.750 2.475 902 80.0 5.0  194 17502 
21 110 3 02 0 4  1  39 0.390 2.241 747 55.0 16.0  136 17638 
21 111 3 03 0 4  1  69 0.690 0.686 720 50.0 -19.0  110 17748 
21 112 3 04 0 1 60  90 0.900 2.910 959 90.0 0.0  200 17948 
21 113 3 05 0 1 60  71 0.710 3.345 940 87.0 16.0  136 18084 
21 114 3 06 0 3 10  36 0.360 1.790 660 40.0 4.0  196 18280 
21 115 3 07 0 1 60  77 0.770 1.706 814 66.0 -11.0  170 18450 
21 116 3 08 0 2 30  79 0.790 1.405 887 78.0 -1.0  200 18650 
21 117 3 09 0 3 10  41 0.410 1.054 701 47.0 6.0  191 18841 
21 118 3 10 0 1 60  55 0.550 0.987 727 51.0 -4.0  196 19037 
21 119 3 11 0 2 30  57 0.570 1.656 746 54.0 -3.0  198 19235 
21 120 3 12 0 2 30  50 0.500 1.104 707 48.0 -2.0  199 19434 
21 121 3 13 0 2 30  32 0.320 2.074 676 43.0 11.0  170 19604 
21 122 3 14 0 1 60  62 0.620 0.284 720 50.0 -12.0  164 19768 
21 123 3 15 0 4  1  75 0.750 0.569 720 50.0 -25.0  44 19812 
21 124 3 16 0 3 10  50 0.500 0.234 720 50.0 0.0  200 20012 
21 125 3 17 0 2 30  95 0.950 1.438 1012 99.0 4.0  196 20208 
21 126 3 18 0 2 30  69 0.690 1.672 890 78.0 9.0  180 20388 
21 127 3 19 0 3 10  90 0.900 1.773 938 86.0 -4.0  196 20584 
21 128 3 20 0 2 30  57 0.570 1.923 871 75.0 18.0  119 20703 
21 129 3 21 0 1 60  69 0.690 2.157 810 65.0 -4.0  196 20899 
21 130 3 22 0 3 10  87 0.870 1.656 958 90.0 3.0  198 21097 
21 131 3 23 0 3 10  52 0.520 1.121 700 47.0 -5.0  194 21291 
21 132 3 24 0 2 30  71 0.710 5.586 930 85.0 14.0  151 21442 
21 133 3 25 0 1 60  94 0.940 1.321 950 88.0 -6.0  191 21633 
21 134 3 26 0 1 60  51 0.510 0.301 720 50.0 -1.0  200 21833 
21 135 3 27 0 3 10  91 0.910 1.321 786 61.0 -30.0 -25 21808 
21 136 3 28 0 3 10  86 0.860 0.819 886 78.0 -8.0  184 21992 
21 137 3 29 0 1 60  50 0.500 2.341 838 70.0 20.0  100 22092 
21 138 3 30 0 3 10  82 0.820 1.288 884 77.0 -5.0  194 22286 
21 139 3 31 0 3 10  51 0.510 0.518 720 50.0 -1.0  200 22486 
21 140 3 32 0 3 10  99 0.990 2.007 992 95.0 -4.0  196 22682 
21 141 3 33 0 3 10  59 0.590 2.425 902 80.0 21.0  90 22772 
21 142 3 34 0 4  1  73 0.730 2.542 743 54.0 -19.0  110 22882 
21 143 3 35 0 4  1  79 0.790 2.375 752 55.0 -24.0  56 22938 
21 144 3 36 0 1 60  64 0.640 1.137 827 68.0 4.0  196 23134 
21 145 3 37 0 3 10  31 0.310 0.602 720 50.0 19.0  110 23244 
21 146 3 38 0 2 30  41 0.410 1.288 676 43.0 2.0  199 23443 
21 147 3 39 0 2 30  60 0.600 1.505 683 44.0 -16.0  136 23579 
21 148 3 40 0 1 60  67 0.670 1.288 751 55.0 -12.0  164 23743 
21 149 3 41 0 2 30  49 0.490 0.268 720 50.0 1.0  200 23943 
21 150 3 42 0 1 60  52 0.520 0.970 753 56.0 4.0  196 24139 
21 151 3 43 0 2 30  66 0.660 1.070 749 55.0 -11.0  170 24309 
21 152 3 44 0 1 60  88 0.880 1.388 958 90.0 2.0  199 24508 
21 153 3 45 0 2 30  74 0.740 3.345 955 89.0 15.0  144 24652 
21 154 3 46 0 3 10  80 0.800 1.305 959 90.0 10.0  175 24827 
21 155 3 47 0 2 30  78 0.780 1.254 900 80.0 2.0  199 25026 
21 156 3 48 0 2 30  55 0.550 1.973 784 61.0 6.0  191 25217 
21 157 3 49 0 3 10  57 0.570 3.495 726 51.0 -6.0  191 25408 
21 158 3 50 0 3 10  80 0.800 1.706 750 55.0 -25.0  44 25452 
21 159 3 51 0 2 30  58 0.580 0.820 820 67.0 9.0  180 25632 
21 160 3 52 0 1 60  58 0.580 0.334 720 50.0 -8.0  184 25816 
21 161 3 53 0 4  1  37 0.370 0.552 720 50.0 13.0  158 25974 
21 162 3 54 0 2 30  55 0.550 1.522 695 46.0 -9.0  180 26154 
21 163 4 01 0 4  1  48 0.480 0.435 721 50.0 2.0  199 26353 
21 164 4 02 0 2 30  58 0.580 1.288 729 52.0 -6.0  191 26544 
21 165 4 03 0 4  1  89 0.890 0.284 720 50.0 -39.0 -180 26364 
21 166 4 04 0 1 60  73 0.730 1.154 927 85.0 12.0  164 26528 
21 167 4 05 0 3 10  68 0.680 1.388 827 68.0 0.0  200 26728 
21 168 4 06 0 1 60  69 0.690 1.488 840 70.0 1.0  200 26928 
21 169 4 07 0 1 60  67 0.670 3.077 811 65.0 -2.0  199 27127 
21 170 4 08 0 1 60  55 0.550 1.488 749 55.0 0.0  200 27327 
21 171 4 09 0 3 10  57 0.570 0.351 720 50.0 -7.0  188 27515 
21 172 4 10 0 4  1  64 0.640 0.301 720 50.0 -14.0  151 27666 
21 173 4 11 0 3 10  78 0.780 0.920 731 52.0 -26.0  31 27697 
21 174 4 12 0 1 60  74 0.740 1.338 860 73.0 -1.0  200 27897 
21 175 4 13 0 3 10  75 0.750 2.743 840 70.0 -5.0  194 28091 
21 176 4 14 0 3 10  56 0.560 1.890 752 55.0 -1.0  200 28291 
21 177 4 15 0 3 10  45 0.450 0.284 720 50.0 5.0  194 28485 
21 178 4 16 0 1 60  70 0.700 1.305 733 52.0 -18.0  119 28604 
21 179 4 17 0 1 60  75 0.750 1.656 880 77.0 2.0  199 28803 
21 180 4 18 0 4  1  54 0.540 1.070 764 57.0 3.0  198 29001 
21 181 4 19 0 4  1  63 0.630 1.254 720 50.0 -13.0  158 29159 
21 182 4 20 0 3 10  42 0.420 0.886 752 55.0 13.0  158 29317 
21 183 4 21 0 1 60  28 0.280 1.104 612 32.0 4.0  196 29513 
21 184 4 22 0 2 30  90 0.900 2.642 959 90.0 0.0  200 29713 
21 185 4 23 0 1 60  67 0.670 1.840 750 55.0 -12.0  164 29877 
21 186 4 24 0 3 10  70 0.700 1.054 781 60.0 -10.0  175 30052 
