 24   1 0 43 2 3 LH 1  6  4  5  7 1 1 7.696732 0 0 5479.659466 5480.161003 5480.662540 5480.863164 5482.869305 5490.566037 1 C 
 24   2 0 44 3 3 HH 1  5  4  2  1 1 1 0.953869 0 0 5491.830111 5492.331643 5492.833181 5493.033793 5495.039945 5495.993814 1 C 
 24   3 0 45 2 1 LN 0  4  4  5  4 1 0 3.378027 0 0 5497.263435 5497.764965 5498.266502 5498.467124 5500.473270 5503.851298 1 E 
 24   4 0 46 1 3 NH 0  5  5  5  2 0 1 0.800325 0 0 5505.120855 5505.622385 5506.123921 5506.324539 5508.330684 5509.131009 1 C 
 24   5 0 47 2 3 LH 1  5  6  4  9 1 1 5.211419 0 0 5510.403718 5510.905244 5511.406782 5511.607395 5513.613546 5518.824966 1 C 
 24   6 0 48 2 1 LN 0  6  6  5  6 0 1 1.098716 0 0 5520.100103 5520.601631 5521.103171 5521.303794 5523.309936 5524.408652 1 C 
 24   7 0 49 2 3 LH 1  6  4  5  7 1 1 0.861303 0 0 5525.683886 5526.185416 5526.686955 5526.887572 5528.893718 5529.755021 1 C 
 24   8 0 50 1 2 NL 0  6  4  6  5 0 1 0.742172 0 0 5531.016899 5531.518434 5532.019968 5532.220581 5534.226736 5534.968908 1 C 
 24   9 0 51 3 1 HN 0  4  4  7  4 0 1 0.613202 0 0 5536.232888 5536.734418 5537.235957 5537.436575 5539.442722 5540.055924 1 C 
 24  10 0 52 2 2 LL 1  4  4  5  5 1 1 0.413169 0 0 5541.315135 5541.816664 5542.318202 5542.518817 5544.524966 5544.938135 1 C 
 24  11 0 53 3 1 HN 0  4  6  1  6 0 1 0.569366 0 0 5546.213477 5546.715012 5547.216550 5547.417175 5549.423316 5549.992683 1 C 
 24  12 0 54 3 2 HL 1  6  5  3  4 1 1 0.911831 0 0 5551.262291 5551.763822 5552.265357 5552.465981 5554.472128 5555.383959 1 C 
 24  13 0 55 3 1 HN 0  6  4  9  4 0 1 1.304891 0 0 5556.645460 5557.146990 5557.648527 5557.849143 5559.855292 5561.160183 1 C 
 24  14 0 56 2 1 LN 0  6  6  5  6 0 1 1.360692 0 0 5562.429854 5562.931389 5563.432925 5563.633541 5565.639690 5567.000382 1 C 
 24  15 0 57 1 2 NL 0  4  4  4  5 0 1 0.502538 0 0 5568.264407 5568.765939 5569.267477 5569.468098 5571.474241 5571.976780 1 C 
 24  16 0 58 2 2 LL 1  5  4  6  5 0 0 1.461000 0 0 5573.246342 5573.747877 5574.249415 5574.450030 5576.456179 5577.917179 1 E 
 24  17 0 59 3 2 HL 1  6  5  9  6 0 0 0.901915 0 0 5579.181206 5579.682737 5580.184273 5580.384886 5582.391037 5583.292952 1 E 
 24  18 0 60 2 3 LH 1  6  4  5  1 1 1 1.644853 0 0 5584.564374 5585.065903 5585.567440 5585.768055 5587.774209 5589.419062 1 C 
 24  19 1  1 3 2 HL 1  4  4  1  5 1 1 0.656459 0 0 5596.032863 5596.534392 5597.035930 5597.236542 5599.242693 5599.899152 1 C 
 24  20 1  2 3 3 HH 1  4  6  1  9 1 1 0.900102 0 0 5601.165259 5601.666790 5602.168329 5602.368941 5604.375093 5605.275195 1 C 
 24  21 1  3 3 1 HN 0  6  6  9  6 0 1 2.463877 0 0 5606.548433 5607.049959 5607.551496 5607.752115 5609.758261 5612.222138 1 C 
 24  22 1  4 2 3 LH 1  4  4  5  7 1 1 0.433843 0 0 5613.486362 5613.987893 5614.489430 5614.690043 5616.696196 5617.130039 1 C 
 24  23 1  5 2 2 LL 1  6  5  5  4 1 1 1.392518 0 0 5618.401428 5618.902959 5619.404497 5619.605111 5621.611260 5623.003778 1 C 
 24  24 1  6 3 3 HH 1  4  4  7  7 1 1 1.235057 0 0 5624.269421 5624.770946 5625.272484 5625.473099 5627.479248 5628.714304 1 C 
 24  25 1  7 2 3 LH 1  6  5  5  2 1 1 1.088672 0 0 5629.986941 5630.488472 5630.990010 5631.190623 5633.196775 5634.285447 1 C 
 24  26 1  8 1 3 NH 0  5  4  5  1 0 1 0.993871 0 0 5635.554007 5636.055537 5636.557075 5636.757690 5638.763839 5639.757710 1 C 
 24  27 1  9 3 2 HL 1  4  5  1  6 1 1 0.612446 0 0 5641.020765 5641.522298 5642.023831 5642.224447 5644.230595 5644.843041 1 C 
 24  28 1 10 1 1 NN 0  4  5  4  5 0 1 0.589143 0 0 5646.103009 5646.604542 5647.106081 5647.306692 5649.312843 5649.901986 1 C 
 24  29 1 11 2 3 LH 1  6  4  5  7 1 1 0.944855 0 0 5651.168535 5651.670068 5652.171604 5652.372226 5654.378369 5655.323224 1 C 
 24  30 1 12 2 3 LH 1  6  5  5  8 1 1 0.616475 0 0 5656.585140 5657.086671 5657.588209 5657.788821 5659.794973 5660.411448 1 C 
 24  31 1 13 1 2 NL 0  6  6  6  5 0 1 0.544331 0 0 5661.684103 5662.185632 5662.687171 5662.887787 5664.893935 5665.438267 1 C 
 24  32 1 14 2 1 LN 0  5  4  4  4 1 0 0.616805 0 0 5666.699477 5667.201008 5667.702546 5667.903161 5669.909311 5670.526115 1 E 
 24  33 1 15 3 2 HL 1  4  5  1  4 1 1 0.877072 0 0 5671.798441 5672.299971 5672.801510 5673.002128 5675.008273 5675.885346 1 C 
 24  34 1 16 2 1 LN 0  5  5  4  5 0 1 0.633083 0 0 5677.148177 5677.649703 5678.151241 5678.351860 5680.358005 5680.991088 1 C 
 24  35 1 17 1 2 NL 0  6  4  6  5 0 1 0.524789 0 0 5682.263853 5682.765386 5683.266922 5683.467541 5685.473686 5685.998476 1 C 
 24  36 1 18 3 3 HH 1  4  6  7  3 1 1 0.759772 0 0 5687.262511 5687.764041 5688.265578 5688.466201 5690.472345 5691.232117 1 C 
 24  37 1 19 1 2 NL 0  4  6  4  5 1 0 0.870213 0 0 5692.495213 5692.996747 5693.498284 5693.698900 5695.705049 5696.575262 1 E 
 24  38 1 20 2 2 LL 1  6  4  5  5 1 1 0.433546 0 0 5697.844948 5698.346479 5698.848017 5699.048633 5701.054781 5701.488327 1 C 
 24  39 1 21 2 1 LN 0  5  6  4  6 0 1 0.703036 0 0 5702.760014 5703.261546 5703.763082 5703.963701 5705.969847 5706.672882 1 C 
 24  40 1 22 2 2 LL 1  5  6  4  5 1 1 0.732747 0 0 5707.942567 5708.444096 5708.945635 5709.146258 5711.152399 5711.885146 1 C 
 24  41 1 23 2 1 LN 0  4  4  5  4 0 1 0.624919 0 0 5713.158557 5713.660087 5714.161625 5714.362239 5716.368389 5716.993309 1 C 
 24  42 1 24 1 3 NH 0  6  4  6  1 0 1 0.742165 0 0 5718.257530 5718.759050 5719.260589 5719.461202 5721.467354 5722.209519 1 C 
 24  43 1 25 2 3 LH 1  6  6  5  9 1 1 0.547035 0 0 5723.473506 5723.975039 5724.476576 5724.677189 5726.683340 5727.230374 1 C 
 24  44 1 26 1 3 NH 0  5  4  5  7 0 1 0.636191 0 0 5728.505600 5729.007130 5729.508669 5729.709294 5731.715431 5732.351622 1 C 
 24  45 1 27 3 3 HH 1  6  6  9  9 1 1 0.638728 0 0 5733.621282 5734.122810 5734.624350 5734.824961 5736.831112 5737.469840 1 C 
 24  46 1 28 2 1 LN 0  4  5  5  5 0 1 0.792346 0 0 5738.736962 5739.238491 5739.740030 5739.940648 5741.946795 5742.739141 1 C 
 24  47 1 29 3 3 HH 1  5  5  8  8 1 1 0.853395 0 0 5744.003115 5744.504635 5745.006173 5745.206790 5747.212935 5748.066330 1 C 
 24  48 1 30 2 2 LL 1  5  6  6  5 1 1 1.150384 0 0 5749.336116 5749.837650 5750.339187 5750.539806 5752.545950 5753.696334 1 C 
 24  49 1 31 3 3 HH 1  6  4  9  7 1 1 0.605329 0 0 5754.970056 5755.471587 5755.973123 5756.173746 5758.179887 5758.785216 1 C 
 24  50 1 32 3 1 HN 0  6  6  9  6 0 1 0.529657 0 0 5760.052298 5760.553832 5761.055368 5761.255995 5763.262133 5763.791790 1 C 
 24  51 1 33 2 3 LH 1  6  4  5  1 1 1 0.622213 0 0 5765.050962 5765.552487 5766.054023 5766.254637 5768.260790 5768.883003 1 C 
 24  52 1 34 3 3 HH 1  5  4  2  1 1 1 0.611734 0 0 5770.149919 5770.651450 5771.152988 5771.353602 5773.359750 5773.971484 1 C 
 24  53 1 35 2 3 LH 1  4  5  5  8 1 1 0.710974 0 0 5775.232164 5775.733704 5776.235233 5776.435853 5778.441998 5779.152972 1 C 
 24  54 1 36 1 1 NN 0  5  5  5  5 0 1 0.647281 0 0 5780.414719 5780.916249 5781.417787 5781.618407 5783.624552 5784.271832 1 C 
 24  55 1 37 3 3 HH 1  6  5  9  2 1 1 0.589124 0 0 5785.547119 5786.048649 5786.550186 5786.750803 5788.756949 5789.346073 1 C 
 24  56 1 38 1 1 NN 0  5  4  5  4 0 1 0.548873 0 0 5790.612645 5791.114175 5791.615713 5791.816337 5793.822478 5794.371351 1 C 
 24  57 1 39 3 3 HH 1  5  4  2  7 1 1 0.460890 0 0 5795.644737 5796.146269 5796.647806 5796.848424 5798.854568 5799.315458 1 C 
 24  58 1 40 2 3 LH 1  6  4  5  1 1 1 0.485840 0 0 5800.576521 5801.078052 5801.579588 5801.780216 5803.786353 5804.272192 1 C 
 24  59 1 41 3 2 HL 1  5  5  8  6 1 1 0.578410 0 0 5805.541739 5806.043272 5806.544809 5806.745427 5808.751578 5809.329988 1 C 
 24  60 1 42 2 2 LL 1  4  5  5  4 1 1 0.652892 0 0 5810.590551 5811.092081 5811.593619 5811.794233 5813.800386 5814.453277 1 C 
 24  61 1 43 3 2 HL 1  5  4  8  5 1 1 0.748571 0 0 5815.722950 5816.224481 5816.726017 5816.926637 5818.932785 5819.681356 1 C 
 24  62 1 44 2 3 LH 1  6  4  5  7 0 0 0.623007 0 0 5820.955656 5821.457187 5821.958725 5822.159345 5824.165488 5824.788494 1 E 
 24  63 1 45 3 3 HH 1  4  6  7  9 1 1 1.012306 0 0 5826.054618 5826.556150 5827.057687 5827.258303 5829.264453 5830.276759 1 C 
 24  64 1 46 3 1 HN 0  4  6  1  6 0 1 0.902863 0 0 5831.538093 5832.039625 5832.541163 5832.741782 5834.747927 5835.650791 1 C 
 24  65 1 47 1 3 NH 0  4  4  4  7 0 1 0.675226 0 0 5836.921263 5837.422793 5837.924331 5838.124947 5840.131094 5840.806321 1 C 
 24  66 1 48 2 3 LH 1  6  4  5  7 1 1 0.737588 0 0 5842.070377 5842.571913 5843.073448 5843.274070 5845.280212 5846.017800 1 C 
 24  67 1 49 3 2 HL 1  5  6  8  5 1 1 0.836836 0 0 5847.286364 5847.787899 5848.289436 5848.490051 5850.496200 5851.333036 1 C 
 24  68 1 50 1 2 NL 0  5  4  5  5 0 1 0.894974 0 0 5852.602663 5853.104195 5853.605732 5853.806353 5855.812499 5856.707473 1 C 
 24  69 1 51 3 2 HL 1  4  6  7  5 1 1 0.871410 0 0 5857.969114 5858.470645 5858.972183 5859.172804 5861.178950 5862.050360 1 C 
 24  70 1 52 2 3 LH 1  6  5  5  8 1 1 0.757284 0 0 5863.318846 5863.820377 5864.321915 5864.522527 5866.528677 5867.285961 1 C 
 24  71 1 53 1 3 NH 0  5  5  5  8 0 1 0.656927 0 0 5868.551549 5869.053084 5869.554620 5869.755236 5871.761384 5872.418312 1 C 
 24  72 1 54 1 1 NN 0  5  6  5  6 0 1 0.839528 0 0 5873.683950 5874.185483 5874.687021 5874.887639 5876.893785 5877.733313 1 C 
 24  73 1 55 1 2 NL 0  4  6  4  5 1 0 0.881428 0 0 5879.000247 5879.501778 5880.003317 5880.203939 5882.210081 5883.091509 1 E 
 24  74 1 56 2 2 LL 1  5  5  6  6 1 1 0.730884 0 0 5884.366699 5884.868229 5885.369767 5885.570385 5887.576531 5888.307415 1 C 
 24  75 1 57 3 3 HH 1  4  4  1  7 1 1 0.463465 0 0 5889.582687 5890.084215 5890.585755 5890.786367 5892.792519 5893.255984 1 C 
 24  76 1 58 2 1 LN 0  6  6  5  6 0 1 0.728581 0 0 5894.531188 5895.032720 5895.534258 5895.734872 5897.741022 5898.469603 1 C 
 24  77 1 59 3 1 HN 0  6  6  3  6 0 1 0.598994 0 0 5899.730461 5900.231991 5900.733528 5900.934147 5902.940294 5903.539288 1 C 
 24  78 1 60 2 1 LN 0  4  4  5  4 0 1 0.463444 0 0 5904.812705 5905.314235 5905.815774 5906.016386 5908.022537 5908.485981 1 C 
 24  79 2  1 3 2 HL 1  4  4  1  5 1 1 0.616108 0 0 5915.779655 5916.281187 5916.782722 5916.983339 5918.989492 5919.605600 1 C 
 24  80 2  2 3 3 HH 1  6  5  3  8 1 1 0.541489 0 0 5920.878619 5921.380149 5921.881687 5922.082307 5924.088451 5924.629940 1 C 
 24  81 2  3 2 2 LL 1  5  6  4  5 1 1 0.744172 0 0 5925.893993 5926.395524 5926.897061 5927.097676 5929.103825 5929.847997 1 C 
 24  82 2  4 2 2 LL 1  6  6  5  5 1 1 0.438971 0 0 5931.109984 5931.611511 5932.113050 5932.313672 5934.319818 5934.758789 1 C 
 24  83 2  5 2 2 LL 1  5  6  4  5 1 1 0.772121 0 0 5936.025047 5936.526578 5937.028116 5937.228733 5939.234881 5940.007002 1 C 
 24  84 2  6 2 2 LL 1  4  6  5  5 1 1 0.483299 0 0 5941.274471 5941.776003 5942.277540 5942.478156 5944.484306 5944.967604 1 C 
 24  85 2  7 3 2 HL 1  4  5  7  6 1 1 0.638506 0 0 5946.239688 5946.741223 5947.242760 5947.443375 5949.449525 5950.088031 1 C 
 24  86 2  8 2 3 LH 1  5  6  4  3 1 1 0.496915 0 0 5951.355375 5951.856905 5952.358442 5952.559056 5954.565206 5955.062122 1 C 
 24  87 2  9 1 3 NH 0  5  6  5  3 0 1 0.477243 0 0 5956.337312 5956.838842 5957.340380 5957.540994 5959.547144 5960.024387 1 C 
 24  88 2 10 1 1 NN 0  5  6  5  6 0 1 0.424452 0 0 5961.285814 5961.787344 5962.288882 5962.489506 5964.495646 5964.920098 1 C 
 24  89 2 11 1 2 NL 0  6  6  6  5 0 1 0.516161 0 0 5966.184162 5966.685692 5967.187230 5967.387848 5969.393998 5969.910159 1 C 
 24  90 2 12 1 3 NH 0  4  5  4  2 0 1 0.480035 0 0 5971.182817 5971.684348 5972.185886 5972.386501 5974.392650 5974.872685 1 C 
 24  91 2 13 3 1 HN 0  5  4  2  4 0 1 0.747301 0 0 5976.148038 5976.649568 5977.151105 5977.351732 5979.357870 5980.105171 1 C 
 24  92 2 14 3 2 HL 1  5  6  2  5 1 1 0.775464 0 0 5981.380743 5981.882276 5982.383813 5982.584431 5984.590576 5985.366040 1 C 
 24  93 2 15 3 2 HL 1  6  4  3  5 1 1 0.535926 0 0 5986.630167 5987.131700 5987.633238 5987.833850 5989.840002 5990.375929 1 C 
 24  94 2 16 2 3 LH 1  5  5  4  8 1 1 0.513520 0 0 5991.645543 5992.147074 5992.648612 5992.849223 5994.855377 5995.368897 1 C 
 24  95 2 17 2 3 LH 1  5  5  4  8 1 1 0.427509 0 0 5996.644200 5997.145729 5997.647267 5997.847883 5999.854035 6000.281544 1 C 
 24  96 2 18 2 1 LN 0  4  5  5  5 1 0 0.619333 0 0 6001.542545 6002.044077 6002.545616 6002.746231 6004.752383 6005.371715 1 E 
 24  97 2 19 3 2 HL 1  6  5  3  6 1 1 0.764209 0 0 6006.641509 6007.143041 6007.644578 6007.845193 6009.851342 6010.615551 1 C 
 24  98 2 20 3 2 HL 1  6  6  9  5 1 1 0.602652 0 0 6011.890933 6012.392465 6012.894013 6013.094615 6015.100766 6015.703417 1 C 
 24  99 2 21 2 2 LL 1  6  4  5  5 1 1 0.593942 0 0 6016.973181 6017.474712 6017.976249 6018.176869 6020.183013 6020.776956 1 C 
 24 100 2 22 2 3 LH 1  5  4  6  1 1 1 0.571720 0 0 6022.038709 6022.540239 6023.041775 6023.242396 6025.248540 6025.820259 1 C 
 24 101 2 23 2 2 LL 1  5  5  4  6 1 1 0.494114 0 0 6027.087518 6027.589047 6028.090585 6028.291208 6030.297349 6030.791463 1 C 
 24 102 2 24 3 1 HN 0  4  4  1  4 0 1 0.522148 0 0 6032.052738 6032.554267 6033.055806 6033.256423 6035.262570 6035.784718 1 C 
 24 103 2 25 3 2 HL 1  4  5  1  4 1 1 0.661695 0 0 6037.051394 6037.552924 6038.054461 6038.255076 6040.261226 6040.922921 1 C 
 24 104 2 26 3 3 HH 1  5  5  2  2 1 1 0.438943 0 0 6042.183792 6042.685322 6043.186861 6043.387484 6045.393629 6045.832571 1 C 
 24 105 2 27 1 3 NH 0  6  6  6  9 0 1 0.660457 0 0 6047.098855 6047.600389 6048.101927 6048.302544 6050.308691 6050.969148 1 C 
 24 106 2 28 1 3 NH 0  4  6  4  3 0 1 0.569335 0 0 6052.231258 6052.732788 6053.234326 6053.434939 6055.441090 6056.010425 1 C 
 24 107 2 29 3 3 HH 1  5  5  8  8 1 1 0.446617 0 0 6057.280063 6057.781603 6058.283135 6058.483755 6060.489899 6060.936516 1 C 
 24 108 2 30 1 2 NL 0  4  6  4  5 0 1 0.892413 0 0 6062.211852 6062.713382 6063.214920 6063.415532 6065.421685 6066.314098 1 C 
 24 109 2 31 3 2 HL 1  5  4  8  5 1 1 0.616570 0 0 6067.578302 6068.079832 6068.581370 6068.781982 6070.788134 6071.404704 1 C 
 24 110 2 32 1 3 NH 0  6  5  6  8 0 1 0.652924 0 0 6072.677265 6073.178795 6073.680332 6073.880948 6075.887097 6076.540021 1 C 
 24 111 2 33 1 2 NL 0  5  5  5  4 0 1 0.621867 0 0 6077.809664 6078.311195 6078.812732 6079.013347 6081.019497 6081.641364 1 C 
 24 112 2 34 3 3 HH 1  5  4  8  7 1 1 0.471957 0 0 6082.908623 6083.410158 6083.911695 6084.112310 6086.118460 6086.590417 1 C 
 24 113 2 35 1 1 NN 0  5  6  5  6 0 1 0.579121 0 0 6087.857130 6088.358660 6088.860197 6089.060812 6091.066960 6091.646082 1 C 
 24 114 2 36 1 1 NN 0  5  4  5  4 0 1 0.567663 0 0 6092.905940 6093.407470 6093.909007 6094.109627 6096.115772 6096.683434 1 C 
 24 115 2 37 2 2 LL 1  4  6  5  5 1 1 1.054406 0 0 6097.954754 6098.456279 6098.957817 6099.158440 6101.164584 6102.218991 1 C 
 24 116 2 38 2 2 LL 1  5  4  4  5 1 1 1.076484 0 0 6103.488377 6103.989907 6104.491445 6104.692061 6106.698210 6107.774694 1 C 
 24 117 2 39 2 1 LN 0  4  6  5  6 1 0 0.977598 0 0 6109.038723 6109.540255 6110.041792 6110.242412 6112.248557 6113.226155 1 E 
 24 118 2 40 2 3 LH 1  4  4  5  7 1 1 0.876653 0 0 6114.488762 6114.990295 6115.491832 6115.692451 6117.698596 6118.575249 1 C 
 24 119 2 41 1 3 NH 0  5  6  5  3 0 1 0.694133 0 0 6119.838496 6120.340029 6120.841564 6121.042177 6123.048330 6123.742464 1 C 
 24 120 2 42 3 2 HL 1  6  6  3  5 1 1 0.500995 0 0 6125.004327 6125.505869 6126.007399 6126.208014 6128.214162 6128.715157 1 C 
 24 121 2 43 1 1 NN 0  6  5  6  5 0 1 0.723774 0 0 6129.986268 6130.487800 6130.989337 6131.189960 6133.196102 6133.919876 1 C 
 24 122 2 44 2 2 LL 1  6  5  5  6 1 1 0.706191 0 0 6135.185539 6135.687071 6136.188607 6136.389223 6138.395371 6139.101562 1 C 
 24 123 2 45 3 1 HN 0  5  6  2  6 0 1 0.627109 0 0 6140.368092 6140.869627 6141.371161 6141.571782 6143.577924 6144.205032 1 C 
 24 124 2 46 3 3 HH 1  5  4  2  7 1 1 0.555511 0 0 6145.467056 6145.968584 6146.470124 6146.670738 6148.676888 6149.232400 1 C 
 24 125 2 47 3 3 HH 1  6  6  3  9 1 1 0.622868 0 0 6150.499147 6151.000678 6151.502216 6151.702828 6153.708979 6154.331848 1 C 
 24 126 2 48 1 1 NN 0  5  6  5  6 1 0 0.887457 0 0 6155.598107 6156.099641 6156.601183 6156.801798 6158.807943 6159.695400 1 E 
 24 127 2 49 2 2 LL 1  5  4  4  5 1 1 0.977059 0 0 6160.964561 6161.466092 6161.967629 6162.168248 6164.174394 6165.151453 1 C 
 24 128 2 50 1 3 NH 0  5  6  5  9 0 1 0.743795 0 0 6166.414599 6166.916134 6167.417669 6167.618280 6169.624434 6170.368229 1 C 
 24 129 2 51 2 2 LL 1  5  6  6  5 1 1 0.726723 0 0 6171.630587 6172.132124 6172.633657 6172.834280 6174.840422 6175.567145 1 C 
 24 130 2 52 3 1 HN 0  6  4  3  4 0 1 1.221890 0 0 6176.829859 6177.331389 6177.832928 6178.033540 6180.039694 6181.261584 1 C 
 24 131 2 53 1 1 NN 0  5  6  5  6 0 1 0.916094 0 0 6182.530666 6183.032196 6183.533737 6183.734348 6185.740501 6186.656595 1 C 
 24 132 2 54 2 1 LN 0  4  5  5  5 1 0 0.649486 0 0 6187.930554 6188.432083 6188.933622 6189.134237 6191.140385 6191.789872 1 E 
 24 133 2 55 1 1 NN 0  5  4  5  4 0 1 0.638042 0 0 6193.062952 6193.564487 6194.066021 6194.266640 6196.272785 6196.910827 1 C 
 24 134 2 56 1 2 NL 0  5  5  5  6 0 1 0.645347 0 0 6198.178635 6198.680165 6199.181702 6199.382324 6201.388466 6202.033813 1 C 
 24 135 2 57 2 1 LN 0  4  5  5  5 0 1 0.709383 0 0 6203.294315 6203.795845 6204.297383 6204.497997 6206.504151 6207.213534 1 C 
 24 136 2 58 1 3 NH 0  6  6  6  9 0 1 0.568647 0 0 6208.476874 6208.978398 6209.479936 6209.680551 6211.686701 6212.255348 1 C 
 24 137 2 59 2 1 LN 0  5  5  6  5 0 1 0.766076 0 0 6213.525677 6214.027207 6214.528745 6214.729360 6216.735510 6217.501587 1 C 
 24 138 2 60 3 2 HL 1  4  4  7  5 1 1 0.527356 0 0 6218.775100 6219.276633 6219.778169 6219.978791 6221.984939 6222.512295 1 C 
 24 139 3  1 3 1 HN 0  5  5  2  5 0 1 0.427701 0 0 6236.696697 6237.198240 6237.699772 6237.900397 6239.906537 6240.334238 1 C 
 24 140 3  2 3 3 HH 1  6  6  9  3 1 1 0.588637 0 0 6241.595050 6242.096585 6242.598121 6242.798736 6244.804885 6245.393522 1 C 
 24 141 3  3 1 2 NL 0  6  4  6  5 0 1 0.516556 0 0 6246.660580 6247.162111 6247.663648 6247.864273 6249.870413 6250.386969 1 C 
 24 142 3  4 3 3 HH 1  5  5  8  2 1 1 0.541508 0 0 6251.659237 6252.160765 6252.662304 6252.862929 6254.869069 6255.410577 1 C 
 24 143 3  5 3 3 HH 1  5  5  8  2 1 1 0.422057 0 0 6256.674609 6257.176141 6257.677678 6257.878290 6259.884447 6260.306503 1 C 
 24 144 3  6 2 2 LL 1  5  4  6  5 1 1 0.625054 0 0 6261.572962 6262.074489 6262.576026 6262.776639 6264.782792 6265.407846 1 C 
 24 145 3  7 1 1 NN 0  5  4  5  4 0 1 0.534034 0 0 6266.671920 6267.173452 6267.674990 6267.875609 6269.881754 6270.415789 1 C 
 24 146 3  8 2 2 LL 1  5  6  4  5 1 1 0.706254 0 0 6271.687294 6272.188825 6272.690364 6272.890986 6274.897128 6275.603382 1 C 
 24 147 3  9 1 1 NN 0  4  6  4  6 0 1 0.513645 0 0 6276.869849 6277.371379 6277.872916 6278.073539 6280.079681 6280.593326 1 C 
 24 148 3 10 1 3 NH 0  6  6  6  9 0 1 0.491134 0 0 6281.868506 6282.370035 6282.871572 6283.072192 6285.078337 6285.569471 1 C 
 24 149 3 11 2 1 LN 0  5  4  6  4 1 0 0.805372 0 0 6286.833722 6287.335254 6287.836792 6288.037404 6290.043556 6290.848928 1 E 
 24 150 3 12 2 3 LH 1  4  4  5  1 1 1 0.579366 0 0 6292.116585 6292.618115 6293.119653 6293.320265 6295.326417 6295.905783 1 C 
 24 151 3 13 2 2 LL 1  5  6  4  5 1 1 0.522189 0 0 6297.165395 6297.666923 6298.168462 6298.369080 6300.375227 6300.897416 1 C 
 24 152 3 14 2 2 LL 1  6  5  5  6 1 1 0.611712 0 0 6302.164050 6302.665581 6303.167117 6303.367730 6305.373882 6305.985594 1 C 
 24 153 3 15 1 3 NH 0  5  5  5  2 0 1 0.393689 0 0 6307.246294 6307.747826 6308.249364 6308.449987 6310.456131 6310.849820 1 C 
 24 154 3 16 2 1 LN 0  4  5  5  5 0 1 0.523386 0 0 6312.111207 6312.612738 6313.114276 6313.314902 6315.321040 6315.844426 1 C 
 24 155 3 17 3 3 HH 1  4  6  1  3 1 1 0.549705 0 0 6317.109864 6317.611399 6318.112932 6318.313547 6320.319695 6320.869400 1 C 
 24 156 3 18 2 2 LL 1  5  5  6  6 1 1 0.782275 0 0 6322.141954 6322.643485 6323.145023 6323.345636 6325.351788 6326.134063 1 C 
 24 157 3 19 1 1 NN 0  6  4  6  4 0 1 1.195965 0 0 6327.408098 6327.909629 6328.411165 6328.611788 6330.617929 6331.813894 1 C 
 24 158 3 20 2 3 LH 1  5  6  6  3 1 1 0.582904 0 0 6333.075472 6333.577003 6334.078538 6334.279154 6336.285306 6336.868210 1 C 
 24 159 3 21 2 3 LH 1  4  4  5  1 1 1 0.845851 0 0 6338.140998 6338.642528 6339.144065 6339.344685 6341.350830 6342.196682 1 C 
 24 160 3 22 3 3 HH 1  5  6  8  9 1 1 0.632385 0 0 6343.457294 6343.958824 6344.460362 6344.660974 6346.667126 6347.299512 1 C 
 24 161 3 23 3 2 HL 1  4  6  1  5 1 1 0.461183 0 0 6348.572973 6349.074506 6349.576042 6349.776670 6351.782810 6352.243994 1 C 
 24 162 3 24 3 2 HL 1  4  6  7  5 1 1 0.444179 0 0 6353.504760 6354.006289 6354.507827 6354.708442 6356.714592 6357.158771 1 C 
 24 163 3 25 1 2 NL 0  6  6  6  5 0 1 0.521522 0 0 6358.419825 6358.921355 6359.422893 6359.623508 6361.629661 6362.151183 1 C 
 24 164 3 26 2 2 LL 1  5  6  6  5 0 0 0.445827 0 0 6363.418481 6363.920011 6364.421549 6364.622163 6366.628315 6367.074142 1 E 
 24 165 3 27 3 3 HH 1  4  6  1  3 1 1 0.446671 0 0 6368.333547 6368.835078 6369.336616 6369.537232 6371.543378 6371.990050 1 C 
 24 166 3 28 2 3 LH 1  5  6  4  3 1 1 0.636230 0 0 6373.265332 6373.766863 6374.268399 6374.469014 6376.475166 6377.111395 1 C 
 24 167 3 29 3 3 HH 1  6  6  3  3 1 1 0.368581 0 0 6378.381013 6378.882544 6379.384081 6379.584693 6381.590847 6381.959428 1 C 
 24 168 3 30 3 1 HN 0  5  5  2  5 1 0 0.608368 0 0 6383.229207 6383.730739 6384.232276 6384.432899 6386.439039 6387.047408 1 E 
 24 169 3 31 1 1 NN 0  6  4  6  4 0 1 0.597188 0 0 6388.311457 6388.812983 6389.314520 6389.515133 6391.521285 6392.118473 1 C 
 24 170 3 32 1 3 NH 0  4  5  4  8 0 1 1.115395 0 0 6393.393699 6393.895229 6394.396766 6394.597381 6396.603531 6397.718925 1 C 
 24 171 3 33 1 2 NL 0  4  4  4  5 0 1 0.424513 0 0 6398.994199 6399.495729 6399.997267 6400.197881 6402.204035 6402.628547 1 C 
 24 172 3 34 1 2 NL 0  4  6  4  5 0 1 0.617438 0 0 6403.892543 6404.394081 6404.895614 6405.096239 6407.102379 6407.719817 1 C 
 24 173 3 35 3 2 HL 1  5  5  8  6 1 1 0.971492 0 0 6408.991510 6409.493041 6409.994578 6410.195192 6412.201343 6413.172836 1 C 
 24 174 3 36 1 1 NN 0  4  5  4  5 0 1 0.625083 0 0 6414.441546 6414.943081 6415.444618 6415.645233 6417.651381 6418.276465 1 C 
 24 175 3 37 3 2 HL 1  5  6  8  5 1 1 0.517413 0 0 6419.540509 6420.042042 6420.543586 6420.744194 6422.750346 6423.267759 1 C 
 24 176 3 38 1 3 NH 0  4  5  4  2 1 0 0.639982 0 0 6424.539170 6425.040704 6425.542238 6425.742852 6427.749000 6428.388983 1 E 
 24 177 3 39 3 1 HN 0  6  4  3  4 0 1 0.821387 0 0 6429.654851 6430.156381 6430.657918 6430.858533 6432.864683 6433.686070 1 C 
 24 178 3 40 1 2 NL 0  4  4  4  5 0 1 0.417720 0 0 6434.954427 6435.455963 6435.957497 6436.158112 6438.164260 6438.581980 1 C 
 24 179 3 41 1 3 NH 0  5  5  5  2 0 1 0.432756 0 0 6439.852778 6440.354307 6440.855845 6441.056463 6443.062609 6443.495366 1 C 
 24 180 3 42 2 3 LH 1  6  6  5  3 0 0 0.480144 0 0 6444.767844 6445.269374 6445.770912 6445.971536 6447.977676 6448.457820 1 E 
 24 181 3 43 3 2 HL 1  4  5  1  6 1 1 0.489395 0 0 6449.733063 6450.234593 6450.736129 6450.936751 6452.942896 6453.432291 1 C 
 24 182 3 44 3 1 HN 0  5  4  2  4 0 1 0.641774 0 0 6454.698283 6455.199814 6455.701352 6455.901965 6457.908118 6458.549892 1 C 
 24 183 3 45 3 3 HH 1  5  5  2  2 1 1 0.485721 0 0 6459.813964 6460.315495 6460.817033 6461.017656 6463.023798 6463.509519 1 C 
 24 184 3 46 3 3 HH 1  5  5  8  2 1 1 0.452103 0 0 6464.779182 6465.280715 6465.782253 6465.982869 6467.989016 6468.441119 1 C 
 24 185 3 47 1 2 NL 0  6  5  6  6 0 1 0.608375 0 0 6469.710969 6470.212499 6470.714037 6470.914649 6472.920802 6473.529177 1 C 
 24 186 3 48 1 1 NN 0  4  6  4  6 0 1 0.835037 0 0 6474.793211 6475.294743 6475.796282 6475.996897 6478.003049 6478.838086 1 C 
 24 187 3 49 2 3 LH 1  4  4  5  1 1 1 0.547015 0 0 6480.109510 6480.611040 6481.112579 6481.313194 6483.319343 6483.866358 1 C 
 24 188 3 50 1 1 NN 0  4  4  4  4 0 1 0.680819 0 0 6485.141602 6485.643132 6486.144670 6486.345287 6488.351436 6489.032256 1 C 
 24 189 3 51 3 1 HN 0  5  6  2  6 0 1 0.473009 0 0 6490.307437 6490.808967 6491.310505 6491.511120 6493.517269 6493.990277 1 C 
 24 190 3 52 2 3 LH 1  4  4  5  7 1 1 0.695778 0 0 6495.255938 6495.757470 6496.259007 6496.459632 6498.465770 6499.161548 1 C 
 24 191 3 53 3 1 HN 0  4  5  1  5 0 1 0.616188 0 0 6500.421774 6500.923305 6501.424842 6501.625461 6503.631607 6504.247796 1 C 
 24 192 3 54 2 2 LL 1  5  5  4  6 1 1 0.753190 0 0 6505.520737 6506.022267 6506.523806 6506.724419 6508.730568 6509.483758 1 C 
 24 193 3 55 1 1 NN 0  6  4  6  4 0 1 0.800495 0 0 6510.753442 6511.254973 6511.756512 6511.957127 6513.963275 6514.763770 1 C 
 24 194 3 56 3 1 HN 0  4  6  1  6 0 1 0.507523 0 0 6516.036305 6516.537834 6517.039370 6517.239996 6519.246137 6519.753660 1 C 
 24 195 3 57 1 2 NL 0  4  5  4  4 1 0 0.854278 0 0 6521.018237 6521.519773 6522.021308 6522.221923 6524.228074 6525.082352 1 E 
 24 196 3 58 3 2 HL 1  6  5  3  6 1 1 0.722490 0 0 6526.351256 6526.852787 6527.354325 6527.554939 6529.561092 6530.283581 1 C 
 24 197 3 59 3 1 HN 0  5  6  2  6 0 1 0.671447 0 0 6531.550523 6532.052058 6532.553595 6532.754210 6534.760357 6535.431804 1 C 
 24 198 3 60 3 3 HH 1  4  5  1  8 1 1 0.483256 0 0 6536.699640 6537.201174 6537.702712 6537.903327 6539.909476 6540.392732 1 C 
 24 199 4  1 2 1 LN 0  4  6  5  6 1 0 0.661531 0 0 6613.869528 6614.371058 6614.872596 6615.073220 6617.079361 6617.740892 1 E 
 24 200 4  2 2 3 LH 1  5  6  6  3 0 0 0.519110 0 0 6619.001928 6619.503458 6620.004996 6620.205610 6622.211760 6622.730870 1 E 
 24 201 4  3 3 2 HL 1  6  6  3  5 1 1 0.597154 0 0 6624.000588 6624.502114 6625.003652 6625.204271 6627.210418 6627.807572 1 C 
 24 202 4  4 1 1 NN 0  5  6  5  6 0 1 0.390393 0 0 6629.082829 6629.584359 6630.085897 6630.286511 6632.292661 6632.683054 1 C 
 24 203 4  5 3 3 HH 1  4  4  7  1 1 1 0.441028 0 0 6633.947737 6634.449272 6634.950809 6635.151430 6637.157575 6637.598603 1 C 
 24 204 4  6 1 2 NL 0  5  5  5  6 0 1 0.549703 0 0 6638.862803 6639.364338 6639.865876 6640.066491 6642.072639 6642.622343 1 C 
 24 205 4  7 3 1 HN 0  6  5  9  5 0 1 1.226737 0 0 6643.894899 6644.396430 6644.897967 6645.098582 6647.104732 6648.331468 1 C 
 24 206 4  8 2 3 LH 1  6  6  5  3 0 0 0.551277 0 0 6649.595708 6650.097238 6650.598776 6650.799390 6652.805540 6653.356817 1 E 
 24 207 4  9 3 1 HN 0  4  4  7  4 0 1 0.511593 0 0 6654.627799 6655.129330 6655.630867 6655.831492 6657.837631 6658.349223 1 C 
 24 208 4 10 1 2 NL 0  4  5  4  4 0 1 0.569355 0 0 6659.609739 6660.111268 6660.612805 6660.813425 6662.819569 6663.388924 1 C 
 24 209 4 11 2 1 LN 0  6  4  5  4 0 1 0.527789 0 0 6664.658545 6665.160076 6665.661614 6665.862233 6667.868379 6668.396168 1 C 
 24 210 4 12 1 2 NL 0  6  4  6  5 0 1 0.556105 0 0 6669.657203 6670.158732 6670.660271 6670.860888 6672.867035 6673.423139 1 C 
 24 211 4 13 2 1 LN 0  4  5  5  5 1 0 0.452316 0 0 6674.689289 6675.190828 6675.692362 6675.892977 6677.899127 6678.351443 1 E 
 24 212 4 14 3 3 HH 1  6  5  3  2 1 1 0.510821 0 0 6679.621079 6680.122609 6680.624146 6680.824770 6682.830911 6683.341732 1 C 
 24 213 4 15 1 1 NN 0  5  5  5  5 0 1 0.441185 0 0 6684.603016 6685.104546 6685.606084 6685.806697 6687.812848 6688.254032 1 C 
 24 214 4 16 2 1 LN 0  5  5  4  5 0 1 0.441252 0 0 6689.518078 6690.019613 6690.521151 6690.721777 6692.727913 6693.169165 1 C 
 24 215 4 17 1 1 NN 0  5  5  5  5 0 1 0.418861 0 0 6694.433146 6694.934680 6695.436216 6695.636832 6697.642983 6698.061844 1 C 
 24 216 4 18 3 2 HL 1  4  6  1  5 1 1 0.656040 0 0 6699.331496 6699.833028 6700.334568 6700.535186 6702.541329 6703.197370 1 C 
 24 217 4 19 3 1 HN 0  5  5  2  5 0 1 0.504773 0 0 6704.463895 6704.965432 6705.466965 6705.667588 6707.673729 6708.178501 1 C 
 24 218 4 20 1 3 NH 0  5  5  5  2 0 1 0.483057 0 0 6709.445834 6709.947364 6710.448902 6710.649516 6712.655671 6713.138728 1 C 
 24 219 4 21 2 1 LN 0  6  4  5  4 0 1 0.490105 0 0 6714.411055 6714.912586 6715.414122 6715.614738 6717.620886 6718.110991 1 C 
 24 220 4 22 2 2 LL 1  4  6  5  5 1 1 0.533152 0 0 6719.376274 6719.877808 6720.379342 6720.579957 6722.586107 6723.119259 1 C 
 24 221 4 23 3 1 HN 0  5  4  2  4 0 1 0.558210 0 0 6724.391649 6724.893177 6725.394716 6725.595335 6727.601481 6728.159691 1 C 
 24 222 4 24 2 1 LN 0  5  5  6  5 1 0 0.744240 0 0 6729.423746 6729.925272 6730.426807 6730.627420 6732.633572 6733.377812 1 E 
 24 223 4 25 3 3 HH 1  4  5  1  2 1 1 0.533973 0 0 6734.639730 6735.141259 6735.642797 6735.843419 6737.849562 6738.383535 1 C 
 24 224 4 26 3 1 HN 0  5  4  2  4 0 1 0.623467 0 0 6739.655107 6740.156635 6740.658169 6740.858793 6742.864934 6743.488401 1 C 
 24 225 4 27 3 2 HL 1  4  4  1  5 1 1 0.563742 0 0 6744.754064 6745.255595 6745.757134 6745.957746 6747.963898 6748.527640 1 C 
 24 226 4 28 3 3 HH 1  6  6  9  3 1 1 0.541542 0 0 6749.802875 6750.304406 6750.805943 6751.006558 6753.012709 6753.554251 1 C 
 24 227 4 29 2 3 LH 1  4  5  5  8 1 1 0.757737 0 0 6754.818250 6755.319780 6755.821316 6756.021929 6758.028081 6758.785818 1 C 
 24 228 4 30 2 2 LL 1  4  4  5  5 1 1 0.981755 0 0 6760.050953 6760.552487 6761.054022 6761.254638 6763.260789 6764.242545 1 C 
 24 229 4 31 1 3 NH 0  5  5  5  2 0 1 0.584350 0 0 6765.517721 6766.019250 6766.520780 6766.721393 6768.727545 6769.311895 1 C 
 24 230 4 32 1 2 NL 0  5  5  5  6 0 1 0.385384 0 0 6770.583241 6771.084771 6771.586309 6771.786922 6773.793073 6774.178457 1 C 
 24 231 4 33 2 1 LN 0  4  6  5  6 0 1 0.512708 0 0 6775.448152 6775.949683 6776.451221 6776.651835 6778.657985 6779.170692 1 C 
 24 232 4 34 3 2 HL 1  5  4  8  5 0 0 0.776652 0 0 6780.430085 6780.931621 6781.433159 6781.633774 6783.639923 6784.416575 1 E 
 24 233 4 35 2 3 LH 1  6  6  5  3 1 1 0.362899 0 0 6785.679515 6786.181046 6786.682583 6786.883199 6788.889347 6789.252247 1 C 
 24 234 4 36 2 1 LN 0  4  6  5  6 0 1 0.411507 0 0 6790.527710 6791.029240 6791.530777 6791.731393 6793.737542 6794.149048 1 C 
 24 235 4 37 3 2 HL 1  5  4  8  5 1 1 0.678243 0 0 6795.409341 6795.910871 6796.412408 6796.613030 6798.619172 6799.297415 1 C 
 24 236 4 38 2 2 LL 1  5  5  6  4 1 1 0.491369 0 0 6800.558457 6801.059988 6801.561524 6801.762141 6803.768290 6804.259659 1 C 
 24 237 4 39 2 3 LH 1  6  6  5  9 1 1 0.455055 0 0 6805.523675 6806.025208 6806.526746 6806.727359 6808.733510 6809.188565 1 C 
 24 238 4 40 1 1 NN 0  4  5  4  5 0 1 0.452294 0 0 6810.455461 6810.956992 6811.458530 6811.659149 6813.665296 6814.117589 1 C 
 24 239 4 41 3 1 HN 0  5  5  2  5 0 1 0.433025 0 0 6815.387246 6815.888776 6816.390314 6816.590932 6818.597078 6819.030103 1 C 
 24 240 4 42 3 3 HH 1  6  4  3  7 1 1 0.541485 0 0 6820.302317 6820.803842 6821.305380 6821.505998 6823.512145 6824.053630 1 C 
 24 241 4 43 3 2 HL 1  4  6  1  5 1 1 0.485718 0 0 6825.317686 6825.819216 6826.320754 6826.521376 6828.527517 6829.013235 1 C 
 24 242 4 44 2 1 LN 0  6  6  5  6 0 1 0.416692 0 0 6830.282916 6830.784437 6831.285974 6831.486586 6833.492738 6833.909430 1 C 
 24 243 4 45 2 3 LH 1  5  6  6  3 1 1 0.703056 0 0 6835.181255 6835.682785 6836.184322 6836.384936 6838.391086 6839.094142 1 C 
 24 244 4 46 1 2 NL 0  4  5  4  6 1 0 0.736482 0 0 6840.363807 6840.865338 6841.366874 6841.567489 6843.573639 6844.310121 1 E 
 24 245 4 47 3 3 HH 1  4  5  1  8 1 1 0.785467 0 0 6845.579795 6846.081327 6846.582862 6846.783478 6848.789628 6849.575096 1 C 
 24 246 4 48 3 1 HN 0  6  5  9  5 0 1 1.039462 0 0 6850.845938 6851.347468 6851.849006 6852.049623 6854.055768 6855.095231 1 C 
 24 247 4 49 3 2 HL 1  6  4  9  5 1 1 0.608339 0 0 6856.362849 6856.864379 6857.365917 6857.566536 6859.572683 6860.181022 1 C 
 24 248 4 50 2 3 LH 1  5  5  6  2 1 1 0.374330 0 0 6861.445093 6861.946625 6862.448163 6862.648779 6864.654926 6865.029256 1 C 
 24 249 4 51 2 1 LN 0  6  6  5  6 0 1 0.485626 0 0 6866.293290 6866.794820 6867.296357 6867.496971 6869.503122 6869.988747 1 C 
 24 250 4 52 3 2 HL 1  6  6  3  5 1 1 0.480155 0 0 6871.258505 6871.760039 6872.261584 6872.462194 6874.468344 6874.948498 1 C 
 24 251 4 53 2 3 LH 1  6  6  5  3 1 1 0.477657 0 0 6876.223730 6876.725264 6877.226797 6877.427412 6879.433561 6879.911218 1 C 
 24 252 4 54 3 3 HH 1  4  6  1  9 1 1 0.516644 0 0 6881.172232 6881.673762 6882.175300 6882.375912 6884.382063 6884.898707 1 C 
 24 253 4 55 1 2 NL 0  5  5  5  6 0 1 0.543874 0 0 6886.170887 6886.672417 6887.173959 6887.374573 6889.380719 6889.924593 1 C 
 24 254 4 56 3 1 HN 0  4  4  1  4 0 1 0.793061 0 0 6891.186264 6891.687791 6892.189329 6892.389951 6894.396093 6895.189154 1 C 
 24 255 4 57 3 2 HL 1  4  4  1  5 1 1 0.485771 0 0 6896.452403 6896.953934 6897.455472 6897.656090 6899.662239 6900.148010 1 C 
 24 256 4 58 1 3 NH 0  4  4  4  7 0 1 0.483366 0 0 6901.417622 6901.919153 6902.420691 6902.621307 6904.627456 6905.110823 1 C 
 24 257 4 59 2 2 LL 1  4  6  5  5 1 1 0.589131 0 0 6906.382842 6906.884374 6907.385912 6907.586531 6909.592676 6910.181807 1 C 
 24 258 4 60 1 1 NN 0  4  6  4  6 0 1 0.678343 0 0 6911.448373 6911.949902 6912.451439 6912.652052 6914.658203 6915.336546 1 C 
 24 259 5  1 1 3 NH 0  6  4  6  7 0 1 0.558201 0 0 6974.257569 6974.759098 6975.260636 6975.461257 6977.467400 6978.025601 1 C 
 24 260 5  2 1 2 NL 0  5  4  5  5 0 1 0.391025 0 0 6979.289661 6979.791190 6980.292728 6980.493341 6982.499492 6982.890517 1 C 
 24 261 5  3 3 2 HL 1  6  6  3  5 1 1 0.404317 0 0 6984.154570 6984.656103 6985.157640 6985.358254 6987.364408 6987.768724 1 C 
 24 262 5  4 1 2 NL 0  4  4  4  5 0 1 0.368430 0 0 6989.036204 6989.537733 6990.039271 6990.239891 6992.246036 6992.614465 1 C 
 24 263 5  5 1 3 NH 0  6  6  6  3 0 1 0.402102 0 0 6993.884393 6994.385928 6994.887465 6995.088091 6997.094231 6997.496333 1 C 
 24 264 5  6 3 3 HH 1  5  5  2  8 1 1 0.433704 0 0 6998.766029 6999.267562 6999.769095 6999.969710 7001.975861 7002.409565 1 C 
 24 265 5  7 3 2 HL 1  4  5  7  6 1 1 0.446616 0 0 7003.681095 7004.182622 7004.684162 7004.884777 7006.890926 7007.337542 1 C 
 24 266 5  8 2 3 LH 1  4  4  5  7 1 1 0.393889 0 0 7008.612879 7009.114409 7009.615946 7009.816565 7011.822711 7012.216600 1 C 
 24 267 5  9 3 2 HL 1  4  5  1  4 0 0 0.552597 0 0 7013.477792 7013.979321 7014.480859 7014.681480 7016.687623 7017.240220 1 E 
 24 268 5 10 1 2 NL 0  5  5  5  6 0 1 0.500696 0 0 7018.509883 7019.011413 7019.512950 7019.713570 7021.719715 7022.220411 1 C 
 24 269 5 11 3 3 HH 1  6  4  9  7 1 1 0.586094 0 0 7023.491820 7023.993351 7024.494889 7024.695510 7026.701653 7027.287748 1 C 
 24 270 5 12 2 1 LN 0  5  5  4  5 0 1 0.513654 0 0 7028.557353 7029.058879 7029.560417 7029.761031 7031.767180 7032.280834 1 C 
 24 271 5 13 1 3 NH 0  5  5  5  2 0 1 0.396020 0 0 7033.556004 7034.057539 7034.559072 7034.759687 7036.765835 7037.161856 1 C 
 24 272 5 14 3 1 HN 0  4  6  1  6 1 0 0.636044 0 0 7038.437643 7038.939165 7039.440702 7039.641315 7041.647467 7042.283511 1 E 
 24 273 5 15 2 1 LN 0  4  6  5  6 0 1 0.351931 0 0 7043.553316 7044.054847 7044.556384 7044.757002 7046.763152 7047.115083 1 C 
 24 274 5 16 2 2 LL 1  6  5  5  6 1 1 0.657215 0 0 7048.384792 7048.886322 7049.387860 7049.588485 7051.594624 7052.251839 1 C 
 24 275 5 17 1 3 NH 0  6  5  6  8 0 1 0.530315 0 0 7053.517192 7054.018722 7054.520261 7054.720876 7056.727022 7057.257337 1 C 
 24 276 5 18 1 2 NL 0  5  4  5  5 0 1 0.538784 0 0 7058.532572 7059.034095 7059.535633 7059.736248 7061.742398 7062.281182 1 C 
 24 277 5 19 3 3 HH 1  6  6  9  9 1 1 0.645485 0 0 7063.547936 7064.049470 7064.551006 7064.751626 7066.757770 7067.403255 1 C 
 24 278 5 20 1 3 NH 0  4  5  4  2 0 1 1.100583 0 0 7068.663621 7069.165151 7069.666688 7069.867303 7071.873452 7072.974035 1 C 
 24 279 5 21 3 2 HL 1  6  6  3  5 1 1 0.748147 0 0 7074.247403 7074.748933 7075.250471 7075.451096 7077.457239 7078.205386 1 C 
 24 280 5 22 1 1 NN 0  5  5  5  5 0 1 0.394764 0 0 7079.480110 7079.981640 7080.483177 7080.683802 7082.689941 7083.084705 1 C 
 24 281 5 23 1 3 NH 0  5  5  5  8 0 1 0.427530 0 0 7084.345022 7084.846552 7085.348090 7085.548708 7087.554855 7087.982385 1 C 
 24 282 5 24 3 3 HH 1  6  4  9  1 1 1 0.535877 0 0 7089.243366 7089.744901 7090.246438 7090.447053 7092.453203 7092.989080 1 C 
 24 283 5 25 2 2 LL 1  6  5  5  6 1 1 0.832481 0 0 7094.258744 7094.760275 7095.261812 7095.462434 7097.468577 7098.301058 1 C 
 24 284 5 26 2 2 LL 1  6  6  5  5 1 1 0.379240 0 0 7099.575041 7100.076576 7100.578108 7100.778724 7102.784873 7103.164114 1 C 
 24 285 5 27 2 2 LL 1  4  5  5  4 1 1 0.667117 0 0 7104.439956 7104.941482 7105.443021 7105.643644 7107.649785 7108.316901 1 C 
 24 286 5 28 2 3 LH 1  4  4  5  7 1 1 0.831153 0 0 7109.589070 7110.090600 7110.592138 7110.792751 7112.798902 7113.630055 1 C 
 24 287 5 29 1 1 NN 0  6  6  6  6 0 1 0.652476 0 0 7114.905366 7115.406896 7115.908434 7116.109050 7118.115202 7118.767677 1 C 
 24 288 5 30 3 2 HL 1  5  4  8  5 1 1 0.669637 0 0 7120.037765 7120.539296 7121.040832 7121.241447 7123.247597 7123.917234 1 C 
 24 289 5 31 2 3 LH 1  6  5  5  2 1 1 0.655205 0 0 7125.186883 7125.688417 7126.189950 7126.390564 7128.396714 7129.051919 1 C 
 24 290 5 32 2 1 LN 0  4  6  5  6 1 0 0.788493 0 0 7130.319281 7130.820812 7131.322349 7131.522963 7133.529113 7134.317606 1 E 
 24 291 5 33 1 3 NH 0  5  6  5  3 0 1 0.976116 0 0 7135.585425 7136.086955 7136.588491 7136.789114 7138.795257 7139.771373 1 C 
 24 292 5 34 2 3 LH 1  5  5  6  8 1 1 0.647350 0 0 7141.035464 7141.536995 7142.038531 7142.239150 7144.245296 7144.892645 1 C 
 24 293 5 35 1 2 NL 0  4  6  4  5 0 1 0.703080 0 0 7146.167858 7146.669392 7147.170931 7147.371545 7149.377695 7150.080775 1 C 
 24 294 5 36 1 3 NH 0  4  4  4  7 0 1 0.400480 0 0 7151.350416 7151.851946 7152.353484 7152.554099 7154.560250 7154.960730 1 C 
 24 295 5 37 2 1 LN 0  5  4  4  4 0 1 0.958254 0 0 7156.232048 7156.733576 7157.235112 7157.435729 7159.441878 7160.400132 1 C 
 24 296 5 38 3 1 HN 0  5  5  2  5 1 0 0.819938 0 0 7161.665366 7162.166898 7162.668435 7162.869050 7164.875199 7165.695137 1 E 
 24 297 5 39 2 3 LH 1  4  5  5  8 0 0 0.797791 0 0 7166.964946 7167.466476 7167.968013 7168.168628 7170.174776 7170.972567 1 E 
 24 298 5 40 2 2 LL 1  6  4  5  5 1 1 0.623562 0 0 7172.247807 7172.749336 7173.250874 7173.451491 7175.457638 7176.081200 1 C 
 24 299 5 41 2 3 LH 1  4  5  5  8 1 1 0.547036 0 0 7177.346772 7177.848299 7178.349837 7178.550455 7180.556601 7181.103637 1 C 
 24 300 5 42 3 1 HN 0  4  6  1  6 0 1 0.872216 0 0 7182.378861 7182.880391 7183.381928 7183.582544 7185.588693 7186.460909 1 C 
 24 301 5 43 1 1 NN 0  6  4  6  4 0 1 0.597159 0 0 7187.728593 7188.230123 7188.731661 7188.932276 7190.938426 7191.535586 1 C 
 24 302 5 44 1 2 NL 0  4  4  4  5 0 1 0.313008 0 0 7192.810838 7193.312369 7193.813906 7194.014528 7196.020671 7196.333679 1 C 
 24 303 5 45 3 1 HN 0  4  5  1  5 1 0 0.446694 0 0 7197.608880 7198.110410 7198.611948 7198.812562 7200.818712 7201.265406 1 E 
 24 304 5 46 1 3 NH 0  4  6  4  3 0 1 0.682857 0 0 7202.540663 7203.042195 7203.543731 7203.744351 7205.750495 7206.433352 1 C 
 24 305 5 47 2 3 LH 1  5  6  6  9 1 1 0.700026 0 0 7207.706498 7208.208029 7208.709567 7208.910187 7210.916330 7211.616356 1 C 
 24 306 5 48 3 2 HL 1  4  6  1  5 1 1 0.766108 0 0 7212.889048 7213.390581 7213.892119 7214.092745 7216.098886 7216.864994 1 C 
 24 307 5 49 1 1 NN 0  4  4  4  4 0 1 0.747663 0 0 7218.138476 7218.640006 7219.141544 7219.342163 7221.348308 7222.095972 1 C 
 24 308 5 50 2 2 LL 1  5  6  6  5 1 1 0.955527 0 0 7223.371178 7223.872712 7224.374250 7224.574871 7226.581019 7227.536546 1 C 
 24 309 5 51 3 3 HH 1  5  6  8  3 1 1 0.580511 0 0 7228.804501 7229.306035 7229.807572 7230.008195 7232.014337 7232.594847 1 C 
 24 310 5 52 3 3 HH 1  6  6  3  3 1 1 0.361075 0 0 7233.870032 7234.371560 7234.873099 7235.073720 7237.079865 7237.440939 1 C 
 24 311 5 53 1 2 NL 0  6  5  6  4 0 1 0.793079 0 0 7238.701505 7239.203038 7239.704576 7239.905189 7241.911341 7242.704419 1 C 
 24 312 5 54 2 1 LN 0  6  6  5  6 0 1 0.682612 0 0 7243.967648 7244.469191 7244.970718 7245.171333 7247.177485 7247.860097 1 C 
 24 313 5 55 2 3 LH 1  6  6  5  9 1 1 0.457902 0 0 7249.133490 7249.635016 7250.136554 7250.337169 7252.343318 7252.801220 1 C 
 24 314 5 56 1 2 NL 0  5  6  5  5 0 1 0.628077 0 0 7254.065267 7254.566805 7255.068338 7255.268950 7257.275103 7257.903180 1 C 
 24 315 5 57 2 1 LN 0  5  6  6  6 0 1 0.893209 0 0 7259.164229 7259.665768 7260.167302 7260.367922 7262.374065 7263.267275 1 C 
 24 316 5 58 2 2 LL 1  6  6  5  5 1 1 0.452322 0 0 7264.530683 7265.032213 7265.533751 7265.734375 7267.740515 7268.192837 1 C 
 24 317 5 59 1 1 NN 0  4  4  4  4 0 1 0.417643 0 0 7269.462474 7269.963998 7270.465536 7270.666152 7272.672302 7273.089945 1 C 
 24 318 5 60 1 2 NL 0  6  5  6  4 0 1 0.429998 0 0 7274.360816 7274.862346 7275.363883 7275.564503 7277.570647 7278.000645 1 C 
 24 319 6  1 3 1 HN 0  4  4  1  4 0 1 0.463496 0 0 7354.506483 7355.008019 7355.509556 7355.710169 7357.716325 7358.179821 1 C 
 24 320 6  2 2 3 LH 1  5  4  6  7 1 1 0.446812 0 0 7359.454990 7359.956522 7360.458058 7360.658672 7362.664822 7363.111633 1 C 
 24 321 6  3 1 3 NH 0  4  6  4  3 0 1 0.602626 0 0 7364.386774 7364.888305 7365.389842 7365.590458 7367.596606 7368.199232 1 C 
 24 322 6  4 3 3 HH 1  6  6  3  3 1 1 0.623210 0 0 7369.469021 7369.970553 7370.472088 7370.672703 7372.678853 7373.302063 1 C 
 24 323 6  5 1 3 NH 0  5  4  5  7 0 1 0.530359 0 0 7374.567983 7375.069513 7375.571051 7375.771666 7377.777814 7378.308172 1 C 
 24 324 6  6 1 1 NN 0  5  5  5  5 0 1 0.396051 0 0 7379.583357 7380.084888 7380.586425 7380.787040 7382.793190 7383.189241 1 C 
 24 325 6  7 2 1 LN 0  4  5  5  5 0 1 0.522447 0 0 7384.464988 7384.966518 7385.468056 7385.668673 7387.674824 7388.197271 1 C 
 24 326 6  8 1 1 NN 0  4  6  4  6 0 1 0.998432 0 0 7389.463643 7389.965173 7390.466711 7390.667326 7392.673475 7393.671907 1 C 
 24 327 6  9 3 3 HH 1  4  6  1  9 1 1 0.602619 0 0 7394.947115 7395.448648 7395.950186 7396.150801 7398.156950 7398.759570 1 C 
 24 328 6 10 2 2 LL 1  6  5  5  6 1 1 1.374556 0 0 7400.029364 7400.530895 7401.032432 7401.233050 7403.239197 7404.613752 1 C 
 24 329 6 11 3 2 HL 1  6  5  3  4 1 1 0.677283 0 0 7405.880632 7406.382164 7406.883701 7407.084316 7409.090466 7409.767749 1 C 
 24 330 6 12 2 1 LN 0  5  6  4  6 1 0 1.669871 0 0 7411.029747 7411.531281 7412.032819 7412.233433 7414.239582 7415.909453 1 E 
 24 331 6 13 1 2 NL 0  5  4  5  5 0 1 0.655250 0 0 7417.181943 7417.683472 7418.185010 7418.385623 7420.391777 7421.047028 1 C 
 24 332 6 14 2 1 LN 0  4  6  5  6 0 1 0.899726 0 0 7422.314353 7422.815872 7423.317409 7423.518029 7425.524174 7426.423900 1 C 
 24 333 6 15 3 1 HN 0  5  4  2  4 0 1 0.861547 0 0 7427.697509 7428.199044 7428.700586 7428.901192 7430.907341 7431.768889 1 C 
 24 334 6 16 1 3 NH 0  6  5  6  2 0 1 0.600990 0 0 7433.030523 7433.532054 7434.033591 7434.234206 7436.240356 7436.841346 1 C 
 24 335 6 17 2 2 LL 1  4  5  5  6 1 1 0.794690 0 0 7438.112769 7438.614299 7439.115839 7439.316455 7441.322601 7442.117291 1 C 
 24 336 6 18 1 3 NH 0  5  6  5  3 1 0 1.096217 0 0 7443.378918 7443.880445 7444.381979 7444.582595 7446.588743 7447.684959 1 E 
 24 337 6 19 3 2 HL 1  6  6  3  5 1 1 0.590309 0 0 7448.945984 7449.447506 7449.949044 7450.149661 7452.155807 7452.746116 1 C 
 24 338 6 20 3 2 HL 1  5  6  2  5 1 1 0.723090 0 0 7454.011499 7454.513034 7455.014575 7455.215186 7457.221334 7457.944424 1 C 
 24 339 6 21 3 3 HH 1  4  6  7  3 1 1 0.577346 0 0 7459.210772 7459.712305 7460.213842 7460.414466 7462.420608 7462.997954 1 C 
 24 340 6 22 2 2 LL 1  4  4  5  5 0 0 0.920586 0 0 7464.259590 7464.761114 7465.262651 7465.463272 7467.469418 7468.390005 1 E 
 24 341 6 23 3 3 HH 1  4  5  1  8 1 1 0.866231 0 0 7469.659479 7470.160999 7470.662538 7470.863153 7472.869302 7473.735533 1 C 
 24 342 6 24 2 2 LL 1  6  6  5  5 1 1 0.480155 0 0 7475.009203 7475.510737 7476.012270 7476.212888 7478.219035 7478.699189 1 C 
 24 343 6 25 1 2 NL 0  6  6  6  5 0 1 0.488741 0 0 7479.974422 7480.475952 7480.977489 7481.178102 7483.184255 7483.672996 1 C 
 24 344 6 26 2 1 LN 0  5  5  6  5 0 1 0.468928 0 0 7484.939643 7485.441172 7485.942710 7486.143324 7488.149473 7488.618401 1 C 
 24 345 6 27 3 1 HN 0  4  4  7  4 0 1 0.591670 0 0 7489.888143 7490.389671 7490.891211 7491.091826 7493.097975 7493.689645 1 C 
 24 346 6 28 3 1 HN 0  6  4  3  4 0 1 0.597133 0 0 7494.953670 7495.455202 7495.956739 7496.157357 7498.163503 7498.760636 1 C 
 24 347 6 29 1 1 NN 0  4  6  4  6 0 1 0.524811 0 0 7500.035916 7500.537451 7501.038983 7501.239600 7503.245746 7503.770556 1 C 
 24 348 6 30 1 1 NN 0  4  5  4  5 0 1 0.435599 0 0 7505.034571 7505.536105 7506.037641 7506.238255 7508.244405 7508.680003 1 C 
 24 349 6 31 2 3 LH 1  4  5  5  8 1 1 0.579620 0 0 7509.949648 7510.451170 7510.952706 7511.153327 7513.159473 7513.739093 1 C 
 24 350 6 32 3 1 HN 0  4  4  1  4 0 1 1.145464 0 0 7514.998449 7515.499977 7516.001517 7516.202140 7518.208280 7519.353744 1 C 
 24 351 6 33 2 2 LL 1  4  5  5  6 1 1 3.335470 0 0 7520.615667 7521.117198 7521.618735 7521.819350 7523.825501 7527.160971 1 C 
 24 352 6 34 1 2 NL 0  5  6  5  5 0 1 0.619495 0 0 7528.422932 7528.924463 7529.426000 7529.626615 7531.632765 7532.252259 1 C 
 24 353 6 35 1 3 NH 0  6  4  6  1 0 1 0.976079 0 0 7533.521895 7534.023428 7534.524963 7534.725575 7536.731732 7537.707811 1 C 
 24 354 6 36 1 1 NN 0  4  5  4  5 0 1 0.786679 0 0 7538.971935 7539.473467 7539.975003 7540.175618 7542.181770 7542.968449 1 C 
 24 355 6 37 3 2 HL 1  6  6  9  5 1 1 0.593450 0 0 7544.238076 7544.739607 7545.241144 7545.441760 7547.447909 7548.041360 1 C 
 24 356 6 38 2 1 LN 0  5  5  6  5 1 0 0.860179 0 0 7549.303606 7549.805135 7550.306673 7550.507291 7552.513438 7553.373616 1 E 
 24 357 6 39 2 2 LL 1  5  6  6  5 1 1 0.710513 0 0 7554.636619 7555.138149 7555.639687 7555.840305 7557.846453 7558.556967 1 C 
 24 358 6 40 2 3 LH 1  5  4  4  7 0 0 0.756444 0 0 7559.819170 7560.320701 7560.822240 7561.022854 7563.029004 7563.785448 1 E 
 24 359 6 41 2 3 LH 1  6  4  5  1 1 1 0.661250 0 0 7565.051878 7565.553409 7566.054946 7566.255565 7568.261715 7568.922966 1 C 
 24 360 6 42 3 2 HL 1  6  4  3  5 1 1 0.825692 0 0 7570.184273 7570.685808 7571.187346 7571.387963 7573.394112 7574.219804 1 C 
 24 361 6 43 3 3 HH 1  5  4  2  1 1 1 0.452335 0 0 7575.483854 7575.985386 7576.486924 7576.687538 7578.693690 7579.146025 1 C 
 24 362 6 44 3 1 HN 0  6  6  3  6 0 1 0.561635 0 0 7580.415638 7580.917171 7581.418707 7581.619329 7583.625477 7584.187112 1 C 
 24 363 6 45 1 2 NL 0  5  6  5  5 0 1 1.160046 0 0 7585.447732 7585.949263 7586.450799 7586.651414 7588.657565 7589.817611 1 C 
 24 364 6 46 2 1 LN 0  6  6  5  6 0 1 0.555489 0 0 7591.081666 7591.583200 7592.084737 7592.285351 7594.291500 7594.846988 1 C 
 24 365 6 47 3 2 HL 1  4  4  7  5 1 1 0.851052 0 0 7596.113763 7596.615290 7597.116832 7597.317440 7599.323592 7600.174644 1 C 
 24 366 6 48 1 1 NN 0  4  5  4  5 0 1 0.667354 0 0 7601.446775 7601.948305 7602.449841 7602.650458 7604.656606 7605.323960 1 C 
 24 367 6 49 1 3 NH 0  4  6  4  9 0 1 0.625119 0 0 7606.595897 7607.097422 7607.598962 7607.799574 7609.805723 7610.430842 1 C 
 24 368 6 50 2 2 LL 1  4  4  5  5 1 1 0.502422 0 0 7611.694853 7612.196384 7612.697922 7612.898543 7614.904686 7615.407108 1 C 
 24 369 6 51 1 2 NL 0  5  6  5  5 0 1 0.496894 0 0 7616.676790 7617.178320 7617.679860 7617.880479 7619.886623 7620.383517 1 C 
 24 370 6 52 2 2 LL 1  5  6  4  5 1 1 0.746716 0 0 7621.658727 7622.160260 7622.661798 7622.862420 7624.868565 7625.615281 1 C 
 24 371 6 53 3 1 HN 0  6  5  3  5 0 1 0.714222 0 0 7626.874719 7627.376252 7627.877786 7628.078399 7630.084550 7630.798772 1 C 
 24 372 6 54 2 3 LH 1  5  4  6  7 0 0 0.552476 0 0 7632.073985 7632.575521 7633.077059 7633.277681 7635.283823 7635.836298 1 E 
 24 373 6 55 3 2 HL 1  4  4  7  5 1 1 0.639854 0 0 7637.106080 7637.607611 7638.109150 7638.309774 7640.315914 7640.955768 1 C 
 24 374 6 56 1 1 NN 0  4  6  4  6 0 1 0.646463 0 0 7642.221758 7642.723291 7643.224831 7643.425455 7645.431594 7646.078056 1 C 
 24 375 6 57 2 2 LL 1  5  5  4  4 1 1 0.410553 0 0 7647.337443 7647.838974 7648.340512 7648.541136 7650.547276 7650.957829 1 C 
 24 376 6 58 2 2 LL 1  5  4  4  5 1 1 1.065671 0 0 7652.219074 7652.720604 7653.222141 7653.422761 7655.428906 7656.494576 1 C 
 24 377 6 59 3 1 HN 0  5  6  8  6 0 1 0.765528 0 0 7657.769421 7658.270951 7658.772490 7658.973103 7660.979257 7661.744785 1 C 
 24 378 6 60 2 3 LH 1  6  6  5  9 1 1 0.474489 0 0 7663.018845 7663.520380 7664.021914 7664.222528 7666.228677 7666.703166 1 C 
