  9   1 0 43 3 3 HH 1  5  5  2  2 1 1 14.278734 0 0 9084.792940 9085.293907 9085.794884 9085.995270 9087.999172 9102.277905 1 C 
  9   2 0 44 3 3 HH 1  4  5  1  8 1 1 7.654891 0 0 9103.546057 9104.047028 9104.548002 9104.748391 9106.752297 9114.407188 1 C 
  9   3 0 45 3 2 HL 1  6  5  3  4 1 1 1.579671 0 0 9115.669629 9116.170595 9116.671571 9116.871958 9118.875855 9120.455526 1 C 
  9   4 0 46 1 1 NN 0  5  6  5  6 0 1 0.785776 0 0 9121.714714 9122.215680 9122.716655 9122.917043 9124.920939 9125.706714 1 C 
  9   5 0 47 2 2 LL 1  4  6  5  5 1 1 5.300328 0 0 9126.974933 9127.475905 9127.976882 9128.177268 9130.181163 9135.481492 1 C 
  9   6 0 48 1 1 NN 0  4  6  4  6 0 1 0.808296 0 0 9136.743929 9137.244900 9137.745869 9137.946258 9139.950154 9140.758451 1 C 
  9   7 0 49 1 1 NN 0  5  6  5  6 0 1 0.616457 0 0 9142.020854 9142.521820 9143.022796 9143.223183 9145.227079 9145.843536 1 C 
  9   8 0 50 2 3 LH 1  4  6  5  3 1 1 0.560257 0 0 9147.114087 9147.615054 9148.116030 9148.316417 9150.320311 9150.880569 1 C 
  9   9 0 51 1 3 NH 0  4  4  4  7 0 1 0.999868 0 0 9152.140525 9152.641492 9153.142467 9153.342855 9155.346750 9156.346619 1 C 
  9  10 0 52 2 2 LL 1  4  4  5  5 1 1 0.607769 0 0 9157.617836 9158.118804 9158.619781 9158.820169 9160.824063 9161.431832 1 C 
  9  11 0 53 1 3 NH 0  6  4  6  7 0 1 0.844436 0 0 9162.694375 9163.195341 9163.696315 9163.896704 9165.900599 9166.745035 1 C 
  9  12 0 54 3 1 HN 0  4  5  1  5 0 1 1.597178 0 0 9168.004697 9168.505663 9169.006637 9169.207027 9171.210922 9172.808101 1 C 
  9  13 0 55 2 3 LH 1  5  6  4  9 1 1 0.673506 0 0 9174.083179 9174.584146 9175.085120 9175.285509 9177.289405 9177.962911 1 C 
  9  14 0 56 1 3 NH 0  5  4  5  1 0 1 0.583765 0 0 9179.226508 9179.727477 9180.228451 9180.428840 9182.432737 9183.016502 1 C 
  9  15 0 57 2 1 LN 0  5  6  4  6 0 1 0.919421 0 0 9184.286342 9184.787314 9185.288287 9185.488677 9187.492572 9188.411993 1 C 
  9  16 0 58 3 1 HN 0  4  5  1  5 0 1 0.674344 0 0 9189.680166 9190.181132 9190.682108 9190.882495 9192.886391 9193.560735 1 C 
  9  17 0 59 1 3 NH 0  5  5  5  2 0 1 1.107014 0 0 9194.823496 9195.324466 9195.825441 9196.025826 9198.029722 9199.136736 1 C 
  9  18 0 60 3 1 HN 0  6  4  3  4 0 1 0.666205 0 0 9200.401001 9200.901972 9201.402946 9201.603335 9203.607231 9204.273435 1 C 
  9  19 1  1 3 2 HL 1  4  5  7  4 1 1 0.864080 0 0 9207.414632 9207.915605 9208.416580 9208.616970 9210.620865 9211.484945 1 C 
  9  20 1  2 2 2 LL 1  6  5  5  4 1 1 1.438546 0 0 9212.758361 9213.259327 9213.760303 9213.960691 9215.964586 9217.403132 1 C 
  9  21 1  3 3 3 HH 1  5  5  8  2 1 1 0.656537 0 0 9218.669855 9219.170819 9219.671793 9219.872182 9221.876079 9222.532616 1 C 
  9  22 1  4 3 1 HN 0  5  5  2  5 0 1 0.802462 0 0 9223.796487 9224.297451 9224.798425 9224.998815 9227.002710 9227.805172 1 C 
  9  23 1  5 1 3 NH 0  4  6  4  3 0 1 0.635441 0 0 9229.073410 9229.574376 9230.075349 9230.275741 9232.279635 9232.915075 1 C 
  9  24 1  6 2 2 LL 1  6  5  5  6 1 1 1.094466 0 0 9234.183343 9234.684309 9235.185285 9235.385673 9237.389566 9238.484032 1 C 
  9  25 1  7 1 3 NH 0  6  5  6  2 0 1 0.535046 0 0 9239.744153 9240.245119 9240.746093 9240.946482 9242.950378 9243.485424 1 C 
  9  26 1  8 2 3 LH 1  4  5  5  2 1 1 1.821607 0 0 9244.753891 9245.254857 9245.755831 9245.956221 9247.960122 9249.781728 1 C 
  9  27 1  9 1 3 NH 0  5  4  5  7 1 0 1.354512 0 0 9251.049463 9251.550428 9252.051405 9252.251793 9254.255687 9255.610199 1 E 
  9  28 1 10 2 3 LH 1  6  5  5  2 1 1 1.062672 0 0 9256.877455 9257.378424 9257.879400 9258.079788 9260.083683 9261.146355 1 C 
  9  29 1 11 1 3 NH 0  5  5  5  2 0 1 0.759617 0 0 9262.421569 9262.922537 9263.423509 9263.623898 9265.627793 9266.387410 1 C 
  9  30 1 12 2 3 LH 1  4  4  5  1 1 1 0.588750 0 0 9267.648396 9268.149362 9268.650336 9268.850728 9270.854620 9271.443370 1 C 
  9  31 1 13 2 3 LH 1  5  5  6  2 1 1 0.522127 0 0 9272.708228 9273.209201 9273.710171 9273.910561 9275.914458 9276.436584 1 C 
  9  32 1 14 1 3 NH 0  6  6  6  3 0 1 0.513034 0 0 9277.701271 9278.202238 9278.703211 9278.903601 9280.907497 9281.420530 1 C 
  9  33 1 15 3 3 HH 1  6  6  9  9 1 1 0.840103 0 0 9282.694311 9283.195281 9283.696251 9283.896640 9285.900536 9286.740639 1 C 
  9  34 1 16 2 2 LL 1  5  4  4  5 1 1 1.080865 0 0 9288.004633 9288.505600 9289.006573 9289.206963 9291.210857 9292.291723 1 C 
  9  35 1 17 1 2 NL 0  6  5  6  4 0 1 0.593970 0 0 9293.565443 9294.066409 9294.567383 9294.767773 9296.771670 9297.365640 1 C 
  9  36 1 18 2 1 LN 0  5  4  6  4 0 1 0.769097 0 0 9298.625279 9299.126245 9299.627219 9299.827608 9301.831503 9302.600600 1 C 
  9  37 1 19 3 3 HH 1  4  4  7  7 1 1 0.613067 0 0 9303.868801 9304.369771 9304.870748 9305.071134 9307.075030 9307.688097 1 C 
  9  38 1 20 1 3 NH 0  5  6  5  9 0 1 0.685437 0 0 9308.962032 9309.463005 9309.963983 9310.164369 9312.168264 9312.853701 1 C 
  9  39 1 21 2 2 LL 1  6  5  5  6 1 1 0.966138 0 0 9314.122070 9314.623036 9315.124010 9315.324402 9317.328295 9318.294433 1 C 
  9  40 1 22 1 1 NN 0  4  6  4  6 0 1 0.671768 0 0 9319.565985 9320.066952 9320.567926 9320.768315 9322.772211 9323.443980 1 C 
  9  41 1 23 1 2 NL 0  5  5  5  4 0 1 0.596383 0 0 9324.709318 9325.210284 9325.711260 9325.911647 9327.915543 9328.511925 1 C 
  9  42 1 24 1 1 NN 0  6  4  6  4 0 1 0.574143 0 0 9329.785852 9330.286819 9330.787796 9330.988182 9332.992077 9333.566220 1 C 
  9  43 1 25 2 2 LL 1  6  6  5  5 1 1 0.622446 0 0 9334.828989 9335.329955 9335.830931 9336.031319 9338.035218 9338.657664 1 C 
  9  44 1 26 3 2 HL 1  4  5  7  6 1 1 0.533036 0 0 9339.922223 9340.423190 9340.924165 9341.124553 9343.128448 9343.661484 1 C 
  9  45 1 27 1 3 NH 0  4  4  4  7 0 1 0.863708 0 0 9344.931961 9345.432930 9345.933904 9346.134291 9348.138187 9349.001895 1 C 
  9  46 1 28 3 1 HN 0  4  4  1  4 0 1 0.852538 0 0 9350.275683 9350.776649 9351.277623 9351.478013 9353.481908 9354.334446 1 C 
  9  47 1 29 1 2 NL 0  5  5  5  4 0 1 0.527165 0 0 9355.602704 9356.103671 9356.604645 9356.805035 9358.808930 9359.336095 1 C 
  9  48 1 30 2 2 LL 1  6  4  5  5 1 1 0.854640 0 0 9360.595744 9361.096710 9361.597684 9361.798074 9363.801970 9364.656609 1 C 
  9  49 1 31 1 1 NN 0  6  5  6  5 0 1 0.535229 0 0 9365.922761 9366.423732 9366.924706 9367.125095 9369.128991 9369.664220 1 C 
  9  50 1 32 2 2 LL 1  6  4  5  5 1 1 0.579814 0 0 9370.932500 9371.433476 9371.934445 9372.134834 9374.138729 9374.718544 1 C 
  9  51 1 33 3 3 HH 1  5  6  8  9 1 1 0.706946 0 0 9375.992336 9376.493306 9376.994280 9377.194670 9379.198565 9379.905511 1 C 
  9  52 1 34 2 1 LN 0  6  4  5  4 0 1 0.657792 0 0 9381.169066 9381.670036 9382.171013 9382.371399 9384.375297 9385.033088 1 C 
  9  53 1 35 3 2 HL 1  4  6  1  5 1 1 0.578492 0 0 9386.295701 9386.796669 9387.297643 9387.498031 9389.501928 9390.080420 1 C 
  9  54 1 36 2 1 LN 0  6  6  5  6 0 1 0.694379 0 0 9391.355534 9391.856504 9392.357478 9392.557868 9394.561763 9395.256142 1 C 
  9  55 1 37 3 2 HL 1  4  5  1  4 1 1 1.208707 0 0 9396.515566 9397.016535 9397.517510 9397.717898 9399.721794 9400.930501 1 C 
  9  56 1 38 2 3 LH 1  4  6  5  3 1 1 0.641084 0 0 9402.193269 9402.694239 9403.195213 9403.395602 9405.399497 9406.040582 1 C 
  9  57 1 39 2 3 LH 1  4  4  5  7 1 1 0.667137 0 0 9407.303201 9407.804172 9408.305149 9408.505536 9410.509431 9411.176568 1 C 
  9  58 1 40 2 2 LL 1  6  5  5  6 1 1 0.965444 0 0 9412.446534 9412.947503 9413.448477 9413.648867 9415.652762 9416.618207 1 C 
  9  59 1 41 3 2 HL 1  6  4  3  5 1 1 0.529717 0 0 9417.890450 9418.391420 9418.892393 9419.092783 9421.096678 9421.626395 1 C 
  9  60 1 42 1 1 NN 0  5  4  5  4 0 1 0.607673 0 0 9422.900187 9423.401158 9423.902135 9424.102521 9426.106417 9426.714090 1 C 
  9  61 1 43 2 2 LL 1  5  6  4  5 1 1 0.961213 0 0 9427.976727 9428.477693 9428.978667 9429.179057 9431.182963 9432.144176 1 C 
  9  62 1 44 3 1 HN 0  6  6  9  6 0 1 0.870201 0 0 9433.403942 9433.904910 9434.405884 9434.606273 9436.610169 9437.480370 1 C 
  9  63 1 45 2 2 LL 1  6  4  5  5 1 1 0.807535 0 0 9438.747665 9439.248631 9439.749605 9439.949995 9441.953890 9442.761425 1 C 
  9  64 1 46 2 2 LL 1  6  5  5  4 1 1 0.819185 0 0 9444.024585 9444.525555 9445.026533 9445.226919 9447.230815 9448.050000 1 C 
  9  65 1 47 2 3 LH 1  6  4  5  7 1 1 0.820160 0 0 9449.318212 9449.819179 9450.320153 9450.520541 9452.524438 9453.344598 1 C 
  9  66 1 48 1 1 NN 0  5  5  5  5 0 1 0.632705 0 0 9454.611837 9455.112803 9455.613779 9455.814167 9457.818061 9458.450766 1 C 
  9  67 1 49 2 3 LH 1  5  5  6  2 1 1 0.490729 0 0 9459.721765 9460.222736 9460.723713 9460.924099 9462.927995 9463.418724 1 C 
  9  68 1 50 2 2 LL 1  5  5  6  4 1 1 0.562992 0 0 9464.681406 9465.182377 9465.683354 9465.883740 9467.887636 9468.450627 1 C 
  9  69 1 51 2 1 LN 0  5  5  6  5 0 1 1.306250 0 0 9469.724544 9470.225514 9470.726491 9470.926877 9472.930773 9474.237023 1 C 
  9  70 1 52 2 1 LN 0  6  5  5  5 0 1 0.852668 0 0 9475.502449 9476.003414 9476.504386 9476.704776 9478.708671 9479.561339 1 C 
  9  71 1 53 3 2 HL 1  4  6  1  5 1 1 1.394302 0 0 9480.829464 9481.330434 9481.831408 9482.031801 9484.035693 9485.429995 1 C 
  9  72 1 54 1 1 NN 0  5  4  5  4 0 1 0.749818 0 0 9486.690857 9487.191828 9487.692802 9487.893192 9489.897087 9490.646905 1 C 
  9  73 1 55 1 3 NH 0  4  6  4  9 0 1 0.936072 0 0 9491.917685 9492.418655 9492.919629 9493.120019 9495.123914 9496.059986 1 C 
  9  74 1 56 2 1 LN 0  6  4  5  4 0 1 1.149019 0 0 9497.328212 9497.829173 9498.330150 9498.530537 9500.534433 9501.683452 1 C 
  9  75 1 57 3 1 HN 0  4  5  7  5 0 1 1.108593 0 0 9502.955812 9503.456779 9503.957757 9504.158142 9506.162040 9507.270633 1 C 
  9  76 1 58 3 3 HH 1  5  6  8  3 1 1 0.507495 0 0 9508.533323 9509.034288 9509.535264 9509.735652 9511.739546 9512.247042 1 C 
  9  77 1 59 3 3 HH 1  5  5  2  2 1 1 0.968175 0 0 9513.509658 9514.010629 9514.511601 9514.711992 9516.715887 9517.684062 1 C 
  9  78 1 60 2 1 LN 0  4  5  5  5 0 1 0.655244 0 0 9518.953575 9519.454544 9519.955518 9520.155907 9522.159803 9522.815047 1 C 
  9  79 2  1 3 1 HN 0  4  6  1  6 0 1 0.510048 0 0 9531.127241 9531.628209 9532.129184 9532.329572 9534.333467 9534.843516 1 C 
  9  80 2  2 3 2 HL 1  5  6  2  5 1 1 0.706614 0 0 9536.103583 9536.604549 9537.105523 9537.305913 9539.309808 9540.016422 1 C 
  9  81 2  3 3 1 HN 0  6  4  9  4 0 1 0.657522 0 0 9541.280311 9541.781279 9542.282255 9542.482643 9544.486538 9545.144060 1 C 
  9  82 2  4 3 2 HL 1  5  6  8  5 1 1 0.738901 0 0 9546.406940 9546.907915 9547.408885 9547.609274 9549.613177 9550.352077 1 C 
  9  83 2  5 2 1 LN 0  4  6  5  6 0 1 0.550575 0 0 9551.617072 9552.118044 9552.619015 9552.819402 9554.823298 9555.373873 1 C 
  9  84 2  6 3 1 HN 0  5  6  2  6 0 1 0.604491 0 0 9556.643511 9557.144477 9557.645451 9557.845840 9559.849738 9560.454229 1 C 
  9  85 2  7 2 3 LH 1  5  5  4  8 1 1 0.602042 0 0 9561.720050 9562.221012 9562.721988 9562.922376 9564.926271 9565.528313 1 C 
  9  86 2  8 3 3 HH 1  6  4  3  7 1 1 0.540515 0 0 9566.796576 9567.297547 9567.798521 9567.998910 9570.002805 9570.543321 1 C 
  9  87 2  9 1 3 NH 0  6  6  6  9 0 1 1.098485 0 0 9571.806315 9572.307285 9572.808259 9573.008651 9575.012544 9576.111029 1 C 
  9  88 2 10 2 1 LN 0  4  4  5  4 0 1 0.704504 0 0 9577.383834 9577.884794 9578.385771 9578.586158 9580.590053 9581.294557 1 C 
  9  89 2 11 3 1 HN 0  4  5  1  5 0 1 0.646551 0 0 9582.560559 9583.061524 9583.562498 9583.762887 9585.766783 9586.413333 1 C 
  9  90 2 12 3 1 HN 0  4  4  1  4 0 1 0.521967 0 0 9587.687185 9588.188158 9588.689131 9588.889520 9590.893415 9591.415383 1 C 
  9  91 2 13 2 3 LH 1  4  4  5  1 1 1 0.368135 0 0 9592.680225 9593.181196 9593.682170 9593.882559 9595.886455 9596.254590 1 C 
  9  92 2 14 1 2 NL 0  4  6  4  5 0 1 0.596526 0 0 9597.522976 9598.023943 9598.524917 9598.725306 9600.729202 9601.325728 1 C 
  9  93 2 15 3 3 HH 1  4  4  7  7 1 1 0.562451 0 0 9602.599507 9603.100478 9603.601452 9603.801841 9605.805737 9606.368188 1 C 
  9  94 2 16 1 2 NL 0  4  6  4  5 0 1 0.583061 0 0 9607.642649 9608.143615 9608.644589 9608.844978 9610.848874 9611.431935 1 C 
  9  95 2 17 1 2 NL 0  5  6  5  5 0 1 0.576803 0 0 9612.702485 9613.203451 9613.704424 9613.904814 9615.908707 9616.485510 1 C 
  9  96 2 18 1 1 NN 0  5  5  5  5 0 1 0.401604 0 0 9617.745618 9618.246587 9618.747561 9618.947951 9620.951846 9621.353450 1 C 
  9  97 2 19 2 3 LH 1  5  6  4  3 1 1 0.418322 0 0 9622.621765 9623.122733 9623.623709 9623.824096 9625.827992 9626.246314 1 C 
  9  98 2 20 2 3 LH 1  5  5  4  8 1 1 0.911716 0 0 9627.514606 9628.015577 9628.516555 9628.716941 9630.720836 9631.632552 1 C 
  9  99 2 21 3 3 HH 1  5  4  2  7 1 1 0.633499 0 0 9632.891726 9633.392697 9633.893671 9634.094060 9636.097955 9636.731455 1 C 
  9 100 2 22 2 1 LN 0  5  4  4  4 0 1 1.209239 0 0 9638.001661 9638.502630 9639.003602 9639.203994 9641.207889 9642.417128 1 C 
  9 101 2 23 3 3 HH 1  5  6  8  9 1 1 0.563155 0 0 9643.679363 9644.180334 9644.681311 9644.881697 9646.885593 9647.448748 1 C 
  9 102 2 24 3 3 HH 1  5  4  8  7 1 1 0.683259 0 0 9648.722500 9649.223472 9649.724448 9649.924834 9651.928729 9652.611988 1 C 
  9 103 2 25 1 2 NL 0  4  4  4  5 0 1 0.689058 0 0 9653.882531 9654.383501 9654.884478 9655.084864 9657.088760 9657.777819 1 C 
  9 104 2 26 1 2 NL 0  6  5  6  6 0 1 0.466222 0 0 9659.042566 9659.543537 9660.044505 9660.244895 9662.248788 9662.715010 1 C 
  9 105 2 27 2 2 LL 1  6  4  5  5 1 1 0.484376 0 0 9663.985517 9664.486474 9664.987448 9665.187837 9667.191732 9667.676108 1 C 
  9 106 2 28 1 3 NH 0  5  6  5  3 0 1 0.633203 0 0 9668.945149 9669.446115 9669.947091 9670.147479 9672.151374 9672.784577 1 C 
  9 107 2 29 2 2 LL 1  6  6  5  5 1 1 0.595688 0 0 9674.055077 9674.556048 9675.057022 9675.257412 9677.261307 9677.856994 1 C 
  9 108 2 30 2 1 LN 0  6  4  5  4 0 1 0.738461 0 0 9679.131617 9679.632583 9680.133557 9680.333947 9682.337842 9683.076302 1 C 
  9 109 2 31 2 3 LH 1  6  6  5  3 1 1 0.672269 0 0 9684.341741 9684.842711 9685.343685 9685.544075 9687.547981 9688.220250 1 C 
  9 110 2 32 3 2 HL 1  4  6  1  5 1 1 1.097514 0 0 9689.485077 9689.986043 9690.487019 9690.687406 9692.691302 9693.788816 1 C 
  9 111 2 33 3 3 HH 1  5  5  8  8 1 1 0.518196 0 0 9695.062581 9695.563552 9696.064525 9696.264915 9698.268810 9698.787007 1 C 
  9 112 2 34 3 3 HH 1  5  4  2  7 1 1 0.574329 0 0 9700.055625 9700.556591 9701.057565 9701.257955 9703.261850 9703.836179 1 C 
  9 113 2 35 1 2 NL 0  5  4  5  5 0 1 0.932554 0 0 9705.098763 9705.599728 9706.100704 9706.301092 9708.304991 9709.237545 1 C 
  9 114 2 36 1 1 NN 0  5  6  5  6 0 1 0.557595 0 0 9710.509279 9711.010246 9711.511218 9711.711609 9713.715505 9714.273100 1 C 
  9 115 2 37 1 1 NN 0  5  5  5  5 0 1 0.629931 0 0 9715.535716 9716.036683 9716.537659 9716.738047 9718.741941 9719.371873 1 C 
  9 116 2 38 1 3 NH 0  4  6  4  3 0 1 0.641025 0 0 9720.645653 9721.146616 9721.647593 9721.847979 9723.851875 9724.492900 1 C 
  9 117 2 39 1 2 NL 0  4  4  4  5 0 1 0.527797 0 0 9725.755584 9726.256550 9726.757526 9726.957913 9728.961809 9729.489606 1 C 
  9 118 2 40 3 1 HN 0  4  4  7  4 0 1 0.851269 0 0 9730.748623 9731.249589 9731.750564 9731.950953 9733.954848 9734.806117 1 C 
  9 119 2 41 1 2 NL 0  5  5  5  6 0 1 0.532316 0 0 9736.075654 9736.576611 9737.077585 9737.277974 9739.281870 9739.814186 1 C 
  9 120 2 42 1 1 NN 0  5  5  5  5 0 1 0.523099 0 0 9741.085379 9741.586349 9742.087323 9742.287712 9744.291608 9744.814707 1 C 
  9 121 2 43 1 3 NH 0  5  4  5  1 0 1 0.719069 0 0 9746.078421 9746.579388 9747.080362 9747.280752 9749.284647 9750.003716 1 C 
  9 122 2 44 3 3 HH 1  4  6  1  3 1 1 0.485071 0 0 9751.271847 9751.772817 9752.273791 9752.474181 9754.478076 9754.963147 1 C 
  9 123 2 45 3 3 HH 1  5  4  2  1 1 1 0.588624 0 0 9756.231488 9756.732458 9757.233432 9757.433822 9759.437717 9760.026341 1 C 
  9 124 2 46 2 1 LN 0  5  6  6  6 0 1 1.793253 0 0 9761.291324 9761.792294 9762.293268 9762.493658 9764.497553 9766.290806 1 C 
  9 125 2 47 3 1 HN 0  6  5  3  5 0 1 0.894560 0 0 9767.553502 9768.054468 9768.555442 9768.755831 9770.759727 9771.654287 1 C 
  9 126 2 48 3 2 HL 1  5  4  8  5 1 1 0.762452 0 0 9772.913922 9773.414888 9773.915864 9774.116252 9776.120147 9776.882599 1 C 
  9 127 2 49 1 1 NN 0  4  5  4  5 0 1 0.648878 0 0 9778.157447 9778.658418 9779.159388 9779.359778 9781.363673 9782.012550 1 C 
  9 128 2 50 2 1 LN 0  6  4  5  4 0 1 0.746853 0 0 9783.284085 9783.785047 9784.286020 9784.486410 9786.490316 9787.237168 1 C 
  9 129 2 51 2 3 LH 1  5  4  4  7 1 1 0.816685 0 0 9788.510903 9789.011874 9789.512851 9789.713237 9791.717132 9792.533817 1 C 
  9 130 2 52 3 3 HH 1  5  5  8  8 1 1 0.556705 0 0 9793.804527 9794.305497 9794.806475 9795.006861 9797.010762 9797.567467 1 C 
  9 131 2 53 1 3 NH 0  4  5  4  2 0 1 0.832842 0 0 9798.830969 9799.331935 9799.832909 9800.033299 9802.037194 9802.870036 1 C 
  9 132 2 54 2 1 LN 0  4  6  5  6 0 1 0.524193 0 0 9804.141297 9804.642258 9805.143232 9805.343622 9807.347516 9807.871708 1 C 
  9 133 2 55 2 1 LN 0  4  6  5  6 0 1 0.656920 0 0 9809.134329 9809.635298 9810.136271 9810.336661 9812.340559 9812.997478 1 C 
  9 134 2 56 3 3 HH 1  6  5  9  2 1 1 0.629923 0 0 9814.260963 9814.761930 9815.262904 9815.463292 9817.467201 9818.097124 1 C 
  9 135 2 57 2 2 LL 1  6  6  5  5 1 1 0.662209 0 0 9819.370893 9819.871863 9820.372837 9820.573226 9822.577122 9823.239330 1 C 
  9 136 2 58 2 2 LL 1  5  5  6  4 1 1 0.709453 0 0 9824.514228 9825.015195 9825.516170 9825.716558 9827.720454 9828.429907 1 C 
  9 137 2 59 3 2 HL 1  4  4  7  5 1 1 0.568745 0 0 9829.690958 9830.191925 9830.692898 9830.893288 9832.897183 9833.465929 1 C 
  9 138 2 60 2 1 LN 0  5  4  4  4 0 1 0.640868 0 0 9834.734091 9835.235061 9835.736038 9835.936424 9837.940320 9838.581188 1 C 
  9 139 3  1 1 1 NN 0  4  6  4  6 0 1 0.640878 0 0 9857.595200 9858.096168 9858.597144 9858.797531 9860.801426 9861.442304 1 C 
  9 140 3  2 3 1 HN 0  6  4  9  4 0 1 0.711772 0 0 9862.705145 9863.206101 9863.707075 9863.907465 9865.911368 9866.623140 1 C 
  9 141 3  3 3 3 HH 1  4  4  1  7 1 1 0.543341 0 0 9867.898560 9868.399533 9868.900507 9869.100893 9871.104788 9871.648130 1 C 
  9 142 3  4 3 3 HH 1  6  4  9  7 1 1 0.805828 0 0 9872.908299 9873.409268 9873.910242 9874.110632 9876.114527 9876.920355 1 C 
  9 143 3  5 3 3 HH 1  6  5  9  2 1 1 0.560899 0 0 9878.185222 9878.686193 9879.187167 9879.387556 9881.391452 9881.952351 1 C 
  9 144 3  6 1 2 NL 0  6  4  6  5 0 1 0.646656 0 0 9883.211660 9883.712630 9884.213608 9884.413994 9886.417889 9887.064545 1 C 
  9 145 3  7 1 2 NL 0  5  5  5  6 0 1 0.633046 0 0 9888.338292 9888.839263 9889.340240 9889.540626 9891.544522 9892.177568 1 C 
  9 146 3  8 3 2 HL 1  5  5  2  4 1 1 0.549329 0 0 9893.448229 9893.949196 9894.450170 9894.650560 9896.654455 9897.203784 1 C 
  9 147 3  9 3 3 HH 1  6  5  3  2 1 1 0.634128 0 0 9898.474668 9898.975634 9899.476608 9899.676998 9901.680893 9902.315021 1 C 
  9 148 3 10 3 1 HN 0  4  6  1  6 0 1 1.192190 0 0 9903.584597 9904.085567 9904.586544 9904.786930 9906.790826 9907.983016 1 C 
  9 149 3 11 1 3 NH 0  5  6  5  9 0 1 0.707711 0 0 9909.245601 9909.746571 9910.247549 9910.447935 9912.451831 9913.159542 1 C 
  9 150 3 12 3 2 HL 1  6  6  9  5 1 1 0.543806 0 0 9914.422331 9914.923301 9915.424275 9915.624664 9917.628560 9918.172366 1 C 
  9 151 3 13 3 1 HN 0  5  6  2  6 0 1 0.660677 0 0 9919.432076 9919.933040 9920.434018 9920.634403 9922.638298 9923.298976 1 C 
  9 152 3 14 1 1 NN 0  5  5  5  5 0 1 0.583410 0 0 9924.558708 9925.059673 9925.560650 9925.761036 9927.764940 9928.348350 1 C 
  9 153 3 15 2 3 LH 1  5  6  6  9 1 1 1.216993 0 0 9929.618538 9930.119508 9930.620482 9930.820871 9932.824767 9934.041760 1 C 
  9 154 3 16 3 3 HH 1  6  4  3  7 1 1 0.770871 0 0 9935.312941 9935.813911 9936.314888 9936.515274 9938.519170 9939.290040 1 C 
  9 155 3 17 1 1 NN 0  4  4  4  4 0 1 0.577167 0 0 9940.556469 9941.057436 9941.558413 9941.758801 9943.762696 9944.339862 1 C 
  9 156 3 18 1 3 NH 0  5  5  5  2 0 1 0.660038 0 0 9945.599605 9946.100574 9946.601548 9946.801937 9948.805833 9949.465871 1 C 
  9 157 3 19 3 3 HH 1  4  6  7  3 1 1 0.585504 0 0 9950.726240 9951.227207 9951.728183 9951.928570 9953.932465 9954.517969 1 C 
  9 158 3 20 1 2 NL 0  5  5  5  6 0 1 0.572338 0 0 9955.786077 9956.287043 9956.788016 9956.988406 9958.992302 9959.564640 1 C 
  9 159 3 21 2 2 LL 1  5  4  6  5 1 1 0.654706 0 0 9960.829208 9961.330179 9961.831153 9962.031542 9964.035438 9964.690143 1 C 
  9 160 3 22 2 3 LH 1  4  5  5  2 1 1 0.939590 0 0 9965.955849 9966.456812 9966.957788 9967.158175 9969.162070 9970.101660 1 C 
  9 161 3 23 3 3 HH 1  4  6  1  3 1 1 0.600684 0 0 9971.366358 9971.867329 9972.368303 9972.568693 9974.572588 9975.173272 1 C 
  9 162 3 24 1 3 NH 0  6  4  6  1 1 0 0.962776 0 0 9976.442893 9976.943864 9977.444838 9977.645227 9979.649123 9980.611899 1 E 
  9 163 3 25 2 3 LH 1  5  6  6  9 1 1 0.936595 0 0 9981.886813 9982.387779 9982.888754 9983.089144 9985.093041 9986.029636 1 C 
  9 164 3 26 3 2 HL 1  6  4  3  5 1 1 0.660160 0 0 9987.297327 9987.798297 9988.299271 9988.499661 9990.503556 9991.163716 1 C 
  9 165 3 27 2 1 LN 0  5  5  4  5 0 1 1.800591 0 0 9992.423959 9992.924930 9993.425908 9993.626293 9995.630197 9997.430788 1 C 
  9 166 3 28 2 1 LN 0  5  5  6  5 0 1 0.423169 0 0 9998.702835 9999.203802 9999.704776 9999.905166 10001.909061 10002.332230 1 C 
  9 167 3 29 3 1 HN 0  4  5  7  5 1 0 0.626877 0 0 10003.595679 10004.096647 10004.597622 10004.798011 10006.801906 10007.428783 1 E 
  9 168 3 30 2 1 LN 0  5  5  6  5 0 1 3.496086 0 0 10008.688913 10009.189881 10009.690858 10009.891244 10011.895140 10015.391226 1 C 
  9 169 3 31 2 2 LL 1  6  5  5  6 1 1 0.864743 0 0 10016.654398 10017.155365 10017.656339 10017.856728 10019.860624 10020.725367 1 C 
  9 170 3 32 2 1 LN 0  5  4  6  4 0 1 0.639018 0 0 10021.998115 10022.499086 10023.000061 10023.200449 10025.204345 10025.843362 1 C 
  9 171 3 33 3 1 HN 0  6  5  3  5 0 1 1.003652 0 0 10027.108049 10027.609020 10028.109997 10028.310383 10030.314278 10031.317930 1 C 
  9 172 3 34 1 1 NN 0  6  5  6  5 0 1 0.574310 0 0 10032.585373 10033.086333 10033.587307 10033.787697 10035.791594 10036.365904 1 C 
  9 173 3 35 2 3 LH 1  5  4  4  1 1 1 1.428472 0 0 10037.628499 10038.129471 10038.630445 10038.830834 10040.834729 10042.263201 1 C 
  9 174 3 36 2 3 LH 1  5  4  6  1 1 1 0.722995 0 0 10043.523291 10044.024266 10044.525236 10044.725626 10046.729524 10047.452519 1 C 
  9 175 3 37 3 2 HL 1  6  5  3  4 1 1 0.674484 0 0 10048.716725 10049.217692 10049.718669 10049.919055 10051.922950 10052.597434 1 C 
  9 176 3 38 3 2 HL 1  5  5  2  4 1 1 0.507451 0 0 10053.860052 10054.361023 10054.862000 10055.062386 10057.066291 10057.573741 1 C 
  9 177 3 39 3 3 HH 1  5  6  8  3 1 1 0.613315 0 0 10058.836397 10059.337363 10059.838339 10060.038727 10062.042622 10062.655937 1 C 
  9 178 3 40 2 2 LL 1  6  6  5  5 1 1 0.672404 0 0 10063.929626 10064.430597 10064.931571 10065.131961 10067.135856 10067.808260 1 C 
  9 179 3 41 2 3 LH 1  5  4  4  1 1 1 0.574300 0 0 10069.072962 10069.573931 10070.074903 10070.275292 10072.279188 10072.853488 1 C 
  9 180 3 42 2 1 LN 0  5  5  4  5 1 0 1.462351 0 0 10074.116100 10074.617066 10075.118041 10075.318430 10077.322325 10078.784676 1 E 
  9 181 3 43 3 2 HL 1  4  4  1  5 1 1 0.655678 0 0 10080.044290 10080.545255 10081.046232 10081.246620 10083.250515 10083.906194 1 C 
  9 182 3 44 2 2 LL 1  6  6  5  5 1 1 0.654781 0 0 10085.170923 10085.671889 10086.172861 10086.373252 10088.377148 10089.031929 1 C 
  9 183 3 45 2 3 LH 1  6  6  5  3 1 1 0.546418 0 0 10090.297556 10090.798521 10091.299499 10091.499884 10093.503780 10094.050198 1 C 
  9 184 3 46 1 3 NH 0  4  5  4  2 0 1 0.563222 0 0 10095.323989 10095.824959 10096.325932 10096.526322 10098.530217 10099.093440 1 C 
  9 185 3 47 1 1 NN 0  4  4  4  4 0 1 0.456340 0 0 10100.367124 10100.868095 10101.369069 10101.569459 10103.573355 10104.029694 1 C 
  9 186 3 48 3 2 HL 1  6  4  3  5 1 1 0.574287 0 0 10105.293381 10105.794339 10106.295312 10106.495701 10108.499597 10109.073885 1 C 
  9 187 3 49 2 1 LN 0  5  4  4  4 0 1 0.823335 0 0 10110.336508 10110.837475 10111.338449 10111.538839 10113.542734 10114.366070 1 C 
  9 188 3 50 2 3 LH 1  5  5  6  2 1 1 0.682488 0 0 10115.630141 10116.131101 10116.632075 10116.832462 10118.836357 10119.518846 1 C 
  9 189 3 51 1 1 NN 0  6  4  6  4 0 1 0.707903 0 0 10120.790168 10121.291130 10121.792104 10121.992493 10123.996387 10124.704290 1 C 
  9 190 3 52 1 3 NH 0  4  5  4  8 0 1 0.685496 0 0 10125.966893 10126.467859 10126.968835 10127.169223 10129.173116 10129.858612 1 C 
  9 191 3 53 2 2 LL 1  6  4  5  5 1 1 1.195355 0 0 10131.126921 10131.627890 10132.128868 10132.329253 10134.333149 10135.528504 1 C 
  9 192 3 54 3 1 HN 0  4  4  1  4 0 1 0.793162 0 0 10136.787924 10137.288898 10137.789868 10137.990257 10139.994153 10140.787315 1 C 
  9 193 3 55 3 2 HL 1  5  6  2  5 1 1 1.283657 0 0 10142.048158 10142.549120 10143.050096 10143.250488 10145.254379 10146.538035 1 C 
  9 194 3 56 3 2 HL 1  6  5  9  6 1 1 1.132185 0 0 10147.809352 10148.310319 10148.811295 10149.011683 10151.015579 10152.147763 1 C 
  9 195 3 57 2 1 LN 0  5  6  4  6 0 1 0.568662 0 0 10153.420256 10153.921226 10154.422200 10154.622590 10156.626485 10157.195148 1 C 
  9 196 3 58 1 2 NL 0  6  4  6  5 0 1 0.956269 0 0 10158.463395 10158.964362 10159.465337 10159.665736 10161.669621 10162.625890 1 C 
  9 197 3 59 3 3 HH 1  4  5  7  2 1 1 0.585144 0 0 10163.890615 10164.391580 10164.892553 10165.092943 10167.096839 10167.681983 1 C 
  9 198 3 60 3 1 HN 0  6  4  3  4 0 1 0.574703 0 0 10168.950445 10169.451415 10169.952393 10170.152779 10172.156675 10172.731378 1 C 
  9 199 4  1 1 1 NN 0  6  6  6  6 0 1 0.548891 0 0 10180.589742 10181.090708 10181.591682 10181.792072 10183.795967 10184.344859 1 C 
  9 200 4  2 2 2 LL 1  6  4  5  5 1 1 0.494436 0 0 10185.616180 10186.117146 10186.618120 10186.818509 10188.822405 10189.316841 1 C 
  9 201 4  3 2 1 LN 0  4  5  5  5 0 1 0.819210 0 0 10190.575821 10191.076787 10191.577761 10191.778150 10193.782045 10194.601255 1 C 
  9 202 4  4 1 3 NH 0  4  4  4  1 0 1 0.501789 0 0 10195.869452 10196.370411 10196.871384 10197.071774 10199.075669 10199.577458 1 C 
  9 203 4  5 1 1 NN 0  6  5  6  5 0 1 0.550722 0 0 10200.845780 10201.346754 10201.847728 10202.048114 10204.052009 10204.602731 1 C 
  9 204 4  6 3 2 HL 1  6  5  9  4 1 1 1.570664 0 0 10205.872218 10206.373188 10206.874162 10207.074552 10209.078447 10210.649111 1 C 
  9 205 4  7 3 2 HL 1  4  5  7  6 1 1 0.752222 0 0 10211.917303 10212.418273 10212.919250 10213.119636 10215.123542 10215.875764 1 C 
  9 206 4  8 1 1 NN 0  6  4  6  4 0 1 0.591009 0 0 10217.144133 10217.645100 10218.146076 10218.346463 10220.350359 10220.941368 1 C 
  9 207 4  9 1 1 NN 0  4  4  4  4 1 0 0.522672 0 0 10222.203965 10222.704936 10223.205913 10223.406299 10225.410194 10225.932866 1 E 
  9 208 4 10 1 2 NL 0  4  4  4  5 0 1 0.555147 0 0 10227.197007 10227.697975 10228.198951 10228.399339 10230.403232 10230.958379 1 C 
  9 209 4 11 2 3 LH 1  5  5  4  2 1 1 0.769023 0 0 10232.223456 10232.724413 10233.225390 10233.425776 10235.429671 10236.198694 1 C 
  9 210 4 12 2 3 LH 1  4  6  5  9 1 1 0.923325 0 0 10237.466968 10237.967939 10238.468913 10238.669302 10240.673198 10241.596523 1 C 
  9 211 4 13 1 3 NH 0  4  6  4  9 0 1 1.433433 0 0 10242.860787 10243.361757 10243.862731 10244.063121 10246.067016 10247.500449 1 C 
  9 212 4 14 3 2 HL 1  6  5  9  4 1 1 0.891576 0 0 10248.772283 10249.273248 10249.774223 10249.974612 10251.978507 10252.870082 1 C 
  9 213 4 15 3 1 HN 0  4  6  1  6 0 1 1.304121 0 0 10254.132702 10254.633670 10255.134645 10255.335033 10257.338926 10258.643047 1 C 
  9 214 4 16 3 2 HL 1  6  4  9  5 1 1 1.119935 0 0 10259.910606 10260.411568 10260.912541 10261.112931 10263.116827 10264.236762 1 C 
  9 215 4 17 3 1 HN 0  4  4  1  4 0 1 0.524188 0 0 10265.504807 10266.005775 10266.506749 10266.707139 10268.711034 10269.235223 1 C 
  9 216 4 18 2 3 LH 1  4  4  5  1 1 1 0.749055 0 0 10270.497846 10270.998815 10271.499789 10271.700184 10273.704074 10274.453129 1 C 
  9 217 4 19 2 3 LH 1  5  6  4  3 1 1 0.546227 0 0 10275.724675 10276.225642 10276.726616 10276.927005 10278.930901 10279.477128 1 C 
  9 218 4 20 3 1 HN 0  5  4  2  4 0 1 1.042670 0 0 10280.751117 10281.252080 10281.753054 10281.953443 10283.957339 10285.000009 1 C 
  9 219 4 21 3 2 HL 1  6  4  3  5 1 1 0.816531 0 0 10286.261822 10286.762792 10287.263766 10287.464155 10289.468051 10290.284581 1 C 
  9 220 4 22 2 3 LH 1  5  6  4  3 1 1 0.478010 0 0 10291.555445 10292.056415 10292.557389 10292.757779 10294.761677 10295.239687 1 C 
  9 221 4 23 2 2 LL 1  6  6  5  5 0 0 0.613280 0 0 10296.515091 10297.016057 10297.517031 10297.717420 10299.721316 10300.334596 1 E 
  9 222 4 24 1 1 NN 0  6  5  6  5 0 1 0.577473 0 0 10301.608326 10302.109291 10302.610264 10302.810655 10304.814550 10305.392023 1 C 
  9 223 4 25 2 3 LH 1  4  5  5  8 1 1 0.902650 0 0 10306.651466 10307.152428 10307.653403 10307.853791 10309.857686 10310.760336 1 C 
  9 224 4 26 2 3 LH 1  5  6  4  9 1 1 0.563173 0 0 10312.028582 10312.529547 10313.030523 10313.230910 10315.234806 10315.797979 1 C 
  9 225 4 27 3 1 HN 0  6  4  3  4 0 1 0.827248 0 0 10317.071718 10317.572684 10318.073660 10318.274047 10320.277943 10321.105192 1 C 
  9 226 4 28 2 1 LN 0  5  5  4  5 0 1 0.666127 0 0 10322.365337 10322.866307 10323.367285 10323.567671 10325.571566 10326.237693 1 C 
  9 227 4 29 1 2 NL 0  5  5  5  4 0 1 0.594124 0 0 10327.508669 10328.009640 10328.510613 10328.711002 10330.714898 10331.309022 1 C 
  9 228 4 30 2 2 LL 1  5  4  6  5 1 1 1.058435 0 0 10332.568509 10333.069475 10333.570449 10333.770839 10335.774740 10336.833175 1 C 
  9 229 4 31 3 2 HL 1  5  6  8  5 1 1 0.432868 0 0 10338.095916 10338.596886 10339.097860 10339.298252 10341.302145 10341.735013 1 C 
  9 230 4 32 2 2 LL 1  6  6  5  5 1 1 0.549075 0 0 10343.005466 10343.506430 10344.007408 10344.207793 10346.211689 10346.760764 1 C 
  9 231 4 33 1 2 NL 0  5  6  5  5 1 0 1.026849 0 0 10348.031901 10348.532868 10349.033842 10349.234231 10351.238126 10352.264975 1 E 
  9 232 4 34 2 2 LL 1  6  6  5  5 1 1 0.524100 0 0 10353.525915 10354.026881 10354.527855 10354.728244 10356.732139 10357.256239 1 C 
  9 233 4 35 1 1 NN 0  5  5  5  5 0 1 0.572804 0 0 10358.518949 10359.019920 10359.520894 10359.721283 10361.725180 10362.297984 1 C 
  9 234 4 36 1 1 NN 0  6  5  6  5 0 1 0.654214 0 0 10363.562091 10364.063057 10364.564031 10364.764421 10366.768318 10367.422532 1 C 
  9 235 4 37 2 2 LL 1  6  5  5  4 1 1 1.012634 0 0 10368.688721 10369.189690 10369.690666 10369.891053 10371.894949 10372.907583 1 C 
  9 236 4 38 3 3 HH 1  5  4  8  7 0 0 0.563138 0 0 10374.182737 10374.683703 10375.184677 10375.385066 10377.388969 10377.952107 1 E 
  9 237 4 39 3 2 HL 1  6  4  9  5 1 1 0.529641 0 0 10379.225873 10379.726839 10380.227813 10380.428203 10382.432098 10382.961740 1 C 
  9 238 4 40 1 3 NH 0  5  6  5  3 0 1 0.657803 0 0 10384.235607 10384.736578 10385.237552 10385.437941 10387.441847 10388.099649 1 C 
  9 239 4 41 3 1 HN 0  6  6  3  6 1 0 0.986767 0 0 10389.362244 10389.863210 10390.364184 10390.564574 10392.568469 10393.555235 1 E 
  9 240 4 42 3 3 HH 1  6  6  3  9 1 1 0.738822 0 0 10394.822858 10395.323829 10395.824804 10396.025189 10398.029083 10398.767905 1 C 
  9 241 4 43 2 2 LL 1  6  6  5  5 1 1 0.891619 0 0 10400.032987 10400.533954 10401.034928 10401.235317 10403.239212 10404.130831 1 C 
  9 242 4 44 3 2 HL 1  4  5  1  6 1 1 0.671965 0 0 10405.393408 10405.894374 10406.395350 10406.595736 10408.599631 10409.271596 1 C 
  9 243 4 45 3 3 HH 1  6  5  9  8 1 1 0.657823 0 0 10410.536739 10411.037709 10411.538679 10411.739068 10413.742964 10414.400787 1 C 
  9 244 4 46 3 3 HH 1  6  6  3  9 1 1 0.693380 0 0 10415.663367 10416.164337 10416.665315 10416.865701 10418.869596 10419.562976 1 C 
  9 245 4 47 3 2 HL 1  5  5  2  6 1 1 0.554967 0 0 10420.823397 10421.324368 10421.825342 10422.025731 10424.029627 10424.584594 1 C 
  9 246 4 48 2 1 LN 0  4  5  5  5 0 1 0.796914 0 0 10425.849840 10426.350806 10426.851782 10427.052169 10429.056065 10429.852979 1 C 
  9 247 4 49 3 3 HH 1  6  4  9  1 1 1 0.599798 0 0 10431.126764 10431.627731 10432.128704 10432.329094 10434.332990 10434.932788 1 C 
  9 248 4 50 2 1 LN 0  4  5  5  5 0 1 0.585459 0 0 10436.203299 10436.704266 10437.205239 10437.405629 10439.409522 10439.994980 1 C 
  9 249 4 51 2 3 LH 1  4  5  5  8 0 0 0.799353 0 0 10441.263135 10441.764101 10442.265077 10442.465466 10444.469360 10445.268714 1 E 
  9 250 4 52 2 2 LL 1  5  4  4  5 1 1 1.230419 0 0 10446.540060 10447.041030 10447.542000 10447.742389 10449.746284 10450.976703 1 C 
  9 251 4 53 1 3 NH 0  4  6  4  9 0 1 0.996566 0 0 10452.251168 10452.752127 10453.253101 10453.453491 10455.457386 10456.453952 1 C 
  9 252 4 54 1 2 NL 0  5  5  5  4 0 1 0.755110 0 0 10457.728474 10458.229442 10458.730416 10458.930805 10460.934701 10461.689811 1 C 
  9 253 4 55 3 2 HL 1  4  4  1  5 1 1 0.913840 0 0 10462.955302 10463.456269 10463.957243 10464.157632 10466.161528 10467.075368 1 C 
  9 254 4 56 2 3 LH 1  6  5  5  8 1 1 0.633319 0 0 10468.349117 10468.850087 10469.351061 10469.551450 10471.555346 10472.188665 1 C 
  9 255 4 57 1 3 NH 0  6  4  6  7 0 1 0.668641 0 0 10473.459049 10473.960020 10474.460994 10474.661384 10476.665279 10477.333920 1 C 
  9 256 4 58 1 2 NL 0  6  4  6  5 0 1 0.637848 0 0 10478.602383 10479.103352 10479.604330 10479.804716 10481.808611 10482.446458 1 C 
  9 257 4 59 3 3 HH 1  5  5  8  2 1 1 0.646575 0 0 10483.712320 10484.213286 10484.714260 10484.914649 10486.918544 10487.565118 1 C 
  9 258 4 60 2 3 LH 1  4  5  5  8 1 1 1.264796 0 0 10488.838951 10489.339918 10489.840894 10490.041282 10492.045177 10493.309973 1 C 
  9 259 5  1 2 2 LL 1  6  6  5  5 1 1 0.630046 0 0 10503.550882 10504.051852 10504.552824 10504.753214 10506.757109 10507.387155 1 C 
  9 260 5  2 1 3 NH 0  5  6  5  9 0 1 0.657639 0 0 10508.660817 10509.161785 10509.662757 10509.863147 10511.867042 10512.524682 1 C 
  9 261 5  3 3 2 HL 1  5  6  2  5 1 1 0.654316 0 0 10513.787445 10514.288416 10514.789389 10514.989779 10516.993678 10517.647994 1 C 
  9 262 5  4 1 2 NL 0  4  4  4  5 0 1 0.646627 0 0 10518.914084 10519.415048 10519.916022 10520.116412 10522.120307 10522.766934 1 C 
  9 263 5  5 1 3 NH 0  4  6  4  9 0 1 0.613181 0 0 10524.040714 10524.541681 10525.042656 10525.243044 10527.246939 10527.860121 1 C 
  9 264 5  6 1 2 NL 0  6  6  6  5 0 1 0.663260 0 0 10529.133954 10529.634914 10530.135888 10530.336278 10532.340175 10533.003435 1 C 
  9 265 5  7 1 1 NN 0  6  6  6  6 0 1 0.843691 0 0 10534.277275 10534.778246 10535.279220 10535.479609 10537.483505 10538.327195 1 C 
  9 266 5  8 2 2 LL 1  5  4  6  5 1 1 1.158827 0 0 10539.587603 10540.088568 10540.589543 10540.789932 10542.793827 10543.952654 1 C 
  9 267 5  9 3 1 HN 0  4  4  1  4 0 1 1.281814 0 0 10545.215204 10545.716175 10546.217153 10546.417538 10548.421434 10549.703248 1 C 
  9 268 5 10 3 3 HH 1  5  4  8  1 1 1 0.605677 0 0 10550.976405 10551.477374 10551.978348 10552.178738 10554.182632 10554.788309 1 C 
  9 269 5 11 1 2 NL 0  6  4  6  5 0 1 0.585173 0 0 10556.052938 10556.553909 10557.054883 10557.255272 10559.259165 10559.844338 1 C 
  9 270 5 12 3 2 HL 1  4  6  1  5 1 1 0.885974 0 0 10561.112778 10561.613746 10562.114719 10562.315109 10564.319004 10565.204978 1 C 
  9 271 5 13 3 2 HL 1  4  5  7  4 1 1 0.624415 0 0 10566.473200 10566.974166 10567.475139 10567.675529 10569.679424 10570.303839 1 C 
  9 272 5 14 2 3 LH 1  4  6  5  3 1 1 0.522510 0 0 10571.566432 10572.067400 10572.568373 10572.768763 10574.772658 10575.295168 1 C 
  9 273 5 15 2 3 LH 1  4  5  5  8 1 1 0.688179 0 0 10576.559473 10577.060439 10577.561413 10577.761802 10579.765697 10580.453876 1 C 
  9 274 5 16 3 1 HN 0  4  6  7  6 0 1 1.267890 0 0 10581.719504 10582.220470 10582.721444 10582.921833 10584.925728 10586.193618 1 C 
  9 275 5 17 3 1 HN 0  5  5  2  5 0 1 0.644521 0 0 10587.464004 10587.964970 10588.465946 10588.666333 10590.670226 10591.314747 1 C 
  9 276 5 18 2 2 LL 1  4  4  5  5 0 0 0.749510 0 0 10592.573932 10593.074903 10593.575880 10593.776266 10595.780162 10596.529672 1 E 
  9 277 5 19 2 1 LN 0  4  4  5  4 0 1 0.551987 0 0 10597.800764 10598.301730 10598.802705 10599.003094 10601.006989 10601.558976 1 C 
  9 278 5 20 2 2 LL 1  5  5  4  4 1 1 0.496341 0 0 10602.827197 10603.328168 10603.829142 10604.029531 10606.033426 10606.529768 1 C 
  9 279 5 21 2 1 LN 0  5  4  4  4 0 1 1.542758 0 0 10607.803541 10608.304508 10608.805485 10609.005871 10611.009767 10612.552525 1 C 
  9 280 5 22 1 3 NH 0  5  6  5  9 0 1 0.604439 0 0 10613.815225 10614.316194 10614.817168 10615.017558 10617.021453 10617.625892 1 C 
  9 281 5 23 3 3 HH 1  4  5  1  2 1 1 0.752383 0 0 10618.891762 10619.392729 10619.893703 10620.094093 10622.097988 10622.850371 1 C 
  9 282 5 24 3 1 HN 0  5  6  8  6 1 0 0.817529 0 0 10624.118591 10624.619557 10625.120534 10625.320920 10627.324815 10628.142344 1 E 
  9 283 5 25 1 1 NN 0  4  6  4  6 0 1 0.712569 0 0 10629.412215 10629.913180 10630.414154 10630.614544 10632.618439 10633.331008 1 C 
  9 284 5 26 2 2 LL 1  6  6  5  5 1 1 0.710648 0 0 10634.605642 10635.106609 10635.607582 10635.807971 10637.811868 10638.522516 1 C 
  9 285 5 27 2 2 LL 1  6  4  5  5 1 1 0.507485 0 0 10639.782373 10640.283339 10640.784315 10640.984702 10642.988598 10643.496083 1 C 
  9 286 5 28 2 2 LL 1  5  4  4  5 0 0 0.668170 0 0 10644.758712 10645.259679 10645.760653 10645.961042 10647.964938 10648.633108 1 E 
  9 287 5 29 3 1 HN 0  4  6  7  6 1 0 1.070470 0 0 10649.902044 10650.403011 10650.903984 10651.104374 10653.108269 10654.178739 1 E 
  9 288 5 30 1 3 NH 0  4  5  4  2 0 1 0.532816 0 0 10655.446152 10655.947120 10656.448096 10656.648484 10658.652386 10659.185201 1 C 
  9 289 5 31 3 3 HH 1  5  5  2  8 1 1 0.540778 0 0 10660.455893 10660.956860 10661.457834 10661.658223 10663.662119 10664.202897 1 C 
  9 290 5 32 3 3 HH 1  5  6  8  9 1 1 0.552024 0 0 10665.465627 10665.966598 10666.467572 10666.667961 10668.671857 10669.223880 1 C 
  9 291 5 33 1 1 NN 0  6  5  6  5 0 1 0.591054 0 0 10670.492069 10670.993036 10671.494010 10671.694399 10673.698295 10674.289349 1 C 
  9 292 5 34 2 1 LN 0  4  4  5  4 0 1 0.661566 0 0 10675.551899 10676.052872 10676.553845 10676.754235 10678.758130 10679.419696 1 C 
  9 293 5 35 1 2 NL 0  5  6  5  5 0 1 0.645587 0 0 10680.678534 10681.179504 10681.680481 10681.880867 10683.884763 10684.530350 1 C 
  9 294 5 36 2 3 LH 1  5  6  6  9 1 1 0.621326 0 0 10685.805167 10686.306139 10686.807110 10687.007500 10689.011395 10689.632721 1 C 
  9 295 5 37 3 1 HN 0  6  5  3  5 1 0 0.506435 0 0 10690.898405 10691.399371 10691.900345 10692.100734 10694.104630 10694.611065 1 E 
  9 296 5 38 1 3 NH 0  4  4  4  7 0 1 1.019429 0 0 10695.874745 10696.375711 10696.876685 10697.077077 10699.080970 10700.100399 1 C 
  9 297 5 39 3 2 HL 1  4  6  7  5 1 1 0.524214 0 0 10701.368761 10701.869724 10702.370698 10702.571087 10704.574983 10705.099196 1 C 
  9 298 5 40 1 1 NN 0  5  4  5  4 0 1 0.827001 0 0 10706.361792 10706.862763 10707.363737 10707.564127 10709.568022 10710.395023 1 C 
  9 299 5 41 1 2 NL 0  5  6  5  5 0 1 0.549058 0 0 10711.655419 10712.156387 10712.657361 10712.857750 10714.861645 10715.410703 1 C 
  9 300 5 42 1 2 NL 0  6  4  6  5 0 1 0.518729 0 0 10716.681864 10717.182825 10717.683799 10717.884188 10719.888084 10720.406813 1 C 
  9 301 5 43 2 3 LH 1  4  5  5  2 1 1 1.425643 0 0 10721.674897 10722.175864 10722.676840 10722.877228 10724.881123 10726.306766 1 C 
  9 302 5 44 3 2 HL 1  5  6  8  5 0 0 0.693467 0 0 10727.569691 10728.070657 10728.571639 10728.772020 10730.775913 10731.469380 1 E 
  9 303 5 45 1 1 NN 0  6  6  6  6 0 1 0.578224 0 0 10732.729720 10733.230687 10733.731661 10733.932051 10735.935955 10736.514179 1 C 
  9 304 5 46 3 3 HH 1  4  4  1  1 1 1 0.784076 0 0 10737.789568 10738.290523 10738.791499 10738.991887 10740.995785 10741.779861 1 C 
  9 305 5 47 1 2 NL 0  6  5  6  6 0 1 0.710066 0 0 10743.049781 10743.550749 10744.051723 10744.252111 10746.256008 10746.966074 1 C 
  9 306 5 48 3 2 HL 1  5  6  2  5 1 1 0.606438 0 0 10748.226512 10748.727478 10749.228454 10749.428842 10751.432735 10752.039173 1 C 
  9 307 5 49 1 2 NL 0  4  4  4  5 0 1 0.842485 0 0 10753.303047 10753.804013 10754.304988 10754.505376 10756.509272 10757.351758 1 C 
  9 308 5 50 1 2 NL 0  4  4  4  5 0 1 0.652181 0 0 10758.613369 10759.114336 10759.615313 10759.815699 10761.819595 10762.471775 1 C 
  9 309 5 51 2 1 LN 0  6  4  5  4 0 1 1.005381 0 0 10763.740000 10764.240972 10764.741942 10764.942332 10766.946227 10767.951608 1 C 
  9 310 5 52 1 1 NN 0  6  6  6  6 0 1 0.699860 0 0 10769.217317 10769.718283 10770.219257 10770.419646 10772.423545 10773.123406 1 C 
  9 311 5 53 3 3 HH 1  5  4  2  7 1 1 0.702149 0 0 10774.394045 10774.895013 10775.395986 10775.596376 10777.600272 10778.302421 1 C 
  9 312 5 54 3 2 HL 1  4  4  1  5 1 1 0.535315 0 0 10779.570771 10780.071742 10780.572716 10780.773105 10782.777001 10783.312315 1 C 
  9 313 5 55 3 3 HH 1  5  6  8  9 1 1 0.513136 0 0 10784.580515 10785.081481 10785.582457 10785.782844 10787.786740 10788.299875 1 C 
  9 314 5 56 2 3 LH 1  6  5  5  8 1 1 0.787546 0 0 10789.573549 10790.074520 10790.575494 10790.775883 10792.779779 10793.567324 1 C 
  9 315 5 57 3 3 HH 1  6  4  9  1 1 1 0.462091 0 0 10794.833779 10795.334746 10795.835720 10796.036109 10798.040003 10798.502094 1 C 
  9 316 5 58 2 1 LN 0  4  6  5  6 0 1 0.633164 0 0 10799.776717 10800.277687 10800.778665 10800.979050 10802.982947 10803.616110 1 C 
  9 317 5 59 1 3 NH 0  6  4  6  7 0 1 0.529703 0 0 10804.886650 10805.387621 10805.888597 10806.088983 10808.092879 10808.622581 1 C 
  9 318 5 60 3 3 HH 1  5  4  8  1 1 1 0.423999 0 0 10809.896388 10810.397361 10810.898336 10811.098722 10813.102618 10813.526617 1 C 
  9 319 6  1 3 1 HN 0  6  4  3  4 0 1 0.676559 0 0 10833.893038 10834.394009 10834.894984 10835.095370 10837.099266 10837.775825 1 C 
  9 320 6  2 3 2 HL 1  5  4  2  5 1 1 0.700052 0 0 10839.036372 10839.537338 10840.038312 10840.238701 10842.242597 10842.942649 1 C 
  9 321 6  3 3 1 HN 0  4  5  7  5 0 1 0.598928 0 0 10844.213102 10844.714068 10845.215042 10845.415432 10847.419327 10848.018255 1 C 
  9 322 6  4 1 3 NH 0  4  5  4  2 0 1 0.563221 0 0 10849.289637 10849.790603 10850.291577 10850.491966 10852.495861 10853.059082 1 C 
  9 323 6  5 3 3 HH 1  4  6  1  9 1 1 0.507463 0 0 10854.332774 10854.833740 10855.334714 10855.535102 10857.538998 10858.046460 1 C 
  9 324 6  6 3 2 HL 1  4  4  7  5 1 1 0.838208 0 0 10859.309115 10859.810080 10860.311054 10860.511443 10862.515339 10863.353548 1 C 
  9 325 6  7 2 3 LH 1  4  4  5  7 1 1 0.617841 0 0 10864.619436 10865.120403 10865.621379 10865.821766 10867.825662 10868.443502 1 C 
  9 326 6  8 2 3 LH 1  5  5  6  2 1 1 0.560791 0 0 10869.712672 10870.213637 10870.714611 10870.914999 10872.918896 10873.479687 1 C 
  9 327 6  9 1 1 NN 0  5  6  5  6 0 1 0.878235 0 0 10874.739104 10875.240074 10875.741051 10875.941438 10877.945333 10878.823568 1 C 
  9 328 6 10 2 2 LL 1  5  4  6  5 1 1 0.672761 0 0 10880.082830 10880.583796 10881.084770 10881.285159 10883.289055 10883.961816 1 C 
  9 329 6 11 1 2 NL 0  5  5  5  4 0 1 0.568703 0 0 10885.226161 10885.727131 10886.228101 10886.428490 10888.432386 10889.001089 1 C 
  9 330 6 12 3 1 HN 0  6  4  3  4 0 1 0.727600 0 0 10890.269302 10890.770264 10891.271238 10891.471628 10893.475523 10894.203123 1 C 
  9 331 6 13 1 2 NL 0  4  4  4  5 0 1 0.490680 0 0 10895.462722 10895.963693 10896.464666 10896.665056 10898.668951 10899.159631 1 C 
  9 332 6 14 2 2 LL 1  5  6  6  5 1 1 1.039825 0 0 10900.422364 10900.923334 10901.424307 10901.624697 10903.628592 10904.668417 1 C 
  9 333 6 15 3 2 HL 1  5  5  2  4 1 1 0.493898 0 0 10905.933076 10906.434048 10906.935020 10907.135409 10909.139305 10909.633203 1 C 
  9 334 6 16 1 2 NL 0  5  4  5  5 0 1 0.734944 0 0 10910.892717 10911.393687 10911.894665 10912.095050 10914.098946 10914.833890 1 C 
  9 335 6 17 1 3 NH 0  5  6  5  9 0 1 0.588630 0 0 10916.102844 10916.603815 10917.104789 10917.305178 10919.309074 10919.897704 1 C 
  9 336 6 18 3 2 HL 1  5  6  2  5 1 1 0.824608 0 0 10921.162680 10921.663651 10922.164625 10922.365014 10924.368910 10925.193518 1 C 
  9 337 6 19 1 3 NH 0  6  4  6  7 0 1 0.734875 0 0 10926.456304 10926.957275 10927.458249 10927.658638 10929.662534 10930.397408 1 C 
  9 338 6 20 2 2 LL 1  6  6  5  5 1 1 0.579842 0 0 10931.666432 10932.167403 10932.668380 10932.868766 10934.872660 10935.452503 1 C 
  9 339 6 21 2 3 LH 1  5  6  4  3 1 1 0.711857 0 0 10936.726268 10937.227239 10937.728216 10937.928601 10939.932498 10940.644355 1 C 
  9 340 6 22 2 3 LH 1  5  5  4  2 1 1 0.754719 0 0 10941.919704 10942.420668 10942.921642 10943.122031 10945.125926 10945.880646 1 C 
  9 341 6 23 2 1 LN 0  4  5  5  5 1 0 0.483264 0 0 10947.146524 10947.647498 10948.148472 10948.348858 10950.352754 10950.836018 1 E 
  9 342 6 24 3 3 HH 1  4  6  1  9 1 1 0.485259 0 0 10952.106170 10952.607136 10953.108110 10953.308500 10955.312395 10955.797654 1 C 
  9 343 6 25 1 1 NN 0  5  4  5  4 0 1 0.733332 0 0 10957.065806 10957.566777 10958.067754 10958.268140 10960.272036 10961.005368 1 C 
  9 344 6 26 2 2 LL 1  6  6  5  5 0 0 0.983943 0 0 10962.275934 10962.776905 10963.277883 10963.478268 10965.482164 10966.466107 1 E 
  9 345 6 27 3 1 HN 0  4  6  1  6 0 1 1.003860 0 0 10967.736558 10968.237523 10968.738494 10968.938882 10970.942779 10971.946639 1 C 
  9 346 6 28 3 3 HH 1  4  5  1  2 1 1 0.640094 0 0 10973.213868 10973.714835 10974.215809 10974.416198 10976.420093 10977.060187 1 C 
  9 347 6 29 2 2 LL 1  5  6  4  5 1 1 0.832129 0 0 10978.323799 10978.824767 10979.325741 10979.526131 10981.530026 10982.362155 1 C 
  9 348 6 30 3 3 HH 1  4  6  1  9 1 1 0.449934 0 0 10983.634122 10984.135090 10984.636064 10984.836453 10986.840349 10987.290283 1 C 
  9 349 6 31 2 1 LN 0  6  5  5  5 0 1 0.606873 0 0 10988.560367 10989.061334 10989.562307 10989.762697 10991.766602 10992.373474 1 C 
  9 350 6 32 2 1 LN 0  6  6  5  6 0 1 0.578388 0 0 10993.636900 10994.137868 10994.638842 10994.839231 10996.843127 10997.421515 1 C 
  9 351 6 33 1 2 NL 0  5  5  5  6 0 1 0.574348 0 0 10998.696743 10999.197704 10999.698681 10999.899067 11001.902963 11002.477310 1 C 
  9 352 6 34 3 1 HN 0  5  5  8  5 0 1 0.610910 0 0 11003.739878 11004.240841 11004.741817 11004.942204 11006.946100 11007.557010 1 C 
  9 353 6 35 1 2 NL 0  6  6  6  5 0 1 0.528839 0 0 11008.816408 11009.317376 11009.818350 11010.018739 11012.022635 11012.551475 1 C 
  9 354 6 36 2 2 LL 1  4  6  5  5 1 1 1.148114 0 0 11013.826150 11014.327114 11014.828088 11015.028478 11017.032373 11018.180487 1 C 
  9 355 6 37 1 1 NN 0  4  6  4  6 0 1 0.784515 0 0 11019.453751 11019.954721 11020.455694 11020.656084 11022.659979 11023.444494 1 C 
  9 356 6 38 2 2 LL 1  5  5  4  4 1 1 0.501890 0 0 11024.713975 11025.214946 11025.715923 11025.916309 11027.920205 11028.422095 1 C 
  9 357 6 39 2 2 LL 1  6  5  5  6 0 0 0.555812 0 0 11029.690326 11030.191287 11030.692264 11030.892650 11032.896546 11033.452357 1 E 
  9 358 6 40 2 2 LL 1  5  6  6  5 1 1 0.588691 0 0 11034.716757 11035.217724 11035.718701 11035.919087 11037.922982 11038.511673 1 C 
  9 359 6 41 1 1 NN 0  5  5  5  5 0 1 0.729005 0 0 11039.776590 11040.277560 11040.778537 11040.978923 11042.982818 11043.711824 1 C 
  9 360 6 42 2 3 LH 1  5  6  4  3 1 1 0.635571 0 0 11044.986717 11045.487688 11045.988661 11046.189052 11048.192947 11048.828518 1 C 
  9 361 6 43 3 1 HN 0  6  5  3  5 0 1 0.767325 0 0 11050.096650 11050.597621 11051.098599 11051.298984 11053.302880 11054.070204 1 C 
  9 362 6 44 3 2 HL 1  5  4  2  5 1 1 0.563248 0 0 11055.340174 11055.841147 11056.342122 11056.542510 11058.546406 11059.109654 1 C 
  9 363 6 45 1 3 NH 0  6  5  6  8 0 1 0.599371 0 0 11060.383319 11060.884284 11061.385260 11061.585647 11063.589543 11064.188914 1 C 
  9 364 6 46 1 3 NH 0  6  4  6  1 0 1 0.693799 0 0 11065.459853 11065.960819 11066.461793 11066.662183 11068.666078 11069.359877 1 C 
  9 365 6 47 3 2 HL 1  6  5  9  6 1 1 0.757983 0 0 11070.619882 11071.120849 11071.621825 11071.822213 11073.826110 11074.584093 1 C 
  9 366 6 48 1 1 NN 0  4  5  4  5 0 1 0.588690 0 0 11075.846711 11076.347677 11076.848651 11077.049040 11079.052936 11079.641626 1 C 
  9 367 6 49 3 2 HL 1  5  4  2  5 1 1 0.645817 0 0 11080.906542 11081.407513 11081.908487 11082.108876 11084.112769 11084.758586 1 C 
  9 368 6 50 3 1 HN 0  5  5  2  5 0 1 0.710313 0 0 11086.033179 11086.534146 11087.035120 11087.235511 11089.239405 11089.949718 1 C 
  9 369 6 51 1 3 NH 0  6  5  6  2 0 1 0.407192 0 0 11091.209908 11091.710875 11092.211849 11092.412242 11094.416134 11094.823326 1 C 
  9 370 6 52 1 2 NL 0  4  6  4  5 0 1 0.638562 0 0 11096.086050 11096.587020 11097.087998 11097.288384 11099.292279 11099.930841 1 C 
  9 371 6 53 2 3 LH 1  6  4  5  1 1 1 1.271478 0 0 11101.195983 11101.696954 11102.197927 11102.398317 11104.402212 11105.673691 1 C 
  9 372 6 54 2 3 LH 1  6  4  5  7 0 0 0.683613 0 0 11106.940485 11107.441454 11107.942427 11108.142818 11110.146713 11110.830326 1 E 
  9 373 6 55 1 3 NH 0  6  5  6  8 0 1 0.479649 0 0 11112.100519 11112.601484 11113.102460 11113.302848 11115.306752 11115.786401 1 C 
  9 374 6 56 2 3 LH 1  5  4  4  1 1 1 0.644255 0 0 11117.060152 11117.561126 11118.062103 11118.262489 11120.266383 11120.910638 1 C 
  9 375 6 57 2 1 LN 0  5  5  4  5 0 1 1.050401 0 0 11122.170088 11122.671059 11123.172036 11123.372422 11125.376315 11126.426716 1 C 
  9 376 6 58 1 2 NL 0  6  4  6  5 0 1 0.595105 0 0 11127.697499 11128.198470 11128.699447 11128.899834 11130.903729 11131.498834 1 C 
  9 377 6 59 1 1 NN 0  6  4  6  4 0 1 0.499408 0 0 11132.774035 11133.275005 11133.775983 11133.976369 11135.980264 11136.479672 1 C 
  9 378 6 60 3 2 HL 1  4  4  1  5 1 1 0.527126 0 0 11137.750375 11138.251346 11138.752319 11138.952709 11140.956604 11141.483731 1 C 
