  7   1 0 43 2 2 LL 1  6  6  5  5 0 0 6.174094 0 0 5575.734171 5576.235140 5576.736110 5576.936499 5578.940392 5585.114486 1 E 
  7   2 0 44 2 2 LL 1  6  5  5  6 1 1 4.050319 0 0 5586.388213 5586.889180 5587.390157 5587.590543 5589.594439 5593.644758 1 C 
  7   3 0 45 2 3 LH 1  5  6  4  3 1 1 1.131195 0 0 5594.904768 5595.405735 5595.906712 5596.107099 5598.110994 5599.242189 1 C 
  7   4 0 46 2 3 LH 1  6  6  5  3 1 1 1.008353 0 0 5600.515676 5601.016643 5601.517619 5601.718005 5603.721903 5604.730256 1 C 
  7   5 0 47 1 2 NL 0  5  5  5  6 0 1 1.453766 0 0 5605.992990 5606.493956 5606.994932 5607.195319 5609.199215 5610.652981 1 C 
  7   6 0 48 2 1 LN 0  5  5  4  5 0 1 1.715434 0 0 5611.921181 5612.422150 5612.923124 5613.123511 5615.127406 5616.842840 1 C 
  7   7 0 49 1 3 NH 0  6  5  6  8 0 1 1.392611 0 0 5618.116558 5618.617524 5619.118501 5619.318887 5621.322783 5622.715394 1 C 
  7   8 0 50 1 2 NL 0  5  5  5  4 0 1 1.327346 0 0 5623.977951 5624.478918 5624.979894 5625.180282 5627.184177 5628.511523 1 C 
  7   9 0 51 3 1 HN 0  6  6  9  6 0 1 1.386839 0 0 5629.772546 5630.273516 5630.774488 5630.974879 5632.978777 5634.365615 1 C 
  7  10 0 52 3 1 HN 0  5  4  2  4 0 1 1.444679 0 0 5635.633942 5636.134920 5636.635885 5636.836273 5638.840168 5640.284846 1 C 
  7  11 0 53 3 3 HH 1  4  5  7  2 1 1 1.196442 0 0 5641.545431 5642.046400 5642.547374 5642.747762 5644.751660 5645.948102 1 C 
  7  12 0 54 1 2 NL 0  5  5  5  6 0 1 1.168145 0 0 5647.223138 5647.724102 5648.225079 5648.425467 5650.429363 5651.597509 1 C 
  7  13 0 55 3 2 HL 1  6  6  3  5 1 1 1.314647 0 0 5652.867442 5653.368409 5653.869384 5654.069773 5656.073669 5657.388316 1 C 
  7  14 0 56 2 3 LH 1  5  4  6  7 1 1 1.169022 0 0 5658.662042 5659.163007 5659.663981 5659.864371 5661.868266 5663.037288 1 C 
  7  15 0 57 3 3 HH 1  5  4  8  7 1 1 1.060224 0 0 5664.306344 5664.807312 5665.308288 5665.508676 5667.512572 5668.572796 1 C 
  7  16 0 58 3 2 HL 1  4  6  7  5 1 1 1.270020 0 0 5669.833756 5670.334724 5670.835700 5671.036088 5673.039993 5674.310014 1 C 
  7  17 0 59 2 3 LH 1  6  5  5  8 1 1 1.093983 0 0 5675.578253 5676.079224 5676.580200 5676.780592 5678.784483 5679.878466 1 C 
  7  18 0 60 1 1 NN 0  6  4  6  4 0 1 1.116079 0 0 5681.139063 5681.640034 5682.141009 5682.341397 5684.345293 5685.461372 1 C 
  7  19 1  1 3 2 HL 1  4  6  1  5 1 1 1.175487 0 0 5757.737969 5758.238935 5758.739910 5758.940299 5760.944194 5762.119681 1 C 
  7  20 1  2 1 2 NL 0  4  4  4  5 0 1 1.207397 0 0 5763.382270 5763.883241 5764.384215 5764.584604 5766.588500 5767.795897 1 C 
  7  21 1  3 3 3 HH 1  4  5  1  8 1 1 1.215487 0 0 5769.059978 5769.560945 5770.061920 5770.262308 5772.266210 5773.481696 1 C 
  7  22 1  4 1 2 NL 0  5  4  5  5 0 1 1.250394 0 0 5774.754377 5775.255348 5775.756323 5775.956710 5777.960607 5779.211000 1 C 
  7  23 1  5 3 1 HN 0  4  6  1  6 0 1 1.298124 0 0 5780.482179 5780.983149 5781.484124 5781.684512 5783.688412 5784.986536 1 C 
  7  24 1  6 1 1 NN 0  4  6  4  6 0 1 1.357362 0 0 5786.260078 5786.761046 5787.262024 5787.462410 5789.466306 5790.823668 1 C 
  7  25 1  7 2 2 LL 1  5  6  6  5 0 0 2.093903 0 0 5792.088080 5792.589043 5793.090020 5793.290405 5795.294301 5797.388205 1 E 
  7  26 1  8 1 2 NL 0  5  5  5  4 0 1 1.267009 0 0 5798.650834 5799.151800 5799.652775 5799.853164 5801.857058 5803.124067 1 C 
  7  27 1  9 2 1 LN 0  6  5  5  5 0 1 1.527395 0 0 5804.395333 5804.896300 5805.397278 5805.597663 5807.601559 5809.128954 1 C 
  7  28 1 10 2 2 LL 1  5  6  4  5 1 1 1.844010 0 0 5810.390325 5810.891291 5811.392261 5811.592651 5813.596547 5815.440557 1 C 
  7  29 1 11 2 2 LL 1  4  6  5  5 0 0 2.004801 0 0 5816.702588 5817.203558 5817.704535 5817.904921 5819.908816 5821.913617 1 E 
  7  30 1 12 1 2 NL 0  5  6  5  5 0 1 1.381400 0 0 5823.181853 5823.682819 5824.183795 5824.384183 5826.388078 5827.769478 1 C 
  7  31 1 13 2 2 LL 1  6  5  5  6 1 1 2.416810 0 0 5829.043245 5829.544213 5830.045188 5830.245576 5832.249474 5834.666283 1 C 
  7  32 1 14 2 2 LL 1  4  5  5  6 1 1 1.611885 0 0 5835.939985 5836.440953 5836.941927 5837.142316 5839.146213 5840.758099 1 C 
  7  33 1 15 2 3 LH 1  5  6  6  3 1 1 1.891606 0 0 5842.018466 5842.519436 5843.020412 5843.220800 5845.224695 5847.116302 1 C 
  7  34 1 16 2 1 LN 0  4  5  5  5 0 1 1.464719 0 0 5848.380835 5848.881804 5849.382778 5849.583168 5851.587063 5853.051782 1 C 
  7  35 1 17 1 1 NN 0  6  5  6  5 0 1 1.455793 0 0 5854.325738 5854.826698 5855.327671 5855.528057 5857.531952 5858.987745 1 C 
  7  36 1 18 3 2 HL 1  5  4  8  5 1 1 1.640563 0 0 5860.253924 5860.754884 5861.255862 5861.456249 5863.460143 5865.100705 1 C 
  7  37 1 19 2 1 LN 0  4  5  5  5 0 1 1.233355 0 0 5866.365799 5866.866765 5867.367743 5867.568130 5869.572024 5870.805379 1 C 
  7  38 1 20 2 1 LN 0  5  5  6  5 0 1 1.336866 0 0 5872.076901 5872.577868 5873.078850 5873.279231 5875.283126 5876.619993 1 C 
  7  39 1 21 2 2 LL 1  5  6  6  5 1 1 2.238577 0 0 5877.888196 5878.389164 5878.890139 5879.090527 5881.094423 5883.333000 1 C 
  7  40 1 22 1 1 NN 0  4  4  4  4 0 1 1.103631 0 0 5884.601246 5885.102213 5885.603189 5885.803576 5887.807479 5888.911109 1 C 
  7  41 1 23 1 3 NH 0  4  5  4  2 0 1 1.181623 0 0 5890.178756 5890.679723 5891.180700 5891.381086 5893.384981 5894.566604 1 C 
  7  42 1 24 3 1 HN 0  6  4  3  4 0 1 1.505023 0 0 5895.839760 5896.340726 5896.841704 5897.042090 5899.045986 5900.551009 1 C 
  7  43 1 25 3 3 HH 1  5  5  2  2 1 1 1.126750 0 0 5901.818048 5902.319015 5902.819991 5903.020382 5905.024274 5906.151024 1 C 
  7  44 1 26 2 2 LL 1  5  4  6  5 1 1 1.513467 0 0 5907.412253 5907.913223 5908.414199 5908.614586 5910.618482 5912.131949 1 C 
  7  45 1 27 3 3 HH 1  5  4  8  1 1 1 1.104115 0 0 5913.407242 5913.908209 5914.409186 5914.609573 5916.613468 5917.717583 1 C 
  7  46 1 28 1 3 NH 0  5  6  5  9 0 1 1.481689 0 0 5918.984749 5919.485718 5919.986693 5920.187082 5922.190978 5923.672668 1 C 
  7  47 1 29 2 3 LH 1  5  4  4  7 1 1 1.022112 0 0 5924.946338 5925.447311 5925.948281 5926.148671 5928.152566 5929.174677 1 C 
  7  48 1 30 3 3 HH 1  6  4  3  7 1 1 1.398093 0 0 5930.440351 5930.941321 5931.442298 5931.642684 5933.646590 5935.044683 1 C 
  7  49 1 31 3 2 HL 1  5  6  2  5 1 1 2.143924 0 0 5936.318447 5936.819414 5937.320390 5937.520777 5939.524673 5941.668597 1 C 
  7  50 1 32 3 1 HN 0  4  4  1  4 0 1 1.350799 0 0 5942.931298 5943.432269 5943.933244 5944.133633 5946.137527 5947.488326 1 C 
  7  51 1 33 1 1 NN 0  4  6  4  6 0 1 1.476053 0 0 5948.759297 5949.260264 5949.761241 5949.961628 5951.965523 5953.441576 1 C 
  7  52 1 34 1 1 NN 0  5  5  5  5 0 1 1.112307 0 0 5954.704187 5955.205155 5955.706128 5955.906516 5957.910413 5959.022721 1 C 
  7  53 1 35 1 3 NH 0  6  4  6  7 0 1 1.282318 0 0 5960.281697 5960.782664 5961.283640 5961.484024 5963.487922 5964.770240 1 C 
  7  54 1 36 1 3 NH 0  5  4  5  1 0 1 1.148429 0 0 5966.042895 5966.543862 5967.044838 5967.245226 5969.249121 5970.397550 1 C 
  7  55 1 37 1 1 NN 0  6  4  6  4 0 1 1.037181 0 0 5971.670501 5972.171468 5972.672446 5972.872832 5974.876728 5975.913909 1 C 
  7  56 1 38 3 2 HL 1  6  4  3  5 1 1 1.250337 0 0 5977.181213 5977.682185 5978.183158 5978.383547 5980.387440 5981.637776 1 C 
  7  57 1 39 2 2 LL 1  4  6  5  5 1 1 1.061559 0 0 5982.909015 5983.409982 5983.910956 5984.111345 5986.115241 5987.176800 1 C 
  7  58 1 40 2 2 LL 1  4  4  5  5 1 1 0.940725 0 0 5988.436427 5988.937393 5989.438367 5989.638758 5991.642652 5992.583377 1 C 
  7  59 1 41 2 3 LH 1  4  4  5  7 1 1 1.326251 0 0 5993.846942 5994.347911 5994.848887 5995.049275 5997.053171 5998.379421 1 C 
  7  60 1 42 2 1 LN 0  4  6  5  6 0 1 1.281115 0 0 5999.641538 6000.142510 6000.643482 6000.843872 6002.847767 6004.128883 1 C 
  7  61 1 43 1 2 NL 0  5  4  5  5 0 1 1.325580 0 0 6005.402741 6005.903708 6006.404682 6006.605072 6008.608967 6009.934547 1 C 
  7  62 1 44 3 1 HN 0  5  5  2  5 0 1 1.237268 0 0 6011.197339 6011.698305 6012.199279 6012.399669 6014.403565 6015.640832 1 C 
  7  63 1 45 2 2 LL 1  4  5  5  4 1 1 1.933561 0 0 6016.908443 6017.409407 6017.910385 6018.110771 6020.114666 6022.048227 1 C 
  7  64 1 46 2 1 LN 0  5  4  6  4 0 1 1.353519 0 0 6023.320905 6023.821872 6024.322846 6024.523236 6026.527131 6027.880650 1 C 
  7  65 1 47 2 2 LL 1  5  6  4  5 1 1 1.782125 0 0 6029.148898 6029.649871 6030.150842 6030.351232 6032.355127 6034.137252 1 C 
  7  66 1 48 3 1 HN 0  6  5  9  5 0 1 1.502840 0 0 6035.411072 6035.912041 6036.413017 6036.613405 6038.617301 6040.120140 1 C 
  7  67 1 49 3 2 HL 1  6  6  9  5 1 1 1.320117 0 0 6041.389360 6041.890330 6042.391307 6042.591692 6044.595588 6045.915705 1 C 
  7  68 1 50 2 3 LH 1  5  4  4  1 1 1 2.406973 0 0 6047.183958 6047.684926 6048.185904 6048.386290 6050.390186 6052.797159 1 C 
  7  69 1 51 3 2 HL 1  4  6  7  5 1 1 1.540016 0 0 6054.064002 6054.564968 6055.065940 6055.266333 6057.270227 6058.810243 1 C 
  7  70 1 52 2 3 LH 1  4  6  5  9 1 1 1.214696 0 0 6060.075684 6060.576658 6061.077632 6061.278018 6063.281912 6064.496608 1 C 
  7  71 1 53 2 3 LH 1  6  6  5  9 1 1 1.553863 0 0 6065.770090 6066.271057 6066.772030 6066.972418 6068.976315 6070.530177 1 C 
  7  72 1 54 1 2 NL 0  6  5  6  6 0 1 2.812870 0 0 6071.798476 6072.299442 6072.800418 6073.000806 6075.004710 6077.817580 1 C 
  7  73 1 55 1 1 NN 0  6  6  6  6 0 1 1.103064 0 0 6079.079291 6079.580261 6080.081236 6080.281626 6082.285530 6083.388594 1 C 
  7  74 1 56 3 1 HN 0  4  4  7  4 0 1 1.570506 0 0 6084.656803 6085.157770 6085.658749 6085.859134 6087.863029 6089.433536 1 C 
  7  75 1 57 1 3 NH 0  4  6  4  9 0 1 1.353422 0 0 6090.701888 6091.202855 6091.703829 6091.904218 6093.908114 6095.261536 1 C 
  7  76 1 58 3 1 HN 0  6  5  9  5 0 1 1.994080 0 0 6096.529883 6097.030851 6097.531828 6097.732214 6099.736110 6101.730190 1 C 
  7  77 1 59 2 3 LH 1  6  6  5  3 1 1 1.214433 0 0 6102.992450 6103.493416 6103.994389 6104.194778 6106.198671 6107.413104 1 C 
  7  78 1 60 1 1 NN 0  4  4  4  4 0 1 1.200160 0 0 6108.686853 6109.187817 6109.688794 6109.889183 6111.893076 6113.093235 1 C 
  7  79 2  1 3 3 HH 1  6  5  9  8 1 1 1.221027 0 0 6175.082577 6175.583553 6176.084523 6176.284913 6178.288810 6179.509836 1 C 
  7  80 2  2 2 3 LH 1  5  5  6  8 1 1 1.040125 0 0 6180.776987 6181.277954 6181.778928 6181.979317 6183.983223 6185.023349 1 C 
  7  81 2  3 3 1 HN 0  5  6  2  6 0 1 1.231030 0 0 6186.287704 6186.788671 6187.289640 6187.490028 6189.493925 6190.724955 1 C 
  7  82 2  4 1 3 NH 0  4  4  4  7 0 1 1.072188 0 0 6191.998800 6192.499768 6193.000746 6193.201130 6195.205027 6196.277216 1 C 
  7  83 2  5 3 3 HH 1  4  5  7  2 1 1 1.248716 0 0 6197.542907 6198.043878 6198.544854 6198.745242 6200.749138 6201.997854 1 C 
  7  84 2  6 1 2 NL 0  5  6  5  5 0 1 1.242234 0 0 6203.270714 6203.771680 6204.272657 6204.473043 6206.476938 6207.719172 1 C 
  7  85 2  7 1 3 NH 0  4  5  4  2 0 1 1.219048 0 0 6208.981817 6209.482785 6209.983755 6210.184145 6212.188040 6213.407087 1 C 
  7  86 2  8 1 3 NH 0  6  5  6  2 0 1 1.324949 0 0 6214.676216 6215.177186 6215.678158 6215.878548 6217.882443 6219.207392 1 C 
  7  87 2  9 2 2 LL 1  6  5  5  6 1 1 1.777902 0 0 6220.470813 6220.971780 6221.472758 6221.673145 6223.677041 6225.454942 1 C 
  7  88 2 10 2 3 LH 1  5  6  6  9 1 1 2.155077 0 0 6226.716289 6227.217256 6227.718233 6227.918619 6229.922514 6232.077591 1 C 
  7  89 2 11 3 1 HN 0  6  6  9  6 0 1 1.425900 0 0 6233.345842 6233.846810 6234.347783 6234.548172 6236.552066 6237.977966 1 C 
  7  90 2 12 1 3 NH 0  4  5  4  8 0 1 1.514874 0 0 6239.240634 6239.741602 6240.242579 6240.442965 6242.446861 6243.961735 1 C 
  7  91 2 13 3 3 HH 1  5  4  8  1 1 1 1.150952 0 0 6245.235621 6245.736589 6246.237567 6246.437951 6248.441848 6249.592801 1 C 
  7  92 2 14 3 1 HN 0  4  4  7  4 0 1 1.270019 0 0 6250.863228 6251.364195 6251.865171 6252.065559 6254.069454 6255.339473 1 C 
  7  93 2 15 2 2 LL 1  4  5  5  4 1 1 1.738853 0 0 6256.607728 6257.108696 6257.609671 6257.810059 6259.813954 6261.552807 1 C 
  7  94 2 16 1 1 NN 0  6  5  6  5 0 1 1.493625 0 0 6262.819802 6263.320771 6263.821747 6264.022135 6266.026028 6267.519652 1 C 
  7  95 2 17 1 3 NH 0  4  6  4  3 0 1 1.581841 0 0 6268.781394 6269.282360 6269.783337 6269.983723 6271.987619 6273.569460 1 C 
  7  96 2 18 2 3 LH 1  4  5  5  8 1 1 1.192098 0 0 6274.843177 6275.344144 6275.845118 6276.045507 6278.049403 6279.241500 1 C 
  7  97 2 19 3 2 HL 1  6  4  3  5 1 1 1.105791 0 0 6280.504182 6281.005148 6281.506122 6281.706511 6283.710407 6284.816198 1 C 
  7  98 2 20 2 3 LH 1  4  5  5  2 1 1 1.215982 0 0 6286.081690 6286.582657 6287.083634 6287.284021 6289.287915 6290.503897 1 C 
  7  99 2 21 3 3 HH 1  5  4  2  7 1 1 1.124308 0 0 6291.776093 6292.277062 6292.778036 6292.978422 6294.982319 6296.106627 1 C 
  7 100 2 22 1 2 NL 0  5  5  5  4 0 1 1.175735 0 0 6297.370301 6297.871266 6298.372242 6298.572631 6300.576526 6301.752261 1 C 
  7 101 2 23 2 3 LH 1  5  6  4  3 1 1 1.503698 0 0 6303.014606 6303.515574 6304.016547 6304.216937 6306.220833 6307.724531 1 C 
  7 102 2 24 3 3 HH 1  5  6  8  9 1 1 0.941488 0 0 6308.992897 6309.493861 6309.994838 6310.195224 6312.199120 6313.140608 1 C 
  7 103 2 25 1 3 NH 0  6  4  6  7 0 1 1.114447 0 0 6314.403411 6314.904385 6315.405353 6315.605742 6317.609638 6318.724085 1 C 
  7 104 2 26 3 1 HN 0  4  6  1  6 0 1 1.223876 0 0 6319.997620 6320.498587 6320.999561 6321.199949 6323.203846 6324.427722 1 C 
  7 105 2 27 3 3 HH 1  6  4  9  1 1 1 1.066424 0 0 6325.692020 6326.192989 6326.693965 6326.894353 6328.898249 6329.964672 1 C 
  7 106 2 28 2 2 LL 1  4  5  5  4 1 1 1.643029 0 0 6331.236133 6331.737099 6332.238074 6332.438463 6334.442359 6336.085387 1 C 
  7 107 2 29 2 2 LL 1  6  5  5  4 1 1 1.771110 0 0 6337.348011 6337.848981 6338.349954 6338.550344 6340.554240 6342.325350 1 C 
  7 108 2 30 3 1 HN 0  4  6  7  6 0 1 2.882660 0 0 6343.593487 6344.094454 6344.595430 6344.795819 6346.799717 6349.682377 1 C 
  7 109 2 31 2 3 LH 1  4  4  5  1 1 1 1.899016 0 0 6350.957800 6351.458770 6351.959748 6352.160137 6354.164030 6356.063045 1 C 
  7 110 2 32 2 2 LL 1  5  5  4  6 1 1 1.150727 0 0 6357.336871 6357.837837 6358.338811 6358.539201 6360.543095 6361.693822 1 C 
  7 111 2 33 2 1 LN 0  5  6  4  6 0 1 2.060390 0 0 6362.964476 6363.465443 6363.966419 6364.166807 6366.170701 6368.231091 1 C 
  7 112 2 34 2 1 LN 0  6  5  5  5 0 1 3.001215 0 0 6369.493837 6369.994803 6370.495780 6370.696166 6372.700060 6375.701275 1 C 
  7 113 2 35 3 1 HN 0  4  6  1  6 0 1 2.217493 0 0 6376.975046 6377.476019 6377.976986 6378.177376 6380.181270 6382.398763 1 C 
  7 114 2 36 1 1 NN 0  6  5  6  5 0 1 1.350803 0 0 6383.671396 6384.172360 6384.673337 6384.873725 6386.877622 6388.228425 1 C 
  7 115 2 37 1 1 NN 0  4  4  4  4 0 1 1.045363 0 0 6389.499391 6390.000358 6390.501336 6390.701722 6392.705617 6393.750980 1 C 
  7 116 2 38 2 1 LN 0  6  4  5  4 0 1 2.077181 0 0 6395.010104 6395.511071 6396.012048 6396.212435 6398.216329 6400.293510 1 C 
  7 117 2 39 3 2 HL 1  4  4  1  5 1 1 1.460927 0 0 6401.556161 6402.057130 6402.558104 6402.758493 6404.762389 6406.223315 1 C 
  7 118 2 40 1 2 NL 0  6  4  6  5 0 1 2.052275 0 0 6407.484355 6407.985318 6408.486294 6408.686683 6410.690580 6412.742854 1 C 
  7 119 2 41 3 1 HN 0  6  5  3  5 0 1 1.715352 0 0 6414.013712 6414.514679 6415.015656 6415.216042 6417.219938 6418.935290 1 C 
  7 120 2 42 1 3 NH 0  4  4  4  1 0 1 1.807792 0 0 6420.209088 6420.710056 6421.211033 6421.411419 6423.415314 6425.223106 1 C 
  7 121 2 43 2 2 LL 1  4  4  5  5 1 1 1.433927 0 0 6426.487960 6426.988928 6427.489904 6427.690289 6429.694184 6431.128111 1 C 
  7 122 2 44 2 1 LN 0  5  5  4  5 0 1 1.418977 0 0 6432.399449 6432.900423 6433.401396 6433.601782 6435.605678 6437.024656 1 C 
  7 123 2 45 2 3 LH 1  5  6  4  9 1 1 1.136625 0 0 6438.294245 6438.795212 6439.296188 6439.496575 6441.500471 6442.637096 1 C 
  7 124 2 46 3 2 HL 1  6  5  9  6 1 1 1.287385 0 0 6443.905149 6444.406118 6444.907092 6445.107482 6447.111378 6448.398763 1 C 
  7 125 2 47 3 3 HH 1  6  5  9  8 1 1 1.069566 0 0 6449.666347 6450.167321 6450.668295 6450.868681 6452.872577 6453.942143 1 C 
  7 126 2 48 3 1 HN 0  5  6  8  6 0 1 0.933911 0 0 6455.210460 6455.711429 6456.212403 6456.412796 6458.416687 6459.350599 1 C 
  7 127 2 49 3 2 HL 1  6  6  3  5 1 1 0.782679 0 0 6460.620974 6461.121946 6461.622922 6461.823310 6463.827205 6464.609885 1 C 
  7 128 2 50 2 2 LL 1  4  4  5  5 1 1 0.638734 0 0 6465.881203 6466.382172 6466.883149 6467.083536 6469.087431 6469.726165 1 C 
  7 129 2 51 2 1 LN 0  5  4  6  4 0 1 1.459355 0 0 6470.991136 6471.492105 6471.993079 6472.193468 6474.197364 6475.656719 1 C 
  7 130 2 52 1 2 NL 0  6  5  6  4 0 1 1.820960 0 0 6476.919329 6477.420297 6477.921271 6478.121658 6480.125561 6481.946522 1 C 
  7 131 2 53 2 2 LL 1  6  5  5  4 1 1 1.477030 0 0 6483.214896 6483.715866 6484.216843 6484.417231 6486.421126 6487.898156 1 C 
  7 132 2 54 3 3 HH 1  4  4  7  7 1 1 0.796837 0 0 6489.159786 6489.660756 6490.161733 6490.362120 6492.366015 6493.162853 1 C 
  7 133 2 55 2 3 LH 1  4  5  5  8 1 1 0.796956 0 0 6494.436714 6494.937682 6495.438658 6495.639045 6497.642940 6498.439896 1 C 
  7 134 2 56 1 1 NN 0  5  4  5  4 0 1 0.910852 0 0 6499.713635 6500.214606 6500.715579 6500.915969 6502.919869 6503.830721 1 C 
  7 135 2 57 1 3 NH 0  6  6  6  3 0 1 0.885951 0 0 6505.090754 6505.591727 6506.092697 6506.293089 6508.296986 6509.182937 1 C 
  7 136 2 58 1 3 NH 0  5  6  5  3 0 1 1.135484 0 0 6510.451178 6510.952145 6511.453120 6511.653509 6513.657403 6514.792887 1 C 
  7 137 2 59 3 2 HL 1  5  4  2  5 1 1 1.607977 0 0 6516.062084 6516.563052 6517.064030 6517.264416 6519.268312 6520.876288 1 C 
  7 138 2 60 1 3 NH 0  6  6  6  3 0 1 0.793478 0 0 6522.140564 6522.641535 6523.142509 6523.342899 6525.346793 6526.140271 1 C 
  7 139 3  1 2 3 LH 1  4  6  5  3 1 1 2.047876 0 0 6627.729156 6628.230124 6628.731101 6628.931487 6630.935382 6632.983258 1 C 
  7 140 3  2 2 2 LL 1  5  5  6  6 1 1 0.610205 0 0 6634.258516 6634.759487 6635.260456 6635.460844 6637.464740 6638.074945 1 C 
  7 141 3  3 3 1 HN 0  4  4  7  4 1 0 0.610895 0 0 6639.335047 6639.836017 6640.336995 6640.537381 6642.541277 6643.152172 1 E 
  7 142 3  4 2 3 LH 1  6  5  5  2 1 1 1.716579 0 0 6644.411583 6644.912555 6645.413529 6645.613916 6647.617812 6649.334391 1 C 
  7 143 3  5 3 2 HL 1  6  4  9  5 1 1 1.310297 0 0 6650.606962 6651.107928 6651.608905 6651.809293 6653.813188 6655.123485 1 C 
  7 144 3  6 2 2 LL 1  5  6  4  5 1 1 1.960326 0 0 6656.384860 6656.885827 6657.386804 6657.587191 6659.591087 6661.551413 1 C 
  7 145 3  7 1 3 NH 0  4  5  4  8 0 1 1.288354 0 0 6662.814024 6663.314992 6663.815969 6664.016356 6666.020251 6667.308605 1 C 
  7 146 3  8 3 1 HN 0  5  5  8  5 0 1 1.414789 0 0 6668.575221 6669.076192 6669.577167 6669.777555 6671.781450 6673.196239 1 C 
  7 147 3  9 3 2 HL 1  5  5  8  4 1 1 1.608271 0 0 6674.470016 6674.970984 6675.471960 6675.672347 6677.676245 6679.284516 1 C 
  7 148 3 10 2 1 LN 0  6  6  5  6 0 1 1.398022 0 0 6680.548496 6681.049468 6681.550442 6681.750829 6683.754724 6685.152746 1 C 
  7 149 3 11 2 1 LN 0  5  5  4  5 0 1 1.501035 0 0 6686.426593 6686.927559 6687.428534 6687.628923 6689.632819 6691.133854 1 C 
  7 150 3 12 3 3 HH 1  5  4  2  1 1 1 0.748246 0 0 6692.404879 6692.905847 6693.406825 6693.607211 6695.611107 6696.359353 1 C 
  7 151 3 13 3 3 HH 1  5  5  2  8 1 1 0.850863 0 0 6697.631705 6698.132675 6698.633649 6698.834049 6700.837934 6701.688796 1 C 
  7 152 3 14 3 1 HN 0  4  5  7  5 0 1 1.050506 0 0 6702.958725 6703.459696 6703.960671 6704.161060 6706.164956 6707.215463 1 C 
  7 153 3 15 1 2 NL 0  5  4  5  5 0 1 0.873927 0 0 6708.486141 6708.987113 6709.488085 6709.688471 6711.692367 6712.566294 1 C 
  7 154 3 16 3 1 HN 0  5  4  8  4 0 1 0.867689 0 0 6713.829859 6714.330832 6714.831803 6715.032192 6717.036087 6717.903776 1 C 
  7 155 3 17 2 2 LL 1  5  6  6  5 1 1 1.316496 0 0 6719.173580 6719.674553 6720.175524 6720.375912 6722.379807 6723.696303 1 C 
  7 156 3 18 2 1 LN 0  6  5  5  5 1 0 1.967431 0 0 6724.968181 6725.469148 6725.970122 6726.170511 6728.174407 6730.141837 1 E 
  7 157 3 19 2 3 LH 1  5  4  4  7 1 1 1.069774 0 0 6731.414044 6731.915011 6732.415989 6732.616374 6734.620270 6735.690044 1 C 
  7 158 3 20 1 1 NN 0  6  4  6  4 0 1 0.674571 0 0 6736.958153 6737.459122 6737.960096 6738.160488 6740.164378 6740.838949 1 C 
  7 159 3 21 2 1 LN 0  4  6  5  6 0 1 3.067933 0 0 6742.101489 6742.602454 6743.103428 6743.303817 6745.307712 6748.375644 1 C 
  7 160 3 22 1 2 NL 0  4  6  4  5 0 1 0.767673 0 0 6749.649489 6750.150460 6750.651435 6750.851823 6752.855718 6753.623391 1 C 
  7 161 3 23 2 1 LN 0  4  5  5  5 0 1 1.214395 0 0 6754.893020 6755.393989 6755.894962 6756.095350 6758.099247 6759.313642 1 C 
  7 162 3 24 1 1 NN 0  6  4  6  4 0 1 0.711515 0 0 6760.587422 6761.088388 6761.589365 6761.789751 6763.793647 6764.505162 1 C 
  7 163 3 25 3 3 HH 1  6  6  9  9 1 1 0.824571 0 0 6765.764155 6766.265118 6766.766093 6766.966481 6768.970376 6769.794947 1 C 
  7 164 3 26 3 3 HH 1  5  6  8  9 1 1 1.297898 0 0 6771.057770 6771.558742 6772.059718 6772.260105 6774.264001 6775.561900 1 C 
  7 165 3 27 1 2 NL 0  5  5  5  6 0 1 2.063012 0 0 6776.835669 6777.336640 6777.837614 6778.038004 6780.041899 6782.104912 1 C 
  7 166 3 28 3 1 HN 0  4  4  7  4 1 0 1.583984 0 0 6783.365029 6783.865999 6784.366975 6784.567363 6786.571259 6788.155243 1 E 
  7 167 3 29 1 1 NN 0  5  6  5  6 0 1 0.667400 0 0 6789.426817 6789.927784 6790.428757 6790.629146 6792.633050 6793.300450 1 C 
  7 168 3 30 1 3 NH 0  6  5  6  8 0 1 0.676991 0 0 6794.570147 6795.071114 6795.572090 6795.772478 6797.776374 6798.453364 1 C 
  7 169 3 31 3 3 HH 1  5  6  2  9 1 1 0.787709 0 0 6799.713475 6800.214447 6800.715420 6800.915810 6802.919705 6803.707414 1 C 
  7 170 3 32 1 1 NN 0  4  6  4  6 0 1 0.589412 0 0 6804.973704 6805.474671 6805.975646 6806.176034 6808.179931 6808.769342 1 C 
  7 171 3 33 2 3 LH 1  4  5  5  8 1 1 1.017322 0 0 6810.033538 6810.534508 6811.035485 6811.235870 6813.239766 6814.257088 1 C 
  7 172 3 34 1 2 NL 0  5  4  5  5 0 1 4.516790 0 0 6815.527558 6816.028521 6816.529498 6816.729884 6818.733780 6823.250570 1 C 
  7 173 3 35 1 3 NH 0  4  4  4  7 0 1 1.109599 0 0 6824.511686 6825.012656 6825.513629 6825.714015 6827.717910 6828.827510 1 C 
  7 174 3 36 2 3 LH 1  6  6  5  3 1 1 0.762493 0 0 6830.089193 6830.590161 6831.091136 6831.291524 6833.295419 6834.057912 1 C 
  7 175 3 37 2 3 LH 1  4  4  5  1 1 1 0.858250 0 0 6835.332719 6835.833685 6836.334661 6836.535050 6838.538946 6839.397196 1 C 
  7 176 3 38 3 3 HH 1  5  4  2  7 1 1 1.415726 0 0 6840.659738 6841.160709 6841.661685 6841.862072 6843.865969 6845.281695 1 C 
  7 177 3 39 1 2 NL 0  6  6  6  5 0 1 1.284008 0 0 6846.554540 6847.055500 6847.556477 6847.756865 6849.760761 6851.044769 1 C 
  7 178 3 40 3 2 HL 1  6  5  9  6 1 1 1.353815 0 0 6852.315729 6852.816701 6853.317675 6853.518064 6855.521968 6856.875784 1 C 
  7 179 3 41 3 1 HN 0  6  5  9  5 0 1 1.008459 0 0 6858.143725 6858.644696 6859.145671 6859.346060 6861.349956 6862.358415 1 C 
  7 180 3 42 2 2 LL 1  4  6  5  5 1 1 0.635276 0 0 6863.621041 6864.122008 6864.622986 6864.823374 6866.827268 6867.462543 1 C 
  7 181 3 43 3 3 HH 1  6  4  3  1 1 1 0.644907 0 0 6868.730972 6869.231946 6869.732918 6869.933307 6871.937203 6872.582110 1 C 
  7 182 3 44 3 2 HL 1  4  5  1  4 1 1 2.348705 0 0 6873.857606 6874.358576 6874.859550 6875.059940 6877.063835 6879.412540 1 C 
  7 183 3 45 2 2 LL 1  6  5  5  4 1 1 1.774832 0 0 6880.687552 6881.188519 6881.689493 6881.889883 6883.893778 6885.668610 1 C 
  7 184 3 46 2 2 LL 1  6  4  5  5 1 1 1.100465 0 0 6886.933023 6887.433994 6887.934969 6888.135361 6890.139250 6891.239715 1 C 
  7 185 3 47 3 1 HN 0  6  4  3  4 0 1 1.425939 0 0 6892.510533 6893.011504 6893.512478 6893.712866 6895.716762 6897.142700 1 C 
  7 186 3 48 1 1 NN 0  5  6  5  6 0 1 0.674514 0 0 6898.405329 6898.906295 6899.407271 6899.607658 6901.611553 6902.286068 1 C 
  7 187 3 49 3 2 HL 1  4  6  7  5 1 1 0.616747 0 0 6903.548657 6904.049627 6904.550602 6904.750990 6906.754895 6907.371641 1 C 
  7 188 3 50 3 3 HH 1  4  6  1  3 1 1 0.622461 0 0 6908.641899 6909.142860 6909.643832 6909.844224 6911.848118 6912.470579 1 C 
  7 189 3 51 2 3 LH 1  6  5  5  8 1 1 0.969257 0 0 6913.735123 6914.236094 6914.737070 6914.937458 6916.941354 6917.910611 1 C 
  7 190 3 52 3 3 HH 1  5  6  2  3 1 1 0.767849 0 0 6919.179039 6919.680010 6920.180982 6920.381373 6922.385270 6923.153118 1 C 
  7 191 3 53 1 2 NL 0  5  4  5  5 0 1 1.104521 0 0 6924.422571 6924.923537 6925.424513 6925.624899 6927.628795 6928.733315 1 C 
  7 192 3 54 3 3 HH 1  4  4  7  7 1 1 0.490699 0 0 6930.000077 6930.501046 6931.002022 6931.202409 6933.206303 6933.697002 1 C 
  7 193 3 55 3 1 HN 0  5  6  2  6 0 1 1.130884 0 0 6934.959717 6935.460687 6935.961664 6936.162054 6938.165946 6939.296830 1 C 
  7 194 3 56 2 1 LN 0  4  6  5  6 0 1 1.172204 0 0 6940.570623 6941.071594 6941.572567 6941.772959 6943.776853 6944.949056 1 C 
  7 195 3 57 1 2 NL 0  6  4  6  5 0 1 0.874924 0 0 6946.214934 6946.715898 6947.216873 6947.417263 6949.421156 6950.296080 1 C 
  7 196 3 58 3 2 HL 1  4  6  7  5 1 1 0.635258 0 0 6951.558652 6952.059620 6952.560597 6952.760983 6954.764880 6955.400138 1 C 
  7 197 3 59 3 2 HL 1  4  4  7  5 1 1 1.167427 0 0 6956.668589 6957.169554 6957.670529 6957.870917 6959.874812 6961.042239 1 C 
  7 198 3 60 1 2 NL 0  6  6  6  5 0 1 0.577589 0 0 6962.312891 6962.813859 6963.314836 6963.515222 6965.519120 6966.096709 1 C 
  7 199 4  1 3 3 HH 1  4  4  7  1 1 1 0.988714 0 0 7052.822162 7053.323135 7053.824111 7054.024498 7056.028393 7057.017107 1 C 
  7 200 4  2 3 3 HH 1  5  6  2  3 1 1 0.568687 0 0 7058.282778 7058.783751 7059.284726 7059.485113 7061.489007 7062.057694 1 C 
  7 201 4  3 2 3 LH 1  4  5  5  8 1 1 0.501981 0 0 7063.325918 7063.826885 7064.327862 7064.528249 7066.532145 7067.034126 1 C 
  7 202 4  4 1 2 NL 0  4  5  4  6 0 1 0.766784 0 0 7068.302258 7068.803226 7069.304204 7069.504589 7071.508486 7072.275270 1 C 
  7 203 4  5 1 3 NH 0  6  6  6  9 0 1 3.457675 0 0 7073.545782 7074.046752 7074.547729 7074.748115 7076.752012 7080.209687 1 C 
  7 204 4  6 1 1 NN 0  5  5  5  5 0 1 0.685619 0 0 7081.477871 7081.978838 7082.479812 7082.680202 7084.684097 7085.369716 1 C 
  7 205 4  7 2 3 LH 1  4  4  5  7 1 1 0.601903 0 0 7086.637900 7087.138869 7087.639846 7087.840232 7089.844128 7090.446031 1 C 
  7 206 4  8 2 1 LN 0  4  5  5  5 1 0 0.707856 0 0 7091.714439 7092.215404 7092.716382 7092.916768 7094.920663 7095.628519 1 E 
  7 207 4  9 2 3 LH 1  4  4  5  7 1 1 0.553206 0 0 7096.891173 7097.392134 7097.893110 7098.093498 7100.097392 7100.650599 1 C 
  7 208 4 10 2 3 LH 1  5  6  6  9 1 1 1.136457 0 0 7101.917603 7102.418571 7102.919549 7103.119935 7105.123830 7106.260287 1 C 
  7 209 4 11 1 3 NH 0  6  6  6  3 0 1 0.718837 0 0 7107.528511 7108.029478 7108.530457 7108.730840 7110.734738 7111.453575 1 C 
  7 210 4 12 2 3 LH 1  5  6  4  3 1 1 1.202874 0 0 7112.721940 7113.222908 7113.723882 7113.924271 7115.928166 7117.131040 1 C 
  7 211 4 13 2 1 LN 0  6  5  5  5 0 1 2.348937 0 0 7118.399641 7118.900611 7119.401587 7119.601975 7121.605869 7123.954806 1 C 
  7 212 4 14 3 3 HH 1  4  6  7  3 1 1 0.627072 0 0 7125.229587 7125.730555 7126.231530 7126.431917 7128.435811 7129.062884 1 C 
  7 213 4 15 2 3 LH 1  6  4  5  1 1 1 1.218152 0 0 7130.322823 7130.823789 7131.324764 7131.525153 7133.529056 7134.747208 1 C 
  7 214 4 16 1 1 NN 0  6  4  6  4 0 1 1.053118 0 0 7136.017225 7136.518192 7137.019170 7137.219555 7139.223451 7140.276569 1 C 
  7 215 4 17 1 3 NH 0  5  4  5  1 0 1 1.631822 0 0 7141.544632 7142.045603 7142.546579 7142.746966 7144.750862 7146.382684 1 C 
  7 216 4 18 3 2 HL 1  4  5  7  6 1 1 0.672194 0 0 7147.656518 7148.157484 7148.658458 7148.858846 7150.862743 7151.534937 1 C 
  7 217 4 19 1 2 NL 0  5  5  5  6 0 1 1.098856 0 0 7152.799845 7153.300815 7153.801793 7154.002179 7156.006075 7157.104931 1 C 
  7 218 4 20 3 1 HN 0  5  4  8  4 0 1 1.152534 0 0 7158.377361 7158.878325 7159.379301 7159.579688 7161.583583 7162.736116 1 C 
  7 219 4 21 2 2 LL 1  5  5  6  4 1 1 1.362214 0 0 7164.004961 7164.505932 7165.006905 7165.207294 7167.211189 7168.573403 1 C 
  7 220 4 22 2 2 LL 1  5  4  6  5 1 1 1.652823 0 0 7169.832960 7170.333926 7170.834901 7171.035290 7173.039185 7174.692009 1 C 
  7 221 4 23 3 3 HH 1  4  5  1  2 1 1 0.878399 0 0 7175.961539 7176.462506 7176.963482 7177.163869 7179.167766 7180.046165 1 C 
  7 222 4 24 3 2 HL 1  4  5  1  4 1 1 3.024408 0 0 7181.305257 7181.806228 7182.307202 7182.507591 7184.511488 7187.535896 1 C 
  7 223 4 25 2 3 LH 1  6  4  5  1 1 1 0.806243 0 0 7188.803166 7189.304137 7189.805114 7190.005499 7192.009395 7192.815638 1 C 
  7 224 4 26 1 3 NH 0  5  5  5  8 0 1 1.403475 0 0 7194.080089 7194.581061 7195.082035 7195.282425 7197.286320 7198.689795 1 C 
  7 225 4 27 3 3 HH 1  6  5  9  8 1 1 2.980391 0 0 7199.958187 7200.459157 7200.960128 7201.160517 7203.164412 7206.144803 1 C 
  7 226 4 28 1 3 NH 0  5  6  5  3 0 1 1.353569 0 0 7207.405993 7207.906965 7208.407949 7208.608329 7210.612225 7211.965794 1 C 
  7 227 4 29 3 3 HH 1  6  4  3  7 1 1 2.453353 0 0 7213.233994 7213.734961 7214.235937 7214.436324 7216.440220 7218.893573 1 C 
  7 228 4 30 1 1 NN 0  6  5  6  5 0 1 1.144086 0 0 7220.164132 7220.665099 7221.166075 7221.366463 7223.370358 7224.514444 1 C 
  7 229 4 31 2 3 LH 1  5  6  6  9 1 1 1.187517 0 0 7225.775036 7226.276007 7226.776980 7226.977369 7228.981265 7230.168782 1 C 
  7 230 4 32 3 2 HL 1  6  5  9  6 1 1 1.318778 0 0 7231.436047 7231.937011 7232.437987 7232.638374 7234.642270 7235.961048 1 C 
  7 231 4 33 1 1 NN 0  6  4  6  4 0 1 0.713595 0 0 7237.230639 7237.731609 7238.232584 7238.432972 7240.436868 7241.150463 1 C 
  7 232 4 34 1 2 NL 0  5  5  5  6 0 1 1.008535 0 0 7242.424070 7242.925038 7243.426013 7243.626401 7245.630297 7246.638832 1 C 
  7 233 4 35 2 2 LL 1  6  5  5  6 1 1 3.344275 0 0 7247.901387 7248.402351 7248.903325 7249.103715 7251.107610 7254.451886 1 C 
  7 234 4 36 3 3 HH 1  5  5  8  2 1 1 0.718970 0 0 7255.716576 7256.217544 7256.718521 7256.918911 7258.922803 7259.641773 1 C 
  7 235 4 37 2 2 LL 1  6  4  5  5 1 1 0.740348 0 0 7260.910003 7261.410973 7261.911949 7262.112335 7264.116229 7264.856577 1 C 
  7 236 4 38 3 3 HH 1  5  5  2  8 1 1 1.531691 0 0 7266.120130 7266.621102 7267.122076 7267.322464 7269.326360 7270.858051 1 C 
  7 237 4 39 3 2 HL 1  6  5  9  6 1 1 1.626323 0 0 7272.131820 7272.632789 7273.133765 7273.334150 7275.338046 7276.964368 1 C 
  7 238 4 40 3 3 HH 1  5  6  8  3 1 1 0.680169 0 0 7278.226999 7278.727971 7279.228947 7279.429332 7281.433228 7282.113396 1 C 
  7 239 4 41 3 1 HN 0  4  5  1  5 0 1 0.654617 0 0 7283.387028 7283.887999 7284.388974 7284.589365 7286.593263 7287.247880 1 C 
  7 240 4 42 3 3 HH 1  4  5  7  2 1 1 0.752434 0 0 7288.513665 7289.014635 7289.515608 7289.715995 7291.719890 7292.472324 1 C 
  7 241 4 43 1 3 NH 0  5  4  5  7 0 1 0.751697 0 0 7293.740488 7294.241458 7294.742433 7294.942820 7296.946718 7297.698415 1 C 
  7 242 4 44 1 2 NL 0  4  4  4  5 0 1 0.501884 0 0 7298.967320 7299.468286 7299.969262 7300.169649 7302.173545 7302.675429 1 C 
  7 243 4 45 3 1 HN 0  5  5  2  5 0 1 0.495330 0 0 7303.943657 7304.444626 7304.945602 7305.145990 7307.149886 7307.645216 1 C 
  7 244 4 46 3 1 HN 0  4  4  1  4 0 1 0.810484 0 0 7308.919995 7309.420967 7309.921941 7310.122329 7312.126225 7312.936709 1 C 
  7 245 4 47 1 1 NN 0  5  5  5  5 0 1 0.576885 0 0 7314.196929 7314.697891 7315.198868 7315.399254 7317.403149 7317.980034 1 C 
  7 246 4 48 2 2 LL 1  6  5  5  6 1 1 1.303615 0 0 7319.240057 7319.741028 7320.242002 7320.442391 7322.446288 7323.749902 1 C 
  7 247 4 49 1 2 NL 0  6  5  6  6 0 1 0.684454 0 0 7325.017956 7325.518927 7326.019903 7326.220289 7328.224185 7328.908639 1 C 
  7 248 4 50 3 2 HL 1  4  6  1  5 1 1 0.809929 0 0 7330.177989 7330.678956 7331.179932 7331.380320 7333.384216 7334.194146 1 C 
  7 249 4 51 1 3 NH 0  6  6  6  3 0 1 1.173133 0 0 7335.454914 7335.955882 7336.456854 7336.657245 7338.661140 7339.834273 1 C 
  7 250 4 52 2 1 LN 0  5  6  6  6 0 1 2.472512 0 0 7341.099216 7341.600186 7342.101160 7342.301551 7344.305445 7346.777957 1 C 
  7 251 4 53 3 2 HL 1  4  4  1  5 1 1 0.655361 0 0 7348.046057 7348.547022 7349.048000 7349.248388 7351.252283 7351.907644 1 C 
  7 252 4 54 2 2 LL 1  5  4  6  5 1 1 0.788420 0 0 7353.172689 7353.673656 7354.174631 7354.375020 7356.378914 7357.167334 1 C 
  7 253 4 55 1 1 NN 0  5  5  5  5 0 1 1.047427 0 0 7358.432913 7358.933881 7359.434859 7359.635245 7361.639141 7362.686568 1 C 
  7 254 4 56 3 2 HL 1  4  5  1  6 1 1 0.671797 0 0 7363.960326 7364.461294 7364.962270 7365.162657 7367.166552 7367.838349 1 C 
  7 255 4 57 3 3 HH 1  4  4  1  7 1 1 0.817652 0 0 7369.103659 7369.604624 7370.105603 7370.305988 7372.309884 7373.127536 1 C 
  7 256 4 58 2 1 LN 0  5  4  4  4 0 1 1.810017 0 0 7374.397280 7374.898248 7375.399220 7375.599612 7377.603507 7379.413524 1 C 
  7 257 4 59 2 2 LL 1  6  4  5  5 1 1 0.835218 0 0 7380.676153 7381.177121 7381.678098 7381.878484 7383.882380 7384.717598 1 C 
  7 258 4 60 3 2 HL 1  6  5  9  4 1 1 0.870723 0 0 7385.986476 7386.487443 7386.988417 7387.188806 7389.192703 7390.063426 1 C 
  7 259 5  1 3 2 HL 1  6  4  9  5 1 1 1.387038 0 0 7476.479051 7476.980020 7477.480996 7477.681384 7479.685279 7481.072317 1 C 
  7 260 5  2 2 1 LN 0  4  5  5  5 0 1 1.045644 0 0 7482.340444 7482.841412 7483.342388 7483.542778 7485.546674 7486.592317 1 C 
  7 261 5  3 1 2 NL 0  5  6  5  5 0 1 2.637153 0 0 7487.851156 7488.352126 7488.853100 7489.053490 7491.057386 7493.694540 1 C 
  7 262 5  4 3 1 HN 0  4  5  1  5 0 1 3.732004 0 0 7494.964993 7495.465955 7495.966933 7496.167318 7498.171214 7501.903218 1 C 
  7 263 5  5 2 2 LL 1  6  4  5  5 1 1 7.888339 0 0 7503.164257 7503.665227 7504.166201 7504.366593 7506.370486 7514.258826 1 C 
  7 264 5  6 2 1 LN 0  4  6  5  6 0 1 3.417505 0 0 7515.521613 7516.022584 7516.523556 7516.723946 7518.727840 7522.145345 1 C 
  7 265 5  7 3 2 HL 1  4  6  1  5 1 1 0.744057 0 0 7523.420302 7523.921269 7524.422248 7524.622633 7526.626529 7527.370586 1 C 
  7 266 5  8 3 1 HN 0  5  5  2  5 0 1 0.908060 0 0 7528.630428 7529.131397 7529.632373 7529.832761 7531.836657 7532.744717 1 C 
  7 267 5  9 3 2 HL 1  4  5  7  6 1 1 0.730104 0 0 7534.007547 7534.508517 7535.009493 7535.209881 7537.213776 7537.943881 1 C 
  7 268 5 10 1 2 NL 0  5  6  5  5 0 1 1.860056 0 0 7539.217679 7539.718645 7540.219619 7540.420009 7542.423904 7544.283960 1 C 
  7 269 5 11 2 2 LL 1  5  5  6  6 1 1 0.944151 0 0 7545.546648 7546.047615 7546.548593 7546.748978 7548.752874 7549.697025 1 C 
  7 270 5 12 1 3 NH 0  4  5  4  8 0 1 1.126628 0 0 7550.957163 7551.458135 7551.959109 7552.159496 7554.163392 7555.290020 1 C 
  7 271 5 13 3 2 HL 1  4  4  1  5 1 1 4.924334 0 0 7556.551370 7557.052341 7557.553318 7557.753703 7559.757599 7564.681933 1 C 
  7 272 5 14 3 1 HN 0  4  5  7  5 0 1 1.109540 0 0 7565.952982 7566.453949 7566.954924 7567.155313 7569.159208 7570.268748 1 C 
  7 273 5 15 2 1 LN 0  5  6  4  6 0 1 5.069744 0 0 7571.530489 7572.031459 7572.532436 7572.732820 7574.736716 7579.806459 1 C 
  7 274 5 16 1 2 NL 0  5  4  5  5 0 1 0.922188 0 0 7581.065694 7581.566660 7582.067638 7582.268024 7584.271920 7585.194108 1 C 
  7 275 5 17 1 1 NN 0  6  6  6  6 0 1 0.730167 0 0 7586.459513 7586.960478 7587.461454 7587.661843 7589.665738 7590.395905 1 C 
  7 276 5 18 1 2 NL 0  4  4  4  5 0 1 0.691100 0 0 7591.669641 7592.170608 7592.671585 7592.871971 7594.875866 7595.566966 1 C 
  7 277 5 19 1 2 NL 0  6  5  6  4 0 1 1.319714 0 0 7596.829670 7597.330638 7597.831615 7598.032001 7600.035897 7601.355610 1 C 
  7 278 5 20 2 1 LN 0  5  6  4  6 0 1 2.004809 0 0 7602.624266 7603.125235 7603.626211 7603.826599 7605.830495 7607.835304 1 C 
  7 279 5 21 3 3 HH 1  5  5  8  2 1 1 0.695727 0 0 7609.103526 7609.604500 7610.105471 7610.305861 7612.309756 7613.005482 1 C 
  7 280 5 22 2 3 LH 1  4  6  5  9 1 1 0.710216 0 0 7614.280260 7614.781226 7615.282205 7615.482590 7617.486495 7618.196710 1 C 
  7 281 5 23 2 2 LL 1  4  4  5  5 1 1 0.735678 0 0 7619.456987 7619.957956 7620.458933 7620.659321 7622.663214 7623.398892 1 C 
  7 282 5 24 1 3 NH 0  6  4  6  7 0 1 0.674472 0 0 7624.667119 7625.168088 7625.669059 7625.869448 7627.873343 7628.547815 1 C 
  7 283 5 25 3 3 HH 1  6  4  9  1 1 1 0.574351 0 0 7629.810450 7630.311417 7630.812393 7631.012780 7633.016675 7633.591026 1 C 
  7 284 5 26 1 1 NN 0  6  4  6  4 0 1 0.650317 0 0 7634.853586 7635.354554 7635.855530 7636.055917 7638.059812 7638.710129 1 C 
  7 285 5 27 3 2 HL 1  4  4  1  5 1 1 1.587231 0 0 7639.980218 7640.481182 7640.982159 7641.182549 7643.186444 7644.773675 1 C 
  7 286 5 28 3 1 HN 0  6  5  3  5 0 1 2.542978 0 0 7646.041998 7646.542969 7647.043945 7647.244333 7649.248228 7651.791206 1 C 
  7 287 5 29 1 2 NL 0  4  5  4  4 0 1 0.646726 0 0 7653.055637 7653.556605 7654.057577 7654.257967 7656.261862 7656.908589 1 C 
  7 288 5 30 1 3 NH 0  5  5  5  8 0 1 0.555849 0 0 7658.182268 7658.683235 7659.184213 7659.384598 7661.388494 7661.944343 1 C 
  7 289 5 31 3 3 HH 1  5  4  2  7 1 1 0.760532 0 0 7663.208704 7663.709673 7664.210651 7664.411036 7666.414932 7667.175464 1 C 
  7 290 5 32 2 2 LL 1  5  5  4  6 1 1 0.702262 0 0 7668.435533 7668.936500 7669.437476 7669.637864 7671.641760 7672.344021 1 C 
  7 291 5 33 2 3 LH 1  5  6  4  9 1 1 5.318185 0 0 7673.612264 7674.113229 7674.614207 7674.814593 7676.818489 7682.136674 1 C 
  7 292 5 34 1 2 NL 0  5  5  5  6 0 1 0.529637 0 0 7683.397962 7683.898918 7684.399895 7684.600282 7686.604178 7687.133815 1 C 
  7 293 5 35 2 3 LH 1  4  5  5  8 1 1 0.772260 0 0 7688.407690 7688.908657 7689.409631 7689.610021 7691.613923 7692.386184 1 C 
  7 294 5 36 2 1 LN 0  6  5  5  5 0 1 1.264563 0 0 7693.651215 7694.152184 7694.653158 7694.853547 7696.857443 7698.122006 1 C 
  7 295 5 37 3 2 HL 1  4  6  1  5 1 1 1.944793 0 0 7699.395720 7699.896684 7700.397658 7700.598047 7702.601943 7704.546736 1 C 
  7 296 5 38 2 1 LN 0  5  4  4  4 0 1 3.991556 0 0 7705.808180 7706.309152 7706.810123 7707.010511 7709.014413 7713.005969 1 C 
  7 297 5 39 1 1 NN 0  4  6  4  6 0 1 0.848301 0 0 7714.274641 7714.775608 7715.276582 7715.476971 7717.480867 7718.329168 1 C 
  7 298 5 40 1 3 NH 0  6  6  6  3 0 1 0.904315 0 0 7719.601663 7720.102634 7720.603607 7720.803993 7722.807889 7723.712204 1 C 
  7 299 5 41 3 3 HH 1  5  6  2  3 1 1 0.838580 0 0 7724.978782 7725.479753 7725.980725 7726.181113 7728.185007 7729.023587 1 C 
  7 300 5 42 2 2 LL 1  4  4  5  5 1 1 0.611608 0 0 7730.289104 7730.790071 7731.291048 7731.491435 7733.495329 7734.106937 1 C 
  7 301 5 43 3 1 HN 0  4  5  1  5 0 1 1.103350 0 0 7735.382339 7735.883308 7736.384280 7736.584670 7738.588562 7739.691912 1 C 
  7 302 5 44 3 2 HL 1  4  5  7  6 1 1 0.739634 0 0 7740.959856 7741.460814 7741.961792 7742.162178 7744.166074 7744.905708 1 C 
  7 303 5 45 1 1 NN 0  4  5  4  5 0 1 0.699268 0 0 7746.169972 7746.670941 7747.171917 7747.372307 7749.376205 7750.075473 1 C 
  7 304 5 46 2 1 LN 0  5  6  4  6 0 1 1.314621 0 0 7751.346705 7751.847670 7752.348648 7752.549034 7754.552931 7755.867552 1 C 
  7 305 5 47 3 2 HL 1  5  4  8  5 1 1 1.982463 0 0 7757.141303 7757.642271 7758.143247 7758.343634 7760.347528 7762.329991 1 C 
  7 306 5 48 3 2 HL 1  6  6  3  5 1 1 1.687541 0 0 7763.603865 7764.104834 7764.605806 7764.806196 7766.810092 7768.497632 1 C 
  7 307 5 49 1 1 NN 0  5  6  5  6 0 1 1.332850 0 0 7769.765845 7770.266812 7770.767788 7770.968175 7772.972070 7774.304920 1 C 
  7 308 5 50 1 3 NH 0  5  4  5  7 1 0 2.650654 0 0 7775.577137 7776.078108 7776.579080 7776.779471 7778.783367 7781.434021 1 E 
  7 309 5 51 3 2 HL 1  6  6  3  5 1 1 0.513096 0 0 7782.707672 7783.208639 7783.709613 7783.909999 7785.913896 7786.426992 1 C 
  7 310 5 52 1 1 NN 0  6  6  6  6 0 1 0.702261 0 0 7787.700708 7788.201673 7788.702648 7788.903039 7790.906934 7791.609195 1 C 
  7 311 5 53 3 3 HH 1  6  6  3  3 1 1 0.887792 0 0 7792.877438 7793.378404 7793.879380 7794.079768 7796.083664 7796.971456 1 C 
  7 312 5 54 3 2 HL 1  5  6  2  5 1 1 1.269969 0 0 7798.237854 7798.738826 7799.239800 7799.440188 7801.444084 7802.714053 1 C 
  7 313 5 55 2 2 LL 1  6  4  5  5 1 1 0.969472 0 0 7803.982358 7804.483326 7804.984301 7805.184690 7807.188586 7808.158058 1 C 
  7 314 5 56 2 1 LN 0  6  5  5  5 0 1 1.748603 0 0 7809.426274 7809.927241 7810.428217 7810.628605 7812.632500 7814.381102 1 C 
  7 315 5 57 2 3 LH 1  4  4  5  1 1 1 0.496405 0 0 7815.655051 7816.156015 7816.656991 7816.857379 7818.861275 7819.357680 1 C 
  7 316 5 58 3 1 HN 0  4  5  7  5 0 1 0.925658 0 0 7820.631389 7821.132356 7821.633329 7821.833719 7823.837614 7824.763272 1 C 
  7 317 5 59 1 3 NH 0  5  5  5  8 0 1 0.638897 0 0 7826.025204 7826.526178 7827.027149 7827.227538 7829.231433 7829.870330 1 C 
  7 318 5 60 1 1 NN 0  5  5  5  5 0 1 0.440721 0 0 7831.135140 7831.636107 7832.137084 7832.337471 7834.341367 7834.782088 1 C 
  7 319 6  1 3 3 HH 1  6  6  9  9 1 1 0.631732 0 0 7910.422602 7910.923571 7911.424546 7911.624932 7913.628828 7914.260560 1 C 
  7 320 6  2 2 2 LL 1  5  6  6  5 1 1 0.962929 0 0 7915.532535 7916.033504 7916.534477 7916.734865 7918.738765 7919.701694 1 C 
  7 321 6  3 1 2 NL 0  4  4  4  5 0 1 0.474097 0 0 7920.976450 7921.477418 7921.978392 7922.178781 7924.182680 7924.656777 1 C 
  7 322 6  4 1 3 NH 0  4  6  4  3 0 1 0.834443 0 0 7925.919393 7926.420362 7926.921334 7927.121724 7929.125620 7929.960062 1 C 
  7 323 6  5 1 1 NN 0  5  4  5  4 0 1 0.557603 0 0 7931.229720 7931.730682 7932.231660 7932.432046 7934.435942 7934.993545 1 C 
  7 324 6  6 2 3 LH 1  5  5  6  8 1 1 0.507515 0 0 7936.256150 7936.757121 7937.258095 7937.458484 7939.462379 7939.969894 1 C 
  7 325 6  7 3 1 HN 0  5  5  8  5 0 1 0.936052 0 0 7941.232494 7941.733461 7942.234438 7942.434824 7944.438719 7945.374771 1 C 
  7 326 6  8 2 1 LN 0  5  6  4  6 0 1 2.233292 0 0 7946.643012 7947.143979 7947.644953 7947.845351 7949.849237 7952.082529 1 C 
  7 327 6  9 1 1 NN 0  6  4  6  4 0 1 0.707890 0 0 7953.356061 7953.857031 7954.358003 7954.558392 7956.562287 7957.270177 1 C 
  7 328 6 10 1 2 NL 0  5  5  5  4 0 1 1.189514 0 0 7958.532791 7959.033758 7959.534734 7959.735121 7961.739016 7962.928530 1 C 
  7 329 6 11 3 3 HH 1  4  5  7  2 1 1 0.691059 0 0 7964.193791 7964.694765 7965.195739 7965.396126 7967.400022 7968.091081 1 C 
  7 330 6 12 3 2 HL 1  5  4  2  5 1 1 1.454865 0 0 7969.353827 7969.854794 7970.355767 7970.556156 7972.560052 7974.014918 1 C 
  7 331 6 13 1 3 NH 0  6  5  6  8 0 1 0.687756 0 0 7975.282017 7975.782988 7976.283959 7976.484347 7978.488242 7979.175999 1 C 
  7 332 6 14 2 3 LH 1  6  4  5  1 1 1 0.745032 0 0 7980.442048 7980.943015 7981.443988 7981.644377 7983.648273 7984.393305 1 C 
  7 333 6 15 2 3 LH 1  6  4  5  7 1 1 0.869212 0 0 7985.652185 7986.153143 7986.654116 7986.854503 7988.858401 7989.727613 1 C 
  7 334 6 16 1 3 NH 0  4  6  4  3 0 1 0.807520 0 0 7990.995896 7991.496863 7991.997837 7992.198226 7994.202121 7995.009641 1 C 
  7 335 6 17 1 2 NL 0  4  5  4  4 0 1 0.915624 0 0 7996.272819 7996.773787 7997.274765 7997.475150 7999.479047 8000.394671 1 C 
  7 336 6 18 3 2 HL 1  4  4  1  5 1 1 0.563184 0 0 8001.666636 8002.167606 8002.668584 8002.868969 8004.872865 8005.436049 1 C 
  7 337 6 19 1 1 NN 0  6  4  6  4 0 1 0.808099 0 0 8006.709775 8007.210743 8007.711716 8007.912106 8009.916001 8010.724100 1 C 
  7 338 6 20 1 2 NL 0  5  5  5  4 0 1 1.095315 0 0 8011.986701 8012.487668 8012.988643 8013.189030 8015.192927 8016.288242 1 C 
  7 339 6 21 3 1 HN 0  6  4  3  4 0 1 3.235024 0 0 8017.547509 8018.048475 8018.549452 8018.749840 8020.753733 8023.988757 1 C 
  7 340 6 22 2 1 LN 0  5  6  4  6 0 1 0.607644 0 0 8025.262507 8025.763474 8026.264450 8026.464839 8028.468733 8029.076377 1 C 
  7 341 6 23 3 2 HL 1  4  4  1  5 1 1 0.546434 0 0 8030.339042 8030.840009 8031.340984 8031.541373 8033.545279 8034.091713 1 C 
  7 342 6 24 1 1 NN 0  6  4  6  4 0 1 0.641107 0 0 8035.365479 8035.866447 8036.367423 8036.567811 8038.571708 8039.212814 1 C 
  7 343 6 25 3 2 HL 1  6  6  9  5 1 1 0.799659 0 0 8040.475410 8040.976380 8041.477356 8041.677744 8043.681640 8044.481299 1 C 
  7 344 6 26 2 1 LN 0  6  4  5  4 0 1 3.524919 0 0 8045.752337 8046.253304 8046.754279 8046.954668 8048.958564 8052.483483 1 C 
  7 345 6 27 2 3 LH 1  6  5  5  8 1 1 1.157033 0 0 8053.751222 8054.252187 8054.753162 8054.953551 8056.957447 8058.114480 1 C 
  7 346 6 28 2 2 LL 1  6  4  5  5 1 1 0.610282 0 0 8059.378828 8059.879797 8060.380771 8060.581157 8062.585052 8063.195334 1 C 
  7 347 6 29 1 3 NH 0  6  5  6  8 0 1 0.784198 0 0 8064.455361 8064.956332 8065.457306 8065.657692 8067.661588 8068.445785 1 C 
  7 348 6 30 3 2 HL 1  5  6  8  5 1 1 1.403450 0 0 8069.715584 8070.216554 8070.717530 8070.917918 8072.921813 8074.325263 1 C 
  7 349 6 31 3 3 HH 1  4  6  7  9 1 1 0.660171 0 0 8075.593680 8076.094647 8076.595626 8076.796011 8078.799906 8079.460077 1 C 
  7 350 6 32 2 2 LL 1  4  5  5  4 0 0 0.830368 0 0 8080.720311 8081.221280 8081.722263 8081.922643 8083.926538 8084.756906 1 E 
  7 351 6 33 2 3 LH 1  4  4  5  1 0 0 0.957322 0 0 8086.030636 8086.531602 8087.032576 8087.232965 8089.236861 8090.194183 1 E 
  7 352 6 34 2 3 LH 1  4  4  5  7 1 1 1.626719 0 0 8091.457851 8091.958819 8092.459796 8092.660182 8094.664080 8096.290799 1 C 
  7 353 6 35 1 1 NN 0  4  5  4  5 0 1 0.947264 0 0 8097.553031 8098.054000 8098.554974 8098.755364 8100.759259 8101.706523 1 C 
  7 354 6 36 2 3 LH 1  6  6  5  3 0 0 4.426300 0 0 8102.980251 8103.481218 8103.982194 8104.182581 8106.186477 8110.612777 1 E 
  7 355 6 37 1 2 NL 0  4  6  4  5 0 1 1.245020 0 0 8111.880886 8112.381853 8112.882829 8113.083217 8115.087115 8116.332135 1 C 
  7 356 6 38 2 1 LN 0  6  5  5  5 0 1 1.169934 0 0 8117.591989 8118.092955 8118.593929 8118.794318 8120.798214 8121.968149 1 C 
  7 357 6 39 2 3 LH 1  6  6  5  9 1 1 1.164344 0 0 8123.236291 8123.737258 8124.238235 8124.438624 8126.442520 8127.606864 1 C 
  7 358 6 40 3 3 HH 1  5  5  8  8 1 1 0.761284 0 0 8128.880599 8129.381565 8129.882539 8130.082931 8132.086825 8132.848108 1 C 
  7 359 6 41 2 2 LL 1  6  4  5  5 1 1 1.492681 0 0 8134.107421 8134.608393 8135.109367 8135.309757 8137.313652 8138.806333 1 C 
  7 360 6 42 3 2 HL 1  4  4  1  5 1 1 1.109169 0 0 8140.069011 8140.569982 8141.070955 8141.271345 8143.275240 8144.384409 1 C 
  7 361 6 43 1 2 NL 0  4  6  4  5 0 1 1.810028 0 0 8145.646520 8146.147491 8146.648469 8146.848854 8148.852757 8150.662785 1 C 
  7 362 6 44 3 2 HL 1  4  5  7  6 1 1 1.050582 0 0 8151.925394 8152.426363 8152.927339 8153.127730 8155.131622 8156.182203 1 C 
  7 363 6 45 2 3 LH 1  4  6  5  3 1 1 1.492686 0 0 8157.452806 8157.953774 8158.454750 8158.655138 8160.659034 8162.151720 1 C 
  7 364 6 46 3 3 HH 1  6  4  9  1 1 1 0.785550 0 0 8163.414395 8163.915366 8164.416341 8164.616727 8166.620634 8167.406183 1 C 
  7 365 6 47 3 2 HL 1  4  4  7  5 1 1 0.560215 0 0 8168.674623 8169.175588 8169.676566 8169.876952 8171.880848 8172.441063 1 C 
  7 366 6 48 2 2 LL 1  6  5  5  4 1 1 1.219371 0 0 8173.701056 8174.202026 8174.703005 8174.903390 8176.907285 8178.126656 1 C 
  7 367 6 49 1 3 NH 0  4  6  4  3 0 1 1.629198 0 0 8179.395458 8179.896428 8180.397403 8180.597792 8182.601688 8184.230886 1 C 
  7 368 6 50 2 3 LH 1  4  6  5  9 1 1 0.693992 0 0 8185.490640 8185.991611 8186.492584 8186.692974 8188.696869 8189.390861 1 C 
  7 369 6 51 3 1 HN 0  6  5  9  5 0 1 1.177378 0 0 8190.650673 8191.151641 8191.652616 8191.853005 8193.856900 8195.034278 1 C 
  7 370 6 52 2 2 LL 1  6  6  5  5 1 1 0.529029 0 0 8196.294977 8196.795951 8197.296923 8197.497309 8199.501206 8200.030235 1 C 
  7 371 6 53 2 1 LN 0  6  4  5  4 0 1 0.870571 0 0 8201.304718 8201.805685 8202.306660 8202.507049 8204.510945 8205.381516 1 C 
  7 372 6 54 2 1 LN 0  4  6  5  6 0 1 0.713472 0 0 8206.648439 8207.149406 8207.650384 8207.850770 8209.854665 8210.568137 1 C 
  7 373 6 55 3 3 HH 1  4  5  1  8 1 1 0.495664 0 0 8211.841868 8212.342835 8212.843810 8213.044199 8215.048094 8215.543758 1 C 
  7 374 6 56 3 3 HH 1  5  6  2  3 1 1 0.610491 0 0 8216.818209 8217.319176 8217.820149 8218.020539 8220.024434 8220.634925 1 C 
  7 375 6 57 2 3 LH 1  5  6  4  9 1 1 0.611942 0 0 8221.894744 8222.395711 8222.896688 8223.097074 8225.100969 8225.712912 1 C 
  7 376 6 58 2 1 LN 0  6  5  5  5 0 1 0.576899 0 0 8226.987984 8227.488943 8227.989919 8228.190308 8230.194204 8230.771103 1 C 
  7 377 6 59 1 1 NN 0  5  4  5  4 0 1 0.635487 0 0 8232.031115 8232.532081 8233.033059 8233.233445 8235.237340 8235.872827 1 C 
  7 378 6 60 2 2 LL 1  4  5  5  4 1 1 2.511320 0 0 8237.141044 8237.642014 8238.142991 8238.343379 8240.347276 8242.858595 1 C 
