 19   1 0 43 2 2 LL 1  4  4  5  5 1 1 1.364765 0 0 1906.476428 1906.977399 1907.478378 1907.678763 1909.682655 1911.047419 1 C 
 19   2 0 44 3 3 HH 1  6  6  3  3 1 1 0.900984 0 0 1912.321125 1912.822093 1913.323070 1913.523457 1915.527352 1916.428336 1 C 
 19   3 0 45 3 3 HH 1  5  6  8  3 1 1 1.045813 0 0 1917.698247 1918.199213 1918.700189 1918.900576 1920.904472 1921.950285 1 C 
 19   4 0 46 1 2 NL 0  6  6  6  5 0 1 0.566030 0 0 1923.225658 1923.726627 1924.227598 1924.427987 1926.431886 1926.997916 1 C 
 19   5 0 47 1 1 NN 0  6  4  6  4 0 1 0.579833 0 0 1928.268794 1928.769761 1929.270735 1929.471124 1931.475026 1932.054859 1 C 
 19   6 0 48 1 1 NN 0  6  6  6  6 0 1 0.429561 0 0 1933.328630 1933.829596 1934.330573 1934.530961 1936.534856 1936.964417 1 C 
 19   7 0 49 2 3 LH 1  5  4  6  7 1 1 0.627528 0 0 1938.238174 1938.739141 1939.240118 1939.440504 1941.444400 1942.071928 1 C 
 19   8 0 50 1 1 NN 0  4  6  4  6 0 1 0.477028 0 0 1943.331408 1943.832374 1944.333349 1944.533738 1946.537634 1947.014662 1 C 
 19   9 0 51 1 2 NL 0  5  4  5  5 0 1 0.555067 0 0 1948.274351 1948.775320 1949.276291 1949.476680 1951.480576 1952.035643 1 C 
 19  10 0 52 3 2 HL 1  5  6  2  5 1 1 1.032803 0 0 1953.300788 1953.801757 1954.302730 1954.503118 1956.507013 1957.539816 1 C 
 19  11 0 53 3 1 HN 0  5  5  8  5 0 1 0.563150 0 0 1958.811497 1959.312467 1959.813443 1960.013830 1962.017730 1962.580880 1 C 
 19  12 0 54 2 1 LN 0  6  5  5  5 0 1 0.880470 0 0 1963.854634 1964.355604 1964.856581 1965.056967 1967.060862 1967.941332 1 C 
 19  13 0 55 2 2 LL 1  6  4  5  5 1 1 0.584554 0 0 1969.215057 1969.716024 1970.216997 1970.417387 1972.421283 1973.005837 1 C 
 19  14 0 56 1 1 NN 0  5  5  5  5 0 1 0.499907 0 0 1974.274889 1974.775860 1975.276837 1975.477223 1977.481118 1977.981025 1 C 
 19  15 0 57 2 2 LL 1  4  4  5  5 1 1 0.549821 0 0 1979.251230 1979.752199 1980.253176 1980.453563 1982.457459 1983.007280 1 C 
 19  16 0 58 3 2 HL 1  6  5  3  4 1 1 0.506968 0 0 1984.277672 1984.778638 1985.279615 1985.480001 1987.483896 1987.990865 1 C 
 19  17 0 59 2 2 LL 1  5  5  4  4 1 1 0.585401 0 0 1989.254011 1989.754978 1990.255952 1990.456341 1992.460237 1993.045638 1 C 
 19  18 0 60 2 3 LH 1  6  5  5  8 1 1 0.847020 0 0 1994.313844 1994.814814 1995.315788 1995.516177 1997.520072 1998.367092 1 C 
 19  19 1  1 3 3 HH 1  4  5  1  2 0 0 0.533153 0 0 2004.283219 2004.784193 2005.285166 2005.485557 2007.489452 2008.022605 1 E 
 19  20 1  2 1 1 NN 0  4  4  4  4 0 1 0.626924 0 0 2009.292964 2009.793930 2010.294909 2010.495295 2012.499195 2013.126120 1 C 
 19  21 1  3 3 1 HN 0  5  6  2  6 1 0 1.308891 0 0 2014.386199 2014.887166 2015.388143 2015.588529 2017.592425 2018.901316 1 E 
 19  22 1  4 2 1 LN 0  6  4  5  4 0 1 1.565001 0 0 2020.164102 2020.665065 2021.166041 2021.366433 2023.370323 2024.935324 1 C 
 19  23 1  5 3 2 HL 1  4  6  1  5 1 1 0.512961 0 0 2026.209183 2026.710148 2027.211125 2027.411512 2029.415408 2029.928369 1 C 
 19  24 1  6 3 3 HH 1  5  5  8  2 1 1 0.618824 0 0 2031.202221 2031.703189 2032.204162 2032.404552 2034.408447 2035.027271 1 C 
 19  25 1  7 1 1 NN 0  6  6  6  6 0 1 0.418226 0 0 2036.295455 2036.796425 2037.297396 2037.497786 2039.501682 2039.919908 1 C 
 19  26 1  8 2 1 LN 0  6  4  5  4 0 1 0.574310 0 0 2041.188296 2041.689265 2042.190241 2042.390630 2044.394526 2044.968836 1 C 
 19  27 1  9 2 2 LL 1  4  6  5  5 1 1 0.556781 0 0 2046.231437 2046.732403 2047.233381 2047.433767 2049.437663 2049.994444 1 C 
 19  28 1 10 2 2 LL 1  6  5  5  4 1 1 0.727682 0 0 2051.257872 2051.758841 2052.259815 2052.460205 2054.464101 2055.191783 1 C 
 19  29 1 11 1 2 NL 0  6  4  6  5 0 1 0.713401 0 0 2056.451304 2056.952277 2057.453247 2057.653634 2059.657526 2060.370927 1 C 
 19  30 1 12 2 3 LH 1  4  5  5  2 0 0 0.591047 0 0 2061.644732 2062.145699 2062.646676 2062.847062 2064.850958 2065.442005 1 E 
 19  31 1 13 1 3 NH 0  5  4  5  1 0 1 1.296712 0 0 2066.704566 2067.205535 2067.706509 2067.906898 2069.910794 2071.207506 1 C 
 19  32 1 14 3 1 HN 0  4  4  7  4 0 1 0.626715 0 0 2072.482464 2072.983434 2073.484409 2073.684797 2075.688692 2076.315408 1 C 
 19  33 1 15 3 3 HH 1  6  6  3  3 1 1 0.668875 0 0 2077.575701 2078.076668 2078.577645 2078.778031 2080.781928 2081.450803 1 C 
 19  34 1 16 1 3 NH 0  6  4  6  7 0 1 0.518615 0 0 2082.719032 2083.220000 2083.720972 2083.921363 2085.925258 2086.443873 1 C 
 19  35 1 17 2 1 LN 0  4  6  5  6 0 1 0.676858 0 0 2087.712071 2088.213038 2088.714015 2088.914401 2090.918308 2091.595165 1 C 
 19  36 1 18 1 1 NN 0  4  5  4  5 0 1 0.451840 0 0 2092.855404 2093.356369 2093.857348 2094.057733 2096.061628 2096.513468 1 C 
 19  37 1 19 3 1 HN 0  6  4  3  4 0 1 0.821829 0 0 2097.781642 2098.282614 2098.783589 2098.983977 2100.987871 2101.809700 1 C 
 19  38 1 20 3 3 HH 1  6  5  9  8 1 1 0.568075 0 0 2103.075266 2103.576237 2104.077215 2104.277600 2106.281496 2106.849571 1 C 
 19  39 1 21 2 1 LN 0  4  5  5  5 0 1 0.585306 0 0 2108.118406 2108.619373 2109.120346 2109.320737 2111.324632 2111.909938 1 C 
 19  40 1 22 1 3 NH 0  4  6  4  3 0 1 0.674460 0 0 2113.178243 2113.679209 2114.180186 2114.380573 2116.384466 2117.058927 1 C 
 19  41 1 23 3 1 HN 0  4  6  1  6 0 1 0.593654 0 0 2118.321578 2118.822541 2119.323516 2119.523904 2121.527800 2122.121453 1 C 
 19  42 1 24 2 3 LH 1  5  6  6  9 1 1 0.717731 0 0 2123.381409 2123.882376 2124.383355 2124.583738 2126.587636 2127.305367 1 C 
 19  43 1 25 1 3 NH 0  5  4  5  1 0 1 0.488290 0 0 2128.574837 2129.075805 2129.576777 2129.777169 2131.781064 2132.269354 1 C 
 19  44 1 26 2 3 LH 1  5  6  6  3 1 1 0.590843 0 0 2133.534480 2134.035447 2134.536420 2134.736815 2136.740704 2137.331548 1 C 
 19  45 1 27 1 3 NH 0  5  4  5  7 0 1 0.501871 0 0 2138.594317 2139.095281 2139.596256 2139.796646 2141.800541 2142.302412 1 C 
 19  46 1 28 3 2 HL 1  6  4  3  5 1 1 0.418368 0 0 2143.570656 2144.071622 2144.572596 2144.772986 2146.776882 2147.195249 1 C 
 19  47 1 29 2 3 LH 1  5  5  4  2 1 1 0.813748 0 0 2148.463500 2148.964467 2149.465445 2149.665835 2151.669726 2152.483474 1 C 
 19  48 1 30 2 2 LL 1  4  5  5  6 1 1 0.755695 0 0 2153.757124 2154.258093 2154.759065 2154.959455 2156.963349 2157.719044 1 C 
 19  49 1 31 2 1 LN 0  6  5  5  5 0 1 0.869067 0 0 2158.983949 2159.484918 2159.985892 2160.186282 2162.190187 2163.059254 1 C 
 19  50 1 32 1 3 NH 0  5  6  5  3 0 1 0.740479 0 0 2164.327670 2164.828641 2165.329617 2165.530003 2167.533898 2168.274377 1 C 
 19  51 1 33 3 3 HH 1  4  5  1  2 1 1 0.652192 0 0 2169.537797 2170.038768 2170.539742 2170.740131 2172.744026 2173.396218 1 C 
 19  52 1 34 1 3 NH 0  4  6  4  9 0 1 0.517582 0 0 2174.664431 2175.165400 2175.666376 2175.866764 2177.870665 2178.388247 1 C 
 19  53 1 35 3 1 HN 0  5  6  8  6 0 1 0.931960 0 0 2179.657472 2180.158440 2180.659416 2180.859802 2182.863698 2183.795658 1 C 
 19  54 1 36 2 1 LN 0  4  6  5  6 0 1 0.613151 0 0 2185.067990 2185.568957 2186.069931 2186.270320 2188.274215 2188.887365 1 C 
 19  55 1 37 2 3 LH 1  4  6  5  3 1 1 0.573533 0 0 2190.161223 2190.662192 2191.163168 2191.363554 2193.367449 2193.940982 1 C 
 19  56 1 38 2 2 LL 1  5  4  4  5 1 1 0.627717 0 0 2195.204357 2195.705324 2196.206305 2196.406690 2198.410587 2199.038303 1 C 
 19  57 1 39 3 3 HH 1  6  5  9  2 1 1 0.656468 0 0 2200.297591 2200.798561 2201.299534 2201.499925 2203.503823 2204.160291 1 C 
 19  58 1 40 2 3 LH 1  4  6  5  9 1 1 0.648737 0 0 2205.424228 2205.925194 2206.426168 2206.626558 2208.630453 2209.279190 1 C 
 19  59 1 41 2 2 LL 1  4  6  5  5 1 1 0.644016 0 0 2210.550859 2211.051827 2211.552800 2211.753190 2213.757085 2214.401101 1 C 
 19  60 1 42 1 2 NL 0  5  6  5  5 0 1 0.685616 0 0 2215.660797 2216.161759 2216.662735 2216.863123 2218.867019 2219.552635 1 C 
 19  61 1 43 1 2 NL 0  4  6  4  5 0 1 0.694125 0 0 2220.820823 2221.321790 2221.822764 2222.023154 2224.027049 2224.721175 1 C 
 19  62 1 44 1 2 NL 0  6  6  6  5 0 1 0.522905 0 0 2225.980852 2226.481820 2226.982799 2227.183184 2229.187079 2229.709985 1 C 
 19  63 1 45 2 2 LL 1  4  5  5  4 1 1 0.588627 0 0 2230.973888 2231.474860 2231.975836 2232.176224 2234.180130 2234.768757 1 C 
 19  64 1 46 1 2 NL 0  5  4  5  5 0 1 0.872428 0 0 2236.033726 2236.534698 2237.035670 2237.236060 2239.239954 2240.112382 1 C 
 19  65 1 47 1 2 NL 0  5  4  5  5 0 1 0.533717 0 0 2241.377446 2241.878417 2242.379392 2242.579778 2244.583677 2245.117394 1 C 
 19  66 1 48 3 1 HN 0  6  5  3  5 0 1 1.047718 0 0 2246.387190 2246.888158 2247.389134 2247.589519 2249.593414 2250.641132 1 C 
 19  67 1 49 2 2 LL 1  4  4  5  5 1 1 0.702199 0 0 2251.914601 2252.415571 2252.916544 2253.116930 2255.120826 2255.823025 1 C 
 19  68 1 50 2 2 LL 1  4  5  5  6 1 1 0.808078 0 0 2257.091330 2257.592296 2258.093275 2258.293660 2260.297556 2261.105633 1 C 
 19  69 1 51 2 2 LL 1  5  4  6  5 1 1 0.920459 0 0 2262.368253 2262.869221 2263.370198 2263.570585 2265.574481 2266.494940 1 C 
 19  70 1 52 1 1 NN 0  6  6  6  6 0 1 0.645608 0 0 2267.762073 2268.263040 2268.764017 2268.964404 2270.968299 2271.613907 1 C 
 19  71 1 53 3 2 HL 1  5  4  2  5 1 1 0.495135 0 0 2272.888704 2273.389673 2273.890647 2274.091035 2276.094931 2276.590066 1 C 
 19  72 1 54 2 2 LL 1  5  4  4  5 1 1 0.707894 0 0 2277.865045 2278.366013 2278.866988 2279.067375 2281.071271 2281.779165 1 C 
 19  73 1 55 1 2 NL 0  4  6  4  5 0 1 0.607733 0 0 2283.041787 2283.542743 2284.043717 2284.244110 2286.248000 2286.855733 1 C 
 19  74 1 56 3 2 HL 1  4  4  7  5 1 1 0.495130 0 0 2288.118308 2288.619278 2289.120254 2289.320641 2291.324537 2291.819667 1 C 
 19  75 1 57 2 1 LN 0  4  4  5  4 0 1 0.709507 0 0 2293.094649 2293.595619 2294.096594 2294.296981 2296.300874 2297.010381 1 C 
 19  76 1 58 2 3 LH 1  5  5  6  8 1 1 0.524067 0 0 2298.271380 2298.772347 2299.273325 2299.473711 2301.477607 2302.001673 1 C 
 19  77 1 59 2 2 LL 1  5  5  6  4 1 1 0.521578 0 0 2303.264417 2303.765387 2304.266363 2304.466750 2306.470646 2306.992224 1 C 
 19  78 1 60 3 3 HH 1  5  5  8  2 1 1 0.512227 0 0 2308.257455 2308.758428 2309.259400 2309.459790 2311.463686 2311.975912 1 C 
 19  79 2  1 1 1 NN 0  5  6  5  6 0 1 0.593636 0 0 2322.167831 2322.668800 2323.169774 2323.370162 2325.374059 2325.967696 1 C 
 19  80 2  2 3 1 HN 0  4  5  7  5 0 1 0.802534 0 0 2327.227672 2327.728636 2328.229610 2328.429999 2330.433895 2331.236429 1 C 
 19  81 2  3 3 1 HN 0  6  5  9  5 0 1 0.629946 0 0 2332.504593 2333.005560 2333.506535 2333.706924 2335.710819 2336.340765 1 C 
 19  82 2  4 3 2 HL 1  4  4  7  5 1 1 0.455159 0 0 2337.614525 2338.115494 2338.616471 2338.816858 2340.820753 2341.275912 1 C 
 19  83 2  5 3 3 HH 1  5  4  8  1 1 1 0.760339 0 0 2342.540766 2343.041739 2343.542711 2343.743100 2345.746996 2346.507334 1 C 
 19  84 2  6 1 2 NL 0  4  5  4  4 0 1 0.782643 0 0 2347.767593 2348.268564 2348.769540 2348.969928 2350.973823 2351.756466 1 C 
 19  85 2  7 3 3 HH 1  4  6  1  9 1 1 0.543745 0 0 2353.027821 2353.528787 2354.029768 2354.230152 2356.234048 2356.777793 1 C 
 19  86 2  8 3 3 HH 1  5  6  2  3 1 1 0.423900 0 0 2358.037561 2358.538528 2359.039501 2359.239893 2361.243785 2361.667684 1 C 
 19  87 2  9 3 3 HH 1  4  6  7  9 1 1 0.504825 0 0 2362.930404 2363.431374 2363.932347 2364.132736 2366.136631 2366.641456 1 C 
 19  88 2 10 2 3 LH 1  4  5  5  2 1 1 0.568192 0 0 2367.906742 2368.407713 2368.908688 2369.109076 2371.112972 2371.681163 1 C 
 19  89 2 11 2 2 LL 1  4  5  5  4 1 1 0.567343 0 0 2372.949879 2373.450849 2373.951829 2374.152213 2376.156108 2376.723452 1 C 
 19  90 2 12 1 3 NH 0  4  4  4  7 0 1 0.482937 0 0 2377.993023 2378.493987 2378.994960 2379.195349 2381.199245 2381.682182 1 C 
 19  91 2 13 3 2 HL 1  5  5  2  6 1 1 0.501816 0 0 2382.952661 2383.453627 2383.954602 2384.154990 2386.158886 2386.660702 1 C 
 19  92 2 14 2 3 LH 1  5  6  4  3 1 1 0.485216 0 0 2387.929000 2388.429967 2388.930943 2389.131331 2391.135227 2391.620442 1 C 
 19  93 2 15 2 2 LL 1  6  4  5  5 1 1 0.482824 0 0 2392.888641 2393.389608 2393.890585 2394.090972 2396.094868 2396.577691 1 C 
 19  94 2 16 2 2 LL 1  5  6  4  5 1 1 0.567618 0 0 2397.848281 2398.349249 2398.850227 2399.050613 2401.054509 2401.622126 1 C 
 19  95 2 17 1 1 NN 0  6  4  6  4 1 0 1.011766 0 0 2402.891419 2403.392386 2403.893364 2404.093751 2406.097656 2407.109421 1 E 
 19  96 2 18 3 1 HN 0  5  4  2  4 0 1 0.820595 0 0 2408.368734 2408.869701 2409.370675 2409.571064 2411.574960 2412.395555 1 C 
 19  97 2 19 3 1 HN 0  6  4  3  4 0 1 0.568662 0 0 2413.662355 2414.163323 2414.664299 2414.864688 2416.868583 2417.437245 1 C 
 19  98 2 20 3 2 HL 1  5  5  8  4 1 1 0.535269 0 0 2418.705493 2419.206461 2419.707439 2419.907824 2421.911719 2422.446989 1 C 
 19  99 2 21 1 1 NN 0  4  4  4  4 0 1 0.467425 0 0 2423.715232 2424.216198 2424.717175 2424.917563 2426.921459 2427.388884 1 C 
 19 100 2 22 3 3 HH 1  5  4  8  7 1 1 0.580013 0 0 2428.658180 2429.159144 2429.660114 2429.860505 2431.864411 2432.444424 1 C 
 19 101 2 23 1 3 NH 0  4  5  4  2 0 1 0.510985 0 0 2433.718010 2434.218976 2434.719952 2434.920341 2436.924236 2437.435221 1 C 
 19 102 2 24 3 3 HH 1  5  6  8  9 1 1 0.639668 0 0 2438.694348 2439.195320 2439.696292 2439.896682 2441.900574 2442.540242 1 C 
 19 103 2 25 2 3 LH 1  4  5  5  8 1 1 1.053092 0 0 2443.804295 2444.305255 2444.806225 2445.006614 2447.010510 2448.063602 1 C 
 19 104 2 26 3 3 HH 1  6  5  9  8 1 1 0.676910 0 0 2449.331695 2449.832662 2450.333638 2450.534026 2452.537921 2453.214832 1 C 
 19 105 2 27 3 1 HN 0  4  4  7  4 0 1 0.638730 0 0 2454.475029 2454.975995 2455.476970 2455.677358 2457.681251 2458.319981 1 C 
 19 106 2 28 3 1 HN 0  4  5  1  5 0 1 0.602084 0 0 2459.584960 2460.085927 2460.586903 2460.787291 2462.791187 2463.393270 1 C 
 19 107 2 29 3 2 HL 1  4  5  7  6 1 1 0.557560 0 0 2464.661496 2465.162463 2465.663438 2465.863826 2467.867721 2468.425281 1 C 
 19 108 2 30 2 1 LN 0  4  5  5  5 0 1 0.568464 0 0 2469.687932 2470.188900 2470.689873 2470.890263 2472.894159 2473.462623 1 C 
 19 109 2 31 1 2 NL 0  4  6  4  5 0 1 0.579843 0 0 2474.731067 2475.232037 2475.733010 2475.933400 2477.937296 2478.517139 1 C 
 19 110 2 32 1 2 NL 0  5  6  5  5 0 1 0.641079 0 0 2479.790905 2480.291873 2480.792850 2480.993236 2482.997131 2483.638210 1 C 
 19 111 2 33 2 3 LH 1  6  6  5  3 1 1 0.770232 0 0 2484.900838 2485.401805 2485.902780 2486.103170 2488.107064 2488.877296 1 C 
 19 112 2 34 3 2 HL 1  5  6  8  5 1 1 0.855357 0 0 2490.144363 2490.645332 2491.146308 2491.346696 2493.350591 2494.205948 1 C 
 19 113 2 35 3 3 HH 1  6  6  3  9 1 1 1.004867 0 0 2495.471387 2495.972358 2496.473331 2496.673717 2498.677613 2499.682481 1 C 
 19 114 2 36 3 1 HN 0  6  6  9  6 1 0 0.484988 0 0 2500.948700 2501.449667 2501.950643 2502.151035 2504.154930 2504.639919 1 E 
 19 115 2 37 3 2 HL 1  5  4  2  5 1 1 0.815469 0 0 2505.908343 2506.409311 2506.910285 2507.110673 2509.114569 2509.930037 1 C 
 19 116 2 38 3 1 HN 0  5  4  8  4 0 1 0.690495 0 0 2511.201967 2511.702934 2512.203910 2512.404296 2514.408192 2515.098687 1 C 
 19 117 2 39 2 3 LH 1  4  4  5  7 1 1 0.872261 0 0 2516.361997 2516.862963 2517.363940 2517.564327 2519.568221 2520.440482 1 C 
 19 118 2 40 3 3 HH 1  5  6  8  3 1 1 0.535294 0 0 2521.705715 2522.206684 2522.707659 2522.908048 2524.911944 2525.447238 1 C 
 19 119 2 41 1 3 NH 0  5  4  5  7 0 1 0.533045 0 0 2526.715456 2527.216423 2527.717397 2527.917788 2529.921682 2530.454727 1 C 
 19 120 2 42 3 3 HH 1  4  4  7  1 1 1 0.629894 0 0 2531.725194 2532.226165 2532.727135 2532.927525 2534.931426 2535.561320 1 C 
 19 121 2 43 3 2 HL 1  6  5  9  6 1 1 0.813657 0 0 2536.835125 2537.336098 2537.837069 2538.037459 2540.041354 2540.855010 1 C 
 19 122 2 44 1 1 NN 0  4  4  4  4 0 1 0.785786 0 0 2542.128748 2542.629719 2543.130694 2543.331082 2545.334979 2546.120765 1 C 
 19 123 2 45 2 1 LN 0  4  6  5  6 1 0 0.788903 0 0 2547.388976 2547.889943 2548.390922 2548.591307 2550.595203 2551.384106 1 E 
 19 124 2 46 2 3 LH 1  6  5  5  2 1 1 0.952723 0 0 2552.649202 2553.150171 2553.651146 2553.851533 2555.855429 2556.808152 1 C 
 19 125 2 47 1 2 NL 0  6  4  6  5 0 1 0.535073 0 0 2558.076417 2558.577390 2559.078362 2559.278750 2561.282645 2561.817719 1 C 
 19 126 2 48 1 3 NH 0  4  5  4  2 0 1 0.644175 0 0 2563.086156 2563.587125 2564.088101 2564.288488 2566.292396 2566.936571 1 C 
 19 127 2 49 1 1 NN 0  4  5  4  5 0 1 0.513035 0 0 2568.196087 2568.697058 2569.198034 2569.398422 2571.402317 2571.915352 1 C 
 19 128 2 50 1 2 NL 0  4  5  4  6 0 1 0.622905 0 0 2573.189127 2573.690097 2574.191071 2574.391461 2576.395356 2577.018261 1 C 
 19 129 2 51 1 1 NN 0  5  6  5  6 1 0 0.804119 0 0 2578.282361 2578.783331 2579.284306 2579.484695 2581.488591 2582.292710 1 E 
 19 130 2 52 3 2 HL 1  4  4  1  5 1 1 0.516552 0 0 2583.559288 2584.060255 2584.561233 2584.761619 2586.765514 2587.282065 1 C 
 19 131 2 53 2 3 LH 1  5  5  6  2 0 0 0.501320 0 0 2588.552329 2589.053299 2589.554269 2589.754662 2591.758554 2592.259874 1 E 
 19 132 2 54 3 3 HH 1  6  6  3  3 1 1 0.557596 0 0 2593.528668 2594.029635 2594.530610 2594.731001 2596.734894 2597.292490 1 C 
 19 133 2 55 2 1 LN 0  5  6  6  6 0 1 0.944518 0 0 2598.555104 2599.056073 2599.557046 2599.757437 2601.761331 2602.705849 1 C 
 19 134 2 56 3 3 HH 1  6  4  9  1 1 1 0.565832 0 0 2603.965632 2604.466592 2604.967565 2605.167954 2607.171850 2607.737682 1 C 
 19 135 2 57 2 1 LN 0  6  5  5  5 0 1 0.507482 0 0 2609.008761 2609.509728 2610.010705 2610.211091 2612.214989 2612.722471 1 C 
 19 136 2 58 3 1 HN 0  5  6  8  6 0 1 0.590179 0 0 2613.985099 2614.486069 2614.987044 2615.187431 2617.191326 2617.781505 1 C 
 19 137 2 59 1 1 NN 0  6  5  6  5 0 1 0.599481 0 0 2619.044939 2619.545903 2620.046881 2620.247266 2622.251163 2622.850644 1 C 
 19 138 2 60 3 2 HL 1  4  4  7  5 1 1 0.901071 0 0 2624.121468 2624.622439 2625.123414 2625.323802 2627.327698 2628.228769 1 C 
 19 139 3  1 3 2 HL 1  4  5  7  6 1 1 0.629954 0 0 2632.253944 2632.754914 2633.255888 2633.456278 2635.460173 2636.090127 1 C 
 19 140 3  2 3 3 HH 1  4  5  7  8 1 1 0.524184 0 0 2637.363880 2637.864847 2638.365823 2638.566211 2640.570107 2641.094290 1 C 
 19 141 3  3 3 1 HN 0  4  5  7  5 0 1 0.904840 0 0 2642.356920 2642.857886 2643.358864 2643.559250 2645.563146 2646.467986 1 C 
 19 142 3  4 3 3 HH 1  5  5  2  8 1 1 0.533956 0 0 2647.734041 2648.235007 2648.735984 2648.936369 2650.940265 2651.474221 1 C 
 19 143 3  5 2 3 LH 1  4  5  5  2 1 1 0.887364 0 0 2652.743775 2653.244744 2653.745718 2653.946108 2655.950004 2656.837367 1 C 
 19 144 3  6 3 2 HL 1  4  5  1  6 1 1 0.702306 0 0 2658.104198 2658.605163 2659.106139 2659.306528 2661.310423 2662.012729 1 C 
 19 145 3  7 1 3 NH 0  6  6  6  3 0 1 0.733507 0 0 2663.280928 2663.781895 2664.282869 2664.483258 2666.487153 2667.220660 1 C 
 19 146 3  8 1 2 NL 0  4  4  4  5 0 1 0.484499 0 0 2668.491066 2668.992023 2669.493000 2669.693386 2671.697282 2672.181781 1 C 
 19 147 3  9 2 2 LL 1  6  4  5  5 1 1 0.710970 0 0 2673.450699 2673.951663 2674.452642 2674.653027 2676.656923 2677.367893 1 C 
 19 148 3 10 2 2 LL 1  6  6  5  5 1 1 0.518644 0 0 2678.627426 2679.128394 2679.629367 2679.829757 2681.833653 2682.352296 1 C 
 19 149 3 11 2 2 LL 1  6  5  5  6 1 1 0.724643 0 0 2683.620465 2684.121433 2684.622407 2684.822797 2686.826692 2687.551335 1 C 
 19 150 3 12 3 1 HN 0  6  4  9  4 0 1 0.816073 0 0 2688.813896 2689.314863 2689.815836 2690.016225 2692.020121 2692.836194 1 C 
 19 151 3 13 2 2 LL 1  5  5  4  4 1 1 0.532359 0 0 2694.107523 2694.608484 2695.109461 2695.309853 2697.313744 2697.846103 1 C 
 19 152 3 14 3 3 HH 1  6  5  9  8 1 1 0.688373 0 0 2699.117257 2699.618224 2700.119202 2700.319587 2702.323482 2703.011855 1 C 
 19 153 3 15 2 2 LL 1  4  4  5  5 1 1 0.489403 0 0 2704.277288 2704.778254 2705.279232 2705.479618 2707.483513 2707.972917 1 C 
 19 154 3 16 2 1 LN 0  6  5  5  5 0 1 0.723689 0 0 2709.236929 2709.737896 2710.238873 2710.439259 2712.443155 2713.166844 1 C 
 19 155 3 17 1 1 NN 0  4  5  4  5 0 1 0.855904 0 0 2714.430358 2714.931324 2715.432302 2715.632688 2717.636584 2718.492488 1 C 
 19 156 3 18 2 1 LN 0  4  5  5  5 0 1 0.612547 0 0 2719.757377 2720.258347 2720.759324 2720.959710 2722.963605 2723.576152 1 C 
 19 157 3 19 3 3 HH 1  4  5  1  2 1 1 0.920840 0 0 2724.850616 2725.351581 2725.852554 2726.052946 2728.056839 2728.977679 1 C 
 19 158 3 20 2 2 LL 1  6  5  5  6 1 1 0.716060 0 0 2730.244442 2730.745399 2731.246377 2731.446762 2733.450658 2734.166718 1 C 
 19 159 3 21 3 3 HH 1  6  4  9  7 1 1 0.578581 0 0 2735.437862 2735.938827 2736.439805 2736.640191 2738.644087 2739.222668 1 C 
 19 160 3 22 2 2 LL 1  6  5  5  6 1 1 0.638795 0 0 2740.497698 2740.998664 2741.499641 2741.700027 2743.703922 2744.342717 1 C 
 19 161 3 23 1 3 NH 0  4  5  4  8 0 1 0.755808 0 0 2745.607627 2746.108597 2746.609573 2746.809961 2748.813857 2749.569665 1 C 
 19 162 3 24 2 3 LH 1  5  5  6  2 1 1 0.516483 0 0 2750.834457 2751.335425 2751.836399 2752.036788 2754.040684 2754.557166 1 C 
 19 163 3 25 1 2 NL 0  6  6  6  5 0 1 0.652168 0 0 2755.827499 2756.328463 2756.829438 2757.029827 2759.033723 2759.685891 1 C 
 19 164 3 26 3 2 HL 1  6  4  3  5 1 1 0.617816 0 0 2760.954125 2761.455097 2761.956071 2762.156460 2764.160355 2764.778171 1 C 
 19 165 3 27 2 1 LN 0  6  6  5  6 0 1 0.765120 0 0 2766.047361 2766.548330 2767.049306 2767.249693 2769.253597 2770.018717 1 C 
 19 166 3 28 1 1 NN 0  6  6  6  6 0 1 0.877014 0 0 2771.290890 2771.791856 2772.292832 2772.493220 2774.497114 2775.374128 1 C 
 19 167 3 29 2 2 LL 1  5  5  4  4 1 1 0.607668 0 0 2776.634612 2777.135578 2777.636555 2777.836941 2779.840836 2780.448505 1 C 
 19 168 3 30 2 2 LL 1  6  5  5  6 1 1 0.557631 0 0 2781.711146 2782.212116 2782.713090 2782.913476 2784.917376 2785.475007 1 C 
 19 169 3 31 1 3 NH 0  4  4  4  1 0 1 0.763519 0 0 2786.737584 2787.238548 2787.739524 2787.939914 2789.943809 2790.707328 1 C 
 19 170 3 32 3 1 HN 0  4  6  1  6 0 1 0.712254 0 0 2791.981109 2792.482077 2792.983054 2793.183440 2795.187335 2795.899589 1 C 
 19 171 3 33 3 1 HN 0  5  4  8  4 0 1 0.654797 0 0 2797.174539 2797.675506 2798.176483 2798.376872 2800.380765 2801.035562 1 C 
 19 172 3 34 2 3 LH 1  4  6  5  3 1 1 0.852579 0 0 2802.301169 2802.802137 2803.303112 2803.503502 2805.507397 2806.359977 1 C 
 19 173 3 35 2 2 LL 1  4  4  5  5 1 1 0.535135 0 0 2807.628191 2808.129161 2808.630134 2808.830523 2810.834424 2811.369559 1 C 
 19 174 3 36 1 1 NN 0  5  6  5  6 0 1 0.660009 0 0 2812.637929 2813.138897 2813.639872 2813.840262 2815.844156 2816.504165 1 C 
 19 175 3 37 3 2 HL 1  6  5  9  4 1 1 0.512175 0 0 2817.764560 2818.265530 2818.766505 2818.966894 2820.970790 2821.482965 1 C 
 19 176 3 38 2 2 LL 1  6  5  5  4 1 1 0.588033 0 0 2822.757601 2823.258570 2823.759544 2823.959934 2825.963830 2826.551862 1 C 
 19 177 3 39 3 2 HL 1  4  4  7  5 1 1 0.522159 0 0 2827.817437 2828.318406 2828.819382 2829.019770 2831.023666 2831.545825 1 C 
 19 178 3 40 2 3 LH 1  4  4  5  1 1 1 0.618811 0 0 2832.810478 2833.311446 2833.812419 2834.012809 2836.016704 2836.635515 1 C 
 19 179 3 41 3 3 HH 1  5  4  8  7 1 1 0.563086 0 0 2837.903709 2838.404680 2838.905653 2839.106043 2841.109938 2841.673023 1 C 
 19 180 3 42 3 3 HH 1  4  6  7  3 1 1 0.552017 0 0 2842.946853 2843.447817 2843.948793 2844.149180 2846.153075 2846.705092 1 C 
 19 181 3 43 3 2 HL 1  4  6  1  5 1 1 0.495817 0 0 2847.973290 2848.474254 2848.975228 2849.175618 2851.179513 2851.675330 1 C 
 19 182 3 44 1 1 NN 0  5  4  5  4 0 1 1.009912 0 0 2852.949628 2853.450595 2853.951571 2854.151958 2856.155852 2857.165764 1 C 
 19 183 3 45 2 3 LH 1  6  5  5  2 1 1 0.468591 0 0 2858.426937 2858.927913 2859.428884 2859.629272 2861.633166 2862.101757 1 C 
 19 184 3 46 2 3 LH 1  4  5  5  2 1 1 0.490827 0 0 2863.369887 2863.870850 2864.371828 2864.572214 2866.576109 2867.066936 1 C 
 19 185 3 47 3 2 HL 1  6  5  9  4 1 1 0.473984 0 0 2868.329525 2868.830492 2869.331469 2869.531855 2871.535751 2872.009735 1 C 
 19 186 3 48 3 2 HL 1  4  6  1  5 1 1 0.494267 0 0 2873.272463 2873.773434 2874.274408 2874.474798 2876.478690 2876.972957 1 C 
 19 187 3 49 2 1 LN 0  4  5  5  5 0 1 0.711906 0 0 2878.232102 2878.733075 2879.234052 2879.434438 2881.438333 2882.150239 1 C 
 19 188 3 50 2 2 LL 1  5  4  4  5 1 1 0.715521 0 0 2883.425536 2883.926503 2884.427476 2884.627867 2886.631763 2887.347283 1 C 
 19 189 3 51 3 2 HL 1  6  5  3  4 1 1 0.418211 0 0 2888.618965 2889.119929 2889.620909 2889.821296 2891.825191 2892.243403 1 C 
 19 190 3 52 1 3 NH 0  5  6  5  9 0 1 0.629852 0 0 2893.511806 2894.012776 2894.513751 2894.714140 2896.718036 2897.347888 1 C 
 19 191 3 53 3 1 HN 0  5  6  8  6 0 1 0.691132 0 0 2898.621753 2899.122710 2899.623684 2899.824074 2901.827973 2902.519104 1 C 
 19 192 3 54 3 2 HL 1  6  6  3  5 1 1 0.704962 0 0 2903.781774 2904.282742 2904.783718 2904.984104 2906.987999 2907.692961 1 C 
 19 193 3 55 3 1 HN 0  5  4  2  4 0 1 0.616463 0 0 2908.958502 2909.459472 2909.960448 2910.160834 2912.164741 2912.781203 1 C 
 19 194 3 56 3 3 HH 1  6  5  3  8 1 1 0.659666 0 0 2914.051738 2914.552705 2915.053679 2915.254069 2917.257968 2917.917634 1 C 
 19 195 3 57 1 3 NH 0  5  5  5  2 0 1 0.602307 0 0 2919.178379 2919.679338 2920.180310 2920.380701 2922.384596 2922.986904 1 C 
 19 196 3 58 2 1 LN 0  4  4  5  4 0 1 0.657775 0 0 2924.254904 2924.755877 2925.256848 2925.457236 2927.461131 2928.118906 1 C 
 19 197 3 59 3 3 HH 1  6  5  3  8 1 1 0.602052 0 0 2929.381535 2929.882505 2930.383478 2930.583867 2932.587764 2933.189816 1 C 
 19 198 3 60 2 3 LH 1  5  4  6  7 1 1 0.627261 0 0 2934.458073 2934.959040 2935.460016 2935.660403 2937.664299 2938.291559 1 C 
 19 199 4  1 2 1 LN 0  4  4  5  4 0 1 0.522299 0 0 2941.939273 2942.440252 2942.941226 2943.141612 2945.145508 2945.667807 1 C 
 19 200 4  2 3 1 HN 0  5  6  8  6 0 1 0.713435 0 0 2946.932322 2947.433288 2947.934261 2948.134652 2950.138549 2950.851985 1 C 
 19 201 4  3 3 1 HN 0  6  4  3  4 0 1 0.540864 0 0 2952.125750 2952.626717 2953.127695 2953.328080 2955.331976 2955.872840 1 C 
 19 202 4  4 2 2 LL 1  4  6  5  5 1 1 0.563166 0 0 2957.135490 2957.636456 2958.137434 2958.337820 2960.341715 2960.904881 1 C 
 19 203 4  5 1 2 NL 0  4  5  4  4 0 1 0.684149 0 0 2962.178626 2962.679593 2963.180566 2963.380956 2965.384851 2966.069000 1 C 
 19 204 4  6 2 3 LH 1  4  4  5  7 1 1 0.548871 0 0 2967.338656 2967.839623 2968.340600 2968.540986 2970.544882 2971.093753 1 C 
 19 205 4  7 2 1 LN 0  5  6  6  6 0 1 0.545576 0 0 2972.365094 2972.866060 2973.367037 2973.567424 2975.571320 2976.116896 1 C 
 19 206 4  8 2 3 LH 1  6  4  5  7 1 1 0.529649 0 0 2977.391529 2977.892499 2978.393473 2978.593862 2980.597758 2981.127407 1 C 
 19 207 4  9 1 1 NN 0  5  5  5  5 0 1 0.624271 0 0 2982.401267 2982.902241 2983.403211 2983.603601 2985.607501 2986.231771 1 C 
 19 208 4 10 1 1 NN 0  5  4  5  4 0 1 0.515694 0 0 2987.494501 2987.995471 2988.496447 2988.696834 2990.700731 2991.216425 1 C 
 19 209 4 11 1 2 NL 0  5  4  5  5 0 1 0.544647 0 0 2992.487545 2992.988511 2993.489485 2993.689874 2995.693768 2996.238415 1 C 
 19 210 4 12 2 3 LH 1  5  6  4  3 1 1 0.566103 0 0 2997.497279 2997.998249 2998.499225 2998.699613 3000.703508 3001.269611 1 C 
 19 211 4 13 2 3 LH 1  5  4  4  1 1 1 0.535318 0 0 3002.540420 3003.041385 3003.542362 3003.742748 3005.746645 3006.281963 1 C 
 19 212 4 14 2 3 LH 1  4  5  5  2 1 1 0.579797 0 0 3007.550162 3008.051123 3008.552101 3008.752490 3010.756381 3011.336178 1 C 
 19 213 4 15 2 1 LN 0  4  4  5  4 0 1 0.618110 0 0 3012.609994 3013.110960 3013.611933 3013.812324 3015.816223 3016.434333 1 C 
 19 214 4 16 1 2 NL 0  5  5  5  4 0 1 0.496427 0 0 3017.703228 3018.204195 3018.705168 3018.905558 3020.909453 3021.405880 1 C 
 19 215 4 17 1 3 NH 0  4  6  4  9 0 1 0.529180 0 0 3022.679568 3023.180533 3023.681512 3023.881897 3025.885803 3026.414983 1 C 
 19 216 4 18 2 1 LN 0  4  6  5  6 0 1 0.626692 0 0 3027.689315 3028.190274 3028.691251 3028.891636 3030.895532 3031.522223 1 C 
 19 217 4 19 1 1 NN 0  4  4  4  4 0 1 0.507400 0 0 3032.782538 3033.283507 3033.784483 3033.984871 3035.988766 3036.496166 1 C 
 19 218 4 20 1 1 NN 0  5  4  5  4 0 1 0.435037 0 0 3037.758882 3038.259848 3038.760822 3038.961211 3040.965106 3041.400143 1 C 
 19 219 4 21 3 3 HH 1  4  5  1  8 1 1 0.568697 0 0 3042.668425 3043.169392 3043.670365 3043.870755 3045.874650 3046.443348 1 C 
 19 220 4 22 1 2 NL 0  5  5  5  6 0 1 0.806500 0 0 3047.711564 3048.212527 3048.713504 3048.913891 3050.917788 3051.724287 1 C 
 19 221 4 23 3 3 HH 1  4  5  1  8 1 1 0.551287 0 0 3052.988485 3053.489452 3053.990426 3054.190816 3056.194722 3056.746009 1 C 
 19 222 4 24 1 2 NL 0  4  6  4  5 0 1 1.219936 0 0 3058.014926 3058.515890 3059.016867 3059.217253 3061.221149 3062.441085 1 C 
 19 223 4 25 1 1 NN 0  5  5  5  5 0 1 0.751705 0 0 3063.709322 3064.210292 3064.711271 3064.911656 3066.915555 3067.667260 1 C 
 19 224 4 26 2 3 LH 1  4  4  5  7 1 1 0.507510 0 0 3068.936149 3069.437120 3069.938096 3070.138483 3072.142379 3072.649889 1 C 
 19 225 4 27 2 3 LH 1  5  4  4  7 1 1 0.596344 0 0 3073.912492 3074.413460 3074.914435 3075.114824 3077.118722 3077.715066 1 C 
 19 226 4 28 1 1 NN 0  6  4  6  4 0 1 0.494300 0 0 3078.989026 3079.489995 3079.990973 3080.191359 3082.195254 3082.689554 1 C 
 19 227 4 29 1 2 NL 0  6  5  6  6 0 1 0.577872 0 0 3083.948665 3084.449640 3084.950611 3085.151000 3087.154895 3087.732768 1 C 
 19 228 4 30 3 1 HN 0  6  4  3  4 0 1 0.571567 0 0 3088.991806 3089.492773 3089.993747 3090.194134 3092.198032 3092.769600 1 C 
 19 229 4 31 3 3 HH 1  6  5  9  2 1 1 0.586606 0 0 3094.034941 3094.535909 3095.036886 3095.237274 3097.241168 3097.827774 1 C 
 19 230 4 32 1 2 NL 0  5  5  5  6 0 1 0.462801 0 0 3099.094782 3099.595750 3100.096724 3100.297109 3102.301004 3102.763806 1 C 
 19 231 4 33 1 3 NH 0  5  4  5  7 0 1 0.513070 0 0 3104.037721 3104.538688 3105.039665 3105.240051 3107.243947 3107.757017 1 C 
 19 232 4 34 3 3 HH 1  6  5  9  2 1 1 0.527251 0 0 3109.030761 3109.531727 3110.032700 3110.233091 3112.236985 3112.764236 1 C 
 19 233 4 35 2 1 LN 0  6  4  5  4 0 1 0.615558 0 0 3114.023800 3114.524768 3115.025741 3115.226130 3117.230035 3117.845593 1 C 
 19 234 4 36 1 2 NL 0  4  4  4  5 0 1 0.457314 0 0 3119.117031 3119.618001 3120.118977 3120.319364 3122.323260 3122.780574 1 C 
 19 235 4 37 1 3 NH 0  6  6  6  9 0 1 0.444407 0 0 3124.043285 3124.544243 3125.045220 3125.245607 3127.249503 3127.693910 1 C 
 19 236 4 38 3 2 HL 1  6  4  9  5 1 1 0.551920 0 0 3128.952816 3129.453787 3129.954765 3130.155151 3132.159045 3132.710965 1 C 
 19 237 4 39 1 3 NH 0  4  4  4  1 0 1 0.577714 0 0 3133.979259 3134.480225 3134.981201 3135.181589 3137.185484 3137.763198 1 C 
 19 238 4 40 1 2 NL 0  5  4  5  5 0 1 0.546674 0 0 3139.022395 3139.523359 3140.024338 3140.224725 3142.228620 3142.775294 1 C 
 19 239 4 41 3 2 HL 1  6  4  3  5 1 1 0.765843 0 0 3144.048832 3144.549803 3145.050775 3145.251163 3147.255058 3148.020901 1 C 
 19 240 4 42 1 1 NN 0  6  4  6  4 0 1 0.488562 0 0 3149.292356 3149.793326 3150.294302 3150.494692 3152.498584 3152.987146 1 C 
 19 241 4 43 3 1 HN 0  5  4  2  4 0 1 0.490748 0 0 3154.252000 3154.752967 3155.253941 3155.454330 3157.458229 3157.948977 1 C 
 19 242 4 44 1 1 NN 0  4  6  4  6 0 1 0.440869 0 0 3159.211637 3159.712610 3160.213584 3160.413971 3162.417867 3162.858736 1 C 
 19 243 4 45 3 2 HL 1  5  6  8  5 1 1 0.752383 0 0 3164.121185 3164.622152 3165.123129 3165.323515 3167.327410 3168.079794 1 C 
 19 244 4 46 1 3 NH 0  5  5  5  8 0 1 0.467826 0 0 3169.348011 3169.848978 3170.349953 3170.550342 3172.554235 3173.022061 1 C 
 19 245 4 47 3 2 HL 1  6  5  9  6 1 1 0.766494 0 0 3174.290953 3174.791921 3175.292893 3175.493283 3177.497177 3178.263671 1 C 
 19 246 4 48 3 2 HL 1  4  6  7  5 1 1 0.712427 0 0 3179.534478 3180.035446 3180.536420 3180.736811 3182.740706 3183.453133 1 C 
 19 247 4 49 1 2 NL 0  6  5  6  6 0 1 0.529742 0 0 3184.727904 3185.228875 3185.729853 3185.930241 3187.934135 3188.463877 1 C 
 19 248 4 50 1 1 NN 0  5  5  5  5 0 1 0.396044 0 0 3189.737654 3190.238614 3190.739590 3190.939978 3192.943874 3193.339917 1 C 
 19 249 4 51 3 3 HH 1  5  5  2  8 1 1 0.585393 0 0 3194.613799 3195.114760 3195.615734 3195.816123 3197.820019 3198.405412 1 C 
 19 250 4 52 3 3 HH 1  6  6  9  3 1 1 0.533310 0 0 3199.673627 3200.174595 3200.675570 3200.875959 3202.879855 3203.413165 1 C 
 19 251 4 53 1 1 NN 0  4  4  4  4 0 1 0.583062 0 0 3204.683366 3205.184335 3205.685310 3205.885698 3207.889594 3208.472655 1 C 
 19 252 4 54 2 1 LN 0  6  5  5  5 0 1 0.874892 0 0 3209.743200 3210.244170 3210.745144 3210.945538 3212.949430 3213.824322 1 C 
 19 253 4 55 1 3 NH 0  4  5  4  2 0 1 0.496384 0 0 3215.086925 3215.587891 3216.088869 3216.289259 3218.293150 3218.789534 1 C 
 19 254 4 56 1 2 NL 0  6  5  6  6 0 1 0.571904 0 0 3220.063265 3220.564231 3221.065209 3221.265595 3223.269491 3223.841395 1 C 
 19 255 4 57 2 3 LH 1  5  6  6  9 1 1 0.967358 0 0 3225.106399 3225.607368 3226.108343 3226.308732 3228.312627 3229.279985 1 C 
 19 256 4 58 1 1 NN 0  5  6  5  6 0 1 0.688616 0 0 3230.550317 3231.051283 3231.552260 3231.752653 3233.756541 3234.445157 1 C 
 19 257 4 59 1 3 NH 0  5  4  5  7 0 1 0.540920 0 0 3235.710349 3236.211315 3236.712289 3236.912678 3238.916573 3239.457493 1 C 
 19 258 4 60 2 3 LH 1  5  4  6  1 1 1 1.058593 0 0 3240.720083 3241.221053 3241.722029 3241.922421 3243.926313 3244.984906 1 C 
 19 259 5  1 3 1 HN 0  4  4  1  4 0 1 0.546518 0 0 3248.334889 3248.835856 3249.336830 3249.537219 3251.541116 3252.087634 1 C 
 19 260 5  2 1 2 NL 0  5  4  5  5 0 1 0.511987 0 0 3253.361337 3253.862297 3254.363270 3254.563657 3256.567553 3257.079539 1 C 
 19 261 5  3 3 3 HH 1  6  6  9  3 1 1 0.521993 0 0 3258.354365 3258.855333 3259.356310 3259.556696 3261.560592 3262.082585 1 C 
 19 262 5  4 2 3 LH 1  4  6  5  9 1 1 0.527154 0 0 3263.347406 3263.848371 3264.349350 3264.549736 3266.553631 3267.080785 1 C 
 19 263 5  5 2 3 LH 1  5  4  4  7 1 1 0.479676 0 0 3268.340441 3268.841411 3269.342384 3269.542775 3271.546670 3272.026346 1 C 
 19 264 5  6 2 3 LH 1  6  6  5  9 1 1 0.605722 0 0 3273.300087 3273.801056 3274.302027 3274.502417 3276.506311 3277.112034 1 C 
 19 265 5  7 2 2 LL 1  6  5  5  6 1 1 0.743833 0 0 3278.376617 3278.877587 3279.378562 3279.578952 3281.582847 3282.326679 1 C 
 19 266 5  8 3 2 HL 1  5  4  2  5 1 1 0.666697 0 0 3283.586748 3284.087716 3284.588687 3284.789079 3286.792973 3287.459670 1 C 
 19 267 5  9 1 2 NL 0  4  6  4  5 0 1 0.798632 0 0 3288.730081 3289.231048 3289.732024 3289.932410 3291.936306 3292.734938 1 C 
 19 268 5 10 2 1 LN 0  4  5  5  5 0 1 0.596547 0 0 3294.007005 3294.507972 3295.008949 3295.209335 3297.213231 3297.809778 1 C 
 19 269 5 11 1 1 NN 0  4  4  4  4 0 1 0.457251 0 0 3299.083537 3299.584511 3300.085483 3300.285869 3302.289765 3302.747016 1 C 
 19 270 5 12 2 2 LL 1  4  4  5  5 1 1 0.716775 0 0 3304.009792 3304.510748 3305.011724 3305.212113 3307.216008 3307.932784 1 C 
 19 271 5 13 1 3 NH 0  4  5  4  2 0 1 0.705798 0 0 3309.203222 3309.704178 3310.205154 3310.405542 3312.409436 3313.115234 1 C 
 19 272 5 14 2 1 LN 0  4  6  5  6 0 1 0.544272 0 0 3314.379944 3314.880907 3315.381884 3315.582272 3317.586167 3318.130439 1 C 
 19 273 5 15 3 3 HH 1  5  4  2  1 1 1 0.574258 0 0 3319.389677 3319.890646 3320.391621 3320.592011 3322.595906 3323.170164 1 C 
 19 274 5 16 3 3 HH 1  6  5  9  8 1 1 0.561115 0 0 3324.432814 3324.933784 3325.434759 3325.635147 3327.639042 3328.200158 1 C 
 19 275 5 17 2 2 LL 1  5  4  4  5 1 1 0.656310 0 0 3329.459250 3329.960223 3330.461197 3330.661585 3332.665480 3333.321790 1 C 
 19 276 5 18 3 1 HN 0  4  4  1  4 0 1 0.496422 0 0 3334.585885 3335.086854 3335.587831 3335.788217 3337.792113 3338.288535 1 C 
 19 277 5 19 3 3 HH 1  6  4  9  1 1 1 0.561416 0 0 3339.562227 3340.063194 3340.564168 3340.764558 3342.768453 3343.329869 1 C 
 19 278 5 20 3 2 HL 1  5  4  2  5 1 1 0.942514 0 0 3344.605363 3345.106335 3345.607306 3345.807694 3347.811589 3348.754103 1 C 
 19 279 5 21 2 1 LN 0  4  5  5  5 0 1 0.567874 0 0 3350.015879 3350.516848 3351.017822 3351.218212 3353.222107 3353.789981 1 C 
 19 280 5 22 1 3 NH 0  5  4  5  7 0 1 0.529724 0 0 3355.059019 3355.559985 3356.060961 3356.261349 3358.265244 3358.794967 1 C 
 19 281 5 23 1 3 NH 0  6  5  6  2 0 1 0.504615 0 0 3360.068754 3360.569726 3361.070699 3361.271087 3363.274983 3363.779598 1 C 
 19 282 5 24 3 2 HL 1  5  6  8  5 1 1 1.177810 0 0 3365.045094 3365.546064 3366.047040 3366.247426 3368.251323 3369.429132 1 C 
 19 283 5 25 2 1 LN 0  6  4  5  4 0 1 0.462925 0 0 3370.689404 3371.190369 3371.691345 3371.891733 3373.895628 3374.358553 1 C 
 19 284 5 26 2 2 LL 1  4  5  5  4 1 1 0.624437 0 0 3375.632353 3376.133313 3376.634285 3376.834675 3378.838570 3379.463007 1 C 
 19 285 5 27 2 2 LL 1  6  4  5  5 1 1 0.666401 0 0 3380.725576 3381.226545 3381.727517 3381.927909 3383.931804 3384.598205 1 C 
 19 286 5 28 3 2 HL 1  6  4  9  5 1 1 0.623680 0 0 3385.868907 3386.369877 3386.870850 3387.071240 3389.075136 3389.698816 1 C 
 19 287 5 29 3 1 HN 0  5  6  8  6 0 1 0.943111 0 0 3390.962142 3391.463111 3391.964087 3392.164474 3394.168375 3395.111486 1 C 
 19 288 5 30 1 2 NL 0  5  4  5  5 1 0 0.991539 0 0 3396.372658 3396.873631 3397.374604 3397.574992 3399.578887 3400.570426 1 E 
 19 289 5 31 3 2 HL 1  6  4  3  5 1 1 0.821312 0 0 3401.833276 3402.334246 3402.835219 3403.035608 3405.039502 3405.860814 1 C 
 19 290 5 32 3 1 HN 0  6  5  3  5 0 1 0.649865 0 0 3407.126899 3407.627867 3408.128841 3408.329230 3410.333128 3410.982993 1 C 
 19 291 5 33 3 3 HH 1  6  5  9  2 1 1 0.505553 0 0 3412.253543 3412.754501 3413.255475 3413.455863 3415.459759 3415.965312 1 C 
 19 292 5 34 3 2 HL 1  5  5  2  6 1 1 0.474077 0 0 3417.229873 3417.730840 3418.231813 3418.432203 3420.436102 3420.910179 1 C 
 19 293 5 35 1 2 NL 0  4  4  4  5 0 1 0.551953 0 0 3422.172819 3422.673781 3423.174759 3423.375145 3425.379041 3425.930994 1 C 
 19 294 5 36 3 1 HN 0  6  5  9  5 0 1 0.568017 0 0 3427.199254 3427.700219 3428.201197 3428.401583 3430.405478 3430.973495 1 C 
 19 295 5 37 2 3 LH 1  6  5  5  2 1 1 0.759159 0 0 3432.242386 3432.743356 3433.244330 3433.444720 3435.448613 3436.207772 1 C 
 19 296 5 38 1 3 NH 0  6  5  6  8 1 0 1.193455 0 0 3437.469217 3437.970183 3438.471161 3438.671548 3440.675442 3441.868898 1 E 
 19 297 5 39 2 1 LN 0  5  6  6  6 0 1 0.760410 0 0 3443.130219 3443.631187 3444.132161 3444.332556 3446.336446 3447.096856 1 C 
 19 298 5 40 2 3 LH 1  4  4  5  7 1 1 0.661055 0 0 3448.357045 3448.858015 3449.358989 3449.559378 3451.563273 3452.224328 1 C 
 19 299 5 41 3 1 HN 0  6  6  9  6 0 1 0.493427 0 0 3453.483677 3453.984648 3454.485619 3454.686011 3456.689907 3457.183334 1 C 
 19 300 5 42 1 2 NL 0  5  4  5  5 0 1 0.744161 0 0 3458.443318 3458.944290 3459.445264 3459.645652 3461.649545 3462.393707 1 C 
 19 301 5 43 2 2 LL 1  5  4  4  5 1 1 0.594748 0 0 3463.653448 3464.154417 3464.655391 3464.855780 3466.859675 3467.454422 1 C 
 19 302 5 44 2 2 LL 1  6  5  5  4 1 1 0.501894 0 0 3468.713282 3469.214253 3469.715230 3469.915616 3471.919511 3472.421404 1 C 
 19 303 5 45 3 2 HL 1  5  6  8  5 1 1 0.479648 0 0 3473.689623 3474.190592 3474.691567 3474.891956 3476.895851 3477.375500 1 C 
 19 304 5 46 2 3 LH 1  6  4  5  1 1 1 0.456039 0 0 3478.649267 3479.150234 3479.651207 3479.851597 3481.855493 3482.311532 1 C 
 19 305 5 47 3 3 HH 1  4  6  7  9 1 1 0.594275 0 0 3483.575510 3484.076476 3484.577450 3484.777840 3486.781736 3487.376010 1 C 
 19 306 5 48 3 2 HL 1  4  6  7  5 1 1 0.550244 0 0 3488.635344 3489.136316 3489.637290 3489.837676 3491.841573 3492.391817 1 C 
 19 307 5 49 1 2 NL 0  4  5  4  6 0 1 0.693391 0 0 3493.661780 3494.162750 3494.663726 3494.864113 3496.868009 3497.561400 1 C 
 19 308 5 50 2 3 LH 1  5  4  4  1 1 1 0.917399 0 0 3498.821810 3499.322784 3499.823755 3500.024144 3502.028037 3502.945436 1 C 
 19 309 5 51 3 2 HL 1  4  6  1  5 1 1 0.516504 0 0 3504.215642 3504.716599 3505.217576 3505.417961 3507.421858 3507.938361 1 C 
 19 310 5 52 1 3 NH 0  5  6  5  9 0 1 0.720973 0 0 3509.208669 3509.709639 3510.210614 3510.411002 3512.414898 3513.135871 1 C 
 19 311 5 53 1 2 NL 0  5  6  5  5 0 1 0.649745 0 0 3514.402097 3514.903070 3515.404042 3515.604431 3517.608336 3518.258081 1 C 
 19 312 5 54 1 1 NN 0  4  5  4  5 0 1 0.524169 0 0 3519.528733 3520.029700 3520.530676 3520.731064 3522.734959 3523.259128 1 C 
 19 313 5 55 2 3 LH 1  4  6  5  9 1 1 0.563059 0 0 3524.521772 3525.022740 3525.523713 3525.724103 3527.727998 3528.291058 1 C 
 19 314 5 56 3 2 HL 1  4  4  7  5 1 1 0.591028 0 0 3529.564910 3530.065875 3530.566850 3530.767239 3532.771135 3533.362163 1 C 
 19 315 5 57 1 2 NL 0  6  5  6  6 0 1 0.696725 0 0 3534.624744 3535.125717 3535.626690 3535.827075 3537.830971 3538.527696 1 C 
 19 316 5 58 1 3 NH 0  6  6  6  3 0 1 0.676210 0 0 3539.801476 3540.302439 3540.803414 3541.003805 3543.007712 3543.683921 1 C 
 19 317 5 59 3 1 HN 0  5  4  2  4 0 1 0.753587 0 0 3544.944802 3545.445773 3545.946747 3546.147137 3548.151032 3548.904619 1 C 
 19 318 5 60 2 3 LH 1  6  5  5  2 1 1 0.685644 0 0 3550.171628 3550.672600 3551.173574 3551.373962 3553.377857 3554.063501 1 C 
 19 319 6  1 3 2 HL 1  4  6  1  5 1 1 0.473932 0 0 3561.977915 3562.478884 3562.979860 3563.180247 3565.184144 3565.658076 1 C 
 19 320 6  2 2 3 LH 1  5  5  4  8 1 1 0.507506 0 0 3566.920857 3567.421828 3567.922804 3568.123190 3570.127085 3570.634591 1 C 
 19 321 6  3 1 3 NH 0  6  5  6  2 0 1 0.555706 0 0 3571.897202 3572.398170 3572.899144 3573.099529 3575.103425 3575.659131 1 C 
 19 322 6  4 2 1 LN 0  4  6  5  6 0 1 0.582382 0 0 3576.923634 3577.424604 3577.925579 3578.125967 3580.129863 3580.712245 1 C 
 19 323 6  5 2 3 LH 1  5  6  4  3 1 1 0.466858 0 0 3581.983473 3582.484440 3582.985414 3583.185804 3585.189699 3585.656557 1 C 
 19 324 6  6 1 1 NN 0  6  4  6  4 1 0 0.964171 0 0 3586.926413 3587.427381 3587.928357 3588.128745 3590.132641 3591.096812 1 E 
 19 325 6  7 3 3 HH 1  4  4  1  7 1 1 0.674472 0 0 3592.370331 3592.871296 3593.372275 3593.572661 3595.576567 3596.251039 1 C 
 19 326 6  8 2 1 LN 0  6  5  5  5 0 1 0.673213 0 0 3597.513662 3598.014630 3598.515606 3598.715993 3600.719888 3601.393102 1 C 
 19 327 6  9 1 1 NN 0  6  4  6  4 0 1 0.596288 0 0 3602.656994 3603.157973 3603.658935 3603.859324 3605.863220 3606.459507 1 C 
 19 328 6 10 1 1 NN 0  5  4  5  4 0 1 0.488470 0 0 3607.733529 3608.234496 3608.735470 3608.935859 3610.939755 3611.428225 1 C 
 19 329 6 11 3 1 HN 0  6  5  3  5 1 0 0.730104 0 0 3612.693172 3613.194137 3613.695113 3613.895501 3615.899396 3616.629500 1 E 
 19 330 6 12 1 2 NL 0  6  5  6  4 0 1 0.574304 0 0 3617.903296 3618.404265 3618.905239 3619.105628 3621.109524 3621.683828 1 C 
 19 331 6 13 2 1 LN 0  4  5  5  5 0 1 0.600857 0 0 3622.946432 3623.447399 3623.948380 3624.148765 3626.152661 3626.753518 1 C 
 19 332 6 14 1 1 NN 0  5  5  5  5 0 1 0.366758 0 0 3628.022977 3628.523939 3629.024911 3629.225300 3631.229201 3631.595959 1 C 
 19 333 6 15 2 1 LN 0  4  5  5  5 0 1 0.500853 0 0 3632.865728 3633.366684 3633.867661 3634.068047 3636.071943 3636.572796 1 C 
 19 334 6 16 1 1 NN 0  6  6  6  6 0 1 0.455029 0 0 3637.842058 3638.343024 3638.843998 3639.044387 3641.048284 3641.503313 1 C 
 19 335 6 17 2 2 LL 1  4  6  5  5 0 0 0.676784 0 0 3642.768298 3643.269269 3643.770240 3643.970631 3645.974526 3646.651310 1 E 
 19 336 6 18 3 1 HN 0  5  6  8  6 1 0 0.494754 0 0 3647.911632 3648.412602 3648.913576 3649.113962 3651.117868 3651.612622 1 E 
 19 337 6 19 3 3 HH 1  6  6  9  9 1 1 0.557677 0 0 3652.887973 3653.388938 3653.889913 3654.090302 3656.094198 3656.651875 1 C 
 19 338 6 20 3 2 HL 1  5  6  2  5 1 1 0.667009 0 0 3657.914406 3658.415377 3658.916352 3659.116740 3661.120635 3661.787644 1 C 
 19 339 6 21 3 2 HL 1  5  4  8  5 1 1 0.695969 0 0 3663.057739 3663.558708 3664.059684 3664.260074 3666.263967 3666.959936 1 C 
 19 340 6 22 1 2 NL 0  4  4  4  5 0 1 0.484022 0 0 3668.234480 3668.735438 3669.236413 3669.436801 3671.440697 3671.924719 1 C 
 19 341 6 23 1 3 NH 0  4  5  4  2 0 1 0.499824 0 0 3673.194109 3673.695081 3674.196052 3674.396444 3676.400341 3676.900165 1 C 
 19 342 6 24 1 3 NH 0  4  6  4  3 0 1 0.446146 0 0 3678.170453 3678.671419 3679.172395 3679.372783 3681.376678 3681.822824 1 C 
 19 343 6 25 2 2 LL 1  6  5  5  4 1 1 0.540907 0 0 3683.096696 3683.597662 3684.098635 3684.299025 3686.302922 3686.843828 1 C 
 19 344 6 26 2 2 LL 1  4  5  5  6 1 1 0.596429 0 0 3688.106434 3688.607399 3689.108376 3689.308764 3691.312659 3691.909088 1 C 
 19 345 6 27 2 2 LL 1  5  4  4  5 1 1 0.563173 0 0 3693.182969 3693.683936 3694.184909 3694.385299 3696.389195 3696.952368 1 C 
 19 346 6 28 3 1 HN 0  6  5  9  5 1 0 0.484103 0 0 3698.226106 3698.727072 3699.228052 3699.428436 3701.432331 3701.916434 1 E 
 19 347 6 29 2 1 LN 0  6  6  5  6 0 1 0.793616 0 0 3703.185747 3703.686713 3704.187691 3704.388075 3706.391973 3707.185589 1 C 
 19 348 6 30 3 2 HL 1  5  6  2  5 1 1 0.528497 0 0 3708.445969 3708.946939 3709.447915 3709.648303 3711.652195 3712.180692 1 C 
 19 349 6 31 3 3 HH 1  4  5  7  2 1 1 0.479553 0 0 3713.455711 3713.956677 3714.457651 3714.658041 3716.661942 3717.141495 1 C 
 19 350 6 32 2 2 LL 1  4  5  5  4 1 1 0.552019 0 0 3718.415362 3718.916317 3719.417295 3719.617682 3721.621575 3722.173594 1 C 
 19 351 6 33 1 2 NL 0  6  5  6  6 0 1 0.757844 0 0 3723.441783 3723.942756 3724.443728 3724.644120 3726.648015 3727.405858 1 C 
 19 352 6 34 2 3 LH 1  4  4  5  7 1 1 0.510920 0 0 3728.668617 3729.169587 3729.670557 3729.870946 3731.874843 3732.385763 1 C 
 19 353 6 35 1 3 NH 0  4  6  4  9 0 1 0.510463 0 0 3733.644956 3734.145924 3734.646900 3734.847287 3736.851182 3737.361645 1 C 
 19 354 6 36 3 2 HL 1  4  6  1  5 1 1 0.485170 0 0 3738.621296 3739.122263 3739.623239 3739.823627 3741.827523 3742.312693 1 C 
 19 355 6 37 2 1 LN 0  5  5  6  5 0 1 0.663252 0 0 3743.580938 3744.081905 3744.582882 3744.783268 3746.787163 3747.450415 1 C 
 19 356 6 38 2 2 LL 1  6  6  5  5 1 1 0.540914 0 0 3748.724269 3749.225237 3749.726212 3749.926600 3751.930499 3752.471414 1 C 
 19 357 6 39 1 1 NN 0  5  4  5  4 0 1 0.883355 0 0 3753.734008 3754.234974 3754.735950 3754.936338 3756.940236 3757.823590 1 C 
 19 358 6 40 2 1 LN 0  5  6  4  6 0 1 0.578204 0 0 3759.094428 3759.595394 3760.096372 3760.296759 3762.300654 3762.878858 1 C 
 19 359 6 41 3 2 HL 1  6  6  3  5 1 1 0.754035 0 0 3764.154260 3764.655231 3765.156207 3765.356594 3767.360489 3768.114524 1 C 
 19 360 6 42 2 2 LL 1  4  6  5  5 1 1 0.604479 0 0 3769.381092 3769.882058 3770.383032 3770.583421 3772.587316 3773.191795 1 C 
 19 361 6 43 3 1 HN 0  5  6  8  6 0 1 0.680040 0 0 3774.457624 3774.958593 3775.459569 3775.659957 3777.663861 3778.343900 1 C 
 19 362 6 44 2 2 LL 1  4  5  5  6 1 1 0.657843 0 0 3779.617657 3780.118624 3780.619598 3780.819987 3782.823883 3783.481726 1 C 
 19 363 6 45 3 2 HL 1  5  4  8  5 1 1 0.556075 0 0 3784.744287 3785.245256 3785.746232 3785.946620 3787.950518 3788.506593 1 C 
 19 364 6 46 2 3 LH 1  5  5  4  8 1 1 0.511288 0 0 3789.770724 3790.271693 3790.772670 3790.973057 3792.976952 3793.488240 1 C 
 19 365 6 47 1 3 NH 0  6  4  6  1 0 1 0.666077 0 0 3794.763763 3795.264735 3795.765710 3795.966096 3797.969992 3798.636068 1 C 
 19 366 6 48 2 1 LN 0  5  6  6  6 0 1 0.751534 0 0 3799.907098 3800.408064 3800.909041 3801.109428 3803.113323 3803.864857 1 C 
 19 367 6 49 2 3 LH 1  6  4  5  7 1 1 0.487569 0 0 3805.133926 3805.634889 3806.135867 3806.336256 3808.340155 3808.827723 1 C 
 19 368 6 50 2 2 LL 1  5  4  4  5 1 1 0.606810 0 0 3810.093577 3810.594531 3811.095504 3811.295896 3813.299792 3813.906602 1 C 
 19 369 6 51 3 3 HH 1  4  6  7  9 1 1 0.743735 0 0 3815.170101 3815.671068 3816.172045 3816.372431 3818.376327 3819.120062 1 C 
 19 370 6 52 1 1 NN 0  5  6  5  6 1 0 1.153464 0 0 3820.380239 3820.881196 3821.382170 3821.582559 3823.586455 3824.739919 1 E 
 19 371 6 53 2 1 LN 0  5  4  4  4 0 1 0.663361 0 0 3826.007837 3826.508802 3827.009776 3827.210165 3829.214061 3829.877423 1 C 
 19 372 6 54 1 1 NN 0  5  4  5  4 0 1 0.462595 0 0 3831.151166 3831.652134 3832.153110 3832.353497 3834.357402 3834.819996 1 C 
 19 373 6 55 1 3 NH 0  5  6  5  9 0 1 0.534014 0 0 3836.094109 3836.595076 3837.096054 3837.296439 3839.300335 3839.834350 1 C 
 19 374 6 56 1 3 NH 0  4  5  4  2 0 1 0.618825 0 0 3841.103844 3841.604819 3842.105792 3842.306177 3844.310073 3844.928899 1 C 
 19 375 6 57 3 3 HH 1  5  5  2  8 1 1 0.512980 0 0 3846.197079 3846.698048 3847.199022 3847.399412 3849.403307 3849.916288 1 C 
 19 376 6 58 2 2 LL 1  4  6  5  5 1 1 0.485345 0 0 3851.190118 3851.691088 3852.192062 3852.392451 3854.396347 3854.881692 1 C 
 19 377 6 59 2 2 LL 1  6  6  5  5 1 1 0.521659 0 0 3856.149762 3856.650729 3857.151705 3857.352092 3859.355988 3859.877647 1 C 
 19 378 6 60 2 3 LH 1  5  4  4  1 1 1 0.552082 0 0 3861.142801 3861.643771 3862.144741 3862.345132 3864.349028 3864.901109 1 C 
