 22   1 0 43 1 2 NL 0  5  6  5  5 0 1 1.772847 0 0 1956.108636 1956.610173 1957.111712 1957.312327 1959.318476 1961.091323 1 C 
 22   2 0 44 3 3 HH 1  5  4  8  7 1 1 0.484670 0 0 1962.361143 1962.862674 1963.364210 1963.564826 1965.570975 1966.055645 1 C 
 22   3 0 45 2 2 LL 1  6  5  5  6 0 0 0.719766 0 0 1967.326365 1967.827893 1968.329431 1968.530043 1970.536198 1971.255964 1 E 
 22   4 0 46 2 1 LN 0  4  6  5  6 1 0 1.905091 0 0 1972.525634 1973.027163 1973.528702 1973.729321 1975.735465 1977.640555 1 E 
 22   5 0 47 3 1 HN 0  5  6  2  6 0 1 0.651070 0 0 1978.911877 1979.413406 1979.914944 1980.115559 1982.121708 1982.772778 1 C 
 22   6 0 48 2 3 LH 1  4  4  5  7 1 1 0.558255 0 0 1984.044274 1984.545805 1985.047343 1985.247958 1987.254108 1987.812363 1 C 
 22   7 0 49 3 2 HL 1  5  6  8  5 0 0 1.606497 0 0 1989.076371 1989.577902 1990.079435 1990.280056 1992.286199 1993.892695 1 E 
 22   8 0 50 2 2 LL 1  4  5  5  6 1 1 1.125500 0 0 1995.161686 1995.663218 1996.164755 1996.365379 1998.371520 1999.497019 1 C 
 22   9 0 51 1 3 NH 0  5  5  5  2 0 1 0.499964 0 0 2000.762188 2001.263719 2001.765256 2001.965877 2003.972019 2004.471984 1 C 
 22  10 0 52 1 3 NH 0  6  6  6  9 0 1 0.591535 0 0 2005.744126 2006.245657 2006.747194 2006.947808 2008.953958 2009.545493 1 C 
 22  11 0 53 1 1 NN 0  5  6  5  6 0 1 0.933134 0 0 2010.809653 2011.311184 2011.812721 2012.013338 2014.019486 2014.952620 1 C 
 22  12 0 54 1 2 NL 0  4  4  4  5 1 0 1.069356 0 0 2016.226257 2016.727785 2017.229325 2017.429949 2019.436089 2020.505445 1 E 
 22  13 0 55 2 3 LH 1  4  4  5  7 0 0 0.699979 0 0 2021.776605 2022.278135 2022.779672 2022.980284 2024.986436 2025.686416 1 E 
 22  14 0 56 2 3 LH 1  6  5  5  8 1 1 0.736490 0 0 2026.959156 2027.460687 2027.962225 2028.162840 2030.168987 2030.905477 1 C 
 22  15 0 57 2 2 LL 1  6  5  5  6 1 1 0.846595 0 0 2032.175155 2032.676676 2033.178213 2033.378829 2035.384977 2036.231572 1 C 
 22  16 0 58 2 3 LH 1  4  5  5  2 1 1 0.938694 0 0 2037.491442 2037.992977 2038.494510 2038.695133 2040.701274 2041.639968 1 C 
 22  17 0 59 1 1 NN 0  4  6  4  6 0 1 0.692011 0 0 2042.908045 2043.409575 2043.911113 2044.111726 2046.117877 2046.809889 1 C 
 22  18 0 60 3 3 HH 1  6  4  9  1 1 1 0.516599 0 0 2048.073882 2048.575410 2049.076948 2049.277567 2051.283712 2051.800311 1 C 
 22  19 1  1 3 3 HH 1  5  6  8  9 1 1 0.638809 0 0 2056.081760 2056.583293 2057.084829 2057.285454 2059.291592 2059.930401 1 C 
 22  20 1  2 1 1 NN 0  5  6  5  6 0 1 0.368469 0 0 2061.197439 2061.698972 2062.200509 2062.401124 2064.407273 2064.775742 1 C 
 22  21 1  3 2 2 LL 1  6  6  5  5 1 1 0.449946 0 0 2066.045634 2066.547167 2067.048704 2067.249322 2069.255468 2069.705414 1 C 
 22  22 1  4 3 2 HL 1  4  4  1  5 1 1 0.608387 0 0 2070.977421 2071.478951 2071.980488 2072.181102 2074.187253 2074.795640 1 C 
 22  23 1  5 1 1 NN 0  4  5  4  5 0 1 0.754997 0 0 2076.059666 2076.561196 2077.062734 2077.263348 2079.269498 2080.024495 1 C 
 22  24 1  6 2 3 LH 1  5  5  4  2 1 1 0.516405 0 0 2081.292381 2081.793902 2082.295440 2082.496056 2084.502205 2085.018610 1 C 
 22  25 1  7 2 2 LL 1  4  4  5  5 1 1 0.430126 0 0 2086.291024 2086.792562 2087.294097 2087.494711 2089.500860 2089.930987 1 C 
 22  26 1  8 3 2 HL 1  5  5  2  4 1 1 0.424446 0 0 2091.206093 2091.707625 2092.209162 2092.409788 2094.415926 2094.840373 1 C 
 22  27 1  9 3 3 HH 1  4  6  7  9 0 0 1.015189 0 0 2096.104441 2096.605974 2097.107511 2097.308132 2099.314275 2100.329465 1 E 
 22  28 1 10 3 3 HH 1  6  4  9  7 1 1 0.474434 0 0 2101.604635 2102.106166 2102.607704 2102.808316 2104.814471 2105.288906 1 C 
 22  29 1 11 1 2 NL 0  6  4  6  5 0 1 0.374361 0 0 2106.553138 2107.054668 2107.556206 2107.756825 2109.762971 2110.137332 1 C 
 22  30 1 12 2 1 LN 0  6  6  5  6 1 0 0.647281 0 0 2111.401335 2111.902863 2112.404406 2112.605016 2114.611165 2115.258446 1 E 
 22  31 1 13 1 2 NL 0  6  4  6  5 1 0 1.260365 0 0 2116.533733 2117.035263 2117.536800 2117.737412 2119.743564 2121.003929 1 E 
 22  32 1 14 3 3 HH 1  6  6  9  9 1 1 0.547030 0 0 2122.267976 2122.769507 2123.271044 2123.471659 2125.477808 2126.024837 1 C 
 22  33 1 15 2 3 LH 1  5  5  4  2 1 1 0.510639 0 0 2127.300066 2127.801598 2128.303136 2128.503750 2130.509899 2131.020538 1 C 
 22  34 1 16 2 2 LL 1  5  6  4  5 0 0 3.303978 0 0 2132.282001 2132.783536 2133.285074 2133.485686 2135.491838 2138.795816 1 E 
 22  35 1 17 3 2 HL 1  5  4  8  5 1 1 1.722877 0 0 2140.055833 2140.557364 2141.058903 2141.259515 2143.265668 2144.988545 1 C 
 22  36 1 18 3 3 HH 1  4  6  7  3 1 1 0.898108 0 0 2146.258177 2146.759711 2147.261248 2147.461861 2149.468017 2150.366125 1 C 
 22  37 1 19 3 1 HN 0  5  6  8  6 0 1 0.938676 0 0 2151.641351 2152.142878 2152.644416 2152.845030 2154.851181 2155.789857 1 C 
 22  38 1 20 3 1 HN 0  5  5  2  5 0 1 0.608319 0 0 2157.057950 2157.559480 2158.061020 2158.261642 2160.267784 2160.876103 1 C 
 22  39 1 21 3 3 HH 1  5  5  8  2 1 1 0.406078 0 0 2162.140198 2162.641728 2163.143265 2163.343880 2165.350033 2165.756111 1 C 
 22  40 1 22 2 1 LN 0  6  5  5  5 0 1 0.563731 0 0 2167.021829 2167.523357 2168.024896 2168.225509 2170.231659 2170.795390 1 C 
 22  41 1 23 2 2 LL 1  4  4  5  5 0 0 0.764155 0 0 2172.070636 2172.572167 2173.073705 2173.274318 2175.280473 2176.044629 1 E 
 22  42 1 24 3 1 HN 0  4  6  7  6 0 1 0.749251 0 0 2177.320061 2177.821592 2178.323130 2178.523742 2180.529894 2181.279146 1 C 
 22  43 1 25 2 2 LL 1  4  5  5  4 1 1 0.664179 0 0 2182.552764 2183.054297 2183.555837 2183.756455 2185.762601 2186.426780 1 C 
 22  44 1 26 3 2 HL 1  5  4  8  5 1 1 0.522894 0 0 2187.701886 2188.203417 2188.704953 2188.905576 2190.911720 2191.434613 1 C 
 22  45 1 27 2 3 LH 1  5  6  6  3 1 1 0.680772 0 0 2192.700537 2193.202072 2193.703609 2193.904224 2195.910376 2196.591148 1 C 
 22  46 1 28 2 1 LN 0  4  6  5  6 0 1 0.633466 0 0 2197.866376 2198.367907 2198.869444 2199.070059 2201.076209 2201.709675 1 C 
 22  47 1 29 1 2 NL 0  6  5  6  6 1 0 0.445751 0 0 2202.982061 2203.483588 2203.985125 2204.185742 2206.191890 2206.637640 1 E 
 22  48 1 30 3 2 HL 1  5  6  2  5 1 1 1.194178 0 0 2207.897125 2208.398656 2208.900192 2209.100815 2211.106956 2212.301134 1 C 
 22  49 1 31 1 1 NN 0  6  5  6  5 0 1 0.519082 0 0 2213.564496 2214.066026 2214.567564 2214.768180 2216.774327 2217.293410 1 C 
 22  50 1 32 1 1 NN 0  5  5  5  5 0 1 0.446656 0 0 2218.563152 2219.064680 2219.566224 2219.766845 2221.772984 2222.219640 1 C 
 22  51 1 33 1 1 NN 0  4  4  4  4 0 1 0.395335 0 0 2223.494936 2223.996467 2224.498005 2224.698618 2226.704768 2227.100103 1 C 
 22  52 1 34 1 2 NL 0  6  4  6  5 0 1 0.749009 0 0 2228.359848 2228.861380 2229.362917 2229.563531 2231.569681 2232.318691 1 C 
 22  53 1 35 1 1 NN 0  5  6  5  6 0 1 0.571809 0 0 2233.592556 2234.094086 2234.595623 2234.796244 2236.802387 2237.374196 1 C 
 22  54 1 36 3 3 HH 1  6  6  9  9 1 1 0.561061 0 0 2238.641367 2239.142895 2239.644433 2239.845045 2241.851197 2242.412258 1 C 
 22  55 1 37 1 3 NH 0  5  5  5  8 0 1 0.558257 0 0 2243.673457 2244.174990 2244.676525 2244.877138 2246.883287 2247.441544 1 C 
 22  56 1 38 1 3 NH 0  6  4  6  7 0 1 1.059432 0 0 2248.705548 2249.207078 2249.708616 2249.909235 2251.915381 2252.974813 1 C 
 22  57 1 39 3 3 HH 1  5  4  8  1 1 1 0.452289 0 0 2254.239177 2254.740707 2255.242246 2255.442858 2257.449014 2257.901303 1 C 
 22  58 1 40 2 3 LH 1  6  4  5  7 1 1 0.628171 0 0 2259.170960 2259.672492 2260.174029 2260.374644 2262.380794 2263.008965 1 C 
 22  59 1 41 3 1 HN 0  6  5  9  5 0 1 0.666188 0 0 2264.269927 2264.771455 2265.272993 2265.473616 2267.479760 2268.145947 1 C 
 22  60 1 42 2 3 LH 1  4  5  5  2 1 1 0.268407 0 0 2269.419038 2269.920571 2270.422109 2270.622724 2272.628878 2272.897286 1 C 
 22  61 1 43 2 1 LN 0  6  5  5  5 0 1 0.769986 0 0 2274.166929 2274.668461 2275.169996 2275.370616 2277.376762 2278.146748 1 C 
 22  62 1 44 2 3 LH 1  6  5  5  2 1 1 1.182501 0 0 2279.416353 2279.917884 2280.419421 2280.620035 2282.626185 2283.808686 1 C 
 22  63 1 45 2 3 LH 1  4  6  5  3 1 1 0.669663 0 0 2285.083727 2285.585257 2286.086794 2286.287418 2288.293558 2288.963221 1 C 
 22  64 1 46 1 2 NL 0  6  6  6  5 0 1 0.395580 0 0 2290.232847 2290.734373 2291.235910 2291.436534 2293.442675 2293.838255 1 C 
 22  65 1 47 2 2 LL 1  5  4  6  5 1 1 0.730879 0 0 2295.097752 2295.599285 2296.100822 2296.301444 2298.307589 2299.038469 1 C 
 22  66 1 48 3 2 HL 1  5  4  2  5 1 1 1.070804 0 0 2300.313744 2300.815275 2301.316812 2301.517432 2303.523576 2304.594380 1 C 
 22  67 1 49 1 2 NL 0  6  6  6  5 0 1 0.605993 0 0 2305.864087 2306.365621 2306.867159 2307.067774 2309.073923 2309.679915 1 C 
 22  68 1 50 2 2 LL 1  4  5  5  4 1 1 0.786761 0 0 2310.946335 2311.447867 2311.949404 2312.150019 2314.156167 2314.942929 1 C 
 22  69 1 51 2 2 LL 1  5  6  6  5 1 1 0.866024 0 0 2316.212475 2316.714008 2317.215547 2317.416162 2319.422311 2320.288335 1 C 
 22  70 1 52 3 1 HN 0  4  5  1  5 0 1 0.924587 0 0 2321.562211 2322.063746 2322.565279 2322.765893 2324.772043 2325.696629 1 C 
 22  71 1 53 1 2 NL 0  6  5  6  4 1 0 1.350030 0 0 2326.962096 2327.463629 2327.965168 2328.165782 2330.171929 2331.521959 1 E 
 22  72 1 54 2 3 LH 1  4  5  5  8 1 1 0.636155 0 0 2332.796648 2333.298178 2333.799716 2334.000329 2336.006479 2336.642634 1 C 
 22  73 1 55 1 3 NH 0  4  4  4  7 1 0 0.480184 0 0 2337.912329 2338.413860 2338.915397 2339.116012 2341.122161 2341.602345 1 E 
 22  74 1 56 3 2 HL 1  4  5  7  4 1 1 0.251672 0 0 2342.877549 2343.379080 2343.880620 2344.081233 2346.087381 2346.339053 1 C 
 22  75 1 57 2 3 LH 1  6  5  5  2 1 1 1.760142 0 0 2347.608716 2348.110251 2348.611787 2348.812408 2350.818555 2352.578697 1 C 
 22  76 1 58 2 2 LL 1  4  6  5  5 1 1 0.563770 0 0 2353.844500 2354.346031 2354.847568 2355.048186 2357.054334 2357.618104 1 C 
 22  77 1 59 1 3 NH 0  4  5  4  8 0 1 0.937724 0 0 2358.893305 2359.394839 2359.896377 2360.096991 2362.103144 2363.040868 1 C 
 22  78 1 60 1 2 NL 0  6  4  6  5 0 1 0.885169 0 0 2364.309908 2364.811443 2365.312981 2365.513598 2367.519745 2368.404914 1 C 
 22  79 2  1 1 1 NN 0  5  4  5  4 1 0 0.262660 0 0 2388.149652 2388.651187 2389.152725 2389.353339 2391.359488 2391.622148 1 E 
 22  80 2  2 3 2 HL 1  6  6  9  5 1 1 0.694601 0 0 2392.897543 2393.399074 2393.900612 2394.101235 2396.107378 2396.801979 1 C 
 22  81 2  3 3 3 HH 1  5  6  2  3 1 1 0.683344 0 0 2398.063373 2398.564908 2399.066447 2399.267063 2401.273212 2401.956555 1 C 
 22  82 2  4 2 2 LL 1  4  6  5  5 1 1 0.987180 0 0 2403.229219 2403.730748 2404.232290 2404.432897 2406.439047 2407.426227 1 C 
 22  83 2  5 2 2 LL 1  5  5  4  6 0 0 0.625102 0 0 2408.695971 2409.197500 2409.699039 2409.899663 2411.905800 2412.530902 1 E 
 22  84 2  6 3 2 HL 1  4  4  7  5 1 1 0.218155 0 0 2413.794934 2414.296465 2414.798002 2414.998617 2417.004769 2417.222923 1 C 
 22  85 2  7 3 3 HH 1  4  4  7  1 1 1 0.655461 0 0 2418.492668 2418.994197 2419.495735 2419.696358 2421.702509 2422.357970 1 C 
 22  86 2  8 1 1 NN 0  4  5  4  5 0 1 0.688812 0 0 2423.625063 2424.126599 2424.628132 2424.828749 2426.834899 2427.523711 1 C 
 22  87 2  9 1 2 NL 0  4  6  4  5 0 1 1.126555 0 0 2428.790898 2429.292432 2429.793969 2429.994589 2432.000733 2433.127288 1 C 
 22  88 2 10 2 2 LL 1  5  4  6  5 1 1 1.363400 0 0 2434.391398 2434.892933 2435.394469 2435.595085 2437.601234 2438.964634 1 C 
 22  89 2 11 2 2 LL 1  6  6  5  5 1 1 1.243645 0 0 2440.225953 2440.727484 2441.229021 2441.429641 2443.435789 2444.679434 1 C 
 22  90 2 12 3 2 HL 1  5  6  8  5 1 1 0.756097 0 0 2445.943482 2446.445014 2446.946548 2447.147160 2449.153312 2449.909409 1 C 
 22  91 2 13 3 3 HH 1  4  5  1  8 1 1 0.708686 0 0 2451.176187 2451.677716 2452.179254 2452.379868 2454.386020 2455.094706 1 C 
 22  92 2 14 2 2 LL 1  6  6  5  5 1 1 0.789356 0 0 2456.358736 2456.860270 2457.361807 2457.562422 2459.568572 2460.357928 1 C 
 22  93 2 15 1 1 NN 0  4  6  4  6 0 1 0.597181 0 0 2461.624878 2462.126412 2462.627950 2462.828565 2464.834714 2465.431896 1 C 
 22  94 2 16 2 2 LL 1  6  4  5  5 1 1 0.664026 0 0 2466.707127 2467.208657 2467.710195 2467.910807 2469.916959 2470.580986 1 C 
 22  95 2 17 3 3 HH 1  6  4  9  7 1 1 0.507987 0 0 2471.856241 2472.357774 2472.859310 2473.059927 2475.066077 2475.574064 1 C 
 22  96 2 18 2 3 LH 1  5  6  4  3 1 1 0.519148 0 0 2476.838180 2477.339716 2477.841251 2478.041866 2480.048015 2480.567164 1 C 
 22  97 2 19 2 2 LL 1  4  5  5  6 1 1 1.216278 0 0 2481.836838 2482.338368 2482.839906 2483.040520 2485.046671 2486.262949 1 C 
 22  98 2 20 3 1 HN 0  4  4  1  4 1 0 0.602631 0 0 2487.537651 2488.039177 2488.540714 2488.741331 2490.747478 2491.350109 1 E 
 22  99 2 21 1 3 NH 0  4  4  4  1 0 1 0.948163 0 0 2492.619890 2493.121422 2493.622960 2493.823574 2495.829724 2496.777887 1 C 
 22 100 2 22 3 3 HH 1  4  4  1  7 1 1 0.602674 0 0 2498.053213 2498.554743 2499.056282 2499.256905 2501.263044 2501.865718 1 C 
 22 101 2 23 3 2 HL 1  4  6  1  5 1 1 0.494555 0 0 2503.135455 2503.636989 2504.138526 2504.339141 2506.345292 2506.839847 1 C 
 22 102 2 24 3 3 HH 1  6  6  3  3 1 1 0.616679 0 0 2508.100678 2508.602209 2509.103746 2509.304363 2511.310509 2511.927188 1 C 
 22 103 2 25 3 1 HN 0  6  4  9  4 0 1 0.843709 0 0 2513.199638 2513.701172 2514.202710 2514.403328 2516.409475 2517.253184 1 C 
 22 104 2 26 3 3 HH 1  5  6  8  9 1 1 0.455939 0 0 2518.515939 2519.017473 2519.519006 2519.719626 2521.725770 2522.181709 1 C 
 22 105 2 27 1 2 NL 0  4  5  4  4 0 1 0.468887 0 0 2523.447721 2523.949259 2524.450793 2524.651403 2526.657555 2527.126443 1 C 
 22 106 2 28 1 1 NN 0  6  6  6  6 0 1 0.527626 0 0 2528.396233 2528.897756 2529.399292 2529.599910 2531.606059 2532.133685 1 C 
 22 107 2 29 2 1 LN 0  4  5  5  5 0 1 0.730927 0 0 2533.394880 2533.896411 2534.397948 2534.598562 2536.604713 2537.335639 1 C 
 22 108 2 30 3 2 HL 1  5  5  8  6 1 1 0.732980 0 0 2538.610872 2539.112402 2539.613937 2539.814561 2541.820701 2542.553681 1 C 
 22 109 2 31 2 3 LH 1  5  4  6  1 1 1 0.619514 0 0 2543.826858 2544.328393 2544.829925 2545.030545 2547.036689 2547.656203 1 C 
 22 110 2 32 2 1 LN 0  4  4  5  4 0 1 0.689017 0 0 2548.925823 2549.427351 2549.928889 2550.129502 2552.135653 2552.824671 1 C 
 22 111 2 33 2 1 LN 0  4  6  5  6 0 1 0.658571 0 0 2554.091649 2554.593186 2555.094724 2555.295339 2557.301489 2557.960060 1 C 
 22 112 2 34 1 3 NH 0  5  6  5  9 0 1 1.192839 0 0 2559.224050 2559.725586 2560.227123 2560.427742 2562.433886 2563.626726 1 C 
 22 113 2 35 3 3 HH 1  5  6  8  9 0 0 0.870226 0 0 2564.891427 2565.392958 2565.894496 2566.095114 2568.101262 2568.971488 1 E 
 22 114 2 36 2 1 LN 0  6  6  5  6 0 1 0.686277 0 0 2570.241161 2570.742690 2571.244227 2571.444847 2573.450990 2574.137267 1 C 
 22 115 2 37 2 3 LH 1  4  4  5  7 1 1 0.527536 0 0 2575.406994 2575.908524 2576.410062 2576.610675 2578.616829 2579.144364 1 C 
 22 116 2 38 2 2 LL 1  5  6  6  5 1 1 0.747615 0 0 2580.405649 2580.907181 2581.408718 2581.609333 2583.615482 2584.363097 1 C 
 22 117 2 39 2 2 LL 1  4  5  5  4 1 1 0.535859 0 0 2585.638357 2586.139888 2586.641424 2586.842038 2588.848190 2589.384049 1 C 
 22 118 2 40 1 2 NL 0  5  6  5  5 1 0 0.948249 0 0 2590.653731 2591.155260 2591.656799 2591.857416 2593.863566 2594.811816 1 E 
 22 119 2 41 3 2 HL 1  6  5  3  4 1 1 0.828438 0 0 2596.087052 2596.588583 2597.090120 2597.290735 2599.296884 2600.125322 1 C 
 22 120 2 42 3 1 HN 0  4  5  7  5 0 1 0.726899 0 0 2601.386626 2601.888165 2602.389698 2602.590313 2604.596463 2605.323361 1 C 
 22 121 2 43 2 2 LL 1  6  5  5  6 1 1 0.645431 0 0 2606.585901 2607.087431 2607.588969 2607.789586 2609.795734 2610.441165 1 C 
 22 122 2 44 1 1 NN 0  6  4  6  4 0 1 0.541498 0 0 2611.701583 2612.203113 2612.704650 2612.905270 2614.911415 2615.452913 1 C 
 22 123 2 45 2 3 LH 1  4  6  5  9 1 1 0.482691 0 0 2616.716956 2617.218486 2617.720024 2617.920638 2619.926788 2620.409480 1 C 
 22 124 2 46 3 1 HN 0  5  6  8  6 1 0 0.462691 0 0 2621.682179 2622.183707 2622.685244 2622.885859 2624.892009 2625.354699 1 E 
 22 125 2 47 2 2 LL 1  5  6  4  5 0 0 1.692420 0 0 2626.613970 2627.115491 2627.617028 2627.817643 2629.823793 2631.516213 1 E 
 22 126 2 48 2 1 LN 0  6  6  5  6 0 1 0.832536 0 0 2632.782870 2633.284405 2633.785938 2633.986553 2635.992702 2636.825238 1 C 
 22 127 2 49 2 1 LN 0  6  4  5  4 0 1 0.798845 0 0 2638.099161 2638.600697 2639.102234 2639.302857 2641.309003 2642.107848 1 C 
 22 128 2 50 1 2 NL 0  5  6  5  5 0 1 0.798762 0 0 2643.382026 2643.883559 2644.385094 2644.585708 2646.591858 2647.390620 1 C 
 22 129 2 51 3 3 HH 1  6  6  9  3 1 1 0.507975 0 0 2648.664887 2649.166418 2649.667955 2649.868567 2651.874718 2652.382693 1 C 
 22 130 2 52 3 2 HL 1  6  5  3  4 1 1 0.659980 0 0 2653.646825 2654.148355 2654.649893 2654.850508 2656.856656 2657.516636 1 C 
 22 131 2 53 1 1 NN 0  6  6  6  6 1 0 0.455710 0 0 2658.779222 2659.280755 2659.782292 2659.982908 2661.989061 2662.444770 1 E 
 22 132 2 54 2 2 LL 1  5  6  4  5 1 1 0.322176 0 0 2663.711008 2664.212539 2664.714078 2664.914695 2666.920841 2667.243017 1 C 
 22 133 2 55 3 2 HL 1  6  6  9  5 0 0 0.887341 0 0 2668.509049 2669.010579 2669.512117 2669.712735 2671.718885 2672.606227 1 E 
 22 134 2 56 2 3 LH 1  6  4  5  7 1 1 0.831227 0 0 2673.875499 2674.377029 2674.878567 2675.079181 2677.085330 2677.916557 1 C 
 22 135 2 57 2 2 LL 1  6  6  5  5 1 1 0.555338 0 0 2679.191792 2679.693326 2680.194864 2680.395477 2682.401627 2682.956965 1 C 
 22 136 2 58 1 2 NL 0  4  4  4  5 0 1 0.547013 0 0 2684.223890 2684.725417 2685.226955 2685.427569 2687.433719 2687.980732 1 C 
 22 137 2 59 1 1 NN 0  6  5  6  5 0 1 0.602774 0 0 2689.255979 2689.757510 2690.259047 2690.459671 2692.465811 2693.068585 1 C 
 22 138 2 60 1 3 NH 0  5  4  5  7 0 1 0.914826 0 0 2694.338221 2694.839754 2695.341292 2695.541913 2697.548053 2698.462879 1 C 
 22 139 3  1 1 3 NH 0  5  4  5  7 0 1 0.516781 0 0 2722.976003 2723.477539 2723.979076 2724.179689 2726.185841 2726.702622 1 C 
 22 140 3  2 3 2 HL 1  4  6  1  5 1 1 0.446601 0 0 2727.974663 2728.476196 2728.977732 2729.178351 2731.184496 2731.631097 1 C 
 22 141 3  3 1 3 NH 0  6  6  6  9 0 1 0.682456 0 0 2732.906449 2733.407978 2733.909515 2734.110140 2736.116283 2736.798740 1 C 
 22 142 3  4 2 3 LH 1  5  4  4  7 1 1 0.844674 0 0 2738.072280 2738.573818 2739.075351 2739.275974 2741.282117 2742.126791 1 C 
 22 143 3  5 1 1 NN 0  4  5  4  5 0 1 0.410926 0 0 2743.388579 2743.890109 2744.391647 2744.592271 2746.598411 2747.009338 1 C 
 22 144 3  6 2 3 LH 1  6  6  5  9 1 1 0.472083 0 0 2748.270209 2748.771740 2749.273282 2749.473898 2751.480046 2751.952129 1 C 
 22 145 3  7 2 3 LH 1  5  4  6  1 1 1 0.435465 0 0 2753.218711 2753.720242 2754.221780 2754.422394 2756.428543 2756.864009 1 C 
 22 146 3  8 2 1 LN 0  5  4  6  4 0 1 0.749672 0 0 2758.133776 2758.635308 2759.136846 2759.337461 2761.343609 2762.093281 1 C 
 22 147 3  9 1 3 NH 0  4  4  4  7 0 1 0.658538 0 0 2763.366487 2763.868014 2764.369550 2764.570172 2766.576317 2767.234856 1 C 
 22 148 3 10 1 3 NH 0  6  6  6  9 0 1 1.011040 0 0 2768.498884 2769.000417 2769.501955 2769.702567 2771.708716 2772.719756 1 C 
 22 149 3 11 3 1 HN 0  5  4  2  4 1 0 0.535682 0 0 2773.982359 2774.483889 2774.985427 2775.186041 2777.192192 2777.727873 1 E 
 22 150 3 12 3 1 HN 0  6  5  3  5 0 1 0.495918 0 0 2778.997733 2779.499263 2780.000801 2780.201415 2782.207565 2782.703483 1 C 
 22 151 3 13 3 2 HL 1  5  6  2  5 0 0 0.700523 0 0 2783.962953 2784.464483 2784.966021 2785.166635 2787.172785 2787.873309 1 E 
 22 152 3 14 1 3 NH 0  5  4  5  7 0 1 0.747535 0 0 2789.145505 2789.647037 2790.148574 2790.349186 2792.355338 2793.102873 1 C 
 22 153 3 15 3 3 HH 1  6  5  3  2 1 1 0.333544 0 0 2794.378214 2794.879743 2795.381281 2795.581895 2797.588044 2797.921588 1 C 
 22 154 3 16 3 2 HL 1  5  6  2  5 1 1 0.893798 0 0 2799.192973 2799.694502 2800.196039 2800.396653 2802.402804 2803.296601 1 C 
 22 155 3 17 2 3 LH 1  6  5  5  2 1 1 0.535726 0 0 2804.559419 2805.060952 2805.562489 2805.763104 2807.769254 2808.304981 1 C 
 22 156 3 18 2 3 LH 1  4  4  5  1 1 1 0.705615 0 0 2809.574795 2810.076326 2810.577863 2810.778485 2812.784627 2813.490242 1 C 
 22 157 3 19 1 1 NN 0  4  5  4  5 0 1 0.690393 0 0 2814.757348 2815.258878 2815.760416 2815.961030 2817.967181 2818.657574 1 C 
 22 158 3 20 3 2 HL 1  6  6  9  5 1 1 0.982858 0 0 2819.923183 2820.424713 2820.926251 2821.126866 2823.133014 2824.115872 1 C 
 22 159 3 21 3 3 HH 1  5  5  2  8 1 1 0.540129 0 0 2825.389939 2825.891470 2826.393008 2826.593623 2828.599773 2829.139901 1 C 
 22 160 3 22 2 2 LL 1  5  5  4  6 1 1 0.738523 0 0 2830.405314 2830.906845 2831.408382 2831.609001 2833.615146 2834.353670 1 C 
 22 161 3 23 1 1 NN 0  6  6  6  6 0 1 0.612967 0 0 2835.621301 2836.122833 2836.624370 2836.824986 2838.831135 2839.444102 1 C 
 22 162 3 24 2 3 LH 1  5  5  6  2 1 1 0.411460 0 0 2840.703553 2841.205078 2841.706616 2841.907235 2843.913380 2844.324840 1 C 
 22 163 3 25 1 1 NN 0  5  4  5  4 0 1 0.664049 0 0 2845.585176 2846.086709 2846.588246 2846.788863 2848.795015 2849.459063 1 C 
 22 164 3 26 3 2 HL 1  5  5  8  6 1 1 0.634245 0 0 2850.734295 2851.235825 2851.737363 2851.937984 2853.944128 2854.578373 1 C 
 22 165 3 27 2 2 LL 1  4  6  5  5 1 1 0.892616 0 0 2855.849977 2856.351507 2856.853045 2857.053662 2859.059812 2859.952427 1 C 
 22 166 3 28 3 2 HL 1  5  4  2  5 1 1 0.635370 0 0 2861.216423 2861.717957 2862.219495 2862.420107 2864.426259 2865.061629 1 C 
 22 167 3 29 3 3 HH 1  5  5  8  8 1 1 0.541465 0 0 2866.332112 2866.833650 2867.335175 2867.535795 2869.541940 2870.083404 1 C 
 22 168 3 30 2 2 LL 1  6  4  5  5 1 1 0.519171 0 0 2871.347480 2871.849016 2872.350550 2872.551174 2874.557314 2875.076485 1 C 
 22 169 3 31 1 2 NL 0  5  6  5  5 1 0 1.101216 0 0 2876.346137 2876.847672 2877.349206 2877.549831 2879.555975 2880.657190 1 E 
 22 170 3 32 2 3 LH 1  5  4  4  7 1 1 1.360725 0 0 2881.929920 2882.431450 2882.932988 2883.133604 2885.139752 2886.500477 1 C 
 22 171 3 33 2 1 LN 0  4  5  5  5 0 1 0.871180 0 0 2887.764469 2888.266002 2888.767540 2888.968157 2890.974308 2891.845487 1 C 
 22 172 3 34 2 3 LH 1  6  4  5  1 1 1 0.496985 0 0 2893.114204 2893.615734 2894.117272 2894.317887 2896.324036 2896.821021 1 C 
 22 173 3 35 3 1 HN 0  5  6  8  6 0 1 0.714209 0 0 2898.096141 2898.597671 2899.099210 2899.299832 2901.305973 2902.020183 1 C 
 22 174 3 36 2 1 LN 0  5  5  6  5 0 1 2.252881 0 0 2903.295412 2903.796942 2904.298479 2904.499095 2906.505244 2908.758125 1 C 
 22 175 3 37 1 3 NH 0  5  4  5  1 0 1 0.552494 0 0 2910.032731 2910.534266 2911.035799 2911.236411 2913.242563 2913.795057 1 C 
 22 176 3 38 3 3 HH 1  5  6  2  9 0 0 0.721351 0 0 2915.064817 2915.566353 2916.067890 2916.268505 2918.274655 2918.996006 1 E 
 22 177 3 39 2 2 LL 1  4  4  5  5 1 1 0.691996 0 0 2920.264091 2920.765624 2921.267162 2921.467783 2923.473927 2924.165923 1 C 
 22 178 3 40 3 1 HN 0  5  6  2  6 0 1 0.563578 0 0 2925.429928 2925.931458 2926.432999 2926.633609 2928.639760 2929.203338 1 C 
 22 179 3 41 2 2 LL 1  6  6  5  5 1 1 0.622916 0 0 2930.478733 2930.980268 2931.481806 2931.682421 2933.688570 2934.311486 1 C 
 22 180 3 42 3 1 HN 0  5  6  8  6 0 1 0.847807 0 0 2935.577701 2936.079231 2936.580769 2936.781386 2938.787535 2939.635343 1 C 
 22 181 3 43 3 2 HL 1  5  5  2  4 1 1 0.780989 0 0 2940.910716 2941.412245 2941.913784 2942.114408 2944.120546 2944.901535 1 C 
 22 182 3 44 1 1 NN 0  5  5  5  5 0 1 0.745429 0 0 2946.176853 2946.678387 2947.179924 2947.380549 2949.386691 2950.132120 1 C 
 22 183 3 45 2 3 LH 1  6  6  5  3 1 1 0.571167 0 0 2951.392842 2951.894376 2952.395914 2952.596535 2954.602679 2955.173846 1 C 
 22 184 3 46 1 2 NL 0  5  5  5  4 1 0 0.608403 0 0 2956.441657 2956.943186 2957.444724 2957.645340 2959.651487 2960.259889 1 E 
 22 185 3 47 1 2 NL 0  5  6  5  5 0 1 0.441135 0 0 2961.523900 2962.025432 2962.526970 2962.727584 2964.733734 2965.174869 1 C 
 22 186 3 48 1 2 NL 0  4  5  4  4 0 1 0.995967 0 0 2966.438967 2966.940499 2967.442035 2967.642651 2969.648802 2970.644769 1 C 
 22 187 3 49 3 2 HL 1  4  4  1  5 1 1 0.569356 0 0 2971.905724 2972.407256 2972.908794 2973.109406 2975.115557 2975.684912 1 C 
 22 188 3 50 3 1 HN 0  5  6  2  6 0 1 0.962114 0 0 2976.954535 2977.456065 2977.957602 2978.158227 2980.164368 2981.126481 1 C 
 22 189 3 51 2 1 LN 0  5  5  4  5 0 1 0.825705 0 0 2982.387853 2982.889387 2983.390924 2983.591543 2985.597687 2986.423392 1 C 
 22 190 3 52 1 2 NL 0  6  5  6  4 1 0 1.192558 0 0 2987.687442 2988.188965 2988.690503 2988.891117 2990.897268 2992.089827 1 E 
 22 191 3 53 1 3 NH 0  5  6  5  3 0 1 0.853543 0 0 2993.354806 2993.856342 2994.357874 2994.558488 2996.564638 2997.418181 1 C 
 22 192 3 54 1 1 NN 0  5  6  5  6 0 1 0.717367 0 0 2998.687817 2999.189352 2999.690889 2999.891504 3001.897654 3002.615021 1 C 
 22 193 3 55 1 1 NN 0  5  4  5  4 0 1 0.510850 0 0 3003.887088 3004.388622 3004.890158 3005.090780 3007.096928 3007.607778 1 C 
 22 194 3 56 1 3 NH 0  5  6  5  9 0 1 0.694636 0 0 3008.869025 3009.370560 3009.872099 3010.072712 3012.078863 3012.773499 1 C 
 22 195 3 57 1 1 NN 0  4  4  4  4 0 1 0.539785 0 0 3014.034865 3014.536396 3015.037937 3015.238545 3017.244697 3017.784481 1 C 
 22 196 3 58 2 2 LL 1  5  5  4  4 1 1 0.706371 0 0 3019.050237 3019.551769 3020.053307 3020.253921 3022.260071 3022.966442 1 C 
 22 197 3 59 1 3 NH 0  5  5  5  8 0 1 0.692789 0 0 3024.232791 3024.734326 3025.235860 3025.436482 3027.442623 3028.135412 1 C 
 22 198 3 60 3 1 HN 0  6  5  3  5 0 1 0.647283 0 0 3029.398627 3029.900156 3030.401694 3030.602310 3032.608458 3033.255740 1 C 
 22 199 4  1 3 1 HN 0  6  4  9  4 0 1 0.597192 0 0 3050.697248 3051.198778 3051.700314 3051.900934 3053.907083 3054.504275 1 C 
 22 200 4  2 1 2 NL 0  5  5  5  4 0 1 0.478226 0 0 3055.779487 3056.281022 3056.782560 3056.983175 3058.989325 3059.467551 1 C 
 22 201 4  3 2 2 LL 1  5  6  6  5 1 1 0.679236 0 0 3060.727990 3061.229526 3061.731062 3061.931677 3063.937826 3064.617063 1 C 
 22 202 4  4 2 1 LN 0  6  5  5  5 0 1 0.617101 0 0 3065.877107 3066.378641 3066.880179 3067.080805 3069.086944 3069.704045 1 C 
 22 203 4  5 3 3 HH 1  5  6  2  3 1 1 0.530303 0 0 3070.976075 3071.477604 3071.979143 3072.179767 3074.185911 3074.716215 1 C 
 22 204 4  6 2 3 LH 1  4  4  5  1 1 1 0.490815 0 0 3075.991446 3076.492978 3076.994516 3077.195141 3079.201281 3079.692096 1 C 
 22 205 4  7 3 3 HH 1  5  4  2  7 1 1 0.613904 0 0 3080.956670 3081.458210 3081.959737 3082.160353 3084.166501 3084.780405 1 C 
 22 206 4  8 3 2 HL 1  5  4  8  5 1 1 0.937122 0 0 3086.055632 3086.557167 3087.058700 3087.259315 3089.265464 3090.202585 1 C 
 22 207 4  9 1 2 NL 0  6  5  6  4 1 0 0.512799 0 0 3091.472235 3091.973766 3092.475303 3092.675918 3094.682070 3095.194868 1 E 
 22 208 4 10 2 1 LN 0  6  6  5  6 0 1 1.355101 0 0 3096.454174 3096.955704 3097.457241 3097.657855 3099.664006 3101.019107 1 C 
 22 209 4 11 1 1 NN 0  5  6  5  6 0 1 0.574796 0 0 3102.288725 3102.790255 3103.291793 3103.492405 3105.498556 3106.073352 1 C 
 22 210 4 12 3 3 HH 1  4  5  1  8 1 1 0.472146 0 0 3107.337530 3107.839065 3108.340600 3108.541222 3110.547366 3111.019511 1 C 
 22 211 4 13 1 3 NH 0  5  5  5  2 0 1 0.433658 0 0 3112.286037 3112.787566 3113.289105 3113.489719 3115.495870 3115.929528 1 C 
 22 212 4 14 2 3 LH 1  4  6  5  3 0 0 1.376338 0 0 3117.201098 3117.702633 3118.204170 3118.404786 3120.410934 3121.787272 1 E 
 22 213 4 15 2 2 LL 1  5  4  6  5 1 1 0.628981 0 0 3123.052373 3123.553902 3124.055440 3124.256058 3126.262208 3126.891189 1 C 
 22 214 4 16 2 3 LH 1  5  6  6  3 1 1 0.668100 0 0 3128.151336 3128.652867 3129.154403 3129.355018 3131.361167 3132.029267 1 C 
 22 215 4 17 3 2 HL 1  4  5  1  6 1 1 0.605407 0 0 3133.300448 3133.801982 3134.303520 3134.504136 3136.510285 3137.115692 1 C 
 22 216 4 18 3 1 HN 0  6  4  3  4 0 1 0.867336 0 0 3138.382699 3138.884228 3139.385765 3139.586379 3141.592529 3142.459865 1 C 
 22 217 4 19 3 3 HH 1  6  4  9  7 1 1 0.608356 0 0 3143.732430 3144.233960 3144.735497 3144.936112 3146.942263 3147.550618 1 C 
 22 218 4 20 1 1 NN 0  5  6  5  6 0 1 0.645145 0 0 3148.814676 3149.316205 3149.817743 3150.018358 3152.024508 3152.669653 1 C 
 22 219 4 21 1 1 NN 0  5  6  5  6 0 1 0.491345 0 0 3153.930354 3154.431895 3154.933424 3155.134037 3157.140189 3157.631534 1 C 
 22 220 4 22 2 1 LN 0  6  6  5  6 0 1 0.628043 0 0 3158.895576 3159.397107 3159.898645 3160.099260 3162.105411 3162.733454 1 C 
 22 221 4 23 3 1 HN 0  4  4  7  4 0 1 0.827405 0 0 3163.994540 3164.496071 3164.997610 3165.198220 3167.204372 3168.031777 1 C 
 22 222 4 24 3 1 HN 0  6  5  3  5 1 0 0.930754 0 0 3169.294128 3169.795648 3170.297186 3170.497801 3172.503951 3173.434704 1 E 
 22 223 4 25 3 1 HN 0  4  5  1  5 0 1 0.733847 0 0 3174.694004 3175.195534 3175.697072 3175.897693 3177.903836 3178.637683 1 C 
 22 224 4 26 3 1 HN 0  5  4  8  4 0 1 0.589487 0 0 3179.909993 3180.411523 3180.913060 3181.113675 3183.119826 3183.709313 1 C 
 22 225 4 27 2 1 LN 0  6  6  5  6 0 1 0.660412 0 0 3184.975520 3185.477050 3185.978588 3186.179202 3188.185355 3188.845767 1 C 
 22 226 4 28 1 3 NH 0  6  5  6  8 1 0 0.725498 0 0 3190.107920 3190.609449 3191.110987 3191.311601 3193.317752 3194.043250 1 E 
 22 227 4 29 2 1 LN 0  6  5  5  5 0 1 0.854711 0 0 3195.307189 3195.808720 3196.310258 3196.510877 3198.517023 3199.371734 1 C 
 22 228 4 30 1 1 NN 0  5  4  5  4 0 1 0.502458 0 0 3200.640201 3201.141735 3201.643272 3201.843894 3203.850037 3204.352495 1 C 
 22 229 4 31 3 3 HH 1  6  5  3  2 1 1 0.606714 0 0 3205.622141 3206.123674 3206.625210 3206.825828 3208.831975 3209.438689 1 C 
 22 230 4 32 3 3 HH 1  4  6  1  9 1 1 0.769941 0 0 3210.704386 3211.205918 3211.707455 3211.908077 3213.914220 3214.684160 1 C 
 22 231 4 33 3 3 HH 1  6  4  9  7 1 1 0.597201 0 0 3215.953812 3216.455342 3216.956880 3217.157499 3219.163644 3219.760846 1 C 
 22 232 4 34 2 3 LH 1  6  4  5  7 1 1 0.567389 0 0 3221.036058 3221.537587 3222.039123 3222.239750 3224.245889 3224.813278 1 C 
 22 233 4 35 2 3 LH 1  4  6  5  3 1 1 0.513575 0 0 3226.084866 3226.586398 3227.087935 3227.288553 3229.294699 3229.808274 1 C 
 22 234 4 36 2 3 LH 1  4  5  5  8 1 1 0.855506 0 0 3231.083522 3231.585053 3232.086591 3232.287212 3234.293355 3235.148862 1 C 
 22 235 4 37 1 2 NL 0  5  6  5  5 0 1 0.658485 0 0 3236.416537 3236.918068 3237.419604 3237.620219 3239.626367 3240.284852 1 C 
 22 236 4 38 2 2 LL 1  6  6  5  5 1 1 0.649819 0 0 3241.548936 3242.050466 3242.552004 3242.752619 3244.758769 3245.408588 1 C 
 22 237 4 39 2 1 LN 0  4  4  5  4 1 0 0.621762 0 0 3246.681333 3247.182865 3247.684403 3247.885018 3249.891168 3250.512930 1 E 
 22 238 4 40 2 2 LL 1  6  6  5  5 1 1 0.691932 0 0 3251.780297 3252.281828 3252.783366 3252.983987 3254.990131 3255.682063 1 C 
 22 239 4 41 3 2 HL 1  4  5  7  4 0 0 0.900100 0 0 3256.946130 3257.447664 3257.949202 3258.149820 3260.155967 3261.056067 1 E 
 22 240 4 42 1 2 NL 0  4  6  4  5 0 1 0.571956 0 0 3262.329302 3262.830832 3263.332370 3263.532992 3265.539134 3266.111090 1 C 
 22 241 4 43 1 1 NN 0  5  5  5  5 1 0 1.059641 0 0 3267.378111 3267.879641 3268.381177 3268.581793 3270.587945 3271.647586 1 E 
 22 242 4 44 3 1 HN 0  4  5  1  5 0 1 0.616219 0 0 3272.911737 3273.413270 3273.914808 3274.115428 3276.121574 3276.737793 1 C 
 22 243 4 45 2 1 LN 0  6  4  5  4 0 1 0.699479 0 0 3278.010703 3278.512233 3279.013771 3279.214386 3281.220538 3281.920017 1 C 
 22 244 4 46 2 1 LN 0  5  5  4  5 0 1 0.443096 0 0 3283.193258 3283.694787 3284.196324 3284.396948 3286.403087 3286.846183 1 C 
 22 245 4 47 3 1 HN 0  6  4  9  4 0 1 0.634328 0 0 3288.108321 3288.609852 3289.111391 3289.312004 3291.318152 3291.952480 1 C 
 22 246 4 48 2 1 LN 0  6  5  5  5 0 1 0.705002 0 0 3293.224006 3293.725533 3294.227072 3294.427690 3296.433835 3297.138837 1 C 
 22 247 4 49 1 3 NH 0  6  6  6  3 1 0 0.368680 0 0 3298.406555 3298.908084 3299.409624 3299.610237 3301.616388 3301.985068 1 E 
 22 248 4 50 1 2 NL 0  4  6  4  5 0 1 0.594284 0 0 3303.254751 3303.756281 3304.257819 3304.458431 3306.464583 3307.058867 1 C 
 22 249 4 51 3 3 HH 1  5  5  8  8 0 0 0.488300 0 0 3308.320280 3308.821809 3309.323346 3309.523969 3311.530111 3312.018411 1 E 
 22 250 4 52 1 3 NH 0  5  5  5  2 0 1 0.740601 0 0 3313.285499 3313.787029 3314.288567 3314.489184 3316.495331 3317.235932 1 C 
 22 251 4 53 1 1 NN 0  5  6  5  6 0 1 0.530403 0 0 3318.501488 3319.003019 3319.504557 3319.705169 3321.711320 3322.241723 1 C 
 22 252 4 54 1 2 NL 0  4  4  4  5 0 1 0.558272 0 0 3323.516859 3324.018391 3324.519929 3324.720542 3326.726693 3327.284965 1 C 
 22 253 4 55 2 1 LN 0  6  6  5  6 0 1 0.580454 0 0 3328.548957 3329.050487 3329.552021 3329.752640 3331.758785 3332.339239 1 C 
 22 254 4 56 2 3 LH 1  4  4  5  1 1 1 0.700024 0 0 3333.614481 3334.116010 3334.617548 3334.818164 3336.824313 3337.524337 1 C 
 22 255 4 57 2 3 LH 1  6  6  5  3 1 1 0.699807 0 0 3338.797034 3339.298562 3339.800101 3340.000715 3342.006866 3342.706673 1 C 
 22 256 4 58 1 3 NH 0  4  6  4  3 0 1 0.571111 0 0 3343.979586 3344.481117 3344.982654 3345.183272 3347.189418 3347.760528 1 C 
 22 257 4 59 1 1 NN 0  4  5  4  5 0 1 0.452296 0 0 3349.028393 3349.529927 3350.031464 3350.232082 3352.238228 3352.690524 1 C 
 22 258 4 60 2 1 LN 0  5  4  4  4 0 1 0.783222 0 0 3353.960178 3354.461709 3354.963248 3355.163863 3357.170012 3357.953235 1 C 
 22 259 5  1 3 2 HL 1  6  5  3  6 1 1 0.894555 0 0 3389.769942 3390.271478 3390.773016 3390.973630 3392.979780 3393.874335 1 C 
 22 260 5  2 3 2 HL 1  6  5  9  6 1 1 1.083313 0 0 3395.136397 3395.637927 3396.139466 3396.340085 3398.346231 3399.429544 1 C 
 22 261 5  3 1 2 NL 0  4  4  4  5 0 1 0.572230 0 0 3400.703459 3401.204994 3401.706531 3401.907156 3403.913296 3404.485525 1 C 
 22 262 5  4 1 1 NN 0  5  5  5  5 0 1 0.691958 0 0 3405.752276 3406.253803 3406.755341 3406.955965 3408.962105 3409.654063 1 C 
 22 263 5  5 1 2 NL 0  4  4  4  5 0 1 0.499373 0 0 3410.918107 3411.419642 3411.921175 3412.121797 3414.127939 3414.627313 1 C 
 22 264 5  6 1 1 NN 0  6  5  6  5 0 1 0.640282 0 0 3415.900042 3416.401576 3416.903113 3417.103732 3419.109878 3419.750160 1 C 
 22 265 5  7 2 3 LH 1  6  6  5  9 1 1 0.450561 0 0 3421.015729 3421.517262 3422.018795 3422.219407 3424.225559 3424.676120 1 C 
 22 266 5  8 2 3 LH 1  5  4  6  7 1 1 0.573509 0 0 3425.947512 3426.449042 3426.950578 3427.151192 3429.157344 3429.730852 1 C 
 22 267 5  9 2 3 LH 1  5  4  4  1 1 1 0.725279 0 0 3430.996321 3431.497851 3431.999388 3432.200009 3434.206152 3434.931431 1 C 
 22 268 5 10 1 2 NL 0  4  4  4  5 1 0 1.065279 0 0 3436.195591 3436.697122 3437.198659 3437.399274 3439.405423 3440.470702 1 E 
 22 269 5 11 1 1 NN 0  5  5  5  5 0 1 0.535937 0 0 3441.745939 3442.247468 3442.749006 3442.949620 3444.955771 3445.491708 1 C 
 22 270 5 12 1 1 NN 0  5  5  5  5 0 1 0.805639 0 0 3446.761308 3447.262842 3447.764380 3447.964993 3449.971144 3450.776782 1 C 
 22 271 5 13 3 3 HH 1  5  5  8  2 1 1 0.513645 0 0 3452.044169 3452.545703 3453.047240 3453.247855 3455.254007 3455.767652 1 C 
 22 272 5 14 2 2 LL 1  4  4  5  5 1 1 1.083358 0 0 3457.042825 3457.544359 3458.045896 3458.246510 3460.252663 3461.336021 1 C 
 22 273 5 15 3 2 HL 1  6  4  9  5 1 1 0.636165 0 0 3462.609894 3463.111428 3463.612961 3463.813574 3465.819726 3466.455891 1 C 
 22 274 5 16 3 3 HH 1  5  6  8  3 1 1 0.528501 0 0 3467.725573 3468.227105 3468.728642 3468.929257 3470.935407 3471.463908 1 C 
 22 275 5 17 3 2 HL 1  4  6  7  5 1 1 0.714214 0 0 3472.724228 3473.225760 3473.727298 3473.927913 3475.934062 3476.648276 1 C 
 22 276 5 18 3 3 HH 1  5  5  2  8 1 1 0.491160 0 0 3477.923501 3478.425032 3478.926568 3479.127185 3481.133332 3481.624491 1 C 
 22 277 5 19 2 2 LL 1  6  6  5  5 1 1 0.821235 0 0 3482.888721 3483.390252 3483.891786 3484.092410 3486.098552 3486.919788 1 C 
 22 278 5 20 2 2 LL 1  6  6  5  5 1 1 0.546936 0 0 3488.188300 3488.689830 3489.191367 3489.391985 3491.398130 3491.945066 1 C 
 22 279 5 21 3 1 HN 0  5  5  8  5 0 1 0.727165 0 0 3493.220391 3493.721922 3494.223458 3494.424078 3496.430223 3497.157388 1 C 
 22 280 5 22 3 2 HL 1  5  6  8  5 1 1 0.650279 0 0 3498.419662 3498.921197 3499.422727 3499.623343 3501.629494 3502.279773 1 C 
 22 281 5 23 2 3 LH 1  5  4  6  7 1 1 0.495573 0 0 3503.552061 3504.053592 3504.555129 3504.755741 3506.761893 3507.257467 1 C 
 22 282 5 24 1 2 NL 0  4  4  4  5 0 1 0.826490 0 0 3508.517281 3509.018813 3509.520349 3509.720974 3511.727115 3512.553605 1 C 
 22 283 5 25 3 3 HH 1  5  4  2  1 1 1 0.389866 0 0 3513.816857 3514.318389 3514.819931 3515.020542 3517.026691 3517.416557 1 C 
 22 284 5 26 1 3 NH 0  6  6  6  9 1 0 0.311413 0 0 3518.681770 3519.183301 3519.684840 3519.885459 3521.891604 3522.203017 1 E 
 22 285 5 27 1 3 NH 0  5  6  5  3 0 1 0.789740 0 0 3523.463091 3523.964625 3524.466162 3524.666783 3526.672927 3527.462667 1 C 
 22 286 5 28 3 3 HH 1  6  5  3  2 1 1 0.549390 0 0 3528.729234 3529.230767 3529.732305 3529.932919 3531.939069 3532.488459 1 C 
 22 287 5 29 3 1 HN 0  4  5  7  5 0 1 0.508033 0 0 3533.761328 3534.262860 3534.764396 3534.965021 3536.971160 3537.479193 1 C 
 22 288 5 30 1 2 NL 0  4  5  4  4 1 0 0.502408 0 0 3538.743272 3539.244796 3539.746334 3539.946953 3541.953102 3542.455511 1 E 
 22 289 5 31 3 2 HL 1  6  4  3  5 1 1 0.992716 0 0 3543.725204 3544.226735 3544.728277 3544.928898 3546.935037 3547.927753 1 C 
 22 290 5 32 1 3 NH 0  4  4  4  1 0 1 0.887051 0 0 3549.191962 3549.693492 3550.195030 3550.395647 3552.401795 3553.288845 1 C 
 22 291 5 33 1 3 NH 0  4  5  4  8 0 1 1.587516 0 0 3554.558411 3555.059943 3555.561480 3555.762099 3557.768248 3559.355764 1 C 
 22 292 5 34 1 3 NH 0  5  5  5  2 1 0 0.493826 0 0 3560.627014 3561.128543 3561.630082 3561.830703 3563.836850 3564.330676 1 E 
 22 293 5 35 3 1 HN 0  5  6  2  6 0 1 0.647322 0 0 3565.592232 3566.093765 3566.595302 3566.795917 3568.802067 3569.449389 1 C 
 22 294 5 36 3 3 HH 1  4  6  1  9 0 0 1.226962 0 0 3570.724630 3571.226168 3571.727702 3571.928318 3573.934466 3575.161428 1 E 
 22 295 5 37 2 3 LH 1  4  5  5  8 1 1 0.806135 0 0 3576.425441 3576.926971 3577.428510 3577.629127 3579.635274 3580.441409 1 C 
 22 296 5 38 2 1 LN 0  4  4  5  4 0 1 1.125095 0 0 3581.708302 3582.209832 3582.711370 3582.911988 3584.918136 3586.043231 1 C 
 22 297 5 39 3 3 HH 1  6  4  9  1 1 1 0.611618 0 0 3587.308802 3587.810332 3588.311871 3588.512483 3590.518635 3591.130253 1 C 
 22 298 5 40 2 3 LH 1  4  5  5  8 1 1 0.441131 0 0 3592.391048 3592.892578 3593.394116 3593.594740 3595.600880 3596.042011 1 C 
 22 299 5 41 3 1 HN 0  4  5  7  5 0 1 0.485695 0 0 3597.306115 3597.807649 3598.309182 3598.509797 3600.515945 3601.001640 1 C 
 22 300 5 42 3 1 HN 0  5  5  8  5 0 1 0.675239 0 0 3602.271334 3602.772864 3603.274405 3603.475017 3605.481166 3606.156405 1 C 
 22 301 5 43 1 2 NL 0  4  6  4  5 1 0 0.340312 0 0 3607.420452 3607.921983 3608.423519 3608.624133 3610.630284 3610.970596 1 E 
 22 302 5 44 2 3 LH 1  6  5  5  2 1 1 0.676668 0 0 3612.235210 3612.736741 3613.238278 3613.438902 3615.445042 3616.121710 1 C 
 22 303 5 45 3 3 HH 1  4  6  1  9 1 1 0.743246 0 0 3617.384328 3617.885857 3618.387395 3618.588009 3620.594159 3621.337406 1 C 
 22 304 5 46 3 1 HN 0  5  5  8  5 1 0 0.540355 0 0 3622.600315 3623.101850 3623.603383 3623.804002 3625.810148 3626.350503 1 E 
 22 305 5 47 3 1 HN 0  4  6  7  6 0 1 0.660114 0 0 3627.615689 3628.117220 3628.618757 3628.819370 3630.825522 3631.485635 1 C 
 22 306 5 48 3 1 HN 0  5  4  8  4 0 1 0.568286 0 0 3632.748089 3633.249620 3633.751156 3633.951771 3635.957920 3636.526206 1 C 
 22 307 5 49 2 1 LN 0  5  4  4  4 0 1 0.544283 0 0 3637.796893 3638.298428 3638.799965 3639.000581 3641.006731 3641.551013 1 C 
 22 308 5 50 2 1 LN 0  4  5  5  5 0 1 0.661885 0 0 3642.812273 3643.313799 3643.815343 3644.015954 3646.022104 3646.683988 1 C 
 22 309 5 51 2 1 LN 0  5  5  4  5 0 1 1.242717 0 0 3647.944669 3648.446201 3648.947739 3649.148354 3651.154504 3652.397221 1 C 
 22 310 5 52 3 3 HH 1  6  5  9  8 1 1 0.597185 0 0 3653.662198 3654.163728 3654.665269 3654.865880 3656.872028 3657.469212 1 C 
 22 311 5 53 3 1 HN 0  5  5  8  5 0 1 0.892978 0 0 3658.744442 3659.245978 3659.747513 3659.948133 3661.954277 3662.847255 1 C 
 22 312 5 54 3 2 HL 1  5  5  2  6 1 1 0.547044 0 0 3664.110892 3664.612428 3665.113960 3665.314580 3667.320725 3667.867769 1 C 
 22 313 5 55 3 2 HL 1  6  6  3  5 1 1 0.573284 0 0 3669.142985 3669.644515 3670.146052 3670.346677 3672.352820 3672.926104 1 C 
 22 314 5 56 3 2 HL 1  5  6  2  5 1 1 0.998690 0 0 3674.191790 3674.693324 3675.194862 3675.395477 3677.401626 3678.400316 1 C 
 22 315 5 57 3 2 HL 1  4  4  1  5 1 1 0.712233 0 0 3679.675269 3680.176800 3680.678336 3680.878956 3682.885101 3683.597334 1 C 
 22 316 5 58 2 3 LH 1  4  5  5  8 1 1 0.887973 0 0 3684.857818 3685.359352 3685.860890 3686.061512 3688.067654 3688.955627 1 C 
 22 317 5 59 3 1 HN 0  4  4  7  4 0 1 1.206251 0 0 3690.224272 3690.725802 3691.227340 3691.427966 3693.434104 3694.640355 1 C 
 22 318 5 60 2 3 LH 1  5  4  4  7 1 1 0.797762 0 0 3695.908358 3696.409891 3696.911431 3697.112051 3699.118195 3699.915957 1 C 
 22 319 6  1 3 1 HN 0  4  5  7  5 1 0 0.229380 0 0 3723.041532 3723.543064 3724.044602 3724.245225 3726.251366 3726.480746 1 E 
 22 320 6  2 2 1 LN 0  4  4  5  4 0 1 0.363067 0 0 3727.755990 3728.257516 3728.759053 3728.959678 3730.965817 3731.328885 1 C 
 22 321 6  3 2 1 LN 0  6  5  5  5 0 1 0.454664 0 0 3732.604177 3733.105713 3733.607248 3733.807862 3735.814016 3736.268680 1 C 
 22 322 6  4 1 2 NL 0  4  4  4  5 0 1 0.485589 0 0 3737.535962 3738.037495 3738.539032 3738.739648 3740.745794 3741.231383 1 C 
 22 323 6  5 2 2 LL 1  4  6  5  5 1 1 0.334649 0 0 3742.501189 3743.002715 3743.504252 3743.704875 3745.711017 3746.045666 1 C 
 22 324 6  6 3 2 HL 1  4  6  7  5 1 1 0.783826 0 0 3747.315943 3747.817473 3748.319011 3748.519632 3750.525777 3751.309604 1 C 
 22 325 6  7 2 3 LH 1  6  6  5  3 1 1 0.578862 0 0 3752.582082 3753.083615 3753.585155 3753.785766 3755.791920 3756.370782 1 C 
 22 326 6  8 3 3 HH 1  5  4  2  1 1 1 0.488175 0 0 3757.630895 3758.132425 3758.633963 3758.834581 3760.840727 3761.328902 1 C 
 22 327 6  9 1 3 NH 0  6  5  6  2 0 1 0.965011 0 0 3762.596118 3763.097646 3763.599184 3763.799809 3765.805949 3766.770961 1 C 
 22 328 6 10 3 2 HL 1  4  5  1  6 1 1 0.422500 0 0 3768.046159 3768.547685 3769.049222 3769.249841 3771.255987 3771.678487 1 C 
 22 329 6 11 3 2 HL 1  4  4  1  5 1 1 0.551959 0 0 3772.944502 3773.446032 3773.947571 3774.148196 3776.154335 3776.706294 1 C 
 22 330 6 12 1 1 NN 0  6  4  6  4 0 1 0.764486 0 0 3777.976594 3778.478125 3778.979663 3779.180288 3781.186433 3781.950919 1 C 
 22 331 6 13 1 1 NN 0  5  6  5  6 0 1 0.508113 0 0 3783.226019 3783.727548 3784.229087 3784.429699 3786.435851 3786.943964 1 C 
 22 332 6 14 2 3 LH 1  5  6  4  3 1 1 0.374319 0 0 3788.207958 3788.709488 3789.211025 3789.411649 3791.417789 3791.792108 1 C 
 22 333 6 15 2 2 LL 1  5  4  4  5 1 1 0.457886 0 0 3793.056148 3793.557682 3794.059219 3794.259834 3796.265984 3796.723870 1 C 
 22 334 6 16 1 2 NL 0  6  4  6  5 1 0 0.787994 0 0 3797.987936 3798.489463 3798.991004 3799.191623 3801.197770 3801.985764 1 E 
 22 335 6 17 2 2 LL 1  6  4  5  5 0 0 0.736469 0 0 3803.254077 3803.755608 3804.257146 3804.457767 3806.463910 3807.200379 1 E 
 22 336 6 18 3 2 HL 1  6  6  9  5 1 1 0.452276 0 0 3808.470067 3808.971597 3809.473135 3809.673750 3811.679900 3812.132175 1 C 
 22 337 6 19 1 2 NL 0  4  4  4  5 0 1 0.638931 0 0 3813.401851 3813.903382 3814.404919 3814.605533 3816.611687 3817.250618 1 C 
 22 338 6 20 2 3 LH 1  6  4  5  7 1 1 0.580502 0 0 3818.517530 3819.019062 3819.520600 3819.721213 3821.727364 3822.307867 1 C 
 22 339 6 21 2 2 LL 1  6  4  5  5 1 1 0.633009 0 0 3823.583060 3824.084590 3824.586128 3824.786742 3826.792893 3827.425901 1 C 
 22 340 6 22 3 1 HN 0  6  6  3  6 0 1 0.797082 0 0 3828.698740 3829.200272 3829.701809 3829.902426 3831.908573 3832.705655 1 C 
 22 341 6 23 1 1 NN 0  4  4  4  4 0 1 0.572659 0 0 3833.964885 3834.466414 3834.967952 3835.168577 3837.174719 3837.747378 1 C 
 22 342 6 24 1 3 NH 0  6  4  6  7 0 1 0.529593 0 0 3839.013691 3839.515224 3840.016761 3840.217378 3842.223526 3842.753119 1 C 
 22 343 6 25 3 2 HL 1  6  5  3  4 1 1 0.877137 0 0 3844.012349 3844.513879 3845.015417 3845.216031 3847.222180 3848.099318 1 C 
 22 344 6 26 2 3 LH 1  5  5  4  8 1 1 0.485760 0 0 3849.362076 3849.863611 3850.365148 3850.565761 3852.571915 3853.057675 1 C 
 22 345 6 27 3 3 HH 1  4  5  1  8 1 1 0.434284 0 0 3854.327300 3854.828830 3855.330369 3855.530992 3857.537134 3857.971418 1 C 
 22 346 6 28 3 2 HL 1  4  5  1  6 1 1 0.433253 0 0 3859.242363 3859.743897 3860.245435 3860.446058 3862.452200 3862.885453 1 C 
 22 347 6 29 2 2 LL 1  4  5  5  4 1 1 0.703165 0 0 3864.157436 3864.658968 3865.160501 3865.361120 3867.367266 3868.070431 1 C 
 22 348 6 30 1 3 NH 0  6  4  6  1 0 1 0.652813 0 0 3869.339985 3869.841517 3870.343054 3870.543676 3872.549817 3873.202630 1 C 
 22 349 6 31 3 3 HH 1  6  5  3  8 1 1 0.368602 0 0 3874.472382 3874.973916 3875.475453 3875.676073 3877.682218 3878.050821 1 C 
 22 350 6 32 2 2 LL 1  5  6  6  5 0 0 0.608219 0 0 3879.320581 3879.822111 3880.323648 3880.524272 3882.530412 3883.138631 1 E 
 22 351 6 33 1 3 NH 0  5  5  5  2 1 0 0.457759 0 0 3884.402822 3884.904360 3885.405893 3885.606515 3887.612657 3888.070416 1 E 
 22 352 6 34 1 3 NH 0  4  6  4  3 0 1 0.468986 0 0 3889.334609 3889.836139 3890.337677 3890.538292 3892.544442 3893.013428 1 C 
 22 353 6 35 3 3 HH 1  4  5  1  2 1 1 0.511150 0 0 3894.283111 3894.784641 3895.286180 3895.486795 3897.492944 3898.004095 1 C 
 22 354 6 36 1 3 NH 0  6  6  6  3 0 1 0.825645 0 0 3899.265049 3899.766583 3900.268118 3900.468731 3902.474881 3903.300526 1 C 
 22 355 6 37 3 3 HH 1  5  4  2  1 1 1 0.389283 0 0 3904.564624 3905.066159 3905.567695 3905.768310 3907.774460 3908.163743 1 C 
 22 356 6 38 3 3 HH 1  4  4  1  7 1 1 0.484154 0 0 3909.429536 3909.931071 3910.432610 3910.633223 3912.639375 3913.123529 1 C 
 22 357 6 39 2 2 LL 1  6  6  5  5 1 1 0.959481 0 0 3914.394764 3914.896291 3915.397829 3915.598448 3917.604594 3918.564075 1 C 
 22 358 6 40 2 2 LL 1  5  4  4  5 1 1 0.709846 0 0 3919.828080 3920.329613 3920.831150 3921.031768 3923.037916 3923.747763 1 C 
 22 359 6 41 2 2 LL 1  6  6  5  5 1 1 0.665887 0 0 3925.010636 3925.512166 3926.013703 3926.214326 3928.220471 3928.886358 1 C 
 22 360 6 42 1 1 NN 0  5  6  5  6 1 0 0.666049 0 0 3930.159752 3930.661288 3931.162819 3931.363436 3933.369585 3934.035634 1 E 
 22 361 6 43 2 1 LN 0  5  4  4  4 0 1 0.541511 0 0 3935.308869 3935.810400 3936.311937 3936.512556 3938.518701 3939.060212 1 C 
 22 362 6 44 2 1 LN 0  5  5  6  5 1 0 0.554693 0 0 3940.324238 3940.825773 3941.327310 3941.527926 3943.534074 3944.088767 1 E 
 22 363 6 45 1 3 NH 0  6  4  6  7 1 0 0.589624 0 0 3945.356334 3945.857865 3946.359403 3946.560017 3948.566167 3949.155790 1 E 
 22 364 6 46 2 1 LN 0  5  4  4  4 0 1 0.441196 0 0 3950.421862 3950.923392 3951.424929 3951.625547 3953.631695 3954.072890 1 C 
 22 365 6 47 3 2 HL 1  4  5  7  6 1 1 0.499482 0 0 3955.336924 3955.838460 3956.339997 3956.540610 3958.546761 3959.046243 1 C 
 22 366 6 48 1 2 NL 0  6  5  6  6 0 1 0.795982 0 0 3960.318861 3960.820397 3961.321934 3961.522549 3963.528699 3964.324681 1 C 
 22 367 6 49 1 3 NH 0  4  6  4  3 1 0 0.765625 0 0 3965.585009 3966.086537 3966.588077 3966.788696 3968.794844 3969.560469 1 E 
 22 368 6 50 3 2 HL 1  4  5  7  6 1 1 0.636099 0 0 3970.834437 3971.335964 3971.837500 3972.038123 3974.044269 3974.680367 1 C 
 22 369 6 51 1 2 NL 0  6  5  6  6 0 1 0.573115 0 0 3975.950114 3976.451643 3976.953181 3977.153804 3979.159948 3979.733062 1 C 
 22 370 6 52 2 1 LN 0  4  4  5  4 0 1 0.647257 0 0 3980.998924 3981.500454 3982.001992 3982.202606 3984.208756 3984.856013 1 C 
 22 371 6 53 1 3 NH 0  6  5  6  8 0 1 0.472559 0 0 3986.131324 3986.632854 3987.134391 3987.335010 3989.341159 3989.813719 1 C 
 22 372 6 54 2 2 LL 1  6  6  5  5 1 1 1.176790 0 0 3991.079823 3991.581356 3992.082893 3992.283508 3994.289658 3995.466448 1 C 
 22 373 6 55 1 3 NH 0  4  4  4  7 0 1 3.478191 0 0 3996.730475 3997.232011 3997.733547 3997.934163 3999.940312 4003.418503 1 C 
 22 374 6 56 2 3 LH 1  4  6  5  9 1 1 0.640186 0 0 4004.688202 4005.189736 4005.691274 4005.891893 4007.898043 4008.538228 1 C 
 22 375 6 57 3 2 HL 1  5  6  2  5 1 1 0.528533 0 0 4009.803890 4010.305417 4010.806955 4011.007579 4013.013722 4013.542254 1 C 
 22 376 6 58 2 1 LN 0  4  5  5  5 1 0 2.283474 0 0 4014.802544 4015.304074 4015.805611 4016.006225 4018.012375 4020.295850 1 E 
 22 377 6 59 1 2 NL 0  4  4  4  5 0 1 1.210246 0 0 4021.556580 4022.058109 4022.559647 4022.760261 4024.766415 4025.976661 1 C 
 22 378 6 60 3 3 HH 1  6  4  9  1 1 1 0.533666 0 0 4027.240670 4027.742201 4028.243736 4028.444356 4030.450500 4030.984166 1 C 
