 28   1 0 43 2 2 LL 1  5  5  4  6 1 1 5.055112 0 0 9202.403892 9202.904868 9203.405838 9203.606228 9205.610124 9210.665236 1 C 
 28   2 0 44 2 2 LL 1  4  4  5  5 1 1 0.915473 0 0 9211.939101 9212.440067 9212.941041 9213.141430 9215.145326 9216.060799 1 C 
 28   3 0 45 3 2 HL 1  4  4  1  5 0 0 0.852418 0 0 9217.332919 9217.833886 9218.334861 9218.535248 9220.539147 9221.391565 1 E 
 28   4 0 46 3 1 HN 0  6  4  9  4 1 0 1.199538 0 0 9222.659941 9223.160907 9223.661882 9223.862270 9225.866166 9227.065704 1 E 
 28   5 0 47 1 1 NN 0  4  5  4  5 0 1 0.735644 0 0 9228.337644 9228.838611 9229.339585 9229.539975 9231.543870 9232.279514 1 C 
 28   6 0 48 3 3 HH 1  6  5  3  2 1 1 1.275681 0 0 9233.547773 9234.048744 9234.549711 9234.750103 9236.753998 9238.029679 1 C 
 28   7 0 49 2 3 LH 1  4  6  5  3 0 0 2.149535 0 0 9239.292269 9239.793239 9240.294215 9240.494601 9242.498498 9244.648033 1 E 
 28   8 0 50 1 1 NN 0  6  4  6  4 1 0 4.133990 0 0 9245.921829 9246.422793 9246.923767 9247.124157 9249.128052 9253.262042 1 E 
 28   9 0 51 1 2 NL 0  5  6  5  5 0 1 0.897175 0 0 9254.521875 9255.022845 9255.523821 9255.724207 9257.728102 9258.625277 1 C 
 28  10 0 52 3 2 HL 1  4  4  7  5 1 1 0.709576 0 0 9259.898992 9260.399963 9260.900937 9261.101327 9263.105222 9263.814798 1 C 
 28  11 0 53 2 1 LN 0  5  4  4  4 1 0 0.761488 0 0 9265.075722 9265.576693 9266.077670 9266.278056 9268.281952 9269.043440 1 E 
 28  12 0 54 3 3 HH 1  6  5  9  2 0 0 0.228562 0 0 9270.302550 9270.803520 9271.304497 9271.504884 9273.508779 9273.737340 1 E 
 28  13 0 55 2 3 LH 1  6  6  5  3 0 0 0.522159 0 0 9275.011708 9275.512676 9276.013652 9276.214038 9278.217933 9278.740093 1 E 
 28  14 0 56 1 1 NN 0  6  6  6  6 1 0 0.613204 0 0 9280.004747 9280.505714 9281.006688 9281.207077 9283.210972 9283.824176 1 E 
 28  15 0 57 1 2 NL 0  4  5  4  4 0 1 0.673738 0 0 9285.097982 9285.598948 9286.099922 9286.300311 9288.304207 9288.977945 1 C 
 28  16 0 58 3 3 HH 1  6  6  9  3 1 1 2.962277 0 0 9290.241310 9290.742279 9291.243253 9291.443644 9293.447539 9296.409816 1 C 
 28  17 0 59 2 1 LN 0  5  5  6  5 0 1 1.347992 0 0 9297.672425 9298.173392 9298.674368 9298.874760 9300.878657 9302.226649 1 C 
 28  18 0 60 1 2 NL 0  5  5  5  4 0 1 0.446251 0 0 9303.500418 9304.001388 9304.502365 9304.702751 9306.706646 9307.152897 1 C 
 28  19 1  1 2 1 LN 0  4  6  5  6 0 1 0.830361 0 0 9310.664344 9311.165314 9311.666287 9311.866677 9313.870572 9314.700933 1 C 
 28  20 1  2 3 3 HH 1  6  5  9  2 1 1 0.607702 0 0 9315.974668 9316.475638 9316.976610 9317.177000 9319.180895 9319.788597 1 C 
 28  21 1  3 1 2 NL 0  4  6  4  5 0 1 0.882762 0 0 9321.051200 9321.552171 9322.053146 9322.253535 9324.257430 9325.140192 1 C 
 28  22 1  4 1 3 NH 0  6  5  6  8 0 1 0.913823 0 0 9326.411621 9326.912591 9327.413565 9327.613955 9329.617850 9330.531674 1 C 
 28  23 1  5 3 2 HL 1  4  5  7  6 1 1 1.124838 0 0 9331.805439 9332.306410 9332.807387 9333.007774 9335.011669 9336.136507 1 C 
 28  24 1  6 3 3 HH 1  5  6  8  3 1 1 0.710267 0 0 9337.399648 9337.900618 9338.401592 9338.601981 9340.605877 9341.316143 1 C 
 28  25 1  7 2 2 LL 1  5  5  4  4 1 1 0.740731 0 0 9342.576377 9343.077347 9343.578321 9343.778711 9345.782606 9346.523337 1 C 
 28  26 1  8 2 3 LH 1  6  4  5  1 1 1 1.156165 0 0 9347.786506 9348.287476 9348.788453 9348.988839 9350.992732 9352.148897 1 C 
 28  27 1  9 1 2 NL 0  5  5  5  4 0 1 1.110050 0 0 9353.414111 9353.915082 9354.416062 9354.616445 9356.620341 9357.730391 1 C 
 28  28 1 10 1 1 NN 0  5  5  5  5 0 1 1.213764 0 0 9358.991621 9359.492591 9359.993566 9360.193954 9362.197850 9363.411614 1 C 
 28  29 1 11 1 2 NL 0  6  4  6  5 0 1 0.713373 0 0 9364.686022 9365.186994 9365.687971 9365.888357 9367.892252 9368.605625 1 C 
 28  30 1 12 2 3 LH 1  6  4  5  7 0 0 0.272724 0 0 9369.879452 9370.380428 9370.881400 9371.081786 9373.085681 9373.358405 1 E 
 28  31 1 13 2 1 LN 0  4  5  5  5 0 1 0.904146 0 0 9374.622009 9375.122978 9375.623949 9375.824338 9377.828231 9378.732377 1 C 
 28  32 1 14 3 3 HH 1  6  6  9  9 1 1 0.668895 0 0 9379.999123 9380.500094 9381.001068 9381.201458 9383.205351 9383.874246 1 C 
 28  33 1 15 1 1 NN 0  6  6  6  6 0 1 0.784771 0 0 9385.142458 9385.643426 9386.144402 9386.344788 9388.348685 9389.133456 1 C 
 28  34 1 16 3 2 HL 1  4  5  7  6 1 1 0.901090 0 0 9390.402678 9390.903651 9391.404625 9391.605015 9393.608910 9394.510000 1 C 
 28  35 1 17 1 1 NN 0  6  6  6  6 0 1 1.009424 0 0 9395.779800 9396.280770 9396.781748 9396.982134 9398.986029 9399.995453 1 C 
 28  36 1 18 3 3 HH 1  4  4  7  1 1 1 0.663342 0 0 9401.257119 9401.758087 9402.259059 9402.459452 9404.463345 9405.126687 1 C 
 28  37 1 19 1 3 NH 0  6  6  6  3 0 1 0.813614 0 0 9406.400446 9406.901416 9407.402390 9407.602780 9409.606675 9410.420289 1 C 
 28  38 1 20 1 3 NH 0  5  5  5  2 0 1 1.209643 0 0 9411.694069 9412.195040 9412.696014 9412.896403 9414.900296 9416.109939 1 C 
 28  39 1 21 2 3 LH 1  5  5  6  2 1 1 0.685651 0 0 9417.371774 9417.872743 9418.373717 9418.574108 9420.578003 9421.263654 1 C 
 28  40 1 22 3 3 HH 1  6  5  9  8 1 1 0.629837 0 0 9422.531813 9423.032775 9423.533748 9423.734137 9425.738032 9426.367869 1 C 
 28  41 1 23 1 1 NN 0  4  5  4  5 0 1 0.847084 0 0 9427.641737 9428.142707 9428.643685 9428.844074 9430.847967 9431.695051 1 C 
 28  42 1 24 2 3 LH 1  6  5  5  8 0 0 0.909765 0 0 9432.968761 9433.469733 9433.970705 9434.171093 9436.174989 9437.084754 1 E 
 28  43 1 25 1 2 NL 0  5  5  5  6 0 1 0.424021 0 0 9438.345883 9438.846849 9439.347827 9439.548212 9441.552107 9441.976128 1 C 
 28  44 1 26 3 2 HL 1  5  6  2  5 1 1 0.300416 0 0 9443.238723 9443.739693 9444.240667 9444.441056 9446.444952 9446.745368 1 C 
 28  45 1 27 2 3 LH 1  5  4  4  1 1 1 0.740005 0 0 9448.014678 9448.515644 9449.016620 9449.217009 9451.220903 9451.960908 1 C 
 28  46 1 28 3 1 HN 0  5  4  8  4 0 1 1.557429 0 0 9453.224806 9453.725772 9454.226748 9454.427136 9456.431031 9457.988460 1 C 
 28  47 1 29 1 1 NN 0  4  4  4  4 0 1 1.636625 0 0 9459.253192 9459.754158 9460.255131 9460.455521 9462.459417 9464.096041 1 C 
 28  48 1 30 2 3 LH 1  6  6  5  9 1 1 1.021189 0 0 9465.365077 9465.866039 9466.367012 9466.567402 9468.571298 9469.592487 1 C 
 28  49 1 31 3 3 HH 1  6  4  9  7 1 1 1.040374 0 0 9470.859095 9471.360052 9471.861025 9472.061415 9474.065310 9475.105684 1 C 
 28  50 1 32 1 3 NH 0  6  6  6  9 1 0 1.201833 0 0 9476.369793 9476.870764 9477.371741 9477.572127 9479.576023 9480.777856 1 E 
 28  51 1 33 2 1 LN 0  6  6  5  6 0 1 0.976156 0 0 9482.047507 9482.548468 9483.049445 9483.249831 9485.253726 9486.229883 1 C 
 28  52 1 34 1 2 NL 0  5  4  5  5 0 1 1.281265 0 0 9487.491417 9487.992383 9488.493357 9488.693747 9490.697642 9491.978907 1 C 
 28  53 1 35 1 3 NH 0  5  4  5  7 0 1 1.387638 0 0 9493.252627 9493.753583 9494.254559 9494.454946 9496.458842 9497.846480 1 C 
 28  54 1 36 3 3 HH 1  4  5  1  2 1 1 1.089314 0 0 9499.114006 9499.614977 9500.115950 9500.316340 9502.320235 9503.409549 1 C 
 28  55 1 37 2 2 LL 1  5  6  6  5 0 0 1.365685 0 0 9504.674818 9505.175786 9505.676764 9505.877150 9507.881045 9509.246730 1 E 
 28  56 1 38 1 1 NN 0  5  5  5  5 0 1 1.146194 0 0 9510.519516 9511.020482 9511.521456 9511.721845 9513.725741 9514.871934 1 C 
 28  57 1 39 3 2 HL 1  5  6  2  5 0 0 1.776633 0 0 9516.147117 9516.648091 9517.149065 9517.349451 9519.353346 9521.129979 1 E 
 28  58 1 40 1 1 NN 0  6  5  6  5 0 1 1.227936 0 0 9522.392595 9522.893561 9523.394536 9523.594927 9525.598820 9526.826756 1 C 
 28  59 1 41 3 1 HN 0  6  4  3  4 0 1 1.993812 0 0 9528.086998 9528.587965 9529.088941 9529.289329 9531.293221 9533.287032 1 C 
 28  60 1 42 1 2 NL 0  4  5  4  6 0 1 2.411235 0 0 9534.549561 9535.050527 9535.551501 9535.751891 9537.755785 9540.167020 1 C 
 28  61 1 43 1 2 NL 0  4  6  4  5 0 1 1.624135 0 0 9541.429597 9541.930568 9542.431542 9542.631931 9544.635827 9546.259961 1 C 
 28  62 1 44 1 1 NN 0  6  6  6  6 0 1 1.109478 0 0 9547.524784 9548.025750 9548.526724 9548.727113 9550.731008 9551.840486 1 C 
 28  63 1 45 2 2 LL 1  4  6  5  5 1 1 1.420388 0 0 9553.102288 9553.603259 9554.104236 9554.304622 9556.308517 9557.728905 1 C 
 28  64 1 46 1 1 NN 0  4  4  4  4 0 1 1.142091 0 0 9558.997082 9559.498051 9559.999025 9560.199414 9562.203310 9563.345400 1 C 
 28  65 1 47 2 3 LH 1  5  5  6  2 1 1 1.149912 0 0 9564.607988 9565.108959 9565.609932 9565.810326 9567.814217 9568.964129 1 C 
 28  66 1 48 2 1 LN 0  5  4  4  4 0 1 1.358593 0 0 9570.235598 9570.736565 9571.237540 9571.437928 9573.441833 9574.800427 1 C 
 28  67 1 49 2 1 LN 0  5  4  6  4 1 0 0.874860 0 0 9576.063594 9576.564560 9577.065534 9577.265924 9579.269820 9580.144680 1 E 
 28  68 1 50 3 2 HL 1  4  6  7  5 1 1 1.044682 0 0 9581.407315 9581.908281 9582.409255 9582.609644 9584.613540 9585.658222 1 C 
 28  69 1 51 2 2 LL 1  4  4  5  5 1 1 1.028806 0 0 9586.918023 9587.418993 9587.919967 9588.120357 9590.124252 9591.153058 1 C 
 28  70 1 52 2 1 LN 0  5  4  4  4 0 1 1.299227 0 0 9592.412041 9592.913007 9593.413983 9593.614370 9595.618266 9596.917493 1 C 
 28  71 1 53 2 1 LN 0  4  5  5  5 0 1 1.359189 0 0 9598.189939 9598.690905 9599.191881 9599.392269 9601.396164 9602.755354 1 C 
 28  72 1 54 2 3 LH 1  4  4  5  7 1 1 1.086357 0 0 9604.017931 9604.518901 9605.019876 9605.220264 9607.224157 9608.310513 1 C 
 28  73 1 55 3 3 HH 1  4  4  1  1 1 1 1.043775 0 0 9609.578752 9610.079710 9610.580685 9610.781074 9612.784980 9613.828754 1 C 
 28  74 1 56 1 2 NL 0  6  4  6  5 0 1 1.169870 0 0 9615.089457 9615.590423 9616.091397 9616.291787 9618.295682 9619.465553 1 C 
 28  75 1 57 3 2 HL 1  5  6  8  5 0 0 1.966001 0 0 9620.733758 9621.234728 9621.735702 9621.936092 9623.939987 9625.905988 1 E 
 28  76 1 58 1 2 NL 0  5  6  5  5 0 1 1.192181 0 0 9627.179626 9627.680592 9628.181569 9628.381955 9630.385851 9631.578032 1 C 
 28  77 1 59 1 2 NL 0  4  4  4  5 0 1 1.503756 0 0 9632.840626 9633.341596 9633.842574 9634.042960 9636.046855 9637.550612 1 C 
 28  78 1 60 2 1 LN 0  6  5  5  5 0 1 1.298359 0 0 9638.818916 9639.319884 9639.820862 9640.021249 9642.025143 9643.323502 1 C 
 28  79 2  1 1 1 NN 0  6  6  6  6 0 1 0.863478 0 0 9646.717606 9647.218573 9647.719546 9647.919936 9649.923831 9650.787309 1 C 
 28  80 2  2 3 1 HN 0  5  4  8  4 0 1 0.599238 0 0 9652.061322 9652.562293 9653.063270 9653.263656 9655.267552 9655.866790 1 C 
 28  81 2  3 3 2 HL 1  6  5  3  4 1 1 0.749262 0 0 9657.137858 9657.638828 9658.139802 9658.340191 9660.344087 9661.093349 1 C 
 28  82 2  4 1 1 NN 0  5  4  5  4 0 1 0.540875 0 0 9662.364689 9662.865655 9663.366629 9663.567019 9665.570914 9666.111789 1 C 
 28  83 2  5 2 2 LL 1  5  5  4  6 1 1 0.455141 0 0 9667.374423 9667.875394 9668.376368 9668.576757 9670.580652 9671.035794 1 C 
 28  84 2  6 3 3 HH 1  4  6  7  9 1 1 0.656798 0 0 9672.300666 9672.801636 9673.302611 9673.503000 9675.506895 9676.163694 1 C 
 28  85 2  7 2 3 LH 1  5  6  4  3 1 1 0.515772 0 0 9677.427299 9677.928269 9678.429246 9678.629632 9680.633528 9681.149300 1 C 
 28  86 2  8 2 2 LL 1  6  5  5  4 1 1 0.532781 0 0 9682.420342 9682.921309 9683.422283 9683.622672 9685.626568 9686.159349 1 C 
 28  87 2  9 3 2 HL 1  4  4  1  5 1 1 0.579826 0 0 9687.430076 9687.931047 9688.432021 9688.632410 9690.636306 9691.216131 1 C 
 28  88 2 10 3 1 HN 0  6  6  9  6 1 0 0.724540 0 0 9692.489917 9692.990883 9693.491857 9693.692246 9695.696142 9696.420682 1 E 
 28  89 2 11 3 1 HN 0  6  6  9  6 0 1 1.610662 0 0 9697.683345 9698.184312 9698.685286 9698.885692 9700.889570 9702.500232 1 C 
 28  90 2 12 3 2 HL 1  6  4  3  5 1 1 0.540788 0 0 9703.761824 9704.262794 9704.763768 9704.964158 9706.968053 9707.508841 1 C 
 28  91 2 13 2 3 LH 1  6  6  5  9 1 1 0.551514 0 0 9708.771576 9709.272535 9709.773507 9709.973897 9711.977792 9712.529306 1 C 
 28  92 2 14 3 2 HL 1  6  4  9  5 1 1 0.579765 0 0 9713.798005 9714.298971 9714.799947 9715.000334 9717.004230 9717.583995 1 C 
 28  93 2 15 1 1 NN 0  4  5  4  5 0 1 0.767785 0 0 9718.857837 9719.358806 9719.859781 9720.060169 9722.064075 9722.831860 1 C 
 28  94 2 16 3 1 HN 0  6  5  9  5 0 1 0.926252 0 0 9724.101362 9724.602333 9725.103310 9725.303696 9727.307592 9728.233843 1 C 
 28  95 2 17 2 1 LN 0  4  5  5  5 0 1 0.730176 0 0 9729.495181 9729.996151 9730.497128 9730.697515 9732.701410 9733.431586 1 C 
 28  96 2 18 1 2 NL 0  5  4  5  5 0 1 0.718950 0 0 9734.705308 9735.206279 9735.707253 9735.907643 9737.911537 9738.630487 1 C 
 28  97 2 19 3 2 HL 1  5  6  8  5 0 0 1.006229 0 0 9739.898742 9740.399708 9740.900682 9741.101071 9743.104967 9744.111195 1 E 
 28  98 2 20 2 2 LL 1  5  4  6  5 1 1 0.687488 0 0 9745.376056 9745.877025 9746.377996 9746.578385 9748.582281 9749.269769 1 C 
 28  99 2 21 2 3 LH 1  4  4  5  1 1 1 0.524212 0 0 9750.536084 9751.037053 9751.538030 9751.738416 9753.742312 9754.266523 1 C 
 28 100 2 22 1 3 NH 0  4  4  4  1 0 1 0.780258 0 0 9755.529122 9756.030093 9756.531067 9756.731455 9758.735351 9759.515609 1 C 
 28 101 2 23 3 3 HH 1  4  4  1  7 1 1 0.679294 0 0 9760.789352 9761.290318 9761.791289 9761.991681 9763.995577 9764.674871 1 C 
 28 102 2 24 2 2 LL 1  6  5  5  6 1 1 1.290888 0 0 9765.949382 9766.450349 9766.951322 9767.151712 9769.155608 9770.446495 1 C 
 28 103 2 25 2 2 LL 1  6  4  5  5 1 1 0.906706 0 0 9771.710582 9772.211548 9772.712524 9772.912912 9774.916807 9775.823513 1 C 
 28 104 2 26 2 3 LH 1  5  5  6  2 1 1 0.602203 0 0 9777.087705 9777.588667 9778.089644 9778.290030 9780.293926 9780.896129 1 C 
 28 105 2 27 1 1 NN 0  5  4  5  4 0 1 0.671950 0 0 9782.164232 9782.665202 9783.166179 9783.366565 9785.370461 9786.042411 1 C 
 28 106 2 28 3 3 HH 1  5  4  2  7 1 1 0.522391 0 0 9787.307562 9787.808537 9788.309507 9788.509894 9790.513792 9791.036183 1 C 
 28 107 2 29 3 2 HL 1  5  4  2  5 1 1 0.857139 0 0 9792.300602 9792.801573 9793.302550 9793.502936 9795.506832 9796.363971 1 C 
 28 108 2 30 3 1 HN 0  4  5  7  5 0 1 1.048054 0 0 9797.627624 9798.128595 9798.629569 9798.829959 9800.833854 9801.881908 1 C 
 28 109 2 31 3 3 HH 1  4  4  7  1 1 1 0.555510 0 0 9803.155036 9803.656006 9804.156983 9804.357369 9806.361269 9806.916778 1 C 
 28 110 2 32 2 2 LL 1  5  5  6  6 1 1 0.759617 0 0 9808.181478 9808.682444 9809.183418 9809.383808 9811.387703 9812.147320 1 C 
 28 111 2 33 2 1 LN 0  6  4  5  4 0 1 0.690667 0 0 9813.408305 9813.909272 9814.410247 9814.610637 9816.614530 9817.305198 1 C 
 28 112 2 34 2 1 LN 0  5  5  6  5 0 1 0.702177 0 0 9818.568331 9819.069303 9819.570275 9819.770665 9821.774571 9822.476747 1 C 
 28 113 2 35 3 2 HL 1  6  4  9  5 1 1 0.756682 0 0 9823.745066 9824.246032 9824.747006 9824.947395 9826.951291 9827.707972 1 C 
 28 114 2 36 1 3 NH 0  6  5  6  2 1 0 0.687455 0 0 9828.971892 9829.472859 9829.973834 9830.174220 9832.178116 9832.865571 1 E 
 28 115 2 37 2 1 LN 0  4  6  5  6 0 1 1.592978 0 0 9834.131923 9834.632889 9835.133865 9835.334252 9837.338148 9838.931126 1 C 
 28 116 2 38 1 3 NH 0  5  4  5  7 0 1 0.717210 0 0 9840.193709 9840.694674 9841.195647 9841.396036 9843.399931 9844.117141 1 C 
 28 117 2 39 2 3 LH 1  5  4  4  1 1 1 0.616497 0 0 9845.387140 9845.888102 9846.389079 9846.589466 9848.593361 9849.209858 1 C 
 28 118 2 40 2 2 LL 1  5  5  6  6 1 1 1.755495 0 0 9850.480370 9850.981336 9851.482312 9851.682700 9853.686595 9855.442090 1 C 
 28 119 2 41 3 1 HN 0  6  6  3  6 0 1 3.057431 0 0 9856.709142 9857.210111 9857.711085 9857.911474 9859.915369 9862.972801 1 C 
 28 120 2 42 2 3 LH 1  6  5  5  2 0 0 2.685534 0 0 9864.240457 9864.741418 9865.242392 9865.442781 9867.446677 9870.132211 1 E 
 28 121 2 43 1 3 NH 0  5  5  5  8 0 1 0.763642 0 0 9871.404383 9871.905344 9872.406318 9872.606707 9874.610603 9875.374244 1 C 
 28 122 2 44 2 3 LH 1  6  5  5  2 1 1 1.143678 0 0 9876.647903 9877.148870 9877.649846 9877.850234 9879.854129 9880.997808 1 C 
 28 123 2 45 3 3 HH 1  6  5  9  2 1 1 0.633457 0 0 9882.258811 9882.759778 9883.260753 9883.461140 9885.465036 9886.098493 1 C 
 28 124 2 46 3 2 HL 1  4  4  1  5 0 0 1.917687 0 0 9887.368744 9887.869713 9888.370684 9888.571074 9890.574968 9892.492655 1 E 
 28 125 2 47 3 1 HN 0  6  5  9  5 0 1 0.250715 0 0 9893.764510 9894.265477 9894.766451 9894.966840 9896.970745 9897.221461 1 C 
 28 126 2 48 3 2 HL 1  5  5  2  6 1 1 0.589399 0 0 9898.490364 9898.991330 9899.492307 9899.692694 9901.696599 9902.285999 1 C 
 28 127 2 49 2 3 LH 1  6  4  5  7 1 1 0.679939 0 0 9903.550194 9904.051170 9904.552143 9904.752529 9906.756424 9907.436364 1 C 
 28 128 2 50 2 2 LL 1  5  6  4  5 1 1 0.601903 0 0 9908.710230 9909.211196 9909.712170 9909.912559 9911.916455 9912.518359 1 C 
 28 129 2 51 2 2 LL 1  6  5  5  6 1 1 0.805891 0 0 9913.786766 9914.287732 9914.788706 9914.989097 9916.992991 9917.798881 1 C 
 28 130 2 52 3 3 HH 1  5  5  2  8 1 1 0.834543 0 0 9919.063691 9919.564656 9920.065634 9920.266019 9922.269915 9923.104458 1 C 
 28 131 2 53 1 2 NL 0  4  5  4  4 0 1 0.665863 0 0 9924.374012 9924.874978 9925.375953 9925.576344 9927.580237 9928.246100 1 C 
 28 132 2 54 1 2 NL 0  5  5  5  4 0 1 1.168526 0 0 9929.517340 9930.018310 9930.519283 9930.719673 9932.723568 9933.892094 1 C 
 28 133 2 55 2 2 LL 1  4  4  5  5 1 1 1.118041 0 0 9935.161645 9935.662619 9936.163593 9936.363979 9938.367873 9939.485914 1 C 
 28 134 2 56 3 2 HL 1  4  5  1  4 1 1 1.231238 0 0 9940.755858 9941.256824 9941.757802 9941.958187 9943.962083 9945.193320 1 C 
 28 135 2 57 1 3 NH 0  6  4  6  1 0 1 0.796918 0 0 9946.466957 9946.967925 9947.468903 9947.669289 9949.673184 9950.470102 1 C 
 28 136 2 58 1 2 NL 0  4  6  4  5 0 1 1.166729 0 0 9951.743883 9952.244851 9952.745825 9952.946214 9954.950109 9956.116838 1 C 
 28 137 2 59 3 3 HH 1  6  4  3  1 1 1 0.618569 0 0 9957.388192 9957.889156 9958.390132 9958.590519 9960.594415 9961.212983 1 C 
 28 138 2 60 2 1 LN 0  6  4  5  4 0 1 0.974984 0 0 9962.481422 9962.982390 9963.483367 9963.683753 9965.687648 9966.662632 1 C 
 28 139 3  1 3 1 HN 0  4  6  7  6 0 1 0.557518 0 0 9969.611952 9970.112918 9970.613891 9970.814280 9972.818176 9973.375694 1 C 
 28 140 3  2 3 2 HL 1  4  4  1  5 1 1 0.571790 0 0 9974.638387 9975.139355 9975.640329 9975.840719 9977.844613 9978.416403 1 C 
 28 141 3  3 1 2 NL 0  6  5  6  4 0 1 0.928986 0 0 9979.681524 9980.182492 9980.683466 9980.883856 9982.887751 9983.816737 1 C 
 28 142 3  4 2 1 LN 0  5  4  6  4 0 1 1.381452 0 0 9985.092043 9985.593010 9986.093986 9986.294373 9988.298269 9989.679720 1 C 
 28 143 3  5 2 2 LL 1  4  6  5  5 1 1 0.926778 0 0 9990.953435 9991.454403 9991.955377 9992.155767 9994.159662 9995.086441 1 C 
 28 144 3  6 3 3 HH 1  5  4  2  1 1 1 0.600580 0 0 9996.347255 9996.848222 9997.349199 9997.549585 9999.553481 10000.154060 1 C 
 28 145 3  7 2 2 LL 1  5  6  6  5 1 1 1.020011 0 0 10001.423787 10001.924758 10002.425731 10002.626121 10004.630016 10005.650027 1 C 
 28 146 3  8 3 3 HH 1  4  6  1  3 1 1 0.518584 0 0 10006.917800 10007.418773 10007.919748 10008.120133 10010.124029 10010.642613 1 C 
 28 147 3  9 3 1 HN 0  4  6  1  6 1 0 1.036741 0 0 10011.910848 10012.411810 10012.912783 10013.113173 10015.117067 10016.153808 1 E 
 28 148 3 10 3 2 HL 1  4  5  7  6 1 1 0.804705 0 0 10017.421556 10017.922522 10018.423499 10018.623892 10020.627781 10021.432486 1 C 
 28 149 3 11 2 2 LL 1  4  4  5  5 1 1 0.657736 0 0 10022.698476 10023.199446 10023.700424 10023.900810 10025.904706 10026.562442 1 C 
 28 150 3 12 1 1 NN 0  4  5  4  5 0 1 0.640876 0 0 10027.825112 10028.326079 10028.827053 10029.027442 10031.031338 10031.672213 1 C 
 28 151 3 13 3 1 HN 0  6  6  3  6 0 1 0.766433 0 0 10032.935041 10033.436012 10033.936986 10034.137376 10036.141271 10036.907704 1 C 
 28 152 3 14 1 3 NH 0  6  6  6  9 0 1 0.667069 0 0 10038.178570 10038.679541 10039.180513 10039.380902 10041.384802 10042.051872 1 C 
 28 153 3 15 1 3 NH 0  5  6  5  3 0 1 0.754208 0 0 10043.321902 10043.822870 10044.323844 10044.524234 10046.528129 10047.282337 1 C 
 28 154 3 16 3 3 HH 1  5  4  8  1 1 1 0.529723 0 0 10048.548728 10049.049698 10049.550673 10049.751063 10051.754956 10052.284680 1 C 
 28 155 3 17 3 2 HL 1  6  5  3  4 1 1 0.524058 0 0 10053.558465 10054.059435 10054.560413 10054.760799 10056.764694 10057.288753 1 C 
 28 156 3 18 1 1 NN 0  6  6  6  6 0 1 0.557612 0 0 10058.551509 10059.052475 10059.553451 10059.753839 10061.757734 10062.315346 1 C 
 28 157 3 19 3 1 HN 0  4  6  1  6 0 1 0.739642 0 0 10063.577942 10064.078912 10064.579890 10064.780276 10066.784171 10067.523813 1 C 
 28 158 3 20 2 3 LH 1  4  5  5  8 1 1 0.799607 0 0 10068.788070 10069.289041 10069.790014 10069.990404 10071.994303 10072.793910 1 C 
 28 159 3 21 3 2 HL 1  4  6  7  5 1 1 0.777533 0 0 10074.064996 10074.565967 10075.066940 10075.267328 10077.271224 10078.048757 1 C 
 28 160 3 22 3 3 HH 1  5  6  2  9 1 1 0.490667 0 0 10079.308525 10079.809492 10080.310466 10080.510855 10082.514750 10083.005416 1 C 
 28 161 3 23 2 2 LL 1  4  6  5  5 1 1 1.187199 0 0 10084.268167 10084.769135 10085.270107 10085.470496 10087.474392 10088.661591 1 C 
 28 162 3 24 3 2 HL 1  6  6  9  5 1 1 1.037473 0 0 10089.929167 10090.430137 10090.931114 10091.131501 10093.135400 10094.172873 1 C 
 28 163 3 25 2 3 LH 1  4  4  5  1 1 1 0.701031 0 0 10095.439883 10095.940850 10096.441826 10096.642214 10098.646109 10099.347140 1 C 
 28 164 3 26 3 2 HL 1  5  4  2  5 1 1 1.139936 0 0 10100.616609 10101.117579 10101.618553 10101.818942 10103.822838 10104.962774 1 C 
 28 165 3 27 2 2 LL 1  4  4  5  5 1 1 2.035459 0 0 10106.227519 10106.728486 10107.229461 10107.429850 10109.433745 10111.469204 1 C 
 28 166 3 28 2 3 LH 1  6  4  5  1 1 1 1.936576 0 0 10112.740177 10113.241146 10113.742120 10113.942510 10115.946405 10117.882981 1 C 
 28 167 3 29 2 2 LL 1  4  6  5  5 1 1 1.230023 0 0 10119.152639 10119.653612 10120.154586 10120.354975 10122.358872 10123.588895 1 C 
 28 168 3 30 2 3 LH 1  6  6  5  3 1 1 1.657247 0 0 10124.863743 10125.364713 10125.865688 10126.066077 10128.069979 10129.727226 1 C 
 28 169 3 31 1 3 NH 0  4  4  4  7 0 1 1.915672 0 0 10130.992325 10131.493294 10131.994268 10132.194657 10134.198553 10136.114224 1 C 
 28 170 3 32 3 2 HL 1  5  4  8  5 1 1 1.341535 0 0 10137.388098 10137.889060 10138.390036 10138.590424 10140.594319 10141.935854 1 C 
 28 171 3 33 3 3 HH 1  5  4  2  7 1 1 1.125389 0 0 10143.199386 10143.700357 10144.201334 10144.401720 10146.405616 10147.531005 1 C 
 28 172 3 34 2 3 LH 1  6  4  5  7 1 1 0.979213 0 0 10148.793601 10149.294565 10149.795540 10149.995928 10151.999824 10152.979036 1 C 
 28 173 3 35 3 3 HH 1  4  5  1  2 1 1 1.503831 0 0 10154.254213 10154.755180 10155.256156 10155.456543 10157.460437 10158.964269 1 C 
 28 174 3 36 3 1 HN 0  6  5  9  5 0 1 1.142190 0 0 10160.232501 10160.733471 10161.234442 10161.434831 10163.438727 10164.580917 1 C 
 28 175 3 37 3 3 HH 1  5  6  8  9 1 1 1.322616 0 0 10165.843408 10166.344375 10166.845349 10167.045739 10169.049633 10170.372249 1 C 
 28 176 3 38 1 2 NL 0  5  6  5  5 0 1 0.328138 0 0 10171.638005 10172.138972 10172.639946 10172.840336 10174.844231 10175.172369 1 C 
 28 177 3 39 3 3 HH 1  5  6  2  9 1 1 2.784445 0 0 10176.447355 10176.948321 10177.449295 10177.649684 10179.653580 10182.438025 1 C 
 28 178 3 40 2 2 LL 1  4  5  5  6 0 0 1.490303 0 0 10183.711476 10184.212442 10184.713418 10184.913809 10186.917711 10188.408014 1 E 
 28 179 3 41 2 1 LN 0  6  6  5  6 0 1 0.240301 0 0 10189.673064 10190.174034 10190.675004 10190.875394 10192.879300 10193.119601 1 C 
 28 180 3 42 3 2 HL 1  5  5  2  6 1 1 1.076486 0 0 10194.382219 10194.883185 10195.384158 10195.584549 10197.588444 10198.664930 1 C 
 28 181 3 43 3 2 HL 1  5  4  2  5 1 1 2.340187 0 0 10199.926325 10200.427295 10200.928273 10201.128659 10203.132554 10205.472742 1 C 
 28 182 3 44 2 2 LL 1  6  6  5  5 0 0 1.103128 0 0 10206.739573 10207.240540 10207.741514 10207.941903 10209.945799 10211.048927 1 E 
 28 183 3 45 1 1 NN 0  4  4  4  4 0 1 1.822560 0 0 10212.317082 10212.818049 10213.319022 10213.519412 10215.523308 10217.345868 1 C 
 28 184 3 46 1 3 NH 0  6  5  6  2 0 1 0.572113 0 0 10218.612659 10219.113619 10219.614596 10219.814986 10221.818879 10222.390992 1 C 
 28 185 3 47 1 1 NN 0  4  4  4  4 0 1 0.802482 0 0 10223.655786 10224.156757 10224.657734 10224.858120 10226.862015 10227.664497 1 C 
 28 186 3 48 3 3 HH 1  4  5  7  8 1 1 1.247872 0 0 10228.932712 10229.433685 10229.934655 10230.135045 10232.138940 10233.386812 1 C 
 28 187 3 49 1 1 NN 0  4  6  4  6 0 1 0.591038 0 0 10234.660511 10235.161482 10235.662456 10235.862846 10237.866741 10238.457779 1 C 
 28 188 3 50 3 3 HH 1  4  4  7  1 1 1 0.897045 0 0 10239.720348 10240.221318 10240.722293 10240.922682 10242.926584 10243.823630 1 C 
 28 189 3 51 1 1 NN 0  4  4  4  4 0 1 0.490772 0 0 10245.097469 10245.598438 10246.099412 10246.299801 10248.303695 10248.794467 1 C 
 28 190 3 52 2 3 LH 1  4  4  5  1 1 1 1.089008 0 0 10250.057113 10250.558079 10251.059053 10251.259442 10253.263338 10254.352346 1 C 
 28 191 3 53 1 1 NN 0  6  4  6  4 0 1 0.769094 0 0 10255.617918 10256.118888 10256.619865 10256.820252 10258.824148 10259.593242 1 C 
 28 192 3 54 3 2 HL 1  6  5  9  4 1 1 1.064239 0 0 10260.861449 10261.362415 10261.863389 10262.063779 10264.067674 10265.131913 1 C 
 28 193 3 55 2 3 LH 1  5  6  4  9 1 1 1.028304 0 0 10266.405558 10266.906526 10267.407500 10267.607894 10269.611785 10270.640089 1 C 
 28 194 3 56 2 1 LN 0  5  5  6  5 0 1 0.958340 0 0 10271.899574 10272.400539 10272.901511 10273.101902 10275.105798 10276.064137 1 C 
 28 195 3 57 1 1 NN 0  6  4  6  4 0 1 1.027263 0 0 10277.326789 10277.827756 10278.328729 10278.529119 10280.533014 10281.560278 1 C 
 28 196 3 58 2 2 LL 1  5  6  6  5 1 1 1.015724 0 0 10282.820801 10283.321769 10283.822743 10284.023132 10286.027030 10287.042753 1 C 
 28 197 3 59 2 1 LN 0  4  5  5  5 0 1 0.691153 0 0 10288.314815 10288.815781 10289.316756 10289.517145 10291.521040 10292.212193 1 C 
 28 198 3 60 2 1 LN 0  5  5  6  5 0 1 0.385045 0 0 10293.474846 10293.975813 10294.476788 10294.677176 10296.681071 10297.066116 1 C 
 28 199 4  1 1 2 NL 0  6  4  6  5 0 1 1.058514 0 0 10299.753715 10300.254684 10300.755662 10300.956048 10302.959943 10304.018457 1 C 
 28 200 4  2 3 1 HN 0  5  6  8  6 1 0 1.493107 0 0 10305.281130 10305.782096 10306.283072 10306.483461 10308.487355 10309.980462 1 E 
 28 201 4  3 3 2 HL 1  5  5  2  6 1 1 0.913682 0 0 10311.242718 10311.743685 10312.244659 10312.445049 10314.448942 10315.362624 1 C 
 28 202 4  4 2 3 LH 1  5  4  6  7 1 1 1.058848 0 0 10316.636533 10317.137503 10317.638481 10317.838866 10319.842762 10320.901610 1 C 
 28 203 4  5 3 3 HH 1  6  4  9  7 1 1 0.792725 0 0 10322.163949 10322.664915 10323.165889 10323.366278 10325.370174 10326.162899 1 C 
 28 204 4  6 3 2 HL 1  5  4  2  5 1 1 1.019639 0 0 10327.424174 10327.925140 10328.426116 10328.626504 10330.630401 10331.650041 1 C 
 28 205 4  7 1 2 NL 0  5  4  5  5 0 1 1.740833 0 0 10332.918188 10333.419154 10333.920128 10334.120517 10336.124414 10337.865247 1 C 
 28 206 4  8 1 3 NH 0  6  6  6  9 0 1 0.908279 0 0 10339.130264 10339.631230 10340.132205 10340.332593 10342.336487 10343.244766 1 C 
 28 207 4  9 1 2 NL 0  5  4  5  5 0 1 0.695864 0 0 10344.507383 10345.008349 10345.509327 10345.709711 10347.713605 10348.409469 1 C 
 28 208 4 10 1 2 NL 0  5  4  5  5 0 1 0.841512 0 0 10349.684108 10350.185078 10350.686055 10350.886442 10352.890337 10353.731849 1 C 
 28 209 4 11 1 1 NN 0  6  5  6  5 0 1 0.588663 0 0 10354.994432 10355.495402 10355.996375 10356.196764 10358.200660 10358.789323 1 C 
 28 210 4 12 3 2 HL 1  4  5  1  6 1 1 0.903746 0 0 10360.054271 10360.555237 10361.056212 10361.256600 10363.260496 10364.164242 1 C 
 28 211 4 13 2 3 LH 1  5  5  4  8 1 1 0.911516 0 0 10365.431394 10365.932357 10366.433333 10366.633720 10368.637616 10369.549131 1 C 
 28 212 4 14 3 1 HN 0  4  6  1  6 0 1 1.023612 0 0 10370.808506 10371.309476 10371.810450 10372.010839 10374.014735 10375.038347 1 C 
 28 213 4 15 2 2 LL 1  5  6  4  5 1 1 1.247845 0 0 10376.302523 10376.803489 10377.304463 10377.504853 10379.508747 10380.756592 1 C 
 28 214 4 16 1 1 NN 0  5  5  5  5 0 1 0.551925 0 0 10382.030324 10382.531289 10383.032264 10383.232654 10385.236555 10385.788480 1 C 
 28 215 4 17 1 1 NN 0  4  4  4  4 0 1 0.646679 0 0 10387.056761 10387.557730 10388.058703 10388.259090 10390.262987 10390.909666 1 C 
 28 216 4 18 1 2 NL 0  4  6  4  5 0 1 1.050118 0 0 10392.183391 10392.684360 10393.185337 10393.385725 10395.389619 10396.439736 1 C 
 28 217 4 19 1 2 NL 0  6  4  6  5 0 1 1.105406 0 0 10397.710800 10398.211771 10398.712748 10398.913135 10400.917029 10402.022436 1 C 
 28 218 4 20 3 2 HL 1  4  4  7  5 1 1 1.999295 0 0 10403.288314 10403.789281 10404.290256 10404.490644 10406.494539 10408.493834 1 C 
 28 219 4 21 2 2 LL 1  6  6  5  5 1 1 1.088892 0 0 10409.767571 10410.268546 10410.769516 10410.969906 10412.973801 10414.062693 1 C 
 28 220 4 22 3 2 HL 1  6  4  9  5 1 1 1.127823 0 0 10415.328384 10415.829352 10416.330326 10416.530715 10418.534611 10419.662434 1 C 
 28 221 4 23 2 3 LH 1  5  5  6  8 1 1 2.446150 0 0 10420.922589 10421.423560 10421.924536 10422.124924 10424.128819 10426.574969 1 C 
 28 222 4 24 1 2 NL 0  4  4  4  5 0 1 0.941721 0 0 10427.836028 10428.336999 10428.837976 10429.038363 10431.042257 10431.983979 1 C 
 28 223 4 25 2 3 LH 1  6  4  5  7 1 1 0.540839 0 0 10433.246547 10433.747517 10434.248494 10434.448880 10436.452775 10436.993614 1 C 
 28 224 4 26 3 3 HH 1  5  5  2  2 1 1 0.641140 0 0 10438.256287 10438.757255 10439.258229 10439.458619 10441.462514 10442.103654 1 C 
 28 225 4 27 2 2 LL 1  5  6  6  5 0 0 0.721487 0 0 10443.366218 10443.867188 10444.368166 10444.568552 10446.572448 10447.293935 1 E 
 28 226 4 28 2 3 LH 1  4  5  5  8 1 1 0.719021 0 0 10448.559651 10449.060617 10449.561594 10449.761981 10451.765877 10452.484898 1 C 
 28 227 4 29 2 1 LN 0  4  6  5  6 0 1 0.245794 0 0 10453.753080 10454.254048 10454.755020 10454.955409 10456.959305 10457.205099 1 C 
 28 228 4 30 3 2 HL 1  6  6  9  5 1 1 0.540917 0 0 10458.478932 10458.979903 10459.480877 10459.681263 10461.685158 10462.226075 1 C 
 28 229 4 31 2 1 LN 0  5  4  6  4 0 1 1.047468 0 0 10463.488671 10463.989638 10464.490615 10464.691001 10466.694897 10467.742364 1 C 
 28 230 4 32 1 3 NH 0  6  5  6  8 0 1 0.623118 0 0 10469.016081 10469.517049 10470.018023 10470.218413 10472.222308 10472.845426 1 C 
 28 231 4 33 1 3 NH 0  6  6  6  3 0 1 0.741244 0 0 10474.109313 10474.610285 10475.111261 10475.311647 10477.315540 10478.056784 1 C 
 28 232 4 34 3 1 HN 0  6  6  9  6 0 1 1.168195 0 0 10479.319440 10479.820411 10480.321385 10480.521772 10482.525670 10483.693866 1 C 
 28 233 4 35 3 3 HH 1  5  4  2  1 0 0 1.700107 0 0 10484.963751 10485.464716 10485.965694 10486.166080 10488.169976 10489.870083 1 E 
 28 234 4 36 1 1 NN 0  4  4  4  4 0 1 0.507507 0 0 10491.142427 10491.643395 10492.144369 10492.344758 10494.348653 10494.856160 1 C 
 28 235 4 37 1 3 NH 0  6  5  6  8 0 1 0.685567 0 0 10496.118766 10496.619735 10497.120710 10497.321098 10499.324994 10500.010561 1 C 
 28 236 4 38 2 3 LH 1  6  4  5  1 0 0 0.689577 0 0 10501.278799 10501.779766 10502.280740 10502.481129 10504.485024 10505.174600 1 E 
 28 237 4 39 2 2 LL 1  4  5  5  6 1 1 1.069696 0 0 10506.438830 10506.939796 10507.440774 10507.641161 10509.645055 10510.714751 1 C 
 28 238 4 40 3 2 HL 1  6  6  3  5 1 1 1.309081 0 0 10511.982937 10512.483907 10512.984881 10513.185270 10515.189175 10516.498256 1 C 
 28 239 4 41 2 1 LN 0  6  6  5  6 0 1 1.153575 0 0 10517.760839 10518.261805 10518.762781 10518.963169 10520.967064 10522.120639 1 C 
 28 240 4 42 3 3 HH 1  4  6  7  9 1 1 0.668877 0 0 10523.388445 10523.889412 10524.390386 10524.590775 10526.594671 10527.263547 1 C 
 28 241 4 43 3 3 HH 1  6  4  9  1 1 1 0.457191 0 0 10528.531781 10529.032743 10529.533717 10529.734106 10531.738002 10532.195193 1 C 
 28 242 4 44 3 1 HN 0  5  4  8  4 0 1 0.657828 0 0 10533.458019 10533.958988 10534.459960 10534.660349 10536.664256 10537.322083 1 C 
 28 243 4 45 2 3 LH 1  4  6  5  9 1 1 0.539940 0 0 10538.584657 10539.085618 10539.586592 10539.786982 10541.790876 10542.330817 1 C 
 28 244 4 46 1 3 NH 0  6  5  6  8 0 1 0.993736 0 0 10543.594391 10544.095356 10544.596330 10544.796720 10546.800615 10547.794351 1 C 
 28 245 4 47 3 1 HN 0  4  6  7  6 1 0 2.127265 0 0 10549.055006 10549.555972 10550.056946 10550.257335 10552.261230 10554.388495 1 E 
 28 246 4 48 1 3 NH 0  4  5  4  2 0 1 0.585393 0 0 10555.651160 10556.152131 10556.653101 10556.853491 10558.857386 10559.442779 1 C 
 28 247 4 49 1 1 NN 0  4  6  4  6 0 1 0.587861 0 0 10560.710994 10561.211963 10561.712941 10561.913326 10563.917222 10564.505083 1 C 
 28 248 4 50 3 1 HN 0  6  5  9  5 0 1 0.906135 0 0 10565.770833 10566.271798 10566.772777 10566.973167 10568.977058 10569.883193 1 C 
 28 249 4 51 1 3 NH 0  5  4  5  7 0 1 0.657111 0 0 10571.147952 10571.648919 10572.149895 10572.350282 10574.354176 10575.011287 1 C 
 28 250 4 52 2 1 LN 0  5  4  6  4 0 1 1.082023 0 0 10576.274584 10576.775551 10577.276525 10577.476914 10579.480810 10580.562833 1 C 
 28 251 4 53 3 3 HH 1  6  4  9  1 1 1 0.618826 0 0 10581.835395 10582.336361 10582.837335 10583.037724 10585.041619 10585.660445 1 C 
 28 252 4 54 3 1 HN 0  5  4  8  4 0 1 1.340778 0 0 10586.928625 10587.429594 10587.930569 10588.130958 10590.134853 10591.475631 1 C 
 28 253 4 55 1 3 NH 0  6  5  6  8 0 1 0.610974 0 0 10592.739921 10593.240894 10593.741869 10593.942254 10595.946150 10596.557124 1 C 
 28 254 4 56 1 3 NH 0  6  5  6  2 0 1 0.445270 0 0 10597.816456 10598.317426 10598.818400 10599.018790 10601.022685 10601.467955 1 C 
 28 255 4 57 1 1 NN 0  4  4  4  4 0 1 0.663385 0 0 10602.742703 10603.243669 10603.744645 10603.945033 10605.948931 10606.612316 1 C 
 28 256 4 58 1 2 NL 0  4  6  4  5 0 1 0.622926 0 0 10607.886039 10608.387001 10608.887976 10609.088364 10611.092259 10611.715186 1 C 
 28 257 4 59 3 1 HN 0  6  4  3  4 0 1 0.546550 0 0 10612.979269 10613.480235 10613.981209 10614.181598 10616.185493 10616.732043 1 C 
 28 258 4 60 2 3 LH 1  5  6  6  9 1 1 1.104867 0 0 10618.005702 10618.506672 10619.007649 10619.208036 10621.211931 10622.316798 1 C 
 28 259 5  1 1 3 NH 0  4  6  4  9 0 1 0.585544 0 0 10633.034922 10633.535888 10634.036864 10634.237252 10636.241147 10636.826690 1 C 
 28 260 5  2 1 3 NH 0  5  6  5  3 0 1 0.802498 0 0 10638.094753 10638.595723 10639.096697 10639.297087 10641.300982 10642.103481 1 C 
 28 261 5  3 2 1 LN 0  4  5  5  5 0 1 0.722471 0 0 10643.371684 10643.872649 10644.373623 10644.574012 10646.577907 10647.300378 1 C 
 28 262 5  4 2 2 LL 1  6  6  5  5 1 1 0.931484 0 0 10648.565111 10649.066078 10649.567051 10649.767441 10651.771337 10652.702821 1 C 
 28 263 5  5 3 2 HL 1  6  5  3  4 1 1 0.490884 0 0 10653.975626 10654.476595 10654.977571 10655.177960 10657.181854 10657.672738 1 C 
 28 264 5  6 2 2 LL 1  5  5  6  4 1 1 0.551592 0 0 10658.935266 10659.436239 10659.937209 10660.137600 10662.141497 10662.693089 1 C 
 28 265 5  7 2 1 LN 0  6  6  5  6 1 0 0.707848 0 0 10663.961702 10664.462673 10664.963648 10665.164037 10667.167937 10667.875785 1 E 
 28 266 5  8 2 3 LH 1  6  6  5  9 1 1 0.501139 0 0 10669.138436 10669.639404 10670.140380 10670.340767 10672.344662 10672.845801 1 C 
 28 267 5  9 2 2 LL 1  5  6  4  5 1 1 0.870175 0 0 10674.114772 10674.615743 10675.116717 10675.317107 10677.321001 10678.191176 1 C 
 28 268 5 10 3 2 HL 1  4  5  7  4 1 1 1.080752 0 0 10679.458493 10679.959465 10680.460442 10680.660828 10682.664723 10683.745475 1 C 
 28 269 5 11 2 2 LL 1  5  5  4  4 1 1 1.842989 0 0 10685.019304 10685.520274 10686.021248 10686.221638 10688.225533 10690.068522 1 C 
 28 270 5 12 2 3 LH 1  4  6  5  9 1 1 0.679375 0 0 10691.331574 10691.832546 10692.333519 10692.533908 10694.537804 10695.217178 1 C 
 28 271 5 13 3 1 HN 0  6  4  9  4 0 1 0.652159 0 0 10696.491605 10696.992575 10697.493549 10697.693939 10699.697834 10700.349993 1 C 
 28 272 5 14 2 1 LN 0  4  5  5  5 0 1 0.695624 0 0 10701.618237 10702.119208 10702.620182 10702.820585 10704.824468 10705.520092 1 C 
 28 273 5 15 3 1 HN 0  4  4  7  4 0 1 1.935142 0 0 10706.794971 10707.295938 10707.796911 10707.997301 10710.001197 10711.936339 1 C 
 28 274 5 16 1 3 NH 0  5  5  5  2 0 1 0.689675 0 0 10713.207433 10713.708403 10714.209380 10714.409767 10716.413662 10717.103336 1 C 
 28 275 5 17 1 1 NN 0  6  4  6  4 0 1 0.499756 0 0 10718.367462 10718.868434 10719.369408 10719.569797 10721.573693 10722.073449 1 C 
 28 276 5 18 2 2 LL 1  6  5  5  4 1 1 0.682528 0 0 10723.343803 10723.844777 10724.345748 10724.546137 10726.550033 10727.232560 1 C 
 28 277 5 19 1 3 NH 0  4  6  4  9 0 1 0.696608 0 0 10728.503835 10729.004804 10729.505778 10729.706168 10731.710063 10732.406671 1 C 
 28 278 5 20 2 1 LN 0  5  4  4  4 0 1 0.635454 0 0 10733.680564 10734.181534 10734.682508 10734.882898 10736.886793 10737.522248 1 C 
 28 279 5 21 1 2 NL 0  4  6  4  5 0 1 0.550091 0 0 10738.790501 10739.291468 10739.792442 10739.992831 10741.996733 10742.546824 1 C 
 28 280 5 22 2 1 LN 0  4  6  5  6 1 0 1.031196 0 0 10743.816935 10744.317905 10744.818882 10745.019268 10747.023164 10748.054360 1 E 
 28 281 5 23 2 2 LL 1  4  6  5  5 1 1 0.540926 0 0 10749.327651 10749.828618 10750.329594 10750.529981 10752.533877 10753.074803 1 C 
 28 282 5 24 1 2 NL 0  5  4  5  5 0 1 0.611988 0 0 10754.337386 10754.838356 10755.339330 10755.539719 10757.543615 10758.155603 1 C 
 28 283 5 25 3 2 HL 1  4  4  7  5 1 1 0.529939 0 0 10759.430624 10759.931591 10760.432564 10760.632954 10762.636849 10763.166788 1 C 
 28 284 5 26 2 3 LH 1  4  4  5  7 1 1 0.628148 0 0 10764.440363 10764.941329 10765.442305 10765.642692 10767.646588 10768.274736 1 C 
 28 285 5 27 3 2 HL 1  5  5  8  6 1 1 0.416590 0 0 10769.533597 10770.034563 10770.535539 10770.735927 10772.739822 10773.156412 1 C 
 28 286 5 28 3 3 HH 1  5  6  8  3 1 1 0.615717 0 0 10774.426442 10774.927410 10775.428382 10775.628771 10777.632667 10778.248384 1 C 
 28 287 5 29 3 1 HN 0  5  5  2  5 0 1 0.685554 0 0 10779.519686 10780.020642 10780.521618 10780.722005 10782.725901 10783.411455 1 C 
 28 288 5 30 2 3 LH 1  6  4  5  7 1 1 0.507419 0 0 10784.679702 10785.180672 10785.681650 10785.882036 10787.885931 10788.393351 1 C 
 28 289 5 31 2 2 LL 1  4  5  5  4 1 1 0.691179 0 0 10789.656046 10790.157013 10790.657987 10790.858376 10792.862272 10793.553450 1 C 
 28 290 5 32 3 2 HL 1  5  4  2  5 1 1 0.965285 0 0 10794.816077 10795.317044 10795.818017 10796.018407 10798.022302 10798.987588 1 C 
 28 291 5 33 3 1 HN 0  4  6  1  6 0 1 0.687282 0 0 10800.259993 10800.760959 10801.261935 10801.462323 10803.466216 10804.153498 1 C 
 28 292 5 34 1 1 NN 0  4  6  4  6 0 1 0.568840 0 0 10805.420026 10805.920990 10806.421964 10806.622353 10808.626249 10809.195089 1 C 
 28 293 5 35 2 2 LL 1  6  6  5  5 1 1 0.422868 0 0 10810.463162 10810.964126 10811.465101 10811.665490 10813.669386 10814.092253 1 C 
 28 294 5 36 1 2 NL 0  4  6  4  5 1 0 0.777306 0 0 10815.356005 10815.856971 10816.357945 10816.558335 10818.562230 10819.339536 1 E 
 28 295 5 37 1 3 NH 0  5  5  5  8 0 1 0.555220 0 0 10820.599529 10821.100498 10821.601473 10821.801861 10823.805755 10824.360975 1 C 
 28 296 5 38 2 3 LH 1  6  4  5  7 1 1 0.432901 0 0 10825.625968 10826.126936 10826.627909 10826.828299 10828.832195 10829.265096 1 C 
 28 297 5 39 3 3 HH 1  6  6  3  9 1 1 0.462807 0 0 10830.535513 10831.036479 10831.537455 10831.737842 10833.741741 10834.204548 1 C 
 28 298 5 40 2 1 LN 0  4  5  5  5 0 1 0.624417 0 0 10835.478455 10835.979421 10836.480397 10836.680784 10838.684680 10839.309097 1 C 
 28 299 5 41 1 2 NL 0  4  4  4  5 0 1 0.592904 0 0 10840.571686 10841.072657 10841.573629 10841.774019 10843.777918 10844.370822 1 C 
 28 300 5 42 3 3 HH 1  4  5  1  2 1 1 0.540896 0 0 10845.631521 10846.132491 10846.633468 10846.833854 10848.837750 10849.378646 1 C 
 28 301 5 43 1 2 NL 0  4  6  4  5 0 1 0.612389 0 0 10850.641263 10851.142229 10851.643205 10851.843593 10853.847487 10854.459876 1 C 
 28 302 5 44 1 2 NL 0  5  5  5  4 0 1 0.927311 0 0 10855.734493 10856.235463 10856.736441 10856.936826 10858.940722 10859.868033 1 C 
 28 303 5 45 3 1 HN 0  5  6  2  6 0 1 0.732398 0 0 10861.128311 10861.629294 10862.130256 10862.330645 10864.334540 10865.066938 1 C 
 28 304 5 46 3 1 HN 0  4  4  1  4 0 1 0.633630 0 0 10866.338440 10866.839410 10867.340387 10867.540773 10869.544668 10870.178298 1 C 
 28 305 5 47 2 3 LH 1  5  5  6  8 1 1 0.533398 0 0 10871.448372 10871.949343 10872.450320 10872.650706 10874.654602 10875.188000 1 C 
 28 306 5 48 2 2 LL 1  5  4  6  5 1 1 0.750445 0 0 10876.458115 10876.959082 10877.460055 10877.660445 10879.664344 10880.414790 1 C 
 28 307 5 49 2 1 LN 0  6  6  5  6 0 1 0.615727 0 0 10881.684943 10882.185909 10882.686883 10882.887272 10884.891168 10885.506895 1 C 
 28 308 5 50 1 3 NH 0  5  6  5  9 0 1 0.891593 0 0 10886.778181 10887.279143 10887.780117 10887.980507 10889.984402 10890.875995 1 C 
 28 309 5 51 2 2 LL 1  4  6  5  5 1 1 0.799583 0 0 10892.138597 10892.639563 10893.140539 10893.340927 10895.344822 10896.144405 1 C 
 28 310 5 52 3 3 HH 1  5  5  8  8 1 1 0.650826 0 0 10897.415521 10897.916488 10898.417462 10898.617851 10900.621747 10901.272572 1 C 
 28 311 5 53 3 1 HN 0  4  6  7  6 0 1 0.660416 0 0 10902.542154 10903.043120 10903.544094 10903.744482 10905.748380 10906.408796 1 C 
 28 312 5 54 3 3 HH 1  6  5  9  8 1 1 1.297898 0 0 10907.668787 10908.169753 10908.670729 10908.871116 10910.875012 10912.172909 1 C 
 28 313 5 55 2 3 LH 1  6  5  5  2 1 1 0.895946 0 0 10913.446685 10913.947651 10914.448625 10914.649014 10916.652910 10917.548856 1 C 
 28 314 5 56 2 3 LH 1  5  4  6  1 1 1 1.030873 0 0 10918.823801 10919.324771 10919.825747 10920.026134 10922.030029 10923.060903 1 C 
 28 315 5 57 1 3 NH 0  6  6  6  3 0 1 0.618779 0 0 10924.334520 10924.835483 10925.336457 10925.536846 10927.540742 10928.159521 1 C 
 28 316 5 58 1 2 NL 0  5  4  5  5 0 1 1.303547 0 0 10929.427751 10929.928716 10930.429693 10930.630080 10932.633976 10933.937523 1 C 
 28 317 5 59 3 3 HH 1  6  5  3  2 1 1 0.538352 0 0 10935.205644 10935.706615 10936.207592 10936.407979 10938.411874 10938.950225 1 C 
 28 318 5 60 2 1 LN 0  4  4  5  4 0 1 0.612374 0 0 10940.215387 10940.716354 10941.217330 10941.417717 10943.421613 10944.033987 1 C 
 28 319 6  1 2 2 LL 1  4  5  5  6 1 1 1.670832 0 0 10948.464752 10948.965725 10949.466697 10949.667087 10951.670982 10953.341814 1 C 
 28 320 6  2 2 1 LN 0  4  4  5  4 0 1 0.613255 0 0 10954.610032 10955.111002 10955.611976 10955.812365 10957.816261 10958.429516 1 C 
 28 321 6  3 3 2 HL 1  4  5  1  6 1 1 1.015919 0 0 10959.703266 10960.204236 10960.705210 10960.905600 10962.909493 10963.925412 1 C 
 28 322 6  4 2 2 LL 1  5  4  4  5 1 1 1.260330 0 0 10965.197278 10965.698250 10966.199226 10966.399613 10968.403508 10969.663838 1 C 
 28 323 6  5 3 3 HH 1  5  4  8  7 1 1 1.381410 0 0 10970.925080 10971.426050 10971.927024 10972.127414 10974.131319 10975.512728 1 C 
 28 324 6  6 1 1 NN 0  6  5  6  5 1 0 1.077684 0 0 10976.786476 10977.287445 10977.788419 10977.988808 10979.992703 10981.070387 1 E 
 28 325 6  7 3 1 HN 0  5  6  8  6 0 1 1.470291 0 0 10982.330584 10982.831555 10983.332532 10983.532918 10985.536814 10987.007105 1 C 
 28 326 6  8 3 1 HN 0  4  6  7  6 0 1 0.662246 0 0 10988.275479 10988.776445 10989.277419 10989.477808 10991.481703 10992.143949 1 C 
 28 327 6  9 1 3 NH 0  4  4  4  1 0 1 0.577474 0 0 10993.418814 10993.919777 10994.420755 10994.621140 10996.625035 10997.202508 1 C 
 28 328 6 10 3 1 HN 0  6  4  3  4 0 1 0.663331 0 0 10998.461947 10998.962914 10999.463890 10999.664277 11001.668172 11002.331504 1 C 
 28 329 6 11 1 2 NL 0  6  4  6  5 0 1 0.574353 0 0 11003.605274 11004.106245 11004.607222 11004.807608 11006.811503 11007.385857 1 C 
 28 330 6 12 2 1 LN 0  5  5  6  5 0 1 0.627473 0 0 11008.648414 11009.149382 11009.650356 11009.850745 11011.854641 11012.482113 1 C 
 28 331 6 13 3 2 HL 1  6  6  3  5 1 1 1.411704 0 0 11013.741645 11014.242619 11014.743589 11014.943979 11016.947874 11018.359579 1 C 
 28 332 6 14 1 2 NL 0  5  6  5  5 0 1 0.613257 0 0 11019.619742 11020.120715 11020.621685 11020.822072 11022.825968 11023.439226 1 C 
 28 333 6 15 1 2 NL 0  6  6  6  5 0 1 0.780034 0 0 11024.712977 11025.213943 11025.714921 11025.915307 11027.919202 11028.699236 1 C 
 28 334 6 16 3 3 HH 1  5  5  8  2 1 1 1.189737 0 0 11029.973200 11030.474169 11030.975145 11031.175532 11033.179428 11034.369164 1 C 
 28 335 6 17 1 1 NN 0  6  6  6  6 0 1 0.643157 0 0 11035.634206 11036.135173 11036.636147 11036.836536 11038.840432 11039.483588 1 C 
 28 336 6 18 2 2 LL 1  5  5  6  4 1 1 0.875839 0 0 11040.744140 11041.245106 11041.746084 11041.946469 11043.950365 11044.826204 1 C 
 28 337 6 19 3 3 HH 1  6  5  9  8 1 1 0.883062 0 0 11046.087857 11046.588827 11047.089801 11047.290190 11049.294086 11050.177148 1 C 
 28 338 6 20 1 3 NH 0  6  4  6  1 0 1 0.516604 0 0 11051.448279 11051.949247 11052.450225 11052.650611 11054.654506 11055.171110 1 C 
 28 339 6 21 3 3 HH 1  5  5  8  2 1 1 0.893369 0 0 11056.441320 11056.942287 11057.443263 11057.643650 11059.647546 11060.540915 1 C 
 28 340 6 22 3 3 HH 1  6  5  3  2 1 1 0.957103 0 0 11061.801741 11062.302709 11062.803683 11063.004071 11065.007966 11065.965069 1 C 
 28 341 6 23 3 2 HL 1  6  5  9  4 1 1 0.961786 0 0 11067.228956 11067.729924 11068.230898 11068.431287 11070.435183 11071.396969 1 C 
 28 342 6 24 2 2 LL 1  4  6  5  5 1 1 0.892976 0 0 11072.656170 11073.157140 11073.658118 11073.858504 11075.862399 11076.755375 1 C 
 28 343 6 25 2 2 LL 1  4  6  5  5 1 1 0.958236 0 0 11078.016601 11078.517561 11079.018535 11079.218924 11081.222820 11082.181056 1 C 
 28 344 6 26 1 3 NH 0  6  4  6  1 0 1 1.887903 0 0 11083.443807 11083.944781 11084.445755 11084.646141 11086.650036 11088.537940 1 C 
 28 345 6 27 3 1 HN 0  5  4  2  4 0 1 1.231184 0 0 11089.806179 11090.307146 11090.808119 11091.008509 11093.012404 11094.243589 1 C 
 28 346 6 28 3 1 HN 0  6  6  3  6 0 1 0.595504 0 0 11095.517276 11096.018247 11096.519224 11096.719610 11098.723505 11099.319009 1 C 
 28 347 6 29 3 2 HL 1  6  5  3  6 1 1 1.053427 0 0 11100.593816 11101.094782 11101.595754 11101.796146 11103.800042 11104.853469 1 C 
 28 348 6 30 1 3 NH 0  5  5  5  2 0 1 0.808056 0 0 11106.121227 11106.622194 11107.123168 11107.323557 11109.327453 11110.135509 1 C 
 28 349 6 31 3 2 HL 1  5  5  2  6 1 1 1.112248 0 0 11111.398161 11111.899120 11112.400094 11112.600482 11114.604377 11115.716625 1 C 
 28 350 6 32 3 3 HH 1  4  5  1  2 1 1 0.846992 0 0 11116.975659 11117.476627 11117.977601 11118.177990 11120.181886 11121.028878 1 C 
 28 351 6 33 2 3 LH 1  4  5  5  2 1 1 1.080682 0 0 11122.302679 11122.803649 11123.304623 11123.505012 11125.508911 11126.589593 1 C 
 28 352 6 34 3 1 HN 0  5  5  2  5 0 1 0.961980 0 0 11127.863493 11128.364459 11128.865434 11129.065822 11131.069720 11132.031699 1 C 
 28 353 6 35 1 3 NH 0  6  6  6  9 0 1 0.738178 0 0 11133.290705 11133.791675 11134.292649 11134.493039 11136.496935 11137.235113 1 C 
 28 354 6 36 3 3 HH 1  4  5  7  8 1 1 1.114210 0 0 11138.500834 11139.001804 11139.502781 11139.703167 11141.707062 11142.821272 1 C 
 28 355 6 37 2 1 LN 0  5  4  4  4 0 1 0.778891 0 0 11144.095041 11144.596011 11145.096985 11145.297375 11147.301270 11148.080161 1 C 
 28 356 6 38 2 3 LH 1  6  6  5  9 1 1 0.969907 0 0 11149.355266 11149.856237 11150.357211 11150.557600 11152.561496 11153.531403 1 C 
 28 357 6 39 1 1 NN 0  6  4  6  4 0 1 0.666691 0 0 11154.799186 11155.300153 11155.801127 11156.001516 11158.005414 11158.672105 1 C 
 28 358 6 40 2 1 LN 0  5  4  4  4 0 1 0.666686 0 0 11159.942518 11160.443485 11160.944460 11161.144848 11163.148743 11163.815429 1 C 
 28 359 6 41 3 2 HL 1  4  4  7  5 1 1 0.928093 0 0 11165.085848 11165.586820 11166.087792 11166.288180 11168.292075 11169.220167 1 C 
 28 360 6 42 2 3 LH 1  6  6  5  3 1 1 1.008477 0 0 11170.479664 11170.980634 11171.481611 11171.681997 11173.685893 11174.694370 1 C 
 28 361 6 43 1 1 NN 0  6  5  6  5 0 1 0.635458 0 0 11175.956982 11176.457949 11176.958923 11177.159311 11179.163207 11179.798666 1 C 
 28 362 6 44 2 3 LH 1  4  5  5  2 1 1 0.926280 0 0 11181.066913 11181.567886 11182.068856 11182.269245 11184.273139 11185.199419 1 C 
 28 363 6 45 1 1 NN 0  5  4  5  4 0 1 0.466923 0 0 11186.460733 11186.961700 11187.462676 11187.663064 11189.666959 11190.133882 1 C 
 28 364 6 46 2 2 LL 1  6  5  5  4 1 1 0.806107 0 0 11191.403672 11191.904642 11192.405616 11192.606005 11194.609901 11195.416008 1 C 
 28 365 6 47 3 2 HL 1  5  5  2  6 1 1 1.026862 0 0 11196.680601 11197.181567 11197.682543 11197.882930 11199.886826 11200.913688 1 C 
 28 366 6 48 2 2 LL 1  6  5  5  6 1 1 1.627747 0 0 11202.174613 11202.675579 11203.176553 11203.376947 11205.380839 11207.008586 1 C 
 28 367 6 49 2 3 LH 1  5  5  6  2 1 1 1.329752 0 0 11208.269796 11208.770762 11209.271738 11209.472125 11211.476021 11212.805772 1 C 
 28 368 6 50 1 2 NL 0  4  5  4  4 0 1 1.615325 0 0 11214.081092 11214.582067 11215.083032 11215.283422 11217.287323 11218.902649 1 C 
 28 369 6 51 2 1 LN 0  6  5  5  5 0 1 0.674327 0 0 11220.176274 11220.677240 11221.178216 11221.378604 11223.382499 11224.056826 1 C 
 28 370 6 52 2 1 LN 0  4  6  5  6 0 1 0.674462 0 0 11225.319606 11225.820572 11226.321549 11226.521935 11228.525833 11229.200295 1 C 
 28 371 6 53 2 2 LL 1  6  6  5  5 1 1 0.905789 0 0 11230.462933 11230.963903 11231.464877 11231.665266 11233.669162 11234.574950 1 C 
 28 372 6 54 3 3 HH 1  5  6  8  3 1 1 0.852557 0 0 11235.840055 11236.341022 11236.841996 11237.042386 11239.046281 11239.898839 1 C 
 28 373 6 55 1 1 NN 0  5  6  5  6 0 1 0.396180 0 0 11241.167074 11241.668044 11242.169021 11242.369409 11244.373304 11244.769483 1 C 
 28 374 6 56 2 3 LH 1  5  5  4  2 1 1 0.822314 0 0 11246.043221 11246.544190 11247.045164 11247.245553 11249.249448 11250.071763 1 C 
 28 375 6 57 3 1 HN 0  6  4  9  4 0 1 0.755780 0 0 11251.336843 11251.837814 11252.338791 11252.539179 11254.543072 11255.298852 1 C 
 28 376 6 58 1 1 NN 0  6  5  6  5 0 1 0.460890 0 0 11256.563671 11257.064641 11257.565615 11257.766004 11259.769899 11260.230789 1 C 
 28 377 6 59 1 3 NH 0  6  5  6  8 0 1 1.481525 0 0 11261.489915 11261.990887 11262.491857 11262.692252 11264.696142 11266.177667 1 C 
 28 378 6 60 1 2 NL 0  4  6  4  5 0 1 0.729484 0 0 11267.451505 11267.952473 11268.453447 11268.653836 11270.657732 11271.387216 1 C 
