 20   1 0 43 1 1 NN 0  5  4  5  4 0 1 8.702535 0 0 1949.655501 1950.157226 1950.658954 1950.859652 1952.866574 1961.569109 1 C 
 20   2 0 44 3 3 HH 1  6  6  3  3 1 1 2.765261 0 0 1962.817574 1963.319303 1963.821032 1964.021725 1966.028649 1968.793910 1 C 
 20   3 0 45 2 3 LH 1  6  4  5  7 1 1 2.569047 0 0 1970.042502 1970.544230 1971.045959 1971.246654 1973.253576 1975.822623 1 C 
 20   4 0 46 1 1 NN 0  4  4  4  4 0 1 3.036601 0 0 1977.066734 1977.568462 1978.070190 1978.270885 1980.277812 1983.314413 1 C 
 20   5 0 47 1 2 NL 0  6  4  6  5 0 1 1.868341 0 0 1984.559251 1985.060981 1985.562710 1985.763401 1987.770325 1989.638666 1 C 
 20   6 0 48 1 3 NH 0  4  4  4  7 0 1 1.414745 0 0 1990.897787 1991.399511 1991.901244 1992.101937 1994.108860 1995.523606 1 C 
 20   7 0 49 2 3 LH 1  4  6  5  3 1 1 1.201440 0 0 1996.768040 1997.269768 1997.771497 1997.972189 1999.979113 2001.180553 1 C 
 20   8 0 50 2 1 LN 0  5  4  6  4 0 1 1.206235 0 0 2002.437601 2002.939327 2003.441059 2003.641749 2005.648674 2006.854909 1 C 
 20   9 0 51 2 2 LL 1  5  4  6  5 1 1 2.209015 0 0 2008.107158 2008.608896 2009.110616 2009.311309 2011.318235 2013.527250 1 C 
 20  10 0 52 2 1 LN 0  6  5  5  5 0 1 1.355910 0 0 2014.780181 2015.281908 2015.783638 2015.984330 2017.991253 2019.347164 1 C 
 20  11 0 53 2 2 LL 1  6  6  5  5 1 1 2.545993 0 0 2020.600261 2021.101986 2021.603716 2021.804411 2023.811337 2026.357329 1 C 
 20  12 0 54 2 3 LH 1  4  4  5  1 1 1 2.298872 0 0 2027.607769 2028.109496 2028.611225 2028.811918 2030.818846 2033.117717 1 C 
 20  13 0 55 3 1 HN 0  5  5  8  5 0 1 2.885126 0 0 2034.364412 2034.866137 2035.367868 2035.568563 2037.575485 2040.460610 1 C 
 20  14 0 56 3 3 HH 1  5  5  8  2 1 1 1.025217 0 0 2041.706412 2042.208137 2042.709868 2042.910563 2044.917488 2045.942706 1 C 
 20  15 0 57 2 1 LN 0  6  4  5  4 0 1 1.316946 0 0 2047.192004 2047.693731 2048.195458 2048.396152 2050.403079 2051.720025 1 C 
 20  16 0 58 1 2 NL 0  5  6  5  5 0 1 1.734550 0 0 2052.978630 2053.480356 2053.982091 2054.182782 2056.189710 2057.924260 1 C 
 20  17 0 59 3 3 HH 1  6  6  9  9 1 1 1.844920 0 0 2059.183372 2059.685101 2060.186833 2060.387523 2062.394446 2064.239366 1 C 
 20  18 0 60 2 1 LN 0  5  5  6  5 0 1 1.036485 0 0 2065.488458 2065.990188 2066.491926 2066.692609 2068.699533 2069.736018 1 C 
 20  19 1  1 2 3 LH 1  4  6  5  9 1 1 0.979824 0 0 2073.867362 2074.369095 2074.870826 2075.071516 2077.078439 2078.058264 1 C 
 20  20 1  2 1 2 NL 0  4  5  4  4 1 0 2.581886 0 0 2079.302784 2079.804512 2080.306242 2080.506933 2082.513859 2085.095745 1 E 
 20  21 1  3 2 3 LH 1  4  5  5  8 0 0 1.579724 0 0 2086.343744 2086.845468 2087.347204 2087.547893 2089.554817 2091.134541 1 E 
 20  22 1  4 2 1 LN 0  5  4  6  4 0 1 1.112363 0 0 2092.381239 2092.882966 2093.384700 2093.585389 2095.592313 2096.704676 1 C 
 20  23 1  5 3 1 HN 0  6  4  3  4 0 1 1.409318 0 0 2097.950455 2098.452178 2098.953918 2099.154600 2101.161528 2102.570845 1 C 
 20  24 1  6 3 2 HL 1  4  4  1  5 1 1 1.518995 0 0 2103.820706 2104.322434 2104.824166 2105.024855 2107.031779 2108.550775 1 C 
 20  25 1  7 3 2 HL 1  4  4  1  5 1 1 0.887685 0 0 2109.808029 2110.309755 2110.811486 2111.012179 2113.019105 2113.906790 1 C 
 20  26 1  8 2 2 LL 1  6  6  5  5 1 1 0.952376 0 0 2115.159828 2115.661552 2116.163286 2116.363976 2118.370900 2119.323276 1 C 
 20  27 1  9 1 3 NH 0  6  6  6  3 0 1 0.754788 0 0 2120.578524 2121.080249 2121.581979 2121.782671 2123.789595 2124.544383 1 C 
 20  28 1 10 3 3 HH 1  6  4  9  1 1 1 1.346984 0 0 2125.796531 2126.298255 2126.799979 2127.000673 2129.007597 2130.354581 1 C 
 20  29 1 11 3 3 HH 1  5  5  2  8 1 1 1.223190 0 0 2131.599878 2132.101604 2132.603345 2132.804027 2134.810952 2136.034141 1 C 
 20  30 1 12 1 3 NH 0  4  4  4  7 0 1 0.512101 0 0 2137.286162 2137.787891 2138.289620 2138.490312 2140.497236 2141.009337 1 C 
 20  31 1 13 3 2 HL 1  5  6  2  5 0 0 2.102960 0 0 2142.253299 2142.755024 2143.256756 2143.457448 2145.464373 2147.567333 1 E 
 20  32 1 14 3 2 HL 1  4  5  1  6 1 1 2.571371 0 0 2148.825986 2149.327698 2149.829432 2150.030124 2152.037048 2154.608419 1 C 
 20  33 1 15 2 2 LL 1  6  4  5  5 1 1 2.306911 0 0 2155.866936 2156.368656 2156.870390 2157.071082 2159.078006 2161.384917 1 C 
 20  34 1 16 2 1 LN 0  4  4  5  4 0 1 1.877458 0 0 2162.640302 2163.142026 2163.643758 2163.844451 2165.851375 2167.728833 1 C 
 20  35 1 17 1 1 NN 0  4  4  4  4 0 1 1.596111 0 0 2168.978836 2169.480559 2169.982296 2170.182985 2172.189910 2173.786021 1 C 
 20  36 1 18 1 3 NH 0  5  4  5  1 0 1 3.251972 0 0 2175.033058 2175.534779 2176.036511 2176.237206 2178.244130 2181.496102 1 C 
 20  37 1 19 1 2 NL 0  6  6  6  5 0 1 0.743704 0 0 2182.742992 2183.244722 2183.746449 2183.947139 2185.954062 2186.697766 1 C 
 20  38 1 20 1 3 NH 0  4  4  4  7 0 1 1.200611 0 0 2187.944264 2188.445991 2188.947727 2189.148416 2191.155338 2192.355950 1 C 
 20  39 1 21 2 3 LH 1  5  4  4  7 1 1 1.365267 0 0 2193.613825 2194.115554 2194.617283 2194.817977 2196.824901 2198.190167 1 C 
 20  40 1 22 3 3 HH 1  5  6  8  9 1 1 0.992411 0 0 2199.433905 2199.935630 2200.437369 2200.638056 2202.644982 2203.637393 1 C 
 20  41 1 23 2 1 LN 0  5  6  6  6 0 1 1.625807 0 0 2204.886051 2205.387780 2205.889507 2206.090199 2208.097124 2209.722931 1 C 
 20  42 1 24 2 3 LH 1  4  4  5  7 1 1 1.178002 0 0 2210.973719 2211.475447 2211.977174 2212.177868 2214.184792 2215.362794 1 C 
 20  43 1 25 1 3 NH 0  4  6  4  3 0 1 2.025931 0 0 2216.609832 2217.111557 2217.613291 2217.813980 2219.820904 2221.846835 1 C 
 20  44 1 26 2 3 LH 1  6  6  5  3 1 1 1.806119 0 0 2223.098883 2223.600608 2224.102344 2224.303035 2226.309958 2228.116077 1 C 
 20  45 1 27 2 3 LH 1  4  6  5  9 1 1 1.277848 0 0 2229.370520 2229.872250 2230.373979 2230.574671 2232.581594 2233.859443 1 C 
 20  46 1 28 2 3 LH 1  4  5  5  2 1 1 2.736176 0 0 2235.106977 2235.608708 2236.110439 2236.311128 2238.318055 2241.054231 1 C 
 20  47 1 29 2 2 LL 1  6  4  5  5 1 1 1.591586 0 0 2242.298458 2242.800180 2243.301916 2243.502607 2245.509530 2247.101117 1 C 
 20  48 1 30 2 2 LL 1  5  4  4  5 1 1 1.519616 0 0 2248.352677 2248.854404 2249.356134 2249.556827 2251.563751 2253.083367 1 C 
 20  49 1 31 1 2 NL 0  5  4  5  5 0 1 0.711335 0 0 2254.339999 2254.841727 2255.343455 2255.544150 2257.551074 2258.262409 1 C 
 20  50 1 32 2 3 LH 1  6  6  5  3 1 1 1.982542 0 0 2259.507828 2260.009553 2260.511288 2260.711976 2262.718902 2264.701443 1 C 
 20  51 1 33 1 3 NH 0  5  5  5  8 0 1 1.503959 0 0 2265.946712 2266.448435 2266.950166 2267.150859 2269.157783 2270.661742 1 C 
 20  52 1 34 3 2 HL 1  4  6  7  5 1 1 1.167786 0 0 2271.917318 2272.419032 2272.920765 2273.121459 2275.128383 2276.296169 1 C 
 20  53 1 35 3 3 HH 1  5  4  8  1 1 1 1.057879 0 0 2277.553419 2278.055143 2278.556874 2278.757570 2280.764494 2281.822373 1 C 
 20  54 1 36 1 2 NL 0  5  5  5  6 0 1 1.475230 0 0 2283.072458 2283.574190 2284.075918 2284.276610 2286.283537 2287.758766 1 C 
 20  55 1 37 2 2 LL 1  5  5  6  4 0 0 2.290377 0 0 2289.009612 2289.511338 2290.013071 2290.213760 2292.220683 2294.511061 1 E 
 20  56 1 38 2 2 LL 1  5  4  4  5 1 1 2.125310 0 0 2295.766256 2296.267983 2296.769712 2296.970404 2298.977331 2301.102642 1 C 
 20  57 1 39 2 1 LN 0  5  4  4  4 0 1 1.288998 0 0 2302.355655 2302.857381 2303.359111 2303.559805 2305.566726 2306.855724 1 C 
 20  58 1 40 1 1 NN 0  6  6  6  6 0 1 1.696630 0 0 2308.108838 2308.610561 2309.112294 2309.312986 2311.319912 2313.016542 1 C 
 20  59 1 41 3 3 HH 1  4  5  7  2 1 1 0.930877 0 0 2314.263401 2314.765133 2315.266871 2315.467554 2317.474478 2318.405355 1 C 
 20  60 1 42 1 3 NH 0  4  5  4  8 0 1 1.723939 0 0 2319.648648 2320.150377 2320.652103 2320.852798 2322.859725 2324.583664 1 C 
 20  61 1 43 2 1 LN 0  6  4  5  4 1 0 2.720219 0 0 2325.836662 2326.338390 2326.840120 2327.040813 2329.047741 2331.767960 1 E 
 20  62 1 44 2 3 LH 1  5  5  6  2 1 1 0.952279 0 0 2333.011419 2333.513144 2334.014872 2334.215567 2336.222492 2337.174770 1 C 
 20  63 1 45 3 3 HH 1  6  4  3  1 1 1 0.864778 0 0 2338.430114 2338.931839 2339.433571 2339.634262 2341.641186 2342.505964 1 C 
 20  64 1 46 1 2 NL 0  5  5  5  6 0 1 0.750083 0 0 2343.765183 2344.266913 2344.768643 2344.969335 2346.976259 2347.726342 1 C 
 20  65 1 47 3 3 HH 1  4  4  7  1 1 1 1.733415 0 0 2348.983182 2349.484917 2349.986647 2350.187338 2352.194261 2353.927676 1 C 
 20  66 1 48 1 3 NH 0  6  5  6  8 0 1 2.065280 0 0 2355.171207 2355.672929 2356.174661 2356.375352 2358.382278 2360.447559 1 C 
 20  67 1 49 3 2 HL 1  4  5  7  6 1 1 2.318256 0 0 2361.693705 2362.195442 2362.697163 2362.897855 2364.904779 2367.223035 1 C 
 20  68 1 50 1 1 NN 0  6  5  6  5 0 1 1.402851 0 0 2368.467076 2368.968801 2369.470534 2369.671223 2371.678147 2373.080997 1 C 
 20  69 1 51 2 3 LH 1  5  5  6  2 1 1 1.635238 0 0 2374.337332 2374.839050 2375.340783 2375.541476 2377.548399 2379.183637 1 C 
 20  70 1 52 2 3 LH 1  4  5  5  2 1 1 2.147287 0 0 2380.441719 2380.943450 2381.445177 2381.645868 2383.652796 2385.800083 1 C 
 20  71 1 53 2 1 LN 0  6  5  5  5 0 1 1.360341 0 0 2387.047846 2387.549568 2388.051302 2388.251997 2390.258918 2391.619259 1 C 
 20  72 1 54 2 3 LH 1  4  6  5  9 1 1 1.745451 0 0 2392.867925 2393.369656 2393.871379 2394.072072 2396.078998 2397.824449 1 C 
 20  73 1 55 1 3 NH 0  4  6  4  3 0 1 1.327595 0 0 2399.072666 2399.574390 2400.076118 2400.276813 2402.283734 2403.611329 1 C 
 20  74 1 56 2 3 LH 1  4  4  5  7 1 1 1.410259 0 0 2404.859294 2405.361023 2405.862754 2406.063443 2408.070368 2409.480627 1 C 
 20  75 1 57 2 3 LH 1  4  5  5  2 1 1 2.164304 0 0 2410.729546 2411.231273 2411.733004 2411.933696 2413.940623 2416.104927 1 C 
 20  76 1 58 3 1 HN 0  5  4  2  4 0 1 2.840923 0 0 2417.352399 2417.854126 2418.355853 2418.556545 2420.563471 2423.404394 1 C 
 20  77 1 59 1 1 NN 0  5  4  5  4 0 1 1.189326 0 0 2424.660943 2425.162672 2425.664403 2425.865092 2427.872020 2429.061346 1 C 
 20  78 1 60 1 3 NH 0  6  5  6  8 0 1 1.206147 0 0 2430.313781 2430.815506 2431.317233 2431.517929 2433.524853 2434.731000 1 C 
 20  79 2  1 3 2 HL 1  5  6  8  5 1 1 1.894645 0 0 2513.166286 2513.668015 2514.169748 2514.370438 2516.377364 2518.272009 1 C 
 20  80 2  2 3 1 HN 0  4  6  1  6 0 1 0.915457 0 0 2519.521544 2520.023274 2520.525005 2520.725697 2522.732621 2523.648078 1 C 
 20  81 2  3 2 2 LL 1  5  4  4  5 1 1 1.603012 0 0 2524.906795 2525.408529 2525.910251 2526.110943 2528.117866 2529.720879 1 C 
 20  82 2  4 3 2 HL 1  6  6  3  5 1 1 0.727692 0 0 2530.977733 2531.479466 2531.981198 2532.181889 2534.188812 2534.916505 1 C 
 20  83 2  5 2 3 LH 1  4  6  5  3 1 1 1.503728 0 0 2536.162294 2536.664018 2537.165746 2537.366439 2539.373367 2540.877096 1 C 
 20  84 2  6 1 2 NL 0  5  5  5  6 0 1 1.414927 0 0 2542.132894 2542.634625 2543.136348 2543.337040 2545.343964 2546.758891 1 C 
 20  85 2  7 1 1 NN 0  5  6  5  6 0 1 1.232856 0 0 2548.003146 2548.504874 2549.006603 2549.207292 2551.214216 2552.447072 1 C 
 20  86 2  8 2 2 LL 1  5  5  6  6 1 1 1.975337 0 0 2553.706152 2554.207878 2554.709609 2554.910302 2556.917232 2558.892569 1 C 
 20  87 2  9 3 2 HL 1  6  6  3  5 0 0 1.492884 0 0 2560.145034 2560.646759 2561.148489 2561.349182 2563.356108 2564.848992 1 E 
 20  88 2 10 3 3 HH 1  6  5  3  2 1 1 0.882021 0 0 2566.098905 2566.600634 2567.102364 2567.303055 2569.309981 2570.192001 1 C 
 20  89 2 11 2 2 LL 1  6  4  5  5 1 1 1.553352 0 0 2571.450705 2571.952430 2572.454163 2572.654853 2574.661780 2576.215132 1 C 
 20  90 2 12 1 1 NN 0  5  4  5  4 0 1 1.063690 0 0 2577.471476 2577.973202 2578.474935 2578.675626 2580.682551 2581.746241 1 C 
 20  91 2 13 3 2 HL 1  5  4  8  5 1 1 3.292009 0 0 2582.990514 2583.492240 2583.993976 2584.194667 2586.201591 2589.493600 1 C 
 20  92 2 14 3 1 HN 0  4  5  7  5 0 1 0.864372 0 0 2590.750623 2591.252351 2591.754079 2591.954772 2593.961696 2594.826067 1 C 
 20  93 2 15 1 3 NH 0  6  6  6  9 0 1 0.782389 0 0 2596.068971 2596.570694 2597.072426 2597.273120 2599.280047 2600.062436 1 C 
 20  94 2 16 1 1 NN 0  5  5  5  5 0 1 0.980462 0 0 2601.320422 2601.822149 2602.323878 2602.524571 2604.531496 2605.511957 1 C 
 20  95 2 17 1 2 NL 0  4  6  4  5 0 1 0.727086 0 0 2606.755839 2607.257573 2607.759297 2607.959991 2609.966912 2610.693998 1 C 
 20  96 2 18 3 1 HN 0  6  4  9  4 0 1 2.620223 0 0 2611.940396 2612.442126 2612.943854 2613.144544 2615.151473 2617.771696 1 C 
 20  97 2 19 2 1 LN 0  6  4  5  4 0 1 0.881508 0 0 2619.014801 2619.516527 2620.018257 2620.218950 2622.225874 2623.107382 1 C 
 20  98 2 20 3 3 HH 1  5  4  2  7 1 1 0.831425 0 0 2624.366598 2624.868335 2625.370053 2625.570747 2627.577674 2628.409100 1 C 
 20  99 2 21 3 3 HH 1  4  6  1  9 1 1 0.672018 0 0 2629.668220 2630.169948 2630.671682 2630.872372 2632.879293 2633.551311 1 C 
 20 100 2 22 1 1 NN 0  4  4  4  4 0 1 1.233926 0 0 2634.802602 2635.304329 2635.806059 2636.006752 2638.013676 2639.247602 1 C 
 20 101 2 23 2 1 LN 0  6  4  5  4 0 1 0.948333 0 0 2640.505611 2641.007340 2641.509068 2641.709761 2643.716687 2644.665020 1 C 
 20 102 2 24 3 3 HH 1  4  4  1  1 1 1 0.787423 0 0 2645.924307 2646.426034 2646.927768 2647.128455 2649.135380 2649.922803 1 C 
 20 103 2 25 2 3 LH 1  6  4  5  1 1 1 2.673991 0 0 2651.175755 2651.677479 2652.179214 2652.379906 2654.386832 2657.060823 1 C 
 20 104 2 26 1 2 NL 0  4  4  4  5 0 1 0.732428 0 0 2658.317059 2658.818788 2659.320518 2659.521211 2661.528135 2662.260563 1 C 
 20 105 2 27 3 2 HL 1  5  5  8  6 1 1 1.326739 0 0 2663.518335 2664.020070 2664.521796 2664.722489 2666.729412 2668.056151 1 C 
 20 106 2 28 2 2 LL 1  5  5  6  4 1 1 1.524435 0 0 2669.304968 2669.806693 2670.308427 2670.509118 2672.516042 2674.040477 1 C 
 20 107 2 29 3 1 HN 0  6  6  3  6 0 1 0.842853 0 0 2675.292291 2675.794021 2676.295750 2676.496442 2678.503366 2679.346219 1 C 
 20 108 2 30 1 2 NL 0  4  5  4  4 0 1 2.846823 0 0 2680.593917 2681.095655 2681.597377 2681.798065 2683.804990 2686.651813 1 C 
 20 109 2 31 1 1 NN 0  6  5  6  5 0 1 0.985240 0 0 2687.902466 2688.404190 2688.905921 2689.106615 2691.113539 2692.098778 1 C 
 20 110 2 32 3 1 HN 0  5  6  8  6 0 1 0.941971 0 0 2693.354604 2693.856334 2694.358063 2694.558756 2696.565680 2697.507651 1 C 
 20 111 2 33 2 1 LN 0  5  5  4  5 0 1 0.826898 0 0 2698.756579 2699.258301 2699.760035 2699.960728 2701.967652 2702.794550 1 C 
 20 112 2 34 3 1 HN 0  5  5  2  5 0 1 0.583811 0 0 2704.041479 2704.543215 2705.044938 2705.245627 2707.252551 2707.836362 1 C 
 20 113 2 35 2 1 LN 0  5  5  4  5 0 1 0.573099 0 0 2709.092235 2709.593959 2710.095693 2710.296386 2712.303309 2712.876409 1 C 
 20 114 2 36 3 3 HH 1  6  5  9  8 1 1 0.672434 0 0 2714.126267 2714.627995 2715.129727 2715.330420 2717.337344 2718.009778 1 C 
 20 115 2 37 1 3 NH 0  6  6  6  3 0 1 0.859626 0 0 2719.260652 2719.762377 2720.264108 2720.464798 2722.471723 2723.331349 1 C 
 20 116 2 38 2 3 LH 1  4  4  5  7 1 1 0.765356 0 0 2724.578997 2725.080728 2725.582453 2725.783148 2727.790072 2728.555428 1 C 
 20 117 2 39 1 2 NL 0  5  5  5  6 0 1 0.738324 0 0 2729.813726 2730.315459 2730.817180 2731.017875 2733.024800 2733.763123 1 C 
 20 118 2 40 2 3 LH 1  5  5  4  2 1 1 0.649830 0 0 2735.015004 2735.516733 2736.018461 2736.219153 2738.226077 2738.875907 1 C 
 20 119 2 41 1 1 NN 0  5  4  5  4 0 1 0.803764 0 0 2740.132658 2740.634391 2741.136115 2741.336809 2743.343733 2744.147498 1 C 
 20 120 2 42 3 3 HH 1  4  5  7  8 1 1 0.705251 0 0 2745.400835 2745.902562 2746.404292 2746.604984 2748.611911 2749.317162 1 C 
 20 121 2 43 1 3 NH 0  4  4  4  7 0 1 0.831290 0 0 2750.568664 2751.070390 2751.572121 2751.772813 2753.779740 2754.611030 1 C 
 20 122 2 44 2 1 LN 0  5  6  4  6 0 1 1.833872 0 0 2755.870292 2756.372014 2756.873745 2757.074437 2759.081360 2760.915232 1 C 
 20 123 2 45 1 2 NL 0  6  5  6  4 0 1 1.102129 0 0 2762.158648 2762.660380 2763.162105 2763.362799 2765.369723 2766.471853 1 C 
 20 124 2 46 1 1 NN 0  6  5  6  5 0 1 0.925340 0 0 2767.727864 2768.229592 2768.731324 2768.932012 2770.938940 2771.864280 1 C 
 20 125 2 47 1 3 NH 0  6  5  6  2 0 1 0.831532 0 0 2773.113111 2773.614846 2774.116569 2774.317259 2776.324185 2777.155717 1 C 
 20 126 2 48 1 1 NN 0  5  4  5  4 0 1 0.661245 0 0 2778.414734 2778.916457 2779.418192 2779.618882 2781.625806 2782.287051 1 C 
 20 127 2 49 1 3 NH 0  4  5  4  8 0 1 1.085010 0 0 2783.532389 2784.034118 2784.535847 2784.736539 2786.743463 2787.828472 1 C 
 20 128 2 50 2 2 LL 1  4  6  5  5 1 1 1.167604 0 0 2789.084879 2789.586607 2790.088336 2790.289027 2792.295958 2793.463562 1 C 
 20 129 2 51 2 3 LH 1  4  6  5  3 1 1 1.536376 0 0 2794.720993 2795.222720 2795.724451 2795.925140 2797.932066 2799.468442 1 C 
 20 130 2 52 1 3 NH 0  6  4  6  7 0 1 0.831945 0 0 2800.725039 2801.226766 2801.728492 2801.929187 2803.936111 2804.768056 1 C 
 20 131 2 53 2 3 LH 1  4  6  5  3 1 1 2.074949 0 0 2806.026662 2806.528388 2807.030118 2807.230812 2809.237734 2811.312683 1 C 
 20 132 2 54 3 2 HL 1  4  4  7  5 1 1 1.078640 0 0 2812.565889 2813.067617 2813.569345 2813.770038 2815.776962 2816.855602 1 C 
 20 133 2 55 3 2 HL 1  6  6  3  5 1 1 0.909357 0 0 2818.101654 2818.603383 2819.105114 2819.305803 2821.312727 2822.222084 1 C 
 20 134 2 56 1 2 NL 0  5  4  5  5 0 1 1.799630 0 0 2823.470179 2823.971911 2824.473635 2824.674325 2826.681246 2828.480876 1 C 
 20 135 2 57 3 1 HN 0  4  6  1  6 0 1 4.030063 0 0 2829.725087 2830.226814 2830.728551 2830.929241 2832.936162 2836.966225 1 C 
 20 136 2 58 2 2 LL 1  5  5  6  6 1 1 1.150584 0 0 2838.221067 2838.722797 2839.224524 2839.425215 2841.432140 2842.582724 1 C 
 20 137 2 59 3 1 HN 0  6  5  3  5 0 1 1.716867 0 0 2843.840450 2844.342179 2844.843908 2845.044603 2847.051529 2848.768396 1 C 
 20 138 2 60 1 3 NH 0  5  6  5  9 0 1 1.047400 0 0 2850.011747 2850.513473 2851.015205 2851.215895 2853.222820 2854.270220 1 C 
 20 139 3  1 3 3 HH 1  6  5  3  8 1 1 1.189732 0 0 2928.816957 2929.318680 2929.820417 2930.021106 2932.028030 2933.217762 1 C 
 20 140 3  2 1 3 NH 0  4  4  4  1 0 1 0.809417 0 0 2934.469791 2934.971521 2935.473250 2935.673943 2937.680866 2938.490282 1 C 
 20 141 3  3 2 1 LN 0  5  6  4  6 0 1 1.273056 0 0 2939.737969 2940.239703 2940.741427 2940.942117 2942.949040 2944.222096 1 C 
 20 142 3  4 2 2 LL 1  6  4  5  5 1 1 1.854858 0 0 2945.474427 2945.976151 2946.477882 2946.678575 2948.685500 2950.540358 1 C 
 20 143 3  5 2 1 LN 0  5  5  4  5 0 1 0.941868 0 0 2951.796233 2952.297964 2952.799693 2953.000385 2955.007310 2955.949177 1 C 
 20 144 3  6 2 2 LL 1  4  6  5  5 0 0 2.267326 0 0 2957.198207 2957.699938 2958.201663 2958.402357 2960.409282 2962.676608 1 E 
 20 145 3  7 3 3 HH 1  6  5  9  2 1 1 0.903461 0 0 2963.921402 2964.423128 2964.924856 2965.125550 2967.132475 2968.035935 1 C 
 20 146 3  8 1 2 NL 0  5  4  5  5 0 1 1.073951 0 0 2969.289921 2969.791650 2970.293377 2970.494072 2972.500997 2973.574948 1 C 
 20 147 3  9 2 1 LN 0  4  5  5  5 0 1 1.013456 0 0 2974.825689 2975.327413 2975.829145 2976.029838 2978.036759 2979.050215 1 C 
 20 148 3 10 1 3 NH 0  5  5  5  8 0 1 3.549832 0 0 2980.294554 2980.796292 2981.298013 2981.498706 2983.505631 2987.055463 1 C 
 20 149 3 11 3 3 HH 1  6  6  9  3 1 1 1.062110 0 0 2988.305526 2988.807256 2989.308993 2989.509673 2991.516603 2992.578713 1 C 
 20 150 3 12 2 3 LH 1  4  6  5  9 1 1 1.882658 0 0 2993.824566 2994.326299 2994.828020 2995.028715 2997.035640 2998.918298 1 C 
 20 151 3 13 3 1 HN 0  5  4  2  4 0 1 1.245297 0 0 3000.163102 3000.664825 3001.166559 3001.367255 3003.374175 3004.619472 1 C 
 20 152 3 14 3 3 HH 1  4  5  1  2 1 1 0.814691 0 0 3005.866110 3006.367835 3006.869567 3007.070260 3009.077182 3009.891873 1 C 
 20 153 3 15 2 3 LH 1  5  6  4  3 0 0 2.372092 0 0 3011.151012 3011.652747 3012.154468 3012.355160 3014.362084 3016.734176 1 E 
 20 154 3 16 2 2 LL 1  6  4  5  5 1 1 1.019188 0 0 3017.991278 3018.493003 3018.994736 3019.195427 3021.202350 3022.221538 1 C 
 20 155 3 17 1 2 NL 0  6  6  6  5 0 1 2.108497 0 0 3023.476868 3023.978600 3024.480326 3024.681018 3026.687943 3028.796440 1 C 
 20 156 3 18 2 2 LL 1  4  6  5  5 1 1 0.815445 0 0 3030.049545 3030.551270 3031.053000 3031.253694 3033.260618 3034.076063 1 C 
 20 157 3 19 2 3 LH 1  4  6  5  3 1 1 0.980134 0 0 3035.334445 3035.836168 3036.337906 3036.538594 3038.545518 3039.525652 1 C 
 20 158 3 20 2 2 LL 1  6  5  5  6 1 1 3.641373 0 0 3040.769862 3041.271590 3041.773323 3041.974012 3043.980937 3047.622309 1 C 
 20 159 3 21 3 1 HN 0  4  5  7  5 0 1 1.376958 0 0 3048.881179 3049.382903 3049.884641 3050.085327 3052.092253 3053.469212 1 C 
 20 160 3 22 2 2 LL 1  6  4  5  5 1 1 1.216528 0 0 3054.717985 3055.219707 3055.721442 3055.922133 3057.929058 3059.145585 1 C 
 20 161 3 23 1 1 NN 0  6  4  6  4 0 1 1.095746 0 0 3060.404267 3060.905998 3061.407726 3061.608418 3063.615342 3064.711089 1 C 
 20 162 3 24 1 3 NH 0  6  6  6  3 0 1 0.881597 0 0 3065.956764 3066.458485 3066.960216 3067.160907 3069.167832 3070.049429 1 C 
 20 163 3 25 3 1 HN 0  5  4  8  4 0 1 1.122293 0 0 3071.308553 3071.810281 3072.312012 3072.512706 3074.519629 3075.641922 1 C 
 20 164 3 26 2 1 LN 0  6  4  5  4 0 1 1.062706 0 0 3076.894503 3077.396217 3077.897953 3078.098643 3080.105567 3081.168273 1 C 
 20 165 3 27 3 2 HL 1  5  5  2  6 1 1 0.881373 0 0 3082.413534 3082.915261 3083.416992 3083.617683 3085.624608 3086.505980 1 C 
 20 166 3 28 3 3 HH 1  4  6  7  3 1 1 2.218150 0 0 3087.765328 3088.267059 3088.768792 3088.969481 3090.976404 3093.194554 1 C 
 20 167 3 29 2 2 LL 1  5  6  6  5 1 1 2.448193 0 0 3094.438354 3094.940084 3095.441811 3095.642503 3097.649427 3100.097620 1 C 
 20 168 3 30 3 1 HN 0  5  6  8  6 0 1 3.230400 0 0 3101.345517 3101.847248 3102.348973 3102.549665 3104.556590 3107.786990 1 C 
 20 169 3 31 3 2 HL 1  5  5  2  4 1 1 1.568294 0 0 3109.038723 3109.540451 3110.042185 3110.242873 3112.249799 3113.818093 1 C 
 20 170 3 32 3 1 HN 0  6  5  3  5 0 1 0.875383 0 0 3115.076217 3115.577957 3116.079684 3116.280370 3118.287293 3119.162676 1 C 
 20 171 3 33 2 3 LH 1  6  4  5  7 1 1 2.344472 0 0 3120.411295 3120.913024 3121.414748 3121.615445 3123.622368 3125.966840 1 C 
 20 172 3 34 2 3 LH 1  5  4  6  1 1 1 1.134204 0 0 3127.218109 3127.719849 3128.221569 3128.422261 3130.429187 3131.563391 1 C 
 20 173 3 35 1 1 NN 0  6  5  6  5 0 1 1.487502 0 0 3132.820773 3133.322500 3133.824230 3134.024923 3136.031844 3137.519347 1 C 
 20 174 3 36 1 1 NN 0  5  4  5  4 0 1 0.781847 0 0 3138.774648 3139.276371 3139.778103 3139.978795 3141.985721 3142.767568 1 C 
 20 175 3 37 1 1 NN 0  4  6  4  6 0 1 0.765693 0 0 3144.026096 3144.527827 3145.029553 3145.230245 3147.237171 3148.002865 1 C 
 20 176 3 38 3 3 HH 1  5  4  2  7 1 1 0.787537 0 0 3149.260824 3149.762554 3150.264280 3150.464975 3152.471899 3153.259436 1 C 
 20 177 3 39 2 1 LN 0  6  5  5  5 0 1 1.013361 0 0 3154.512276 3155.014003 3155.515733 3155.716424 3157.723350 3158.736711 1 C 
 20 178 3 40 1 1 NN 0  5  5  5  5 0 1 0.644644 0 0 3159.981146 3160.482868 3160.984600 3161.185293 3163.192220 3163.836864 1 C 
 20 179 3 41 1 1 NN 0  4  6  4  6 0 1 0.755274 0 0 3165.082073 3165.583805 3166.085530 3166.286225 3168.293151 3169.048425 1 C 
 20 180 3 42 1 3 NH 0  4  5  4  8 0 1 1.650975 0 0 3170.300079 3170.801816 3171.303537 3171.504226 3173.511153 3175.162129 1 C 
 20 181 3 43 2 3 LH 1  6  4  5  1 1 1 0.820992 0 0 3176.421196 3176.922924 3177.424653 3177.625345 3179.632270 3180.453262 1 C 
 20 182 3 44 3 3 HH 1  5  6  2  3 1 1 1.360136 0 0 3181.706094 3182.207823 3182.709551 3182.910244 3184.917166 3186.277302 1 C 
 20 183 3 45 1 2 NL 0  5  6  5  5 0 1 1.480887 0 0 3187.526173 3188.027906 3188.529632 3188.730324 3190.737250 3192.218137 1 C 
 20 184 3 46 1 1 NN 0  5  4  5  4 0 1 0.737855 0 0 3193.463323 3193.965048 3194.466782 3194.667474 3196.674398 3197.412253 1 C 
 20 185 3 47 3 2 HL 1  6  6  3  5 1 1 2.272448 0 0 3198.664600 3199.166336 3199.668060 3199.868752 3201.875676 3204.148124 1 C 
 20 186 3 48 3 2 HL 1  4  5  7  6 1 1 1.805611 0 0 3205.404527 3205.906254 3206.407977 3206.608675 3208.615595 3210.421206 1 C 
 20 187 3 49 1 1 NN 0  5  4  5  4 0 1 0.804358 0 0 3211.676158 3212.177886 3212.679616 3212.880308 3214.887230 3215.691587 1 C 
 20 188 3 50 1 2 NL 0  5  5  5  4 1 0 3.033527 0 0 3216.944335 3217.446063 3217.947792 3218.148483 3220.155408 3223.188935 1 E 
 20 189 3 51 3 1 HN 0  6  4  9  4 0 1 1.155879 0 0 3224.436852 3224.938577 3225.440308 3225.641000 3227.647926 3228.803805 1 C 
 20 190 3 52 3 1 HN 0  6  6  9  6 0 1 2.202288 0 0 3230.056247 3230.557966 3231.059695 3231.260385 3233.267311 3235.469599 1 C 
 20 191 3 53 1 3 NH 0  6  6  6  3 0 1 1.162072 0 0 3236.712534 3237.214259 3237.715995 3237.916685 3239.923611 3241.085683 1 C 
 20 192 3 54 1 3 NH 0  4  6  4  9 0 1 1.046688 0 0 3242.331922 3242.833646 3243.335380 3243.536072 3245.542994 3246.589681 1 C 
 20 193 3 55 1 2 NL 0  4  5  4  4 0 1 0.946605 0 0 3247.834239 3248.335966 3248.837696 3249.038387 3251.045314 3251.991920 1 C 
 20 194 3 56 2 3 LH 1  4  5  5  2 1 1 1.519868 0 0 3253.236209 3253.737937 3254.239666 3254.440359 3256.447282 3257.967150 1 C 
 20 195 3 57 2 2 LL 1  5  4  4  5 1 1 1.800885 0 0 3259.223533 3259.725258 3260.226990 3260.427681 3262.434607 3264.235492 1 C 
 20 196 3 58 3 2 HL 1  5  5  2  4 0 0 0.979597 0 0 3265.478445 3265.980172 3266.481904 3266.682592 3268.689519 3269.669116 1 E 
 20 197 3 59 3 1 HN 0  4  4  1  4 0 1 1.155560 0 0 3270.913864 3271.415592 3271.917324 3272.118013 3274.124937 3275.280497 1 C 
 20 198 3 60 2 1 LN 0  5  5  6  5 0 1 1.414718 0 0 3276.533247 3277.034979 3277.536710 3277.737401 3279.744324 3281.159042 1 C 
 20 199 4  1 3 2 HL 1  4  6  1  5 1 1 2.448109 0 0 3339.901873 3340.403597 3340.905330 3341.106023 3343.112947 3345.561056 1 C 
 20 200 4  2 1 1 NN 0  5  5  5  5 0 1 1.947317 0 0 3346.809035 3347.310761 3347.812493 3348.013186 3350.020110 3351.967427 1 C 
 20 201 4  3 1 3 NH 0  5  6  5  3 0 1 0.710887 0 0 3353.214481 3353.716197 3354.217923 3354.418617 3356.425542 3357.136429 1 C 
 20 202 4  4 2 2 LL 1  4  6  5  5 1 1 1.784678 0 0 3358.382296 3358.884024 3359.385755 3359.586447 3361.593374 3363.378052 1 C 
 20 203 4  5 1 3 NH 0  6  5  6  2 0 1 1.657305 0 0 3364.637210 3365.138935 3365.640668 3365.841359 3367.848286 3369.505592 1 C 
 20 204 4  6 2 1 LN 0  4  4  5  4 0 1 3.137602 0 0 3370.758325 3371.260052 3371.761786 3371.962480 3373.969402 3377.107003 1 C 
 20 205 4  7 1 1 NN 0  6  5  6  5 0 1 1.134971 0 0 3378.351186 3378.852913 3379.354645 3379.555340 3381.562264 3382.697236 1 C 
 20 206 4  8 2 2 LL 1  5  4  6  5 1 1 1.794611 0 0 3383.953855 3384.455580 3384.957311 3385.158003 3387.164927 3388.959537 1 C 
 20 207 4  9 3 1 HN 0  5  5  2  5 0 1 1.696000 0 0 3390.208766 3390.710492 3391.212225 3391.412915 3393.419842 3395.115842 1 C 
 20 208 4 10 3 2 HL 1  6  4  9  5 0 0 3.026265 0 0 3396.363331 3396.865057 3397.366793 3397.567482 3399.574409 3402.600674 1 E 
 20 209 4 11 3 3 HH 1  4  6  1  9 1 1 2.202365 0 0 3403.855847 3404.357577 3404.859306 3405.059998 3407.066925 3409.269289 1 C 
 20 210 4 12 2 1 LN 0  4  5  5  5 0 1 0.837576 0 0 3410.512149 3411.013871 3411.515603 3411.716294 3413.723218 3414.560793 1 C 
 20 211 4 13 3 2 HL 1  6  4  3  5 1 1 0.931582 0 0 3415.813771 3416.315497 3416.817227 3417.017921 3419.024844 3419.956426 1 C 
 20 212 4 14 3 3 HH 1  6  6  3  9 1 1 1.090163 0 0 3421.215742 3421.717469 3422.219198 3422.419890 3424.426812 3425.516975 1 C 
 20 213 4 15 3 3 HH 1  5  6  2  9 1 1 0.881036 0 0 3426.768228 3427.269957 3427.771687 3427.972380 3429.979303 3430.860340 1 C 
 20 214 4 16 1 1 NN 0  6  5  6  5 0 1 1.944729 0 0 3432.103306 3432.605037 3433.106757 3433.307452 3435.314376 3437.259106 1 C 
 20 215 4 17 2 2 LL 1  6  5  5  4 1 1 2.026375 0 0 3438.508734 3439.010468 3439.512193 3439.712885 3441.719809 3443.746184 1 C 
 20 216 4 18 2 2 LL 1  6  6  5  5 1 1 2.129128 0 0 3444.997789 3445.499515 3446.001246 3446.201939 3448.208865 3450.337993 1 C 
 20 217 4 19 2 2 LL 1  5  5  6  4 1 1 2.245786 0 0 3451.587188 3452.088922 3452.590647 3452.791339 3454.798263 3457.044048 1 C 
 20 218 4 20 2 3 LH 1  6  5  5  2 1 1 1.557323 0 0 3458.293659 3458.795389 3459.297120 3459.497812 3461.504734 3463.062057 1 C 
 20 219 4 21 3 2 HL 1  5  4  8  5 1 1 1.855410 0 0 3464.314432 3464.816158 3465.317891 3465.518581 3467.525506 3469.380916 1 C 
 20 220 4 22 2 1 LN 0  4  6  5  6 0 1 1.476284 0 0 3470.636243 3471.137970 3471.639697 3471.840391 3473.847316 3475.323600 1 C 
 20 221 4 23 2 3 LH 1  5  5  6  8 1 1 0.803856 0 0 3476.573393 3477.075119 3477.576847 3477.777542 3479.784466 3480.588322 1 C 
 20 222 4 24 1 3 NH 0  5  5  5  2 0 1 1.751735 0 0 3481.841568 3482.343296 3482.845023 3483.045717 3485.052641 3486.804375 1 C 
 20 223 4 25 2 2 LL 1  6  4  5  5 1 1 1.156607 0 0 3488.063031 3488.564762 3489.066491 3489.267185 3491.274105 3492.430712 1 C 
 20 224 4 26 3 3 HH 1  5  5  8  2 1 1 0.935435 0 0 3493.682419 3494.184145 3494.685875 3494.886568 3496.893493 3497.828928 1 C 
 20 225 4 27 3 1 HN 0  6  4  9  4 0 1 1.772343 0 0 3499.084400 3499.586115 3500.087846 3500.288537 3502.295461 3504.067804 1 C 
 20 226 4 28 2 3 LH 1  5  6  4  3 1 1 2.598200 0 0 3505.322578 3505.824306 3506.326034 3506.526727 3508.533654 3511.131853 1 C 
 20 227 4 29 3 3 HH 1  5  6  2  3 1 1 1.342724 0 0 3512.380270 3512.881983 3513.383720 3513.584410 3515.591337 3516.934061 1 C 
 20 228 4 30 3 2 HL 1  5  4  2  5 1 1 2.003544 0 0 3518.183615 3518.685341 3519.187074 3519.387765 3521.394690 3523.398234 1 C 
 20 229 4 31 3 2 HL 1  6  5  9  4 1 1 2.509895 0 0 3524.655946 3525.157671 3525.659401 3525.860094 3527.867020 3530.376915 1 C 
 20 230 4 32 2 2 LL 1  5  4  6  5 1 1 0.836888 0 0 3531.630003 3532.131729 3532.633470 3532.834154 3534.841081 3535.677969 1 C 
 20 231 4 33 2 3 LH 1  5  5  6  2 1 1 0.766377 0 0 3536.931630 3537.433358 3537.935084 3538.135779 3540.142705 3540.909082 1 C 
 20 232 4 34 2 3 LH 1  6  4  5  7 1 1 1.019250 0 0 3542.166356 3542.668082 3543.169813 3543.370504 3545.377432 3546.396682 1 C 
 20 233 4 35 2 2 LL 1  4  4  5  5 1 1 0.798746 0 0 3547.651945 3548.153675 3548.655407 3548.856097 3550.863024 3551.661770 1 C 
 20 234 4 36 3 3 HH 1  5  6  2  3 1 1 0.699416 0 0 3552.920122 3553.421851 3553.923580 3554.124272 3556.131197 3556.830613 1 C 
 20 235 4 37 3 1 HN 0  6  4  9  4 0 1 1.019772 0 0 3558.087953 3558.589679 3559.091410 3559.292103 3561.299023 3562.318795 1 C 
 20 236 4 38 2 2 LL 1  5  6  6  5 1 1 2.791460 0 0 3563.573545 3564.075268 3564.577004 3564.777694 3566.784618 3569.576078 1 C 
 20 237 4 39 3 1 HN 0  6  5  9  5 0 1 1.260665 0 0 3570.831916 3571.333645 3571.835376 3572.036068 3574.042995 3575.303660 1 C 
 20 238 4 40 1 1 NN 0  6  4  6  4 0 1 1.317250 0 0 3576.551651 3577.053379 3577.555110 3577.755802 3579.762726 3581.079976 1 C 
 20 239 4 41 3 3 HH 1  5  6  8  9 1 1 0.771362 0 0 3582.338282 3582.840008 3583.341740 3583.542430 3585.549359 3586.320721 1 C 
 20 240 4 42 1 1 NN 0  4  5  4  5 0 1 1.150835 0 0 3587.573009 3588.074739 3588.576469 3588.777159 3590.784082 3591.934918 1 C 
 20 241 4 43 2 1 LN 0  5  6  4  6 0 1 2.691423 0 0 3593.192396 3593.694119 3594.195851 3594.396545 3596.403470 3599.094893 1 C 
 20 242 4 44 2 3 LH 1  6  4  5  1 1 1 1.686006 0 0 3600.350426 3600.852160 3601.353885 3601.554574 3603.561501 3605.247507 1 C 
 20 243 4 45 2 3 LH 1  6  5  5  8 1 1 1.971458 0 0 3606.504990 3607.006720 3607.508447 3607.709141 3609.716065 3611.687523 1 C 
 20 244 4 46 2 1 LN 0  6  5  5  5 0 1 1.820841 0 0 3612.943874 3613.445601 3613.947328 3614.148022 3616.154947 3617.975788 1 C 
 20 245 4 47 1 2 NL 0  4  5  4  6 0 1 1.485799 0 0 3619.232234 3619.733961 3620.235694 3620.436383 3622.443308 3623.929106 1 C 
 20 246 4 48 3 2 HL 1  4  5  1  4 0 0 2.060045 0 0 3625.186110 3625.687835 3626.189566 3626.390258 3628.397184 3630.457230 1 E 
 20 247 4 49 2 2 LL 1  5  5  6  4 1 1 0.875566 0 0 3631.708610 3632.210339 3632.712069 3632.912765 3634.919685 3635.795251 1 C 
 20 248 4 50 3 3 HH 1  6  5  3  2 1 1 0.809525 0 0 3637.043683 3637.545411 3638.047144 3638.247836 3640.254756 3641.064282 1 C 
 20 249 4 51 2 1 LN 0  6  4  5  4 0 1 2.311863 0 0 3642.311857 3642.813590 3643.315313 3643.516009 3645.522936 3647.834799 1 C 
 20 250 4 52 3 1 HN 0  6  4  3  4 0 1 0.755209 0 0 3649.085228 3649.586954 3650.088688 3650.289379 3652.296301 3653.051510 1 C 
 20 251 4 53 3 2 HL 1  5  5  8  4 1 1 0.935989 0 0 3654.303228 3654.804964 3655.306687 3655.507379 3657.514301 3658.450290 1 C 
 20 252 4 54 1 3 NH 0  6  6  6  3 0 1 4.029428 0 0 3659.705198 3660.206930 3660.708660 3660.909347 3662.916274 3666.945702 1 C 
 20 253 4 55 3 2 HL 1  4  6  7  5 1 1 0.672156 0 0 3668.201178 3668.702911 3669.204638 3669.405327 3671.412251 3672.084407 1 C 
 20 254 4 56 2 1 LN 0  6  4  5  4 0 1 1.194984 0 0 3673.335565 3673.837284 3674.339018 3674.539707 3676.546632 3677.741616 1 C 
 20 255 4 57 1 1 NN 0  6  5  6  5 0 1 1.133267 0 0 3678.988396 3679.490120 3679.991851 3680.192544 3682.199465 3683.332732 1 C 
 20 256 4 58 1 3 NH 0  6  6  6  9 0 1 1.338391 0 0 3684.591058 3685.092780 3685.594514 3685.795206 3687.802131 3689.140522 1 C 
 20 257 4 59 3 2 HL 1  6  5  9  6 1 1 1.751856 0 0 3690.394413 3690.896137 3691.397867 3691.598561 3693.605485 3695.357341 1 C 
 20 258 4 60 3 3 HH 1  5  4  2  7 1 1 2.283306 0 0 3696.615875 3697.117601 3697.619334 3697.820026 3699.826949 3702.110255 1 C 
 20 259 5  1 2 1 LN 0  4  6  5  6 0 1 2.168614 0 0 3749.899703 3750.401432 3750.903163 3751.103855 3753.110779 3755.279394 1 C 
 20 260 5  2 3 3 HH 1  4  6  1  3 1 1 2.328231 0 0 3756.522553 3757.024281 3757.526012 3757.726703 3759.733631 3762.061861 1 C 
 20 261 5  3 3 3 HH 1  4  5  1  2 1 1 0.744121 0 0 3763.312645 3763.814371 3764.316102 3764.516797 3766.523723 3767.267845 1 C 
 20 262 5  4 3 3 HH 1  4  5  1  8 1 1 0.654625 0 0 3768.513926 3769.015649 3769.517382 3769.718075 3771.725001 3772.379626 1 C 
 20 263 5  5 3 3 HH 1  5  6  8  3 1 1 1.205672 0 0 3773.631582 3774.133310 3774.635039 3774.835731 3776.842657 3778.048329 1 C 
 20 264 5  6 2 3 LH 1  4  4  5  1 1 1 1.101458 0 0 3779.301141 3779.802868 3780.304598 3780.505288 3782.512216 3783.613674 1 C 
 20 265 5  7 1 1 NN 0  4  5  4  5 0 1 0.804155 0 0 3784.870361 3785.372079 3785.873812 3786.074504 3788.081431 3788.885586 1 C 
 20 266 5  8 3 2 HL 1  5  5  2  4 1 1 1.827999 0 0 3790.138531 3790.640256 3791.141987 3791.342680 3793.349602 3795.177601 1 C 
 20 267 5  9 1 1 NN 0  6  5  6  5 0 1 1.035288 0 0 3796.426890 3796.928616 3797.430349 3797.631042 3799.637966 3800.673254 1 C 
 20 268 5 10 3 2 HL 1  5  5  2  6 1 1 1.557382 0 0 3801.929209 3802.430932 3802.932666 3803.133358 3805.140282 3806.697664 1 C 
 20 269 5 11 3 2 HL 1  6  4  3  5 1 1 0.733418 0 0 3807.949985 3808.451706 3808.953437 3809.154130 3811.161054 3811.894472 1 C 
 20 270 5 12 2 2 LL 1  4  5  5  4 1 1 1.871953 0 0 3813.151259 3813.652987 3814.154713 3814.355408 3816.362332 3818.234285 1 C 
 20 271 5 13 3 3 HH 1  4  5  7  8 1 1 0.908610 0 0 3819.489791 3819.991519 3820.493253 3820.693943 3822.700866 3823.609476 1 C 
 20 272 5 14 3 3 HH 1  6  5  3  8 1 1 0.931020 0 0 3824.858312 3825.360038 3825.861772 3826.062464 3828.069387 3829.000407 1 C 
 20 273 5 15 2 3 LH 1  4  4  5  7 1 1 0.611612 0 0 3830.243559 3830.745286 3831.247017 3831.447712 3833.454636 3834.066248 1 C 
 20 274 5 16 2 3 LH 1  4  5  5  2 1 1 2.801188 0 0 3835.311038 3835.812769 3836.314497 3836.515192 3838.522117 3841.323304 1 C 
 20 275 5 17 2 1 LN 0  5  5  6  5 0 1 3.082552 0 0 3842.569419 3843.071153 3843.572872 3843.773567 3845.780492 3848.863043 1 C 
 20 276 5 18 1 2 NL 0  4  5  4  6 0 1 2.431592 0 0 3850.112108 3850.613840 3851.115567 3851.316257 3853.323180 3855.754772 1 C 
 20 277 5 19 1 3 NH 0  5  5  5  8 0 1 0.699571 0 0 3857.002547 3857.504275 3858.006009 3858.206695 3860.213619 3860.913190 1 C 
 20 278 5 20 2 2 LL 1  6  4  5  5 1 1 0.957939 0 0 3862.170375 3862.672103 3863.173832 3863.374524 3865.381451 3866.339390 1 C 
 20 279 5 21 3 1 HN 0  5  4  8  4 0 1 2.998772 0 0 3867.589070 3868.090795 3868.592527 3868.793219 3870.800145 3873.798917 1 C 
 20 280 5 22 3 2 HL 1  4  6  7  5 1 1 1.942981 0 0 3875.048139 3875.549860 3876.051596 3876.252289 3878.259210 3880.202190 1 C 
 20 281 5 23 2 2 LL 1  4  6  5  5 1 1 2.042225 0 0 3881.453569 3881.955295 3882.457024 3882.657718 3884.664643 3886.706867 1 C 
 20 282 5 24 2 3 LH 1  4  6  5  3 1 1 1.376916 0 0 3887.959348 3888.461079 3888.962805 3889.163497 3891.170424 3892.547339 1 C 
 20 283 5 25 3 2 HL 1  6  6  3  5 1 1 0.754068 0 0 3893.796150 3894.297880 3894.799610 3895.000301 3897.007227 3897.761295 1 C 
 20 284 5 26 3 1 HN 0  6  5  3  5 0 1 2.008451 0 0 3899.014152 3899.515884 3900.017610 3900.218303 3902.225224 3904.233675 1 C 
 20 285 5 27 3 2 HL 1  4  5  7  4 1 1 0.770793 0 0 3905.486481 3905.988211 3906.489938 3906.690631 3908.697553 3909.468347 1 C 
 20 286 5 28 3 2 HL 1  4  6  7  5 1 1 1.381108 0 0 3910.721209 3911.222936 3911.724663 3911.925358 3913.932282 3915.313390 1 C 
 20 287 5 29 3 2 HL 1  6  4  3  5 1 1 1.283027 0 0 3916.558012 3917.059741 3917.561470 3917.762162 3919.769086 3921.052113 1 C 
 20 288 5 30 3 3 HH 1  6  5  3  2 1 1 0.738154 0 0 3922.311193 3922.812919 3923.314652 3923.515344 3925.522268 3926.260422 1 C 
 20 289 5 31 1 3 NH 0  6  4  6  7 0 1 1.112337 0 0 3927.512473 3928.014201 3928.515930 3928.716622 3930.723551 3931.835888 1 C 
 20 290 5 32 2 1 LN 0  4  4  5  4 0 1 1.657662 0 0 3933.081688 3933.583413 3934.085146 3934.285837 3936.292760 3937.950421 1 C 
 20 291 5 33 2 1 LN 0  4  4  5  4 0 1 0.957397 0 0 3939.202806 3939.704533 3940.206262 3940.406955 3942.413881 3943.371278 1 C 
 20 292 5 34 3 1 HN 0  5  6  2  6 0 1 1.068115 0 0 3944.621496 3945.123225 3945.624954 3945.825649 3947.832573 3948.900688 1 C 
 20 293 5 35 3 1 HN 0  6  6  3  6 0 1 4.118158 0 0 3950.157265 3950.658991 3951.160724 3951.361413 3953.368340 3957.486497 1 C 
 20 294 5 36 2 1 LN 0  5  4  6  4 1 0 2.432305 0 0 3958.736864 3959.238591 3959.740320 3959.941011 3961.947940 3964.380245 1 E 
 20 295 5 37 2 1 LN 0  5  4  6  4 0 1 1.046489 0 0 3965.627305 3966.129036 3966.630761 3966.831453 3968.838376 3969.884865 1 C 
 20 296 5 38 3 2 HL 1  5  4  2  5 1 1 2.262719 0 0 3971.129619 3971.631349 3972.133073 3972.333768 3974.340693 3976.603412 1 C 
 20 297 5 39 1 3 NH 0  4  5  4  2 0 1 0.892856 0 0 3977.852819 3978.354538 3978.856277 3979.056964 3981.063888 3981.956744 1 C 
 20 298 5 40 1 1 NN 0  4  6  4  6 0 1 0.903006 0 0 3983.204609 3983.706335 3984.208066 3984.408761 3986.415688 3987.318694 1 C 
 20 299 5 41 3 3 HH 1  5  4  8  1 1 1 0.853178 0 0 3988.573134 3989.074857 3989.576593 3989.777282 3991.784207 3992.637385 1 C 
 20 300 5 42 3 3 HH 1  4  4  1  1 1 1 1.325025 0 0 3993.891483 3994.393219 3994.894939 3995.095631 3997.102555 3998.427580 1 C 
 20 301 5 43 1 2 NL 0  4  5  4  6 0 1 0.837538 0 0 3999.678112 4000.179839 4000.681569 4000.882262 4002.889186 4003.726724 1 C 
 20 302 5 44 1 1 NN 0  5  6  5  6 0 1 0.727056 0 0 4004.979737 4005.481464 4005.983192 4006.183885 4008.190809 4008.917866 1 C 
 20 303 5 45 1 2 NL 0  6  6  6  5 0 1 2.256270 0 0 4010.164286 4010.666019 4011.167747 4011.368439 4013.375362 4015.631632 1 C 
 20 304 5 46 1 2 NL 0  4  5  4  6 0 1 1.789727 0 0 4016.887487 4017.389212 4017.890942 4018.091634 4020.098559 4021.888285 1 C 
 20 305 5 47 2 3 LH 1  6  4  5  7 1 1 1.282417 0 0 4023.142398 4023.644128 4024.145855 4024.346547 4026.353472 4027.635889 1 C 
 20 306 5 48 2 3 LH 1  5  4  4  1 1 1 3.981881 0 0 4028.878855 4029.380581 4029.882314 4030.083004 4032.089928 4036.071810 1 C 
 20 307 5 49 1 1 NN 0  5  6  5  6 0 1 1.718142 0 0 4037.324661 4037.826383 4038.328117 4038.528809 4040.535736 4042.253878 1 C 
 20 308 5 50 1 2 NL 0  6  6  6  5 0 1 0.749454 0 0 4043.512676 4044.014404 4044.516133 4044.716825 4046.723749 4047.473203 1 C 
 20 309 5 51 1 2 NL 0  5  6  5  5 0 1 2.556566 0 0 4048.730679 4049.232410 4049.734136 4049.934827 4051.941749 4054.498315 1 C 
 20 310 5 52 3 2 HL 1  6  6  3  5 1 1 1.475666 0 0 4055.754910 4056.256637 4056.758368 4056.959059 4058.965985 4060.441651 1 C 
 20 311 5 53 3 2 HL 1  5  4  8  5 1 1 1.719297 0 0 4061.692064 4062.193787 4062.695518 4062.896211 4064.903135 4066.622431 1 C 
 20 312 5 54 1 3 NH 0  4  4  4  7 0 1 0.891796 0 0 4067.880075 4068.381806 4068.883534 4069.084226 4071.091150 4071.982946 1 C 
 20 313 5 55 2 2 LL 1  6  5  5  6 1 1 1.806075 0 0 4073.231872 4073.733600 4074.235331 4074.436021 4076.442947 4078.249023 1 C 
 20 314 5 56 1 1 NN 0  4  5  4  5 0 1 1.036108 0 0 4079.503511 4080.005240 4080.506969 4080.707661 4082.714585 4083.750693 1 C 
 20 315 5 57 3 2 HL 1  6  6  9  5 1 1 1.398810 0 0 4085.005828 4085.507556 4086.009285 4086.209976 4088.216901 4089.615711 1 C 
 20 316 5 58 3 3 HH 1  4  6  7  9 1 1 1.233861 0 0 4090.859354 4091.361089 4091.862811 4092.063503 4094.070429 4095.304290 1 C 
 20 317 5 59 2 2 LL 1  5  6  6  5 1 1 1.422294 0 0 4096.562367 4097.064093 4097.565821 4097.766514 4099.773438 4101.195732 1 C 
 20 318 5 60 3 1 HN 0  5  5  8  5 0 1 1.267983 0 0 4102.449352 4102.951068 4103.452800 4103.653489 4105.660414 4106.928397 1 C 
 20 319 6  1 1 2 NL 0  6  4  6  5 0 1 0.877027 0 0 4180.033681 4180.535399 4181.037131 4181.237825 4183.244751 4184.121778 1 C 
 20 320 6  2 3 3 HH 1  6  4  9  7 1 1 0.855109 0 0 4185.368750 4185.870485 4186.372207 4186.572897 4188.579822 4189.434931 1 C 
 20 321 6  3 1 3 NH 0  5  4  5  1 0 1 0.975605 0 0 4190.687096 4191.188825 4191.690551 4191.891246 4193.898170 4194.873774 1 C 
 20 322 6  4 2 2 LL 1  5  6  4  5 1 1 1.520266 0 0 4196.122516 4196.624239 4197.125972 4197.326665 4199.333589 4200.853855 1 C 
 20 323 6  5 1 2 NL 0  6  5  6  6 0 1 0.645414 0 0 4202.109839 4202.611563 4203.113293 4203.313987 4205.320911 4205.966325 1 C 
 20 324 6  6 3 3 HH 1  5  6  8  3 1 1 0.596359 0 0 4207.210772 4207.712497 4208.214227 4208.414922 4210.421844 4211.018203 1 C 
 20 325 6  7 2 2 LL 1  6  4  5  5 1 1 1.020225 0 0 4212.261529 4212.763264 4213.264983 4213.465678 4215.472603 4216.492827 1 C 
 20 326 6  8 3 1 HN 0  6  4  9  4 0 1 1.509282 0 0 4217.747119 4218.248849 4218.750581 4218.951269 4220.958196 4222.467479 1 C 
 20 327 6  9 2 3 LH 1  6  4  5  1 1 1 0.842737 0 0 4223.717721 4224.219445 4224.721176 4224.921869 4226.928793 4227.771530 1 C 
 20 328 6 10 2 2 LL 1  4  5  5  4 1 1 0.871127 0 0 4229.019343 4229.521076 4230.022799 4230.223493 4232.230416 4233.101543 1 C 
 20 329 6 11 3 2 HL 1  5  5  8  4 1 1 0.688934 0 0 4234.354417 4234.856147 4235.357873 4235.558566 4237.565490 4238.254424 1 C 
 20 330 6 12 3 2 HL 1  5  5  8  4 1 1 0.815833 0 0 4239.505521 4240.007244 4240.508977 4240.709670 4242.716594 4243.532427 1 C 
 20 331 6 13 1 2 NL 0  4  6  4  5 1 0 0.815020 0 0 4244.790418 4245.292155 4245.793880 4245.994567 4248.001496 4248.816517 1 E 
 20 332 6 14 1 2 NL 0  4  5  4  4 0 1 1.861630 0 0 4250.075317 4250.577055 4251.078780 4251.279470 4253.286394 4255.148024 1 C 
 20 333 6 15 3 3 HH 1  6  4  3  7 1 1 0.837789 0 0 4256.397131 4256.898866 4257.400599 4257.601278 4259.608204 4260.445993 1 C 
 20 334 6 16 2 2 LL 1  5  6  4  5 1 1 1.184591 0 0 4261.698758 4262.200486 4262.702214 4262.902902 4264.909825 4266.094416 1 C 
 20 335 6 17 1 2 NL 0  5  5  5  4 0 1 1.365925 0 0 4267.351589 4267.853322 4268.355044 4268.555740 4270.562666 4271.928590 1 C 
 20 336 6 18 2 3 LH 1  5  6  6  9 1 1 0.590400 0 0 4273.171672 4273.673396 4274.175125 4274.375819 4276.382745 4276.973145 1 C 
 20 337 6 19 2 2 LL 1  6  6  5  5 1 1 0.556288 0 0 4278.222429 4278.724156 4279.225886 4279.426579 4281.433501 4281.989789 1 C 
 20 338 6 20 1 2 NL 0  6  6  6  5 0 1 1.310958 0 0 4283.239736 4283.741467 4284.243195 4284.443899 4286.450812 4287.761770 1 C 
 20 339 6 21 1 1 NN 0  5  5  5  5 0 1 0.579170 0 0 4289.009642 4289.511379 4290.013104 4290.213794 4292.220718 4292.799888 1 C 
 20 340 6 22 2 1 LN 0  4  6  5  6 0 1 1.432765 0 0 4294.043676 4294.545402 4295.047135 4295.247829 4297.254752 4298.687517 1 C 
 20 341 6 23 3 2 HL 1  6  4  3  5 1 1 1.162846 0 0 4299.930655 4300.432379 4300.934109 4301.134805 4303.141732 4304.304578 1 C 
 20 342 6 24 2 2 LL 1  5  6  6  5 1 1 0.974313 0 0 4305.550043 4306.051768 4306.553502 4306.754192 4308.761115 4309.735428 1 C 
 20 343 6 25 2 2 LL 1  6  5  5  4 1 1 1.123324 0 0 4310.985460 4311.487185 4311.988918 4312.189610 4314.196534 4315.319857 1 C 
 20 344 6 26 1 1 NN 0  6  5  6  5 0 1 0.744012 0 0 4316.571398 4317.073127 4317.574855 4317.775549 4319.782473 4320.526485 1 C 
 20 345 6 27 2 3 LH 1  4  5  5  8 1 1 1.063020 0 0 4321.772678 4322.274401 4322.776138 4322.976827 4324.983754 4326.046774 1 C 
 20 346 6 28 1 3 NH 0  5  5  5  8 0 1 0.897674 0 0 4327.291728 4327.793446 4328.295172 4328.495867 4330.502792 4331.400466 1 C 
 20 347 6 29 3 2 HL 1  4  5  7  4 1 1 1.002887 0 0 4332.643516 4333.145244 4333.646975 4333.847665 4335.854589 4336.857475 1 C 
 20 348 6 30 1 2 NL 0  4  5  4  4 0 1 0.716748 0 0 4338.112383 4338.614120 4339.115843 4339.316532 4341.323458 4342.040206 1 C 
 20 349 6 31 3 2 HL 1  6  5  9  4 1 1 0.958602 0 0 4343.296938 4343.798660 4344.300390 4344.501086 4346.508010 4347.466612 1 C 
 20 350 6 32 1 1 NN 0  5  5  5  5 0 1 0.584735 0 0 4348.715630 4349.217355 4349.719091 4349.919782 4351.926704 4352.511439 1 C 
 20 351 6 33 3 1 HN 0  4  6  7  6 0 1 1.117719 0 0 4353.766387 4354.268118 4354.769847 4354.970539 4356.977463 4358.095182 1 C 
 20 352 6 34 1 2 NL 0  4  4  4  5 0 1 0.766055 0 0 4359.352332 4359.854055 4360.355785 4360.556477 4362.563402 4363.329457 1 C 
 20 353 6 35 2 1 LN 0  4  6  5  6 1 0 0.650502 0 0 4364.587059 4365.088780 4365.590513 4365.791202 4367.798130 4368.448632 1 E 
 20 354 6 36 2 1 LN 0  6  5  5  5 0 1 0.600315 0 0 4369.704711 4370.206432 4370.708168 4370.908859 4372.915783 4373.516097 1 C 
 20 355 6 37 3 1 HN 0  5  5  8  5 0 1 0.672351 0 0 4374.772193 4375.273929 4375.775653 4375.976345 4377.983267 4378.655618 1 C 
 20 356 6 38 1 3 NH 0  6  4  6  1 0 1 0.821509 0 0 4379.906573 4380.408296 4380.910030 4381.110725 4383.117647 4383.939156 1 C 
 20 357 6 39 2 2 LL 1  6  6  5  5 1 1 0.744049 0 0 4385.191475 4385.693197 4386.194930 4386.395622 4388.402548 4389.146597 1 C 
 20 358 6 40 1 2 NL 0  5  4  5  5 0 1 0.556689 0 0 4390.392752 4390.894476 4391.396211 4391.596900 4393.603823 4394.160512 1 C 
 20 359 6 41 3 3 HH 1  4  4  7  1 1 1 0.518642 0 0 4395.410060 4395.911784 4396.413517 4396.614207 4398.621136 4399.139779 1 C 
 20 360 6 42 3 1 HN 0  4  5  7  5 0 1 0.677436 0 0 4400.393922 4400.895650 4401.397379 4401.598071 4403.604995 4404.282431 1 C 
 20 361 6 43 2 3 LH 1  6  4  5  7 0 0 0.562060 0 0 4405.528306 4406.030025 4406.531759 4406.732451 4408.739375 4409.301435 1 E 
 20 362 6 44 2 1 LN 0  5  6  6  6 0 1 0.765843 0 0 4410.545611 4411.047335 4411.549069 4411.749762 4413.756686 4414.522530 1 C 
 20 363 6 45 2 1 LN 0  5  4  4  4 0 1 0.931678 0 0 4415.780338 4416.282072 4416.783795 4416.984487 4418.991415 4419.923092 1 C 
 20 364 6 46 3 3 HH 1  4  4  7  1 1 1 0.738661 0 0 4421.182304 4421.684038 4422.185766 4422.386458 4424.393382 4425.132043 1 C 
 20 365 6 47 1 1 NN 0  6  4  6  4 0 1 0.683821 0 0 4426.383582 4426.885312 4427.387044 4427.587736 4429.594660 4430.278481 1 C 
 20 366 6 48 2 1 LN 0  5  6  6  6 0 1 0.980389 0 0 4431.534693 4432.036414 4432.538149 4432.738840 4434.745767 4435.726156 1 C 
 20 367 6 49 1 2 NL 0  6  6  6  5 0 1 0.733228 0 0 4436.970112 4437.471840 4437.973569 4438.174259 4440.181183 4440.914412 1 C 
 20 368 6 50 3 1 HN 0  5  4  2  4 0 1 0.820585 0 0 4442.171388 4442.673112 4443.174841 4443.375537 4445.382459 4446.203044 1 C 
 20 369 6 51 1 2 NL 0  5  6  5  5 0 1 0.655841 0 0 4447.456286 4447.958014 4448.459742 4448.660437 4450.667361 4451.323202 1 C 
 20 370 6 52 3 1 HN 0  4  4  1  4 0 1 0.793139 0 0 4452.573944 4453.075669 4453.577403 4453.778090 4455.785019 4456.578158 1 C 
 20 371 6 53 3 1 HN 0  4  4  7  4 0 1 0.694828 0 0 4457.825394 4458.327127 4458.828855 4459.029543 4461.036471 4461.731298 1 C 
 20 372 6 54 3 3 HH 1  4  4  1  1 1 1 0.969322 0 0 4462.976501 4463.478225 4463.979955 4464.180646 4466.187572 4467.156895 1 C 
 20 373 6 55 2 2 LL 1  5  5  4  4 1 1 1.727990 0 0 4468.411925 4468.913646 4469.415372 4469.616067 4471.622992 4473.350982 1 C 
 20 374 6 56 3 1 HN 0  4  5  1  5 0 1 0.661038 0 0 4474.599933 4475.101662 4475.603391 4475.804082 4477.811007 4478.472045 1 C 
 20 375 6 57 1 2 NL 0  4  6  4  5 0 1 0.710834 0 0 4479.717600 4480.219316 4480.721047 4480.921739 4482.928662 4483.639496 1 C 
 20 376 6 58 1 3 NH 0  5  6  5  3 0 1 0.622429 0 0 4484.885425 4485.387145 4485.888876 4486.089571 4488.096494 4488.718924 1 C 
 20 377 6 59 2 3 LH 1  4  5  5  8 0 0 0.616921 0 0 4489.969627 4490.471353 4490.973083 4491.173777 4493.180700 4493.797621 1 E 
 20 378 6 60 2 2 LL 1  6  5  5  4 1 1 1.222798 0 0 4495.053834 4495.555562 4496.057291 4496.257983 4498.264907 4499.487705 1 C 
