 11   1 0 43 2 2 LL 1  6  6  5  5 1 1 52.859324 0 0 9099.166748 9099.667718 9100.168694 9100.369083 9102.372981 9155.232305 1 C 
 11   2 0 44 3 2 HL 1  6  5  3  6 1 1 8.656721 0 0 9156.494860 9156.995826 9157.496804 9157.697190 9159.701085 9168.357806 1 C 
 11   3 0 45 3 1 HN 0  5  5  8  5 1 0 12.949416 0 0 9169.620370 9170.121341 9170.622317 9170.822705 9172.826601 9185.776016 1 E 
 11   4 0 46 3 1 HN 0  6  6  9  6 1 0 5.823347 0 0 9187.037564 9187.538540 9188.039509 9188.239895 9190.243789 9196.067136 1 E 
 11   5 0 47 3 2 HL 1  5  6  2  5 1 1 8.239211 0 0 9197.340929 9197.841898 9198.342871 9198.543257 9200.547152 9208.786363 1 C 
 11   6 0 48 1 1 NN 0  4  4  4  4 0 1 1.002018 0 0 9210.048964 9210.549930 9211.050908 9211.251294 9213.255195 9214.257213 1 C 
 11   7 0 49 2 2 LL 1  6  4  5  5 1 1 0.996090 0 0 9215.526278 9216.027245 9216.528222 9216.728608 9218.732504 9219.728595 1 C 
 11   8 0 50 1 2 NL 0  4  4  4  5 0 1 3.936191 0 0 9221.003590 9221.504560 9222.005536 9222.205922 9224.209818 9228.146009 1 C 
 11   9 0 51 2 3 LH 1  4  4  5  1 1 1 1.431767 0 0 9229.419952 9229.920924 9230.421895 9230.622283 9232.626176 9234.057942 1 C 
 11  10 0 52 2 3 LH 1  4  6  5  3 1 1 0.847043 0 0 9235.331447 9235.832410 9236.333385 9236.533774 9238.537670 9239.384713 1 C 
 11  11 0 53 2 3 LH 1  4  5  5  2 0 0 2.878895 0 0 9240.658466 9241.159433 9241.660411 9241.860796 9243.864692 9246.743587 1 E 
 11  12 0 54 3 2 HL 1  4  4  1  5 1 1 0.805288 0 0 9248.006081 9248.507050 9249.008026 9249.208413 9251.212308 9252.017596 1 C 
 11  13 0 55 3 1 HN 0  6  6  9  6 1 0 1.225647 0 0 9253.283006 9253.783975 9254.284948 9254.485337 9256.489233 9257.714880 1 E 
 11  14 0 56 1 3 NH 0  5  4  5  1 1 0 4.296652 0 0 9258.977409 9259.478376 9259.979351 9260.179740 9262.183635 9266.480287 1 E 
 11  15 0 57 3 2 HL 1  6  4  9  5 1 1 1.829570 0 0 9267.744452 9268.245419 9268.746393 9268.946783 9270.950678 9272.780248 1 C 
 11  16 0 58 2 2 LL 1  4  4  5  5 1 1 2.365840 0 0 9274.040019 9274.540995 9275.041964 9275.242354 9277.246249 9279.612090 1 C 
 11  17 0 59 3 3 HH 1  6  5  9  2 1 1 1.284592 0 0 9280.886663 9281.387633 9281.888609 9282.088997 9284.092892 9285.377484 1 C 
 11  18 0 60 2 1 LN 0  4  5  5  5 1 0 1.117606 0 0 9286.647861 9287.148831 9287.649808 9287.850196 9289.854091 9290.971697 1 E 
 11  19 1  1 1 1 NN 0  4  6  4  6 0 1 1.428005 0 0 9310.527616 9311.028585 9311.529563 9311.729951 9313.733844 9315.161850 1 C 
 11  20 1  2 1 3 NH 0  6  6  6  3 0 1 1.903248 0 0 9316.422418 9316.923378 9317.424352 9317.624741 9319.628647 9321.531895 1 C 
 11  21 1  3 3 3 HH 1  5  5  2  2 1 1 0.940552 0 0 9322.801478 9323.302445 9323.803419 9324.003808 9326.007704 9326.948256 1 C 
 11  22 1  4 2 2 LL 1  4  6  5  5 1 1 0.748530 0 0 9328.211996 9328.712967 9329.213940 9329.414326 9331.418221 9332.166751 1 C 
 11  23 1  5 2 2 LL 1  6  6  5  5 0 0 1.417867 0 0 9333.438822 9333.939789 9334.440766 9334.641154 9336.645057 9338.062925 1 E 
 11  24 1  6 1 2 NL 0  5  5  5  4 0 1 2.411231 0 0 9339.333613 9339.834586 9340.335559 9340.535945 9342.539852 9344.951082 1 C 
 11  25 1  7 2 1 LN 0  4  5  5  5 0 1 1.815555 0 0 9346.213654 9346.714623 9347.215599 9347.415987 9349.419892 9351.235447 1 C 
 11  26 1  8 3 2 HL 1  4  5  7  4 1 1 0.961702 0 0 9352.509225 9353.010194 9353.511170 9353.711559 9355.715454 9356.677155 1 C 
 11  27 1  9 3 2 HL 1  6  4  3  5 1 1 0.862304 0 0 9357.936444 9358.437411 9358.938384 9359.138775 9361.142674 9362.004978 1 C 
 11  28 1 10 3 3 HH 1  6  5  9  2 1 1 0.776722 0 0 9363.280164 9363.781131 9364.282110 9364.482495 9366.486391 9367.263113 1 C 
 11  29 1 11 3 3 HH 1  4  4  1  7 1 1 0.741316 0 0 9368.523692 9369.024662 9369.525636 9369.726021 9371.729922 9372.471238 1 C 
 11  30 1 12 2 3 LH 1  6  5  5  8 1 1 0.783818 0 0 9373.733816 9374.234786 9374.735762 9374.936150 9376.940046 9377.723864 1 C 
 11  31 1 13 3 1 HN 0  4  4  1  4 1 0 1.259718 0 0 9378.994041 9379.495011 9379.995989 9380.196377 9382.200271 9383.459989 1 E 
 11  32 1 14 3 3 HH 1  4  6  7  9 1 1 1.336823 0 0 9384.721846 9385.222813 9385.723793 9385.924177 9387.928074 9389.264897 1 C 
 11  33 1 15 3 2 HL 1  6  6  3  5 1 1 1.910287 0 0 9390.533143 9391.034110 9391.535087 9391.735473 9393.739368 9395.649655 1 C 
 11  34 1 16 2 3 LH 1  5  4  6  7 1 1 1.319466 0 0 9396.912207 9397.413176 9397.914153 9398.114540 9400.118434 9401.437900 1 C 
 11  35 1 17 2 1 LN 0  4  5  5  5 0 1 1.676406 0 0 9402.706806 9403.207774 9403.708752 9403.909137 9405.913033 9407.589439 1 C 
 11  36 1 18 1 3 NH 0  5  6  5  9 1 0 0.876466 0 0 9408.852083 9409.353054 9409.854030 9410.054417 9412.058311 9412.934777 1 E 
 11  37 1 19 3 2 HL 1  4  6  7  5 1 1 0.831903 0 0 9414.195810 9414.696774 9415.197752 9415.398138 9417.402033 9418.233936 1 C 
 11  38 1 20 3 1 HN 0  4  6  7  6 0 1 0.880463 0 0 9419.506126 9420.007097 9420.508075 9420.708461 9422.712356 9423.592819 1 C 
 11  39 1 21 3 3 HH 1  4  6  7  9 0 0 1.893538 0 0 9424.866559 9425.367518 9425.868493 9426.068881 9428.072777 9429.966315 1 E 
 11  40 1 22 1 1 NN 0  5  6  5  6 0 1 2.261562 0 0 9431.228919 9431.729885 9432.230861 9432.431247 9434.435144 9436.696707 1 C 
 11  41 1 23 3 3 HH 1  5  6  8  3 1 1 0.858206 0 0 9437.958665 9438.459635 9438.960608 9439.160998 9441.164893 9442.023099 1 C 
 11  42 1 24 2 3 LH 1  6  4  5  1 1 1 1.050581 0 0 9443.285689 9443.786656 9444.287633 9444.488019 9446.491915 9447.542496 1 C 
 11  43 1 25 3 1 HN 0  6  5  9  5 1 0 1.709850 0 0 9448.813105 9449.314067 9449.815043 9450.015431 9452.019325 9453.729175 1 E 
 11  44 1 26 1 2 NL 0  4  5  4  6 0 1 1.720957 0 0 9454.991779 9455.492745 9455.993721 9456.194109 9458.198003 9459.918961 1 C 
 11  45 1 27 3 1 HN 0  5  4  8  4 0 1 1.832278 0 0 9461.187153 9461.688125 9462.189096 9462.389485 9464.393381 9466.225659 1 C 
 11  46 1 28 1 2 NL 0  4  5  4  6 0 1 1.743274 0 0 9467.499426 9468.000392 9468.501370 9468.701755 9470.705651 9472.448925 1 C 
 11  47 1 29 2 3 LH 1  5  6  4  3 1 1 0.906464 0 0 9473.711501 9474.212468 9474.713445 9474.913831 9476.917727 9477.824191 1 C 
 11  48 1 30 3 2 HL 1  6  5  3  6 0 0 2.650315 0 0 9479.088620 9479.589588 9480.090561 9480.290951 9482.294846 9484.945161 1 E 
 11  49 1 31 2 3 LH 1  6  5  5  8 1 1 1.225787 0 0 9486.219147 9486.720115 9487.221089 9487.421478 9489.425374 9490.651161 1 C 
 11  50 1 32 2 2 LL 1  6  6  5  5 1 1 0.746896 0 0 9491.913550 9492.414518 9492.915494 9493.115883 9495.119777 9495.866673 1 C 
 11  51 1 33 1 2 NL 0  4  6  4  5 1 0 1.609622 0 0 9497.140378 9497.641345 9498.142322 9498.342708 9500.346604 9501.956225 1 E 
 11  52 1 34 1 2 NL 0  4  6  4  5 0 1 1.425981 0 0 9503.218861 9503.719828 9504.220802 9504.421189 9506.425087 9507.851067 1 C 
 11  53 1 35 3 2 HL 1  5  4  2  5 1 1 2.010423 0 0 9509.113653 9509.614620 9510.115597 9510.315983 9512.319885 9514.330308 1 C 
 11  54 1 36 3 2 HL 1  6  5  3  4 1 1 0.874835 0 0 9515.592912 9516.093882 9516.594858 9516.795245 9518.799141 9519.673976 1 C 
 11  55 1 37 1 1 NN 0  4  6  4  6 0 1 0.706226 0 0 9520.936636 9521.437607 9521.938577 9522.138967 9524.142861 9524.849088 1 C 
 11  56 1 38 2 3 LH 1  4  4  5  7 1 1 1.219825 0 0 9526.113362 9526.614332 9527.115310 9527.315696 9529.319589 9530.539413 1 C 
 11  57 1 39 2 2 LL 1  4  6  5  5 1 1 1.219851 0 0 9531.807773 9532.308735 9532.809712 9533.010098 9535.013996 9536.233847 1 C 
 11  58 1 40 1 1 NN 0  4  4  4  4 0 1 0.661764 0 0 9537.502169 9538.003137 9538.504114 9538.704502 9540.708398 9541.370161 1 C 
 11  59 1 41 1 3 NH 0  5  6  5  9 1 0 0.727239 0 0 9542.645501 9543.146469 9543.647446 9543.847834 9545.851728 9546.578968 1 E 
 11  60 1 42 3 2 HL 1  4  4  1  5 1 1 1.054242 0 0 9547.838931 9548.339899 9548.840876 9549.041262 9551.045157 9552.099399 1 C 
 11  61 1 43 2 3 LH 1  6  4  5  1 1 1 0.841260 0 0 9553.366342 9553.867308 9554.368287 9554.568673 9556.572569 9557.413829 1 C 
 11  62 1 44 2 1 LN 0  5  5  4  5 0 1 0.987096 0 0 9558.676666 9559.177633 9559.678610 9559.878995 9561.882892 9562.869988 1 C 
 11  63 1 45 2 1 LN 0  4  4  5  4 0 1 2.124307 0 0 9564.137279 9564.638248 9565.139225 9565.339611 9567.343507 9569.467814 1 C 
 11  64 1 46 2 3 LH 1  4  6  5  9 1 1 0.858198 0 0 9570.733435 9571.234407 9571.735377 9571.935767 9573.939663 9574.797861 1 C 
 11  65 1 47 3 2 HL 1  5  5  2  4 1 1 0.760462 0 0 9576.060455 9576.561425 9577.062401 9577.262789 9579.266684 9580.027147 1 C 
 11  66 1 48 3 2 HL 1  4  6  1  5 1 1 1.207814 0 0 9581.287285 9581.788253 9582.289229 9582.489616 9584.493511 9585.701325 1 C 
 11  67 1 49 1 2 NL 0  5  4  5  5 0 1 1.631781 0 0 9586.964989 9587.465960 9587.966934 9588.167320 9590.171215 9591.802996 1 C 
 11  68 1 50 1 2 NL 0  4  5  4  4 0 1 1.599959 0 0 9593.076870 9593.577840 9594.078815 9594.279201 9596.283098 9597.883057 1 C 
 11  69 1 51 3 1 HN 0  5  4  2  4 0 1 1.118173 0 0 9599.155353 9599.656320 9600.157294 9600.357683 9602.361579 9603.479751 1 C 
 11  70 1 52 1 2 NL 0  5  5  5  4 0 1 0.800948 0 0 9604.749558 9605.250528 9605.751505 9605.951891 9607.955786 9608.756733 1 C 
 11  71 1 53 1 1 NN 0  5  6  5  6 0 1 0.725960 0 0 9610.026484 9610.527453 9611.028429 9611.228815 9613.232711 9613.958671 1 C 
 11  72 1 54 2 2 LL 1  5  4  4  5 0 0 0.835922 0 0 9615.219916 9615.720880 9616.221855 9616.422245 9618.426140 9619.262062 1 E 
 11  73 1 55 1 3 NH 0  4  6  4  9 0 1 1.404106 0 0 9620.530236 9621.031204 9621.532178 9621.732568 9623.736462 9625.140568 1 C 
 11  74 1 56 3 1 HN 0  5  5  8  5 1 0 2.665069 0 0 9626.408331 9626.909297 9627.410275 9627.610660 9629.614555 9632.279623 1 E 
 11  75 1 57 1 3 NH 0  6  4  6  7 0 1 0.727217 0 0 9633.538854 9634.039826 9634.540800 9634.741191 9636.745093 9637.472310 1 C 
 11  76 1 58 2 2 LL 1  5  6  6  5 0 0 1.156317 0 0 9638.732287 9639.233256 9639.734228 9639.934618 9641.938513 9643.094831 1 E 
 11  77 1 59 2 3 LH 1  4  6  5  9 1 1 0.806628 0 0 9644.359896 9644.860860 9645.361838 9645.562223 9647.566119 9648.372747 1 C 
 11  78 1 60 1 1 NN 0  4  5  4  5 0 1 0.571078 0 0 9649.636814 9650.137785 9650.638761 9650.839148 9652.843044 9653.414122 1 C 
 11  79 2  1 3 1 HN 0  6  4  9  4 0 1 2.093905 0 0 9718.804602 9719.305577 9719.806548 9720.006937 9722.010833 9724.104738 1 C 
 11  80 2  2 1 1 NN 0  4  4  4  4 0 1 0.763348 0 0 9725.367366 9725.868331 9726.369310 9726.569696 9728.573590 9729.336938 1 C 
 11  81 2  3 3 3 HH 1  5  5  8  2 1 1 0.632730 0 0 9730.610891 9731.111858 9731.612836 9731.813221 9733.817117 9734.449847 1 C 
 11  82 2  4 3 2 HL 1  4  4  1  5 1 1 1.177173 0 0 9735.720821 9736.221791 9736.722765 9736.923155 9738.927051 9740.104223 1 C 
 11  83 2  5 3 1 HN 0  5  4  8  4 0 1 1.108565 0 0 9741.365137 9741.866097 9742.367074 9742.567460 9744.571355 9745.679920 1 C 
 11  84 2  6 2 3 LH 1  6  5  5  8 1 1 0.764917 0 0 9746.942643 9747.443608 9747.944580 9748.144968 9750.148865 9750.913782 1 C 
 11  85 2  7 2 1 LN 0  5  4  6  4 0 1 0.888294 0 0 9752.186160 9752.687132 9753.188109 9753.388495 9755.392391 9756.280685 1 C 
 11  86 2  8 2 2 LL 1  6  5  5  6 1 1 1.258079 0 0 9757.546587 9758.047555 9758.548526 9758.748916 9760.752821 9762.010900 1 C 
 11  87 2  9 1 2 NL 0  5  6  5  5 0 1 1.043697 0 0 9763.274387 9763.775354 9764.276329 9764.476717 9766.480610 9767.524307 1 C 
 11  88 2 10 3 3 HH 1  4  4  7  1 1 1 0.638399 0 0 9768.785098 9769.286065 9769.787040 9769.987429 9771.991324 9772.629724 1 C 
 11  89 2 11 1 3 NH 0  4  6  4  3 0 1 0.741304 0 0 9773.895030 9774.395998 9774.896973 9775.097362 9777.101258 9777.842561 1 C 
 11  90 2 12 2 3 LH 1  6  6  5  9 1 1 0.646462 0 0 9779.105160 9779.606127 9780.107104 9780.307490 9782.311385 9782.957847 1 C 
 11  91 2 13 3 2 HL 1  5  5  2  4 1 1 0.462951 0 0 9784.231792 9784.732757 9785.233733 9785.434123 9787.438018 9787.900969 1 C 
 11  92 2 14 2 1 LN 0  6  6  5  6 0 1 2.735394 0 0 9789.174734 9789.675701 9790.176675 9790.377065 9792.380967 9795.116361 1 C 
 11  93 2 15 2 3 LH 1  5  4  4  7 1 1 0.585478 0 0 9796.388757 9796.889724 9797.390702 9797.591088 9799.594984 9800.180461 1 C 
 11  94 2 16 2 3 LH 1  6  5  5  2 1 1 1.091974 0 0 9801.448594 9801.949564 9802.450537 9802.650921 9804.654819 9805.746793 1 C 
 11  95 2 17 1 1 NN 0  4  6  4  6 0 1 0.891563 0 0 9807.009399 9807.510372 9808.011346 9808.211734 9810.215628 9811.107191 1 C 
 11  96 2 18 3 2 HL 1  4  4  1  5 1 1 0.828324 0 0 9812.369820 9812.870795 9813.371765 9813.572154 9815.576049 9816.404374 1 C 
 11  97 2 19 3 3 HH 1  6  5  9  2 1 1 1.236676 0 0 9817.663444 9818.164414 9818.665390 9818.865777 9820.869682 9822.106358 1 C 
 11  98 2 20 2 2 LL 1  5  5  6  6 1 1 1.142087 0 0 9823.374546 9823.875516 9824.376490 9824.576879 9826.580775 9827.722862 1 C 
 11  99 2 21 3 3 HH 1  6  4  9  7 1 1 0.539322 0 0 9828.985457 9829.486427 9829.987400 9830.187787 9832.191682 9832.731004 1 C 
 11 100 2 22 1 1 NN 0  5  6  5  6 0 1 0.749457 0 0 9833.995192 9834.496162 9834.997138 9835.197525 9837.201420 9837.950878 1 C 
 11 101 2 23 2 2 LL 1  4  6  5  5 1 1 0.507504 0 0 9839.222019 9839.722987 9840.223963 9840.424352 9842.428248 9842.935752 1 C 
 11 102 2 24 1 3 NH 0  6  6  6  9 1 0 16.794671 0 0 9844.198358 9844.699329 9845.200305 9845.400693 9847.404588 9864.199259 1 E 
 11 103 2 25 1 2 NL 0  5  4  5  5 0 1 1.304932 0 0 9865.473050 9865.974019 9866.474993 9866.675380 9868.679278 9869.984210 1 C 
 11 104 2 26 3 2 HL 1  6  5  9  6 1 1 1.236648 0 0 9871.250950 9871.751916 9872.252888 9872.453281 9874.457176 9875.693824 1 C 
 11 105 2 27 1 3 NH 0  6  6  6  3 0 1 0.551788 0 0 9876.962053 9877.463017 9877.963993 9878.164382 9880.168278 9880.720065 1 C 
 11 106 2 28 2 3 LH 1  5  6  6  9 1 1 0.532706 0 0 9881.988490 9882.489457 9882.990431 9883.190820 9885.194716 9885.727421 1 C 
 11 107 2 29 2 3 LH 1  6  4  5  7 1 1 0.568855 0 0 9886.998226 9887.499194 9888.000169 9888.200558 9890.204454 9890.773310 1 C 
 11 108 2 30 2 3 LH 1  4  5  5  8 1 1 0.749377 0 0 9892.041363 9892.542332 9893.043309 9893.243694 9895.247589 9895.996966 1 C 
 11 109 2 31 3 2 HL 1  6  5  9  4 1 1 1.235662 0 0 9897.268185 9897.769159 9898.270132 9898.470522 9900.474418 9901.710080 1 C 
 11 110 2 32 3 3 HH 1  6  5  3  8 1 1 0.518551 0 0 9902.979293 9903.480261 9903.981235 9904.181624 9906.185519 9906.704070 1 C 
 11 111 2 33 1 2 NL 0  6  4  6  5 0 1 0.485277 0 0 9907.972334 9908.473301 9908.974271 9909.174664 9911.178559 9911.663836 1 C 
 11 112 2 34 2 3 LH 1  5  4  4  7 1 1 0.555844 0 0 9912.931985 9913.432941 9913.933916 9914.134305 9916.138201 9916.694045 1 C 
 11 113 2 35 3 3 HH 1  5  4  2  7 1 1 0.715266 0 0 9917.958410 9918.459379 9918.960357 9919.160742 9921.164638 9921.879904 1 C 
 11 114 2 36 1 1 NN 0  6  6  6  6 0 1 0.596549 0 0 9923.151844 9923.652808 9924.153781 9924.354173 9926.358071 9926.954619 1 C 
 11 115 2 37 3 2 HL 1  4  6  7  5 1 1 0.501904 0 0 9928.228382 9928.729343 9929.230321 9929.430706 9931.434602 9931.936506 1 C 
 11 116 2 38 3 3 HH 1  5  6  8  3 1 1 0.455752 0 0 9933.204719 9933.705683 9934.206657 9934.407049 9936.410942 9936.866695 1 C 
 11 117 2 39 1 1 NN 0  4  5  4  5 0 1 2.277443 0 0 9938.130961 9938.631926 9939.132900 9939.333289 9941.337185 9943.614628 1 C 
 11 118 2 40 1 2 NL 0  4  4  4  5 0 1 0.759561 0 0 9944.877404 9945.378374 9945.879349 9946.079738 9948.083632 9948.843193 1 C 
 11 119 2 41 2 1 LN 0  6  4  5  4 0 1 1.154564 0 0 9950.104234 9950.605205 9951.106178 9951.306564 9953.310459 9954.465024 1 C 
 11 120 2 42 2 2 LL 1  4  6  5  5 1 1 0.719016 0 0 9955.731836 9956.232807 9956.733784 9956.934171 9958.938066 9959.657082 1 C 
 11 121 2 43 2 2 LL 1  5  5  4  4 1 1 0.556679 0 0 9960.925269 9961.426237 9961.927210 9962.127600 9964.131495 9964.688174 1 C 
 11 122 2 44 1 3 NH 0  6  6  6  9 0 1 0.758048 0 0 9965.951706 9966.452674 9966.953648 9967.154037 9969.157932 9969.915979 1 C 
 11 123 2 45 2 2 LL 1  5  6  6  5 1 1 1.737659 0 0 9971.178534 9971.679501 9972.180478 9972.380864 9974.384760 9976.122419 1 C 
 11 124 2 46 3 3 HH 1  6  4  9  1 1 1 0.579139 0 0 9977.390609 9977.891576 9978.392551 9978.592940 9980.596837 9981.175976 1 C 
 11 125 2 47 1 2 NL 0  4  6  4  5 0 1 0.579918 0 0 9982.450445 9982.951417 9983.452390 9983.652776 9985.656679 9986.236597 1 C 
 11 126 2 48 2 2 LL 1  5  5  4  4 1 1 0.955207 0 0 9987.510282 9988.011248 9988.512224 9988.712612 9990.716517 9991.671724 1 C 
 11 127 2 49 2 3 LH 1  5  4  4  7 1 1 0.563112 0 0 9992.937495 9993.438465 9993.939443 9994.139828 9996.143722 9996.706834 1 C 
 11 128 2 50 2 2 LL 1  5  4  4  5 1 1 0.640099 0 0 9997.980634 9998.481603 9998.982576 9999.182964 10001.186860 10001.826960 1 C 
 11 129 2 51 2 2 LL 1  4  4  5  5 1 1 0.423987 0 0 10003.090568 10003.591535 10004.092512 10004.292898 10006.296794 10006.720781 1 C 
 11 130 2 52 3 2 HL 1  4  4  7  5 1 1 0.490796 0 0 10007.983410 10008.484380 10008.985356 10009.185743 10011.189639 10011.680435 1 C 
 11 131 2 53 3 2 HL 1  6  4  9  5 1 1 0.511560 0 0 10012.943053 10013.444022 10013.944995 10014.145384 10016.149279 10016.660839 1 C 
 11 132 2 54 1 3 NH 0  5  5  5  2 1 0 0.621739 0 0 10017.936093 10018.437063 10018.938034 10019.138426 10021.142319 10021.764058 1 E 
 11 133 2 55 1 1 NN 0  6  4  6  4 0 1 0.678880 0 0 10023.029323 10023.530295 10024.031271 10024.231657 10026.235553 10026.914433 1 C 
 11 134 2 56 2 2 LL 1  4  6  5  5 1 1 0.501937 0 0 10028.189358 10028.690325 10029.191301 10029.391689 10031.395584 10031.897521 1 C 
 11 135 2 57 2 1 LN 0  5  5  6  5 0 1 1.144483 0 0 10033.165699 10033.666666 10034.167642 10034.368026 10036.371924 10037.516407 1 C 
 11 136 2 58 2 3 LH 1  5  5  6  8 1 1 0.556201 0 0 10038.776606 10039.277572 10039.778550 10039.978935 10041.982831 10042.539032 1 C 
 11 137 2 59 3 3 HH 1  6  5  3  2 1 1 0.650138 0 0 10043.803043 10044.304013 10044.804987 10045.005373 10047.009279 10047.659416 1 C 
 11 138 2 60 2 1 LN 0  5  5  6  5 0 1 0.534648 0 0 10048.929675 10049.430642 10049.931620 10050.132006 10052.135901 10052.670549 1 C 
 11 139 3  1 2 1 LN 0  5  6  4  6 1 0 2.636401 0 0 10121.086602 10121.587576 10122.088550 10122.288940 10124.292835 10126.929236 1 E 
 11 140 3  2 1 2 NL 0  6  4  6  5 0 1 0.713444 0 0 10128.200443 10128.701405 10129.202382 10129.402768 10131.406663 10132.120106 1 C 
 11 141 3  3 1 2 NL 0  5  6  5  5 0 1 0.791280 0 0 10133.393865 10133.894833 10134.395809 10134.596197 10136.600093 10137.391372 1 C 
 11 142 3  4 1 1 NN 0  4  6  4  6 0 1 0.596563 0 0 10138.654091 10139.155060 10139.656033 10139.856422 10141.860319 10142.456881 1 C 
 11 143 3  5 2 2 LL 1  5  4  4  5 1 1 1.375893 0 0 10143.730628 10144.231595 10144.732571 10144.932957 10146.936853 10148.312746 1 C 
 11 144 3  6 2 3 LH 1  5  5  6  8 1 1 1.186658 0 0 10149.575318 10150.076289 10150.577264 10150.777653 10152.781548 10153.968206 1 C 
 11 145 3  7 1 2 NL 0  5  5  5  4 0 1 0.709196 0 0 10155.236324 10155.737296 10156.238270 10156.438656 10158.442552 10159.151748 1 C 
 11 146 3  8 2 2 LL 1  4  6  5  5 1 1 2.038294 0 0 10160.413055 10160.914027 10161.415000 10161.615387 10163.619282 10165.657576 1 C 
 11 147 3  9 2 1 LN 0  5  4  6  4 0 1 1.121613 0 0 10166.925716 10167.426685 10167.927660 10168.128046 10170.131942 10171.253555 1 C 
 11 148 3 10 3 1 HN 0  6  4  3  4 0 1 2.058567 0 0 10172.519925 10173.020891 10173.521869 10173.722254 10175.726154 10177.784721 1 C 
 11 149 3 11 3 2 HL 1  4  4  7  5 1 1 0.958385 0 0 10179.049280 10179.550250 10180.051224 10180.251612 10182.255510 10183.213894 1 C 
 11 150 3 12 1 1 NN 0  6  5  6  5 0 1 0.507498 0 0 10184.476496 10184.977464 10185.478442 10185.678830 10187.682723 10188.190221 1 C 
 11 151 3 13 3 2 HL 1  4  4  7  5 1 1 1.165065 0 0 10189.452836 10189.953807 10190.454781 10190.655171 10192.659066 10193.824131 1 C 
 11 152 3 14 2 2 LL 1  5  4  4  5 1 1 1.186619 0 0 10195.097148 10195.598113 10196.099089 10196.299476 10198.303371 10199.489990 1 C 
 11 153 3 15 2 1 LN 0  6  4  5  4 0 1 1.219957 0 0 10200.758150 10201.259117 10201.760094 10201.960481 10203.964388 10205.184345 1 C 
 11 154 3 16 1 1 NN 0  6  6  6  6 0 1 0.544171 0 0 10206.452554 10206.953518 10207.454494 10207.654883 10209.658778 10210.202949 1 C 
 11 155 3 17 2 1 LN 0  6  5  5  5 0 1 0.815346 0 0 10211.462290 10211.963260 10212.464233 10212.664621 10214.668518 10215.483864 1 C 
 11 156 3 18 1 3 NH 0  5  4  5  7 0 1 0.702349 0 0 10216.755915 10217.256884 10217.757860 10217.958245 10219.962141 10220.664489 1 C 
 11 157 3 19 1 2 NL 0  4  5  4  4 1 0 2.928852 0 0 10221.932643 10222.433612 10222.934588 10223.134976 10225.138871 10228.067723 1 E 
 11 158 3 20 2 2 LL 1  5  4  6  5 1 1 2.383206 0 0 10229.330356 10229.831324 10230.332299 10230.532690 10232.536585 10234.919791 1 C 
 11 159 3 21 3 1 HN 0  6  4  3  4 0 1 0.611975 0 0 10236.193700 10236.694667 10237.195643 10237.396031 10239.399927 10240.011901 1 C 
 11 160 3 22 1 2 NL 0  6  5  6  4 0 1 1.570858 0 0 10241.286934 10241.787900 10242.288879 10242.489265 10244.493160 10246.064018 1 C 
 11 161 3 23 2 3 LH 1  6  5  5  8 1 1 1.242257 0 0 10247.332020 10247.832987 10248.333963 10248.534349 10250.538245 10251.780503 1 C 
 11 162 3 24 3 2 HL 1  4  6  1  5 1 1 1.371603 0 0 10253.043118 10253.544088 10254.045062 10254.245449 10256.249346 10257.620949 1 C 
 11 163 3 25 2 1 LN 0  4  5  5  5 0 1 1.036086 0 0 10258.887817 10259.388783 10259.889761 10260.090146 10262.094041 10263.130127 1 C 
 11 164 3 26 1 1 NN 0  6  5  6  5 0 1 0.566409 0 0 10264.398525 10264.899498 10265.400478 10265.600858 10267.604755 10268.171164 1 C 
 11 165 3 27 3 2 HL 1  6  6  9  5 1 1 1.021183 0 0 10269.441662 10269.942633 10270.443610 10270.643995 10272.647891 10273.669074 1 C 
 11 166 3 28 2 3 LH 1  4  5  5  2 1 1 1.142057 0 0 10274.935674 10275.436645 10275.937620 10276.138010 10278.141904 10279.283961 1 C 
 11 167 3 29 2 3 LH 1  4  5  5  2 1 1 0.796929 0 0 10280.546581 10281.047554 10281.548530 10281.748915 10283.752810 10284.549739 1 C 
 11 168 3 30 1 1 NN 0  5  5  5  5 0 1 0.556173 0 0 10285.823507 10286.324476 10286.825454 10287.025840 10289.029736 10289.585910 1 C 
 11 169 3 31 2 2 LL 1  6  6  5  5 1 1 0.782552 0 0 10290.849945 10291.350917 10291.851890 10292.052278 10294.056174 10294.838726 1 C 
 11 170 3 32 1 2 NL 0  5  5  5  6 1 0 1.125370 0 0 10296.110172 10296.611140 10297.112113 10297.312504 10299.316399 10300.441768 1 E 
 11 171 3 33 3 3 HH 1  5  6  2  3 1 1 0.807833 0 0 10301.704382 10302.205349 10302.706325 10302.906712 10304.910609 10305.718443 1 C 
 11 172 3 34 1 2 NL 0  6  6  6  5 0 1 0.903906 0 0 10306.981307 10307.482273 10307.983246 10308.183637 10310.187538 10311.091444 1 C 
 11 173 3 35 3 3 HH 1  5  6  8  3 1 1 0.585461 0 0 10312.358421 10312.859391 10313.360365 10313.560756 10315.564653 10316.150114 1 C 
 11 174 3 36 1 1 NN 0  4  6  4  6 0 1 0.546413 0 0 10317.418264 10317.919229 10318.420205 10318.620589 10320.624487 10321.170899 1 C 
 11 175 3 37 2 1 LN 0  4  4  5  4 0 1 0.824785 0 0 10322.444699 10322.945666 10323.446641 10323.647029 10325.650924 10326.475708 1 C 
 11 176 3 38 3 1 HN 0  4  4  1  4 0 1 0.750289 0 0 10327.738350 10328.239289 10328.740263 10328.940652 10330.944548 10331.694836 1 C 
 11 177 3 39 2 2 LL 1  4  6  5  5 1 1 0.601949 0 0 10332.965149 10333.466116 10333.967090 10334.167480 10336.171375 10336.773324 1 C 
 11 178 3 40 2 2 LL 1  4  6  5  5 1 1 0.501886 0 0 10338.041682 10338.542656 10339.043627 10339.244015 10341.247908 10341.749794 1 C 
 11 179 3 41 1 2 NL 0  6  4  6  5 0 1 0.936021 0 0 10343.018021 10343.518993 10344.019966 10344.220357 10346.224249 10347.160270 1 C 
 11 180 3 42 2 3 LH 1  6  5  5  8 1 1 1.056697 0 0 10348.428540 10348.929509 10349.430485 10349.630871 10351.634768 10352.691466 1 C 
 11 181 3 43 2 2 LL 1  4  6  5  5 1 1 0.733213 0 0 10353.955955 10354.456921 10354.957895 10355.158284 10357.162179 10357.895393 1 C 
 11 182 3 44 3 3 HH 1  6  5  9  2 1 1 0.563168 0 0 10359.166082 10359.667048 10360.168026 10360.368412 10362.372317 10362.935484 1 C 
 11 183 3 45 2 2 LL 1  5  5  4  6 1 1 0.661700 0 0 10364.209218 10364.710186 10365.211159 10365.411549 10367.415444 10368.077144 1 C 
 11 184 3 46 1 2 NL 0  6  6  6  5 0 1 1.095641 0 0 10369.352547 10369.853517 10370.354490 10370.554880 10372.558776 10373.654417 1 C 
 11 185 3 47 2 3 LH 1  6  6  5  9 1 1 0.623520 0 0 10374.913364 10375.414327 10375.915300 10376.115690 10378.119586 10378.743105 1 C 
 11 186 3 48 1 1 NN 0  4  5  4  5 0 1 0.473950 0 0 10380.006594 10380.507560 10381.008538 10381.208924 10383.212820 10383.686770 1 C 
 11 187 3 49 2 2 LL 1  4  6  5  5 1 1 1.840980 0 0 10384.949536 10385.450503 10385.951478 10386.151866 10388.155761 10389.996741 1 C 
 11 188 3 50 1 2 NL 0  5  4  5  5 0 1 0.715991 0 0 10391.261804 10391.762773 10392.263748 10392.464136 10394.468032 10395.184023 1 C 
 11 189 3 51 3 3 HH 1  4  5  7  8 1 1 0.552012 0 0 10396.455236 10396.956203 10397.457179 10397.657565 10399.661461 10400.213472 1 C 
 11 190 3 52 1 2 NL 0  6  4  6  5 0 1 1.089804 0 0 10401.481669 10401.982641 10402.483614 10402.684003 10404.687900 10405.777704 1 C 
 11 191 3 53 2 2 LL 1  5  5  4  6 1 1 0.784002 0 0 10407.042479 10407.543451 10408.044425 10408.244813 10410.248708 10411.032711 1 C 
 11 192 3 54 2 1 LN 0  5  4  6  4 0 1 0.588263 0 0 10412.302713 10412.803674 10413.304652 10413.505038 10415.508934 10416.097197 1 C 
 11 193 3 55 2 3 LH 1  5  5  4  8 1 1 0.624404 0 0 10417.362540 10417.863517 10418.364485 10418.564875 10420.568770 10421.193175 1 C 
 11 194 3 56 2 1 LN 0  6  5  5  5 0 1 0.474160 0 0 10422.455776 10422.956743 10423.457721 10423.658109 10425.662003 10426.136163 1 C 
 11 195 3 57 1 3 NH 0  6  5  6  2 0 1 0.777240 0 0 10427.398728 10427.899687 10428.400664 10428.601051 10430.604946 10431.382185 1 C 
 11 196 3 58 3 2 HL 1  6  6  3  5 1 1 2.361167 0 0 10432.642247 10433.143212 10433.644188 10433.844576 10435.848483 10438.209650 1 C 
 11 197 3 59 2 2 LL 1  4  5  5  6 1 1 1.682699 0 0 10439.472188 10439.973157 10440.474131 10440.674520 10442.678418 10444.361118 1 C 
 11 198 3 60 2 1 LN 0  4  4  5  4 0 1 1.441314 0 0 10445.634168 10446.135135 10446.636108 10446.836498 10448.840393 10450.281707 1 C 
 11 199 4  1 3 3 HH 1  5  5  2  8 1 1 0.501013 0 0 10510.961154 10511.462125 10511.963099 10512.163489 10514.167384 10514.668398 1 C 
 11 200 4  2 3 3 HH 1  6  5  9  2 1 1 0.445149 0 0 10515.937495 10516.438468 10516.939440 10517.139828 10519.143726 10519.588875 1 C 
 11 201 4  3 1 2 NL 0  5  5  5  4 0 1 0.685619 0 0 10520.863742 10521.364706 10521.865682 10522.066072 10524.069965 10524.755584 1 C 
 11 202 4  4 3 2 HL 1  5  5  8  4 1 1 0.494729 0 0 10526.023768 10526.524739 10527.025713 10527.226103 10529.229998 10529.724727 1 C 
 11 203 4  5 3 1 HN 0  6  5  9  5 0 1 0.727406 0 0 10531.000113 10531.501081 10532.002055 10532.202443 10534.206349 10534.933755 1 C 
 11 204 4  6 1 1 NN 0  4  4  4  4 0 1 0.972601 0 0 10536.193541 10536.694508 10537.195485 10537.395871 10539.399768 10540.372368 1 C 
 11 205 4  7 2 1 LN 0  4  6  5  6 0 1 0.760773 0 0 10541.637456 10542.138423 10542.639402 10542.839787 10544.843684 10545.604457 1 C 
 11 206 4  8 2 2 LL 1  5  5  4  6 1 1 0.556504 0 0 10546.864284 10547.365251 10547.866228 10548.066615 10550.070507 10550.627011 1 C 
 11 207 4  9 3 2 HL 1  6  5  9  6 1 1 1.036693 0 0 10551.890721 10552.391688 10552.892666 10553.093052 10555.096948 10556.133641 1 C 
 11 208 4 10 3 1 HN 0  5  6  2  6 0 1 0.674606 0 0 10557.401433 10557.902402 10558.403374 10558.603764 10560.607660 10561.282266 1 C 
 11 209 4 11 3 3 HH 1  5  4  2  1 1 1 0.565744 0 0 10562.544761 10563.045732 10563.546705 10563.747094 10565.750991 10566.316735 1 C 
 11 210 4 12 1 3 NH 0  4  5  4  2 0 1 1.056240 0 0 10567.587903 10568.088870 10568.589845 10568.790233 10570.794129 10571.850369 1 C 
 11 211 4 13 2 3 LH 1  4  6  5  9 1 1 0.746821 0 0 10573.115315 10573.616280 10574.117257 10574.317643 10576.321544 10577.068365 1 C 
 11 212 4 14 1 3 NH 0  5  6  5  3 0 1 1.136696 0 0 10578.342142 10578.843108 10579.344087 10579.544472 10581.548367 10582.685063 1 C 
 11 213 4 15 1 3 NH 0  4  6  4  3 0 1 0.845603 0 0 10583.953051 10584.454019 10584.954992 10585.155379 10587.159274 10588.004878 1 C 
 11 214 4 16 3 3 HH 1  5  5  8  2 1 1 0.657674 0 0 10589.280070 10589.781039 10590.282014 10590.482400 10592.486296 10593.143971 1 C 
 11 215 4 17 3 2 HL 1  4  6  1  5 1 1 0.680048 0 0 10594.406702 10594.907670 10595.408647 10595.609033 10597.612929 10598.292978 1 C 
 11 216 4 18 1 1 NN 0  5  5  5  5 0 1 0.450943 0 0 10599.566735 10600.067701 10600.568677 10600.769063 10602.772958 10603.223902 1 C 
 11 217 4 19 3 2 HL 1  5  4  8  5 1 1 1.835131 0 0 10604.492972 10604.993943 10605.494917 10605.695306 10607.699207 10609.534338 1 C 
 11 218 4 20 3 2 HL 1  4  4  7  5 1 1 0.724647 0 0 10610.805247 10611.306213 10611.807188 10612.007577 10614.011472 10614.736119 1 C 
 11 219 4 21 1 3 NH 0  4  5  4  8 0 1 1.176206 0 0 10615.998672 10616.499642 10617.000620 10617.201006 10619.204904 10620.381110 1 C 
 11 220 4 22 2 3 LH 1  6  4  5  7 1 1 0.781903 0 0 10621.642981 10622.143947 10622.644920 10622.845311 10624.849207 10625.631110 1 C 
 11 221 4 23 3 3 HH 1  4  5  1  8 1 1 0.524079 0 0 10626.903210 10627.404173 10627.905147 10628.105536 10630.109432 10630.633511 1 C 
 11 222 4 24 2 2 LL 1  4  4  5  5 1 1 0.518720 0 0 10631.896246 10632.397212 10632.898190 10633.098575 10635.102471 10635.621191 1 C 
 11 223 4 25 3 3 HH 1  6  5  9  2 1 1 0.501886 0 0 10636.889284 10637.390252 10637.891229 10638.091615 10640.095510 10640.597396 1 C 
 11 224 4 26 1 3 NH 0  5  4  5  1 0 1 0.696855 0 0 10641.865636 10642.366596 10642.867569 10643.067956 10645.071851 10645.768706 1 C 
 11 225 4 27 3 1 HN 0  5  4  2  4 0 1 0.710835 0 0 10647.042363 10647.543321 10648.044298 10648.244687 10650.248580 10650.959415 1 C 
 11 226 4 28 1 2 NL 0  5  6  5  5 0 1 0.624399 0 0 10652.219085 10652.720056 10653.221025 10653.421416 10655.425311 10656.049710 1 C 
 11 227 4 29 1 2 NL 0  4  5  4  4 0 1 0.870780 0 0 10657.312316 10657.813285 10658.314259 10658.514648 10660.518543 10661.389322 1 C 
 11 228 4 30 1 3 NH 0  5  4  5  1 0 1 0.628194 0 0 10662.656041 10663.157008 10663.657979 10663.858371 10665.862266 10666.490461 1 C 
 11 229 4 31 3 2 HL 1  5  5  2  4 1 1 1.404593 0 0 10667.765974 10668.266940 10668.767917 10668.968304 10670.972199 10672.376792 1 C 
 11 230 4 32 2 3 LH 1  4  4  5  7 1 1 0.741303 0 0 10673.644065 10674.145034 10674.646011 10674.846396 10676.850292 10677.591595 1 C 
 11 231 4 33 2 3 LH 1  4  4  5  1 1 1 0.539475 0 0 10678.854192 10679.355162 10679.856137 10680.056525 10682.060431 10682.599906 1 C 
 11 232 4 34 1 3 NH 0  4  5  4  2 0 1 0.818894 0 0 10683.863937 10684.364900 10684.865877 10685.066263 10687.070159 10687.889052 1 C 
 11 233 4 35 2 3 LH 1  5  4  6  7 1 1 0.515144 0 0 10689.157556 10689.658521 10690.159501 10690.359887 10692.363780 10692.878924 1 C 
 11 234 4 36 2 1 LN 0  4  6  5  6 0 1 0.874887 0 0 10694.150604 10694.651563 10695.152537 10695.352926 10697.356822 10698.231709 1 C 
 11 235 4 37 3 1 HN 0  6  5  3  5 0 1 0.485183 0 0 10699.494318 10699.995284 10700.496255 10700.696648 10702.700543 10703.185725 1 C 
 11 236 4 38 2 1 LN 0  6  4  5  4 0 1 0.517256 0 0 10704.453958 10704.954924 10705.455899 10705.656288 10707.660187 10708.177443 1 C 
 11 237 4 39 3 3 HH 1  6  5  9  8 1 1 0.563216 0 0 10709.446998 10709.947965 10710.448942 10710.649328 10712.653223 10713.216439 1 C 
 11 238 4 40 1 3 NH 0  6  6  6  3 0 1 0.616671 0 0 10714.490132 10714.991105 10715.492075 10715.692465 10717.696359 10718.313030 1 C 
 11 239 4 41 1 2 NL 0  6  6  6  5 0 1 0.965927 0 0 10719.583364 10720.084335 10720.585309 10720.785699 10722.789594 10723.755521 1 C 
 11 240 4 42 3 3 HH 1  4  5  7  8 1 1 0.641051 0 0 10725.027284 10725.528252 10726.029228 10726.229615 10728.233520 10728.874570 1 C 
 11 241 4 43 2 1 LN 0  4  4  5  4 0 1 0.649836 0 0 10730.137215 10730.638185 10731.139161 10731.339548 10733.343444 10733.993280 1 C 
 11 242 4 44 3 1 HN 0  6  6  9  6 0 1 0.689973 0 0 10735.263852 10735.764815 10736.265794 10736.466180 10738.470085 10739.160058 1 C 
 11 243 4 45 1 3 NH 0  4  6  4  3 0 1 0.726305 0 0 10740.423881 10740.924848 10741.425825 10741.626211 10743.630106 10744.356411 1 C 
 11 244 4 46 1 3 NH 0  5  4  5  7 0 1 0.683405 0 0 10745.617308 10746.118277 10746.619250 10746.819640 10748.823536 10749.506941 1 C 
 11 245 4 47 2 3 LH 1  6  4  5  1 1 1 0.596480 0 0 10750.777340 10751.278307 10751.779284 10751.979668 10753.983566 10754.580046 1 C 
 11 246 4 48 3 3 HH 1  5  6  2  9 1 1 0.604220 0 0 10755.853875 10756.354842 10756.855816 10757.056205 10759.060101 10759.664321 1 C 
 11 247 4 49 1 1 NN 0  6  4  6  4 0 1 0.755912 0 0 10760.930411 10761.431377 10761.932355 10762.132741 10764.136635 10764.892547 1 C 
 11 248 4 50 1 2 NL 0  6  6  6  5 0 1 1.670790 0 0 10766.157234 10766.658205 10767.159183 10767.359568 10769.363462 10771.034252 1 C 
 11 249 4 51 3 2 HL 1  6  4  9  5 1 1 1.008345 0 0 10772.302517 10772.803484 10773.304457 10773.504846 10775.508745 10776.517091 1 C 
 11 250 4 52 3 1 HN 0  6  5  3  5 0 1 0.802472 0 0 10777.779830 10778.280798 10778.781775 10778.982161 10780.986057 10781.788528 1 C 
 11 251 4 53 1 1 NN 0  6  5  6  5 0 1 0.635469 0 0 10783.056756 10783.557722 10784.058697 10784.259085 10786.262990 10786.898459 1 C 
 11 252 4 54 3 2 HL 1  4  4  7  5 1 1 0.556761 0 0 10788.166688 10788.667654 10789.168633 10789.369018 10791.372918 10791.929679 1 C 
 11 253 4 55 1 1 NN 0  4  5  4  5 0 1 0.557601 0 0 10793.193127 10793.694093 10794.195067 10794.395456 10796.399352 10796.956953 1 C 
 11 254 4 56 2 1 LN 0  6  6  5  6 0 1 0.715232 0 0 10798.219564 10798.720530 10799.221508 10799.421894 10801.425790 10802.141022 1 C 
 11 255 4 57 3 3 HH 1  5  4  2  7 1 1 0.577749 0 0 10803.412992 10803.913959 10804.414934 10804.615323 10806.619219 10807.196967 1 C 
 11 256 4 58 3 2 HL 1  5  6  2  5 1 1 0.766414 0 0 10808.456130 10808.957097 10809.458075 10809.658460 10811.662355 10812.428769 1 C 
 11 257 4 59 2 3 LH 1  5  6  6  3 1 1 0.705674 0 0 10813.699656 10814.200623 10814.701597 10814.901986 10816.905882 10817.611555 1 C 
 11 258 4 60 3 1 HN 0  4  5  7  5 0 1 0.788380 0 0 10818.876385 10819.377353 10819.878327 10820.078716 10822.082609 10822.870989 1 C 
 11 259 5  1 2 3 LH 1  4  6  5  9 1 1 0.707942 0 0 10871.946211 10872.447187 10872.948156 10873.148545 10875.152441 10875.860383 1 C 
 11 260 5  2 1 1 NN 0  4  5  4  5 0 1 0.437815 0 0 10877.122943 10877.623913 10878.124885 10878.325276 10880.329171 10880.766987 1 C 
 11 261 5  3 1 2 NL 0  4  5  4  4 0 1 0.680102 0 0 10882.032488 10882.533455 10883.034433 10883.234819 10885.238715 10885.918817 1 C 
 11 262 5  4 2 3 LH 1  5  6  4  9 1 1 0.997864 0 0 10887.192519 10887.693486 10888.194463 10888.394850 10890.398745 10891.396609 1 C 
 11 263 5  5 3 2 HL 1  5  6  2  5 1 1 0.849141 0 0 10892.669833 10893.170799 10893.671774 10893.872164 10895.876058 10896.725199 1 C 
 11 264 5  6 2 2 LL 1  6  5  5  4 1 1 0.860831 0 0 10897.996855 10898.497822 10898.998798 10899.199186 10901.203082 10902.063913 1 C 
 11 265 5  7 2 3 LH 1  6  4  5  7 1 1 0.573283 0 0 10903.323874 10903.824844 10904.325818 10904.526205 10906.530103 10907.103386 1 C 
 11 266 5  8 2 2 LL 1  6  6  5  5 1 1 0.522187 0 0 10908.367019 10908.867981 10909.368959 10909.569344 10911.573240 10912.095428 1 C 
 11 267 5  9 1 3 NH 0  5  4  5  1 0 1 0.763310 0 0 10913.360056 10913.861021 10914.361995 10914.562384 10916.566279 10917.329590 1 C 
 11 268 5 10 3 2 HL 1  6  5  3  4 1 1 0.841474 0 0 10918.603581 10919.104547 10919.605524 10919.805911 10921.809806 10922.651280 1 C 
 11 269 5 11 3 3 HH 1  5  5  8  8 1 1 0.549790 0 0 10923.913901 10924.414869 10924.915847 10925.116233 10927.120128 10927.669918 1 C 
 11 270 5 12 3 3 HH 1  6  5  3  8 1 1 0.524267 0 0 10928.940340 10929.441307 10929.942281 10930.142670 10932.146566 10932.670833 1 C 
 11 271 5 13 1 2 NL 0  6  6  6  5 0 1 1.164643 0 0 10933.933379 10934.434347 10934.935323 10935.135710 10937.139605 10938.304248 1 C 
 11 272 5 14 2 2 LL 1  6  4  5  5 1 1 0.649347 0 0 10939.577685 10940.078652 10940.579629 10940.780015 10942.783911 10943.433258 1 C 
 11 273 5 15 3 3 HH 1  4  5  7  2 1 1 0.555488 0 0 10944.704316 10945.205285 10945.706262 10945.906647 10947.910543 10948.466031 1 C 
 11 274 5 16 2 1 LN 0  4  5  5  5 0 1 0.479713 0 0 10949.730755 10950.231722 10950.732696 10950.933086 10952.936981 10953.416694 1 C 
 11 275 5 17 3 2 HL 1  6  4  9  5 1 1 2.369742 0 0 10954.690397 10955.191367 10955.692340 10955.892726 10957.896622 10960.266364 1 C 
 11 276 5 18 3 2 HL 1  5  4  8  5 1 1 1.376512 0 0 10961.537038 10962.038005 10962.538982 10962.739369 10964.743265 10966.119777 1 C 
 11 277 5 19 3 3 HH 1  6  6  9  9 1 1 0.507571 0 0 10967.381734 10967.882700 10968.383679 10968.584065 10970.587959 10971.095530 1 C 
 11 278 5 20 2 2 LL 1  6  6  5  5 1 1 0.463023 0 0 10972.358075 10972.859044 10973.360018 10973.560404 10975.564300 10976.027323 1 C 
 11 279 5 21 2 2 LL 1  4  4  5  5 1 1 0.501830 0 0 10977.301017 10977.801983 10978.302959 10978.503346 10980.507241 10981.009072 1 C 
 11 280 5 22 1 3 NH 0  6  4  6  7 0 1 0.729347 0 0 10982.277357 10982.778324 10983.279297 10983.479687 10985.483582 10986.212929 1 C 
 11 281 5 23 1 3 NH 0  5  4  5  1 0 1 0.527428 0 0 10987.487485 10987.988452 10988.489425 10988.689814 10990.693710 10991.221138 1 C 
 11 282 5 24 1 1 NN 0  5  5  5  5 0 1 0.467809 0 0 10992.480521 10992.981494 10993.482465 10993.682858 10995.686749 10996.154558 1 C 
 11 283 5 25 3 2 HL 1  4  6  1  5 1 1 1.047394 0 0 10997.423462 10997.924433 10998.425409 10998.625796 11000.629692 11001.677086 1 C 
 11 284 5 26 1 3 NH 0  4  6  4  3 0 1 0.855001 0 0 11002.950877 11003.451849 11003.952821 11004.153207 11006.157103 11007.012104 1 C 
 11 285 5 27 2 1 LN 0  4  5  5  5 0 1 1.231613 0 0 11008.277898 11008.778866 11009.279839 11009.480230 11011.484125 11012.715738 1 C 
 11 286 5 28 2 3 LH 1  4  4  5  1 1 1 0.752532 0 0 11013.989000 11014.489968 11014.990939 11015.191336 11017.195227 11017.947759 1 C 
 11 287 5 29 2 1 LN 0  4  5  5  5 0 1 0.524197 0 0 11019.215828 11019.716794 11020.217769 11020.418159 11022.422054 11022.946251 1 C 
 11 288 5 30 2 2 LL 1  4  6  5  5 1 1 1.204993 0 0 11024.208868 11024.709838 11025.210808 11025.411198 11027.415094 11028.620087 1 C 
 11 289 5 31 3 1 HN 0  6  6  3  6 0 1 0.679857 0 0 11029.886574 11030.387541 11030.888512 11031.088902 11033.092802 11033.772659 1 C 
 11 290 5 32 3 2 HL 1  6  5  3  4 1 1 0.830208 0 0 11035.046602 11035.547573 11036.048546 11036.248932 11038.252836 11039.083044 1 C 
 11 291 5 33 3 1 HN 0  5  5  2  5 0 1 0.583259 0 0 11040.356928 11040.857891 11041.358867 11041.559255 11043.563150 11044.146409 1 C 
 11 292 5 34 3 3 HH 1  5  5  2  8 1 1 0.479659 0 0 11045.416761 11045.917728 11046.418701 11046.619092 11048.622986 11049.102644 1 C 
 11 293 5 35 3 1 HN 0  4  4  7  4 0 1 0.877573 0 0 11050.376402 11050.877372 11051.378346 11051.578732 11053.582627 11054.460200 1 C 
 11 294 5 36 1 3 NH 0  5  4  5  1 0 1 0.574229 0 0 11055.720122 11056.221090 11056.722067 11056.922454 11058.926348 11059.500577 1 C 
 11 295 5 37 3 1 HN 0  5  6  2  6 0 1 1.217887 0 0 11060.763256 11061.264226 11061.765200 11061.965590 11063.969485 11065.187373 1 C 
 11 296 5 38 1 3 NH 0  4  4  4  1 0 1 0.695547 0 0 11066.457663 11066.958630 11067.459603 11067.659993 11069.663887 11070.359434 1 C 
 11 297 5 39 2 3 LH 1  5  6  6  9 1 1 1.203187 0 0 11071.634393 11072.135359 11072.636332 11072.836722 11074.840618 11076.043805 1 C 
 11 298 5 40 1 1 NN 0  4  6  4  6 0 1 0.729182 0 0 11077.312091 11077.813062 11078.314036 11078.514426 11080.518323 11081.247505 1 C 
 11 299 5 41 1 3 NH 0  4  4  4  1 0 1 1.100699 0 0 11082.522222 11083.023190 11083.524166 11083.724553 11085.728450 11086.829148 1 C 
 11 300 5 42 3 1 HN 0  6  4  9  4 0 1 0.820873 0 0 11088.099732 11088.600699 11089.101677 11089.302062 11091.305961 11092.126834 1 C 
 11 301 5 43 3 2 HL 1  5  4  8  5 1 1 1.061853 0 0 11093.393357 11093.894323 11094.395301 11094.595686 11096.599582 11097.661435 1 C 
 11 302 5 44 3 3 HH 1  6  4  9  7 1 1 0.712879 0 0 11098.920768 11099.421735 11099.922710 11100.123099 11102.127003 11102.839883 1 C 
 11 303 5 45 3 2 HL 1  4  5  1  6 1 1 1.059617 0 0 11104.114196 11104.615164 11105.116138 11105.316526 11107.320422 11108.380039 1 C 
 11 304 5 46 3 3 HH 1  4  5  7  2 1 1 0.663398 0 0 11109.641605 11110.142577 11110.643548 11110.843939 11112.847834 11113.511232 1 C 
 11 305 5 47 3 1 HN 0  6  5  9  5 0 1 0.696715 0 0 11114.784939 11115.285908 11115.786882 11115.987270 11117.991166 11118.687881 1 C 
 11 306 5 48 2 1 LN 0  6  4  5  4 0 1 0.590375 0 0 11119.961670 11120.462637 11120.963614 11121.163999 11123.167895 11123.758270 1 C 
 11 307 5 49 2 3 LH 1  6  6  5  3 1 1 0.577561 0 0 11125.021505 11125.522476 11126.023450 11126.223834 11128.227730 11128.805291 1 C 
 11 308 5 50 1 3 NH 0  6  4  6  7 0 1 0.735742 0 0 11130.064642 11130.565609 11131.066586 11131.266972 11133.270868 11134.006610 1 C 
 11 309 5 51 2 3 LH 1  4  4  5  7 1 1 0.724710 0 0 11135.274772 11135.775737 11136.276711 11136.477100 11138.480996 11139.205706 1 C 
 11 310 5 52 3 1 HN 0  5  5  8  5 0 1 0.741284 0 0 11140.468199 11140.969165 11141.470142 11141.670532 11143.674425 11144.415708 1 C 
 11 311 5 53 2 1 LN 0  5  6  6  6 0 1 2.059331 0 0 11145.678326 11146.179294 11146.680271 11146.880657 11148.884553 11150.943884 1 C 
 11 312 5 54 1 2 NL 0  4  4  4  5 0 1 0.744027 0 0 11152.207686 11152.708653 11153.209630 11153.410016 11155.413912 11156.157939 1 C 
 11 313 5 55 1 1 NN 0  4  6  4  6 0 1 0.594165 0 0 11157.417815 11157.918782 11158.419758 11158.620144 11160.624051 11161.218216 1 C 
 11 314 5 56 2 1 LN 0  6  4  5  4 0 1 0.969999 0 0 11162.477649 11162.978616 11163.479594 11163.679980 11165.683877 11166.653876 1 C 
 11 315 5 57 2 3 LH 1  6  4  5  7 1 1 0.585514 0 0 11167.921567 11168.422532 11168.923507 11169.123897 11171.127792 11171.713306 1 C 
 11 316 5 58 1 1 NN 0  4  4  4  4 0 1 0.589279 0 0 11172.981397 11173.482369 11173.983346 11174.183733 11176.187628 11176.776907 1 C 
 11 317 5 59 2 3 LH 1  5  5  4  8 1 1 0.529753 0 0 11178.041238 11178.542209 11179.043182 11179.243568 11181.247464 11181.777217 1 C 
 11 318 5 60 2 1 LN 0  5  6  6  6 0 1 0.688873 0 0 11183.050972 11183.551943 11184.052919 11184.253307 11186.257206 11186.946078 1 C 
 11 319 6  1 3 1 HN 0  5  4  2  4 0 1 1.103998 0 0 11206.696937 11207.197908 11207.698883 11207.899272 11209.903168 11211.007166 1 C 
 11 320 6  2 3 3 HH 1  4  5  1  8 1 1 0.457389 0 0 11212.274447 11212.775418 11213.276394 11213.476787 11215.480678 11215.938067 1 C 
 11 321 6  3 2 2 LL 1  6  4  5  5 1 1 0.596551 0 0 11217.200690 11217.701661 11218.202635 11218.403024 11220.406920 11221.003471 1 C 
 11 322 6  4 1 3 NH 0  4  5  4  2 0 1 0.782093 0 0 11222.277232 11222.778195 11223.279168 11223.479559 11225.483453 11226.265546 1 C 
 11 323 6  5 3 1 HN 0  4  4  7  4 0 1 1.425889 0 0 11227.537453 11228.038421 11228.539397 11228.739785 11230.743680 11232.169570 1 C 
 11 324 6  6 1 2 NL 0  4  6  4  5 0 1 0.684106 0 0 11233.432243 11233.933214 11234.434189 11234.634577 11236.638473 11237.322579 1 C 
 11 325 6  7 3 3 HH 1  4  4  7  1 1 1 0.524223 0 0 11238.592276 11239.093244 11239.594220 11239.794609 11241.798503 11242.322727 1 C 
 11 326 6  8 1 2 NL 0  4  6  4  5 0 1 0.949809 0 0 11243.585317 11244.086287 11244.587258 11244.787647 11246.791542 11247.741351 1 C 
 11 327 6  9 1 3 NH 0  5  5  5  2 0 1 0.975186 0 0 11249.012535 11249.513500 11250.014478 11250.214864 11252.218759 11253.193945 1 C 
 11 328 6 10 2 2 LL 1  5  5  4  6 1 1 0.822385 0 0 11254.456449 11254.957416 11255.458390 11255.658779 11257.662675 11258.485060 1 C 
 11 329 6 11 3 1 HN 0  6  5  9  5 0 1 0.856058 0 0 11259.750076 11260.251043 11260.752017 11260.952402 11262.956298 11263.812356 1 C 
 11 330 6 12 2 3 LH 1  5  5  6  8 1 1 0.585310 0 0 11265.077094 11265.578065 11266.079035 11266.279424 11268.283320 11268.868630 1 C 
 11 331 6 13 3 1 HN 0  6  4  3  4 0 1 1.029359 0 0 11270.136940 11270.637898 11271.138871 11271.339260 11273.343162 11274.372521 1 C 
 11 332 6 14 1 3 NH 0  5  5  5  2 0 1 0.604781 0 0 11275.647641 11276.148609 11276.649582 11276.849973 11278.853868 11279.458649 1 C 
 11 333 6 15 1 1 NN 0  4  6  4  6 0 1 0.523657 0 0 11280.724178 11281.225143 11281.726121 11281.926509 11283.930403 11284.454060 1 C 
 11 334 6 16 3 3 HH 1  5  5  2  2 1 1 0.583092 0 0 11285.717216 11286.218184 11286.719162 11286.919547 11288.923443 11289.506535 1 C 
 11 335 6 17 2 1 LN 0  6  6  5  6 0 1 0.771419 0 0 11290.777052 11291.278020 11291.778994 11291.979384 11293.983281 11294.754699 1 C 
 11 336 6 18 3 1 HN 0  5  5  2  5 0 1 0.601903 0 0 11296.020580 11296.521545 11297.022520 11297.222910 11299.226805 11299.828708 1 C 
 11 337 6 19 2 2 LL 1  5  5  6  6 1 1 0.596555 0 0 11301.097113 11301.598081 11302.099059 11302.299445 11304.303344 11304.899899 1 C 
 11 338 6 20 3 1 HN 0  4  4  1  4 0 1 1.481627 0 0 11306.173649 11306.674616 11307.175590 11307.375980 11309.379876 11310.861502 1 C 
 11 339 6 21 1 1 NN 0  6  6  6  6 0 1 0.455049 0 0 11312.135238 11312.636205 11313.137179 11313.337568 11315.341464 11315.796513 1 C 
 11 340 6 22 2 1 LN 0  5  4  6  4 0 1 0.679886 0 0 11317.061478 11317.562451 11318.063422 11318.263812 11320.267707 11320.947593 1 C 
 11 341 6 23 2 1 LN 0  6  6  5  6 0 1 0.779496 0 0 11322.221509 11322.722478 11323.223452 11323.423842 11325.427738 11326.207234 1 C 
 11 342 6 24 1 1 NN 0  5  4  5  4 0 1 0.483296 0 0 11327.481738 11327.982706 11328.483680 11328.684067 11330.687963 11331.171259 1 C 
 11 343 6 25 3 1 HN 0  4  6  7  6 0 1 0.853751 0 0 11332.441379 11332.942345 11333.443317 11333.643709 11335.647605 11336.501356 1 C 
 11 344 6 26 3 2 HL 1  4  6  1  5 1 1 0.535257 0 0 11337.768397 11338.269367 11338.770341 11338.970729 11340.974627 11341.509883 1 C 
 11 345 6 27 3 3 HH 1  4  6  1  9 1 1 0.595442 0 0 11342.778139 11343.279110 11343.780083 11343.980469 11345.984364 11346.579807 1 C 
 11 346 6 28 3 2 HL 1  5  6  2  5 1 1 0.929658 0 0 11347.854674 11348.355642 11348.856615 11349.057004 11351.060900 11351.990558 1 C 
 11 347 6 29 2 3 LH 1  5  6  6  9 1 1 1.064039 0 0 11353.265190 11353.766158 11354.267136 11354.467521 11356.471420 11357.535458 1 C 
 11 348 6 30 3 1 HN 0  5  4  2  4 0 1 0.812852 0 0 11358.809301 11359.310269 11359.811246 11360.011632 11362.015526 11362.828378 1 C 
 11 349 6 31 3 1 HN 0  5  4  2  4 0 1 0.538105 0 0 11364.102927 11364.603892 11365.104870 11365.305256 11367.309152 11367.847257 1 C 
 11 350 6 32 2 2 LL 1  5  6  4  5 1 1 1.127620 0 0 11369.112659 11369.613631 11370.114604 11370.314995 11372.318887 11373.446507 1 C 
 11 351 6 33 2 2 LL 1  5  6  6  5 1 1 1.539650 0 0 11374.706868 11375.207839 11375.708815 11375.909200 11377.913098 11379.452749 1 C 
 11 352 6 34 3 3 HH 1  5  4  2  1 1 1 1.127983 0 0 11380.718556 11381.219526 11381.720501 11381.920889 11383.924789 11385.052772 1 C 
 11 353 6 35 3 3 HH 1  5  6  8  3 1 1 0.513041 0 0 11386.312766 11386.813735 11387.314708 11387.515096 11389.518999 11390.032040 1 C 
 11 354 6 36 1 2 NL 0  5  6  5  5 0 1 0.752410 0 0 11391.305805 11391.806781 11392.307749 11392.508136 11394.512031 11395.264441 1 C 
 11 355 6 37 2 2 LL 1  4  4  5  5 1 1 0.594178 0 0 11396.532633 11397.033604 11397.534577 11397.734963 11399.738859 11400.333037 1 C 
 11 356 6 38 2 3 LH 1  4  4  5  7 1 1 0.889589 0 0 11401.592467 11402.093436 11402.594409 11402.794799 11404.798695 11405.688284 1 C 
 11 357 6 39 1 3 NH 0  5  6  5  3 0 1 0.663329 0 0 11406.952883 11407.453862 11407.954829 11408.155220 11410.159115 11410.822443 1 C 
 11 358 6 40 3 2 HL 1  5  4  8  5 1 1 0.699345 0 0 11412.096218 11412.597187 11413.098163 11413.298551 11415.302447 11416.001792 1 C 
 11 359 6 41 3 2 HL 1  5  5  2  4 1 1 0.400154 0 0 11417.272948 11417.773919 11418.274893 11418.475281 11420.479174 11420.879328 1 C 
 11 360 6 42 1 2 NL 0  4  6  4  5 0 1 0.535335 0 0 11422.149091 11422.650065 11423.151037 11423.351426 11425.355321 11425.890656 1 C 
 11 361 6 43 1 1 NN 0  6  5  6  5 0 1 0.501981 0 0 11427.158830 11427.659805 11428.160775 11428.361165 11430.365061 11430.867042 1 C 
 11 362 6 44 1 1 NN 0  5  5  5  5 0 1 0.410764 0 0 11432.135173 11432.636141 11433.137116 11433.337505 11435.341400 11435.752164 1 C 
 11 363 6 45 2 2 LL 1  4  5  5  6 1 1 0.704558 0 0 11437.011317 11437.512287 11438.013262 11438.213651 11440.217545 11440.922103 1 C 
 11 364 6 46 3 1 HN 0  5  5  8  5 0 1 0.574150 0 0 11442.188046 11442.689017 11443.189990 11443.390380 11445.394275 11445.968425 1 C 
 11 365 6 47 3 3 HH 1  6  6  9  9 1 1 0.445311 0 0 11447.231184 11447.732153 11448.233129 11448.433517 11450.437411 11450.882722 1 C 
 11 366 6 48 1 1 NN 0  4  5  4  5 0 1 0.612117 0 0 11452.157428 11452.658396 11453.159371 11453.359760 11455.363655 11455.975772 1 C 
 11 367 6 49 3 3 HH 1  5  4  2  1 1 1 0.496385 0 0 11457.250663 11457.751631 11458.252604 11458.452995 11460.456890 11460.953275 1 C 
 11 368 6 50 1 3 NH 0  4  5  4  8 0 1 0.640327 0 0 11462.227000 11462.727970 11463.228946 11463.429334 11465.433229 11466.073556 1 C 
 11 369 6 51 3 3 HH 1  6  4  3  7 1 1 0.561968 0 0 11467.336933 11467.837904 11468.338882 11468.539268 11470.543163 11471.105131 1 C 
 11 370 6 52 3 1 HN 0  6  5  3  5 0 1 0.646689 0 0 11472.380071 11472.881041 11473.382015 11473.582404 11475.586299 11476.232988 1 C 
 11 371 6 53 2 2 LL 1  4  4  5  5 1 1 0.563126 0 0 11477.506704 11478.007673 11478.508649 11478.709037 11480.712933 11481.276058 1 C 
 11 372 6 54 2 1 LN 0  6  5  5  5 0 1 0.479726 0 0 11482.549843 11483.050812 11483.551785 11483.752174 11485.756077 11486.235803 1 C 
 11 373 6 55 1 3 NH 0  4  4  4  7 0 1 0.668905 0 0 11487.509488 11488.010451 11488.511425 11488.711814 11490.715709 11491.384614 1 C 
 11 374 6 56 2 1 LN 0  6  5  5  5 0 1 0.650191 0 0 11492.652812 11493.153783 11493.654760 11493.855145 11495.859041 11496.509232 1 C 
 11 375 6 57 2 1 LN 0  6  5  5  5 0 1 0.499807 0 0 11497.779449 11498.280418 11498.781389 11498.981778 11500.985674 11501.485481 1 C 
 11 376 6 58 3 2 HL 1  5  6  8  5 1 1 0.856651 0 0 11502.755788 11503.256755 11503.757733 11503.958118 11505.962014 11506.818665 1 C 
 11 377 6 59 1 1 NN 0  5  4  5  4 0 1 0.579674 0 0 11508.082811 11508.583781 11509.084754 11509.285140 11511.289047 11511.868721 1 C 
 11 378 6 60 2 2 LL 1  6  6  5  5 1 1 0.468510 0 0 11513.142643 11513.643612 11514.144586 11514.344976 11516.348872 11516.817383 1 C 
