  3   1 0 43 2 3 LH 1  6  4  5  7 0 0 10.669639 0 0 2402.134107 2402.635843 2403.137580 2403.338260 2405.345184 2416.014823 1 E 
  3   2 0 44 3 2 HL 1  5  6  8  5 1 1 2.817604 0 0 2417.269657 2417.771394 2418.273118 2418.473810 2420.480738 2423.298342 1 C 
  3   3 0 45 1 2 NL 0  5  6  5  5 0 1 1.637352 0 0 2424.544761 2425.046489 2425.548220 2425.748909 2427.755839 2429.393191 1 C 
  3   4 0 46 3 2 HL 1  6  4  3  5 1 1 1.102552 0 0 2430.649157 2431.150881 2431.652610 2431.853305 2433.860229 2434.962781 1 C 
  3   5 0 47 1 1 NN 0  4  5  4  5 0 1 12.474096 0 0 2436.218368 2436.720099 2437.221827 2437.422517 2439.429446 2451.903542 1 C 
  3   6 0 48 3 2 HL 1  6  4  3  5 1 1 1.224421 0 0 2453.160154 2453.661879 2454.163610 2454.364301 2456.371229 2457.595649 1 C 
  3   7 0 49 1 3 NH 0  6  6  6  9 0 1 1.312764 0 0 2458.846440 2459.348165 2459.849895 2460.050586 2462.057510 2463.370274 1 C 
  3   8 0 50 3 1 HN 0  6  5  3  5 0 1 1.901109 0 0 2464.616344 2465.118069 2465.619796 2465.820493 2467.827417 2469.728526 1 C 
  3   9 0 51 1 2 NL 0  4  4  4  5 0 1 1.108170 0 0 2470.971602 2471.473326 2471.975060 2472.175750 2474.182675 2475.290845 1 C 
  3  10 0 52 2 1 LN 0  4  4  5  4 0 1 1.835235 0 0 2476.540819 2477.042540 2477.544273 2477.744964 2479.751889 2481.587124 1 C 
  3  11 0 53 2 3 LH 1  4  5  5  8 1 1 1.935497 0 0 2482.845903 2483.347630 2483.849359 2484.050052 2486.056976 2487.992474 1 C 
  3  12 0 54 2 1 LN 0  4  4  5  4 0 1 1.503476 0 0 2489.251334 2489.753065 2490.254789 2490.455484 2492.462407 2493.965883 1 C 
  3  13 0 55 2 2 LL 1  5  6  6  5 1 1 1.498743 0 0 2495.221932 2495.723659 2496.225393 2496.426083 2498.433006 2499.931750 1 C 
  3  14 0 56 3 3 HH 1  4  5  1  8 1 1 2.153620 0 0 2501.175808 2501.677540 2502.179265 2502.379957 2504.386883 2506.540502 1 C 
  3  15 0 57 2 3 LH 1  6  5  5  8 1 1 2.050154 0 0 2507.798655 2508.300383 2508.802113 2509.002806 2511.009730 2513.059885 1 C 
  3  16 0 58 2 2 LL 1  6  5  5  4 1 1 1.960857 0 0 2514.304436 2514.806163 2515.307889 2515.508583 2517.515508 2519.476365 1 C 
  3  17 0 59 3 2 HL 1  6  6  3  5 1 1 1.107397 0 0 2520.726592 2521.228317 2521.730045 2521.930741 2523.937665 2525.045062 1 C 
  3  18 0 60 2 3 LH 1  5  5  6  2 1 1 1.217685 0 0 2526.295806 2526.797528 2527.299262 2527.499954 2529.506878 2530.724563 1 C 
  3  19 1  1 2 2 LL 1  5  5  6  6 1 1 1.284620 0 0 2549.191458 2549.693190 2550.194919 2550.395612 2552.402538 2553.687158 1 C 
  3  20 1  2 1 2 NL 0  5  4  5  5 0 1 1.195419 0 0 2554.944639 2555.446372 2555.948104 2556.148799 2558.155718 2559.351136 1 C 
  3  21 1  3 2 3 LH 1  5  5  6  8 1 1 1.036774 0 0 2560.597479 2561.099212 2561.600940 2561.801629 2563.808553 2564.845326 1 C 
  3  22 1  4 1 3 NH 0  4  5  4  2 0 1 1.361336 0 0 2566.099797 2566.601521 2567.103251 2567.303945 2569.310869 2570.672205 1 C 
  3  23 1  5 3 1 HN 0  4  5  1  5 0 1 1.229602 0 0 2571.919876 2572.421598 2572.923330 2573.124027 2575.130952 2576.360553 1 C 
  3  24 1  6 2 1 LN 0  4  6  5  6 0 1 1.317263 0 0 2577.606158 2578.107886 2578.609615 2578.810309 2580.817233 2582.134496 1 C 
  3  25 1  7 3 1 HN 0  4  4  7  4 0 1 1.123615 0 0 2583.392788 2583.894520 2584.396249 2584.596939 2586.603865 2587.727480 1 C 
  3  26 1  8 3 2 HL 1  6  5  9  6 1 1 1.978199 0 0 2588.978728 2589.480455 2589.982186 2590.182878 2592.189805 2594.168003 1 C 
  3  27 1  9 2 3 LH 1  6  6  5  9 1 1 0.970686 0 0 2595.417611 2595.919337 2596.421066 2596.621759 2598.628683 2599.599369 1 C 
  3  28 1 10 1 3 NH 0  4  4  4  7 0 1 1.141236 0 0 2600.853029 2601.354754 2601.856485 2602.057179 2604.064102 2605.205338 1 C 
  3  29 1 11 1 3 NH 0  6  5  6  8 0 1 1.653189 0 0 2606.455687 2606.957416 2607.459151 2607.659840 2609.666765 2611.319953 1 C 
  3  30 1 12 3 2 HL 1  5  5  8  6 1 1 1.272776 0 0 2612.576809 2613.078537 2613.580263 2613.780959 2615.787883 2617.060660 1 C 
  3  31 1 13 3 3 HH 1  4  4  1  1 1 1 1.261432 0 0 2618.313270 2618.814994 2619.316724 2619.517416 2621.524340 2622.785773 1 C 
  3  32 1 14 3 3 HH 1  6  5  9  8 1 1 0.920526 0 0 2624.033001 2624.534734 2625.036457 2625.237150 2627.244071 2628.164597 1 C 
  3  33 1 15 3 3 HH 1  4  5  1  8 1 1 1.025488 0 0 2629.418246 2629.919972 2630.421703 2630.622396 2632.629320 2633.654808 1 C 
  3  34 1 16 2 1 LN 0  5  5  4  5 0 1 1.146484 0 0 2634.903839 2635.405571 2635.907297 2636.107987 2638.114911 2639.261395 1 C 
  3  35 1 17 2 3 LH 1  5  4  6  7 1 1 0.920250 0 0 2640.506497 2641.008224 2641.509960 2641.710650 2643.717574 2644.637824 1 C 
  3  36 1 18 3 1 HN 0  4  5  7  5 0 1 1.118681 0 0 2645.891750 2646.393473 2646.895205 2647.095896 2649.102819 2650.221500 1 C 
  3  37 1 19 3 3 HH 1  4  4  7  7 1 1 0.832238 0 0 2651.477685 2651.979410 2652.481142 2652.681834 2654.688759 2655.520997 1 C 
  3  38 1 20 3 1 HN 0  5  4  2  4 0 1 1.123939 0 0 2656.779309 2657.281038 2657.782766 2657.983458 2659.990383 2661.114321 1 C 
  3  39 1 21 1 1 NN 0  6  4  6  4 0 1 1.383243 0 0 2662.365247 2662.866975 2663.368704 2663.569396 2665.576320 2666.959563 1 C 
  3  40 1 22 2 2 LL 1  6  4  5  5 1 1 1.233327 0 0 2668.218776 2668.720503 2669.222232 2669.422924 2671.429850 2672.663177 1 C 
  3  41 1 23 1 2 NL 0  4  4  4  5 0 1 1.421011 0 0 2673.921785 2674.423509 2674.925241 2675.125933 2677.132866 2678.553877 1 C 
  3  42 1 24 1 2 NL 0  6  5  6  6 0 1 1.310866 0 0 2679.808760 2680.310487 2680.812217 2681.012910 2683.019834 2684.330699 1 C 
  3  43 1 25 1 2 NL 0  6  6  6  5 0 1 1.129995 0 0 2685.578666 2686.080390 2686.582125 2686.782816 2688.789743 2689.919738 1 C 
  3  44 1 26 1 3 NH 0  5  6  5  9 0 1 1.195121 0 0 2691.164605 2691.666328 2692.168060 2692.368754 2694.375681 2695.570802 1 C 
  3  45 1 27 1 2 NL 0  5  6  5  5 0 1 1.134688 0 0 2696.817442 2697.319171 2697.820907 2698.021590 2700.028514 2701.163202 1 C 
  3  46 1 28 3 2 HL 1  4  4  7  5 1 1 1.156780 0 0 2702.420104 2702.921829 2703.423563 2703.624253 2705.631176 2706.787956 1 C 
  3  47 1 29 1 1 NN 0  4  6  4  6 0 1 1.101817 0 0 2708.039488 2708.541217 2709.042947 2709.243639 2711.250563 2712.352381 1 C 
  3  48 1 30 1 3 NH 0  6  4  6  7 0 1 1.910770 0 0 2713.608704 2714.110431 2714.612162 2714.812865 2716.819777 2718.730547 1 C 
  3  49 1 31 2 2 LL 1  6  6  5  5 1 1 1.146093 0 0 2719.980688 2720.482412 2720.984144 2721.184837 2723.191762 2724.337855 1 C 
  3  50 1 32 3 2 HL 1  4  4  1  5 1 1 1.200648 0 0 2725.583350 2726.085082 2726.586808 2726.787499 2728.794425 2729.995073 1 C 
  3  51 1 33 1 3 NH 0  6  5  6  2 0 1 1.597599 0 0 2731.252911 2731.754634 2732.256366 2732.457060 2734.463981 2736.061580 1 C 
  3  52 1 34 1 2 NL 0  6  4  6  5 0 1 1.135059 0 0 2737.307129 2737.808856 2738.310587 2738.511280 2740.518202 2741.653261 1 C 
  3  53 1 35 1 3 NH 0  4  4  4  1 0 1 1.657058 0 0 2742.909794 2743.411520 2743.913250 2744.113943 2746.120870 2747.777928 1 C 
  3  54 1 36 3 3 HH 1  4  6  1  3 1 1 1.123189 0 0 2749.030912 2749.532641 2750.034368 2750.235060 2752.241985 2753.365174 1 C 
  3  55 1 37 2 1 LN 0  6  5  5  5 0 1 1.271871 0 0 2754.616853 2755.118573 2755.620310 2755.820998 2757.827923 2759.099794 1 C 
  3  56 1 38 2 1 LN 0  5  6  6  6 0 1 1.101086 0 0 2760.353308 2760.855037 2761.356764 2761.557457 2763.564380 2764.665466 1 C 
  3  57 1 39 1 2 NL 0  4  6  4  5 0 1 1.078714 0 0 2765.922521 2766.424246 2766.925975 2767.126674 2769.133595 2770.212309 1 C 
  3  58 1 40 1 3 NH 0  4  4  4  1 0 1 1.982274 0 0 2771.458288 2771.960017 2772.461743 2772.662436 2774.669359 2776.651633 1 C 
  3  59 1 41 1 2 NL 0  6  5  6  6 0 1 1.646727 0 0 2777.897168 2778.398894 2778.900627 2779.101317 2781.108240 2782.754967 1 C 
  3  60 1 42 3 1 HN 0  6  6  3  6 0 1 0.920031 0 0 2784.001562 2784.503284 2785.005020 2785.205709 2787.212634 2788.132666 1 C 
  3  61 1 43 2 2 LL 1  5  5  6  4 1 1 1.046820 0 0 2789.386807 2789.888533 2790.390264 2790.590956 2792.597880 2793.644700 1 C 
  3  62 1 44 1 1 NN 0  5  6  5  6 0 1 1.129259 0 0 2794.889124 2795.390849 2795.892580 2796.093273 2798.100196 2799.229456 1 C 
  3  63 1 45 1 3 NH 0  4  5  4  2 0 1 1.046425 0 0 2800.475065 2800.976798 2801.478518 2801.679211 2803.686135 2804.732560 1 C 
  3  64 1 46 1 1 NN 0  5  4  5  4 0 1 0.870520 0 0 2805.977381 2806.479102 2806.980832 2807.181527 2809.188451 2810.058971 1 C 
  3  65 1 47 2 2 LL 1  5  6  4  5 1 1 1.447633 0 0 2811.312451 2811.814176 2812.315905 2812.516599 2814.523524 2815.971157 1 C 
  3  66 1 48 3 2 HL 1  4  6  7  5 1 1 1.085130 0 0 2817.216154 2817.717878 2818.219606 2818.420301 2820.427226 2821.512355 1 C 
  3  67 1 49 1 1 NN 0  5  6  5  6 0 1 1.090798 0 0 2822.768639 2823.270372 2823.772098 2823.972792 2825.979717 2827.070515 1 C 
  3  68 1 50 1 3 NH 0  4  5  4  8 0 1 1.607422 0 0 2828.321129 2828.822857 2829.324588 2829.525278 2831.532206 2833.139628 1 C 
  3  69 1 51 1 2 NL 0  5  4  5  5 0 1 1.040667 0 0 2834.392076 2834.893804 2835.395531 2835.596225 2837.603151 2838.643818 1 C 
  3  70 1 52 1 1 NN 0  6  5  6  5 0 1 1.030057 0 0 2839.894393 2840.396118 2840.897846 2841.098541 2843.105465 2844.135522 1 C 
  3  71 1 53 3 3 HH 1  5  5  8  8 1 1 1.509182 0 0 2845.379982 2845.881720 2846.383441 2846.584134 2848.591057 2850.100239 1 C 
  3  72 1 54 1 3 NH 0  6  6  6  9 0 1 0.843387 0 0 2851.350583 2851.852313 2852.354043 2852.554732 2854.561656 2855.405042 1 C 
  3  73 1 55 3 2 HL 1  6  5  9  4 1 1 1.591553 0 0 2856.652210 2857.153931 2857.655662 2857.856356 2859.863281 2861.454834 1 C 
  3  74 1 56 2 3 LH 1  5  4  6  1 1 1 1.563835 0 0 2862.706428 2863.208150 2863.709881 2863.910576 2865.917503 2867.481338 1 C 
  3  75 1 57 2 1 LN 0  6  4  5  4 0 1 1.876696 0 0 2868.727196 2869.228925 2869.730660 2869.931348 2871.938275 2873.814970 1 C 
  3  76 1 58 3 2 HL 1  6  6  3  5 1 1 2.576470 0 0 2875.065731 2875.567460 2876.069193 2876.269883 2878.276806 2880.853277 1 C 
  3  77 1 59 1 1 NN 0  4  4  4  4 0 1 1.288396 0 0 2882.106693 2882.608420 2883.110152 2883.310841 2885.317762 2886.606158 1 C 
  3  78 1 60 3 1 HN 0  4  4  1  4 0 1 1.255006 0 0 2887.859875 2888.361606 2888.863331 2889.064021 2891.070950 2892.325955 1 C 
  3  79 2  1 2 1 LN 0  5  4  6  4 0 1 1.305276 0 0 2911.491403 2911.993128 2912.494860 2912.695561 2914.702476 2916.007753 1 C 
  3  80 2  2 1 1 NN 0  4  5  4  5 0 1 2.630818 0 0 2917.261307 2917.763035 2918.264766 2918.465458 2920.472385 2923.103204 1 C 
  3  81 2  3 1 1 NN 0  4  4  4  4 0 1 2.148293 0 0 2924.352441 2924.854169 2925.355897 2925.556590 2927.563516 2929.711809 1 C 
  3  82 2  4 3 1 HN 0  4  4  1  4 0 1 1.606472 0 0 2930.958564 2931.460298 2931.962025 2932.162714 2934.169638 2935.776110 1 C 
  3  83 2  5 1 1 NN 0  6  6  6  6 0 1 1.794498 0 0 2937.029508 2937.531249 2938.032970 2938.233660 2940.240585 2942.035084 1 C 
  3  84 2  6 2 3 LH 1  6  6  5  9 1 1 1.168163 0 0 2943.284420 2943.786151 2944.287880 2944.488572 2946.495496 2947.663659 1 C 
  3  85 2  7 1 1 NN 0  5  4  5  4 0 1 2.582006 0 0 2948.920545 2949.422261 2949.923991 2950.124684 2952.131608 2954.713613 1 C 
  3  86 2  8 3 3 HH 1  4  6  1  3 1 1 10.892224 0 0 2955.961492 2956.463216 2956.964946 2957.165642 2959.172566 2970.064790 1 C 
  3  87 2  9 3 1 HN 0  5  5  2  5 0 1 2.428576 0 0 2971.314461 2971.816186 2972.317917 2972.518610 2974.525536 2976.954112 1 C 
  3  88 2 10 2 1 LN 0  4  4  5  4 0 1 1.762387 0 0 2978.204900 2978.706625 2979.208356 2979.409048 2981.415972 2983.178358 1 C 
  3  89 2 11 2 2 LL 1  4  5  5  6 1 1 2.659574 0 0 2984.426364 2984.928086 2985.429821 2985.630513 2987.637436 2990.297010 1 C 
  3  90 2 12 1 2 NL 0  6  6  6  5 0 1 1.481817 0 0 2991.550941 2992.052666 2992.554400 2992.755092 2994.762019 2996.243835 1 C 
  3  91 2 13 2 1 LN 0  5  5  4  5 0 1 1.944241 0 0 2997.488096 2997.989827 2998.491553 2998.692243 3000.699166 3002.643407 1 C 
  3  92 2 14 3 1 HN 0  5  4  2  4 0 1 1.811424 0 0 3003.893523 3004.395252 3004.896980 3005.097674 3007.104598 3008.916022 1 C 
  3  93 2 15 3 3 HH 1  4  5  7  8 1 1 1.381794 0 0 3010.165162 3010.666895 3011.168619 3011.369311 3013.376234 3014.758028 1 C 
  3  94 2 16 2 3 LH 1  5  5  4  8 1 1 1.464397 0 0 3016.001969 3016.503690 3017.005429 3017.206115 3019.213040 3020.677437 1 C 
  3  95 2 17 1 2 NL 0  4  5  4  4 0 1 2.361633 0 0 3021.922393 3022.424120 3022.925849 3023.126539 3025.133468 3027.495100 1 C 
  3  96 2 18 1 2 NL 0  6  4  6  5 0 1 1.304405 0 0 3028.745933 3029.247666 3029.749388 3029.950083 3031.957006 3033.261411 1 C 
  3  97 2 19 3 2 HL 1  4  6  7  5 1 1 1.431615 0 0 3034.515838 3035.017564 3035.519299 3035.719989 3037.726910 3039.158525 1 C 
  3  98 2 20 2 2 LL 1  4  6  5  5 1 1 0.936045 0 0 3040.402820 3040.904540 3041.406273 3041.606966 3043.613889 3044.549934 1 C 
  3  99 2 21 3 2 HL 1  6  6  9  5 1 1 1.365149 0 0 3045.804786 3046.306512 3046.808243 3047.008935 3049.015860 3050.381009 1 C 
  3 100 2 22 3 2 HL 1  6  5  9  4 1 1 1.410345 0 0 3051.624867 3052.126594 3052.628324 3052.829015 3054.835941 3056.246286 1 C 
  3 101 2 23 1 2 NL 0  5  6  5  5 0 1 1.459311 0 0 3057.495118 3057.996849 3058.498577 3058.699268 3060.706194 3062.165505 1 C 
  3 102 2 24 3 3 HH 1  5  4  8  7 1 1 1.492209 0 0 3063.415544 3063.917267 3064.418999 3064.619692 3066.626622 3068.118831 1 C 
  3 103 2 25 2 1 LN 0  5  6  6  6 0 1 5.673801 0 0 3069.369418 3069.871143 3070.372874 3070.573567 3072.580492 3078.254293 1 C 
  3 104 2 26 2 3 LH 1  6  4  5  1 1 1 1.508532 0 0 3079.504385 3080.006111 3080.507840 3080.708533 3082.715457 3084.223989 1 C 
  3 105 2 27 2 3 LH 1  6  6  5  9 1 1 1.266219 0 0 3085.474989 3085.976713 3086.478439 3086.679133 3088.686056 3089.952276 1 C 
  3 106 2 28 2 3 LH 1  4  4  5  1 1 1 0.991979 0 0 3091.211437 3091.713166 3092.214897 3092.415588 3094.422515 3095.414494 1 C 
  3 107 2 29 2 1 LN 0  4  4  5  4 0 1 1.140090 0 0 3096.663582 3097.165309 3097.667040 3097.867733 3099.874656 3101.014746 1 C 
  3 108 2 30 2 2 LL 1  6  6  5  5 1 1 1.201925 0 0 3102.266246 3102.767972 3103.269703 3103.470394 3105.477319 3106.679245 1 C 
  3 109 2 31 3 3 HH 1  6  4  9  7 1 1 8.790312 0 0 3107.935805 3108.437532 3108.939263 3109.139955 3111.146879 3119.937190 1 C 
  3 110 2 32 1 2 NL 0  4  5  4  4 0 1 2.257221 0 0 3121.181501 3121.683227 3122.184961 3122.385651 3124.392582 3126.649803 1 C 
  3 111 2 33 3 3 HH 1  4  6  1  9 1 1 1.629841 0 0 3127.904702 3128.406426 3128.908156 3129.108848 3131.115772 3132.745613 1 C 
  3 112 2 34 2 3 LH 1  6  5  5  2 1 1 1.596489 0 0 3133.992368 3134.494096 3134.995825 3135.196517 3137.203442 3138.799931 1 C 
  3 113 2 35 2 3 LH 1  6  5  5  8 1 1 1.118361 0 0 3140.046588 3140.548315 3141.050049 3141.250737 3143.257659 3144.376020 1 C 
  3 114 2 36 2 2 LL 1  6  4  5  5 1 1 1.663267 0 0 3145.632524 3146.134255 3146.635983 3146.836676 3148.843603 3150.506870 1 C 
  3 115 2 37 1 1 NN 0  4  6  4  6 0 1 1.569327 0 0 3151.753643 3152.255380 3152.757099 3152.957795 3154.964720 3156.534048 1 C 
  3 116 2 38 3 2 HL 1  5  4  2  5 1 1 1.304545 0 0 3157.791141 3158.292871 3158.794604 3158.995290 3161.002215 3162.306759 1 C 
  3 117 2 39 2 3 LH 1  4  6  5  9 1 1 1.371402 0 0 3163.561048 3164.062783 3164.564507 3164.765194 3166.772120 3168.143523 1 C 
  3 118 2 40 3 2 HL 1  5  4  2  5 1 1 1.343646 0 0 3169.397849 3169.899579 3170.401311 3170.601997 3172.608927 3173.952573 1 C 
  3 119 2 41 2 2 LL 1  4  4  5  5 1 1 1.772824 0 0 3175.201204 3175.702939 3176.204663 3176.405355 3178.412282 3180.185105 1 C 
  3 120 2 42 3 1 HN 0  5  6  2  6 0 1 1.624613 0 0 3181.439394 3181.941123 3182.442852 3182.643544 3184.650468 3186.275081 1 C 
  3 121 2 43 2 2 LL 1  5  6  6  5 1 1 1.529862 0 0 3187.527064 3188.028790 3188.530521 3188.731214 3190.738142 3192.268004 1 C 
  3 122 2 44 3 1 HN 0  6  4  9  4 0 1 1.530600 0 0 3193.514388 3194.016116 3194.517842 3194.718537 3196.725460 3198.256060 1 C 
  3 123 2 45 1 2 NL 0  6  5  6  6 0 1 6.587862 0 0 3199.501711 3200.003433 3200.505164 3200.705859 3202.712783 3209.300645 1 C 
  3 124 2 46 2 3 LH 1  4  6  5  9 1 1 1.845307 0 0 3210.556513 3211.058242 3211.559976 3211.760665 3213.767590 3215.612897 1 C 
  3 125 2 47 2 3 LH 1  6  6  5  9 1 1 1.327579 0 0 3216.861602 3217.363325 3217.865059 3218.065751 3220.072677 3221.400256 1 C 
  3 126 2 48 2 3 LH 1  5  6  4  3 1 1 2.120778 0 0 3222.648234 3223.149956 3223.651693 3223.852381 3225.859309 3227.980087 1 C 
  3 127 2 49 3 1 HN 0  6  6  9  6 0 1 1.095902 0 0 3229.237634 3229.739358 3230.241087 3230.441782 3232.448707 3233.544608 1 C 
  3 128 2 50 1 2 NL 0  5  4  5  5 0 1 1.156286 0 0 3234.790124 3235.291849 3235.793579 3235.994268 3238.001197 3239.157483 1 C 
  3 129 2 51 3 1 HN 0  6  4  9  4 0 1 1.189264 0 0 3240.409510 3240.911236 3241.412967 3241.613658 3243.620584 3244.809848 1 C 
  3 130 2 52 3 2 HL 1  4  6  1  5 1 1 2.307012 0 0 3246.062343 3246.564074 3247.065799 3247.266494 3249.273419 3251.580430 1 C 
  3 131 2 53 2 1 LN 0  4  4  5  4 0 1 1.591010 0 0 3252.835714 3253.337440 3253.839182 3254.039872 3256.046789 3257.637799 1 C 
  3 132 2 54 3 2 HL 1  6  5  3  4 1 1 1.894003 0 0 3258.889933 3259.391660 3259.893391 3260.094084 3262.101008 3263.995011 1 C 
  3 133 2 55 2 1 LN 0  4  6  5  6 0 1 1.771069 0 0 3265.245190 3265.746919 3266.248649 3266.449342 3268.456264 3270.227333 1 C 
  3 134 2 56 2 2 LL 1  5  6  6  5 1 1 2.246030 0 0 3271.483382 3271.985108 3272.486839 3272.687530 3274.694451 3276.940481 1 C 
  3 135 2 57 3 3 HH 1  5  4  8  7 1 1 8.626091 0 0 3278.189854 3278.691577 3279.193309 3279.394001 3281.400925 3290.027015 1 C 
  3 136 2 58 2 1 LN 0  6  6  5  6 0 1 1.530542 0 0 3291.285031 3291.786756 3292.288496 3292.489180 3294.496107 3296.026649 1 C 
  3 137 2 59 1 2 NL 0  5  5  5  6 0 1 2.264229 0 0 3297.272358 3297.774079 3298.275814 3298.476504 3300.483427 3302.747656 1 C 
  3 138 2 60 2 3 LH 1  6  4  5  7 1 1 2.069086 0 0 3303.995550 3304.497275 3304.999005 3305.199712 3307.206622 3309.275707 1 C 
  3 139 3  1 2 2 LL 1  6  5  5  4 1 1 2.536453 0 0 3376.294980 3376.796716 3377.298441 3377.499132 3379.506058 3382.042511 1 C 
  3 140 3  2 3 2 HL 1  4  6  1  5 1 1 1.481052 0 0 3383.285766 3383.787499 3384.289221 3384.489919 3386.496842 3387.977894 1 C 
  3 141 3  3 1 1 NN 0  6  6  6  6 0 1 2.069748 0 0 3389.222915 3389.724641 3390.226373 3390.427068 3392.433994 3394.503741 1 C 
  3 142 3  4 2 3 LH 1  4  6  5  9 1 1 2.675430 0 0 3395.762153 3396.263873 3396.765602 3396.966293 3398.973221 3401.648651 1 C 
  3 143 3  5 2 1 LN 0  5  5  6  5 1 0 1.959807 0 0 3402.903451 3403.405182 3403.906903 3404.107598 3406.114525 3408.074332 1 E 
  3 144 3  6 3 2 HL 1  5  5  2  4 0 0 1.854970 0 0 3409.325606 3409.827334 3410.329062 3410.529755 3412.536677 3414.391647 1 E 
  3 145 3  7 3 2 HL 1  5  4  8  5 1 1 1.821965 0 0 3415.647416 3416.149142 3416.650873 3416.851566 3418.858489 3420.680454 1 C 
  3 146 3  8 2 3 LH 1  4  6  5  3 1 1 0.942216 0 0 3421.935778 3422.437503 3422.939235 3423.139927 3425.146850 3426.089066 1 C 
  3 147 3  9 3 1 HN 0  5  4  2  4 0 1 1.419969 0 0 3427.337748 3427.839476 3428.341204 3428.541897 3430.548824 3431.968793 1 C 
  3 148 3 10 3 1 HN 0  4  6  7  6 0 1 1.701408 0 0 3433.224725 3433.726452 3434.228182 3434.428874 3436.435799 3438.137206 1 C 
  3 149 3 11 3 3 HH 1  6  5  3  2 1 1 1.938676 0 0 3439.396015 3439.897742 3440.399473 3440.600166 3442.607091 3444.545767 1 C 
  3 150 3 12 2 2 LL 1  4  6  5  5 1 1 1.916118 0 0 3445.801447 3446.303176 3446.804903 3447.005598 3449.012522 3450.928640 1 C 
  3 151 3 13 3 3 HH 1  4  6  1  9 1 1 1.866000 0 0 3452.173428 3452.675157 3453.176888 3453.377579 3455.384503 3457.250502 1 C 
  3 152 3 14 1 3 NH 0  5  6  5  9 0 1 1.354604 0 0 3458.495243 3458.996968 3459.498697 3459.699390 3461.706315 3463.060920 1 C 
  3 153 3 15 1 1 NN 0  6  5  6  5 0 1 1.414924 0 0 3464.315322 3464.817047 3465.318778 3465.519469 3467.526395 3468.941319 1 C 
  3 154 3 16 2 3 LH 1  4  5  5  8 1 1 1.750494 0 0 3470.185573 3470.687302 3471.189031 3471.389721 3473.396647 3475.147140 1 C 
  3 155 3 17 1 2 NL 0  5  6  5  5 0 1 1.376948 0 0 3476.390313 3476.892042 3477.393771 3477.594461 3479.601384 3480.978332 1 C 
  3 156 3 18 2 2 LL 1  5  5  6  6 1 1 1.690569 0 0 3482.227117 3482.728839 3483.230574 3483.431266 3485.438189 3487.128758 1 C 
  3 157 3 19 3 1 HN 0  5  6  2  6 0 1 1.618328 0 0 3488.381687 3488.883412 3489.385139 3489.585833 3491.592757 3493.211085 1 C 
  3 158 3 20 2 3 LH 1  6  5  5  2 1 1 2.115070 0 0 3494.469354 3494.971082 3495.472809 3495.673502 3497.680426 3499.795496 1 C 
  3 159 3 21 2 1 LN 0  4  5  5  5 0 1 1.469206 0 0 3501.042030 3501.543758 3502.045486 3502.246179 3504.253102 3505.722308 1 C 
  3 160 3 22 3 2 HL 1  5  5  8  6 1 1 1.277490 0 0 3506.979180 3507.480908 3507.982639 3508.183328 3510.190255 3511.467745 1 C 
  3 161 3 23 3 2 HL 1  6  6  9  5 1 1 1.629322 0 0 3512.715637 3513.217362 3513.719095 3513.919786 3515.926710 3517.556032 1 C 
  3 162 3 24 3 1 HN 0  6  6  9  6 0 1 2.190467 0 0 3518.803305 3519.305029 3519.806761 3520.007455 3522.014377 3524.204844 1 C 
  3 163 3 25 2 2 LL 1  4  6  5  5 1 1 1.766487 0 0 3525.459604 3525.961331 3526.463061 3526.663753 3528.670674 3530.437161 1 C 
  3 164 3 26 2 2 LL 1  6  4  5  5 1 1 1.162640 0 0 3531.681071 3532.182796 3532.684525 3532.885215 3534.892141 3536.054780 1 C 
  3 165 3 27 3 2 HL 1  4  5  7  4 1 1 1.805514 0 0 3537.300458 3537.802181 3538.303914 3538.504604 3540.511528 3542.317043 1 C 
  3 166 3 28 2 3 LH 1  5  5  6  2 1 1 1.228179 0 0 3543.572092 3544.073818 3544.575546 3544.776240 3546.783165 3548.011344 1 C 
  3 167 3 29 2 1 LN 0  4  5  5  5 0 1 1.062737 0 0 3549.258389 3549.760103 3550.261831 3550.462526 3552.469452 3553.532189 1 C 
  3 168 3 30 1 3 NH 0  4  6  4  9 0 1 1.255432 0 0 3554.777417 3555.279139 3555.780871 3555.981567 3557.988492 3559.243923 1 C 
  3 169 3 31 3 2 HL 1  5  4  2  5 1 1 1.619109 0 0 3560.497151 3560.998874 3561.500607 3561.701299 3563.708223 3565.327332 1 C 
  3 170 3 32 1 1 NN 0  4  6  4  6 0 1 1.316295 0 0 3566.584817 3567.086546 3567.588276 3567.788969 3569.795892 3571.112187 1 C 
  3 171 3 33 1 1 NN 0  6  5  6  5 0 1 1.310887 0 0 3572.371446 3572.873178 3573.374907 3573.575597 3575.582523 3576.893410 1 C 
  3 172 3 34 2 2 LL 1  4  6  5  5 1 1 1.541243 0 0 3578.141367 3578.643081 3579.144813 3579.345505 3581.352432 3582.893675 1 C 
  3 173 3 35 2 2 LL 1  5  4  6  5 1 1 2.119386 0 0 3584.145402 3584.647133 3585.148861 3585.349556 3587.356477 3589.475863 1 C 
  3 174 3 36 2 3 LH 1  6  4  5  1 1 1 1.371117 0 0 3590.734804 3591.236533 3591.738266 3591.938954 3593.945878 3595.316995 1 C 
  3 175 3 37 3 2 HL 1  4  4  7  5 1 1 1.288236 0 0 3596.571608 3597.073336 3597.575065 3597.775756 3599.782684 3601.070920 1 C 
  3 176 3 38 2 1 LN 0  6  6  5  6 0 1 1.615252 0 0 3602.324784 3602.826516 3603.328247 3603.528940 3605.535864 3607.151116 1 C 
  3 177 3 39 2 2 LL 1  6  4  5  5 1 1 1.563152 0 0 3608.395735 3608.897463 3609.399189 3609.599883 3611.606808 3613.169961 1 C 
  3 178 3 40 3 2 HL 1  6  4  3  5 1 1 1.508761 0 0 3614.416507 3614.918232 3615.419963 3615.620653 3617.627579 3619.136340 1 C 
  3 179 3 41 3 2 HL 1  6  6  9  5 1 1 1.487012 0 0 3620.387103 3620.888833 3621.390564 3621.591254 3623.598178 3625.085190 1 C 
  3 180 3 42 1 1 NN 0  4  6  4  6 0 1 1.326558 0 0 3626.340980 3626.842703 3627.344434 3627.545128 3629.552053 3630.878611 1 C 
  3 181 3 43 2 1 LN 0  6  5  5  5 0 1 1.779035 0 0 3632.127607 3632.629335 3633.131064 3633.331758 3635.338683 3637.117718 1 C 
  3 182 3 44 3 1 HN 0  4  5  1  5 0 1 1.745216 0 0 3638.365799 3638.867535 3639.369256 3639.569948 3641.576871 3643.322088 1 C 
  3 183 3 45 1 2 NL 0  6  6  6  5 0 1 2.217195 0 0 3644.570532 3645.072264 3645.573995 3645.774688 3647.781611 3649.998806 1 C 
  3 184 3 46 1 3 NH 0  5  6  5  9 0 1 7.755670 0 0 3651.243561 3651.745289 3652.247020 3652.447709 3654.454634 3662.210304 1 C 
  3 185 3 47 2 3 LH 1  4  6  5  9 1 1 3.018172 0 0 3663.469072 3663.970800 3664.472533 3664.673221 3666.680145 3669.698317 1 C 
  3 186 3 48 1 2 NL 0  4  4  4  5 0 1 1.986667 0 0 3670.944864 3671.446590 3671.948320 3672.149013 3674.155936 3676.142604 1 C 
  3 187 3 49 3 3 HH 1  6  5  9  8 1 1 1.327544 0 0 3677.400468 3677.902196 3678.403931 3678.604618 3680.611543 3681.939088 1 C 
  3 188 3 50 2 1 LN 0  6  5  5  5 0 1 14.701162 0 0 3683.187096 3683.688824 3684.190556 3684.391248 3686.398173 3701.099335 1 C 
  3 189 3 51 2 1 LN 0  6  6  5  6 0 1 2.157425 0 0 3702.353221 3702.854952 3703.356677 3703.557371 3705.564296 3707.721721 1 C 
  3 190 3 52 1 2 NL 0  6  4  6  5 0 1 1.822496 0 0 3708.976072 3709.477798 3709.979531 3710.180218 3712.187145 3714.009640 1 C 
  3 191 3 53 1 3 NH 0  6  4  6  1 0 1 1.348866 0 0 3715.264427 3715.766160 3716.267890 3716.468583 3718.475506 3719.824371 1 C 
  3 192 3 54 3 3 HH 1  6  4  9  7 1 1 1.074613 0 0 3721.067792 3721.569517 3722.071247 3722.271938 3724.278862 3725.353475 1 C 
  3 193 3 55 2 3 LH 1  4  5  5  2 1 1 1.469851 0 0 3726.603554 3727.105280 3727.607011 3727.807703 3729.814629 3731.284480 1 C 
  3 194 3 56 2 1 LN 0  4  5  5  5 0 1 1.371874 0 0 3732.540704 3733.042429 3733.544160 3733.744852 3735.751780 3737.123653 1 C 
  3 195 3 57 1 1 NN 0  4  5  4  5 0 1 1.437255 0 0 3738.377507 3738.879230 3739.380963 3739.581658 3741.588580 3743.025836 1 C 
  3 196 3 58 1 2 NL 0  5  6  5  5 0 1 2.212736 0 0 3744.281206 3744.782937 3745.284662 3745.485357 3747.492281 3749.705017 1 C 
  3 197 3 59 3 3 HH 1  4  4  7  7 1 1 1.800070 0 0 3750.954230 3751.455958 3751.957687 3752.158380 3754.165306 3755.965376 1 C 
  3 198 3 60 1 3 NH 0  5  4  5  1 0 1 1.360024 0 0 3757.209144 3757.710868 3758.212596 3758.413292 3760.420216 3761.780241 1 C 
  3 199 4  1 3 3 HH 1  4  5  7  8 1 1 1.068451 0 0 3788.366631 3788.868370 3789.370094 3789.570786 3791.577710 3792.646161 1 C 
  3 200 4  2 2 2 LL 1  5  4  4  5 1 1 1.674994 0 0 3793.902404 3794.404133 3794.905859 3795.106549 3797.113475 3798.788469 1 C 
  3 201 4  3 3 3 HH 1  6  4  9  1 1 1 1.971942 0 0 3800.040244 3800.541973 3801.043704 3801.244394 3803.251317 3805.223259 1 C 
  3 202 4  4 1 1 NN 0  4  6  4  6 0 1 0.936862 0 0 3806.479126 3806.980853 3807.482583 3807.683275 3809.690199 3810.627061 1 C 
  3 203 4  5 3 1 HN 0  5  6  8  6 0 1 1.123463 0 0 3811.881095 3812.382822 3812.884553 3813.085245 3815.092169 3816.215632 1 C 
  3 204 4  6 2 2 LL 1  6  5  5  6 1 1 1.910199 0 0 3817.467032 3817.968761 3818.470491 3818.671182 3820.678109 3822.588308 1 C 
  3 205 4  7 3 1 HN 0  4  4  7  4 0 1 1.476175 0 0 3823.839021 3824.340743 3824.842478 3825.043166 3827.050092 3828.526268 1 C 
  3 206 4  8 1 3 NH 0  6  4  6  1 0 1 2.657829 0 0 3829.776170 3830.277893 3830.779625 3830.980316 3832.987241 3835.645070 1 C 
  3 207 4  9 3 1 HN 0  6  4  9  4 0 1 1.397896 0 0 3836.900750 3837.402474 3837.904204 3838.104897 3840.111822 3841.509718 1 C 
  3 208 4 10 1 1 NN 0  6  6  6  6 0 1 0.979418 0 0 3842.754276 3843.256000 3843.757732 3843.958425 3845.965351 3846.944768 1 C 
  3 209 4 11 3 1 HN 0  5  5  8  5 0 1 1.519694 0 0 3848.189695 3848.691420 3849.193147 3849.393843 3851.400768 3852.920462 1 C 
  3 210 4 12 1 1 NN 0  6  4  6  4 0 1 0.930228 0 0 3854.177017 3854.678743 3855.180472 3855.381167 3857.388091 3858.318319 1 C 
  3 211 4 13 3 2 HL 1  6  4  9  5 1 1 1.289007 0 0 3859.562264 3860.063986 3860.565721 3860.766412 3862.773336 3864.062343 1 C 
  3 212 4 14 2 3 LH 1  4  6  5  3 1 1 1.794774 0 0 3865.315445 3865.817173 3866.318902 3866.519594 3868.526518 3870.321292 1 C 
  3 213 4 15 3 2 HL 1  4  5  1  4 1 1 1.410143 0 0 3871.570360 3872.072087 3872.573815 3872.774506 3874.781434 3876.191577 1 C 
  3 214 4 16 1 3 NH 0  5  5  5  8 0 1 2.026631 0 0 3877.440610 3877.942341 3878.444068 3878.644760 3880.651687 3882.678318 1 C 
  3 215 4 17 2 2 LL 1  4  5  5  4 1 1 1.834039 0 0 3883.929668 3884.431392 3884.933123 3885.133814 3887.140738 3888.974777 1 C 
  3 216 4 18 3 3 HH 1  6  4  3  7 1 1 1.542008 0 0 3890.218027 3890.719754 3891.221482 3891.422175 3893.429101 3894.971109 1 C 
  3 217 4 19 2 2 LL 1  5  6  4  5 1 1 1.756711 0 0 3896.222073 3896.723800 3897.225530 3897.426222 3899.433147 3901.189858 1 C 
  3 218 4 20 1 1 NN 0  4  4  4  4 0 1 1.871873 0 0 3902.443535 3902.945272 3903.446994 3903.647686 3905.654610 3907.526483 1 C 
  3 219 4 21 2 2 LL 1  4  5  5  6 1 1 2.285541 0 0 3908.782072 3909.283800 3909.785532 3909.986222 3911.993146 3914.278686 1 C 
  3 220 4 22 3 2 HL 1  5  5  2  4 1 1 1.300080 0 0 3915.521986 3916.023718 3916.525449 3916.726142 3918.733065 3920.033145 1 C 
  3 221 4 23 3 3 HH 1  6  6  3  3 1 1 1.564142 0 0 3921.291897 3921.793628 3922.295357 3922.496047 3924.502974 3926.067116 1 C 
  3 222 4 24 2 3 LH 1  6  6  5  9 1 1 1.211519 0 0 3927.312671 3927.814398 3928.316138 3928.516818 3930.523745 3931.735264 1 C 
  3 223 4 25 2 2 LL 1  4  5  5  6 1 1 2.702183 0 0 3932.982225 3933.483953 3933.985694 3934.186378 3936.193301 3938.895484 1 C 
  3 224 4 26 2 2 LL 1  6  5  5  6 1 1 1.409524 0 0 3940.140259 3940.641983 3941.143715 3941.344408 3943.351334 3944.760858 1 C 
  3 225 4 27 1 2 NL 0  4  6  4  5 0 1 2.818393 0 0 3946.010511 3946.512235 3947.013971 3947.214659 3949.221584 3952.039978 1 C 
  3 226 4 28 2 2 LL 1  4  5  5  4 1 1 1.591799 0 0 3953.285613 3953.787336 3954.289070 3954.489760 3956.496687 3958.088485 1 C 
  3 227 4 29 3 1 HN 0  4  5  7  5 0 1 2.233799 0 0 3959.339829 3959.841559 3960.343288 3960.543980 3962.550904 3964.784703 1 C 
  3 228 4 30 1 1 NN 0  5  4  5  4 0 1 1.481357 0 0 3966.029579 3966.531303 3967.033033 3967.233726 3969.240653 3970.722010 1 C 
  3 229 4 31 1 1 NN 0  4  4  4  4 0 1 1.151744 0 0 3971.966731 3972.468450 3972.970184 3973.170876 3975.177803 3976.329548 1 C 
  3 230 4 32 3 1 HN 0  6  5  3  5 0 1 1.326165 0 0 3977.586114 3978.087843 3978.589569 3978.790263 3980.797187 3982.123352 1 C 
  3 231 4 33 2 2 LL 1  6  4  5  5 1 1 1.050179 0 0 3983.372745 3983.874468 3984.376203 3984.576894 3986.583818 3987.633997 1 C 
  3 232 4 34 2 3 LH 1  4  4  5  7 1 1 1.700984 0 0 3988.891786 3989.393516 3989.895242 3990.095932 3992.102862 3993.803846 1 C 
  3 233 4 35 1 1 NN 0  5  6  5  6 0 1 1.327561 0 0 3995.063077 3995.564799 3996.066534 3996.267225 3998.274152 3999.601712 1 C 
  3 234 4 36 2 1 LN 0  5  4  4  4 0 1 1.822830 0 0 4000.849707 4001.351434 4001.853162 4002.053856 4004.060780 4005.883610 1 C 
  3 235 4 37 1 3 NH 0  4  5  4  2 0 1 1.420794 0 0 4007.138069 4007.639795 4008.141525 4008.342216 4010.349144 4011.769939 1 C 
  3 236 4 38 2 1 LN 0  6  5  5  5 1 0 2.290545 0 0 4013.025046 4013.526773 4014.028502 4014.229196 4016.236121 4018.526666 1 E 
  3 237 4 39 3 2 HL 1  4  4  7  5 1 1 3.732275 0 0 4019.781689 4020.283413 4020.785146 4020.985839 4022.992763 4026.725038 1 C 
  3 238 4 40 2 1 LN 0  5  6  6  6 0 1 1.827889 0 0 4027.976627 4028.478357 4028.980086 4029.180779 4031.187704 4033.015593 1 C 
  3 239 4 41 1 2 NL 0  4  6  4  5 0 1 11.227289 0 0 4034.264991 4034.766716 4035.268448 4035.469139 4037.476063 4048.703352 1 C 
  3 240 4 42 3 3 HH 1  5  4  8  1 1 1 1.448166 0 0 4049.952446 4050.454183 4050.955903 4051.156592 4053.163519 4054.611685 1 C 
  3 241 4 43 2 2 LL 1  4  5  5  4 1 1 1.612249 0 0 4055.856146 4056.357875 4056.859608 4057.060296 4059.067220 4060.679469 1 C 
  3 242 4 44 2 3 LH 1  6  5  5  8 1 1 1.630523 0 0 4061.927091 4062.428818 4062.930549 4063.131241 4065.138165 4066.768688 1 C 
  3 243 4 45 3 3 HH 1  5  4  8  7 1 1 1.443039 0 0 4068.014764 4068.516490 4069.018216 4069.218910 4071.225837 4072.668876 1 C 
  3 244 4 46 2 2 LL 1  5  5  4  4 1 1 2.445284 0 0 4073.918463 4074.420187 4074.921919 4075.122611 4077.129536 4079.574820 1 C 
  3 245 4 47 3 1 HN 0  6  6  3  6 0 1 1.625176 0 0 4080.825626 4081.327348 4081.829079 4082.029774 4084.036699 4085.661875 1 C 
  3 246 4 48 3 3 HH 1  5  4  2  7 1 1 1.575785 0 0 4086.913295 4087.415021 4087.916753 4088.117444 4090.124370 4091.700155 1 C 
  3 247 4 49 3 2 HL 1  6  5  9  6 1 1 1.404421 0 0 4092.950799 4093.452517 4093.954248 4094.154940 4096.161867 4097.566288 1 C 
  3 248 4 50 1 1 NN 0  6  4  6  4 0 1 1.388614 0 0 4098.821047 4099.322773 4099.824504 4100.025193 4102.032117 4103.420731 1 C 
  3 249 4 51 2 1 LN 0  4  6  5  6 0 1 1.201340 0 0 4104.674571 4105.176299 4105.678029 4105.878722 4107.885647 4109.086988 1 C 
  3 250 4 52 3 2 HL 1  5  6  2  5 1 1 1.404195 0 0 4110.344134 4110.845858 4111.347588 4111.548282 4113.555204 4114.959399 1 C 
  3 251 4 53 1 3 NH 0  5  5  5  8 0 1 1.541854 0 0 4116.214385 4116.716112 4117.217838 4117.418532 4119.425456 4120.967310 1 C 
  3 252 4 54 1 3 NH 0  6  5  6  8 0 1 1.408953 0 0 4122.218432 4122.720160 4123.221889 4123.422580 4125.429504 4126.838457 1 C 
  3 253 4 55 3 2 HL 1  5  6  2  5 1 1 1.778720 0 0 4128.088684 4128.590409 4129.092144 4129.292833 4131.299754 4133.078474 1 C 
  3 254 4 56 3 2 HL 1  5  4  8  5 1 1 1.750438 0 0 4134.326874 4134.828605 4135.330332 4135.531022 4137.537948 4139.288386 1 C 
  3 255 4 57 1 2 NL 0  4  4  4  5 0 1 1.393046 0 0 4140.531611 4141.033340 4141.535071 4141.735761 4143.742688 4145.135734 1 C 
  3 256 4 58 3 3 HH 1  6  5  3  8 1 1 1.156689 0 0 4146.385141 4146.886869 4147.388595 4147.589289 4149.596213 4150.752902 1 C 
  3 257 4 59 2 3 LH 1  6  6  5  3 1 1 2.059357 0 0 4152.004528 4152.506249 4153.007981 4153.208676 4155.215601 4157.274957 1 C 
  3 258 4 60 2 3 LH 1  5  5  4  2 1 1 1.647174 0 0 4158.527031 4159.028756 4159.530486 4159.731179 4161.738104 4163.385277 1 C 
  3 259 5  1 3 3 HH 1  4  5  1  2 1 1 1.944569 0 0 4195.688569 4196.190298 4196.692028 4196.892720 4198.899643 4200.844213 1 C 
  3 260 5  2 3 2 HL 1  6  4  9  5 1 1 1.376984 0 0 4202.094005 4202.595729 4203.097460 4203.298152 4205.305077 4206.682061 1 C 
  3 261 5  3 2 1 LN 0  4  4  5  4 1 0 2.340212 0 0 4207.930806 4208.432533 4208.934264 4209.134956 4211.141880 4213.482093 1 E 
  3 262 5  4 1 3 NH 0  4  4  4  1 0 1 1.607575 0 0 4214.737622 4215.239354 4215.741084 4215.941774 4217.948698 4219.556273 1 C 
  3 263 5  5 2 1 LN 0  6  6  5  6 0 1 1.503664 0 0 4220.808567 4221.310295 4221.812026 4222.012720 4224.019639 4225.523303 1 C 
  3 264 5  6 2 1 LN 0  5  4  4  4 0 1 1.140832 0 0 4226.779168 4227.280893 4227.782627 4227.983317 4229.990241 4231.131073 1 C 
  3 265 5  7 3 2 HL 1  4  6  7  5 1 1 1.818052 0 0 4232.381831 4232.883556 4233.385288 4233.585979 4235.592905 4237.410957 1 C 
  3 266 5  8 1 2 NL 0  5  4  5  5 0 1 1.768100 0 0 4238.670192 4239.171919 4239.673651 4239.874341 4241.881265 4243.649365 1 C 
  3 267 5  9 2 2 LL 1  4  6  5  5 1 1 1.762227 0 0 4244.908381 4245.410106 4245.911840 4246.112529 4248.119456 4249.881683 1 C 
  3 268 5 10 1 1 NN 0  6  4  6  4 0 1 1.145855 0 0 4251.129846 4251.631573 4252.133297 4252.333993 4254.340915 4255.486770 1 C 
  3 269 5 11 2 1 LN 0  6  5  5  5 0 1 1.122365 0 0 4256.732509 4257.234243 4257.735962 4257.936656 4259.943581 4261.065946 1 C 
  3 270 5 12 3 2 HL 1  5  4  8  5 1 1 1.387530 0 0 4262.318455 4262.820180 4263.321906 4263.522595 4265.529518 4266.917048 1 C 
  3 271 5 13 1 3 NH 0  6  4  6  7 0 1 1.206166 0 0 4268.171977 4268.673696 4269.175430 4269.376120 4271.383046 4272.589212 1 C 
  3 272 5 14 1 3 NH 0  6  4  6  1 0 1 1.305290 0 0 4273.841531 4274.343262 4274.844991 4275.045682 4277.052604 4278.357894 1 C 
  3 273 5 15 1 2 NL 0  4  6  4  5 0 1 1.453740 0 0 4279.611437 4280.113166 4280.614894 4280.815588 4282.822513 4284.276253 1 C 
  3 274 5 16 1 1 NN 0  5  5  5  5 0 1 1.470004 0 0 4285.531865 4286.033590 4286.535323 4286.736015 4288.742939 4290.212943 1 C 
  3 275 5 17 2 3 LH 1  4  5  5  2 1 1 2.092425 0 0 4291.469013 4291.970739 4292.472471 4292.673163 4294.680089 4296.772514 1 C 
  3 276 5 18 1 1 NN 0  4  5  4  5 0 1 1.679775 0 0 4298.024964 4298.526695 4299.028427 4299.229115 4301.236040 4302.915816 1 C 
  3 277 5 19 2 3 LH 1  5  5  4  2 1 1 1.376491 0 0 4304.162810 4304.664538 4305.166264 4305.366958 4307.373883 4308.750374 1 C 
  3 278 5 20 2 2 LL 1  6  4  5  5 1 1 1.282951 0 0 4309.999613 4310.501339 4311.003071 4311.203765 4313.210687 4314.493638 1 C 
  3 279 5 21 2 1 LN 0  6  4  5  4 0 1 1.844943 0 0 4315.752797 4316.254524 4316.756263 4316.956944 4318.963868 4320.808811 1 C 
  3 280 5 22 2 2 LL 1  4  4  5  5 1 1 0.953010 0 0 4322.057881 4322.559613 4323.061337 4323.262030 4325.268952 4326.221962 1 C 
  3 281 5 23 1 2 NL 0  6  6  6  5 0 1 1.375896 0 0 4327.476576 4327.978302 4328.480035 4328.680725 4330.687649 4332.063545 1 C 
  3 282 5 24 2 3 LH 1  6  5  5  8 1 1 1.244388 0 0 4333.313379 4333.815102 4334.316836 4334.517526 4336.524453 4337.768841 1 C 
  3 283 5 25 3 3 HH 1  6  6  9  3 1 1 1.266316 0 0 4339.016389 4339.518114 4340.019845 4340.220537 4342.227461 4343.493777 1 C 
  3 284 5 26 1 3 NH 0  6  4  6  7 0 1 1.283200 0 0 4344.752843 4345.254574 4345.756305 4345.956994 4347.963919 4349.247119 1 C 
  3 285 5 27 1 1 NN 0  5  4  5  4 0 1 1.355041 0 0 4350.506028 4351.007756 4351.509484 4351.710175 4353.717100 4355.072141 1 C 
  3 286 5 28 3 3 HH 1  4  5  1  8 1 1 1.221984 0 0 4356.326108 4356.827835 4357.329564 4357.530256 4359.537180 4360.759165 1 C 
  3 287 5 29 3 3 HH 1  6  5  9  2 1 1 1.678818 0 0 4362.012395 4362.514117 4363.015848 4363.216540 4365.223465 4366.902283 1 C 
  3 288 5 30 2 3 LH 1  4  4  5  1 1 1 1.679243 0 0 4368.150233 4368.651962 4369.153687 4369.354382 4371.361307 4373.040550 1 C 
  3 289 5 31 3 3 HH 1  6  6  9  3 1 1 1.002571 0 0 4374.288079 4374.789804 4375.291533 4375.492225 4377.499151 4378.501721 1 C 
  3 290 5 32 3 3 HH 1  4  5  7  2 1 1 1.790017 0 0 4379.756945 4380.258672 4380.760400 4380.961093 4382.968016 4384.758033 1 C 
  3 291 5 33 1 3 NH 0  4  4  4  1 0 1 1.167583 0 0 4386.011854 4386.513585 4387.015313 4387.216006 4389.222932 4390.390514 1 C 
  3 292 5 34 3 2 HL 1  6  4  9  5 1 1 1.311498 0 0 4391.647973 4392.149691 4392.651424 4392.852116 4394.859040 4396.170538 1 C 
  3 293 5 35 2 2 LL 1  5  6  4  5 1 1 1.145613 0 0 4397.417875 4397.919601 4398.421334 4398.622022 4400.628947 4401.774560 1 C 
  3 294 5 36 3 3 HH 1  5  6  2  3 1 1 1.399165 0 0 4403.020539 4403.522265 4404.023994 4404.224686 4406.231612 4407.630777 1 C 
  3 295 5 37 3 3 HH 1  4  6  1  3 1 1 1.245162 0 0 4408.874065 4409.375801 4409.877521 4410.078214 4412.085140 4413.330302 1 C 
  3 296 5 38 1 2 NL 0  4  6  4  5 0 1 1.893825 0 0 4414.577070 4415.078799 4415.580540 4415.781222 4417.788147 4419.681971 1 C 
  3 297 5 39 2 3 LH 1  4  4  5  7 1 1 1.250087 0 0 4420.932331 4421.434058 4421.935794 4422.136481 4424.143405 4425.393493 1 C 
  3 298 5 40 2 2 LL 1  6  6  5  5 1 1 1.448722 0 0 4426.652063 4427.153801 4427.655523 4427.856215 4429.863138 4431.311860 1 C 
  3 299 5 41 3 1 HN 0  5  4  2  4 0 1 1.812514 0 0 4432.555765 4433.057490 4433.559222 4433.759916 4435.766840 4437.579354 1 C 
  3 300 5 42 1 1 NN 0  4  5  4  5 0 1 1.690370 0 0 4438.827409 4439.329130 4439.830861 4440.031554 4442.038477 4443.728847 1 C 
  3 301 5 43 1 3 NH 0  4  4  4  1 0 1 1.123026 0 0 4444.981968 4445.483697 4445.985428 4446.186119 4448.193044 4449.316070 1 C 
  3 302 5 44 1 2 NL 0  4  6  4  5 0 1 1.234058 0 0 4450.567909 4451.069635 4451.571363 4451.772058 4453.778985 4455.013043 1 C 
  3 303 5 45 1 2 NL 0  5  6  5  5 0 1 1.745688 0 0 4456.270917 4456.772641 4457.274372 4457.475069 4459.481994 4461.227682 1 C 
  3 304 5 46 2 3 LH 1  6  5  5  8 1 1 11.639275 0 0 4462.475662 4462.977381 4463.479114 4463.679807 4465.686733 4477.326009 1 C 
  3 305 5 47 3 1 HN 0  6  5  3  5 0 1 1.585474 0 0 4478.581234 4479.082951 4479.584679 4479.785371 4481.792296 4483.377770 1 C 
  3 306 5 48 3 3 HH 1  4  5  7  2 1 1 2.218754 0 0 4484.635439 4485.137171 4485.638900 4485.839592 4487.846516 4490.065270 1 C 
  3 307 5 49 1 3 NH 0  5  5  5  8 1 0 2.163842 0 0 4491.308463 4491.810193 4492.311922 4492.512614 4494.519538 4496.683381 1 E 
  3 308 5 50 2 1 LN 0  6  6  5  6 0 1 1.436464 0 0 4497.931314 4498.433040 4498.934771 4499.135463 4501.142389 4502.578853 1 C 
  3 309 5 51 1 1 NN 0  5  5  5  5 0 1 1.212259 0 0 4503.835013 4504.336741 4504.838469 4505.039163 4507.046087 4508.258347 1 C 
  3 310 5 52 1 2 NL 0  6  4  6  5 0 1 1.399124 0 0 4509.504576 4510.006311 4510.508034 4510.708724 4512.715647 4514.114771 1 C 
  3 311 5 53 3 3 HH 1  6  5  3  2 1 1 1.811444 0 0 4515.358113 4515.859837 4516.361560 4516.562252 4518.569177 4520.380620 1 C 
  3 312 5 54 2 3 LH 1  4  5  5  8 1 1 2.130898 0 0 4521.629741 4522.131465 4522.633198 4522.833889 4524.840816 4526.971714 1 C 
  3 313 5 55 3 1 HN 0  6  5  9  5 0 1 2.169016 0 0 4528.219142 4528.720873 4529.222596 4529.423290 4531.430214 4533.599230 1 C 
  3 314 5 56 3 1 HN 0  6  6  3  6 0 1 2.186306 0 0 4534.841987 4535.343713 4535.845447 4536.046139 4538.053062 4540.239369 1 C 
  3 315 5 57 3 2 HL 1  6  5  9  4 1 1 1.662635 0 0 4541.498284 4542.000014 4542.501744 4542.702437 4544.709361 4546.371996 1 C 
  3 316 5 58 1 1 NN 0  6  4  6  4 0 1 2.373658 0 0 4547.619402 4548.121131 4548.622865 4548.823554 4550.830479 4553.204137 1 C 
  3 317 5 59 3 2 HL 1  4  4  7  5 1 1 1.905771 0 0 4554.459669 4554.961400 4555.463127 4555.663818 4557.670744 4559.576514 1 C 
  3 318 5 60 2 3 LH 1  4  5  5  8 1 1 1.778247 0 0 4560.831655 4561.333383 4561.835109 4562.035803 4564.042728 4565.820975 1 C 
  3 319 6  1 2 2 LL 1  4  5  5  4 1 1 1.834887 0 0 4591.487418 4591.989143 4592.490875 4592.691566 4594.698490 4596.533377 1 C 
  3 320 6  2 2 3 LH 1  4  6  5  3 1 1 1.077983 0 0 4597.792504 4598.294229 4598.795959 4598.996662 4601.003577 4602.081560 1 C 
  3 321 6  3 1 3 NH 0  5  5  5  8 0 1 1.014256 0 0 4603.328269 4603.829992 4604.331723 4604.532418 4606.539344 4607.553600 1 C 
  3 322 6  4 3 3 HH 1  4  6  1  9 1 1 1.431584 0 0 4608.797137 4609.298862 4609.800589 4610.001285 4612.008209 4613.439792 1 C 
  3 323 6  5 3 1 HN 0  5  4  8  4 0 1 0.870301 0 0 4614.684113 4615.185842 4615.687570 4615.888262 4617.895186 4618.765487 1 C 
  3 324 6  6 3 3 HH 1  6  6  9  9 1 1 2.119912 0 0 4620.019186 4620.520914 4621.022645 4621.223335 4623.230259 4625.350171 1 C 
  3 325 6  7 3 3 HH 1  6  6  9  3 1 1 1.046814 0 0 4626.608584 4627.110308 4627.612042 4627.812732 4629.819657 4630.866471 1 C 
  3 326 6  8 2 2 LL 1  6  6  5  5 1 1 1.228167 0 0 4632.110900 4632.612630 4633.114360 4633.315051 4635.321976 4636.550143 1 C 
  3 327 6  9 3 3 HH 1  6  6  9  9 1 1 1.437704 0 0 4637.797191 4638.298925 4638.800644 4639.001335 4641.008259 4642.445963 1 C 
  3 328 6 10 3 1 HN 0  6  4  3  4 0 1 1.366519 0 0 4643.700885 4644.202615 4644.704347 4644.905036 4646.911961 4648.278480 1 C 
  3 329 6 11 2 2 LL 1  6  5  5  6 1 1 1.833910 0 0 4649.537687 4650.039417 4650.541148 4650.741840 4652.748767 4654.582677 1 C 
  3 330 6 12 3 1 HN 0  5  5  8  5 0 1 1.531185 0 0 4655.826051 4656.327781 4656.829513 4657.030202 4659.037129 4660.568313 1 C 
  3 331 6 13 3 3 HH 1  6  6  9  3 1 1 1.327125 0 0 4661.813376 4662.315102 4662.816833 4663.017526 4665.024447 4666.351572 1 C 
  3 332 6 14 3 3 HH 1  6  5  3  2 1 1 1.310988 0 0 4667.600005 4668.101729 4668.603463 4668.804155 4670.811082 4672.122071 1 C 
  3 333 6 15 2 1 LN 0  6  4  5  4 0 1 1.167415 0 0 4673.369913 4673.871637 4674.373373 4674.574062 4676.580986 4677.748401 1 C 
  3 334 6 16 2 2 LL 1  6  5  5  4 1 1 1.553627 0 0 4679.006030 4679.507750 4680.009478 4680.210173 4682.217098 4683.770724 1 C 
  3 335 6 17 3 2 HL 1  6  5  3  6 1 1 0.898222 0 0 4685.026793 4685.528522 4686.030251 4686.230943 4688.237869 4689.136090 1 C 
  3 336 6 18 1 3 NH 0  4  6  4  3 0 1 2.114569 0 0 4690.395314 4690.897046 4691.398778 4691.599467 4693.606391 4695.720961 1 C 
  3 337 6 19 1 2 NL 0  5  4  5  5 0 1 1.249469 0 0 4696.967997 4697.469725 4697.971461 4698.172143 4700.179069 4701.428538 1 C 
  3 338 6 20 2 3 LH 1  6  4  5  7 1 1 1.294149 0 0 4702.687731 4703.189454 4703.691183 4703.891876 4705.898798 4707.192947 1 C 
  3 339 6 21 3 3 HH 1  6  4  3  1 1 1 1.415361 0 0 4708.440911 4708.942635 4709.444368 4709.645055 4711.651982 4713.067343 1 C 
  3 340 6 22 3 2 HL 1  6  4  3  5 1 1 1.151444 0 0 4714.311159 4714.812887 4715.314617 4715.515313 4717.522235 4718.673679 1 C 
  3 341 6 23 3 2 HL 1  4  6  7  5 1 1 1.603351 0 0 4719.930549 4720.432276 4720.934005 4721.134698 4723.141624 4724.744974 1 C 
  3 342 6 24 3 2 HL 1  4  5  7  6 1 1 1.520026 0 0 4726.001493 4726.503221 4727.004950 4727.205642 4729.212568 4730.732594 1 C 
  3 343 6 25 1 1 NN 0  4  5  4  5 0 1 1.332641 0 0 4731.988816 4732.490543 4732.992275 4733.192965 4735.199892 4736.532533 1 C 
  3 344 6 26 3 1 HN 0  4  4  7  4 0 1 2.048556 0 0 4737.775446 4738.277174 4738.778906 4738.979596 4740.986520 4743.035076 1 C 
  3 345 6 27 1 3 NH 0  5  6  5  9 0 1 1.487637 0 0 4744.281234 4744.782950 4745.284682 4745.485374 4747.492305 4748.979941 1 C 
  3 346 6 28 3 1 HN 0  5  5  2  5 0 1 1.227783 0 0 4750.235099 4750.736830 4751.238556 4751.439249 4753.446175 4754.673958 1 C 
  3 347 6 29 2 2 LL 1  6  6  5  5 1 1 1.272826 0 0 4755.921384 4756.423115 4756.924840 4757.125533 4759.132457 4760.405283 1 C 
  3 348 6 30 2 2 LL 1  4  6  5  5 1 1 1.426521 0 0 4761.657841 4762.159570 4762.661298 4762.861990 4764.868914 4766.295436 1 C 
  3 349 6 31 2 1 LN 0  6  6  5  6 0 1 1.795025 0 0 4767.544817 4768.046540 4768.548275 4768.748967 4770.755894 4772.550919 1 C 
  3 350 6 32 3 2 HL 1  5  6  2  5 1 1 1.288793 0 0 4773.799729 4774.301458 4774.803187 4775.003881 4777.010802 4778.299595 1 C 
  3 351 6 33 2 3 LH 1  6  4  5  7 1 1 1.691724 0 0 4779.552910 4780.054641 4780.556369 4780.757062 4782.763985 4784.455709 1 C 
  3 352 6 34 1 3 NH 0  5  6  5  9 0 1 1.294435 0 0 4785.707479 4786.209206 4786.710934 4786.911629 4788.918553 4790.212988 1 C 
  3 353 6 35 3 2 HL 1  6  4  3  5 1 1 1.173615 0 0 4791.460659 4791.962387 4792.464118 4792.664810 4794.671737 4795.845352 1 C 
  3 354 6 36 1 3 NH 0  4  5  4  2 0 1 1.036147 0 0 4797.096773 4797.598499 4798.100230 4798.300924 4800.307845 4801.343993 1 C 
  3 355 6 37 2 2 LL 1  5  5  6  4 1 1 0.941755 0 0 4802.599089 4803.100812 4803.602545 4803.803239 4805.810162 4806.751917 1 C 
  3 356 6 38 1 1 NN 0  6  6  6  6 0 1 1.079383 0 0 4808.001059 4808.502788 4809.004520 4809.205208 4811.212132 4812.291515 1 C 
  3 357 6 39 1 2 NL 0  4  6  4  5 0 1 1.019208 0 0 4813.536828 4814.038557 4814.540285 4814.740973 4816.747898 4817.767107 1 C 
  3 358 6 40 2 3 LH 1  6  5  5  2 1 1 1.427019 0 0 4819.022417 4819.524141 4820.025874 4820.226566 4822.233487 4823.660506 1 C 
  3 359 6 41 3 1 HN 0  4  6  1  6 0 1 1.926363 0 0 4824.909393 4825.411119 4825.912851 4826.113543 4828.120467 4830.046830 1 C 
  3 360 6 42 2 1 LN 0  4  4  5  4 0 1 1.002059 0 0 4831.298104 4831.799838 4832.301558 4832.502249 4834.509174 4835.511233 1 C 
  3 361 6 43 3 1 HN 0  4  6  7  6 0 1 1.795208 0 0 4836.766969 4837.268694 4837.770427 4837.971118 4839.978044 4841.773252 1 C 
  3 362 6 44 2 2 LL 1  4  5  5  4 1 1 2.335166 0 0 4843.021883 4843.523606 4844.025339 4844.226030 4846.232959 4848.568124 1 C 
  3 363 6 45 2 3 LH 1  6  6  5  3 1 1 1.398574 0 0 4849.811975 4850.313703 4850.815434 4851.016123 4853.023050 4854.421624 1 C 
  3 364 6 46 2 1 LN 0  5  4  4  4 0 1 1.613650 0 0 4855.665503 4856.167227 4856.668958 4856.869652 4858.876576 4860.490226 1 C 
  3 365 6 47 1 3 NH 0  4  5  4  2 0 1 1.107434 0 0 4861.736451 4862.238180 4862.739910 4862.940596 4864.947518 4866.054951 1 C 
  3 366 6 48 2 3 LH 1  6  5  5  2 1 1 2.077074 0 0 4867.305662 4867.807387 4868.309118 4868.509808 4870.516734 4872.593808 1 C 
  3 367 6 49 2 1 LN 0  5  4  6  4 0 1 1.575669 0 0 4873.844889 4874.346616 4874.848344 4875.049037 4877.055961 4878.631630 1 C 
  3 368 6 50 3 3 HH 1  5  4  8  7 1 1 1.442942 0 0 4879.882384 4880.384111 4880.885843 4881.086534 4883.093458 4884.536400 1 C 
  3 369 6 51 3 3 HH 1  4  4  1  1 1 1 1.614177 0 0 4885.786086 4886.287811 4886.789542 4886.990235 4888.997160 4890.611337 1 C 
  3 370 6 52 1 3 NH 0  4  4  4  7 0 1 1.471144 0 0 4891.857026 4892.358757 4892.860484 4893.061180 4895.068104 4896.539248 1 C 
  3 371 6 53 1 3 NH 0  5  4  5  1 0 1 1.118041 0 0 4897.794180 4898.295907 4898.797637 4898.998329 4901.005253 4902.123294 1 C 
  3 372 6 54 1 1 NN 0  5  4  5  4 0 1 1.377285 0 0 4903.380119 4903.881847 4904.383573 4904.584267 4906.591195 4907.968480 1 C 
  3 373 6 55 2 2 LL 1  4  5  5  4 1 1 2.439560 0 0 4909.216923 4909.718655 4910.220379 4910.421069 4912.427995 4914.867555 1 C 
  3 374 6 56 2 3 LH 1  4  4  5  1 1 1 9.634596 0 0 4916.124086 4916.625814 4917.127542 4917.328235 4919.335162 4928.969758 1 C 
  3 375 6 57 1 2 NL 0  6  4  6  5 0 1 2.583707 0 0 4930.222722 4930.724452 4931.226181 4931.426875 4933.433799 4936.017506 1 C 
  3 376 6 58 3 2 HL 1  6  6  9  5 1 1 1.239363 0 0 4937.263685 4937.765412 4938.267144 4938.467831 4940.474757 4941.714120 1 C 
  3 377 6 59 1 2 NL 0  4  4  4  5 0 1 1.591549 0 0 4942.966690 4943.468418 4943.970149 4944.170842 4946.177766 4947.769315 1 C 
  3 378 6 60 3 3 HH 1  6  4  3  7 1 1 1.107440 0 0 4949.020913 4949.522637 4950.024368 4950.225063 4952.231987 4953.339427 1 C 
