 23   1 0 43 2 1 LN 0  4  6  5  6 0 1 12.664423 0 0 5456.037946 5456.538919 5457.039893 5457.240283 5459.244177 5471.908600 1 C 
 23   2 0 44 1 3 NH 0  5  5  5  8 0 1 0.788054 0 0 5473.171253 5473.672224 5474.173202 5474.373588 5476.377483 5477.165537 1 C 
 23   3 0 45 1 1 NN 0  4  6  4  6 1 0 5.322466 0 0 5478.431484 5478.932450 5479.433424 5479.633814 5481.637709 5486.960175 1 E 
 23   4 0 46 3 1 HN 0  5  4  2  4 0 1 3.044822 0 0 5488.233873 5488.734838 5489.235814 5489.436202 5491.440097 5494.484920 1 C 
 23   5 0 47 1 3 NH 0  6  5  6  2 0 1 0.757321 0 0 5495.748476 5496.249446 5496.750423 5496.950809 5498.954704 5499.712026 1 C 
 23   6 0 48 2 1 LN 0  5  4  4  4 0 1 1.353548 0 0 5500.975307 5501.476273 5501.977249 5502.177637 5504.181532 5505.535080 1 C 
 23   7 0 49 3 1 HN 0  5  4  8  4 0 1 1.094515 0 0 5506.803298 5507.304269 5507.805246 5508.005632 5510.009527 5511.104042 1 C 
 23   8 0 50 1 1 NN 0  6  4  6  4 1 0 0.850091 0 0 5512.364109 5512.865079 5513.366053 5513.566442 5515.570346 5516.420437 1 E 
 23   9 0 51 3 3 HH 1  5  6  2  3 0 0 0.268014 0 0 5517.691133 5518.192105 5518.693076 5518.893464 5520.897359 5521.165372 1 E 
 23  10 0 52 3 3 HH 1  6  5  9  2 1 1 0.924982 0 0 5522.433687 5522.934653 5523.435627 5523.636020 5525.639912 5526.564894 1 C 
 23  11 0 53 2 3 LH 1  4  4  5  1 1 1 0.683928 0 0 5527.827501 5528.328471 5528.829448 5529.029835 5531.033730 5531.717658 1 C 
 23  12 0 54 3 1 HN 0  6  4  3  4 0 1 0.840595 0 0 5532.987531 5533.488505 5533.989479 5534.189865 5536.193761 5537.034355 1 C 
 23  13 0 55 2 3 LH 1  5  6  4  3 1 1 0.682161 0 0 5538.297859 5538.798825 5539.299801 5539.500193 5541.504084 5542.186245 1 C 
 23  14 0 56 2 3 LH 1  4  5  5  2 0 0 0.941769 0 0 5543.457890 5543.958855 5544.459829 5544.660218 5546.664115 5547.605884 1 E 
 23  15 0 57 2 3 LH 1  5  6  6  3 0 0 0.301306 0 0 5548.868406 5549.369373 5549.870350 5550.070736 5552.074632 5552.375937 1 E 
 23  16 0 58 2 2 LL 1  5  4  4  5 1 1 1.846111 0 0 5553.644357 5554.145324 5554.646298 5554.846687 5556.850583 5558.696694 1 C 
 23  17 0 59 2 1 LN 0  5  4  4  4 1 0 1.132580 0 0 5559.956628 5560.457594 5560.958569 5561.158958 5563.162853 5564.295433 1 E 
 23  18 0 60 3 3 HH 1  5  5  8  2 1 1 0.762360 0 0 5565.567545 5566.068501 5566.569475 5566.769865 5568.773760 5569.536120 1 C 
 23  19 1  1 3 2 HL 1  5  5  8  6 1 1 0.877335 0 0 5573.683307 5574.184278 5574.685252 5574.885641 5576.889536 5577.766871 1 C 
 23  20 1  2 2 3 LH 1  4  5  5  8 1 1 1.138315 0 0 5579.027029 5579.527999 5580.028976 5580.229362 5582.233256 5583.371571 1 C 
 23  21 1  3 2 1 LN 0  5  6  4  6 1 0 1.693177 0 0 5584.637940 5585.138906 5585.639882 5585.840270 5587.844165 5589.537342 1 E 
 23  22 1  4 2 1 LN 0  4  5  5  5 0 1 1.126355 0 0 5590.799918 5591.300885 5591.801859 5592.002248 5594.006144 5595.132498 1 C 
 23  23 1  5 2 1 LN 0  5  4  4  4 0 1 0.875910 0 0 5596.394125 5596.895092 5597.396067 5597.596456 5599.600351 5600.476261 1 C 
 23  24 1  6 3 3 HH 1  6  5  3  2 1 1 0.618761 0 0 5601.737847 5602.238814 5602.739788 5602.940177 5604.944073 5605.562834 1 C 
 23  25 1  7 3 2 HL 1  5  5  8  4 1 1 0.663294 0 0 5606.831079 5607.332047 5607.833025 5608.033411 5610.037306 5610.700600 1 C 
 23  26 1  8 2 2 LL 1  5  4  4  5 1 1 1.078360 0 0 5611.974412 5612.475380 5612.976357 5613.176742 5615.180638 5616.258998 1 C 
 23  27 1  9 3 3 HH 1  6  4  3  7 1 1 0.699526 0 0 5617.518522 5618.019488 5618.520464 5618.720853 5620.724753 5621.424279 1 C 
 23  28 1 10 1 2 NL 0  6  4  6  5 0 1 0.852023 0 0 5622.695257 5623.196220 5623.697196 5623.897583 5625.901479 5626.753502 1 C 
 23  29 1 11 3 2 HL 1  6  4  3  5 1 1 0.932093 0 0 5628.022274 5628.523242 5629.024215 5629.224604 5631.228501 5632.160594 1 C 
 23  30 1 12 1 2 NL 0  6  4  6  5 0 1 0.827355 0 0 5633.432793 5633.933759 5634.434732 5634.635120 5636.639022 5637.466376 1 C 
 23  31 1 13 2 2 LL 1  4  4  5  5 1 1 0.629863 0 0 5638.726416 5639.227383 5639.728357 5639.928746 5641.932642 5642.562505 1 C 
 23  32 1 14 1 2 NL 0  4  5  4  6 0 1 0.435088 0 0 5643.836348 5644.337316 5644.838294 5645.038679 5647.042575 5647.477663 1 C 
 23  33 1 15 1 1 NN 0  5  4  5  4 1 0 0.451901 0 0 5648.745894 5649.246860 5649.747836 5649.948229 5651.952119 5652.404020 1 E 
 23  34 1 16 2 3 LH 1  6  6  5  9 1 1 0.627505 0 0 5653.672135 5654.173105 5654.674077 5654.874466 5656.878362 5657.505867 1 C 
 23  35 1 17 3 1 HN 0  5  5  2  5 1 0 0.718027 0 0 5658.765367 5659.266336 5659.767314 5659.967700 5661.971595 5662.689622 1 E 
 23  36 1 18 2 1 LN 0  6  4  5  4 1 0 0.742695 0 0 5663.958798 5664.459766 5664.960742 5665.161129 5667.165025 5667.907720 1 E 
 23  37 1 19 3 2 HL 1  5  4  2  5 1 1 0.924992 0 0 5669.168928 5669.669894 5670.170867 5670.371257 5672.375153 5673.300145 1 C 
 23  38 1 20 1 1 NN 0  4  4  4  4 0 1 0.769154 0 0 5674.562746 5675.063712 5675.564688 5675.765076 5677.768970 5678.538123 1 C 
 23  39 1 21 3 1 HN 0  6  5  9  5 1 0 0.650526 0 0 5679.806267 5680.307239 5680.808215 5681.008602 5683.012502 5683.663027 1 E 
 23  40 1 22 2 1 LN 0  5  4  6  4 0 1 1.075853 0 0 5684.932905 5685.433871 5685.934844 5686.135238 5688.139130 5689.214983 1 C 
 23  41 1 23 3 3 HH 1  5  4  2  7 1 1 0.607828 0 0 5690.477014 5690.977982 5691.478958 5691.679345 5693.683241 5694.291068 1 C 
 23  42 1 24 3 2 HL 1  6  5  3  6 1 1 0.774713 0 0 5695.553546 5696.054516 5696.555493 5696.755880 5698.759775 5699.534488 1 C 
 23  43 1 25 1 3 NH 0  5  5  5  2 0 1 0.618753 0 0 5700.797071 5701.298042 5701.799017 5701.999406 5704.003301 5704.622055 1 C 
 23  44 1 26 2 2 LL 1  4  5  5  6 1 1 0.781902 0 0 5705.890308 5706.391277 5706.892254 5707.092640 5709.096535 5709.878438 1 C 
 23  45 1 27 3 2 HL 1  5  4  8  5 1 1 0.882036 0 0 5711.150536 5711.651503 5712.152478 5712.352866 5714.356761 5715.238797 1 C 
 23  46 1 28 2 3 LH 1  4  6  5  3 1 1 1.064026 0 0 5716.510952 5717.011922 5717.512901 5717.713286 5719.717181 5720.781207 1 C 
 23  47 1 29 1 3 NH 0  6  5  6  2 0 1 0.560164 0 0 5722.055066 5722.556033 5723.057009 5723.257396 5725.261293 5725.821456 1 C 
 23  48 1 30 3 1 HN 0  6  4  3  4 0 1 1.308907 0 0 5727.081504 5727.582471 5728.083449 5728.283833 5730.287729 5731.596637 1 C 
 23  49 1 31 2 2 LL 1  6  5  5  6 1 1 0.702258 0 0 5732.859399 5733.360372 5733.861345 5734.061733 5736.065628 5736.767886 1 C 
 23  50 1 32 2 2 LL 1  5  5  6  4 1 1 0.517247 0 0 5738.036131 5738.537099 5739.038075 5739.238462 5741.242358 5741.759605 1 C 
 23  51 1 33 3 1 HN 0  5  6  8  6 0 1 0.610101 0 0 5743.029172 5743.530139 5744.031114 5744.231502 5746.235397 5746.845498 1 C 
 23  52 1 34 1 1 NN 0  5  5  5  5 0 1 0.629931 0 0 5748.105703 5748.606673 5749.107650 5749.308037 5751.311931 5751.941861 1 C 
 23  53 1 35 2 2 LL 1  4  5  5  4 1 1 0.718730 0 0 5753.215635 5753.716606 5754.217584 5754.417970 5756.421865 5757.140595 1 C 
 23  54 1 36 3 1 HN 0  5  5  8  5 1 0 0.471878 0 0 5758.409065 5758.910039 5759.411013 5759.611399 5761.615294 5762.087172 1 E 
 23  55 1 37 3 2 HL 1  6  4  9  5 1 1 0.606769 0 0 5763.352010 5763.852977 5764.353951 5764.554341 5766.558236 5767.165005 1 C 
 23  56 1 38 1 1 NN 0  5  5  5  5 0 1 0.622032 0 0 5768.428541 5768.929512 5769.430489 5769.630879 5771.634771 5772.256803 1 C 
 23  57 1 39 2 3 LH 1  4  4  5  1 1 1 0.444910 0 0 5773.521776 5774.022750 5774.523724 5774.724110 5776.728005 5777.172915 1 C 
 23  58 1 40 3 3 HH 1  4  4  1  1 1 1 2.153591 0 0 5778.448022 5778.948989 5779.449967 5779.650353 5781.654254 5783.807845 1 C 
 23  59 1 41 1 2 NL 0  5  4  5  5 0 1 1.203260 0 0 5785.077574 5785.578545 5786.079518 5786.279907 5788.283803 5789.487062 1 C 
 23  60 1 42 1 1 NN 0  6  6  6  6 0 1 0.368389 0 0 5790.755281 5791.256247 5791.757221 5791.957611 5793.961504 5794.329893 1 C 
 23  61 1 43 3 2 HL 1  5  4  8  5 1 1 0.730180 0 0 5795.598032 5796.098994 5796.599968 5796.800358 5798.804253 5799.534433 1 C 
 23  62 1 44 2 3 LH 1  6  4  5  7 1 1 0.627595 0 0 5800.808156 5801.309123 5801.810098 5802.010485 5804.014381 5804.641976 1 C 
 23  63 1 45 2 2 LL 1  5  6  4  5 1 1 0.626800 0 0 5805.901389 5806.402357 5806.903333 5807.103720 5809.107615 5809.734415 1 C 
 23  64 1 46 1 2 NL 0  4  5  4  6 0 1 0.791287 0 0 5810.994624 5811.495591 5811.996567 5812.196954 5814.200850 5814.992136 1 C 
 23  65 1 47 1 1 NN 0  4  4  4  4 0 1 0.518203 0 0 5816.254850 5816.755816 5817.256790 5817.457180 5819.461075 5819.979278 1 C 
 23  66 1 48 3 2 HL 1  5  5  2  6 1 1 0.504844 0 0 5821.247893 5821.748856 5822.249831 5822.450219 5824.454114 5824.958958 1 C 
 23  67 1 49 1 3 NH 0  5  5  5  8 0 1 0.668208 0 0 5826.224234 5826.725196 5827.226170 5827.426559 5829.430455 5830.098663 1 C 
 23  68 1 50 2 2 LL 1  5  5  4  6 1 1 0.449965 0 0 5831.367571 5831.868528 5832.369503 5832.569891 5834.573786 5835.023751 1 C 
 23  69 1 51 2 3 LH 1  5  5  6  8 1 1 0.471765 0 0 5836.293803 5836.794770 5837.295746 5837.496134 5839.500029 5839.971794 1 C 
 23  70 1 52 1 3 NH 0  6  4  6  1 0 1 0.711745 0 0 5841.236745 5841.737712 5842.238686 5842.439075 5844.442971 5845.154716 1 C 
 23  71 1 53 2 1 LN 0  6  4  5  4 0 1 0.934684 0 0 5846.430170 5846.931141 5847.432118 5847.632504 5849.636400 5850.571084 1 C 
 23  72 1 54 2 2 LL 1  5  5  6  4 1 1 0.502081 0 0 5851.840688 5852.341658 5852.842632 5853.043022 5855.046917 5855.548998 1 C 
 23  73 1 55 2 3 LH 1  4  5  5  8 1 1 0.667391 0 0 5856.817028 5857.318002 5857.818972 5858.019362 5860.023257 5860.690648 1 C 
 23  74 1 56 1 3 NH 0  6  4  6  1 0 1 0.476913 0 0 5861.960359 5862.461331 5862.962304 5863.162694 5865.166590 5865.643503 1 C 
 23  75 1 57 2 3 LH 1  5  5  6  2 1 1 0.554726 0 0 5866.903302 5867.404272 5867.905246 5868.105635 5870.109531 5870.664257 1 C 
 23  76 1 58 3 1 HN 0  5  5  2  5 0 1 0.507511 0 0 5871.929740 5872.430710 5872.931687 5873.132073 5875.135968 5875.643480 1 C 
 23  77 1 59 3 2 HL 1  6  6  9  5 1 1 0.557578 0 0 5876.906081 5877.407050 5877.908026 5878.108418 5880.112309 5880.669887 1 C 
 23  78 1 60 2 2 LL 1  4  6  5  5 1 1 0.776166 0 0 5881.932526 5882.433488 5882.934462 5883.134851 5885.138745 5885.914911 1 C 
 23  79 2  1 2 3 LH 1  6  5  5  8 1 1 0.852576 0 0 5919.305171 5919.806137 5920.307113 5920.507501 5922.511395 5923.363972 1 C 
 23  80 2  2 2 3 LH 1  6  4  5  7 1 1 0.615390 0 0 5924.632193 5925.133159 5925.634133 5925.834522 5927.838415 5928.453806 1 C 
 23  81 2  3 2 1 LN 0  4  4  5  4 0 1 0.663323 0 0 5929.725427 5930.226393 5930.727367 5930.927757 5932.931660 5933.594983 1 C 
 23  82 2  4 2 1 LN 0  6  5  5  5 0 1 0.585379 0 0 5934.868758 5935.369725 5935.870700 5936.071091 5938.074984 5938.660363 1 C 
 23  83 2  5 3 3 HH 1  4  4  7  7 1 1 0.428574 0 0 5939.928591 5940.429564 5940.930538 5941.130925 5943.134819 5943.563393 1 C 
 23  84 2  6 2 3 LH 1  5  5  6  8 1 1 0.774519 0 0 5944.838134 5945.339104 5945.840078 5946.040467 5948.044366 5948.818886 1 C 
 23  85 2  7 3 1 HN 0  5  4  2  4 0 1 0.731676 0 0 5950.081663 5950.582631 5951.083607 5951.283992 5953.287890 5954.019566 1 C 
 23  86 2  8 1 3 NH 0  6  4  6  1 0 1 0.554879 0 0 5955.291792 5955.792758 5956.293733 5956.494122 5958.498017 5959.052896 1 C 
 23  87 2  9 3 3 HH 1  5  4  2  1 1 1 0.624328 0 0 5960.318230 5960.819196 5961.320172 5961.520560 5963.524455 5964.148783 1 C 
 23  88 2 10 3 1 HN 0  4  6  7  6 0 1 0.613096 0 0 5965.411460 5965.912430 5966.413404 5966.613794 5968.617689 5969.230785 1 C 
 23  89 2 11 2 1 LN 0  6  6  5  6 0 1 0.488385 0 0 5970.504693 5971.005668 5971.506642 5971.707028 5973.710923 5974.199308 1 C 
 23  90 2 12 1 2 NL 0  5  6  5  5 0 1 0.634134 0 0 5975.464335 5975.965305 5976.466279 5976.666669 5978.670564 5979.304698 1 C 
 23  91 2 13 3 1 HN 0  4  5  1  5 0 1 0.632034 0 0 5980.574272 5981.075239 5981.576213 5981.776601 5983.780498 5984.412532 1 C 
 23  92 2 14 1 2 NL 0  5  6  5  5 0 1 0.546426 0 0 5985.684210 5986.185171 5986.686149 5986.886534 5988.890431 5989.436858 1 C 
 23  93 2 15 3 2 HL 1  6  5  3  6 1 1 0.857116 0 0 5990.710644 5991.211610 5991.712586 5991.912975 5993.916869 5994.773985 1 C 
 23  94 2 16 3 3 HH 1  6  5  9  8 1 1 0.540894 0 0 5996.037664 5996.538631 5997.039606 5997.239995 5999.243891 5999.784785 1 C 
 23  95 2 17 2 3 LH 1  4  6  5  3 1 1 0.839848 0 0 6001.047402 6001.548370 6002.049344 6002.249734 6004.253628 6005.093476 1 C 
 23  96 2 18 2 3 LH 1  4  4  5  1 1 1 0.516083 0 0 6006.357723 6006.858693 6007.359670 6007.560056 6009.563951 6010.080035 1 C 
 23  97 2 19 3 2 HL 1  4  4  7  5 1 1 0.490730 0 0 6011.350761 6011.851732 6012.352710 6012.553096 6014.556991 6015.047721 1 C 
 23  98 2 20 1 3 NH 0  4  4  4  1 0 1 0.451733 0 0 6016.310407 6016.811374 6017.312347 6017.512740 6019.516632 6019.968365 1 C 
 23  99 2 21 1 1 NN 0  6  6  6  6 0 1 0.501918 0 0 6021.236650 6021.737616 6022.238590 6022.438980 6024.442875 6024.944793 1 C 
 23 100 2 22 3 2 HL 1  6  5  9  4 1 1 0.618764 0 0 6026.212990 6026.713960 6027.214931 6027.415320 6029.419215 6030.037979 1 C 
 23 101 2 23 2 2 LL 1  5  6  4  5 1 1 0.800540 0 0 6031.306221 6031.807191 6032.308165 6032.508554 6034.512450 6035.312990 1 C 
 23 102 2 24 1 2 NL 0  4  5  4  6 0 1 0.635490 0 0 6036.583144 6037.084115 6037.585092 6037.785478 6039.789374 6040.424864 1 C 
 23 103 2 25 3 2 HL 1  5  4  2  5 1 1 0.741298 0 0 6041.693081 6042.194048 6042.695021 6042.895412 6044.899307 6045.640606 1 C 
 23 104 2 26 1 2 NL 0  6  5  6  6 0 1 0.485180 0 0 6046.903206 6047.404177 6047.905154 6048.105544 6050.109435 6050.594615 1 C 
 23 105 2 27 2 3 LH 1  5  6  4  9 1 1 0.720981 0 0 6051.862846 6052.363817 6052.864791 6053.065183 6055.069077 6055.790057 1 C 
 23 106 2 28 1 3 NH 0  4  6  4  9 0 1 0.540594 0 0 6057.056276 6057.557246 6058.058224 6058.258610 6060.262505 6060.803100 1 C 
 23 107 2 29 2 3 LH 1  4  4  5  1 1 1 0.594099 0 0 6062.066018 6062.566985 6063.067962 6063.268348 6065.272244 6065.866343 1 C 
 23 108 2 30 3 1 HN 0  6  6  9  6 0 1 0.613223 0 0 6067.125853 6067.626821 6068.127798 6068.328184 6070.332079 6070.945302 1 C 
 23 109 2 31 2 3 LH 1  4  6  5  9 1 1 0.429630 0 0 6072.219086 6072.720055 6073.221029 6073.421418 6075.425321 6075.854951 1 C 
 23 110 2 32 1 1 NN 0  6  6  6  6 0 1 0.578261 0 0 6077.128638 6077.629599 6078.130573 6078.330962 6080.334858 6080.913119 1 C 
 23 111 2 33 3 2 HL 1  6  6  9  5 1 1 0.432876 0 0 6082.188465 6082.689435 6083.190408 6083.390797 6085.394693 6085.827569 1 C 
 23 112 2 34 3 3 HH 1  6  6  3  9 1 1 0.639255 0 0 6087.098008 6087.598978 6088.099952 6088.300342 6090.304238 6090.943493 1 C 
 23 113 2 35 2 1 LN 0  6  4  5  4 0 1 0.765995 0 0 6092.207943 6092.708911 6093.209886 6093.410276 6095.414171 6096.180166 1 C 
 23 114 2 36 3 2 HL 1  5  6  8  5 1 1 0.735272 0 0 6097.451467 6097.952438 6098.453412 6098.653801 6100.657696 6101.392968 1 C 
 23 115 2 37 3 1 HN 0  5  4  2  4 0 1 0.807925 0 0 6102.661596 6103.162566 6103.663540 6103.863929 6105.867826 6106.675751 1 C 
 23 116 2 38 3 2 HL 1  4  4  7  5 1 1 0.401710 0 0 6107.938520 6108.439495 6108.940468 6109.140854 6111.144749 6111.546459 1 C 
 23 117 2 39 2 3 LH 1  5  6  6  9 1 1 0.700894 0 0 6112.814667 6113.315636 6113.816613 6114.016999 6116.020895 6116.721789 1 C 
 23 118 2 40 3 2 HL 1  4  4  7  5 1 1 0.399391 0 0 6117.991395 6118.492366 6118.993343 6119.193729 6121.197624 6121.597016 1 C 
 23 119 2 41 1 2 NL 0  5  6  5  5 0 1 0.590935 0 0 6122.867540 6123.368513 6123.869489 6124.069874 6126.073770 6126.664705 1 C 
 23 120 2 42 1 3 NH 0  5  4  5  1 0 1 0.579761 0 0 6127.927376 6128.428347 6128.929325 6129.129710 6131.133606 6131.713367 1 C 
 23 121 2 43 2 3 LH 1  6  6  5  3 1 1 0.474183 0 0 6132.987211 6133.488183 6133.989160 6134.189546 6136.193442 6136.667625 1 C 
 23 122 2 44 1 2 NL 0  5  4  5  5 0 1 0.379380 0 0 6137.930154 6138.431125 6138.932102 6139.132488 6141.136386 6141.515766 1 C 
 23 123 2 45 1 1 NN 0  4  4  4  4 0 1 0.462955 0 0 6142.789600 6143.290575 6143.791545 6143.991935 6145.995830 6146.458785 1 C 
 23 124 2 46 3 1 HN 0  4  4  7  4 0 1 0.490550 0 0 6147.732547 6148.233514 6148.734487 6148.934877 6150.938773 6151.429323 1 C 
 23 125 2 47 2 2 LL 1  5  5  4  6 1 1 0.401007 0 0 6152.692185 6153.193154 6153.694129 6153.894518 6155.898413 6156.299420 1 C 
 23 126 2 48 2 3 LH 1  6  6  5  9 1 1 0.411278 0 0 6157.568328 6158.069300 6158.570277 6158.770663 6160.774558 6161.185836 1 C 
 23 127 2 49 2 2 LL 1  6  6  5  5 1 1 0.479646 0 0 6162.461179 6162.962145 6163.463119 6163.663508 6165.667401 6166.147048 1 C 
 23 128 2 50 3 3 HH 1  6  4  9  7 1 1 0.472640 0 0 6167.420817 6167.921786 6168.422760 6168.623149 6170.627044 6171.099684 1 C 
 23 129 2 51 3 2 HL 1  5  5  8  4 1 1 0.563152 0 0 6172.363761 6172.864728 6173.365702 6173.566091 6175.569994 6176.133147 1 C 
 23 130 2 52 2 2 LL 1  4  6  5  5 1 1 0.434038 0 0 6177.406895 6177.907864 6178.408837 6178.609228 6180.613124 6181.047161 1 C 
 23 131 2 53 3 3 HH 1  5  6  8  9 1 1 0.435110 0 0 6182.316443 6182.817408 6183.318384 6183.518772 6185.522667 6185.957777 1 C 
 23 132 2 54 2 3 LH 1  5  6  4  9 1 1 0.446322 0 0 6187.225982 6187.726952 6188.227929 6188.428315 6190.432211 6190.878533 1 C 
 23 133 2 55 2 3 LH 1  4  5  5  8 1 1 0.428783 0 0 6192.152229 6192.653195 6193.154169 6193.354558 6195.358454 6195.787237 1 C 
 23 134 2 56 1 1 NN 0  6  4  6  4 0 1 0.555513 0 0 6197.061771 6197.562739 6198.063713 6198.264105 6200.267998 6200.823510 1 C 
 23 135 2 57 2 2 LL 1  6  5  5  4 1 1 0.865675 0 0 6202.088210 6202.589178 6203.090150 6203.290540 6205.294433 6206.160108 1 C 
 23 136 2 58 2 2 LL 1  6  6  5  5 1 1 0.407332 0 0 6207.431927 6207.932897 6208.433871 6208.634260 6210.638156 6211.045488 1 C 
 23 137 2 59 1 2 NL 0  4  6  4  5 0 1 0.596465 0 0 6212.308072 6212.809043 6213.310016 6213.510406 6215.514302 6216.110767 1 C 
 23 138 2 60 3 3 HH 1  5  6  8  3 1 1 0.521328 0 0 6217.384616 6217.885577 6218.386551 6218.586945 6220.590837 6221.112165 1 C 
 23 139 3  1 2 3 LH 1  6  6  5  9 1 1 0.468504 0 0 6260.869137 6261.370108 6261.871085 6262.071471 6264.075366 6264.543870 1 C 
 23 140 3  2 2 1 LN 0  5  4  4  4 0 1 0.595927 0 0 6265.812084 6266.313050 6266.814026 6267.014414 6269.018308 6269.614234 1 C 
 23 141 3  3 1 3 NH 0  4  4  4  1 0 1 0.471896 0 0 6270.888619 6271.389585 6271.890561 6272.090948 6274.094844 6274.566740 1 C 
 23 142 3  4 1 1 NN 0  6  5  6  5 0 1 0.507496 0 0 6275.831557 6276.332527 6276.833504 6277.033890 6279.037788 6279.545284 1 C 
 23 143 3  5 1 3 NH 0  5  6  5  3 0 1 0.555233 0 0 6280.807901 6281.308867 6281.809841 6282.010231 6284.014126 6284.569359 1 C 
 23 144 3  6 3 3 HH 1  5  6  2  9 1 1 0.439330 0 0 6285.834334 6286.335304 6286.836282 6287.036668 6289.040564 6289.479894 1 C 
 23 145 3  7 3 2 HL 1  4  5  1  6 1 1 0.723278 0 0 6290.743882 6291.244849 6291.745825 6291.946212 6293.950108 6294.673385 1 C 
 23 146 3  8 1 2 NL 0  4  5  4  4 0 1 0.390635 0 0 6295.937311 6296.438278 6296.939252 6297.139641 6299.143537 6299.534172 1 C 
 23 147 3  9 3 3 HH 1  5  5  8  2 1 1 0.613228 0 0 6300.796753 6301.297724 6301.798698 6301.999087 6304.002982 6304.616210 1 C 
 23 148 3 10 3 3 HH 1  5  5  2  2 1 1 0.784957 0 0 6305.889992 6306.390958 6306.891932 6307.092321 6309.096217 6309.881174 1 C 
 23 149 3 11 3 3 HH 1  5  5  2  8 1 1 0.555971 0 0 6311.150214 6311.651183 6312.152160 6312.352547 6314.356442 6314.912413 1 C 
 23 150 3 12 3 1 HN 0  6  4  9  4 0 1 0.676621 0 0 6316.176653 6316.677621 6317.178597 6317.378985 6319.382880 6320.059502 1 C 
 23 151 3 13 3 3 HH 1  5  4  8  7 1 1 0.568873 0 0 6321.319981 6321.820952 6322.321926 6322.522316 6324.526211 6325.095084 1 C 
 23 152 3 14 2 3 LH 1  4  4  5  1 1 1 0.490925 0 0 6326.363118 6326.864089 6327.365063 6327.565456 6329.569348 6330.060273 1 C 
 23 153 3 15 3 3 HH 1  4  4  1  7 1 1 0.496342 0 0 6331.322759 6331.823730 6332.324704 6332.525094 6334.528989 6335.025332 1 C 
 23 154 3 16 2 2 LL 1  6  4  5  5 1 1 0.440763 0 0 6336.299100 6336.800074 6337.301048 6337.501434 6339.505329 6339.946093 1 C 
 23 155 3 17 2 2 LL 1  4  4  5  5 1 1 0.401434 0 0 6341.208643 6341.709618 6342.210588 6342.410977 6344.414873 6344.816307 1 C 
 23 156 3 18 1 2 NL 0  6  5  6  4 0 1 0.693710 0 0 6346.084793 6346.585760 6347.086736 6347.287123 6349.291019 6349.984729 1 C 
 23 157 3 19 1 2 NL 0  4  5  4  4 0 1 0.513057 0 0 6351.244824 6351.745794 6352.246767 6352.447154 6354.451049 6354.964106 1 C 
 23 158 3 20 1 2 NL 0  4  4  4  5 0 1 0.468509 0 0 6356.237859 6356.738830 6357.239804 6357.440193 6359.444088 6359.912597 1 C 
 23 159 3 21 3 2 HL 1  5  6  2  5 1 1 0.679922 0 0 6361.180805 6361.681774 6362.182746 6362.383135 6364.387041 6365.066963 1 C 
 23 160 3 22 2 1 LN 0  5  6  4  6 0 1 0.959031 0 0 6366.340840 6366.841802 6367.342779 6367.543166 6369.547061 6370.506093 1 C 
 23 161 3 23 1 1 NN 0  6  4  6  4 0 1 0.582313 0 0 6371.768063 6372.269019 6372.769995 6372.970383 6374.974278 6375.556591 1 C 
 23 162 3 24 2 2 LL 1  6  4  5  5 1 1 0.529698 0 0 6376.827884 6377.328855 6377.829833 6378.030219 6380.034114 6380.563811 1 C 
 23 163 3 25 1 3 NH 0  6  4  6  7 0 1 0.505441 0 0 6381.837624 6382.338594 6382.839570 6383.039959 6385.043853 6385.549294 1 C 
 23 164 3 26 2 1 LN 0  6  4  5  4 1 0 0.557623 0 0 6386.813963 6387.314934 6387.815911 6388.016297 6390.020192 6390.577815 1 E 
 23 165 3 27 3 2 HL 1  4  5  1  4 1 1 0.798426 0 0 6391.840404 6392.341372 6392.842344 6393.042735 6395.046630 6395.845056 1 C 
 23 166 3 28 1 1 NN 0  6  4  6  4 0 1 0.462926 0 0 6397.117325 6397.618296 6398.119269 6398.319659 6400.323555 6400.786480 1 C 
 23 167 3 29 2 2 LL 1  6  6  5  5 1 1 0.433566 0 0 6402.060267 6402.561238 6403.062212 6403.262601 6405.266498 6405.700064 1 C 
 23 168 3 30 3 2 HL 1  5  4  8  5 1 1 0.702253 0 0 6406.969814 6407.470781 6407.971756 6408.172145 6410.176040 6410.878293 1 C 
 23 169 3 31 1 2 NL 0  6  6  6  5 0 1 0.763451 0 0 6412.146541 6412.647511 6413.148485 6413.348878 6415.352770 6416.116221 1 C 
 23 170 3 32 2 1 LN 0  4  5  5  5 0 1 0.809473 0 0 6417.390069 6417.891038 6418.392014 6418.592401 6420.596295 6421.405767 1 C 
 23 171 3 33 2 1 LN 0  6  5  5  5 0 1 0.578649 0 0 6422.666991 6423.167966 6423.668936 6423.869325 6425.873221 6426.451870 1 C 
 23 172 3 34 3 2 HL 1  5  5  8  6 1 1 1.225563 0 0 6427.726827 6428.227802 6428.728772 6428.929161 6430.933057 6432.158620 1 C 
 23 173 3 35 2 1 LN 0  6  4  5  4 0 1 0.607572 0 0 6433.421235 6433.922201 6434.423177 6434.623565 6436.627464 6437.235036 1 C 
 23 174 3 36 3 2 HL 1  6  5  9  6 1 1 0.819358 0 0 6438.497775 6438.998740 6439.499713 6439.700099 6441.703995 6442.523352 1 C 
 23 175 3 37 3 1 HN 0  4  4  1  4 0 1 1.193734 0 0 6443.791403 6444.292360 6444.793336 6444.993723 6446.997619 6448.191353 1 C 
 23 176 3 38 1 1 NN 0  4  4  4  4 0 1 0.841374 0 0 6449.452398 6449.953364 6450.454338 6450.654728 6452.658623 6453.499997 1 C 
 23 177 3 39 1 2 NL 0  6  5  6  6 0 1 1.010500 0 0 6454.762721 6455.263687 6455.764661 6455.965051 6457.968946 6458.979445 1 C 
 23 178 3 40 3 2 HL 1  5  5  2  6 1 1 1.281195 0 0 6460.240041 6460.741001 6461.241975 6461.442364 6463.446264 6464.727459 1 C 
 23 179 3 41 2 1 LN 0  6  6  5  6 1 0 0.390640 0 0 6466.001230 6466.502200 6467.003178 6467.203567 6469.207459 6469.598099 1 E 
 23 180 3 42 3 3 HH 1  6  6  3  9 1 1 0.869347 0 0 6470.860680 6471.361646 6471.862621 6472.063016 6474.066905 6474.936252 1 C 
 23 181 3 43 2 3 LH 1  5  4  6  7 1 1 0.683840 0 0 6476.204402 6476.705368 6477.206342 6477.406731 6479.410627 6480.094466 1 C 
 23 182 3 44 3 3 HH 1  6  6  3  9 1 1 1.142101 0 0 6481.364432 6481.865398 6482.366373 6482.566762 6484.570658 6485.712759 1 C 
 23 183 3 45 1 1 NN 0  6  4  6  4 0 1 0.529635 0 0 6486.975337 6487.476305 6487.977283 6488.177669 6490.181564 6490.711199 1 C 
 23 184 3 46 2 3 LH 1  4  5  5  2 1 1 0.657675 0 0 6491.985078 6492.486044 6492.987018 6493.187408 6495.191303 6495.848978 1 C 
 23 185 3 47 1 3 NH 0  6  4  6  7 0 1 0.562607 0 0 6497.111710 6497.612677 6498.113653 6498.314040 6500.317935 6500.880542 1 C 
 23 186 3 48 2 2 LL 1  6  5  5  6 1 1 0.752276 0 0 6502.154845 6502.655813 6503.156787 6503.357177 6505.361072 6506.113349 1 C 
 23 187 3 49 3 1 HN 0  5  4  2  4 0 1 0.746820 0 0 6507.381667 6507.882640 6508.383616 6508.584003 6510.587906 6511.334726 1 C 
 23 188 3 50 3 1 HN 0  6  6  9  6 0 1 0.785630 0 0 6512.608496 6513.109467 6513.610441 6513.810831 6515.814726 6516.600356 1 C 
 23 189 3 51 2 3 LH 1  6  5  5  8 1 1 0.867185 0 0 6517.868722 6518.369693 6518.870667 6519.071056 6521.074951 6521.942136 1 C 
 23 190 3 52 2 3 LH 1  6  6  5  3 1 1 0.688060 0 0 6523.212442 6523.713414 6524.214392 6524.414777 6526.418673 6527.106733 1 C 
 23 191 3 53 2 2 LL 1  4  6  5  5 1 1 0.551913 0 0 6528.372478 6528.873445 6529.374421 6529.574808 6531.578704 6532.130617 1 C 
 23 192 3 54 2 3 LH 1  5  4  6  7 1 1 0.557536 0 0 6533.398911 6533.899882 6534.400859 6534.601246 6536.605151 6537.162687 1 C 
 23 193 3 55 2 1 LN 0  5  5  6  5 0 1 0.474079 0 0 6538.425354 6538.926320 6539.427294 6539.627684 6541.631579 6542.105658 1 C 
 23 194 3 56 2 3 LH 1  5  5  6  8 1 1 0.507498 0 0 6543.368290 6543.869266 6544.370236 6544.570625 6546.574521 6547.082019 1 C 
 23 195 3 57 2 2 LL 1  6  4  5  5 1 1 0.529494 0 0 6548.344635 6548.845602 6549.346576 6549.546965 6551.550861 6552.080355 1 C 
 23 196 3 58 3 1 HN 0  6  6  3  6 0 1 0.638047 0 0 6553.354373 6553.855341 6554.356315 6554.556704 6556.560600 6557.198647 1 C 
 23 197 3 59 1 2 NL 0  5  6  5  5 0 1 0.788187 0 0 6558.464303 6558.965276 6559.466253 6559.666635 6561.670543 6562.458730 1 C 
 23 198 3 60 2 3 LH 1  6  6  5  3 1 1 0.574334 0 0 6563.724531 6564.225500 6564.726474 6564.926865 6566.930758 6567.505092 1 C 
 23 199 4  1 3 2 HL 1  4  4  1  5 1 1 0.711816 0 0 6587.387192 6587.888167 6588.389141 6588.589527 6590.593423 6591.305239 1 C 
 23 200 4  2 1 3 NH 0  4  6  4  9 0 1 0.479679 0 0 6592.580627 6593.081593 6593.582569 6593.782957 6595.786850 6596.266529 1 C 
 23 201 4  3 3 3 HH 1  5  4  2  7 1 1 0.495006 0 0 6597.540263 6598.041234 6598.542211 6598.742597 6600.746495 6601.241500 1 C 
 23 202 4  4 3 2 HL 1  4  6  7  5 1 1 0.641110 0 0 6602.516607 6603.017575 6603.518549 6603.718938 6605.722832 6606.363942 1 C 
 23 203 4  5 3 1 HN 0  5  5  8  5 0 1 0.529580 0 0 6607.626551 6608.127508 6608.628482 6608.828871 6610.832765 6611.362345 1 C 
 23 204 4  6 3 3 HH 1  6  5  3  8 1 1 0.557579 0 0 6612.636290 6613.137247 6613.638221 6613.838614 6615.842506 6616.400085 1 C 
 23 205 4  7 2 1 LN 0  6  5  5  5 0 1 0.927543 0 0 6617.662718 6618.163684 6618.664660 6618.865047 6620.868943 6621.796486 1 C 
 23 206 4  8 1 3 NH 0  4  4  4  7 0 1 0.822332 0 0 6623.056531 6623.557502 6624.058480 6624.258865 6626.262761 6627.085093 1 C 
 23 207 4  9 3 2 HL 1  4  5  7  4 1 1 1.080851 0 0 6628.350155 6628.851126 6629.352103 6629.552489 6631.556385 6632.637236 1 C 
 23 208 4 10 1 3 NH 0  4  4  4  1 0 1 0.910563 0 0 6633.910965 6634.411936 6634.912913 6635.113299 6637.117194 6638.027757 1 C 
 23 209 4 11 1 3 NH 0  4  6  4  9 0 1 0.928174 0 0 6639.288085 6639.789055 6640.290029 6640.490418 6642.494314 6643.422488 1 C 
 23 210 4 12 1 2 NL 0  4  4  4  5 0 1 0.858155 0 0 6644.681902 6645.182873 6645.683851 6645.884237 6647.888132 6648.746286 1 C 
 23 211 4 13 2 3 LH 1  6  5  5  2 1 1 1.005551 0 0 6650.008929 6650.509896 6651.010871 6651.211260 6653.215154 6654.220705 1 C 
 23 212 4 14 2 2 LL 1  6  5  5  4 1 1 1.038095 0 0 6655.486247 6655.987210 6656.488184 6656.688573 6658.692469 6659.730564 1 C 
 23 213 4 15 1 3 NH 0  4  4  4  1 0 1 1.375823 0 0 6660.996950 6661.497922 6661.998899 6662.199285 6664.203180 6665.579003 1 C 
 23 214 4 16 3 3 HH 1  5  6  2  3 1 1 0.947396 0 0 6666.841646 6667.342617 6667.843591 6668.043980 6670.047875 6670.995271 1 C 
 23 215 4 17 2 2 LL 1  6  6  5  5 1 1 0.788133 0 0 6672.268860 6672.769833 6673.270807 6673.471197 6675.475092 6676.263225 1 C 
 23 216 4 18 1 2 NL 0  5  4  5  5 0 1 0.878053 0 0 6677.529101 6678.030059 6678.531035 6678.731423 6680.735318 6681.613371 1 C 
 23 217 4 19 2 2 LL 1  5  4  4  5 1 1 1.141355 0 0 6682.872813 6683.373780 6683.874756 6684.075144 6686.079039 6687.220394 1 C 
 23 218 4 20 2 1 LN 0  6  6  5  6 0 1 0.908919 0 0 6688.483721 6688.984689 6689.485661 6689.686051 6691.689947 6692.598866 1 C 
 23 219 4 21 2 2 LL 1  6  4  5  5 1 1 0.842947 0 0 6693.860840 6694.361807 6694.862783 6695.063170 6697.067065 6697.910011 1 C 
 23 220 4 22 3 3 HH 1  6  6  9  9 1 1 0.931688 0 0 6699.171163 6699.672129 6700.173103 6700.373492 6702.377388 6703.309076 1 C 
 23 221 4 23 3 1 HN 0  6  5  9  5 0 1 0.716727 0 0 6704.581676 6705.082647 6705.583621 6705.784010 6707.787905 6708.504633 1 C 
 23 222 4 24 3 1 HN 0  6  6  9  6 0 1 0.890427 0 0 6709.775108 6710.276076 6710.777050 6710.977439 6712.981335 6713.871762 1 C 
 23 223 4 25 2 1 LN 0  4  6  5  6 0 1 0.902636 0 0 6715.135530 6715.636496 6716.137473 6716.337859 6718.341754 6719.244390 1 C 
 23 224 4 26 3 1 HN 0  5  4  8  4 0 1 1.094984 0 0 6720.512654 6721.013616 6721.514591 6721.714979 6723.718874 6724.813858 1 C 
 23 225 4 27 3 2 HL 1  6  5  9  6 1 1 0.837806 0 0 6726.073460 6726.574423 6727.075403 6727.275791 6729.279684 6730.117490 1 C 
 23 226 4 28 3 2 HL 1  6  4  3  5 1 1 0.823280 0 0 6731.383777 6731.884748 6732.385725 6732.586111 6734.590006 6735.413286 1 C 
 23 227 4 29 2 2 LL 1  5  4  4  5 1 1 0.929812 0 0 6736.677405 6737.178372 6737.679346 6737.879735 6739.883630 6740.813442 1 C 
 23 228 4 30 2 1 LN 0  4  5  5  5 0 1 0.970973 0 0 6742.087918 6742.588889 6743.089863 6743.290252 6745.294148 6746.265121 1 C 
 23 229 4 31 3 2 HL 1  6  4  3  5 1 1 0.934363 0 0 6747.531834 6748.032805 6748.533782 6748.734168 6750.738064 6751.672427 1 C 
 23 230 4 32 2 2 LL 1  4  4  5  5 1 1 0.643780 0 0 6752.942352 6753.443322 6753.944300 6754.144686 6756.148585 6756.792365 1 C 
 23 231 4 33 1 3 NH 0  5  5  5  8 0 1 0.949774 0 0 6758.052285 6758.553255 6759.054229 6759.254619 6761.258526 6762.208299 1 C 
 23 232 4 34 3 1 HN 0  6  4  3  4 0 1 1.207789 0 0 6763.479501 6763.980472 6764.481446 6764.681836 6766.685731 6767.893520 1 C 
 23 233 4 35 1 3 NH 0  6  6  6  9 0 1 0.891441 0 0 6769.157209 6769.658176 6770.159150 6770.359539 6772.363434 6773.254875 1 C 
 23 234 4 36 1 1 NN 0  4  6  4  6 0 1 0.881958 0 0 6774.517626 6775.018596 6775.519570 6775.719959 6777.723855 6778.605813 1 C 
 23 235 4 37 2 1 LN 0  6  5  5  5 0 1 0.540912 0 0 6779.878046 6780.379016 6780.879990 6781.080380 6783.084275 6783.625187 1 C 
 23 236 4 38 3 1 HN 0  4  6  7  6 0 1 0.856768 0 0 6784.887789 6785.388755 6785.889729 6786.090119 6788.094013 6788.950782 1 C 
 23 237 4 39 1 2 NL 0  5  4  5  5 0 1 0.812280 0 0 6790.214810 6790.715782 6791.216753 6791.417140 6793.421036 6794.233316 1 C 
 23 238 4 40 2 3 LH 1  5  4  6  7 1 1 0.904392 0 0 6795.508431 6796.009400 6796.510378 6796.710765 6798.714660 6799.619052 1 C 
 23 239 4 41 2 3 LH 1  6  4  5  7 1 1 0.874861 0 0 6800.885553 6801.386520 6801.887496 6802.087883 6804.091779 6804.966640 1 C 
 23 240 4 42 1 2 NL 0  5  6  5  5 0 1 0.805211 0 0 6806.229275 6806.730242 6807.231214 6807.431604 6809.435497 6810.240709 1 C 
 23 241 4 43 3 3 HH 1  4  5  7  2 1 1 0.966136 0 0 6811.506197 6812.007165 6812.508139 6812.708529 6814.712424 6815.678561 1 C 
 23 242 4 44 2 1 LN 0  6  5  5  5 0 1 0.871046 0 0 6816.950112 6817.451081 6817.952059 6818.152445 6820.156340 6821.027386 1 C 
 23 243 4 45 2 2 LL 1  5  4  4  5 1 1 1.083892 0 0 6822.293831 6822.794802 6823.295780 6823.496165 6825.500061 6826.583953 1 C 
 23 244 4 46 1 3 NH 0  5  4  5  7 0 1 1.271627 0 0 6827.854646 6828.355612 6828.856588 6829.056976 6831.060871 6832.332498 1 C 
 23 245 4 47 3 1 HN 0  4  4  7  4 0 1 1.109353 0 0 6833.599141 6834.100112 6834.601089 6834.801475 6836.805370 6837.914723 1 C 
 23 246 4 48 3 3 HH 1  6  4  3  7 1 1 1.923029 0 0 6839.176650 6839.677621 6840.178599 6840.378984 6842.382880 6844.305909 1 C 
 23 247 4 49 2 3 LH 1  5  6  6  9 1 1 0.741216 0 0 6845.572419 6846.073387 6846.574362 6846.774751 6848.778646 6849.519862 1 C 
 23 248 4 50 2 3 LH 1  6  4  5  1 1 1 0.727479 0 0 6850.782545 6851.283518 6851.784489 6851.984879 6853.988774 6854.716253 1 C 
 23 249 4 51 3 3 HH 1  4  6  7  3 1 1 0.838231 0 0 6855.975976 6856.476945 6856.977918 6857.178308 6859.182204 6860.020435 1 C 
 23 250 4 52 2 3 LH 1  4  6  5  9 1 1 0.832698 0 0 6861.286301 6861.787267 6862.288241 6862.488631 6864.492526 6865.325225 1 C 
 23 251 4 53 1 1 NN 0  5  5  5  5 0 1 1.042234 0 0 6866.596624 6867.097590 6867.598569 6867.798955 6869.802849 6870.845083 1 C 
 23 252 4 54 2 1 LN 0  6  5  5  5 0 1 1.088476 0 0 6872.107336 6872.608302 6873.109276 6873.309666 6875.313561 6876.402038 1 C 
 23 253 4 55 3 2 HL 1  5  5  8  4 1 1 0.666316 0 0 6877.668141 6878.169112 6878.670089 6878.870475 6880.874371 6881.540687 1 C 
 23 254 4 56 2 3 LH 1  4  6  5  9 1 1 0.986153 0 0 6882.811482 6883.312444 6883.813417 6884.013807 6886.017703 6887.003856 1 C 
 23 255 4 57 3 1 HN 0  4  5  1  5 0 1 1.030901 0 0 6888.272092 6888.773059 6889.274033 6889.474422 6891.478322 6892.509223 1 C 
 23 256 4 58 1 1 NN 0  4  6  4  6 0 1 0.928217 0 0 6893.782804 6894.283776 6894.784745 6894.985134 6896.989029 6897.917246 1 C 
 23 257 4 59 1 3 NH 0  6  6  6  9 0 1 0.639446 0 0 6899.176625 6899.677589 6900.178565 6900.378955 6902.382848 6903.022294 1 C 
 23 258 4 60 1 1 NN 0  5  4  5  4 1 0 1.422844 0 0 6904.286555 6904.787521 6905.288498 6905.488886 6907.492781 6908.915625 1 E 
 23 259 5  1 3 1 HN 0  4  5  1  5 0 1 0.566526 0 0 6912.485825 6912.986795 6913.487768 6913.688158 6915.692053 6916.258579 1 C 
 23 260 5  2 2 1 LN 0  4  4  5  4 0 1 1.220794 0 0 6917.528965 6918.029932 6918.530907 6918.731297 6920.735203 6921.955997 1 C 
 23 261 5  3 3 1 HN 0  6  4  9  4 0 1 0.529034 0 0 6923.223367 6923.724334 6924.225310 6924.425698 6926.429593 6926.958627 1 C 
 23 262 5  4 2 3 LH 1  4  4  5  1 1 1 0.400403 0 0 6928.233106 6928.734073 6929.235049 6929.435436 6931.439332 6931.839735 1 C 
 23 263 5  5 1 1 NN 0  4  4  4  4 0 1 0.396032 0 0 6933.109251 6933.610218 6934.111194 6934.311581 6936.315476 6936.711507 1 C 
 23 264 5  6 3 1 HN 0  4  5  7  5 0 1 1.119760 0 0 6937.985394 6938.486364 6938.987337 6939.187727 6941.191622 6942.311382 1 C 
 23 265 5  7 3 3 HH 1  5  4  8  1 1 1 0.852590 0 0 6943.579601 6944.080571 6944.581545 6944.781935 6946.785830 6947.638420 1 C 
 23 266 5  8 1 2 NL 0  6  5  6  4 0 1 0.623182 0 0 6948.906622 6949.407593 6949.908567 6950.108957 6952.112852 6952.736034 1 C 
 23 267 5  9 2 2 LL 1  4  5  5  4 1 1 1.270037 0 0 6953.999856 6954.500831 6955.001801 6955.202191 6957.206086 6958.476123 1 C 
 23 268 5 10 3 2 HL 1  5  4  8  5 1 1 1.221568 0 0 6959.744360 6960.245329 6960.746302 6960.946691 6962.950586 6964.172155 1 C 
 23 269 5 11 1 1 NN 0  5  4  5  4 0 1 0.926980 0 0 6965.438767 6965.939731 6966.440705 6966.641094 6968.644989 6969.571969 1 C 
 23 270 5 12 3 3 HH 1  4  5  7  2 1 1 0.535198 0 0 6970.832582 6971.333549 6971.834525 6972.034912 6974.038808 6974.574006 1 C 
 23 271 5 13 1 2 NL 0  4  5  4  4 0 1 0.451759 0 0 6975.842319 6976.343288 6976.844264 6977.044651 6979.048546 6979.500305 1 C 
 23 272 5 14 1 3 NH 0  6  6  6  3 0 1 0.400812 0 0 6980.768566 6981.269531 6981.770507 6981.970893 6983.974790 6984.375602 1 C 
 23 273 5 15 1 1 NN 0  4  4  4  4 0 1 0.505633 0 0 6985.644705 6986.145676 6986.646650 6986.847039 6988.850934 6989.356568 1 C 
 23 274 5 16 1 1 NN 0  5  4  5  4 0 1 0.362758 0 0 6990.621049 6991.122016 6991.622990 6991.823380 6993.827286 6994.190044 1 C 
 23 275 5 17 1 3 NH 0  4  6  4  3 0 1 0.545210 0 0 6995.463796 6995.964764 6996.465737 6996.666127 6998.670022 6999.215232 1 C 
 23 276 5 18 3 1 HN 0  4  5  7  5 0 1 0.644384 0 0 7000.490234 7000.991205 7001.492174 7001.692565 7003.696460 7004.340844 1 C 
 23 277 5 19 1 3 NH 0  4  5  4  8 0 1 0.482907 0 0 7005.600168 7006.101134 7006.602110 7006.802498 7008.806393 7009.289300 1 C 
 23 278 5 20 1 1 NN 0  6  4  6  4 0 1 0.435114 0 0 7010.559809 7011.060775 7011.561751 7011.762139 7013.766035 7014.201149 1 C 
 23 279 5 21 2 2 LL 1  5  5  6  6 1 1 0.490829 0 0 7015.469348 7015.970319 7016.471293 7016.671682 7018.675577 7019.166407 1 C 
 23 280 5 22 2 2 LL 1  4  4  5  5 1 1 0.607716 0 0 7020.428989 7020.929960 7021.430935 7021.631323 7023.635219 7024.242935 1 C 
 23 281 5 23 1 2 NL 0  4  5  4  6 0 1 0.496378 0 0 7025.505526 7026.006495 7026.507468 7026.707859 7028.711754 7029.208132 1 C 
 23 282 5 24 3 3 HH 1  4  5  7  8 1 1 0.433941 0 0 7030.481868 7030.982836 7031.483813 7031.684198 7033.688094 7034.122034 1 C 
 23 283 5 25 1 1 NN 0  6  5  6  5 0 1 0.411733 0 0 7035.391409 7035.892379 7036.393356 7036.593742 7038.597643 7039.009376 1 C 
 23 284 5 26 1 3 NH 0  6  4  6  1 0 1 0.749805 0 0 7040.284253 7040.785224 7041.286197 7041.486588 7043.490482 7044.240288 1 C 
 23 285 5 27 2 2 LL 1  4  5  5  4 1 1 1.294296 0 0 7045.511082 7046.012051 7046.513028 7046.713414 7048.717309 7050.011605 1 C 
 23 286 5 28 2 2 LL 1  5  6  6  5 1 1 0.944622 0 0 7051.272279 7051.773250 7052.274224 7052.474618 7054.478509 7055.423131 1 C 
 23 287 5 29 3 3 HH 1  5  6  2  3 1 1 0.637969 0 0 7056.682804 7057.183768 7057.684742 7057.885131 7059.889027 7060.526996 1 C 
 23 288 5 30 1 3 NH 0  6  6  6  9 0 1 0.401692 0 0 7061.792730 7062.293701 7062.794675 7062.995064 7064.998966 7065.400658 1 C 
 23 289 5 31 3 1 HN 0  4  6  7  6 0 1 0.579830 0 0 7066.668875 7067.169846 7067.670820 7067.871210 7069.875105 7070.454935 1 C 
 23 290 5 32 3 3 HH 1  5  4  8  7 1 1 0.506980 0 0 7071.728711 7072.229685 7072.730658 7072.931046 7074.934941 7075.441922 1 C 
 23 291 5 33 3 1 HN 0  5  6  2  6 0 1 0.524097 0 0 7076.705057 7077.206023 7077.706998 7077.907386 7079.911282 7080.435379 1 C 
 23 292 5 34 3 3 HH 1  4  4  1  1 1 1 0.496440 0 0 7081.698096 7082.199062 7082.700040 7082.900426 7084.904321 7085.400761 1 C 
 23 293 5 35 1 2 NL 0  6  5  6  4 0 1 0.455080 0 0 7086.674438 7087.175402 7087.676376 7087.876766 7089.880659 7090.335739 1 C 
 23 294 5 36 2 2 LL 1  5  4  4  5 1 1 0.693680 0 0 7091.600679 7092.101645 7092.602619 7092.803009 7094.806903 7095.500583 1 C 
 23 295 5 37 1 1 NN 0  5  6  5  6 0 1 0.418348 0 0 7096.760709 7097.261675 7097.762650 7097.963039 7099.966934 7100.385282 1 C 
 23 296 5 38 2 1 LN 0  5  6  6  6 0 1 0.623607 0 0 7101.653549 7102.154520 7102.655498 7102.855884 7104.859779 7105.483386 1 C 
 23 297 5 39 3 2 HL 1  4  4  7  5 1 1 0.633278 0 0 7106.746785 7107.247755 7107.748730 7107.949117 7109.953014 7110.586291 1 C 
 23 298 5 40 1 2 NL 0  5  6  5  5 0 1 0.518834 0 0 7111.856721 7112.357688 7112.858662 7113.059051 7115.062947 7115.581781 1 C 
 23 299 5 41 1 2 NL 0  4  6  4  5 0 1 0.771374 0 0 7116.849765 7117.350727 7117.851701 7118.052091 7120.055986 7120.827360 1 C 
 23 300 5 42 1 2 NL 0  5  5  5  6 0 1 1.013999 0 0 7122.093282 7122.594257 7123.095227 7123.295616 7125.299512 7126.313511 1 C 
 23 301 5 43 2 1 LN 0  6  6  5  6 0 1 0.872363 0 0 7127.587295 7128.088266 7128.589244 7128.789630 7130.793525 7131.665888 1 C 
 23 302 5 44 1 1 NN 0  4  6  4  6 0 1 0.873235 0 0 7132.931017 7133.431987 7133.932962 7134.133351 7136.137246 7137.010481 1 C 
 23 303 5 45 1 3 NH 0  4  5  4  8 0 1 0.981388 0 0 7138.274737 7138.775709 7139.276686 7139.477072 7141.480968 7142.462356 1 C 
 23 304 5 46 2 3 LH 1  5  4  4  7 1 1 1.199631 0 0 7143.735354 7144.236323 7144.737301 7144.937687 7146.941582 7148.141213 1 C 
 23 305 5 47 3 3 HH 1  4  6  7  3 1 1 1.286764 0 0 7149.413061 7149.914028 7150.415002 7150.615391 7152.619286 7153.906050 1 C 
 23 306 5 48 2 1 LN 0  4  5  5  5 0 1 0.879650 0 0 7155.174261 7155.675227 7156.176200 7156.376590 7158.380485 7159.260135 1 C 
 23 307 5 49 3 3 HH 1  5  6  8  3 1 1 1.381402 0 0 7160.534680 7161.035649 7161.536623 7161.737010 7163.740906 7165.122308 1 C 
 23 308 5 50 1 2 NL 0  6  4  6  5 0 1 0.936989 0 0 7166.396076 7166.897041 7167.398015 7167.598405 7169.602297 7170.539287 1 C 
 23 309 5 51 2 2 LL 1  4  5  5  4 1 1 0.897060 0 0 7171.806588 7172.307558 7172.808532 7173.008922 7175.012817 7175.909877 1 C 
 23 310 5 52 2 3 LH 1  4  4  5  1 1 1 0.462955 0 0 7177.183708 7177.684677 7178.185652 7178.386041 7180.389936 7180.852891 1 C 
 23 311 5 53 3 1 HN 0  6  5  9  5 1 0 0.689662 0 0 7182.126649 7182.627620 7183.128593 7183.328983 7185.332881 7186.022543 1 E 
 23 312 5 54 3 2 HL 1  5  6  8  5 0 0 0.665881 0 0 7187.286684 7187.787654 7188.288624 7188.489014 7190.492909 7191.158790 1 E 
 23 313 5 55 3 2 HL 1  5  4  2  5 1 1 1.136267 0 0 7192.430016 7192.930982 7193.431959 7193.632345 7195.636240 7196.772507 1 C 
 23 314 5 56 1 1 NN 0  4  4  4  4 0 1 0.340402 0 0 7198.040918 7198.541889 7199.042866 7199.243252 7201.247148 7201.587550 1 C 
 23 315 5 57 2 3 LH 1  5  4  6  7 1 1 0.479659 0 0 7202.850267 7203.351238 7203.852212 7204.052601 7206.056497 7206.536155 1 C 
 23 316 5 58 2 3 LH 1  4  4  5  7 1 1 1.236594 0 0 7207.809910 7208.310879 7208.811856 7209.012242 7211.016138 7212.252732 1 C 
 23 317 5 59 3 3 HH 1  5  6  8  3 1 1 1.935746 0 0 7213.521013 7214.021979 7214.522955 7214.723345 7216.727241 7218.662986 1 C 
 23 318 5 60 2 1 LN 0  5  6  6  6 0 1 1.147921 0 0 7219.933478 7220.434447 7220.935422 7221.135810 7223.139705 7224.287627 1 C 
 23 319 6  1 1 1 NN 0  4  5  4  5 0 1 0.462891 0 0 7233.259381 7233.760351 7234.261328 7234.461714 7236.465609 7236.928501 1 C 
 23 320 6  2 2 2 LL 1  5  5  6  6 1 1 0.492250 0 0 7238.202321 7238.703292 7239.204270 7239.404656 7241.408550 7241.900800 1 C 
 23 321 6  3 3 1 HN 0  4  4  1  4 0 1 0.455128 0 0 7243.161963 7243.662933 7244.163911 7244.364297 7246.368192 7246.823320 1 C 
 23 322 6  4 2 1 LN 0  6  5  5  5 0 1 0.295873 0 0 7248.088208 7248.589177 7249.090151 7249.290539 7251.294433 7251.590306 1 C 
 23 323 6  5 3 1 HN 0  4  4  7  4 0 1 0.440611 0 0 7252.864159 7253.365127 7253.866105 7254.066490 7256.070386 7256.510997 1 C 
 23 324 6  6 2 1 LN 0  5  4  6  4 0 1 0.918265 0 0 7257.773705 7258.274671 7258.775647 7258.976037 7260.979928 7261.898193 1 C 
 23 325 6  7 1 3 NH 0  6  5  6  8 0 1 1.130694 0 0 7263.167522 7263.668490 7264.169464 7264.369853 7266.373750 7267.504444 1 C 
 23 326 6  8 1 2 NL 0  4  6  4  5 0 1 0.881912 0 0 7268.778430 7269.279397 7269.780370 7269.980760 7271.984655 7272.866567 1 C 
 23 327 6  9 3 3 HH 1  5  5  2  8 1 1 1.305984 0 0 7274.138848 7274.639817 7275.140791 7275.341180 7277.345086 7278.651069 1 C 
 23 328 6 10 2 2 LL 1  6  6  5  5 1 1 1.286537 0 0 7279.916749 7280.417717 7280.918691 7281.119078 7283.122974 7284.409511 1 C 
 23 329 6 11 1 3 NH 0  4  5  4  2 0 1 0.957127 0 0 7285.677948 7286.178915 7286.679890 7286.880278 7288.884174 7289.841301 1 C 
 23 330 6 12 1 1 NN 0  6  6  6  6 0 1 1.096548 0 0 7291.105169 7291.606132 7292.107107 7292.307495 7294.311390 7295.407938 1 C 
 23 331 6 13 2 2 LL 1  6  6  5  5 1 1 0.848374 0 0 7296.682669 7297.183640 7297.684617 7297.885004 7299.888899 7300.737273 1 C 
 23 332 6 14 2 1 LN 0  6  6  5  6 0 1 0.490782 0 0 7302.009695 7302.510662 7303.011636 7303.212025 7305.215922 7305.706704 1 C 
 23 333 6 15 2 3 LH 1  5  5  6  8 1 1 0.467768 0 0 7306.969337 7307.470303 7307.971279 7308.171665 7310.175562 7310.643331 1 C 
 23 334 6 16 1 3 NH 0  5  4  5  7 0 1 0.524268 0 0 7311.912279 7312.413245 7312.914221 7313.114609 7315.118504 7315.642773 1 C 
 23 335 6 17 1 2 NL 0  5  6  5  5 0 1 0.457403 0 0 7316.905317 7317.406285 7317.907261 7318.107648 7320.111544 7320.568947 1 C 
 23 336 6 18 2 2 LL 1  5  5  4  4 1 1 0.406507 0 0 7321.831557 7322.332527 7322.833505 7323.033891 7325.037786 7325.444293 1 C 
 23 337 6 19 3 3 HH 1  6  4  9  1 1 1 1.280099 0 0 7326.707710 7327.208673 7327.709649 7327.910037 7329.913932 7331.194031 1 C 
 23 338 6 20 2 1 LN 0  5  4  6  4 0 1 0.828870 0 0 7332.468906 7332.969873 7333.470849 7333.671235 7335.675132 7336.504002 1 C 
 23 339 6 21 1 2 NL 0  6  5  6  4 0 1 0.978948 0 0 7337.779229 7338.280196 7338.781169 7338.981560 7340.985457 7341.964405 1 C 
 23 340 6 22 2 3 LH 1  4  5  5  8 1 1 0.860315 0 0 7343.239839 7343.740810 7344.241784 7344.442173 7346.446068 7347.306383 1 C 
 23 341 6 23 3 3 HH 1  4  4  7  7 1 1 0.429525 0 0 7348.566870 7349.067832 7349.568808 7349.769196 7351.773090 7352.202615 1 C 
 23 342 6 24 3 2 HL 1  6  4  9  5 1 1 0.839946 0 0 7353.476417 7353.977376 7354.478350 7354.678742 7356.682635 7357.522580 1 C 
 23 343 6 25 2 1 LN 0  6  4  5  4 1 0 0.884770 0 0 7358.786727 7359.287698 7359.788675 7359.989061 7361.992957 7362.877727 1 E 
 23 344 6 26 3 3 HH 1  6  4  3  1 1 1 0.920063 0 0 7364.147162 7364.648119 7365.149097 7365.349482 7367.353378 7368.273440 1 C 
 23 345 6 27 2 2 LL 1  5  4  6  5 1 1 0.902659 0 0 7369.540966 7370.041937 7370.542911 7370.743300 7372.747196 7373.649854 1 C 
 23 346 6 28 1 1 NN 0  5  6  5  6 0 1 1.144931 0 0 7374.918090 7375.419057 7375.920032 7376.120420 7378.124313 7379.269244 1 C 
 23 347 6 29 1 3 NH 0  5  5  5  8 0 1 1.396808 0 0 7380.528993 7381.029963 7381.530937 7381.731326 7383.735220 7385.132028 1 C 
 23 348 6 30 1 2 NL 0  5  6  5  5 0 1 1.248078 0 0 7386.407086 7386.908056 7387.409034 7387.609420 7389.613315 7390.861393 1 C 
 23 349 6 31 3 2 HL 1  5  6  8  5 1 1 1.204813 0 0 7392.134889 7392.635857 7393.136831 7393.337221 7395.341116 7396.545929 1 C 
 23 350 6 32 1 2 NL 0  6  6  6  5 0 1 1.370703 0 0 7397.812590 7398.313561 7398.814539 7399.014925 7401.018820 7402.389523 1 C 
 23 351 6 33 3 2 HL 1  5  4  8  5 1 1 1.030771 0 0 7403.657286 7404.158256 7404.659230 7404.859619 7406.863515 7407.894286 1 C 
 23 352 6 34 2 2 LL 1  4  6  5  5 1 1 0.961289 0 0 7409.168002 7409.668969 7410.169945 7410.370332 7412.374228 7413.335517 1 C 
 23 353 6 35 3 3 HH 1  6  4  3  7 1 1 0.960855 0 0 7414.595219 7415.096186 7415.597159 7415.797549 7417.801445 7418.762299 1 C 
 23 354 6 36 1 3 NH 0  5  4  5  1 0 1 0.926031 0 0 7420.022433 7420.523402 7421.024379 7421.224765 7423.228660 7424.154691 1 C 
 23 355 6 37 3 3 HH 1  6  6  9  3 1 1 1.061965 0 0 7425.416250 7425.917224 7426.418194 7426.618589 7428.622479 7429.684444 1 C 
 23 356 6 38 1 1 NN 0  5  5  5  5 0 1 1.149826 0 0 7430.943663 7431.444632 7431.945608 7432.145995 7434.149890 7435.299716 1 C 
 23 357 6 39 3 2 HL 1  6  4  9  5 1 1 0.830309 0 0 7436.571280 7437.072238 7437.573214 7437.773603 7439.777497 7440.607806 1 C 
 23 358 6 40 3 2 HL 1  4  6  1  5 1 1 0.639395 0 0 7441.881592 7442.382561 7442.883535 7443.083925 7445.087820 7445.727215 1 C 
 23 359 6 41 1 3 NH 0  5  5  5  2 0 1 1.023664 0 0 7446.991529 7447.492495 7447.993470 7448.193857 7450.197754 7451.221418 1 C 
 23 360 6 42 2 1 LN 0  5  5  6  5 0 1 0.860217 0 0 7452.485540 7452.986507 7453.487481 7453.687870 7455.691766 7456.551983 1 C 
 23 361 6 43 1 1 NN 0  5  4  5  4 0 1 1.398231 0 0 7457.812558 7458.313529 7458.814507 7459.014893 7461.018788 7462.417019 1 C 
 23 362 6 44 2 3 LH 1  4  5  5  8 1 1 1.331814 0 0 7463.690657 7464.191623 7464.692599 7464.892986 7466.896882 7468.228695 1 C 
 23 363 6 45 3 2 HL 1  6  4  9  5 1 1 1.322618 0 0 7469.501952 7470.002919 7470.503895 7470.704283 7472.708178 7474.030797 1 C 
 23 364 6 46 1 3 NH 0  6  5  6  8 0 1 0.894186 0 0 7475.296550 7475.797517 7476.298493 7476.498880 7478.502775 7479.396961 1 C 
 23 365 6 47 2 2 LL 1  5  5  4  6 1 1 1.033567 0 0 7480.656970 7481.157937 7481.658911 7481.859300 7483.863197 7484.896763 1 C 
 23 366 6 48 3 2 HL 1  4  6  7  5 1 1 1.153128 0 0 7486.167678 7486.668649 7487.169627 7487.370013 7489.373908 7490.527036 1 C 
 23 367 6 49 1 1 NN 0  6  6  6  6 0 1 0.997841 0 0 7491.795287 7492.296256 7492.797230 7492.997619 7495.001513 7495.999354 1 C 
 23 368 6 50 3 1 HN 0  6  5  9  5 0 1 1.007336 0 0 7497.272603 7497.773571 7498.274546 7498.474932 7500.478828 7501.486163 1 C 
 23 369 6 51 3 3 HH 1  6  5  9  2 1 1 0.874362 0 0 7502.749917 7503.250884 7503.751858 7503.952247 7505.956143 7506.830505 1 C 
 23 370 6 52 1 1 NN 0  6  6  6  6 0 1 1.059045 0 0 7508.093634 7508.594605 7509.095582 7509.295968 7511.299873 7512.358918 1 C 
 23 371 6 53 3 1 HN 0  4  5  7  5 0 1 1.203125 0 0 7513.621046 7514.122016 7514.622990 7514.823380 7516.827276 7518.030401 1 C 
 23 372 6 54 3 3 HH 1  5  6  8  3 1 1 1.416695 0 0 7519.298749 7519.799720 7520.300697 7520.501083 7522.504979 7523.921673 1 C 
 23 373 6 55 3 3 HH 1  5  5  8  8 1 1 1.311834 0 0 7525.193545 7525.694512 7526.195486 7526.395877 7528.399771 7529.711605 1 C 
 23 374 6 56 3 2 HL 1  4  5  7  4 1 1 1.420783 0 0 7530.971444 7531.472411 7531.973387 7532.173774 7534.177670 7535.598453 1 C 
 23 375 6 57 2 2 LL 1  5  5  6  4 1 1 1.270082 0 0 7536.866237 7537.367203 7537.868179 7538.068568 7540.072461 7541.342543 1 C 
 23 376 6 58 1 3 NH 0  6  4  6  1 0 1 1.520472 0 0 7542.610732 7543.111703 7543.612677 7543.813066 7545.816962 7547.337434 1 C 
 23 377 6 59 3 3 HH 1  4  5  1  2 1 1 0.501905 0 0 7548.605720 7549.106691 7549.607667 7549.808056 7551.811949 7552.313854 1 C 
 23 378 6 60 1 1 NN 0  6  6  6  6 0 1 0.948453 0 0 7553.582060 7554.083030 7554.584008 7554.784394 7556.788289 7557.736742 1 C 
