03 001 1 01 0 4 180 -58.650 -470.477  76.425 1.638990 -138.0 -113.0 25.0  475 475 
03 002 1 02 0 1 30  170.861  120.334  228.101 2.073825 182.0  174.0 8.0  497 972 
03 003 1 03 0 3 110 -129.398 -298.940 -5.799 1.672437 -113.0 -117.0 4.0  499 1471 
03 004 1 04 0 2 70 -7.547 -125.515  142.076 1.438295 -2.0  19.0 21.0  482 1954 
03 005 1 05 0 1 30 -71.871 -148.909 -27.309 2.107269 -74.0 -80.0 6.0  499 2452 
03 006 1 06 0 2 70 -108.192 -269.622  34.333 2.726069 -97.0 -99.0 2.0  500 2952 
03 007 1 07 0 3 110  233.370 -41.080  488.513 1.856403 229.0  248.0 19.0  486 3438 
03 008 1 08 0 2 70 -81.650 -213.263  55.311 1.772783 -75.0 -75.0 0.0  500 3938 
03 009 1 09 0 4 180 -54.279 -137.944  402.406 1.471747 69.0  133.0 64.0  336 4274 
03 010 1 10 0 3 110  154.025 -86.998  363.472 3.160907 153.0  123.0 30.0  464 4738 
03 011 1 11 0 3 110 -160.456 -444.879  128.211 1.973478 -157.0 -191.0 34.0  454 5192 
03 012 1 12 0 3 110  176.229  39.610  368.224 2.792964 177.0  153.0 24.0  477 5669 
03 013 1 13 0 2 70 -150.579 -313.171  12.066 1.789506 -138.0 -231.0 93.0  154 5823 
03 014 1 14 0 1 30  25.530 -35.050  60.727 1.354674 19.0  20.0 1.0  500 6323 
03 015 1 15 0 2 70 -116.930 -248.723 -22.694 1.789511 -113.0 -152.0 39.0  439 6762 
03 016 1 16 0 4 180  14.563 -176.514  557.157 1.287777 63.0  51.0 12.0  494 7256 
03 017 1 17 0 4 180 -2.035 -375.363  433.218 1.806232 -3.0  26.0 29.0  466 7722 
03 018 1 18 0 4 180  31.601 -128.610  318.783 2.257790 63.0  93.0 30.0  464 8186 
03 019 1 19 0 1 30 -35.167 -122.174  3.516 1.538642 -45.0 -53.0 8.0  497 8684 
03 020 1 20 0 1 30  59.917  31.080  91.502 2.040373 63.0  69.0 6.0  499 9182 
03 021 1 21 0 1 30  41.039 -15.610  89.437 1.521919 44.0  43.0 1.0  500 9682 
03 022 1 22 0 4 180 -37.871 -252.196  286.479 1.404848 -12.0 -13.0 1.0  500 10182 
03 023 1 23 0 2 70 -194.603 -306.840 -35.512 2.742793 -175.0 -144.0 31.0  462 10644 
03 024 1 24 0 2 70 -48.368 -195.676  63.339 1.388122 -25.0 -26.0 1.0  500 11144 
03 025 1 25 0 2 70 -7.510 -129.522  89.757 1.087084 -19.0 -16.0 3.0  500 11643 
03 026 1 26 0 2 70  11.572 -143.802  84.091 1.588814 -4.0 -26.0 22.0  481 12124 
03 027 1 27 0 1 30  83.395  37.585  145.241 1.705886 92.0  93.0 1.0  500 12624 
03 028 1 28 0 1 30  11.498 -60.796  76.685 1.388123 12.0 -8.0 20.0  484 13108 
03 029 1 29 0 3 110 -120.520 -262.339  137.617 1.756059 -87.0 -67.0 20.0  484 13592 
03 030 1 30 0 2 70  37.843 -173.723  187.472 1.204157 18.0 -7.0 25.0  475 14067 
03 031 1 31 0 4 180 -101.145 -591.899  279.902 6.689756 -67.0 -15.0 52.0  392 14459 
03 032 1 32 0 4 180 -154.224 -424.681  166.891 3.127460 -214.0 -213.0 1.0  500 14959 
03 033 1 33 0 2 70  2.294 -131.839  123.715 0.769320 6.0  15.0 9.0  497 15455 
03 034 1 34 0 4 180  124.637 -205.457  350.926 2.190892 112.0  97.0 15.0  491 15946 
03 035 1 35 0 1 30 -226.152 -290.152 -176.997 1.839681 -226.0 -260.0 34.0  454 16400 
03 036 1 36 0 3 110  35.895 -134.609  380.222 1.705883 42.0  2.0 40.0  436 16836 
03 037 1 37 0 3 110 -25.564 -246.907  105.597 2.057098 -52.0 -41.0 11.0  495 17331 
03 038 1 38 0 2 70  138.515  61.195  296.160 2.491929 171.0  177.0 6.0  499 17830 
03 039 1 39 0 4 180  53.208 -418.429  482.265 1.990199 43.0 -26.0 69.0  310 18140 
03 040 1 40 0 4 180  50.615 -278.315  539.834 1.906579 102.0  178.0 76.0  269 18408 
03 041 1 41 0 2 70 -86.153 -159.964  92.929 1.705886 -84.0 -122.0 38.0  442 18851 
03 042 1 42 0 3 110 -37.061 -179.082  101.678 1.555371 -23.0  11.0 34.0  454 19304 
03 043 1 43 0 2 70  58.366 -116.158  207.567 1.555367 54.0  35.0 19.0  486 19790 
03 044 1 44 0 1 30  64.585  7.412  124.388 1.789507 60.0  66.0 6.0  499 20289 
03 045 1 45 0 1 30  23.533 -19.060  69.567 1.505190 15.0 -1.0 16.0  490 20778 
03 046 1 46 0 1 30  73.463  19.353  126.851 1.505196 78.0  72.0 6.0  499 21277 
03 047 1 47 0 1 30 -53.605 -119.710 -8.000 1.588817 -56.0 -88.0 32.0  459 21736 
03 048 1 48 0 3 110 -69.755 -208.992  148.633 1.973477 -11.0 -47.0 36.0  448 22184 
03 049 1 49 0 4 180  50.623 -221.811  354.259 1.538642 66.0  89.0 23.0  479 22663 
03 050 1 50 0 2 70  108.977 -34.714  209.575 2.073822 100.0  95.0 5.0  499 23162 
03 051 1 51 0 3 110  64.185 -59.198  237.795 2.425033 80.0  35.0 45.0  419 23581 
03 052 1 52 0 1 30  13.131 -52.666  84.529 2.190892 4.0 -16.0 20.0  484 24065 
03 053 1 53 0 3 110 -36.800 -279.753  143.480 2.692624 -53.0 -70.0 17.0  488 24553 
03 054 1 54 0 4 180 -154.060 -468.607  242.583 2.123995 -107.0 -44.0 63.0  341 24895 
03 055 1 55 0 2 70  141.197 -11.775  211.316 1.956751 107.0  104.0 3.0  500 25394 
03 056 1 56 0 4 180  111.864 -84.803  366.734 2.224341 135.0  135.0 0.0  500 25894 
03 057 2 01 0 2 70 -30.829 -176.754  118.973 1.973477 -18.0 -12.0 6.0  499 26393 
03 058 2 02 0 4 180  79.060 -254.153  448.006 1.421574 82.0  15.0 67.0  320 26713 
03 059 2 03 0 3 110  120.217 -103.666  390.473 4.281439 116.0  119.0 3.0  500 27213 
03 060 2 04 0 3 110 -83.066 -257.160  196.877 1.990200 -70.0 -71.0 1.0  500 27713 
03 061 2 05 0 2 70  67.401 -29.476  227.835 1.572092 71.0  83.0 12.0  494 28207 
03 062 2 06 0 2 70 -151.437 -298.891 -86.846 2.123997 -166.0 -181.0 15.0  491 28698 
03 063 2 07 0 2 70  71.250 -63.746  158.437 1.889848 63.0  69.0 6.0  499 29197 
03 064 2 08 0 3 110  147.668 -82.024  429.893 2.257790 159.0  154.0 5.0  499 29696 
03 065 2 09 0 2 70 -86.702 -209.663  5.793 2.224343 -100.0 -119.0 19.0  486 30181 
03 066 2 10 0 4 180  87.764 -218.166  419.243 2.458483 53.0  85.0 32.0  459 30640 
03 067 2 11 0 3 110  116.413 -118.041  408.823 2.224344 147.0  91.0 56.0  375 31015 
03 068 2 12 0 2 70  82.630 -57.595  203.453 3.043835 78.0  72.0 6.0  499 31513 
03 069 2 13 0 2 70  54.757 -55.343  168.902 2.792971 43.0  28.0 15.0  491 32004 
03 070 2 14 0 1 30 -243.375 -332.212 -192.938 1.789507 -255.0 -263.0 8.0  497 32502 
03 071 2 15 0 3 110  117.679 -58.230  272.992 1.572090 90.0  77.0 13.0  493 32995 
03 072 2 16 0 1 30  65.612  28.703  151.239 2.792970 73.0  67.0 6.0  499 33494 
03 073 2 17 0 2 70  62.782 -106.957  160.605 1.137257 39.0  2.0 37.0  445 33939 
03 074 2 18 0 2 70  178.879  87.572  323.555 1.889853 173.0  198.0 25.0  475 34414 
03 075 2 19 0 4 180  21.180 -452.787  297.631 3.344870 9.0  50.0 41.0  433 34847 
03 076 2 20 0 1 30  25.224 -54.796  70.150 1.722609 17.0 -3.0 20.0  484 35331 
03 077 2 21 0 3 110 -129.930 -318.942  113.337 1.856410 -122.0 -119.0 3.0  500 35830 
03 078 2 22 0 4 180 -71.496 -400.538  338.528 3.428494 -99.0 -98.0 1.0  500 36330 
03 079 2 23 0 4 180 -123.245 -557.805  323.597 2.391586 -113.0 -93.0 20.0  484 36814 
03 080 2 24 0 4 180 -23.711 -422.948  326.435 4.749720 -45.0 -53.0 8.0  497 37312 
03 081 2 25 0 3 110 -61.001 -344.182  75.228 3.629189 -69.0 -59.0 10.0  496 37808 
03 082 2 26 0 3 110  17.229 -154.633  170.489 1.371401 1.0  30.0 29.0  466 38274 
03 083 2 27 0 3 110  78.513 -113.209  256.969 2.843143 48.0  55.0 7.0  498 38772 
03 084 2 28 0 3 110  37.730 -244.088  304.800 2.993663 60.0  46.0 14.0  492 39264 
03 085 2 29 0 3 110 -23.079 -174.405  189.326 1.940026 -5.0 -23.0 18.0  487 39751 
03 086 2 30 0 2 70  10.735 -148.537  122.642 1.756060 39.0  17.0 22.0  481 40232 
03 087 2 31 0 1 30 -31.179 -100.292  9.055 2.391597 -30.0 -46.0 16.0  490 40722 
03 088 2 32 0 4 180 -94.882 -388.502  99.731 3.411771 -140.0 -124.0 16.0  490 41211 
03 089 2 33 0 3 110  104.352 -106.676  273.380 5.686285 81.0  105.0 24.0  477 41688 
03 090 2 34 0 4 180  55.212 -283.834  334.992 1.705887 64.0 -4.0 68.0  315 42003 
03 091 2 35 0 3 110 -115.029 -314.918  106.166 3.997123 -81.0 -104.0 23.0  479 42482 
03 092 2 36 0 4 180  78.426 -164.169  477.196 2.023649 58.0  14.0 44.0  423 42905 
03 093 2 37 0 2 70 -178.913 -251.683 -118.191 2.241065 -189.0 -219.0 30.0  464 43369 
03 094 2 38 0 1 30  6.156 -39.330  54.491 1.187431 8.0  9.0 1.0  500 43869 
03 095 2 39 0 2 70 -73.339 -184.621  30.414 2.057099 -89.0 -98.0 9.0  497 44366 
03 096 2 40 0 1 30  26.291 -24.413  61.497 1.254326 18.0  8.0 10.0  496 44862 
03 097 2 41 0 2 70 -41.372 -195.739  81.471 2.742793 -47.0 -50.0 3.0  500 45361 
03 098 2 42 0 3 110 -111.639 -324.923  48.612 2.257789 -128.0 -127.0 1.0  500 45861 
03 099 2 43 0 2 70  18.026 -102.808  173.324 2.575555 33.0  20.0 13.0  493 46354 
03 100 2 44 0 3 110  130.127 -97.475  385.139 2.609004 125.0  87.0 38.0  442 46797 
03 101 2 45 0 1 30  99.487  62.077  164.998 2.910042 100.0  125.0 25.0  475 47272 
03 102 2 46 0 3 110 -11.086 -297.135  229.389 1.488473 -10.0 -28.0 18.0  487 47759 
03 103 2 47 0 1 30  187.208  139.968  240.894 2.742794 188.0  194.0 6.0  499 48257 
03 104 2 48 0 4 180 -85.061 -333.050  148.985 2.190893 -94.0 -109.0 15.0  491 48748 
03 105 2 49 0 1 30  58.974  31.487  84.844 1.588819 57.0  54.0 3.0  500 49248 
03 106 2 50 0 1 30  19.187 -42.829  66.099 2.023650 18.0  6.0 12.0  494 49742 
03 107 2 51 0 2 70 -101.838 -239.535 -13.631 2.006926 -89.0 -60.0 29.0  466 50209 
03 108 2 52 0 2 70  27.384 -59.683  111.002 2.257792 28.0  48.0 20.0  484 50693 
03 109 2 53 0 3 110  67.868 -87.931  264.378 1.839679 61.0  31.0 30.0  464 51157 
03 110 2 54 0 2 70 -106.113 -222.024 -33.422 3.261254 -111.0 -116.0 5.0  499 51656 
03 111 2 55 0 1 30 -55.707 -163.509 -5.076 1.822957 -69.0 -82.0 13.0  493 52149 
03 112 2 56 0 2 70 -83.651 -192.318  69.690 1.940027 -71.0 -94.0 23.0  479 52628 
03 113 3 01 0 2 70 -72.252 -148.528  158.295 3.478668 -51.0 -49.0 2.0  500 53127 
03 114 3 02 0 2 70 -7.096 -216.294  166.272 1.789509 -11.0 -21.0 10.0  496 53623 
03 115 3 03 0 2 70  112.736 -21.387  179.870 2.525378 101.0  91.0 10.0  496 54119 
03 116 3 04 0 2 70 -42.654 -177.280  127.153 2.843139 -48.0 -62.0 14.0  492 54612 
03 117 3 05 0 1 30  57.486  16.148  129.705 1.806232 63.0  54.0 9.0  497 55108 
03 118 3 06 0 3 110  72.315 -100.826  328.859 1.488470 74.0  37.0 37.0  445 55554 
03 119 3 07 0 1 30 -143.160 -210.717 -93.237 2.057096 -148.0 -157.0 9.0  497 56050 
03 120 3 08 0 2 70 -161.957 -278.797 -86.658 2.291236 -185.0 -192.0 7.0  498 56548 
03 121 3 09 0 2 70  26.112 -99.791  128.564 3.261251 13.0  7.0 6.0  499 57047 
03 122 3 10 0 4 180  199.901 -105.832  390.562 2.023649 133.0  119.0 14.0  492 57539 
03 123 3 11 0 4 180  14.461 -341.286  232.511 2.157444 -1.0 -47.0 46.0  415 57954 
03 124 3 12 0 4 180  201.333 -220.517  301.960 2.993663 128.0  119.0 9.0  497 58451 
03 125 3 13 0 2 70 -15.972 -103.119  165.838 2.792970 4.0 -5.0 9.0  497 58948 
03 126 3 14 0 1 30 -103.403 -164.519 -41.394 2.491930 -107.0 -129.0 22.0  481 59429 
03 127 3 15 0 2 70  57.483 -72.117  169.298 2.776246 49.0  54.0 5.0  499 59928 
03 128 3 16 0 4 180 -102.623 -501.642  501.131 3.311427 -64.0 -51.0 13.0  493 60421 
03 129 3 17 0 4 180 -18.764 -440.332  277.528 1.822954 6.0 -3.0 9.0  497 60918 
03 130 3 18 0 4 180 -99.916 -334.613  187.656 2.123996 -87.0 -127.0 40.0  436 61354 
03 131 3 19 0 4 180  132.941 -402.263  481.393 2.207617 165.0  154.0 11.0  495 61849 
03 132 3 20 0 1 30 -127.528 -181.596 -58.003 2.491935 -110.0 -124.0 14.0  492 62341 
03 133 3 21 0 3 110  11.646 -165.670  250.471 2.140719 25.0  27.0 2.0  500 62841 
03 134 3 22 0 2 70  86.471 -58.153  190.478 3.144182 90.0  57.0 33.0  456 63297 
03 135 3 23 0 1 30  87.948  29.027  136.093 2.291241 83.0  76.0 7.0  498 63795 
03 136 3 24 0 1 30 -112.538 -164.008 -52.800 2.642451 -111.0 -118.0 7.0  498 64293 
03 137 3 25 0 3 110 -81.906 -215.241  158.842 4.331612 -48.0 -30.0 18.0  487 64780 
03 138 3 26 0 1 30  172.759  95.720  214.772 2.709348 171.0  183.0 12.0  494 65275 
03 139 3 27 0 2 70  15.283 -110.465  149.475 3.428495 3.0 -19.0 22.0  481 65755 
03 140 3 28 0 2 70 -54.092 -175.904  59.810 2.441759 -60.0 -71.0 11.0  495 66250 
03 141 3 29 0 4 180  277.170 -45.517  521.964 4.047299 271.0  272.0 1.0  500 66750 
03 142 3 30 0 1 30  26.003 -24.861  69.587 2.157444 28.0  17.0 11.0  495 67246 
03 143 3 31 0 4 180 -159.216 -491.739  172.929 3.445217 -166.0 -214.0 48.0  408 67653 
03 144 3 32 0 3 110 -105.080 -281.795  99.581 3.077283 -110.0 -90.0 20.0  484 68137 
03 145 3 33 0 1 30  104.814  64.950  167.659 2.525382 113.0  111.0 2.0  500 68637 
03 146 3 34 0 3 110  23.151 -261.977  232.976 2.993664 48.0  69.0 21.0  482 69120 
03 147 3 35 0 1 30  150.084  94.575  194.280 2.408309 146.0  156.0 10.0  496 69616 
03 148 3 36 0 3 110  12.281 -252.425  367.582 3.445219 14.0  15.0 1.0  500 70116 
03 149 3 37 0 1 30  43.625  1.158  111.561 2.792970 48.0  68.0 20.0  484 70600 
03 150 3 38 0 3 110  150.774 -46.953  317.781 2.993663 139.0  136.0 3.0  500 71099 
03 151 3 39 0 1 30 -164.066 -240.125 -90.363 3.612461 -157.0 -201.0 44.0  423 71522 
03 152 3 40 0 3 110 -159.844 -248.621  54.378 3.361598 -128.0 -131.0 3.0  500 72021 
03 153 3 41 0 4 180 -36.459 -341.297  294.325 3.277977 -14.0  24.0 38.0  442 72464 
03 154 3 42 0 2 70  1.163 -101.264  124.433 5.067483 19.0  29.0 10.0  496 72960 
03 155 3 43 0 1 30  80.731  40.668  129.094 4.699547 81.0  87.0 6.0  499 73458 
03 156 3 44 0 1 30  117.171  53.161  209.114 3.645913 132.0  132.0 0.0  500 73958 
03 157 3 45 0 4 180 -71.103 -255.317  252.027 2.408311 -17.0 -11.0 6.0  499 74457 
03 158 3 46 0 1 30 -39.400 -74.857  25.726 2.140718 -36.0 -32.0 4.0  499 74956 
03 159 3 47 0 2 70 -98.085 -223.194  39.521 2.458482 -84.0 -94.0 10.0  496 75452 
03 160 3 48 0 1 30  120.854  87.330  171.816 2.458483 126.0  120.0 6.0  499 75951 
03 161 3 49 0 3 110  141.542 -62.200  347.020 3.144182 129.0  133.0 4.0  499 76450 
03 162 3 50 0 2 70  12.227 -121.777  186.373 2.291248 18.0  2.0 16.0  490 76940 
03 163 3 51 0 1 30  100.912  31.523  170.336 3.027111 94.0  100.0 6.0  499 77438 
03 164 3 52 0 1 30  21.980 -43.234  85.166 2.040375 23.0  19.0 4.0  499 77938 
03 165 3 53 0 2 70  72.568 -108.868  200.381 3.930226 82.0  81.0 1.0  500 78438 
03 166 3 54 0 1 30  0.322 -48.544  53.701 3.997125 2.0  1.0 1.0  500 78938 
03 167 3 55 0 4 180 -33.228 -421.896  238.300 3.361599 -7.0 -15.0 8.0  497 79435 
03 168 3 56 0 4 180  250.395 -34.445  434.080 3.027113 242.0  301.0 59.0  361 79796 
03 169 4 01 0 3 110 -82.521 -303.103  62.192 3.445221 -72.0 -108.0 36.0  448 80244 
03 170 4 02 0 1 30  78.876 -38.231  165.284 2.291229 78.0  83.0 5.0  499 80743 
03 171 4 03 0 4 180 -10.152 -351.147  465.221 4.114199 -8.0 -72.0 64.0  336 81079 
03 172 4 04 0 3 110  13.296 -231.558  221.663 2.324687 18.0  24.0 6.0  499 81578 
03 173 4 05 0 1 30 -112.627 -194.890 -64.840 3.027112 -121.0 -132.0 11.0  495 82073 
03 174 4 06 0 4 180  97.593 -167.465  337.079 2.692623 93.0  126.0 33.0  456 82529 
03 175 4 07 0 1 30 -35.137 -94.349  25.900 3.077283 -32.0 -37.0 5.0  499 83028 
03 176 4 08 0 4 180  82.562 -302.220  340.722 3.495393 71.0  54.0 17.0  488 83517 
03 177 4 09 0 4 180  116.799 -176.825  355.212 2.876593 153.0  219.0 66.0  326 83842 
03 178 4 10 0 2 70  18.364 -61.266  122.280 4.197817 19.0  41.0 22.0  481 84323 
03 179 4 11 0 4 180  4.537 -530.616  305.506 4.582475 -24.0  58.0 82.0  231 84554 
03 180 4 12 0 3 110  6.014 -182.735  211.766 2.859869 0.0  9.0 9.0  497 85051 
03 181 4 13 0 4 180  16.742 -366.395  323.309 2.726072 33.0 -45.0 78.0  257 85308 
03 182 4 14 0 2 70 -52.656 -181.460  111.250 2.157444 -56.0 -48.0 8.0  497 85805 
03 183 4 15 0 3 110  58.283 -119.251  220.857 2.023650 27.0  31.0 4.0  499 86304 
03 184 4 16 0 4 180  178.425 -348.717  554.636 2.792970 199.0  255.0 56.0  375 86679 
03 185 4 17 0 1 30 -60.516 -123.271 -21.082 1.572094 -68.0 -68.0 0.0  500 87179 
03 186 4 18 0 3 110  17.626 -206.431  146.782 3.395051 12.0  9.0 3.0  500 87679 
03 187 4 19 0 4 180  19.700 -279.836  435.543 3.077285 57.0  32.0 25.0  475 88154 
03 188 4 20 0 3 110  116.543 -151.061  335.009 2.525379 161.0  120.0 41.0  433 88586 
03 189 4 21 0 2 70 -50.388 -183.528  62.782 2.307962 -56.0 -100.0 44.0  423 89009 
03 190 4 22 0 1 30 -59.414 -108.609 -5.978 2.408310 -53.0 -60.0 7.0  498 89507 
03 191 4 23 0 1 30 -57.208 -118.195  34.873 2.190893 -57.0 -60.0 3.0  500 90007 
03 192 4 24 0 3 110 -97.578 -254.873  32.212 3.395045 -119.0 -149.0 30.0  464 90471 
03 193 4 25 0 2 70 -1.525 -144.014  177.792 1.572093 26.0  13.0 13.0  493 90964 
03 194 4 26 0 4 180  142.588 -306.161  443.896 2.592281 100.0  77.0 23.0  479 91443 
03 195 4 27 0 2 70  2.681 -137.383  91.535 2.575552 -14.0 -10.0 4.0  499 91942 
03 196 4 28 0 4 180  39.499 -282.576  287.538 4.950417 -0.0 -34.0 34.0  454 92396 
03 197 4 29 0 1 30  48.339 -36.453  107.496 2.441759 43.0  40.0 3.0  500 92895 
03 198 4 30 0 2 70 -17.480 -167.176  133.791 1.655713 6.0  13.0 7.0  498 93393 
03 199 4 31 0 4 180 -248.784 -537.943  23.262 2.826421 -273.0 -320.0 47.0  412 93805 
03 200 4 32 0 4 180  19.735 -161.843  249.942 1.672439 36.0  51.0 15.0  491 94296 
03 201 4 33 0 4 180  135.305 -229.561  475.462 2.642453 60.0  40.0 20.0  484 94780 
03 202 4 34 0 1 30 -20.009 -82.541  69.471 2.073821 -12.0 -34.0 22.0  481 95261 
03 203 4 35 0 1 30 -4.521 -56.421  65.406 1.404844 -7.0  3.0 10.0  496 95757 
03 204 4 36 0 2 70  77.797 -54.201  197.898 3.144182 81.0  90.0 9.0  497 96253 
03 205 4 37 0 4 180 -118.695 -530.977  296.057 2.926765 -101.0 -166.0 65.0  331 96584 
03 206 4 38 0 2 70  157.021 -33.288  315.098 2.241064 154.0  142.0 12.0  494 97079 
03 207 4 39 0 4 180 -109.457 -405.880  310.152 1.956751 -117.0 -155.0 38.0  442 97521 
03 208 4 40 0 2 70  72.109 -48.636  190.679 2.006924 47.0  22.0 25.0  475 97996 
03 209 4 41 0 3 110 -190.014 -452.244  48.312 4.866791 -187.0 -255.0 68.0  315 98311 
03 210 4 42 0 4 180  109.600 -238.923  536.958 2.408308 128.0  120.0 8.0  497 98808 
03 211 4 43 0 3 110  48.937 -164.243  201.108 2.107271 48.0  50.0 2.0  500 99308 
03 212 4 44 0 2 70  72.024 -136.575  216.490 6.388709 98.0  83.0 15.0  491 99799 
03 213 4 45 0 2 70  111.098 -23.830  260.441 2.508656 123.0  95.0 28.0  469 100268 
03 214 4 46 0 2 70  4.951 -130.385  92.569 2.776245 -1.0 -4.0 3.0  500 100768 
03 215 4 47 0 3 110  59.073 -181.910  231.407 3.679363 59.0  54.0 5.0  499 101267 
03 216 4 48 0 3 110  29.826 -230.102  285.483 3.361599 46.0  6.0 40.0  436 101703 
03 217 4 49 0 4 180  66.077 -323.886  431.900 2.458481 33.0  17.0 16.0  490 102192 
03 218 4 50 0 1 30  160.735  119.182  219.823 3.160906 162.0  153.0 9.0  497 102689 
03 219 4 51 0 4 180  63.569 -416.059  297.233 2.207617 45.0  46.0 1.0  500 103189 
03 220 4 52 0 3 110  9.373 -173.573  174.804 4.030573 65.0  48.0 17.0  488 103677 
03 221 4 53 0 1 30  169.750  136.332  222.899 3.980397 167.0  180.0 13.0  493 104171 
03 222 4 54 0 3 110 -81.901 -253.124  89.148 4.314889 -83.0 -133.0 50.0  400 104571 
03 223 4 55 0 2 70  48.050 -77.833  158.606 2.358134 38.0  51.0 13.0  493 105064 
03 224 4 56 0 1 30 -70.151 -123.862 -3.786 2.174169 -67.0 -73.0 6.0  499 105563 
03 225 5 01 0 4 180  21.232 -367.226  428.694 1.605538 -2.0  6.0 8.0  497 106060 
03 226 5 02 0 1 30 -57.254 -94.068 -4.534 2.057097 -54.0 -52.0 2.0  500 106560 
03 227 5 03 0 4 180 -19.533 -496.473  191.023 4.214541 -108.0  23.0 131.0 -186 106373 
03 228 5 04 0 1 30 -70.535 -136.959  5.597 1.438291 -77.0 -78.0 1.0  500 106873 
03 229 5 05 0 3 110 -90.693 -272.292  140.220 2.157444 -58.0 -10.0 48.0  408 107281 
03 230 5 06 0 2 70  226.060  153.728  462.326 2.575557 242.0  252.0 10.0  496 107777 
03 231 5 07 0 3 110 -53.377 -231.045  206.448 3.913502 -34.0 -49.0 15.0  491 108268 
03 232 5 08 0 4 180  63.149 -256.948  413.820 3.411774 76.0  92.0 16.0  490 108758 
03 233 5 09 0 3 110  54.092 -196.841  303.480 3.696085 26.0  25.0 1.0  500 109258 
03 234 5 10 0 4 180 -40.373 -219.827  292.342 4.498856 50.0  70.0 20.0  484 109742 
03 235 5 11 0 1 30 -36.731 -102.226 -0.747 1.555366 -49.0 -63.0 14.0  492 110234 
03 236 5 12 0 3 110 -58.888 -305.027  142.096 3.194358 -62.0 -135.0 73.0  287 110521 
03 237 5 13 0 4 180  2.387 -388.740  397.853 2.893317 -40.0 -93.0 53.0  388 110909 
03 238 5 14 0 3 110  97.292 -143.237  245.943 2.642452 93.0  129.0 36.0  448 111357 
03 239 5 15 0 3 110  78.520 -47.335  242.913 2.458481 101.0  102.0 1.0  500 111857 
03 240 5 16 0 3 110  32.713 -146.181  176.323 3.662637 39.0  43.0 4.0  499 112356 
03 241 5 17 0 3 110  7.412 -116.342  188.773 3.094010 18.0 -17.0 35.0  451 112807 
03 242 5 18 0 3 110  46.983 -166.985  187.008 2.040373 38.0  61.0 23.0  479 113286 
03 243 5 19 0 4 180 -192.851 -403.350  26.705 1.588815 -199.0 -228.0 29.0  466 113752 
03 244 5 20 0 4 180 -71.986 -437.221  180.068 1.923303 -78.0 -119.0 41.0  433 114185 
03 245 5 21 0 3 110  14.759 -133.469  221.359 2.291238 35.0  51.0 16.0  490 114675 
03 246 5 22 0 3 110  23.640 -276.679  212.069 2.157443 9.0 -15.0 24.0  477 115152 
03 247 5 23 0 1 30  66.538  24.545  133.972 1.873129 62.0  58.0 4.0  499 115651 
03 248 5 24 0 3 110  117.863 -177.801  309.164 2.826418 143.0  127.0 16.0  490 116141 
03 249 5 25 0 2 70  7.664 -101.334  182.973 1.371398 28.0  11.0 17.0  488 116629 
03 250 5 26 0 2 70 -108.082 -193.490  17.613 1.337949 -102.0 -98.0 4.0  499 117129 
03 251 5 27 0 1 30 -28.357 -83.471  23.731 1.471746 -24.0 -35.0 11.0  495 117624 
03 252 5 28 0 4 180 -121.617 -379.129  249.647 1.772788 -95.0 -128.0 33.0  456 118080 
03 253 5 29 0 4 180  70.975 -350.727  285.264 2.257790 62.0  116.0 54.0  383 118464 
03 254 5 30 0 3 110  138.247 -29.517  315.098 2.140720 138.0  91.0 47.0  412 118875 
03 255 5 31 0 2 70 -94.708 -218.999  35.849 1.588816 -100.0 -90.0 10.0  496 119371 
03 256 5 32 0 2 70  52.375 -173.912  177.658 2.475206 52.0  43.0 9.0  497 119868 
03 257 5 33 0 3 110  190.348 -65.424  314.792 2.157441 181.0  222.0 41.0  433 120301 
03 258 5 34 0 4 180 -43.727 -272.080  313.395 2.675899 -20.0 -82.0 62.0  346 120647 
03 259 5 35 0 1 30  69.602  25.392  116.830 1.304501 77.0  85.0 8.0  497 121144 
03 260 5 36 0 1 30 -124.994 -201.690 -70.181 1.722613 -131.0 -148.0 17.0  488 121633 
03 261 5 37 0 4 180 -18.965 -230.730  205.265 2.157442 -47.0 -97.0 50.0  400 122033 
03 262 5 38 0 4 180 -220.875 -517.310  87.688 2.759521 -299.0 -372.0 73.0  287 122320 
03 263 5 39 0 1 30  37.519 -20.649  92.611 1.371397 40.0  36.0 4.0  499 122819 
03 264 5 40 0 2 70  5.497 -164.785  126.103 2.123995 7.0 -14.0 21.0  482 123301 
03 265 5 41 0 4 180  45.567 -266.563  338.665 1.839679 46.0  57.0 11.0  495 123797 
03 266 5 42 0 1 30 -97.147 -142.939 -49.067 1.538641 -100.0 -115.0 15.0  491 124288 
03 267 5 43 0 3 110 -85.148 -267.221  119.276 1.839682 -80.0 -76.0 4.0  499 124787 
03 268 5 44 0 1 30 -1.243 -53.642  54.222 1.488469 -1.0 -11.0 10.0  496 125283 
03 269 5 45 0 2 70  23.011 -100.939  126.231 1.137259 5.0  2.0 3.0  500 125783 
03 270 5 46 0 4 180 -52.575 -392.635  83.352 2.274518 -126.0 -190.0 64.0  336 126119 
03 271 5 47 0 3 110 -221.006 -298.960  54.402 2.592279 -178.0 -197.0 19.0  486 126604 
03 272 5 48 0 1 30  100.144  27.173  137.145 2.274515 87.0  73.0 14.0  492 127096 
03 273 5 49 0 1 30 -131.066 -163.839 -106.023 1.906578 -134.0 -152.0 18.0  487 127583 
03 274 5 50 0 2 70 -73.704 -253.066  60.533 1.438297 -88.0 -104.0 16.0  490 128073 
03 275 5 51 0 4 180  196.203  52.640  487.677 2.241065 285.0  345.0 60.0  356 128429 
03 276 5 52 0 1 30 -52.253 -99.222  5.446 1.990199 -48.0 -68.0 20.0  484 128913 
03 277 5 53 0 3 110  26.781 -208.456  228.267 2.023649 23.0  6.0 17.0  488 129402 
03 278 5 54 0 3 110 -152.266 -380.851  45.814 1.638990 -185.0 -223.0 38.0  442 129844 
03 279 5 55 0 3 110  65.818 -118.871  237.958 1.906581 78.0  120.0 42.0  429 130273 
03 280 5 56 0 1 30  107.839  65.647  158.553 1.388120 111.0  112.0 1.0  500 130773 
