02 001 1 01 0 3 110  24.744 -73.245  164.421 1.269134 55.0  88.0 33.0  456 456 
02 002 1 02 0 3 110 -277.779 -503.280 -67.917 1.001948 -269.0 -316.0 47.0  412 868 
02 003 1 03 0 2 70 -93.591 -206.509  6.756 0.901754 -105.0 -109.0 4.0  499 1367 
02 004 1 04 0 2 70 -80.375 -171.604  107.597 0.985258 -78.0 -42.0 36.0  448 1815 
02 005 1 05 0 4 180  109.160 -279.587  390.783 0.834958 116.0  46.0 70.0  304 2119 
02 006 1 06 0 3 110 -76.014 -259.859  29.856 0.985250 -103.0 -93.0 10.0  496 2615 
02 007 1 07 0 2 70  118.381 -35.724  226.543 0.868359 130.0  112.0 18.0  487 3102 
02 008 1 08 0 2 70 -3.251 -140.214  102.855 0.534370 -9.0 -9.0 0.0  500 3602 
02 009 1 09 0 4 180 -100.298 -369.320  153.781 0.551073 -78.0 -29.0 49.0  404 4006 
02 010 1 10 0 2 70  22.579 -123.872  142.617 0.718061 26.0  2.0 24.0  477 4483 
02 011 1 11 0 2 70 -125.643 -270.371 -33.397 0.868352 -135.0 -50.0 85.0  211 4694 
02 012 1 12 0 1 30 -113.855 -170.152 -59.805 0.951853 -114.0 -100.0 14.0  492 5186 
02 013 1 13 0 3 110  163.163 -63.222  366.621 0.935154 126.0  28.0 98.0  116 5302 
02 014 1 14 0 1 30  29.390 -16.654  91.030 0.684665 22.0  19.0 3.0  500 5802 
02 015 1 15 0 2 70  116.149 -4.321  299.021 0.751463 111.0  77.0 34.0  454 6255 
02 016 1 16 0 3 110  72.868 -128.574  271.216 0.885052 65.0  74.0 9.0  497 6752 
02 017 1 17 0 4 180  115.126 -37.041  396.126 0.667964 150.0  50.0 100.0  100 6852 
02 018 1 18 0 1 30 -46.617 -91.294 -10.713 1.486223 -53.0 -51.0 2.0  500 7352 
02 019 1 19 0 3 110 -76.282 -264.688  89.351 0.684664 -86.0  35.0 121.0 -86 7266 
02 020 1 20 0 3 110 -31.839 -248.119  238.497 0.734763 -34.0 -14.0 20.0  484 7750 
02 021 1 21 0 4 180 -279.334 -464.886  147.675 0.601169 -230.0 -148.0 82.0  231 7981 
02 022 1 22 0 1 30 -6.382 -74.466  30.215 1.068744 -13.0 -1.0 12.0  494 8476 
02 023 1 23 0 2 70 -19.238 -167.296  90.864 0.617869 -56.0 -24.0 32.0  459 8935 
02 024 1 24 0 3 110 -3.641 -160.630  207.278 0.868355 31.0 -8.0 39.0  439 9374 
02 025 1 25 0 1 30 -10.647 -74.777  22.124 0.718063 -17.0 -9.0 8.0  497 9871 
02 026 1 26 0 2 70  90.218 -43.472  226.306 0.868356 104.0  64.0 40.0  436 10307 
02 027 1 27 0 4 180 -5.145 -317.699  395.914 0.801561 -7.0 -38.0 31.0  462 10769 
02 028 1 28 0 1 30  58.092  18.763  108.502 1.770108 66.0  86.0 20.0  484 11253 
02 029 1 29 0 3 110 -131.937 -349.387  79.374 0.918452 -139.0 -224.0 85.0  211 11464 
02 030 1 30 0 3 110 -71.650 -265.302  131.122 0.985248 -53.0 -68.0 15.0  491 11955 
02 031 1 31 0 2 70 -86.985 -303.196  72.820 0.784861 -100.0 -78.0 22.0  481 12436 
02 032 1 32 0 3 110 -273.113 -441.203 -175.057 1.753411 -291.0 -362.0 71.0  298 12734 
02 033 1 33 0 3 110 -27.571 -183.165  206.215 1.252436 -5.0 -11.0 6.0  499 13232 
02 034 1 34 0 3 110  83.888 -239.464  316.398 0.768160 51.0  0.0 51.0  396 13628 
02 035 1 35 0 3 110 -64.190 -253.765  143.353 0.617872 -82.0 -86.0 4.0  499 14128 
02 036 1 36 0 3 110 -224.296 -394.995 -56.026 1.502933 -260.0 -282.0 22.0  481 14608 
02 037 1 37 0 3 110 -50.342 -271.330  232.940 1.052049 -23.0 -41.0 18.0  487 15095 
02 038 1 38 0 4 180  167.291 -109.013  435.469 1.185637 146.0  122.0 24.0  477 15572 
02 039 1 39 0 2 70 -157.452 -262.307  4.275 1.319236 -147.0 -169.0 22.0  481 16053 
02 040 1 40 0 3 110  142.868 -237.072  332.081 1.853606 137.0  208.0 71.0  298 16351 
02 041 1 41 0 1 30  114.324  51.590  180.024 1.836904 120.0  122.0 2.0  500 16851 
02 042 1 42 0 2 70 -96.331 -211.642  81.462 1.035347 -81.0 -68.0 13.0  493 17345 
02 043 1 43 0 3 110 -108.195 -264.147  124.412 0.851652 -121.0 -126.0 5.0  499 17844 
02 044 1 44 0 2 70  88.765 -90.344  251.892 0.718061 59.0  80.0 21.0  482 18326 
02 045 1 45 0 4 180 -162.082 -342.643  165.947 1.118842 -161.0 -119.0 42.0  429 18755 
02 046 1 46 0 2 70 -51.979 -111.564  104.961 1.168940 -32.0 -23.0 9.0  497 19252 
02 047 1 47 0 1 30 -100.678 -157.590 -55.008 0.935151 -95.0 -99.0 4.0  499 19751 
02 048 1 48 0 1 30 -21.568 -62.470  25.559 0.751469 -14.0 -8.0 6.0  499 20250 
02 049 1 49 0 4 180 -17.837 -214.697  345.384 0.918456 20.0  1.0 19.0  486 20736 
02 050 1 50 0 3 110  13.441 -255.589  215.039 0.784861 25.0  6.0 19.0  486 21221 
02 051 1 51 0 3 110  25.977 -197.303  244.593 0.500973 24.0  1.0 23.0  479 21700 
02 052 1 52 0 1 30 -133.792 -190.311 -59.316 1.586418 -132.0 -127.0 5.0  499 22199 
02 053 1 53 0 1 30  50.717  13.744  126.233 0.985250 57.0  46.0 11.0  495 22694 
02 054 1 54 0 2 70 -82.156 -215.158  62.050 1.386029 -76.0 -104.0 28.0  469 23163 
02 055 1 55 0 3 110 -16.819 -222.396  159.226 0.701362 -30.0 -38.0 8.0  497 23660 
02 056 1 56 0 4 180  0.636 -540.510  319.314 0.784862 60.0  59.0 1.0  500 24160 
02 057 2 01 0 4 180  10.341 -284.797  297.096 0.651264 6.0 -21.0 27.0  471 24631 
02 058 2 02 0 3 110  46.992 -201.389  217.667 0.567780 32.0  26.0 6.0  499 25130 
02 059 2 03 0 4 180  85.072 -197.233  543.329 0.567770 124.0  86.0 38.0  442 25572 
02 060 2 04 0 3 110  26.436 -189.018  184.835 0.634568 10.0  20.0 10.0  496 26068 
02 061 2 05 0 2 70 -178.624 -266.880 -75.301 1.135543 -182.0 -202.0 20.0  484 26552 
02 062 2 06 0 3 110 -33.575 -212.358  283.001 0.784860 -48.0  5.0 53.0  388 26939 
02 063 2 07 0 3 110 -4.853 -266.535  265.242 0.617873 -37.0 -40.0 3.0  500 27439 
02 064 2 08 0 2 70  187.198  19.085  263.688 1.152241 156.0  175.0 19.0  486 27925 
02 065 2 09 0 4 180 -31.648 -396.618  276.945 0.784859 -92.0 -89.0 3.0  500 28424 
02 066 2 10 0 3 110  67.815 -206.181  277.742 0.885054 77.0  68.0 9.0  497 28921 
02 067 2 11 0 4 180 -92.766 -333.993  194.907 2.304479 -133.0 -114.0 19.0  486 29407 
02 068 2 12 0 3 110 -19.733 -266.151  117.193 0.801557 -17.0 -62.0 45.0  419 29826 
02 069 2 13 0 4 180 -75.736 -452.222  231.503 0.951853 -47.0 -109.0 62.0  346 30172 
02 070 2 14 0 2 70 -192.210 -337.400 -84.448 0.868360 -193.0 -184.0 9.0  497 30669 
02 071 2 15 0 4 180 -52.779 -268.818  201.984 0.718069 -58.0 -78.0 20.0  484 31153 
02 072 2 16 0 3 110 -192.824 -443.606  39.734 0.784859 -188.0 -107.0 81.0  238 31390 
02 073 2 17 0 1 30 -0.761 -57.874  38.737 0.918451 -7.0 -3.0 4.0  499 31890 
02 074 2 18 0 3 110 -53.722 -228.200  70.598 0.734772 -25.0 -8.0 17.0  488 32378 
02 075 2 19 0 4 180  138.624 -256.244  589.644 0.968549 121.0  42.0 79.0  250 32628 
02 076 2 20 0 4 180  40.579 -162.841  553.908 0.901753 111.0  125.0 14.0  492 33120 
02 077 2 21 0 1 30 -29.560 -83.130  22.130 0.684665 -34.0 -38.0 4.0  499 33620 
02 078 2 22 0 1 30  54.708 -46.289  139.650 0.985249 58.0  80.0 22.0  481 34100 
02 079 2 23 0 2 70  6.667 -83.748  253.525 1.352631 10.0 -4.0 14.0  492 34593 
02 080 2 24 0 1 30  76.661  29.339  127.188 0.985249 76.0  88.0 12.0  494 35087 
02 081 2 25 0 1 30 -95.705 -155.194 -23.542 2.020595 -96.0 -101.0 5.0  499 35586 
02 082 2 26 0 3 110  2.241 -175.537  101.862 0.935159 -7.0 -3.0 4.0  499 36085 
02 083 2 27 0 3 110 -45.877 -462.017  178.647 0.718075 -66.0 -34.0 32.0  459 36544 
02 084 2 28 0 1 30 -92.004 -135.432 -39.486 1.052042 -92.0 -90.0 2.0  500 37044 
02 085 2 29 0 1 30 -6.236 -85.576  41.909 0.601169 -2.0  2.0 4.0  499 37543 
02 086 2 30 0 4 180  25.215 -115.654  416.557 0.801558 91.0  132.0 41.0  433 37976 
02 087 2 31 0 1 30 -76.002 -132.638 -17.680 1.118839 -81.0 -81.0 0.0  500 38476 
02 088 2 32 0 3 110 -119.297 -379.929 -18.682 0.718063 -140.0 -96.0 44.0  423 38899 
02 089 2 33 0 2 70  34.221 -121.510  129.756 0.551071 20.0 -10.0 30.0  464 39363 
02 090 2 34 0 4 180  229.914 -39.512  397.503 0.918448 212.0  196.0 16.0  490 39853 
02 091 2 35 0 1 30  53.872 -4.336  103.618 2.020594 51.0  46.0 5.0  499 40352 
02 092 2 36 0 2 70  85.145 -64.852  185.764 0.834959 69.0  52.0 17.0  488 40840 
02 093 2 37 0 4 180  166.694 -86.279  494.500 0.834958 153.0  149.0 4.0  499 41339 
02 094 2 38 0 4 180  54.238 -200.303  300.521 0.718064 58.0 -29.0 87.0  197 41537 
02 095 2 39 0 4 180 -121.668 -413.106  122.383 0.684663 -133.0 -202.0 69.0  310 41846 
02 096 2 40 0 1 30 -196.447 -249.197 -140.082 1.369329 -196.0 -201.0 5.0  499 42345 
02 097 2 41 0 1 30  25.520 -2.091  87.280 1.736713 33.0  21.0 12.0  494 42839 
02 098 2 42 0 4 180  22.733 -188.653  362.394 0.935150 47.0  100.0 53.0  388 43227 
02 099 2 43 0 3 110  198.656  43.848  407.626 1.135542 219.0  251.0 32.0  459 43686 
02 100 2 44 0 4 180  52.161 -438.108  370.915 0.918455 14.0 -24.0 38.0  442 44128 
02 101 2 45 0 1 30  89.241  29.617  134.390 1.269136 85.0  76.0 9.0  497 44625 
02 102 2 46 0 2 70  62.962 -72.031  166.610 1.386029 50.0  58.0 8.0  497 45123 
02 103 2 47 0 1 30 -50.746 -85.203  2.461 1.035337 -40.0 -47.0 7.0  498 45621 
02 104 2 48 0 1 30  33.467 -30.103  77.915 1.302533 31.0  19.0 12.0  494 46115 
02 105 2 49 0 3 110  13.240 -184.615  156.583 0.985249 -22.0 -59.0 37.0  445 46560 
02 106 2 50 0 1 30 -98.952 -155.373 -51.902 0.901758 -102.0 -74.0 28.0  469 47029 
02 107 2 51 0 2 70  48.393 -84.394  156.615 0.801558 21.0 -36.0 57.0  370 47399 
02 108 2 52 0 4 180 -196.720 -431.924  67.932 0.851651 -181.0 -86.0 95.0  139 47538 
02 109 2 53 0 3 110  61.118 -111.835  284.653 0.834956 63.0  105.0 42.0  429 47967 
02 110 2 54 0 3 110  129.979 -63.440  310.502 1.386028 135.0  81.0 54.0  383 48351 
02 111 2 55 0 1 30  64.178 -6.409  105.801 0.968545 63.0  93.0 30.0  464 48815 
02 112 2 56 0 3 110 -77.324 -276.647  133.762 0.985249 -124.0 -144.0 20.0  484 49299 
02 113 3 01 0 2 70 -13.776 -181.064  167.036 0.818257 -24.0  1.0 25.0  475 49774 
02 114 3 02 0 4 180  32.689 -590.734  500.111 0.684665 20.0 -12.0 32.0  459 50233 
02 115 3 03 0 1 30 -102.756 -200.691 -28.031 1.118846 -99.0 -124.0 25.0  475 50708 
02 116 3 04 0 2 70  93.722 -25.704  145.727 0.834956 72.0  61.0 11.0  495 51203 
02 117 3 05 0 2 70 -58.004 -131.847  69.748 0.751472 -75.0 -42.0 33.0  456 51659 
02 118 3 06 0 3 110 -68.954 -392.470  165.316 0.951851 -92.0 -106.0 14.0  492 52151 
02 119 3 07 0 2 70 -59.674 -145.894  37.731 1.369330 -54.0 -60.0 6.0  499 52650 
02 120 3 08 0 2 70 -95.203 -222.559  25.439 1.135544 -123.0 -127.0 4.0  499 53149 
02 121 3 09 0 4 180  78.987 -276.577  462.252 0.651267 66.0  37.0 29.0  466 53616 
02 122 3 10 0 3 110 -37.886 -203.736  182.959 0.684665 -11.0  42.0 53.0  388 54003 
02 123 3 11 0 1 30 -179.389 -249.795 -114.006 0.968548 -178.0 -193.0 15.0  491 54494 
02 124 3 12 0 4 180  39.473 -319.227  170.829 1.386027 -40.0 -70.0 30.0  464 54958 
02 125 3 13 0 3 110  110.417 -62.282  281.377 1.085448 103.0  106.0 3.0  500 55458 
02 126 3 14 0 1 30  15.296 -49.437  72.503 0.534372 8.0 -1.0 9.0  497 55955 
02 127 3 15 0 1 30 -169.477 -242.669 -114.581 1.135542 -180.0 -187.0 7.0  498 56453 
02 128 3 16 0 3 110  57.346 -114.935  291.483 0.784858 81.0  71.0 10.0  496 56949 
02 129 3 17 0 2 70  34.232 -151.908  116.151 1.185639 13.0  10.0 3.0  500 57448 
02 130 3 18 0 4 180 -56.710 -490.972  424.701 0.951852 -46.0 -56.0 10.0  496 57944 
02 131 3 19 0 4 180  18.639 -337.028  334.399 0.634564 -64.0 -25.0 39.0  439 58383 
02 132 3 20 0 3 110  206.918  34.766  469.453 1.335941 198.0  260.0 62.0  346 58730 
02 133 3 21 0 4 180 -62.217 -325.550  218.320 1.102141 -103.0 -69.0 34.0  454 59183 
02 134 3 22 0 3 110  85.581 -106.585  289.344 0.450877 94.0  0.0 94.0  147 59330 
02 135 3 23 0 2 70 -144.523 -309.212 -54.644 0.985246 -169.0 -181.0 12.0  494 59824 
02 136 3 24 0 4 180  67.888 -337.246  421.228 0.834955 36.0  2.0 34.0  454 60278 
02 137 3 25 0 2 70 -78.433 -165.043  75.646 0.818254 -78.0 -80.0 2.0  500 60778 
02 138 3 26 0 2 70 -176.809 -375.836  1.624 0.901755 -190.0 -209.0 19.0  486 61263 
02 139 3 27 0 3 110 -56.011 -357.237  57.305 0.935152 -103.0 -132.0 29.0  466 61730 
02 140 3 28 0 4 180  50.072 -248.546  444.316 0.601170 40.0  9.0 31.0  462 62191 
02 141 3 29 0 4 180  99.945 -205.420  532.810 1.018647 105.0  254.0 149.0 -300 61891 
02 142 3 30 0 3 110 -51.462 -255.274  188.726 0.768160 -49.0 -111.0 62.0  346 62238 
02 143 3 31 0 2 70  84.618 -42.951  182.839 1.068745 79.0  63.0 16.0  490 62727 
02 144 3 32 0 1 30  16.692 -16.110  77.700 1.252434 12.0  10.0 2.0  500 63227 
02 145 3 33 0 3 110 -31.946 -263.132  185.978 0.701364 -10.0 -65.0 55.0  379 63606 
02 146 3 34 0 2 70  21.865 -232.645  212.063 0.784869 26.0  74.0 48.0  408 64014 
02 147 3 35 0 1 30 -147.710 -183.019 -74.959 1.686610 -144.0 -132.0 12.0  494 64508 
02 148 3 36 0 1 30  138.933  77.233  215.947 40.345095 143.0  160.0 17.0  488 64997 
02 149 3 37 0 1 30  22.681 -26.334  70.154 0.567766 25.0  0.0 25.0  475 65472 
02 150 3 38 0 4 180  209.295 -177.452  572.018 1.319231 212.0  210.0 2.0  500 65972 
02 151 3 39 0 4 180 -24.388 -301.515  341.723 0.651266 -6.0 -48.0 42.0  429 66401 
02 152 3 40 0 2 70 -13.027 -166.475  101.769 29.774547 -20.0 -41.0 21.0  482 66883 
02 153 3 41 0 3 110 -48.763 -217.257  376.272 0.818257 -32.0 -40.0 8.0  497 67381 
02 154 3 42 0 1 30  89.813  38.974  133.553 1.519620 90.0  97.0 7.0  498 67879 
02 155 3 43 0 2 70  2.426 -157.464  117.723 0.551071 -5.0 -2.0 3.0  500 68378 
02 156 3 44 0 2 70  27.072 -170.073  156.155 0.634570 11.0 -4.0 15.0  491 68869 
02 157 3 45 0 4 180 -7.608 -197.021  441.640 0.968550 65.0  98.0 33.0  456 69326 
02 158 3 46 0 1 30 -73.305 -141.782 -15.679 1.018647 -78.0 -61.0 17.0  488 69814 
02 159 3 47 0 4 180  32.232 -248.990  581.264 0.734761 72.0  120.0 48.0  408 70222 
02 160 3 48 0 2 70 -6.144 -123.620  111.689 0.801558 -23.0 -10.0 13.0  493 70715 
02 161 3 49 0 4 180 -12.229 -464.759  319.457 0.784861 -11.0 -6.0 5.0  499 71214 
02 162 3 50 0 3 110  74.663 -135.157  237.930 0.851657 86.0  38.0 48.0  408 71622 
02 163 3 51 0 1 30 -52.949 -108.250 -3.522 0.885056 -58.0 -74.0 16.0  490 72112 
02 164 3 52 0 4 180  110.305 -141.650  437.000 0.868356 139.0  194.0 55.0  379 72491 
02 165 3 53 0 2 70 -173.606 -309.847 -47.473 0.935146 -172.0 -210.0 38.0  442 72933 
02 166 3 54 0 4 180 -123.141 -539.979  205.085 0.985251 -150.0 -80.0 70.0  304 73237 
02 167 3 55 0 4 180  67.788 -265.133  254.308 0.751461 48.0  115.0 67.0  320 73558 
02 168 3 56 0 2 70 -39.179 -292.679  145.160 1.118842 -34.0 -17.0 17.0  488 74046 
02 169 4 01 0 2 70  13.107 -163.030  102.381 0.651265 13.0  14.0 1.0  500 74546 
02 170 4 02 0 2 70  30.303 -152.684  145.617 0.567773 34.0 -3.0 37.0  445 74991 
02 171 4 03 0 2 70 -132.509 -216.283 -0.001 0.751462 -118.0 -97.0 21.0  482 75474 
02 172 4 04 0 1 30  96.526  24.674  163.993 1.185636 98.0  104.0 6.0  499 75972 
02 173 4 05 0 4 180  68.612 -289.461  282.370 0.434178 42.0  0.0 42.0  429 76402 
02 174 4 06 0 1 30 -51.542 -133.281  3.893 1.001948 -47.0 -48.0 1.0  500 76902 
02 175 4 07 0 2 70 -173.440 -305.795 -74.169 0.768161 -177.0 -173.0 4.0  499 77401 
02 176 4 08 0 1 30 -20.527 -71.344  23.136 1.018652 -23.0 -26.0 3.0  500 77901 
02 177 4 09 0 1 30 -54.717 -89.223  24.217 1.419426 -45.0 -51.0 6.0  499 78399 
02 178 4 10 0 2 70 -63.260 -163.993  54.503 0.718064 -84.0 -50.0 34.0  454 78853 
02 179 4 11 0 1 30  42.708 -4.303  80.852 0.951852 36.0  10.0 26.0  473 79326 
02 180 4 12 0 2 70  80.537 -96.865  229.183 1.920400 57.0  36.0 21.0  482 79808 
02 181 4 13 0 1 30  257.127  203.473  295.533 1.970497 259.0  282.0 23.0  479 80287 
02 182 4 14 0 2 70 -54.044 -208.757  47.197 1.118841 -64.0 -46.0 18.0  487 80774 
02 183 4 15 0 4 180 -119.870 -338.255  243.662 0.584469 -70.0 -57.0 13.0  493 81267 
02 184 4 16 0 4 180 -80.805 -353.230  454.512 0.584470 -52.0 -16.0 36.0  448 81716 
02 185 4 17 0 4 180 -4.070 -493.121  207.555 0.601168 -43.0 -71.0 28.0  469 82184 
02 186 4 18 0 4 180 -32.532 -407.667  114.604 0.684665 -54.0 -38.0 16.0  490 82674 
02 187 4 19 0 3 110  52.780 -139.034  377.515 0.734766 52.0  35.0 17.0  488 83162 
02 188 4 20 0 4 180 -7.247 -332.719  344.522 1.118838 63.0  146.0 83.0  224 83387 
02 189 4 21 0 3 110  164.025 -26.961  434.853 1.502923 153.0  59.0 94.0  147 83533 
02 190 4 22 0 1 30 -96.414 -137.966 -32.113 0.818265 -92.0 -99.0 7.0  498 84031 
02 191 4 23 0 3 110 -57.844 -246.899  126.746 0.684664 -73.0 -65.0 8.0  497 84529 
02 192 4 24 0 4 180  206.308 -207.718  557.572 0.951855 185.0  262.0 77.0  263 84792 
02 193 4 25 0 3 110  142.042 -119.194  331.538 1.369331 122.0  170.0 48.0  408 85200 
02 194 4 26 0 4 180  115.595 -151.823  443.144 0.935150 73.0  40.0 33.0  456 85656 
02 195 4 27 0 3 110 -197.245 -408.050  24.256 0.885054 -152.0 -188.0 36.0  448 86104 
02 196 4 28 0 1 30 -15.415 -63.987  48.823 0.484274 -6.0  0.0 6.0  499 86603 
02 197 4 29 0 4 180  45.255 -319.791  390.410 1.753411 73.0  71.0 2.0  500 87103 
02 198 4 30 0 2 70  43.456 -83.937  217.538 1.001947 55.0  37.0 18.0  487 87590 
02 199 4 31 0 1 30  81.771  25.810  132.084 1.052044 73.0  70.0 3.0  500 88089 
02 200 4 32 0 2 70 -31.098 -175.916  199.780 0.768161 -18.0 -30.0 12.0  494 88584 
02 201 4 33 0 3 110  89.533 -171.483  241.644 0.801558 76.0  27.0 49.0  404 88987 
02 202 4 34 0 3 110  2.175 -157.755  296.581 0.584471 -2.0 -9.0 7.0  498 89486 
02 203 4 35 0 4 180 -107.108 -548.989  72.461 0.567772 -149.0 -81.0 68.0  315 89801 
02 204 4 36 0 1 30  166.496  117.997  210.188 1.168940 161.0  169.0 8.0  497 90298 
02 205 4 37 0 1 30 -91.769 -127.449 -34.541 0.768164 -86.0 -108.0 22.0  481 90779 
02 206 4 38 0 4 180  50.747 -208.888  452.639 0.751458 91.0  35.0 56.0  375 91153 
02 207 4 39 0 4 180 -51.119 -401.709  436.088 0.651274 -45.0 -36.0 9.0  497 91650 
02 208 4 40 0 2 70 -68.914 -219.044  23.326 0.851654 -113.0 -108.0 5.0  499 92149 
02 209 4 41 0 3 110  50.720 -95.503  327.697 0.885055 58.0  25.0 33.0  456 92605 
02 210 4 42 0 2 70  78.312 -52.856  201.727 0.985251 102.0  92.0 10.0  496 93101 
02 211 4 43 0 1 30  58.461 -5.259  123.921 1.118843 52.0  51.0 1.0  500 93601 
02 212 4 44 0 2 70 -144.062 -241.948 -52.762 1.352629 -147.0 -171.0 24.0  477 94078 
02 213 4 45 0 3 110 -17.838 -317.766  225.797 0.500971 28.0  0.0 28.0  469 94547 
02 214 4 46 0 4 180  52.212 -499.803  374.772 0.417479 39.0  0.0 39.0  439 94986 
02 215 4 47 0 3 110  96.627 -64.461  349.370 0.784860 114.0  120.0 6.0  499 95485 
02 216 4 48 0 4 180  33.137 -338.069  358.239 0.417477 57.0  0.0 57.0  370 95855 
02 217 4 49 0 1 30  83.977  18.681  157.861 1.469523 85.0  132.0 47.0  412 96266 
02 218 4 50 0 4 180  18.336 -290.182  368.496 0.818258 42.0  48.0 6.0  499 96765 
02 219 4 51 0 4 180 -75.413 -396.166  460.758 0.701372 -44.0 -46.0 2.0  500 97265 
02 220 4 52 0 4 180  87.991 -224.424  414.350 0.885052 82.0 -33.0 115.0 -29 97236 
02 221 4 53 0 2 70 -43.733 -164.165  87.067 0.834957 -40.0 -19.0 21.0  482 97718 
02 222 4 54 0 2 70  209.327  86.739  364.089 0.935154 206.0  254.0 48.0  408 98126 
02 223 4 55 0 3 110 -222.144 -424.846 -65.062 0.834958 -248.0 -317.0 69.0  310 98436 
02 224 4 56 0 4 180 -63.251 -422.169  302.467 0.834957 -24.0  123.0 147.0 -300 98136 
02 225 5 01 0 2 70  1.064 -83.554  130.774 0.751461 16.0  43.0 27.0  471 98606 
02 226 5 02 0 3 110  201.720  53.604  419.037 0.951849 205.0  179.0 26.0  473 99079 
02 227 5 03 0 2 70 -98.644 -230.135  58.445 1.085441 -87.0 -98.0 11.0  495 99574 
02 228 5 04 0 3 110 -24.577 -189.952  88.930 0.667963 -29.0  16.0 45.0  419 99993 
02 229 5 05 0 3 110 -123.544 -349.375  9.864 0.834957 -136.0 -93.0 43.0  426 100420 
02 230 5 06 0 1 30  7.928 -29.496  67.559 0.517675 13.0  0.0 13.0  493 100913 
02 231 5 07 0 1 30 -87.333 -121.202 -26.119 1.302531 -86.0 -99.0 13.0  493 101406 
02 232 5 08 0 1 30  46.919 -2.632  84.889 0.768157 49.0  54.0 5.0  499 101905 
02 233 5 09 0 4 180 -72.507 -428.905  361.149 0.885054 -75.0 -93.0 18.0  487 102392 
02 234 5 10 0 1 30 -39.214 -90.121 -2.329 2.104088 -40.0 -60.0 20.0  484 102876 
02 235 5 11 0 4 180 -10.597 -483.876  450.585 0.851655 -56.0 -7.0 49.0  404 103280 
02 236 5 12 0 4 180  44.735 -238.570  407.804 0.768161 53.0  73.0 20.0  484 103764 
02 237 5 13 0 1 30 -42.705 -96.069  3.704 0.985244 -48.0 -51.0 3.0  500 104264 
02 238 5 14 0 1 30  116.762  36.455  178.762 0.885051 122.0  148.0 26.0  473 104737 
02 239 5 15 0 1 30  72.400 -10.809  138.997 0.818258 64.0  62.0 2.0  500 105236 
02 240 5 16 0 4 180  18.627 -291.519  338.257 0.667961 -32.0  4.0 36.0  448 105685 
02 241 5 17 0 3 110  132.693 -34.383  390.116 0.751461 171.0  167.0 4.0  499 106184 
02 242 5 18 0 1 30  40.309 -29.765  90.717 1.168942 39.0  42.0 3.0  500 106684 
02 243 5 19 0 2 70  218.177  65.404  331.638 1.720010 219.0  222.0 3.0  500 107183 
02 244 5 20 0 1 30  108.174  38.022  196.737 1.669911 103.0  124.0 21.0  482 107666 
02 245 5 21 0 4 180  6.027 -387.294  204.596 0.718061 -42.0 -71.0 29.0  466 108132 
02 246 5 22 0 3 110 -79.736 -294.359  83.817 0.684663 -79.0 -35.0 44.0  423 108555 
02 247 5 23 0 1 30 -58.512 -99.070 -28.435 1.786809 -59.0 -47.0 12.0  494 109049 
02 248 5 24 0 1 30  123.026  56.406  194.427 1.185638 126.0  152.0 26.0  473 109522 
02 249 5 25 0 1 30 -160.474 -199.343 -111.271 1.168940 -155.0 -163.0 8.0  497 110019 
02 250 5 26 0 4 180  77.737 -180.167  432.255 0.818257 135.0  196.0 61.0  351 110370 
02 251 5 27 0 4 180  80.170 -166.306  538.553 0.885052 139.0  231.0 92.0  161 110532 
02 252 5 28 0 2 70  3.094 -217.385  165.666 0.868355 -13.0  51.0 64.0  336 110868 
02 253 5 29 0 3 110  68.213 -90.628  269.530 0.885052 84.0  52.0 32.0  459 111327 
02 254 5 30 0 1 30 -120.401 -207.818 -52.862 0.851656 -127.0 -150.0 23.0  479 111806 
02 255 5 31 0 1 30 -77.232 -148.812 -28.855 1.135541 -86.0 -96.0 10.0  496 112302 
02 256 5 32 0 2 70 -8.088 -154.533  156.340 0.701365 0.0 -5.0 5.0  499 112801 
02 257 5 33 0 2 70  86.471 -3.684  227.037 1.068745 107.0  108.0 1.0  500 113301 
02 258 5 34 0 2 70 -132.441 -303.675 -44.063 1.085443 -148.0 -145.0 3.0  500 113800 
02 259 5 35 0 3 110 -20.327 -190.883  153.932 0.718063 3.0  11.0 8.0  497 114298 
02 260 5 36 0 3 110 -24.150 -269.833  97.709 0.834955 -62.0 -90.0 28.0  469 114766 
02 261 5 37 0 2 70 -112.480 -219.239  159.114 2.087392 -103.0 -87.0 16.0  490 115256 
02 262 5 38 0 2 70 -18.816 -166.366  118.070 0.834958 7.0 -57.0 64.0  336 115592 
02 263 5 39 0 2 70  149.953  6.457  291.557 0.851650 164.0  155.0 9.0  497 116089 
02 264 5 40 0 3 110 -43.603 -232.562  234.008 0.834957 -20.0 -66.0 46.0  415 116505 
02 265 5 41 0 1 30 -30.293 -63.075  9.518 1.018648 -25.0 -27.0 2.0  500 117004 
02 266 5 42 0 1 30 -142.530 -179.921 -75.408 1.168940 -138.0 -128.0 10.0  496 117500 
02 267 5 43 0 2 70  234.586  144.164  354.374 0.918449 221.0  248.0 27.0  471 117971 
02 268 5 44 0 4 180 -130.360 -418.924  191.979 1.168936 -124.0 -89.0 35.0  451 118422 
02 269 5 45 0 2 70  55.232 -64.527  139.474 1.052045 51.0  76.0 25.0  475 118897 
02 270 5 46 0 1 30 -72.850 -126.932 -16.605 1.052057 -81.0 -82.0 1.0  500 119397 
02 271 5 47 0 1 30  60.816  9.472  95.848 1.335940 62.0  65.0 3.0  500 119897 
02 272 5 48 0 4 180  46.180 -202.071  411.379 0.667965 83.0  30.0 53.0  388 120284 
02 273 5 49 0 4 180 -50.856 -389.745  237.539 0.801567 -36.0  8.0 44.0  423 120707 
02 274 5 50 0 1 30  40.354  16.832  104.953 0.935151 48.0  41.0 7.0  498 121205 
02 275 5 51 0 2 70 -138.937 -242.399  90.003 0.768161 -149.0 -140.0 9.0  497 121702 
02 276 5 52 0 3 110  13.820 -209.477  347.191 0.801558 22.0 -25.0 47.0  412 122113 
02 277 5 53 0 3 110  88.387 -110.709  459.309 1.068744 137.0  94.0 43.0  426 122539 
02 278 5 54 0 2 70 -59.300 -151.412  30.178 0.718060 -68.0 -26.0 42.0  429 122969 
02 279 5 55 0 2 70  78.856 -6.863  272.657 0.901750 85.0  120.0 35.0  451 123420 
02 280 5 56 0 2 70  17.909 -111.299  101.353 0.617870 -2.0 -9.0 7.0  498 123918 
