06 000 0 01 1.175925 -0.220059 -0.363071 2.958313 2.955746 5.920115 633.000000 221.000000
06 000 0 02 1.207846 -0.065940 -0.042831 2.104846 2.104090 6.240354 711.000000 240.000000
06 000 0 03 1.226984 0.024920 0.079663 2.438715 2.438078 0.079663 739.000000 212.000000
06 000 0 04 1.206019 -0.170189 -0.123827 2.705925 2.705266 6.159359 691.000000 217.000000
06 000 0 05 1.100467 0.266693 0.179464 1.670642 1.669913 0.179464 761.000000 224.000000
06 000 0 06 1.458556 0.140492 -0.017542 7.582153 7.581406 6.265643 716.000000 222.000000
06 000 0 07 1.061356 0.199891 0.019682 1.704058 1.703312 0.019682 725.000000 196.000000
06 000 0 08 1.178674 0.700407 0.050541 52.769954 52.769246 0.050541 733.000000 193.000000
06 000 0 09 1.008753 0.347723 0.261106 1.253146 1.252434 0.261106 786.000000 203.000000
06 000 0 10 1.077524 -0.192177 0.000000 0.002012 -4.191482 0.000000 720.000000 450.000000
06 001 1 01 0.250000 -0.322920 0.000000 2.071431 2.070692 0.000000 720.000000 222.000000
06 002 1 02 1.750000 0.379178 0.526878 1.269845 1.269135 0.526878 841.000000 242.000000
06 003 1 03 0.350000 0.100740 -0.024287 1.620532 1.619815 6.258899 714.000000 203.000000
06 004 1 04 1.050000 0.020242 0.173943 1.837626 1.836906 0.173943 775.000000 137.000000
06 005 1 05 0.500000 -0.396759 -0.278300 1.119515 1.118841 6.004886 662.000000 247.000000
06 006 1 06 0.250000 -0.577510 -0.027143 1.052790 1.052044 6.256043 714.000000 229.000000
06 007 1 07 1.400000 -0.117310 -0.321751 1.002694 1.001949 5.961435 646.000000 228.000000
06 008 1 08 0.650000 -0.284937 -0.385264 1.370006 1.369330 5.897921 632.000000 233.000000
06 009 1 09 1.000000 -0.016699 -0.070061 0.969255 0.968561 6.213125 704.000000 222.000000
06 010 1 10 1.100000 -0.122681 0.021548 4.175475 4.174784 0.021548 725.000000 218.000000
06 011 1 11 0.600000 0.406665 0.332554 1.336616 1.335930 0.332554 806.000000 201.000000
06 012 1 12 0.000000 -0.235291 0.037718 1.303251 1.302532 0.037718 730.000000 185.000000
06 013 1 13 0.700000 0.360225 -0.242648 3.991773 3.991093 6.040538 670.000000 248.000000
06 014 1 14 0.550000 0.393659 0.295051 1.152901 1.152241 0.295051 782.000000 246.000000
06 015 1 15 1.750000 0.798218 0.725126 0.935908 0.935154 0.725126 938.000000 204.000000
06 016 1 16 1.600000 -0.049836 -0.200653 1.470266 1.469525 6.082532 672.000000 214.000000
06 017 1 17 0.350000 0.452167 -0.008733 0.969280 0.968550 6.274452 718.000000 221.000000
06 018 1 18 0.800000 0.668682 0.535929 0.952531 0.951851 0.535929 837.000000 253.000000
06 019 1 19 0.100000 -0.986647 -0.008658 1.436831 1.436126 6.274528 718.000000 219.000000
06 020 1 20 1.100000 0.137776 0.443541 1.353285 1.352635 0.443541 825.000000 229.000000
06 021 1 21 1.400000 0.007272 0.000000 2.806126 2.805454 0.000000 720.000000 228.000000
06 022 1 22 1.150000 0.193993 0.324208 0.985948 0.985240 0.324208 802.000000 206.000000
06 023 1 23 0.050000 -0.055333 -0.025856 1.069517 1.068743 6.257329 714.000000 218.000000
06 024 1 24 0.000000 -0.159714 -0.121972 1.219720 1.219037 6.161213 682.000000 140.000000
06 025 1 25 0.900000 -0.108543 -0.160479 1.069421 1.068752 6.122707 675.000000 172.000000
06 026 1 26 1.600000 0.120667 0.286051 0.969275 0.968551 0.286051 795.000000 195.000000
06 027 1 27 0.950000 -0.401529 -0.530640 1.036088 1.035347 5.752545 578.000000 208.000000
06 028 1 28 0.650000 0.238155 -0.041817 1.052790 1.052046 6.241369 710.000000 211.000000
06 029 1 29 0.600000 0.815795 0.491809 0.869038 0.868358 0.491809 840.000000 226.000000
06 030 1 30 1.000000 0.178664 0.197396 1.954478 1.953806 0.197396 762.000000 240.000000
06 031 1 31 0.450000 0.176317 0.020744 1.002481 1.001949 0.020744 725.000000 209.000000
06 032 1 32 0.700000 0.567616 -0.004444 2.104843 2.104091 6.278741 719.000000 225.000000
06 033 1 33 1.050000 0.159448 0.241615 1.036044 1.035347 0.241615 789.000000 170.000000
06 034 1 34 1.100000 -0.209358 -0.263964 1.052801 1.052046 6.019222 660.000000 228.000000
06 035 1 35 0.350000 -0.049354 -0.029158 3.958392 3.957694 6.254027 713.000000 210.000000
06 036 1 36 1.500000 -0.802099 -0.894163 1.186344 1.185649 5.389023 527.000000 295.000000
06 037 1 37 0.500000 0.595619 0.415608 0.902440 0.901754 0.415608 814.000000 237.000000
06 038 1 38 0.800000 -0.419561 -0.488553 0.802330 0.801560 5.794632 484.000000 6.000000
06 039 1 39 0.550000 0.085446 0.191325 1.102803 1.102143 0.191325 763.000000 228.000000
06 040 1 40 0.900000 -0.005713 0.127164 1.420109 1.419426 0.127164 748.000000 231.000000
06 041 1 41 1.650000 -0.052164 0.000000 1.086176 1.085444 0.000000 720.000000 216.000000
06 042 1 42 0.850000 0.071306 -0.041073 4.475903 4.475366 6.242113 711.000000 231.000000
06 043 1 43 0.400000 -0.283723 0.346539 0.969288 0.968550 0.346539 811.000000 198.000000
06 044 1 44 1.750000 0.347269 0.346419 1.854325 1.853605 0.346419 868.000000 40.000000
06 045 1 45 0.950000 -0.077995 -0.306947 1.553670 1.553025 5.976239 649.000000 226.000000
06 046 1 46 0.500000 -0.076461 -0.022219 0.986040 0.985253 6.260967 714.000000 180.000000
06 047 1 47 0.650000 0.399686 0.285380 0.785483 0.784862 0.285380 791.000000 208.000000
06 048 1 48 0.350000 -0.383812 -0.034207 1.386677 1.386029 6.248978 711.000000 187.000000
06 049 1 49 1.300000 -0.381139 -0.492387 1.119572 1.118843 5.790798 617.000000 258.000000
06 050 1 50 0.750000 -0.039525 -0.052814 0.869128 0.868356 6.230371 708.000000 223.000000
06 051 1 51 1.300000 0.042829 0.004273 0.935797 0.935150 0.004273 721.000000 216.000000
06 052 1 52 1.050000 -0.396838 -0.583373 1.019403 1.018647 5.699812 588.000000 250.000000
06 053 1 53 1.000000 -0.281611 -0.127065 3.340589 3.339826 6.156120 691.000000 223.000000
06 054 1 54 1.250000 0.097539 0.273169 1.553701 1.553024 0.273169 785.000000 218.000000
06 055 1 55 1.550000 0.342685 0.251260 1.987826 1.987202 0.251260 816.000000 76.000000
06 056 1 56 1.550000 -0.116084 -0.103218 1.136312 1.135542 6.179968 694.000000 199.000000
06 057 1 57 0.600000 0.193311 0.463648 0.885766 0.885059 0.463648 857.000000 176.000000
06 058 1 58 0.100000 0.274256 0.351445 0.802234 0.801560 0.351445 885.000000 0.000000
06 059 1 59 1.300000 -0.109738 -0.042597 1.253108 1.252436 6.240588 707.000000 145.000000
06 060 1 60 1.100000 0.004030 0.047450 1.303218 1.302534 0.047450 737.000000 92.000000
06 061 2 01 0.850000 -0.270846 -0.289648 1.570478 1.569720 5.993537 599.000000 44.000000
06 062 2 02 0.100000 -0.132193 -0.007380 1.303300 1.302531 6.275805 718.000000 179.000000
06 063 2 03 1.300000 -0.034179 -0.030294 1.002624 1.001948 6.252892 712.000000 186.000000
06 064 2 04 1.300000 0.380158 0.455562 1.035994 1.035347 0.455562 866.000000 152.000000
06 065 2 05 1.700000 -0.000533 -0.026509 1.486981 1.486222 6.256676 713.000000 186.000000
06 066 2 06 1.650000 0.164671 0.263780 1.486885 1.486223 0.263780 794.000000 176.000000
06 067 2 07 1.450000 0.195722 0.162199 1.002683 1.001949 0.162199 774.000000 120.000000
06 068 2 08 1.150000 -0.057030 -0.133067 1.169614 1.168950 6.150118 686.000000 196.000000
06 069 2 09 1.400000 -0.262243 -0.404339 1.069485 1.068745 5.878846 533.000000 13.000000
06 070 2 10 1.700000 0.014394 0.096474 1.002685 1.001949 0.096474 747.000000 171.000000
06 071 2 11 1.750000 -0.249852 -0.471096 1.069472 1.068745 5.812089 611.000000 236.000000
06 072 2 12 1.250000 0.210699 0.503113 1.036045 1.035346 0.503113 955.000000 23.000000
06 073 2 13 1.750000 -0.139681 0.003937 3.474164 3.473418 0.003937 721.000000 196.000000
06 074 2 14 0.150000 0.991902 -0.228341 0.802285 0.801560 6.054844 654.000000 166.000000
06 075 2 15 1.200000 0.089178 0.195772 0.952506 0.951852 0.195772 767.000000 213.000000
06 076 2 16 1.050000 0.215839 0.541846 0.952570 0.951852 0.541846 844.000000 244.000000
06 077 2 17 1.150000 0.086136 0.095542 0.952613 0.951850 0.095542 743.000000 210.000000
06 078 2 18 1.450000 0.100923 0.222723 0.935828 0.935153 0.222723 785.000000 163.000000
06 079 2 19 1.000000 0.324964 -0.019478 1.587168 1.586419 6.263707 714.000000 142.000000
06 080 2 20 1.200000 0.175580 0.275581 0.885722 0.885056 0.275581 830.000000 61.000000
06 081 2 21 0.200000 0.245724 -0.165149 1.086126 1.085441 6.118037 683.000000 228.000000
06 082 2 22 0.100000 0.575958 0.529849 0.702022 0.701364 0.529849 884.000000 170.000000
06 083 2 23 0.800000 -0.049523 -0.066242 1.102686 1.102149 6.216943 693.000000 43.000000
06 084 2 24 0.950000 -0.673186 -0.800234 0.986004 0.985249 5.482951 549.000000 284.000000
06 085 2 25 1.350000 0.154103 0.277720 1.019301 1.018649 0.277720 785.000000 222.000000
06 086 2 26 1.550000 0.170011 0.230812 1.086200 1.085445 0.230812 767.000000 250.000000
06 087 2 27 1.450000 -0.373978 -0.519146 0.869095 0.868356 5.764039 588.000000 219.000000
06 088 2 28 0.200000 -0.210701 0.308651 0.919101 0.918452 0.308651 808.000000 174.000000
06 089 2 29 1.200000 0.002797 0.235286 1.219732 1.219037 0.235286 790.000000 158.000000
06 090 2 30 1.250000 -0.100222 -0.202148 0.902488 0.901757 6.081038 662.000000 167.000000
06 091 2 31 0.350000 0.315979 0.245810 0.885747 0.885056 0.245810 791.000000 167.000000
06 092 2 32 0.550000 0.342725 -0.023900 1.153007 1.152242 6.259285 714.000000 199.000000
06 093 2 33 0.600000 -0.446172 -0.609616 0.869090 0.868355 5.673570 551.000000 208.000000
06 094 2 34 0.050000 -0.026459 0.261955 1.019404 1.018646 0.261955 794.000000 174.000000
06 095 2 35 1.350000 0.932089 1.057699 1.503628 1.502923 1.057699 988.000000 299.000000
06 096 2 36 0.150000 -0.004481 0.000000 1.002627 1.001949 0.000000 720.000000 213.000000
06 097 2 37 0.750000 -0.280052 -0.453648 1.470222 1.469523 5.829537 622.000000 249.000000
06 098 2 38 1.050000 0.720921 0.790606 1.286538 1.285835 0.790606 913.000000 259.000000
06 099 2 39 0.400000 -0.021195 -0.162880 1.186315 1.185639 6.120305 673.000000 164.000000
06 100 2 40 0.950000 -0.024116 -0.017440 0.785544 0.784862 6.265745 714.000000 106.000000
06 101 2 41 0.300000 -0.014072 -0.080776 16.733228 16.732527 6.202409 703.000000 240.000000
06 102 2 42 1.650000 0.241986 0.442240 0.969219 0.968547 0.442240 872.000000 129.000000
06 103 2 43 0.050000 0.088494 0.184377 50.448717 50.448068 0.184377 778.000000 139.000000
06 104 2 44 1.100000 0.420924 0.604866 1.420094 1.419427 0.604866 879.000000 220.000000
06 105 2 45 1.600000 0.186415 0.272146 1.369864 1.369333 0.272146 792.000000 192.000000
06 106 2 46 1.250000 0.544026 0.572236 1.286572 1.285835 0.572236 901.000000 169.000000
06 107 2 47 1.400000 0.001164 -0.023037 0.952613 0.951853 6.260148 710.000000 16.000000
06 108 2 48 0.650000 -0.267997 -0.354567 0.919124 0.918453 5.928618 633.000000 215.000000
06 109 2 49 0.650000 0.028532 -0.211355 0.969298 0.968551 6.071830 664.000000 189.000000
06 110 2 50 0.500000 0.864419 0.277125 0.735502 0.734764 0.277125 784.000000 225.000000
06 111 2 51 1.750000 0.351090 0.476069 0.802306 0.801559 0.476069 852.000000 194.000000
06 112 2 52 0.400000 0.057260 -0.059758 0.768928 0.768162 6.223427 706.000000 216.000000
06 113 2 53 0.450000 0.047252 -0.040886 1.186352 1.185646 6.242299 711.000000 230.000000
06 114 2 54 0.850000 0.121338 0.335253 0.919187 0.918452 0.335253 851.000000 74.000000
06 115 2 55 0.350000 -0.044499 -0.024385 1.470276 1.469522 6.258800 713.000000 163.000000
06 116 2 56 0.050000 -0.525649 -0.035558 1.436796 1.436125 6.247627 711.000000 197.000000
06 117 2 57 1.350000 0.012810 -0.231338 1.837603 1.836906 6.051847 667.000000 225.000000
06 118 2 58 0.250000 0.247863 -0.007712 2.004445 2.003899 6.275473 717.000000 61.000000
06 119 2 59 0.950000 -0.221126 -0.296642 0.835682 0.834960 5.986544 639.000000 185.000000
06 120 2 60 1.150000 -0.308278 -0.178917 0.852412 0.851656 6.104268 652.000000 74.000000
06 121 3 01 0.550000 -0.217637 -0.151907 0.818986 0.818267 6.131278 658.000000 45.000000
06 122 3 02 0.700000 0.389849 0.578640 1.052781 1.052045 0.578640 882.000000 202.000000
06 123 3 03 0.550000 0.394362 -0.031521 8.433791 8.433062 6.251664 706.000000 6.000000
06 124 3 04 0.050000 -0.225491 0.239857 0.969257 0.968551 0.239857 810.000000 82.000000
06 125 3 05 1.500000 -0.646417 -0.482725 0.835638 0.834959 5.800460 535.000000 97.000000
06 126 3 06 0.100000 -0.497815 0.111752 0.668670 0.667967 0.111752 765.000000 49.000000
06 127 3 07 1.200000 0.519147 0.431996 0.702103 0.701362 0.431996 862.000000 142.000000
06 128 3 08 0.150000 0.375410 0.179370 0.835666 0.834957 0.179370 786.000000 86.000000
06 129 3 09 0.400000 0.431188 0.236456 1.002581 1.001952 0.236456 780.000000 201.000000
06 130 3 10 0.400000 -0.100291 -0.096918 1.052748 1.052045 6.186268 699.000000 234.000000
06 131 3 11 1.700000 0.752615 0.867609 0.885812 0.885058 0.867609 1009.000000 205.000000
06 132 3 12 0.300000 0.237924 -0.004049 0.969265 0.968547 6.279137 719.000000 203.000000
06 133 3 13 0.300000 -0.527596 0.000000 1.036027 1.035345 0.000000 720.000000 187.000000
06 134 3 14 1.050000 0.494232 0.630311 0.752202 0.751460 0.630311 863.000000 254.000000
06 135 3 15 1.550000 -0.009047 -0.004329 1.954470 1.953803 6.278856 719.000000 219.000000
06 136 3 16 0.400000 0.096328 0.004405 1.119492 1.118847 0.004405 721.000000 223.000000
06 137 3 17 1.200000 0.262409 0.349451 1.152892 1.152247 0.349451 806.000000 214.000000
06 138 3 18 1.250000 -0.472572 -0.495383 0.668682 0.667966 5.787802 586.000000 202.000000
06 139 3 19 0.300000 -0.215516 0.006896 0.969306 0.968554 0.006896 722.000000 160.000000
06 140 3 20 1.650000 0.136612 0.240534 0.852301 0.851659 0.240534 798.000000 132.000000
06 141 3 21 0.200000 0.375743 -0.039110 1.202989 1.202343 6.244075 711.000000 220.000000
06 142 3 22 1.350000 0.238693 0.359258 1.403430 1.402728 0.359258 889.000000 0.000000
06 143 3 23 0.300000 0.105194 0.059045 1.086139 1.085445 0.059045 744.000000 44.000000
06 144 3 24 1.700000 -0.259718 0.466329 24.748860 24.748111 0.466329 945.000000 3.000000
06 145 3 25 0.250000 -0.144285 0.038013 1.203074 1.202338 0.038013 737.000000 3.000000
06 146 3 26 0.900000 0.063312 0.144220 1.653900 1.653215 0.144220 755.000000 209.000000
06 147 3 27 0.800000 0.268311 0.005025 1.704045 1.703311 0.005025 722.000000 52.000000
06 148 3 28 0.750000 -0.064295 0.071876 0.952561 0.951852 0.071876 747.000000 75.000000
06 149 3 29 0.200000 0.356963 -0.172003 0.785594 0.784862 6.111182 642.000000 1.000000
06 150 3 30 1.450000 -0.314143 -0.449260 1.086194 1.085444 5.833925 504.000000 2.000000
06 151 3 31 1.650000 0.047092 0.170735 1.086097 1.085445 0.170735 775.000000 131.000000
06 152 3 32 1.600000 0.163777 0.072040 0.852304 0.851650 0.072040 748.000000 62.000000
06 153 3 33 1.000000 -0.344838 -0.483253 0.985913 0.985250 5.799932 614.000000 248.000000
06 154 3 34 1.450000 0.277808 0.388010 0.785571 0.784859 0.388010 823.000000 198.000000
06 155 3 35 0.750000 0.166885 0.178093 1.269799 1.269135 0.178093 783.000000 100.000000
06 156 3 36 0.800000 0.259447 0.117819 1.102796 1.102145 0.117819 749.000000 205.000000
06 157 3 37 0.800000 0.187153 0.080471 0.869015 0.868356 0.080471 740.000000 202.000000
06 158 3 38 1.500000 0.263692 0.347185 1.303077 1.302535 0.347185 830.000000 146.000000
06 159 3 39 1.400000 -0.278932 -0.418975 0.885708 0.885061 5.864210 610.000000 203.000000
06 160 3 40 0.600000 0.529473 -0.211627 2.839593 2.838853 6.071558 665.000000 194.000000
06 161 3 41 1.350000 0.049438 0.074282 0.752199 0.751462 0.074282 736.000000 235.000000
06 162 3 42 1.600000 -0.234655 -0.194686 0.919161 0.918453 6.088500 650.000000 95.000000
06 163 3 43 0.450000 -0.640267 -0.391339 1.386783 1.386027 5.891846 635.000000 244.000000
06 164 3 44 0.550000 -0.822103 -0.845110 1.019246 1.018649 5.438076 525.000000 277.000000
06 165 3 45 0.050000 -0.107564 -0.218669 0.869053 0.868358 6.064516 666.000000 207.000000
06 166 3 46 1.750000 0.388597 0.558599 0.802250 0.801556 0.558599 895.000000 170.000000
06 167 3 47 1.400000 -0.472963 -0.574523 1.653923 1.653215 5.708662 597.000000 260.000000
06 168 3 48 0.700000 -0.059689 -0.020830 0.935883 0.935153 6.262355 713.000000 114.000000
06 169 3 49 1.650000 0.106108 0.252242 1.086123 1.085449 0.252242 795.000000 159.000000
06 170 3 50 0.200000 0.138798 -0.021668 1.052746 1.052045 6.261517 713.000000 127.000000
06 171 3 51 1.150000 -0.663352 -0.711459 0.752171 0.751461 5.571726 570.000000 276.000000
06 172 3 52 0.700000 -0.090765 -0.050894 1.019375 1.018649 6.232291 701.000000 77.000000
06 173 3 53 1.250000 0.376491 0.480643 1.386750 1.386028 0.480643 939.000000 30.000000
06 174 3 54 0.850000 0.209051 0.167701 0.735461 0.734763 0.167701 763.000000 196.000000
06 175 3 55 0.000000 -0.008284 0.028332 1.520298 1.519621 0.028332 727.000000 203.000000
06 176 3 56 1.550000 -0.115516 -0.144677 0.919184 0.918453 6.138508 676.000000 148.000000
06 177 3 57 0.700000 0.119535 0.189988 1.052762 1.052044 0.189988 765.000000 216.000000
06 178 3 58 1.200000 0.264436 0.308053 1.136224 1.135545 0.308053 797.000000 208.000000
06 179 3 59 1.700000 0.543565 0.275152 4.960357 4.959639 0.275152 803.000000 156.000000
06 180 3 60 0.200000 -0.111504 -0.119725 1.119589 1.118841 6.163460 688.000000 184.000000
06 181 4 01 1.600000 -0.015194 0.084997 0.835635 0.834955 0.084997 758.000000 4.000000
06 182 4 02 1.600000 0.344961 0.538694 0.685354 0.684666 0.538694 873.000000 194.000000
06 183 4 03 1.200000 0.409545 0.217832 0.735453 0.734758 0.217832 776.000000 197.000000
06 184 4 04 0.450000 -0.373252 -0.369644 0.902459 0.901752 5.913541 615.000000 179.000000
06 185 4 05 1.650000 -0.559448 -0.623803 1.236453 1.235737 5.659383 548.000000 211.000000
06 186 4 06 1.750000 -0.169034 -0.193622 0.819001 0.818259 6.089563 670.000000 195.000000
06 187 4 07 0.450000 0.327075 0.227344 0.601887 0.601169 0.227344 782.000000 182.000000
06 188 4 08 0.000000 -0.540690 -0.012779 0.902425 0.901754 6.270406 716.000000 137.000000
06 189 4 09 1.650000 -0.252806 -0.219633 1.052722 1.052046 6.063552 622.000000 11.000000
06 190 4 10 1.000000 -0.379643 -0.605059 1.737434 1.736711 5.678127 572.000000 236.000000
06 191 4 11 0.750000 -0.156138 -0.272495 1.253041 1.252436 6.010691 599.000000 17.000000
06 192 4 12 0.350000 0.508124 0.269915 1.303237 1.302533 0.269915 803.000000 150.000000
06 193 4 13 1.250000 0.069557 0.164308 1.186355 1.185639 0.164308 752.000000 257.000000
06 194 4 14 0.550000 -0.172632 -0.237495 0.902435 0.901753 6.045690 659.000000 198.000000
06 195 4 15 0.850000 0.301959 0.370323 0.985784 0.985252 0.370323 819.000000 195.000000
06 196 4 16 1.250000 0.171031 0.146525 0.718782 0.718065 0.146525 778.000000 57.000000
06 197 4 17 0.900000 0.602293 0.637345 1.102677 1.102146 0.637345 894.000000 215.000000
06 198 4 18 1.750000 0.534235 0.367174 1.169657 1.168940 0.367174 815.000000 203.000000
06 199 4 19 0.350000 -0.466560 -0.589972 2.438802 2.438073 5.693213 485.000000 99.000000
06 200 4 20 1.200000 0.165003 0.232500 0.702024 0.701366 0.232500 823.000000 15.000000
06 201 4 21 0.150000 0.282165 0.066106 0.768905 0.768160 0.066106 739.000000 163.000000
06 202 4 22 0.500000 -0.131012 0.247218 1.286513 1.285834 0.247218 773.000000 240.000000
06 203 4 23 0.200000 -0.119719 -0.358771 0.869050 0.868356 5.924415 627.000000 202.000000
06 204 4 24 1.050000 -0.485404 -0.552184 1.136086 1.135546 5.731002 590.000000 239.000000
06 205 4 25 1.200000 0.190043 -0.293934 1.937784 1.937101 5.989251 664.000000 265.000000
06 206 4 26 1.550000 -0.361717 0.467181 2.655830 2.655161 0.467181 834.000000 224.000000
06 207 4 27 0.500000 0.103642 0.394333 0.902411 0.901753 0.394333 849.000000 140.000000
06 208 4 28 0.800000 -0.195855 -0.395725 0.935868 0.935157 5.887460 593.000000 146.000000
06 209 4 29 0.250000 0.244108 0.350194 0.718762 0.718064 0.350194 823.000000 168.000000
06 210 4 30 0.450000 0.089476 -0.020976 1.102902 1.102143 6.262209 714.000000 164.000000
06 211 4 31 0.550000 0.090812 -0.566227 1.319995 1.319231 5.716958 556.000000 192.000000
06 212 4 32 1.700000 0.238296 0.292306 0.735487 0.734765 0.292306 785.000000 234.000000
06 213 4 33 0.150000 0.004096 -0.014633 1.453537 1.452825 6.268552 717.000000 245.000000
06 214 4 34 1.600000 0.180244 0.292268 0.785553 0.784863 0.292268 788.000000 224.000000
06 215 4 35 0.850000 0.215228 0.293109 0.985943 0.985248 0.293109 787.000000 228.000000
06 216 4 36 1.150000 -0.016161 -0.359676 0.852394 0.851651 5.923509 629.000000 208.000000
06 217 4 37 0.750000 -0.294137 -0.020903 0.802108 0.801563 6.262282 714.000000 163.000000
06 218 4 38 0.900000 -0.050311 -0.173741 0.885796 0.885055 6.109445 677.000000 205.000000
06 219 4 39 0.150000 0.056871 -0.132366 0.718827 0.718064 6.150819 673.000000 97.000000
06 220 4 40 0.250000 -0.315791 -0.139513 0.768838 0.768161 6.143672 687.000000 215.000000
06 221 4 41 0.150000 -0.604294 -0.193764 3.824778 3.824101 6.089421 668.000000 185.000000
06 222 4 42 0.600000 0.064819 -0.283200 1.704032 1.703312 5.999986 626.000000 127.000000
06 223 4 43 0.100000 -0.156556 0.217479 0.985939 0.985250 0.217479 779.000000 183.000000
06 224 4 44 0.050000 0.015948 -0.386876 0.902502 0.901754 5.896310 566.000000 72.000000
06 225 4 45 1.000000 0.049556 0.139172 1.286530 1.285836 0.139172 756.000000 193.000000
06 226 4 46 0.900000 0.215612 0.286501 1.203010 1.202342 0.286501 791.000000 209.000000
06 227 4 47 1.200000 -0.275455 -0.379279 0.935726 0.935156 5.903907 608.000000 169.000000
06 228 4 48 1.000000 0.546808 0.773104 0.785569 0.784859 0.773104 961.000000 203.000000
06 229 4 49 0.100000 -0.205384 -0.010101 4.041891 4.041189 6.273085 717.000000 153.000000
06 230 4 50 1.050000 0.137520 0.311547 0.718802 0.718063 0.311547 796.000000 214.000000
06 231 4 51 0.950000 -0.179015 -0.349676 0.718800 0.718062 5.933509 623.000000 184.000000
06 232 4 52 0.150000 0.086191 -0.003077 2.672636 2.671861 6.280108 719.000000 125.000000
06 233 4 53 1.300000 -0.141182 -0.288587 0.935858 0.935153 5.994598 644.000000 194.000000
06 234 4 54 1.100000 0.054234 0.138351 0.768875 0.768160 0.138351 764.000000 134.000000
06 235 4 55 0.350000 -0.053906 0.022723 0.668698 0.667965 0.022723 726.000000 186.000000
06 236 4 56 1.450000 0.214894 0.525769 0.835693 0.834959 0.525769 861.000000 207.000000
06 237 4 57 1.700000 -0.136519 -0.220249 0.702138 0.701364 6.062937 660.000000 182.000000
06 238 4 58 0.850000 -0.111337 -0.008982 2.221712 2.220992 6.274204 717.000000 116.000000
06 239 4 59 0.800000 -0.492944 -0.398892 1.436859 1.436126 5.884293 618.000000 208.000000
06 240 4 60 0.300000 -0.662352 -0.517426 1.136259 1.135543 5.765759 613.000000 262.000000
06 241 5 01 0.650000 -0.044944 0.093926 2.271779 2.271082 0.093926 733.000000 312.000000
06 242 5 02 1.100000 -0.009329 0.051747 1.169646 1.168941 0.051747 733.000000 199.000000
06 243 5 03 1.300000 0.468979 0.564664 1.203021 1.202338 0.564664 879.000000 199.000000
06 244 5 04 0.250000 -0.124415 0.149083 5.177411 5.176732 0.149083 758.000000 197.000000
06 245 5 05 0.550000 -0.160382 -0.560294 1.370030 1.369330 5.722892 587.000000 238.000000
06 246 5 06 0.700000 0.153355 0.127576 0.918986 0.918459 0.127576 769.000000 68.000000
06 247 5 07 0.600000 -0.115872 -0.220829 0.601871 0.601169 6.062357 643.000000 107.000000
06 248 5 08 0.900000 -0.181649 -0.238245 1.052811 1.052044 6.044941 669.000000 240.000000
06 249 5 09 0.650000 0.135984 0.174377 0.652014 0.651266 0.174377 788.000000 64.000000
06 250 5 10 0.700000 0.485306 0.440924 0.618565 0.617869 0.440924 846.000000 183.000000
06 251 5 11 0.100000 0.041416 0.377820 1.470272 1.469524 0.377820 822.000000 193.000000
06 252 5 12 1.550000 0.474946 0.402321 1.520339 1.519621 0.402321 820.000000 215.000000
06 253 5 13 0.950000 -0.073582 0.258527 41.347693 41.347043 0.258527 839.000000 0.000000
06 254 5 14 0.700000 0.287529 0.287708 0.785511 0.784861 0.287708 807.000000 156.000000
06 255 5 15 1.100000 0.968082 0.896055 0.785579 0.784860 0.896055 960.000000 258.000000
06 256 5 16 0.900000 0.390897 0.511997 0.785524 0.784859 0.511997 856.000000 208.000000
06 257 5 17 0.550000 -0.557673 -0.588003 0.701908 0.701361 5.695183 478.000000 87.000000
06 258 5 18 0.450000 0.176549 -0.507099 0.802272 0.801561 5.776087 575.000000 189.000000
06 259 5 19 0.650000 -0.319997 -0.364669 0.785402 0.784866 5.918516 628.000000 209.000000
06 260 5 20 0.500000 -0.082202 0.068981 1.203055 1.202337 0.068981 739.000000 175.000000
06 261 5 21 1.150000 0.555320 0.684962 0.919129 0.918452 0.684962 1068.000000 24.000000
06 262 5 22 0.050000 0.196323 0.124690 2.088065 2.087392 0.124690 766.000000 83.000000
06 263 5 23 1.500000 -0.256643 -0.283282 0.668687 0.667967 5.999903 589.000000 0.000000
06 264 5 24 1.400000 0.234994 0.387734 1.069477 1.068744 0.387734 856.000000 117.000000
06 265 5 25 1.500000 0.261575 0.229232 0.902472 0.901753 0.229232 776.000000 210.000000
06 266 5 26 0.350000 0.165840 0.009259 1.386686 1.386032 0.009259 722.000000 234.000000
06 267 5 27 1.250000 0.087056 0.088454 0.651982 0.651267 0.088454 749.000000 123.000000
06 268 5 28 1.350000 0.381300 0.259630 0.702122 0.701364 0.259630 805.000000 130.000000
06 269 5 29 1.150000 0.554153 0.576767 0.685364 0.684664 0.576767 895.000000 181.000000
06 270 5 30 1.700000 0.065730 0.146592 0.818931 0.818259 0.146592 786.000000 3.000000
06 271 5 31 1.700000 -0.022461 -0.065064 0.585126 0.584477 6.218121 697.000000 97.000000
06 272 5 32 0.250000 -0.449260 -0.117109 1.470204 1.469524 6.166077 692.000000 212.000000
06 273 5 33 1.500000 -0.412158 -0.796411 0.718619 0.718065 5.486774 261.000000 1.000000
06 274 5 34 1.350000 0.346199 0.381523 0.568447 0.567769 0.381523 856.000000 111.000000
06 275 5 35 0.250000 -0.315368 -0.255714 0.785587 0.784860 6.027471 640.000000 144.000000
06 276 5 36 0.900000 0.173849 0.325970 0.919083 0.918457 0.325970 792.000000 237.000000
06 277 5 37 1.550000 -0.043355 -0.046633 0.618575 0.617869 6.236552 699.000000 0.000000
06 278 5 38 0.050000 0.149881 -0.028788 0.735510 0.734762 6.254397 709.000000 68.000000
06 279 5 39 1.700000 0.124955 -0.177910 0.668586 0.667967 6.105276 663.000000 133.000000
06 280 5 40 1.450000 0.168434 0.264365 0.969214 0.968551 0.264365 805.000000 136.000000
06 281 5 41 1.000000 0.162651 0.247601 0.969225 0.968551 0.247601 788.000000 181.000000
06 282 5 42 0.950000 0.270987 0.229984 0.818993 0.818259 0.229984 779.000000 198.000000
06 283 5 43 1.500000 -0.375779 -0.563783 0.985796 0.985255 5.719403 567.000000 208.000000
06 284 5 44 1.100000 0.330992 0.379946 0.919125 0.918454 0.379946 843.000000 142.000000
06 285 5 45 1.600000 0.005535 0.031101 0.685337 0.684667 0.031101 734.000000 0.000000
06 286 5 46 0.600000 -0.321705 -0.446106 1.453588 1.452826 5.837080 621.000000 243.000000
06 287 5 47 0.000000 -0.031323 0.013333 0.935692 0.935156 0.013333 726.000000 0.000000
06 288 5 48 1.350000 -0.146727 -0.304803 0.618578 0.617870 5.978382 608.000000 94.000000
06 289 5 49 0.100000 -0.132807 0.007246 0.818958 0.818259 0.007246 722.000000 174.000000
06 290 5 50 0.300000 0.001306 -0.175435 0.869081 0.868363 6.107750 667.000000 151.000000
06 291 5 51 0.500000 0.585414 0.247641 0.835636 0.834956 0.247641 787.000000 185.000000
06 292 5 52 0.600000 -0.189030 -0.166820 0.768852 0.768166 6.116365 671.000000 159.000000
06 293 5 53 1.400000 -0.050209 0.094008 6.780581 6.779847 0.094008 753.000000 100.000000
06 294 5 54 1.500000 -0.114103 -0.152148 0.668702 0.667970 6.131037 651.000000 0.000000
06 295 5 55 0.000000 0.427788 0.160821 0.685337 0.684666 0.160821 793.000000 0.000000
06 296 5 56 0.400000 0.311934 -0.205127 0.902424 0.901747 6.078058 627.000000 3.000000
06 297 5 57 1.750000 0.131694 0.228714 0.635265 0.634567 0.228714 791.000000 145.000000
06 298 5 58 0.750000 0.007475 -0.017720 0.835666 0.834958 6.265466 713.000000 55.000000
06 299 5 59 1.350000 0.307467 0.323988 1.553679 1.553024 0.323988 855.000000 48.000000
06 300 5 60 0.400000 0.477664 0.285694 0.752186 0.751461 0.285694 809.000000 147.000000
06 301 6 01 1.600000 0.087107 0.144154 1.102856 1.102155 0.144154 783.000000 16.000000
06 302 6 02 1.650000 -0.474244 0.130655 5.745263 5.744497 0.130655 779.000000 1.000000
06 303 6 03 0.100000 -0.040780 0.000000 0.768834 0.768160 0.000000 720.000000 129.000000
06 304 6 04 1.300000 0.095031 -0.312042 3.707929 3.707207 5.971143 640.000000 202.000000
06 305 6 05 1.050000 0.622523 0.067857 2.321880 2.321179 0.067857 734.000000 244.000000
06 306 6 06 1.050000 -0.873680 -0.813083 1.136296 1.135538 5.470102 553.000000 292.000000
06 307 6 07 0.600000 -0.211997 -0.287576 0.768834 0.768162 5.995609 657.000000 237.000000
06 308 6 08 0.950000 0.791790 0.773970 0.651974 0.651268 0.773970 893.000000 273.000000
06 309 6 09 0.300000 0.041486 0.153283 1.036050 1.035347 0.153283 775.000000 94.000000
06 310 6 10 0.800000 0.251431 0.349055 1.253101 1.252436 0.349055 823.000000 167.000000
06 311 6 11 0.850000 -0.249901 -0.157280 1.253138 1.252441 6.125905 684.000000 223.000000
06 312 6 12 0.650000 -0.341747 -0.585376 1.219781 1.219039 5.697810 545.000000 186.000000
06 313 6 13 0.450000 0.326523 0.241200 1.837429 1.836904 0.241200 766.000000 263.000000
06 314 6 14 1.500000 0.139482 0.025635 0.651983 0.651268 0.025635 728.000000 138.000000
06 315 6 15 0.300000 -0.335896 -0.042228 1.136266 1.135543 6.240957 702.000000 24.000000
06 316 6 16 1.450000 0.265578 0.384075 1.019351 1.018649 0.384075 876.000000 64.000000
06 317 6 17 0.750000 0.133516 0.244164 1.019286 1.018652 0.244164 792.000000 161.000000
06 318 6 18 0.700000 -0.124569 -0.437027 0.802326 0.801557 5.846159 592.000000 176.000000
06 319 6 19 0.200000 0.325188 -0.118326 1.570258 1.569720 6.164860 686.000000 164.000000
06 320 6 20 1.300000 -0.578099 -0.526943 0.785620 0.784860 5.756242 464.000000 10.000000
06 321 6 21 0.650000 0.152640 0.328688 0.651932 0.651267 0.328688 823.000000 148.000000
06 322 6 22 1.650000 -0.150146 -0.134159 6.379787 6.379069 6.149027 676.000000 124.000000
06 323 6 23 1.400000 0.374776 0.452679 0.969260 0.968551 0.452679 827.000000 230.000000
06 324 6 24 1.550000 -0.370470 -0.333702 0.802319 0.801561 5.949483 616.000000 150.000000
06 325 6 25 0.000000 -0.075851 -0.054990 0.735311 0.734765 6.228195 702.000000 123.000000
06 326 6 26 0.150000 0.378096 -0.032929 1.470279 1.469523 6.250256 706.000000 25.000000
06 327 6 27 1.300000 0.329091 0.361924 1.520364 1.519622 0.361924 812.000000 207.000000
06 328 6 28 1.100000 -0.067753 -0.127030 5.194156 5.193429 6.156156 673.000000 82.000000
06 329 6 29 1.150000 0.212154 0.235791 0.935821 0.935150 0.235791 794.000000 142.000000
06 330 6 30 1.350000 0.169374 0.311717 0.952382 0.951857 0.311717 865.000000 0.000000
06 331 6 31 1.500000 0.391550 0.405160 0.652020 0.651267 0.405160 913.000000 0.000000
06 332 6 32 0.750000 -0.029474 0.052946 0.752154 0.751461 0.052946 743.000000 16.000000
06 333 6 33 1.550000 0.161028 0.272286 0.885728 0.885053 0.272286 806.000000 142.000000
06 334 6 34 0.000000 0.118236 0.000000 1.035973 1.035346 0.000000 720.000000 73.000000
06 335 6 35 0.450000 0.573136 0.410777 1.570414 1.569720 0.410777 916.000000 0.000000
06 336 6 36 0.850000 -0.089499 -0.104067 0.601903 0.601169 6.179118 673.000000 0.000000
06 337 6 37 0.400000 0.112653 -0.016527 0.685375 0.684666 6.266658 714.000000 87.000000
06 338 6 38 0.200000 -0.083846 -0.014439 1.403455 1.402721 6.268746 716.000000 173.000000
06 339 6 39 1.000000 -0.487484 -0.596398 1.687352 1.686614 5.686787 553.000000 204.000000
06 340 6 40 0.850000 -0.366055 -0.411167 1.169615 1.168939 5.872019 628.000000 239.000000
06 341 6 41 0.000000 0.108740 -0.061936 0.635313 0.634568 6.221249 696.000000 63.000000
06 342 6 42 0.950000 -0.017927 0.010676 0.869074 0.868356 0.010676 723.000000 169.000000
06 343 6 43 0.250000 -0.042729 -0.109822 0.752148 0.751463 6.173363 691.000000 187.000000
06 344 6 44 0.050000 -0.224860 -0.045743 0.785626 0.784860 6.237443 707.000000 166.000000
06 345 6 45 0.500000 -0.227136 -0.238831 0.718818 0.718064 6.044354 664.000000 220.000000
06 346 6 46 0.000000 -0.292095 -0.377711 0.668725 0.667968 5.905474 622.000000 203.000000
06 347 6 47 1.250000 -0.107232 -0.120411 0.718819 0.718063 6.162774 686.000000 169.000000
06 348 6 48 1.150000 -0.224173 -0.266592 0.818959 0.818258 6.016593 652.000000 201.000000
06 349 6 49 0.900000 0.147033 0.267259 0.685381 0.684664 0.267259 789.000000 198.000000
06 350 6 50 0.300000 -0.565602 -0.252458 0.768883 0.768163 6.030727 639.000000 136.000000
06 351 6 51 0.400000 -0.218430 -0.143797 1.169694 1.168940 6.139388 688.000000 229.000000
06 352 6 52 0.200000 0.363342 0.204704 0.752195 0.751463 0.204704 780.000000 161.000000
06 353 6 53 1.450000 0.392281 0.432710 0.652017 0.651267 0.432710 817.000000 240.000000
06 354 6 54 1.450000 -0.047228 -0.184377 0.785506 0.784859 6.098808 662.000000 139.000000
06 355 6 55 0.500000 -0.085601 -0.177073 1.002676 1.001950 6.106112 669.000000 165.000000
06 356 6 56 1.400000 -0.401852 -0.428406 1.036100 1.035347 5.854780 604.000000 196.000000
06 357 6 57 0.450000 -0.051673 -0.116889 0.752213 0.751453 6.166296 689.000000 186.000000
06 358 6 58 0.150000 0.130235 0.018516 0.785513 0.784866 0.018516 724.000000 234.000000
06 359 6 59 0.750000 -0.258836 -0.253266 1.637193 1.636514 6.029920 610.000000 25.000000
06 360 6 60 0.800000 -0.438346 -0.381979 0.652011 0.651267 5.901206 626.000000 216.000000
06 000 0 01 -99.000000 -99.000000 -0.028977 2.405326 2.404674 6.254208 712.000000 174.000000
06 000 0 02 -99.000000 -99.000000 -0.025856 2.422092 2.421371 6.257329 714.000000 218.000000
06 000 0 03 -99.000000 -99.000000 -0.018955 2.071361 2.070691 6.264230 716.000000 239.000000
06 000 0 04 -99.000000 -99.000000 -0.021974 3.858274 3.857500 6.261211 714.000000 177.000000
06 000 0 05 -99.000000 -99.000000 -0.026426 2.856274 2.855552 6.256760 714.000000 223.000000
06 000 0 06 -99.000000 -99.000000 -0.027900 1.954505 1.953800 6.255286 714.000000 235.000000
06 000 0 07 -99.000000 -99.000000 -0.019799 3.056626 3.055942 6.263386 714.000000 147.000000
06 000 0 08 -99.000000 -99.000000 -0.018114 1.820957 1.820208 6.265071 715.000000 174.000000
06 000 0 09 -99.000000 -99.000000 -0.025635 1.804210 1.803517 6.257550 712.000000 138.000000
06 000 0 10 -99.000000 -99.000000 -0.032153 1.370069 1.369331 6.251033 709.000000 108.000000
06 000 0 11 -99.000000 -99.000000 -0.023525 2.973198 2.972440 6.259660 714.000000 195.000000
06 000 0 12 -99.000000 -99.000000 -0.014387 1.470261 1.469524 6.268798 716.000000 172.000000
06 000 0 13 -99.000000 -99.000000 -0.047725 1.086119 1.085446 6.235460 704.000000 115.000000
06 000 0 14 -99.000000 -99.000000 -0.037639 1.269881 1.269135 6.245546 711.000000 211.000000
06 000 0 15 -99.000000 -99.000000 -0.034906 1.553723 1.553020 6.248279 709.000000 135.000000
