13 000 0 01 1.479619 -0.397250 -0.408908 2.206827 2.204289 5.874277 629.000000 240.000000
13 000 0 02 1.117980 -0.042255 -0.052333 2.288448 2.287779 6.230852 709.000000 240.000000
13 000 0 03 1.277875 0.175178 0.176565 1.670570 1.669912 0.176565 763.000000 209.000000
13 000 0 04 1.427467 -0.103823 -0.098006 3.607713 3.607015 6.185179 679.000000 33.000000
13 000 0 05 1.140941 -0.256762 -0.131145 2.388664 2.387976 6.152041 677.000000 124.000000
13 000 0 06 1.225869 0.531257 0.467486 1.503565 1.502928 0.467486 825.000000 242.000000
13 000 0 07 1.461055 0.034526 0.053712 1.704023 1.703311 0.053712 735.000000 171.000000
13 000 0 08 1.397392 -0.030607 -0.018795 4.041881 4.041190 6.264391 715.000000 184.000000
13 000 0 09 1.021619 -0.426072 -0.336848 1.453531 1.452825 5.946337 630.000000 193.000000
13 000 0 10 1.230896 0.071068 0.113681 1.770775 1.770107 0.113681 749.000000 196.000000
13 001 1 01 1.350000 -0.734667 -0.461410 8.016283 8.015581 5.821775 542.000000 92.000000
13 002 1 02 1.550000 0.024721 0.029158 1.536983 1.536320 0.029158 727.000000 210.000000
13 003 1 03 1.300000 0.137976 0.122835 1.203087 1.202340 0.122835 750.000000 207.000000
13 004 1 04 1.250000 -0.078821 -0.197396 6.262789 6.262173 6.085790 630.000000 0.000000
13 005 1 05 1.150000 -0.698173 -0.687353 1.286600 1.285834 5.595832 555.000000 249.000000
13 006 1 06 0.400000 -0.116972 -0.033422 3.206919 3.206233 6.249763 709.000000 121.000000
13 007 1 07 0.850000 0.300127 0.263307 2.305200 2.304480 0.263307 782.000000 220.000000
13 008 1 08 0.200000 -0.141161 -0.032363 2.071419 2.070694 6.250823 711.000000 172.000000
13 009 1 09 1.450000 0.226876 0.207783 1.670592 1.669915 0.207783 794.000000 99.000000
13 010 1 10 0.200000 0.577223 0.011764 3.824814 3.824102 0.011764 723.000000 195.000000
13 011 1 11 0.550000 0.099713 0.262361 1.386680 1.386028 0.262361 796.000000 167.000000
13 012 1 12 0.750000 0.122199 0.238980 0.985940 0.985250 0.238980 787.000000 175.000000
13 013 1 13 0.500000 -0.031509 0.018448 1.269839 1.269134 0.018448 725.000000 179.000000
13 014 1 14 1.750000 0.357607 0.322865 2.255092 2.254380 0.322865 810.000000 181.000000
13 015 1 15 0.300000 0.150109 0.027020 1.887664 1.887003 0.027020 727.000000 191.000000
13 016 1 16 1.600000 0.135429 0.166754 2.872980 2.872252 0.166754 771.000000 147.000000
13 017 1 17 0.850000 0.389110 0.359218 1.353384 1.352632 0.359218 812.000000 205.000000
13 018 1 18 0.300000 0.177712 0.027337 1.737362 1.736708 0.027337 727.000000 194.000000
13 019 1 19 0.200000 -0.049717 -0.325642 1.102897 1.102144 5.957544 642.000000 219.000000
13 020 1 20 1.350000 0.380468 0.380506 2.772716 2.772060 0.380506 846.000000 135.000000
13 021 1 21 0.200000 -0.145335 -0.713937 0.952525 0.951852 5.569249 506.000000 203.000000
13 022 1 22 0.750000 0.653668 0.518348 2.004609 2.003897 0.518348 874.000000 180.000000
13 023 1 23 1.750000 -0.650292 -0.568525 3.373921 3.373225 5.714661 513.000000 126.000000
13 024 1 24 1.350000 0.070146 0.083141 2.038016 2.037294 0.083141 737.000000 246.000000
13 025 1 25 0.050000 0.285587 -0.547864 0.785409 0.784868 5.735322 576.000000 214.000000
13 026 1 26 0.350000 0.200089 0.178530 1.169639 1.168942 0.178530 768.000000 184.000000
13 027 1 27 0.150000 0.123539 0.022519 1.670594 1.669913 0.022519 725.000000 228.000000
13 028 1 28 0.850000 -0.493404 -0.536979 1.537053 1.536320 5.746206 567.000000 193.000000
13 029 1 29 1.050000 0.261244 0.268546 0.869060 0.868357 0.268546 791.000000 192.000000
13 030 1 30 0.000000 0.205526 0.023711 1.269844 1.269132 0.023711 726.000000 197.000000
13 031 1 31 1.450000 -0.026631 -0.094589 1.904428 1.903701 6.188597 683.000000 60.000000
13 032 1 32 0.750000 0.132499 0.112800 1.286585 1.285832 0.112800 749.000000 194.000000
13 033 1 33 0.100000 0.022543 -0.445528 0.935915 0.935152 5.837658 603.000000 205.000000
13 034 1 34 1.300000 -0.635300 -0.627938 1.102876 1.102145 5.655247 569.000000 242.000000
13 035 1 35 1.350000 0.306761 0.284160 1.336584 1.335938 0.284160 812.000000 135.000000
13 036 1 36 0.400000 -0.630830 -0.315970 0.869087 0.868357 5.967215 635.000000 190.000000
13 037 1 37 0.800000 -0.440131 -0.440696 1.236385 1.235736 5.842489 587.000000 168.000000
13 038 1 38 0.000000 0.192523 0.088439 1.704005 1.703312 0.088439 738.000000 247.000000
13 039 1 39 1.250000 -0.157235 -0.289805 1.670645 1.669923 5.993380 604.000000 61.000000
13 040 1 40 0.450000 -0.000344 -0.167310 2.555680 2.554969 6.115875 644.000000 0.000000
13 041 1 41 0.150000 -0.262733 0.003704 2.305153 2.304482 0.003704 721.000000 180.000000
13 042 1 42 0.450000 0.165421 0.298225 2.138246 2.137486 0.298225 799.000000 193.000000
13 043 1 43 0.200000 0.536964 0.077100 2.806202 2.805456 0.077100 738.000000 217.000000
13 044 1 44 0.850000 0.049638 0.227857 2.238405 2.237685 0.227857 768.000000 243.000000
13 045 1 45 1.450000 0.183286 0.216550 2.605723 2.605067 0.216550 797.000000 100.000000
13 046 1 46 1.000000 0.344162 0.230351 1.119548 1.118846 0.230351 773.000000 224.000000
13 047 1 47 1.400000 -0.006256 -0.060128 0.902463 0.901756 6.223057 702.000000 151.000000
13 048 1 48 1.650000 0.075534 0.082712 1.470182 1.469530 0.082712 752.000000 64.000000
13 049 1 49 0.550000 -0.208074 -0.224816 1.703997 1.703313 6.058369 661.000000 192.000000
13 050 1 50 0.350000 -0.051630 0.000000 1.553737 1.553020 0.000000 720.000000 185.000000
13 051 1 51 0.050000 -0.196579 -0.344285 0.852374 0.851651 5.938900 630.000000 199.000000
13 052 1 52 0.900000 0.164443 0.198254 1.620365 1.619820 0.198254 810.000000 2.000000
13 053 1 53 1.450000 0.291943 0.263332 1.470056 1.469524 0.263332 806.000000 131.000000
13 054 1 54 1.200000 -0.025860 -0.098688 1.320008 1.319230 6.184497 690.000000 147.000000
13 055 1 55 1.250000 -0.030527 -0.128083 1.136264 1.135543 6.155102 669.000000 54.000000
13 056 1 56 0.600000 0.026444 -0.018585 1.102846 1.102146 6.264600 715.000000 181.000000
13 057 1 57 0.100000 0.692416 -0.023342 3.039917 3.039242 6.259843 714.000000 193.000000
13 058 1 58 0.650000 0.054502 0.091696 1.052737 1.052041 0.091696 744.000000 189.000000
13 059 1 59 0.000000 0.136345 -0.048469 2.288496 2.287793 6.234716 707.000000 182.000000
13 060 1 60 1.600000 0.023030 0.015935 1.102808 1.102144 0.015935 724.000000 199.000000
13 061 2 01 0.450000 0.155003 -0.006969 1.286496 1.285833 6.276217 718.000000 163.000000
13 062 2 02 0.450000 -0.616189 -0.720872 0.902452 0.901755 5.562313 568.000000 277.000000
13 063 2 03 0.050000 0.215860 -0.027552 0.919177 0.918454 6.255633 713.000000 196.000000
13 064 2 04 1.550000 0.433886 0.471028 1.687271 1.686612 0.471028 830.000000 234.000000
13 065 2 05 1.300000 -0.226872 -0.288876 1.353336 1.352641 5.994310 646.000000 201.000000
13 066 2 06 0.800000 0.255380 0.221650 1.269790 1.269135 0.221650 768.000000 237.000000
13 067 2 07 1.400000 0.030366 0.000000 1.019298 1.018645 0.000000 720.000000 248.000000
13 068 2 08 1.050000 -0.600630 -0.649106 1.236509 1.235735 5.634080 569.000000 251.000000
13 069 2 09 0.150000 -0.068872 -0.022797 1.537005 1.536321 6.260388 713.000000 143.000000
13 070 2 10 0.100000 0.863615 0.012986 1.019322 1.018649 0.012986 723.000000 219.000000
13 071 2 11 1.000000 0.314306 0.210472 1.353350 1.352631 0.210472 767.000000 230.000000
13 072 2 12 1.350000 -0.059322 -0.146345 2.255107 2.254386 6.136840 669.000000 104.000000
13 073 2 13 1.650000 -0.098577 -0.174672 1.403477 1.402727 6.108513 681.000000 229.000000
13 074 2 14 0.900000 0.097460 0.216874 1.520307 1.519625 0.216874 785.000000 155.000000
13 075 2 15 1.550000 -0.463512 -0.458697 1.453499 1.452831 5.824488 600.000000 207.000000
13 076 2 16 0.550000 0.183970 0.157769 1.169659 1.168940 0.157769 755.000000 230.000000
13 077 2 17 0.800000 -0.664558 -0.634507 1.002703 1.001948 5.648678 575.000000 253.000000
13 078 2 18 1.250000 -0.594163 -0.614120 1.553777 1.553020 5.669065 567.000000 233.000000
13 079 2 19 0.750000 0.479506 0.221314 1.069401 1.068749 0.221314 774.000000 210.000000
13 080 2 20 1.500000 -0.231584 -0.254840 2.355287 2.354579 6.028345 658.000000 212.000000
13 081 2 21 0.100000 -0.423298 -0.027297 1.603884 1.603116 6.255888 712.000000 157.000000
13 082 2 22 1.000000 0.690464 0.447815 1.203059 1.202342 0.447815 879.000000 119.000000
13 083 2 23 0.500000 -0.195214 0.008230 1.687280 1.686612 0.008230 722.000000 207.000000
13 084 2 24 0.700000 0.283705 0.316053 1.370028 1.369329 0.316053 789.000000 239.000000
13 085 2 25 1.000000 0.958372 0.782673 1.036071 1.035344 0.782673 903.000000 266.000000
13 086 2 26 0.750000 0.297671 -0.454798 2.739388 2.738656 5.828387 609.000000 223.000000
13 087 2 27 0.500000 0.283818 0.412652 1.002582 1.001952 0.412652 815.000000 233.000000
13 088 2 28 0.200000 0.351157 0.181826 1.336652 1.335931 0.181826 761.000000 227.000000
13 089 2 29 1.250000 -0.170896 -0.220786 2.555639 2.554967 6.062400 619.000000 0.000000
13 090 2 30 1.000000 0.108974 0.180245 0.802220 0.801563 0.180245 802.000000 0.000000
13 091 2 31 0.700000 0.368817 0.340751 1.219749 1.219038 0.340751 809.000000 199.000000
13 092 2 32 0.650000 -0.374073 -0.352990 2.422087 2.421375 5.930195 636.000000 222.000000
13 093 2 33 1.050000 -0.458878 -0.457998 1.286586 1.285833 5.825187 580.000000 166.000000
13 094 2 34 1.100000 -0.633984 -0.668441 0.935825 0.935158 5.614744 551.000000 236.000000
13 095 2 35 1.550000 0.270918 0.288055 1.253145 1.252435 0.288055 792.000000 207.000000
13 096 2 36 1.700000 0.098160 0.156250 1.236412 1.235736 0.156250 766.000000 158.000000
13 097 2 37 0.150000 0.228328 0.155595 1.370046 1.369330 0.155595 760.000000 195.000000
13 098 2 38 1.050000 0.130519 0.116785 1.704012 1.703312 0.116785 762.000000 92.000000
13 099 2 39 0.550000 0.016338 -0.764783 0.869128 0.868355 5.518403 530.000000 252.000000
13 100 2 40 0.650000 0.411102 0.352990 1.370015 1.369329 0.352990 804.000000 222.000000
13 101 2 41 1.300000 0.149369 0.119294 1.904464 1.903703 0.119294 755.000000 158.000000
13 102 2 42 0.100000 -0.085675 -0.003663 1.186347 1.185637 6.279522 719.000000 177.000000
13 103 2 43 1.050000 -0.092704 -0.189867 1.486973 1.486226 6.093318 661.000000 143.000000
13 104 2 44 0.400000 -0.333638 -0.197396 0.985985 0.985250 6.085790 676.000000 230.000000
13 105 2 45 1.150000 0.348083 0.384825 1.503656 1.502923 0.384825 833.000000 171.000000
13 106 2 46 1.350000 0.573004 0.597426 0.768865 0.768163 0.597426 869.000000 231.000000
13 107 2 47 1.100000 0.352464 0.417791 1.770760 1.770109 0.417791 815.000000 236.000000
13 108 2 48 1.550000 -0.056168 -0.094356 0.852393 0.851658 6.188829 690.000000 133.000000
13 109 2 49 1.050000 0.196880 0.154403 1.336660 1.335934 0.154403 760.000000 193.000000
13 110 2 50 0.800000 0.127062 0.139362 1.203081 1.202338 0.139362 751.000000 229.000000
13 111 2 51 0.650000 -0.001420 0.012711 1.653943 1.653211 0.012711 723.000000 214.000000
13 112 2 52 0.650000 -0.211235 -0.289846 1.019196 1.018648 5.993339 635.000000 165.000000
13 113 2 53 0.250000 -0.069404 0.000000 3.190276 3.189537 0.000000 720.000000 191.000000
13 114 2 54 1.750000 -0.444968 -0.474237 0.768763 0.768163 5.808948 585.000000 187.000000
13 115 2 55 1.500000 0.294974 0.300920 1.236388 1.235738 0.300920 783.000000 247.000000
13 116 2 56 0.800000 0.118077 0.097348 2.305154 2.304482 0.097348 745.000000 194.000000
13 117 2 57 0.900000 -0.292057 -0.294462 1.703993 1.703313 5.988723 646.000000 206.000000
13 118 2 58 0.000000 0.202055 -0.004630 1.670626 1.669913 6.278556 719.000000 234.000000
13 119 2 59 1.300000 -0.315251 -0.349485 1.169656 1.168940 5.933701 638.000000 225.000000
13 120 2 60 0.600000 -0.419780 -0.434670 0.885709 0.885054 5.848515 616.000000 226.000000
13 121 3 01 1.200000 -0.305436 -0.238694 1.370057 1.369332 6.044491 647.000000 150.000000
13 122 3 02 1.200000 0.088678 0.093894 1.086108 1.085445 0.093894 741.000000 227.000000
13 123 3 03 0.350000 0.187796 -0.008658 1.219749 1.219037 6.274528 718.000000 219.000000
13 124 3 04 0.400000 0.077113 -0.069333 1.403418 1.402728 6.213852 705.000000 234.000000
13 125 3 05 1.350000 -0.177432 -0.210714 1.203043 1.202342 6.072471 643.000000 90.000000
13 126 3 06 0.600000 -0.105008 -0.129147 1.269883 1.269134 6.154038 690.000000 219.000000
13 127 3 07 1.700000 -0.013252 -0.003891 1.403413 1.402728 6.279294 719.000000 193.000000
13 128 3 08 0.000000 -0.302880 0.000000 1.854284 1.853605 0.000000 720.000000 228.000000
13 129 3 09 1.750000 0.026143 0.010274 1.937642 1.937104 0.010274 723.000000 158.000000
13 130 3 10 0.150000 0.432530 0.011857 1.937828 1.937101 0.011857 723.000000 197.000000
13 131 3 11 1.600000 -0.053211 -0.103436 1.453548 1.452830 6.179750 690.000000 161.000000
13 132 3 12 1.700000 0.215764 0.188222 1.420176 1.419424 0.188222 760.000000 240.000000
13 133 3 13 0.900000 -0.257696 -0.320308 1.269897 1.269134 5.962878 651.000000 242.000000
13 134 3 14 1.200000 -0.188523 -0.296894 1.503632 1.502923 5.986292 653.000000 231.000000
13 135 3 15 0.750000 -0.164658 -0.323988 0.919206 0.918451 5.959198 630.000000 182.000000
13 136 3 16 0.450000 0.054048 -0.014285 1.236489 1.235732 6.268901 716.000000 170.000000
13 137 3 17 1.500000 0.540676 0.536541 1.269828 1.269134 0.536541 833.000000 260.000000
13 138 3 18 0.950000 0.313983 0.299485 1.152999 1.152242 0.299485 808.000000 165.000000
13 139 3 19 1.150000 -0.172033 -0.299246 0.819012 0.818259 5.983939 633.000000 168.000000
13 140 3 20 0.600000 -0.491693 -0.453923 0.852338 0.851658 5.829262 599.000000 202.000000
13 141 3 21 0.700000 -0.057119 -0.119871 1.403424 1.402737 6.163315 677.000000 93.000000
13 142 3 22 0.200000 -0.132631 -0.007782 2.772749 2.772059 6.275403 718.000000 193.000000
13 143 3 23 0.950000 -0.161732 -0.491942 1.486899 1.486225 5.791243 608.000000 241.000000
13 144 3 24 1.150000 0.428124 0.386556 1.269832 1.269132 0.386556 801.000000 251.000000
13 145 3 25 1.250000 0.360817 0.333863 1.987850 1.987198 0.333863 797.000000 228.000000
13 146 3 26 0.500000 -0.568274 -0.426627 0.935826 0.935154 5.856558 600.000000 186.000000
13 147 3 27 1.100000 0.687496 0.561590 1.186315 1.185638 0.561590 871.000000 210.000000
13 148 3 28 1.700000 -0.044051 -0.089603 1.670612 1.669912 6.193582 697.000000 194.000000
13 149 3 29 0.850000 0.219970 0.175533 1.436873 1.436128 0.175533 767.000000 185.000000
13 150 3 30 0.100000 0.039469 0.051020 1.420114 1.419426 0.051020 732.000000 215.000000
13 151 3 31 0.550000 0.118050 0.134553 0.685377 0.684666 0.134553 751.000000 221.000000
13 152 3 32 1.600000 0.383409 0.368696 2.455451 2.454776 0.368696 890.000000 10.000000
13 153 3 33 0.600000 0.193649 0.194365 1.453364 1.452828 0.194365 770.000000 196.000000
13 154 3 34 0.950000 -0.410063 -0.248595 0.985997 0.985250 6.034590 654.000000 190.000000
13 155 3 35 0.100000 0.338234 -0.345066 1.370042 1.369329 5.938119 642.000000 233.000000
13 156 3 36 1.400000 0.310397 0.329050 2.171583 2.170888 0.329050 790.000000 245.000000
13 157 3 37 0.250000 -0.038330 -0.009317 1.152914 1.152242 6.273869 717.000000 128.000000
13 158 3 38 0.700000 0.510240 0.395079 1.086178 1.085447 0.395079 823.000000 203.000000
13 159 3 39 1.500000 0.063899 0.067358 1.570396 1.569722 0.067358 737.000000 198.000000
13 160 3 40 1.300000 0.478909 0.463648 1.954455 1.953799 0.463648 831.000000 228.000000
13 161 3 41 1.250000 -0.686914 -0.615917 1.236480 1.235739 5.667269 565.000000 231.000000
13 162 3 42 0.700000 -0.262088 -0.358771 1.219793 1.219036 5.924415 621.000000 186.000000
13 163 3 43 1.150000 -0.385198 -0.384020 0.885745 0.885057 5.899165 621.000000 205.000000
13 164 3 44 0.650000 0.207499 0.176408 1.203055 1.202339 0.176408 761.000000 220.000000
13 165 3 45 1.400000 0.314772 0.286304 1.687300 1.686601 0.286304 783.000000 236.000000
13 166 3 46 0.150000 0.227713 -0.031380 1.336675 1.335930 6.251805 713.000000 227.000000
13 167 3 47 1.500000 0.408003 0.325693 1.219694 1.219038 0.325693 797.000000 222.000000
13 168 3 48 0.050000 -0.236143 -0.021364 1.286607 1.285836 6.261821 715.000000 216.000000
13 169 3 49 1.750000 -0.074383 -0.078072 1.086179 1.085444 6.205113 697.000000 156.000000
13 170 3 50 0.250000 -0.339912 -0.224711 0.935846 0.935149 6.058474 648.000000 135.000000
13 171 3 51 0.350000 -0.143219 -0.069120 0.919210 0.918453 6.214065 702.000000 190.000000
13 172 3 52 0.750000 -0.270944 -0.096149 0.401489 0.400781 6.187036 701.000000 253.000000
13 173 3 53 0.900000 0.045222 0.093622 1.253168 1.252435 0.093622 740.000000 237.000000
13 174 3 54 1.750000 0.322055 0.292121 0.818936 0.818262 0.292121 803.000000 174.000000
13 175 3 55 0.850000 -0.089816 -0.313012 0.768852 0.768161 5.970174 642.000000 209.000000
13 176 3 56 0.000000 -0.399107 -0.032547 1.921140 1.920402 6.250639 713.000000 235.000000
13 177 3 57 1.450000 0.244316 0.273659 1.019361 1.018649 0.273659 784.000000 222.000000
13 178 3 58 1.650000 0.659085 0.599266 1.152895 1.152239 0.599266 845.000000 267.000000
13 179 3 59 1.050000 -0.169672 -0.286991 2.021276 2.020597 5.996194 635.000000 162.000000
13 180 3 60 1.650000 -0.159755 -0.204254 2.405391 2.404679 6.078931 633.000000 30.000000
13 181 4 01 1.250000 0.075380 0.067693 1.386761 1.386029 0.067693 740.000000 155.000000
13 182 4 02 1.750000 -0.163351 -0.203798 1.820983 1.820208 6.079388 627.000000 0.000000
13 183 4 03 1.450000 -0.195969 -0.209575 1.336593 1.335932 6.073610 653.000000 135.000000
13 184 4 04 0.950000 0.437238 0.370709 1.102895 1.102142 0.370709 823.000000 185.000000
13 185 4 05 1.000000 0.479281 0.365320 1.503609 1.502926 0.365320 803.000000 233.000000
13 186 4 06 0.350000 0.255854 0.004630 1.286534 1.285834 0.004630 721.000000 234.000000
13 187 4 07 1.450000 -0.029911 -0.064015 1.086048 1.085443 6.219170 705.000000 216.000000
13 188 4 08 1.000000 -0.068851 -0.146137 1.503625 1.502923 6.137048 686.000000 219.000000
13 189 4 09 0.500000 -0.188499 -0.171460 0.802225 0.801561 6.111725 680.000000 219.000000
13 190 4 10 1.650000 -0.354783 -0.381234 0.819000 0.818258 5.901952 625.000000 213.000000
13 191 4 11 0.100000 0.302099 -0.017240 1.737408 1.736713 6.265946 716.000000 218.000000
13 192 4 12 0.600000 -0.153289 -0.077824 4.125441 4.124686 6.205361 703.000000 232.000000
13 193 4 13 0.500000 -0.438458 -0.514287 1.370078 1.369326 5.768899 607.000000 250.000000
13 194 4 14 0.650000 -0.062976 -0.241566 1.470207 1.469523 6.041620 669.000000 243.000000
13 195 4 15 0.250000 0.369194 -0.123429 0.935878 0.935153 6.159756 687.000000 184.000000
13 196 4 16 1.750000 0.122680 0.151252 0.835686 0.834958 0.151252 761.000000 181.000000
13 197 4 17 1.000000 0.576572 0.521076 0.785400 0.784861 0.521076 848.000000 227.000000
13 198 4 18 0.800000 -0.346104 -0.467032 0.885794 0.885055 5.816154 601.000000 214.000000
13 199 4 19 0.000000 -0.551730 -0.019702 1.370063 1.369326 6.263483 716.000000 247.000000
13 200 4 20 0.650000 0.624937 0.595070 0.869056 0.868357 0.595070 852.000000 255.000000
13 201 4 21 0.300000 0.269902 -0.012294 1.219792 1.219037 6.270891 717.000000 206.000000
13 202 4 22 0.250000 -0.412573 -0.162574 1.453374 1.452830 6.120612 689.000000 261.000000
13 203 4 23 0.600000 -0.171615 -0.299987 1.102870 1.102142 5.983198 647.000000 214.000000
13 204 4 24 0.450000 0.497193 0.303672 1.269850 1.269132 0.303672 788.000000 233.000000
13 205 4 25 0.300000 0.408629 -0.217732 0.869026 0.868353 6.065454 670.000000 224.000000
13 206 4 26 1.200000 -0.014361 -0.085263 1.236457 1.235732 6.197922 700.000000 216.000000
13 207 4 27 1.400000 0.045102 0.073939 1.653925 1.653214 0.073939 736.000000 234.000000
13 208 4 28 0.250000 -0.342155 -0.226799 1.904442 1.903703 6.056386 663.000000 203.000000
13 209 4 29 0.700000 0.270828 0.149365 1.837615 1.836904 0.149365 751.000000 244.000000
13 210 4 30 0.800000 0.066661 0.071307 1.019182 1.018651 0.071307 749.000000 44.000000
13 211 4 31 1.550000 0.255231 0.296894 1.253177 1.252434 0.296894 787.000000 231.000000
13 212 4 32 1.500000 0.353602 0.315970 0.702032 0.701367 0.315970 788.000000 242.000000
13 213 4 33 1.250000 -0.538987 -0.525584 1.520374 1.519621 5.757602 604.000000 250.000000
13 214 4 34 1.550000 -0.153339 -0.237207 0.985983 0.985250 6.045979 654.000000 177.000000
13 215 4 35 0.200000 0.437851 -0.136485 0.869133 0.868357 6.146700 688.000000 217.000000
13 216 4 36 1.600000 -0.013513 -0.044505 0.952531 0.951852 6.238680 709.000000 203.000000
13 217 4 37 1.650000 -0.055681 -0.116889 1.403495 1.402718 6.166296 689.000000 186.000000
13 218 4 38 1.600000 -0.286285 -0.368075 0.919224 0.918455 5.915110 634.000000 227.000000
13 219 4 39 0.500000 -0.069847 0.012499 0.585232 0.584472 0.012499 723.000000 210.000000
13 220 4 40 1.300000 0.283295 0.234821 1.370019 1.369326 0.234821 770.000000 241.000000
13 221 4 41 1.650000 -0.374500 -0.409560 1.186349 1.185640 5.873625 608.000000 192.000000
13 222 4 42 1.350000 -0.196625 -0.321751 1.152967 1.152240 5.961435 636.000000 198.000000
13 223 4 43 1.000000 -0.433169 -0.459831 0.802237 0.801561 5.823354 616.000000 240.000000
13 224 4 44 1.750000 -0.019393 -0.045630 0.885782 0.885055 6.237555 710.000000 231.000000
13 225 4 45 0.600000 0.118900 0.149976 1.052598 1.052050 0.149976 754.000000 225.000000
13 226 4 46 0.050000 -0.173936 -0.039979 1.186292 1.185639 6.243207 712.000000 250.000000
13 227 4 47 0.250000 -0.261779 -0.243933 1.052805 1.052046 6.039253 664.000000 225.000000
13 228 4 48 0.450000 0.389549 0.113151 1.620502 1.619818 0.113151 745.000000 230.000000
13 229 4 49 1.400000 0.130854 0.115982 1.420091 1.419426 0.115982 744.000000 244.000000
13 230 4 50 0.300000 0.333473 -0.267558 1.269813 1.269135 6.015627 649.000000 191.000000
13 231 4 51 1.400000 0.251107 0.288055 1.570377 1.569718 0.288055 776.000000 261.000000
13 232 4 52 1.100000 -0.003898 -0.102103 1.086143 1.085444 6.181083 695.000000 206.000000
13 233 4 53 0.350000 0.566486 0.214195 3.874920 3.874199 0.214195 787.000000 142.000000
13 234 4 54 1.600000 -0.668446 -0.702001 0.768841 0.768163 5.581185 572.000000 275.000000
13 235 4 55 1.400000 -0.111121 -0.122195 1.353319 1.352629 6.160990 671.000000 51.000000
13 236 4 56 1.200000 -0.002392 -0.041299 2.004564 2.003894 6.241886 710.000000 208.000000
13 237 4 57 1.200000 0.209788 0.231338 1.754082 1.753410 0.231338 826.000000 0.000000
13 238 4 58 1.200000 0.166529 0.202929 1.403415 1.402732 0.202929 770.000000 207.000000
13 239 4 59 1.700000 -0.786436 -0.799021 0.952576 0.951852 5.484164 534.000000 269.000000
13 240 4 60 1.650000 0.207972 0.263158 1.069437 1.068745 0.263158 779.000000 231.000000
13 241 5 01 0.800000 -0.176677 -0.274726 1.086235 1.085446 6.008459 647.000000 191.000000
13 242 5 02 0.800000 -0.055265 -0.196439 1.987742 1.987201 6.086747 680.000000 249.000000
13 243 5 03 1.700000 0.101960 0.145485 1.319929 1.319234 0.145485 760.000000 177.000000
13 244 5 04 0.050000 0.110869 0.004545 1.854153 1.853609 0.004545 721.000000 230.000000
13 245 5 05 0.450000 0.051954 -0.114007 0.935852 0.935157 6.169178 690.000000 188.000000
13 246 5 06 0.350000 0.228125 0.052583 0.985921 0.985247 0.052583 731.000000 241.000000
13 247 5 07 0.600000 0.056943 -0.188458 0.902431 0.901756 6.094727 683.000000 256.000000
13 248 5 08 0.050000 -0.130678 -0.231577 1.186382 1.185640 6.051608 666.000000 221.000000
13 249 5 09 0.700000 -0.275923 -0.452972 0.935804 0.935159 5.830213 610.000000 224.000000
13 250 5 10 1.700000 -0.050072 -0.110657 1.169661 1.168940 6.172528 696.000000 234.000000
13 251 5 11 0.400000 -0.094426 -0.212144 0.985987 0.985249 6.071042 678.000000 255.000000
13 252 5 12 0.750000 0.059657 0.084997 0.869027 0.868355 0.084997 739.000000 227.000000
13 253 5 13 0.350000 0.230970 0.045218 1.102803 1.102142 0.045218 730.000000 229.000000
13 254 5 14 0.550000 -0.301094 -0.241693 1.036082 1.035343 6.041493 667.000000 235.000000
13 255 5 15 0.000000 -0.577519 0.339821 1.403420 1.402737 0.339821 790.000000 252.000000
13 256 5 16 0.950000 -0.015069 -0.255743 0.735480 0.734764 6.027443 663.000000 232.000000
13 257 5 17 1.450000 0.122006 0.138128 1.353360 1.352631 0.138128 751.000000 227.000000
13 258 5 18 0.450000 -0.268298 -0.363979 0.852389 0.851655 5.919206 640.000000 240.000000
13 259 5 19 1.300000 0.500139 0.422251 1.804223 1.803506 0.422251 813.000000 243.000000
13 260 5 20 0.250000 0.466935 -0.434178 1.002647 1.001949 5.849008 637.000000 271.000000
13 261 5 21 1.050000 0.575970 0.518602 1.436851 1.436123 0.518602 833.000000 252.000000
13 262 5 22 0.500000 -0.025035 -0.334198 1.186382 1.185639 5.948987 645.000000 234.000000
13 263 5 23 0.850000 -0.006484 -0.119092 0.852219 0.851659 6.164093 692.000000 216.000000
13 264 5 24 0.050000 -0.354920 -0.264993 2.154886 2.154187 6.018192 647.000000 181.000000
13 265 5 25 1.100000 -0.111091 -0.185348 0.935888 0.935151 6.097837 681.000000 242.000000
13 266 5 26 1.050000 -0.325052 -0.536541 0.969087 0.968544 5.746645 607.000000 260.000000
13 267 5 27 0.950000 0.189646 0.248419 1.369999 1.369329 0.248419 772.000000 245.000000
13 268 5 28 0.250000 0.188770 -0.019997 1.370023 1.369330 6.263188 716.000000 250.000000
13 269 5 29 1.300000 -0.552564 -0.560193 0.952540 0.951853 5.722992 614.000000 281.000000
13 270 5 30 0.100000 -0.075327 -0.024626 1.787454 1.786809 6.258560 715.000000 247.000000
13 271 5 31 0.750000 0.039985 0.096637 1.119532 1.118838 0.096637 739.000000 254.000000
13 272 5 32 0.950000 0.021315 0.057314 1.236458 1.235735 0.057314 734.000000 206.000000
13 273 5 33 1.100000 0.021551 0.027266 1.687360 1.686611 0.027266 726.000000 230.000000
13 274 5 34 1.600000 -0.087221 -0.193798 2.071405 2.070693 6.089387 678.000000 236.000000
13 275 5 35 1.200000 0.227658 0.360491 1.336583 1.335931 0.360491 792.000000 259.000000
13 276 5 36 0.250000 -0.414616 -0.205585 0.768891 0.768161 6.077601 676.000000 239.000000
13 277 5 37 0.950000 0.092964 0.152649 0.885710 0.885055 0.152649 752.000000 242.000000
13 278 5 38 1.500000 -0.429992 -0.402413 1.603835 1.603118 5.880772 637.000000 255.000000
13 279 5 39 0.850000 -0.453037 -0.469783 0.969260 0.968552 5.813403 621.000000 255.000000
13 280 5 40 1.700000 -0.150883 -0.163661 1.186401 1.185637 6.119525 684.000000 232.000000
13 281 5 41 0.000000 -0.446557 0.312492 1.453530 1.452825 0.312492 783.000000 255.000000
13 282 5 42 0.850000 -0.764371 -0.742236 1.019392 1.018647 5.540950 576.000000 293.000000
13 283 5 43 0.450000 -0.402154 -0.788533 0.835508 0.834961 5.494652 560.000000 291.000000
13 284 5 44 0.500000 0.264997 0.331910 1.670640 1.669909 0.331910 791.000000 244.000000
13 285 5 45 0.400000 0.048189 -0.232334 1.119397 1.118849 6.050851 667.000000 226.000000
13 286 5 46 0.650000 -0.275064 -0.417221 0.985935 0.985249 5.865964 638.000000 265.000000
13 287 5 47 0.400000 0.467719 0.321751 0.952556 0.951853 0.321751 792.000000 234.000000
13 288 5 48 0.300000 0.154930 -0.255182 0.818951 0.818257 6.028003 666.000000 243.000000
13 289 5 49 1.050000 -0.562671 -0.571611 1.086137 1.085441 5.711575 601.000000 265.000000
13 290 5 50 0.550000 0.608551 0.572717 1.286530 1.285833 0.572717 838.000000 267.000000
13 291 5 51 0.100000 -0.298842 -0.544611 0.852367 0.851657 5.738575 614.000000 275.000000
13 292 5 52 1.100000 -0.145474 -0.239435 0.785543 0.784861 6.043751 637.000000 110.000000
13 293 5 53 1.450000 -0.044884 -0.076044 1.403457 1.402726 6.207142 704.000000 240.000000
13 294 5 54 1.450000 0.415289 0.411294 1.620470 1.619817 0.411294 802.000000 262.000000
13 295 5 55 0.000000 0.170514 -0.574079 1.403388 1.402730 5.709106 601.000000 266.000000
13 296 5 56 1.500000 0.165182 0.225092 1.169620 1.168941 0.225092 769.000000 236.000000
13 297 5 57 1.400000 -0.155020 -0.239232 1.219765 1.219039 6.043954 670.000000 245.000000
13 298 5 58 1.100000 -0.086053 -0.133529 1.804201 1.803510 6.149656 684.000000 182.000000
13 299 5 59 0.700000 -0.120133 -0.293272 1.286521 1.285838 5.989913 659.000000 248.000000
13 300 5 60 1.150000 -0.390474 -0.393818 1.420172 1.419428 5.889367 629.000000 231.000000
13 301 6 01 1.500000 0.205690 0.216940 1.453514 1.452827 0.216940 774.000000 205.000000
13 302 6 02 1.150000 0.148012 0.250343 1.169597 1.168941 0.250343 776.000000 231.000000
13 303 6 03 1.550000 0.588685 0.652847 1.486881 1.486221 0.652847 850.000000 280.000000
13 304 6 04 1.550000 -0.633309 -0.712834 0.735512 0.734762 5.570351 484.000000 177.000000
13 305 6 05 0.050000 0.344688 0.007812 2.171541 2.170889 0.007812 722.000000 194.000000
13 306 6 06 0.950000 -0.252497 -0.345407 0.785602 0.784861 5.937778 634.000000 211.000000
13 307 6 07 0.300000 0.013559 -0.028700 1.102880 1.102141 6.254485 714.000000 241.000000
13 308 6 08 0.400000 -0.014171 0.062419 1.386677 1.386022 0.062419 733.000000 242.000000
13 309 6 09 1.700000 -0.331764 -0.354835 1.837643 1.836902 5.928350 627.000000 199.000000
13 310 6 10 0.800000 0.146802 0.234157 0.919111 0.918452 0.234157 772.000000 232.000000
13 311 6 11 0.050000 -0.311859 -0.029037 0.852419 0.851656 6.254148 713.000000 209.000000
13 312 6 12 0.150000 0.453097 -0.025635 0.969248 0.968549 6.257550 714.000000 216.000000
13 313 6 13 0.150000 0.222682 0.291457 2.538948 2.538268 0.291457 780.000000 250.000000
13 314 6 14 0.550000 -0.053422 -0.129703 1.236430 1.235737 6.153483 690.000000 220.000000
13 315 6 15 1.200000 -0.241041 -0.263964 1.052794 1.052048 6.019222 650.000000 191.000000
13 316 6 16 0.700000 -0.175540 -0.210776 0.752181 0.751462 6.072410 674.000000 235.000000
13 317 6 17 0.200000 0.095449 -0.008163 1.470280 1.469523 6.275022 718.000000 205.000000
13 318 6 18 0.150000 0.472871 -0.030760 1.269803 1.269135 6.252426 712.000000 190.000000
13 319 6 19 0.600000 -0.106241 0.148386 1.119380 1.118848 0.148386 749.000000 256.000000
13 320 6 20 1.400000 0.122920 0.153758 1.086183 1.085443 0.153758 762.000000 179.000000
13 321 6 21 0.400000 -0.394309 -0.135724 0.902448 0.901753 6.147461 689.000000 223.000000
13 322 6 22 0.300000 -0.136080 -0.267540 0.869098 0.868357 6.015645 666.000000 253.000000
13 323 6 23 1.350000 -0.395562 -0.395128 0.919166 0.918454 5.888058 632.000000 239.000000
13 324 6 24 1.350000 -0.314243 -0.371856 1.269855 1.269135 5.911329 642.000000 250.000000
13 325 6 25 1.650000 -0.176809 -0.165149 1.420095 1.419429 6.118037 681.000000 216.000000
13 326 6 26 1.150000 0.169787 0.241118 1.069404 1.068746 0.241118 780.000000 206.000000
13 327 6 27 1.650000 -0.166355 -0.189988 1.119530 1.118843 6.093197 675.000000 216.000000
13 328 6 28 0.750000 0.244967 0.378909 1.353284 1.352625 0.378909 806.000000 234.000000
13 329 6 29 1.150000 0.106900 0.199289 1.019389 1.018648 0.199289 761.000000 247.000000
13 330 6 30 1.600000 0.745587 0.679776 0.869094 0.868356 0.679776 876.000000 257.000000
13 331 6 31 0.300000 0.240131 -0.081161 2.839607 2.838853 6.202024 703.000000 241.000000
13 332 6 32 0.900000 0.179672 0.308053 2.004663 2.003894 0.308053 783.000000 252.000000
13 333 6 33 0.950000 -0.084471 -0.186643 1.219752 1.219036 6.096542 676.000000 217.000000
13 334 6 34 0.700000 0.085538 0.025375 1.370006 1.369330 0.025375 725.000000 253.000000
13 335 6 35 1.000000 0.239437 0.244979 4.258976 4.258282 0.244979 786.000000 186.000000
13 336 6 36 0.550000 -0.113046 -0.372269 1.570400 1.569719 5.910916 638.000000 240.000000
13 337 6 37 0.500000 -0.908209 -0.437105 1.019366 1.018648 5.846080 613.000000 221.000000
13 338 6 38 1.100000 0.074004 0.070992 1.219779 1.219037 0.070992 736.000000 225.000000
13 339 6 39 0.900000 0.335042 0.284730 1.453579 1.452827 0.284730 780.000000 245.000000
13 340 6 40 1.100000 -0.472874 -0.563706 1.670663 1.669914 5.719479 598.000000 257.000000
13 341 6 41 0.900000 -0.748257 -0.627563 1.486947 1.486224 5.655622 580.000000 257.000000
13 342 6 42 0.850000 -0.307710 -0.279859 1.219752 1.219036 6.003326 647.000000 196.000000
13 343 6 43 0.300000 -0.176215 -0.352309 0.902520 0.901753 5.930877 645.000000 246.000000
13 344 6 44 0.900000 0.601619 0.473263 1.136214 1.135544 0.473263 826.000000 243.000000
13 345 6 45 0.200000 0.027209 0.031953 0.985974 0.985250 0.031953 727.000000 231.000000
13 346 6 46 0.550000 -0.186537 -0.281571 1.536985 1.536330 6.001614 650.000000 208.000000
13 347 6 47 1.300000 0.193418 0.218669 1.286535 1.285835 0.218669 772.000000 216.000000
13 348 6 48 1.550000 -0.057389 -0.098337 0.986017 0.985249 6.184849 698.000000 227.000000
13 349 6 49 1.700000 0.365817 0.403175 1.102832 1.102146 0.403175 810.000000 239.000000
13 350 6 50 0.400000 -0.000220 -0.099669 1.553567 1.553025 6.183517 698.000000 230.000000
13 351 6 51 0.650000 0.042481 -0.131972 1.219726 1.219038 6.151213 690.000000 224.000000
13 352 6 52 0.150000 -0.327442 -0.274449 0.902342 0.901760 6.008737 662.000000 244.000000
13 353 6 53 1.500000 0.009182 0.009478 1.119549 1.118843 0.009478 722.000000 239.000000
13 354 6 54 0.900000 -0.159377 -0.348392 1.086153 1.085445 5.934793 643.000000 238.000000
13 355 6 55 0.350000 -0.147105 -0.253494 1.036096 1.035347 6.029691 670.000000 257.000000
13 356 6 56 1.750000 -0.393050 -0.479328 1.453504 1.452825 5.803857 549.000000 121.000000
13 357 6 57 1.600000 0.192152 0.209640 0.818988 0.818259 0.209640 760.000000 262.000000
13 358 6 58 1.150000 -0.277014 -0.391637 1.203045 1.202338 5.891549 599.000000 157.000000
13 359 6 59 0.350000 0.499295 0.868539 0.835611 0.834959 0.868539 902.000000 296.000000
13 360 6 60 1.250000 0.269681 0.290087 0.935831 0.935151 0.290087 780.000000 249.000000
13 000 0 01 -99.000000 -99.000000 -0.025311 3.591042 3.590314 6.257874 714.000000 213.000000
13 000 0 02 -99.000000 -99.000000 -0.017776 4.593025 4.592263 6.265409 712.000000 0.000000
13 000 0 03 -99.000000 -99.000000 -0.019997 2.371989 2.371279 6.263188 711.000000 0.000000
13 000 0 04 -99.000000 -99.000000 -0.017776 1.603809 1.603117 6.265409 712.000000 0.000000
13 000 0 05 -99.000000 -99.000000 -0.016996 1.737388 1.736710 6.266190 714.000000 97.000000
13 000 0 06 -99.000000 -99.000000 -0.008043 1.737404 1.736713 6.275143 717.000000 77.000000
13 000 0 07 -99.000000 -99.000000 -0.021349 2.672630 2.671857 6.261836 714.000000 169.000000
13 000 0 08 -99.000000 -99.000000 -0.024440 2.238376 2.237685 6.258746 709.000000 0.000000
13 000 0 09 -99.000000 -99.000000 -0.022035 2.405384 2.404677 6.261150 712.000000 87.000000
13 000 0 10 -99.000000 -99.000000 -0.019997 2.873012 2.872249 6.263188 711.000000 0.000000
13 000 0 11 -99.000000 -99.000000 -0.022504 4.292444 4.291676 6.260681 713.000000 139.000000
13 000 0 12 -99.000000 -99.000000 -0.024440 2.171541 2.170887 6.258746 709.000000 0.000000
13 000 0 13 -99.000000 -99.000000 -0.021894 2.589035 2.588369 6.261291 711.000000 39.000000
13 000 0 14 -99.000000 -99.000000 -0.019997 2.839515 2.838851 6.263188 711.000000 0.000000
13 000 0 15 -99.000000 -99.000000 -0.019997 2.756064 2.755356 6.263188 711.000000 0.000000
