  5   1  1  1 FH_T13.jpeg H   2 0 A 3.825956 0 0
  5   2  1  2 FA_T13.jpeg A   2 1 H 3.876614 0 0
  5   3  1  3 FH_T0.jpeg H   5 1 H 1.518015 0 0
  5   4  1  4 FA_T20.jpeg A   1 0 A 0.699527 0 0
  5   5  1  5 FA_T9.jpeg A   3 1 H 0.937631 0 0
  5   6  1  6 FH_T0.jpeg H   5 1 H 0.722546 0 0
  5   7  1  7 FA_T20.jpeg A   1 0 A 0.670904 0 0
  5   8  1  8 FA_T13.jpeg A   2 1 H 2.292028 0 0
  5   9  1  9 FA_T13.jpeg A   2 1 H 0.676707 0 0
  5  10  1 10 FA_T6.jpeg A   4 1 H 1.365090 0 0
  5  11  1 11 FA_T6.jpeg A   4 1 H 0.728703 0 0
  5  12  1 12 FA_T20.jpeg A   1 0 A 0.692940 0 0
  5  13  1 13 FA_T9.jpeg A   3 1 H 0.729589 0 0
  5  14  1 14 FA_T20.jpeg A   1 0 A 0.671592 0 0
  5  15  1 15 FH_T13.jpeg H   2 0 A 1.178696 0 0
  5  16  1 16 FA_T9.jpeg A   3 1 H 0.733874 0 0
  5  17  1 17 FH_T13.jpeg H   2 0 A 0.698818 0 0
  5  18  1 18 FH_T20.jpeg H   1 0 A 0.728904 0 0
  5  19  1 19 FA_T20.jpeg A   1 0 A 0.607336 0 0
  5  20  1 20 FA_T20.jpeg A   1 0 A 0.624280 0 0
  5  21  1 21 FA_T20.jpeg A   1 0 A 0.658346 0 0
  5  22  1 22 FH_T20.jpeg H   1 0 A 0.549044 0 0
  5  23  1 23 FH_T20.jpeg H   1 0 A 0.658718 0 0
  5  24  1 24 FH_T13.jpeg H   2 0 A 1.524731 0 0
  5  25  1 25 FA_T6.jpeg A   4 1 H 0.883556 0 0
  5  26  1 26 FA_T20.jpeg A   1 0 A 0.659335 0 0
  5  27  1 27 FH_T13.jpeg H   2 0 A 1.323819 0 0
  5  28  1 28 FH_T20.jpeg H   1 0 A 0.618643 0 0
  5  29  1 29 FH_T13.jpeg H   2 1 H 1.433035 0 0
  5  30  1 30 FA_T0.jpeg A   5 1 H 1.184283 0 0
  5  31  1 31 FH_T20.jpeg H   1 0 A 0.577633 0 0
  5  32  1 32 FH_T20.jpeg H   1 0 A 0.556292 0 0
  5  33  1 33 FA_T0.jpeg A   5 1 H 0.867322 0 0
  5  34  1 34 FA_T0.jpeg A   5 1 H 1.281847 0 0
  5  35  1 35 FA_T0.jpeg A   5 1 H 0.930448 0 0
  5  36  1 36 FA_T0.jpeg A   5 1 H 0.583636 0 0
  5  37  1 37 FH_T20.jpeg H   1 0 A 0.625502 0 0
  5  38  1 38 FA_T6.jpeg A   4 1 H 0.405733 0 0
  5  39  1 39 FA_T20.jpeg A   1 0 A 0.497490 0 0
  5  40  1 40 FH_T9.jpeg H   3 1 H 1.586896 0 0
  5  41  1 41 FH_T0.jpeg H   5 1 H 0.474054 0 0
  5  42  1 42 FA_T13.jpeg A   2 1 H 1.433014 0 0
  5  43  1 43 FA_T0.jpeg A   5 1 H 0.613176 0 0
  5  44  1 44 FH_T0.jpeg H   5 1 H 0.549345 0 0
  5  45  1 45 FH_T9.jpeg H   3 1 H 0.716479 0 0
  5  46  1 46 FH_T0.jpeg H   5 1 H 0.480452 0 0
  5  47  1 47 FH_T0.jpeg H   5 1 H 0.473382 0 0
  5  48  1 48 FH_T0.jpeg H   5 1 H 0.608013 0 0
  5  49  1 49 FA_T0.jpeg A   5 1 H 0.735332 0 0
  5  50  1 50 FA_T20.jpeg A   1 0 A 0.503151 0 0
  5  51  1 51 FH_T0.jpeg H   5 1 H 1.355792 0 0
  5  52  1 52 FA_T13.jpeg A   2 0 A 2.388609 0 0
  5  53  1 53 FA_T9.jpeg A   3 1 H 1.196429 0 0
  5  54  1 54 FA_T0.jpeg A   5 1 H 0.539012 0 0
  5  55  1 55 FH_T0.jpeg H   5 1 H 0.514666 0 0
  5  56  1 56 FH_T0.jpeg H   5 1 H 1.552726 0 0
  5  57  1 57 FH_T0.jpeg H   5 1 H 0.475174 0 0
  5  58  1 58 FH_T0.jpeg H   5 1 H 0.422515 0 0
  5  59  1 59 FA_T13.jpeg A   2 0 A 0.913956 0 0
  5  60  1 60 FH_T20.jpeg H   1 0 A 0.941299 0 0
  5  61  1 61 FH_T13.jpeg H   2 0 A 0.733754 0 0
  5  62  1 62 FH_T0.jpeg H   5 1 H 0.663975 0 0
  5  63  1 63 FA_T9.jpeg A   3 1 H 2.025592 0 0
  5  64  1 64 FH_T9.jpeg H   3 0 A 2.381564 0 0
  5  65  1 65 FH_T6.jpeg H   4 1 H 1.246536 0 0
  5  66  1 66 FA_T20.jpeg A   1 0 A 0.722267 0 0
  5  67  1 67 FA_T9.jpeg A   3 1 H 2.361315 0 0
  5  68  1 68 FH_T9.jpeg H   3 0 A 4.427646 0 0
  5  69  1 69 FA_T6.jpeg A   4 1 H 0.923772 0 0
  5  70  1 70 FA_T0.jpeg A   5 1 H 0.665757 0 0
  5  71  1 71 FH_T20.jpeg H   1 0 A 0.561127 0 0
  5  72  1 72 FH_T9.jpeg H   3 1 H 4.656597 0 0
  5  73  1 73 FH_T6.jpeg H   4 1 H 0.612586 0 0
  5  74  1 74 FH_T0.jpeg H   5 1 H 0.629582 0 0
  5  75  1 75 FA_T6.jpeg A   4 1 H 1.276621 0 0
  5  76  1 76 FA_T6.jpeg A   4 1 H 0.561988 0 0
  5  77  1 77 FH_T0.jpeg H   5 1 H 0.578384 0 0
  5  78  1 78 FA_T6.jpeg A   4 1 H 0.723355 0 0
  5  79  1 79 FH_T20.jpeg H   1 0 A 0.675714 0 0
  5  80  1 80 FA_T0.jpeg A   5 1 H 0.496447 0 0
  5  81  1 81 FA_T20.jpeg A   1 0 A 0.681627 0 0
  5  82  1 82 FA_T20.jpeg A   1 0 A 0.503575 0 0
  5  83  1 83 FA_T0.jpeg A   5 1 H 0.555440 0 0
  5  84  1 84 FA_T20.jpeg A   1 0 A 0.617031 0 0
  5  85  1 85 FA_T20.jpeg A   1 0 A 0.473244 0 0
  5  86  1 86 FA_T20.jpeg A   1 0 A 0.508087 0 0
  5  87  1 87 FA_T13.jpeg A   2 0 A 0.849189 0 0
  5  88  1 88 FA_T0.jpeg A   5 1 H 2.020939 0 0
  5  89  1 89 FH_T0.jpeg H   5 1 H 0.570454 0 0
  5  90  1 90 FA_T0.jpeg A   5 1 H 0.658892 0 0
  5  91  1 91 FA_T20.jpeg A   1 0 A 0.601119 0 0
  5  92  1 92 FH_T6.jpeg H   4 1 H 0.958552 0 0
  5  93  1 93 FH_T20.jpeg H   1 0 A 0.497308 0 0
  5  94  1 94 FH_T9.jpeg H   3 1 H 3.944487 0 0
  5  95  1 95 FA_T9.jpeg A   3 1 H 1.268700 0 0
  5  96  1 96 FA_T13.jpeg A   2 0 A 1.475405 0 0
  5  97  1 97 FA_T0.jpeg A   5 1 H 0.595497 0 0
  5  98  1 98 FA_T0.jpeg A   5 1 H 0.584202 0 0
  5  99  1 99 FA_T0.jpeg A   5 1 H 0.594413 0 0
  5 100  1 100 FH_T20.jpeg H   1 0 A 0.583677 0 0
  5 101  1 101 FH_T13.jpeg H   2 0 A 0.519790 0 0
  5 102  1 102 FA_T6.jpeg A   4 1 H 0.946459 0 0
  5 103  1 103 FH_T9.jpeg H   3 1 H 0.865985 0 0
  5 104  1 104 FH_T20.jpeg H   1 0 A 0.578594 0 0
  5 105  1 105 FH_T6.jpeg H   4 1 H 0.745128 0 0
  5 106  1 106 FA_T0.jpeg A   5 1 H 0.564927 0 0
  5 107  1 107 FA_T20.jpeg A   1 0 A 0.565796 0 0
  5 108  1 108 FH_T0.jpeg H   5 1 H 0.427987 0 0
  5 109  1 109 FH_T0.jpeg H   5 1 H 0.491978 0 0
  5 110  1 110 FA_T20.jpeg A   1 0 A 0.728348 0 0
  5 111  1 111 FH_T20.jpeg H   1 0 A 0.612208 0 0
  5 112  1 112 FH_T9.jpeg H   3 0 A 5.154179 0 0
  5 113  1 113 FH_T13.jpeg H   2 0 A 0.462819 0 0
  5 114  1 114 FA_T0.jpeg A   5 1 H 0.486134 0 0
  5 115  1 115 FA_T0.jpeg A   5 1 H 0.600513 0 0
  5 116  1 116 FH_T20.jpeg H   1 0 A 0.686301 0 0
  5 117  1 117 FH_T9.jpeg H   3 0 A 2.542824 0 0
  5 118  1 118 FA_T0.jpeg A   5 1 H 0.526233 0 0
  5 119  1 119 FH_T20.jpeg H   1 0 A 0.721888 0 0
  5 120  1 120 FH_T9.jpeg H   3 1 H 1.303008 0 0
  5 121  1 121 FA_T20.jpeg A   1 0 A 0.617794 0 0
  5 122  1 122 FA_T20.jpeg A   1 0 A 0.797536 0 0
  5 123  1 123 FA_T0.jpeg A   5 1 H 0.578251 0 0
  5 124  1 124 FH_T20.jpeg H   1 0 A 0.485771 0 0
  5 125  1 125 FA_T0.jpeg A   5 1 H 0.445154 0 0
  5 126  1 126 FA_T20.jpeg A   1 0 A 0.686647 0 0
  5 127  1 127 FH_T0.jpeg H   5 1 H 0.480590 0 0
  5 128  1 128 FA_T9.jpeg A   3 1 H 1.056589 0 0
  5 129  1 129 FH_T20.jpeg H   1 0 A 0.646316 0 0
  5 130  1 130 FA_T0.jpeg A   5 1 H 0.480093 0 0
  5 131  1 131 FH_T20.jpeg H   1 0 A 0.732940 0 0
  5 132  1 132 FH_T9.jpeg H   3 1 H 1.282277 0 0
  5 133  1 133 FH_T20.jpeg H   1 0 A 1.050549 0 0
  5 134  1 134 FA_T20.jpeg A   1 0 A 0.554903 0 0
  5 135  1 135 FA_T20.jpeg A   1 0 A 0.986403 0 0
  5 136  1 136 FH_T0.jpeg H   5 1 H 0.859484 0 0
  5 137  1 137 FH_T9.jpeg H   3 1 H 2.165144 0 0
  5 138  1 138 FH_T0.jpeg H   5 1 H 0.492020 0 0
  5 139  1 139 FA_T20.jpeg A   1 0 A 0.778568 0 0
  5 140  1 140 FH_T9.jpeg H   3 0 A 2.898976 0 0
  5 141  1 141 FA_T0.jpeg A   5 1 H 0.519562 0 0
  5 142  1 142 FH_T13.jpeg H   2 0 A 1.032977 0 0
  5 143  1 143 FH_T20.jpeg H   1 0 A 0.567317 0 0
  5 144  1 144 FH_T20.jpeg H   1 0 A 0.838394 0 0
  5 145  1 145 FA_T0.jpeg A   5 1 H 0.657471 0 0
  5 146  1 146 FA_T13.jpeg A   2 0 A 1.090634 0 0
  5 147  1 147 FH_T20.jpeg H   1 0 A 0.890262 0 0
  5 148  1 148 FH_T20.jpeg H   1 0 A 0.917039 0 0
  5 149  1 149 FH_T0.jpeg H   5 1 H 0.624466 0 0
  5 150  1 150 FA_T20.jpeg A   1 0 A 0.601174 0 0
  5 151  1 151 FH_T0.jpeg H   5 1 H 1.816208 0 0
  5 152  1 152 FH_T0.jpeg H   5 1 H 0.427962 0 0
  5 153  1 153 FH_T13.jpeg H   2 0 A 0.760813 0 0
  5 154  1 154 FA_T13.jpeg A   2 0 A 0.714869 0 0
  5 155  1 155 FA_T20.jpeg A   1 0 A 0.634929 0 0
  5 156  1 156 FA_T9.jpeg A   3 1 H 0.986302 0 0
  5 157  1 157 FA_T6.jpeg A   4 1 H 0.641151 0 0
  5 158  1 158 FA_T20.jpeg A   1 0 A 0.497466 0 0
  5 159  1 159 FA_T20.jpeg A   1 0 A 0.496581 0 0
  5 160  1 160 FH_T20.jpeg H   1 0 A 0.503572 0 0
  5 161  1 161 FA_T0.jpeg A   5 1 H 0.605907 0 0
  5 162  1 162 FA_T13.jpeg A   2 0 A 0.876167 0 0
  5 163  1 163 FA_T20.jpeg A   1 0 A 0.556174 0 0
  5 164  1 164 FH_T20.jpeg H   1 0 A 0.519600 0 0
  5 165  1 165 FA_T20.jpeg A   1 0 A 0.468900 0 0
  5 166  1 166 FA_T20.jpeg A   1 0 A 0.520529 0 0
  5 167  1 167 FH_T0.jpeg H   5 1 H 0.683667 0 0
  5 168  1 168 FH_T0.jpeg H   5 1 H 1.107863 0 0
  5 169  1 169 FH_T20.jpeg H   1 0 A 0.813919 0 0
  5 170  1 170 FA_T20.jpeg A   1 0 A 0.503229 0 0
  5 171  1 171 FH_T0.jpeg H   5 1 H 0.538013 0 0
  5 172  1 172 FA_T13.jpeg A   2 0 A 0.997636 0 0
  5 173  1 173 FA_T13.jpeg A   2 0 A 1.424643 0 0
  5 174  1 174 FA_T0.jpeg A   5 1 H 0.526052 0 0
  5 175  1 175 FA_T0.jpeg A   5 1 H 0.428313 0 0
  5 176  1 176 FH_T0.jpeg H   5 1 H 0.555400 0 0
  5 177  1 177 FH_T6.jpeg H   4 1 H 1.212382 0 0
  5 178  1 178 FA_T20.jpeg A   1 0 A 0.531841 0 0
  5 179  1 179 FA_T0.jpeg A   5 1 H 0.693040 0 0
  5 180  1 180 FA_T9.jpeg A   3 1 H 2.206993 0 0
  5 181  1 181 FH_T20.jpeg H   1 0 A 0.578035 0 0
  5 182  1 182 FA_T20.jpeg A   1 0 A 0.618707 0 0
  5 183  1 183 FA_T20.jpeg A   1 0 A 0.427509 0 0
  5 184  1 184 FA_T0.jpeg A   5 1 H 0.496386 0 0
  5 185  1 185 FA_T0.jpeg A   5 1 H 0.422006 0 0
  5 186  1 186 FA_T9.jpeg A   3 1 H 4.955224 0 0
  5 187  1 187 FH_T20.jpeg H   1 0 A 0.548671 0 0
  5 188  1 188 FA_T9.jpeg A   3 1 H 0.763081 0 0
  5 189  1 189 FA_T0.jpeg A   5 1 H 0.659629 0 0
  5 190  1 190 FA_T20.jpeg A   1 0 A 0.560537 0 0
  5 191  1 191 FH_T20.jpeg H   1 0 A 0.589049 0 0
  5 192  1 192 FH_T6.jpeg H   4 1 H 2.127002 0 0
  5 193  1 193 FA_T9.jpeg A   3 1 H 0.768560 0 0
  5 194  1 194 FH_T20.jpeg H   1 0 A 0.525251 0 0
  5 195  1 195 FH_T13.jpeg H   2 0 A 0.624208 0 0
  5 196  1 196 FA_T6.jpeg A   4 1 H 0.675588 0 0
  5 197  1 197 FH_T0.jpeg H   5 1 H 0.485576 0 0
  5 198  1 198 FH_T20.jpeg H   1 0 A 0.727109 0 0
  5 199  1 199 FH_T9.jpeg H   3 0 A 3.061786 0 0
  5 200  1 200 FH_T6.jpeg H   4 1 H 0.773926 0 0
  5 201  1 201 FA_T9.jpeg A   3 1 H 0.809171 0 0
  5 202  1 202 FA_T13.jpeg A   2 0 A 1.049582 0 0
  5 203  1 203 FH_T20.jpeg H   1 0 A 0.588870 0 0
  5 204  1 204 FH_T0.jpeg H   5 1 H 0.537467 0 0
  5 205  1 205 FA_T0.jpeg A   5 1 H 0.675638 0 0
  5 206  1 206 FA_T6.jpeg A   4 1 H 0.761593 0 0
  5 207  1 207 FA_T20.jpeg A   1 0 A 0.733457 0 0
  5 208  1 208 FA_T0.jpeg A   5 1 H 0.526560 0 0
  5 209  1 209 FA_T20.jpeg A   1 0 A 0.491806 0 0
  5 210  1 210 FA_T20.jpeg A   1 0 A 0.663924 0 0
  5 211  1 211 FA_T20.jpeg A   1 0 A 0.398964 0 0
  5 212  1 212 FA_T9.jpeg A   3 1 H 0.956931 0 0
  5 213  1 213 FH_T0.jpeg H   5 1 H 0.474867 0 0
  5 214  1 214 FA_T0.jpeg A   5 1 H 0.910728 0 0
  5 215  1 215 FH_T20.jpeg H   1 0 A 0.456481 0 0
  5 216  1 216 FH_T20.jpeg H   1 0 A 0.457041 0 0
  5 217  1 217 FH_T0.jpeg H   5 1 H 0.657519 0 0
  5 218  1 218 FH_T13.jpeg H   2 0 A 0.813945 0 0
  5 219  1 219 FH_T20.jpeg H   1 0 A 0.474808 0 0
  5 220  1 220 FH_T6.jpeg H   4 1 H 0.859712 0 0
  5 221  1 221 FH_T0.jpeg H   5 1 H 0.589647 0 0
  5 222  1 222 FA_T13.jpeg A   2 0 A 0.905651 0 0
  5 223  1 223 FH_T0.jpeg H   5 1 H 0.691959 0 0
  5 224  1 224 FH_T20.jpeg H   1 0 A 0.588853 0 0
  5 225  1 225 FH_T13.jpeg H   2 0 A 0.577304 0 0
  5 226  1 226 FA_T20.jpeg A   1 0 A 0.681117 0 0
  5 227  1 227 FH_T20.jpeg H   1 0 A 0.542610 0 0
  5 228  1 228 FH_T0.jpeg H   5 1 H 0.456521 0 0
  5 229  1 229 FA_T0.jpeg A   5 1 H 0.450782 0 0
  5 230  1 230 FH_T0.jpeg H   5 1 H 0.640350 0 0
  5 231  1 231 FH_T20.jpeg H   1 0 A 0.496868 0 0
  5 232  1 232 FH_T9.jpeg H   3 0 A 3.637338 0 0
  5 233  1 233 FA_T9.jpeg A   3 1 H 0.675220 0 0
  5 234  1 234 FH_T20.jpeg H   1 0 A 0.751023 0 0
  5 235  1 235 FA_T6.jpeg A   4 1 H 0.491452 0 0
  5 236  1 236 FH_T0.jpeg H   5 1 H 0.450440 0 0
  5 237  1 237 FA_T0.jpeg A   5 1 H 0.411024 0 0
  5 238  1 238 FH_T13.jpeg H   2 0 A 0.571929 0 0
  5 239  1 239 FH_T20.jpeg H   1 0 A 0.583639 0 0
  5 240  1 240 FH_T20.jpeg H   1 0 A 0.410073 0 0
  5 241  1 241 FH_T13.jpeg H   2 0 A 0.630394 0 0
  5 242  1 242 FA_T0.jpeg A   5 1 H 0.480570 0 0
  5 243  1 243 FA_T9.jpeg A   3 1 H 2.252746 0 0
  5 244  1 244 FA_T20.jpeg A   1 0 A 0.905328 0 0
  5 245  1 245 FH_T20.jpeg H   1 0 A 0.520236 0 0
  5 246  1 246 FH_T9.jpeg H   3 1 H 1.622111 0 0
  5 247  1 247 FH_T13.jpeg H   2 0 A 1.105696 0 0
  5 248  1 248 FH_T0.jpeg H   5 1 H 0.491502 0 0
  5 249  1 249 FA_T20.jpeg A   1 0 A 0.497369 0 0
  5 250  1 250 FH_T20.jpeg H   1 0 A 0.554453 0 0
  5 251  1 251 FA_T0.jpeg A   5 1 H 0.802835 0 0
  5 252  1 252 FH_T0.jpeg H   5 1 H 0.393044 0 0
  5 253  1 253 FA_T20.jpeg A   1 0 A 0.439006 0 0
  5 254  1 254 FH_T0.jpeg H   5 1 H 0.480155 0 0
  5 255  1 255 FH_T0.jpeg H   5 1 H 0.582625 0 0
  5 256  1 256 FH_T20.jpeg H   1 0 A 0.490778 0 0
  5 257  1 257 FA_T13.jpeg A   2 0 A 0.784956 0 0
  5 258  1 258 FA_T6.jpeg A   4 1 H 0.445887 0 0
  5 259  1 259 FA_T0.jpeg A   5 1 H 0.468116 0 0
  5 260  1 260 FH_T0.jpeg H   5 1 H 0.410064 0 0
  5 261  1 261 FA_T0.jpeg A   5 1 H 0.479596 0 0
  5 262  1 262 FH_T9.jpeg H   3 0 A 1.907652 0 0
  5 263  1 263 FH_T20.jpeg H   1 0 A 0.468796 0 0
  5 264  1 264 FH_T13.jpeg H   2 0 A 0.578376 0 0
  5 265  1 265 FH_T0.jpeg H   5 1 H 0.398905 0 0
  5 266  1 266 FH_T0.jpeg H   5 1 H 0.779040 0 0
  5 267  1 267 FH_T20.jpeg H   1 0 A 0.536486 0 0
  5 268  1 268 FA_T9.jpeg A   3 1 H 1.539953 0 0
  5 269  1 269 FH_T6.jpeg H   4 1 H 0.600315 0 0
  5 270  1 270 FH_T20.jpeg H   1 0 A 0.549529 0 0
  5 271  1 271 FA_T20.jpeg A   1 0 A 0.538158 0 0
  5 272  1 272 FH_T20.jpeg H   1 0 A 0.530932 0 0
  5 273  1 273 FH_T0.jpeg H   5 1 H 0.876738 0 0
  5 274  1 274 FH_T0.jpeg H   5 1 H 0.665239 0 0
  5 275  1 275 FH_T0.jpeg H   5 1 H 0.461949 0 0
  5 276  1 276 FA_T0.jpeg A   5 1 H 1.044003 0 0
  5 277  1 277 FA_T6.jpeg A   4 1 H 0.739822 0 0
  5 278  1 278 FH_T0.jpeg H   5 1 H 0.434370 0 0
  5 279  1 279 FA_T13.jpeg A   2 0 A 0.710695 0 0
  5 280  1 280 FH_T20.jpeg H   1 0 A 0.657929 0 0
  5 281  1 281 FH_T0.jpeg H   5 1 H 0.451494 0 0
  5 282  1 282 FH_T0.jpeg H   5 1 H 0.445998 0 0
  5 283  1 283 FA_T20.jpeg A   1 0 A 0.566505 0 0
  5 284  1 284 FH_T20.jpeg H   1 0 A 0.549548 0 0
  5 285  1 285 FA_T0.jpeg A   5 1 H 0.543966 0 0
  5 286  1 286 FA_T9.jpeg A   3 1 H 0.386671 0 0
  5 287  1 287 FH_T20.jpeg H   1 0 A 0.410785 0 0
  5 288  1 288 FA_T9.jpeg A   3 1 H 0.738516 0 0
  5 289  1 289 FH_T20.jpeg H   1 0 A 0.628000 0 0
  5 290  1 290 FH_T20.jpeg H   1 0 A 0.951775 0 0
  5 291  1 291 FH_T20.jpeg H   1 0 A 0.479143 0 0
  5 292  1 292 FH_T20.jpeg H   1 0 A 0.508195 0 0
  5 293  1 293 FA_T20.jpeg A   1 0 A 0.646131 0 0
  5 294  1 294 FA_T0.jpeg A   5 1 H 0.577801 0 0
  5 295  1 295 FA_T0.jpeg A   5 1 H 0.428304 0 0
  5 296  1 296 FA_T20.jpeg A   1 0 A 0.531582 0 0
  5 297  1 297 FH_T9.jpeg H   3 1 H 1.188491 0 0
  5 298  1 298 FA_T6.jpeg A   4 1 H 0.565839 0 0
  5 299  1 299 FH_T20.jpeg H   1 0 A 0.525958 0 0
  5 300  1 300 FH_T20.jpeg H   1 0 A 0.462762 0 0
  5 301  1 301 FA_T0.jpeg A   5 1 H 0.606016 0 0
  5 302  1 302 FH_T9.jpeg H   3 1 H 1.682607 0 0
  5 303  1 303 FH_T0.jpeg H   5 1 H 0.434527 0 0
  5 304  1 304 FH_T9.jpeg H   3 1 H 1.038479 0 0
  5 305  1 305 FH_T0.jpeg H   5 1 H 0.461850 0 0
  5 306  1 306 FA_T0.jpeg A   5 1 H 0.629374 0 0
  5 307  1 307 FA_T6.jpeg A   4 1 H 0.393537 0 0
  5 308  1 308 FA_T20.jpeg A   1 0 A 0.491814 0 0
  5 309  1 309 FA_T0.jpeg A   5 1 H 0.496985 0 0
  5 310  1 310 FA_T6.jpeg A   4 1 H 0.802063 0 0
  5 311  1 311 FH_T13.jpeg H   2 0 A 1.034303 0 0
  5 312  1 312 FH_T0.jpeg H   5 1 H 3.237039 0 0
  5 313  1 313 FA_T0.jpeg A   5 1 H 0.543266 0 0
  5 314  1 314 FA_T20.jpeg A   1 0 A 0.536984 0 0
  5 315  1 315 FH_T13.jpeg H   2 0 A 0.876870 0 0
  5 316  1 316 FA_T0.jpeg A   5 1 H 0.479146 0 0
  5 317  1 317 FH_T20.jpeg H   1 0 A 0.595821 0 0
  5 318  1 318 FA_T13.jpeg A   2 0 A 0.645683 0 0
  5 319  1 319 FA_T0.jpeg A   5 1 H 0.450466 0 0
  5 320  1 320 FA_T9.jpeg A   3 1 H 0.381792 0 0
  5 321  1 321 FH_T0.jpeg H   5 1 H 0.415693 0 0
  5 322  1 322 FH_T0.jpeg H   5 1 H 0.364117 0 0
  5 323  1 323 FA_T9.jpeg A   3 1 H 0.652164 0 0
  5 324  1 324 FA_T0.jpeg A   5 1 H 0.445831 0 0
  5 325  1 325 FH_T0.jpeg H   5 1 H 0.404985 0 0
  5 326  1 326 FA_T13.jpeg A   2 0 A 0.651098 0 0
  5 327  1 327 FH_T0.jpeg H   5 1 H 0.532254 0 0
  5 328  1 328 FA_T20.jpeg A   1 0 A 1.026476 0 0
  5 329  1 329 FA_T0.jpeg A   5 1 H 0.556341 0 0
  5 330  1 330 FA_T0.jpeg A   5 1 H 0.763186 0 0
  5 331  1 331 FA_T6.jpeg A   4 1 H 0.416086 0 0
  5 332  1 332 FA_T20.jpeg A   1 0 A 0.555679 0 0
  5 333  1 333 FA_T0.jpeg A   5 1 H 0.497964 0 0
  5 334  1 334 FA_T0.jpeg A   5 1 H 0.445127 0 0
  5 335  1 335 FH_T6.jpeg H   4 1 H 0.687885 0 0
  5 336  1 336 FH_T0.jpeg H   5 1 H 0.415780 0 0
  5 337  1 337 FA_T0.jpeg A   5 1 H 0.427650 0 0
  5 338  1 338 FA_T0.jpeg A   5 1 H 0.398516 0 0
  5 339  1 339 FA_T0.jpeg A   5 1 H 0.353379 0 0
  5 340  1 340 FH_T20.jpeg H   1 0 A 0.566195 0 0
  5 341  1 341 FA_T0.jpeg A   5 1 H 0.468548 0 0
  5 342  1 342 FH_T13.jpeg H   2 0 A 0.658734 0 0
  5 343  1 343 FA_T0.jpeg A   5 1 H 0.416157 0 0
  5 344  1 344 FH_T13.jpeg H   2 0 A 1.038733 0 0
  5 345  1 345 FA_T9.jpeg A   3 1 H 1.216763 0 0
  5 346  1 346 FA_T20.jpeg A   1 0 A 0.560429 0 0
  5 347  1 347 FH_T6.jpeg H   4 1 H 0.628837 0 0
  5 348  1 348 FH_T0.jpeg H   5 1 H 0.542520 0 0
  5 349  1 349 FH_T0.jpeg H   5 1 H 0.462141 0 0
  5 350  1 350 FH_T13.jpeg H   2 0 A 0.687384 0 0
  5 351  1 351 FH_T20.jpeg H   1 0 A 0.560412 0 0
  5 352  1 352 FA_T0.jpeg A   5 1 H 0.508733 0 0
  5 353  1 353 FA_T20.jpeg A   1 0 A 0.629173 0 0
  5 354  1 354 FA_T20.jpeg A   1 0 A 0.877522 0 0
  5 355  1 355 FA_T20.jpeg A   1 0 A 0.468009 0 0
  5 356  1 356 FA_T13.jpeg A   2 0 A 0.681357 0 0
  5 357  1 357 FA_T13.jpeg A   2 0 A 0.543753 0 0
  5 358  1 358 FA_T0.jpeg A   5 1 H 0.640933 0 0
  5 359  1 359 FH_T6.jpeg H   4 1 H 1.545061 0 0
  5 360  1 360 FH_T0.jpeg H   5 1 H 0.462080 0 0
  5 361  1 361 FH_T20.jpeg H   1 0 A 0.576572 0 0
  5 362  1 362 FA_T20.jpeg A   1 0 A 0.542881 0 0
  5 363  1 363 FH_T9.jpeg H   3 1 H 1.493614 0 0
  5 364  1 364 FH_T6.jpeg H   4 1 H 0.449921 0 0
  5 365  1 365 FH_T0.jpeg H   5 1 H 0.380986 0 0
  5 366  1 366 FH_T13.jpeg H   2 0 A 0.571128 0 0
  5 367  1 367 FH_T6.jpeg H   4 1 H 0.554043 0 0
  5 368  1 368 FH_T0.jpeg H   5 1 H 0.439469 0 0
  5 369  1 369 FA_T20.jpeg A   1 0 A 1.015216 0 0
  5 370  1 370 FA_T20.jpeg A   1 0 A 1.822821 0 0
  5 371  1 371 FA_T9.jpeg A   3 1 H 1.891545 0 0
  5 372  1 372 FH_T13.jpeg H   2 0 A 0.635392 0 0
  5 373  1 373 FH_T9.jpeg H   3 0 A 0.497178 0 0
  5 374  1 374 FA_T0.jpeg A   5 1 H 0.479514 0 0
  5 375  1 375 FA_T6.jpeg A   4 1 H 0.393476 0 0
  5 376  1 376 FA_T20.jpeg A   1 1 H 0.387306 0 0
  5 377  1 377 FA_T20.jpeg A   1 0 A 0.485652 0 0
  5 378  1 378 FA_T13.jpeg A   2 0 A 0.732428 0 0
  5 379  1 379 FH_T9.jpeg H   3 0 A 2.574864 0 0
  5 380  1 380 FH_T6.jpeg H   4 1 H 0.807778 0 0
  5 381  1 381 FH_T20.jpeg H   1 0 A 0.548252 0 0
  5 382  1 382 FH_T0.jpeg H   5 1 H 0.519866 0 0
  5 383  1 383 FH_T9.jpeg H   3 0 A 0.762938 0 0
  5 384  1 384 FH_T0.jpeg H   5 1 H 1.337102 0 0
  5 385  1 385 FH_T20.jpeg H   1 0 A 0.577832 0 0
  5 386  1 386 FA_T20.jpeg A   1 0 A 0.555055 0 0
  5 387  1 387 FA_T20.jpeg A   1 0 A 0.497093 0 0
  5 388  1 388 FA_T13.jpeg A   2 0 A 0.956159 0 0
  5 389  1 389 FH_T13.jpeg H   2 0 A 0.595099 0 0
  5 390  1 390 FH_T0.jpeg H   5 1 H 0.450909 0 0
  5 391  1 391 FH_T6.jpeg H   4 1 H 1.625547 0 0
  5 392  1 392 FH_T20.jpeg H   1 0 A 0.539074 0 0
  5 393  1 393 FA_T20.jpeg A   1 0 A 0.456988 0 0
  5 394  1 394 FH_T0.jpeg H   5 1 H 0.485670 0 0
  5 395  1 395 FA_T20.jpeg A   1 0 A 0.582804 0 0
  5 396  1 396 FA_T0.jpeg A   5 1 H 0.690725 0 0
  5 397  1 397 FH_T0.jpeg H   5 1 H 0.468148 0 0
  5 398  1 398 FH_T9.jpeg H   3 0 A 0.704181 0 0
  5 399  1 399 FH_T0.jpeg H   5 1 H 0.433479 0 0
  5 400  1 400 FH_T0.jpeg H   5 1 H 0.446571 0 0
  5 401  1 401 FH_T0.jpeg H   5 1 H 0.364583 0 0
  5 402  1 402 FH_T20.jpeg H   1 0 A 0.537034 0 0
  5 403  1 403 FH_T20.jpeg H   1 0 A 0.501637 0 0
  5 404  1 404 FA_T20.jpeg A   1 0 A 0.728186 0 0
  5 405  1 405 FA_T20.jpeg A   1 0 A 0.404593 0 0
  5 406  1 406 FH_T20.jpeg H   1 0 A 0.507713 0 0
  5 407  1 407 FA_T0.jpeg A   5 1 H 0.492179 0 0
  5 408  1 408 FA_T13.jpeg A   2 0 A 0.923094 0 0
  5 409  1 409 FA_T20.jpeg A   1 0 A 4.110612 0 0
  5 410  1 410 FH_T13.jpeg H   2 0 A 0.807373 0 0
  5 411  1 411 FH_T0.jpeg H   5 1 H 1.601979 0 0
  5 412  1 412 FH_T13.jpeg H   2 0 A 0.697401 0 0
  5 413  1 413 FA_T20.jpeg A   1 0 A 1.654565 0 0
  5 414  1 414 FA_T0.jpeg A   5 1 H 0.542982 0 0
  5 415  1 415 FA_T20.jpeg A   1 0 A 0.641201 0 0
  5 416  1 416 FH_T6.jpeg H   4 1 H 1.878449 0 0
  5 417  1 417 FA_T0.jpeg A   5 1 H 0.479977 0 0
  5 418  1 418 FA_T0.jpeg A   5 1 H 0.657959 0 0
  5 419  1 419 FH_T20.jpeg H   1 0 A 0.479769 0 0
  5 420  1 420 FA_T20.jpeg A   1 0 A 0.416574 0 0
  5 421  1 421 FA_T6.jpeg A   4 1 H 0.796547 0 0
  5 422  1 422 FA_T9.jpeg A   3 1 H 0.929274 0 0
  5 423  1 423 FH_T6.jpeg H   4 1 H 0.715879 0 0
  5 424  1 424 FA_T0.jpeg A   5 1 H 0.485608 0 0
  5 425  1 425 FA_T6.jpeg A   4 1 H 0.750200 0 0
  5 426  1 426 FH_T0.jpeg H   5 1 H 0.455797 0 0
  5 427  1 427 FA_T20.jpeg A   1 0 A 0.600137 0 0
  5 428  1 428 FH_T9.jpeg H   3 1 H 1.320503 0 0
  5 429  1 429 FA_T6.jpeg A   4 1 H 0.410402 0 0
  5 430  1 430 FH_T0.jpeg H   5 1 H 0.450863 0 0
  5 431  1 431 FH_T6.jpeg H   4 1 H 0.588774 0 0
  5 432  1 432 FA_T6.jpeg A   4 1 H 0.432989 0 0
  5 433  1 433 FA_T20.jpeg A   1 0 A 0.634809 0 0
  5 434  1 434 FH_T20.jpeg H   1 0 A 0.675016 0 0
  5 435  1 435 FH_T0.jpeg H   5 1 H 0.658464 0 0
  5 436  1 436 FA_T13.jpeg A   2 0 A 0.754875 0 0
  5 437  1 437 FH_T0.jpeg H   5 1 H 0.686912 0 0
  5 438  1 438 FH_T9.jpeg H   3 1 H 1.096605 0 0
  5 439  1 439 FA_T20.jpeg A   1 0 A 0.468638 0 0
  5 440  1 440 FH_T13.jpeg H   2 0 A 0.566674 0 0
  5 441  1 441 FA_T9.jpeg A   3 1 H 0.561070 0 0
  5 442  1 442 FA_T0.jpeg A   5 1 H 0.439350 0 0
  5 443  1 443 FA_T0.jpeg A   5 1 H 0.583056 0 0
  5 444  1 444 FA_T13.jpeg A   2 0 A 0.693500 0 0
  5 445  1 445 FH_T0.jpeg H   5 1 H 0.548918 0 0
  5 446  1 446 FA_T0.jpeg A   5 1 H 0.410835 0 0
  5 447  1 447 FA_T20.jpeg A   1 0 A 0.577002 0 0
  5 448  1 448 FH_T20.jpeg H   1 0 A 0.732392 0 0
  5 449  1 449 FA_T0.jpeg A   5 1 H 0.358734 0 0
  5 450  1 450 FH_T20.jpeg H   1 0 A 0.554456 0 0
  5 451  1 451 FA_T0.jpeg A   5 1 H 0.404704 0 0
  5 452  1 452 FA_T9.jpeg A   3 1 H 0.450795 0 0
  5 453  1 453 FH_T0.jpeg H   5 1 H 0.514212 0 0
  5 454  1 454 FA_T0.jpeg A   5 1 H 0.445257 0 0
  5 455  1 455 FA_T6.jpeg A   4 1 H 0.398656 0 0
  5 456  1 456 FA_T13.jpeg A   2 0 A 0.675540 0 0
  5 457  1 457 FA_T0.jpeg A   5 1 H 0.640362 0 0
  5 458  1 458 FH_T20.jpeg H   1 0 A 0.468297 0 0
  5 459  1 459 FA_T0.jpeg A   5 1 H 0.329966 0 0
  5 460  1 460 FA_T20.jpeg A   1 0 A 0.532071 0 0
  5 461  1 461 FH_T20.jpeg H   1 0 A 0.450077 0 0
  5 462  1 462 FH_T13.jpeg H   2 0 A 0.605685 0 0
  5 463  1 463 FA_T20.jpeg A   1 0 A 0.513920 0 0
  5 464  1 464 FA_T6.jpeg A   4 1 H 0.468548 0 0
  5 465  1 465 FA_T0.jpeg A   5 1 H 0.393394 0 0
  5 466  1 466 FH_T0.jpeg H   5 1 H 0.433808 0 0
  5 467  1 467 FA_T6.jpeg A   4 1 H 12.604772 0 0
  5 468  1 468 FA_T0.jpeg A   5 1 H 2.542139 0 0
  5 469  1 469 FH_T20.jpeg H   1 0 A 1.233173 0 0
  5 470  1 470 FH_T20.jpeg H   1 0 A 0.513807 0 0
  5 471  1 471 FH_T0.jpeg H   5 1 H 0.502778 0 0
  5 472  1 472 FA_T9.jpeg A   3 1 H 0.528251 0 0
  5 473  1 473 FH_T20.jpeg H   1 0 A 0.657462 0 0
  5 474  1 474 FH_T6.jpeg H   4 1 H 0.812672 0 0
  5 475  1 475 FA_T20.jpeg A   1 0 A 0.606095 0 0
  5 476  1 476 FA_T6.jpeg A   4 1 H 0.410424 0 0
  5 477  1 477 FH_T0.jpeg H   5 1 H 0.409794 0 0
  5 478  1 478 FH_T13.jpeg H   2 0 A 0.812132 0 0
  5 479  1 479 FA_T6.jpeg A   4 1 H 0.457216 0 0
  5 480  1 480 FH_T0.jpeg H   5 1 H 0.433614 0 0
  5 481  1 481 FA_T20.jpeg A   1 0 A 0.462587 0 0
  5 482  1 482 FH_T6.jpeg H   4 1 H 0.601094 0 0
  5 483  1 483 FA_T20.jpeg A   1 0 A 0.525306 0 0
  5 484  1 484 FA_T0.jpeg A   5 1 H 0.468387 0 0
  5 485  1 485 FH_T0.jpeg H   5 1 H 0.433607 0 0
  5 486  1 486 FA_T0.jpeg A   5 1 H 0.496490 0 0
  5 487  1 487 FH_T20.jpeg H   1 0 A 0.416306 0 0
  5 488  1 488 FH_T0.jpeg H   5 1 H 0.542792 0 0
  5 489  1 489 FA_T0.jpeg A   5 1 H 0.543081 0 0
  5 490  1 490 FA_T20.jpeg A   1 0 A 0.583465 0 0
  5 491  1 491 FA_T0.jpeg A   5 1 H 0.404305 0 0
  5 492  1 492 FH_T20.jpeg H   1 0 A 0.462671 0 0
  5 493  1 493 FA_T0.jpeg A   5 1 H 0.624132 0 0
  5 494  1 494 FA_T0.jpeg A   5 1 H 0.438643 0 0
  5 495  1 495 FA_T0.jpeg A   5 1 H 0.451188 0 0
  5 496  1 496 FA_T9.jpeg A   3 1 H 0.363767 0 0
  5 497  1 497 FA_T0.jpeg A   5 1 H 0.387215 0 0
  5 498  1 498 FA_T6.jpeg A   4 1 H 0.428111 0 0
  5 499  1 499 FA_T0.jpeg A   5 1 H 0.433588 0 0
  5 500  1 500 FH_T20.jpeg H   1 0 A 0.439265 0 0
  5 501  1 501 FH_T0.jpeg H   5 1 H 0.530701 0 0
  5 502  1 502 FH_T0.jpeg H   5 1 H 0.629329 0 0
  5 503  1 503 FH_T20.jpeg H   1 0 A 0.520716 0 0
  5 504  1 504 FA_T20.jpeg A   1 0 A 0.456580 0 0
  5 505  1 505 FA_T20.jpeg A   1 0 A 0.473753 0 0
  5 506  1 506 FA_T20.jpeg A   1 0 A 0.462424 0 0
  5 507  1 507 FA_T6.jpeg A   4 1 H 0.728474 0 0
  5 508  1 508 FA_T6.jpeg A   4 1 H 0.410202 0 0
  5 509  1 509 FH_T20.jpeg H   1 0 A 0.526021 0 0
  5 510  1 510 FA_T13.jpeg A   2 0 A 0.906366 0 0
  5 511  1 511 FH_T0.jpeg H   5 1 H 0.427164 0 0
  5 512  1 512 FH_T20.jpeg H   1 0 A 0.491742 0 0
  5 513  1 513 FH_T20.jpeg H   1 0 A 0.593227 0 0
  5 514  1 514 FH_T9.jpeg H   3 1 H 1.243675 0 0
  5 515  1 515 FH_T9.jpeg H   3 1 H 1.498029 0 0
  5 516  1 516 FA_T20.jpeg A   1 0 A 0.462458 0 0
  5 517  1 517 FH_T9.jpeg H   3 1 H 1.066541 0 0
  5 518  1 518 FH_T13.jpeg H   2 0 A 0.848523 0 0
  5 519  1 519 FH_T6.jpeg H   4 1 H 0.693079 0 0
  5 520  1 520 FH_T0.jpeg H   5 1 H 0.548283 0 0
  5 521  1 521 FA_T20.jpeg A   1 0 A 0.664822 0 0
  5 522  1 522 FA_T0.jpeg A   5 1 H 0.473601 0 0
  5 523  1 523 FA_T9.jpeg A   3 1 H 1.515511 0 0
  5 524  1 524 FA_T0.jpeg A   5 1 H 0.530705 0 0
  5 525  1 525 FH_T20.jpeg H   1 0 A 0.709148 0 0
  5 526  1 526 FA_T9.jpeg A   3 1 H 1.008408 0 0
  5 527  1 527 FH_T6.jpeg H   4 1 H 0.606901 0 0
  5 528  1 528 FA_T20.jpeg A   1 0 A 0.577278 0 0
  5 529  1 529 FH_T20.jpeg H   1 0 A 0.652515 0 0
  5 530  1 530 FA_T6.jpeg A   4 1 H 0.738782 0 0
  5 531  1 531 FH_T0.jpeg H   5 1 H 4.975971 0 0
  5 532  1 532 FH_T6.jpeg H   4 1 H 1.643333 0 0
  5 533  1 533 FH_T20.jpeg H   1 0 A 0.848441 0 0
  5 534  1 534 FA_T9.jpeg A   3 1 H 1.601527 0 0
  5 535  1 535 FA_T20.jpeg A   1 0 A 0.957285 0 0
  5 536  1 536 FH_T20.jpeg H   1 0 A 0.727010 0 0
  5 537  1 537 FH_T0.jpeg H   5 1 H 0.566021 0 0
  5 538  1 538 FA_T0.jpeg A   5 1 H 0.462485 0 0
  5 539  1 539 FA_T0.jpeg A   5 1 H 0.456495 0 0
  5 540  1 540 FH_T20.jpeg H   1 0 A 0.577030 0 0
  5 541  1 541 FA_T20.jpeg A   1 0 A 0.600304 0 0
  5 542  1 542 FA_T0.jpeg A   5 1 H 0.537057 0 0
  5 543  1 543 FA_T6.jpeg A   4 1 H 0.755506 0 0
  5 544  1 544 FA_T0.jpeg A   5 1 H 0.427302 0 0
  5 545  1 545 FH_T20.jpeg H   1 0 A 0.767221 0 0
  5 546  1 546 FA_T13.jpeg A   2 0 A 0.709428 0 0
  5 547  1 547 FA_T0.jpeg A   5 1 H 0.438399 0 0
  5 548  1 548 FH_T20.jpeg H   1 0 A 0.438763 0 0
  5 549  1 549 FA_T20.jpeg A   1 0 A 0.555328 0 0
  5 550  1 550 FH_T20.jpeg H   1 0 A 0.381259 0 0
  5 551  1 551 FH_T9.jpeg H   3 0 A 1.763595 0 0
  5 552  1 552 FA_T6.jpeg A   4 1 H 0.519454 0 0
  5 553  1 553 FA_T20.jpeg A   1 0 A 0.548252 0 0
  5 554  1 554 FA_T0.jpeg A   5 1 H 0.751115 0 0
  5 555  1 555 FA_T20.jpeg A   1 0 A 0.883013 0 0
  5 556  1 556 FA_T20.jpeg A   1 0 A 0.548247 0 0
  5 557  1 557 FA_T9.jpeg A   3 0 A 2.003835 0 0
  5 558  1 558 FH_T0.jpeg H   5 1 H 0.421403 0 0
  5 559  1 559 FH_T20.jpeg H   1 0 A 0.577363 0 0
  5 560  1 560 FH_T20.jpeg H   1 0 A 0.548779 0 0
  5 561  1 561 FA_T0.jpeg A   5 1 H 0.473918 0 0
  5 562  1 562 FH_T0.jpeg H   5 1 H 0.444589 0 0
  5 563  1 563 FA_T20.jpeg A   1 0 A 0.439186 0 0
  5 564  1 564 FA_T20.jpeg A   1 0 A 0.398783 0 0
  5 565  1 565 FA_T6.jpeg A   4 1 H 0.893932 0 0
  5 566  1 566 FH_T20.jpeg H   1 0 A 0.801266 0 0
  5 567  1 567 FA_T13.jpeg A   2 0 A 1.073577 0 0
  5 568  1 568 FH_T6.jpeg H   4 1 H 1.297501 0 0
  5 569  1 569 FA_T0.jpeg A   5 1 H 0.767680 0 0
  5 570  1 570 FA_T20.jpeg A   1 0 A 0.490913 0 0
  5 571  1 571 FA_T13.jpeg A   2 0 A 0.807382 0 0
  5 572  1 572 FH_T20.jpeg H   1 0 A 0.491437 0 0
  5 573  1 573 FA_T0.jpeg A   5 1 H 0.560032 0 0
  5 574  1 574 FH_T6.jpeg H   4 1 H 1.222244 0 0
  5 575  1 575 FH_T6.jpeg H   4 1 H 1.274362 0 0
  5 576  1 576 FH_T6.jpeg H   4 1 H 0.812844 0 0
  5 577  1 577 FH_T20.jpeg H   1 0 A 0.669872 0 0
  5 578  1 578 FA_T20.jpeg A   1 0 A 0.450287 0 0
  5 579  1 579 FH_T0.jpeg H   5 1 H 0.577862 0 0
  5 580  1 580 FA_T0.jpeg A   5 1 H 0.467721 0 0
  5 581  1 581 FA_T20.jpeg A   1 0 A 0.549153 0 0
  5 582  1 582 FA_T13.jpeg A   2 0 A 0.675279 0 0
  5 583  1 583 FH_T20.jpeg H   1 0 A 0.548265 0 0
  5 584  1 584 FH_T20.jpeg H   1 0 A 0.559692 0 0
  5 585  1 585 FA_T20.jpeg A   1 0 A 0.387169 0 0
  5 586  1 586 FA_T6.jpeg A   4 1 H 0.496165 0 0
  5 587  1 587 FA_T20.jpeg A   1 0 A 0.669342 0 0
  5 588  1 588 FH_T9.jpeg H   3 1 H 1.206085 0 0
  5 589  1 589 FH_T0.jpeg H   5 1 H 0.479332 0 0
  5 590  1 590 FH_T0.jpeg H   5 1 H 0.433406 0 0
  5 591  1 591 FA_T20.jpeg A   1 0 A 7.829076 0 0
  5 592  1 592 FA_T0.jpeg A   5 1 H 0.842615 0 0
  5 593  1 593 FH_T20.jpeg H   1 0 A 0.513678 0 0
  5 594  1 594 FH_T20.jpeg H   1 0 A 0.502469 0 0
  5 595  1 595 FH_T0.jpeg H   5 1 H 0.445077 0 0
  5 596  1 596 FA_T0.jpeg A   5 1 H 0.462087 0 0
  5 597  1 597 FH_T13.jpeg H   2 0 A 0.744676 0 0
  5 598  1 598 FH_T6.jpeg H   4 1 H 0.566427 0 0
  5 599  1 599 FA_T0.jpeg A   5 1 H 0.496482 0 0
  5 600  1 600 FH_T0.jpeg H   5 1 H 0.403908 0 0
  5 601  1 601 FH_T13.jpeg H   2 0 A 0.444934 0 0
  5 602  1 602 FA_T20.jpeg A   1 0 A 0.461647 0 0
  5 603  1 603 FH_T0.jpeg H   5 1 H 0.467233 0 0
  5 604  1 604 FA_T13.jpeg A   2 1 H 0.352865 0 0
  5 605  1 605 FA_T9.jpeg A   3 1 H 0.456000 0 0
  5 606  1 606 FH_T20.jpeg H   1 0 A 0.416538 0 0
  5 607  1 607 FH_T0.jpeg H   5 1 H 0.416556 0 0
  5 608  1 608 FH_T13.jpeg H   2 0 A 0.767032 0 0
  5 609  1 609 FH_T20.jpeg H   1 0 A 0.512923 0 0
  5 610  1 610 FH_T9.jpeg H   3 1 H 1.301819 0 0
  5 611  1 611 FA_T0.jpeg A   5 1 H 0.744203 0 0
  5 612  1 612 FH_T0.jpeg H   5 1 H 0.790173 0 0
  5 613  1 613 FA_T9.jpeg A   3 1 H 1.153138 0 0
  5 614  1 614 FH_T20.jpeg H   1 0 A 0.508581 0 0
  5 615  1 615 FH_T6.jpeg H   4 1 H 0.893676 0 0
  5 616  1 616 FA_T20.jpeg A   1 0 A 0.697316 0 0
  5 617  1 617 FA_T9.jpeg A   3 1 H 0.778641 0 0
  5 618  1 618 FH_T13.jpeg H   2 0 A 0.646746 0 0
  5 619  1 619 FA_T20.jpeg A   1 0 A 0.468256 0 0
  5 620  1 620 FA_T13.jpeg A   2 0 A 0.618048 0 0
  5 621  1 621 FH_T0.jpeg H   5 1 H 0.622931 0 0
  5 622  1 622 FA_T20.jpeg A   1 0 A 0.479060 0 0
  5 623  1 623 FH_T20.jpeg H   1 0 A 0.658239 0 0
  5 624  1 624 FA_T0.jpeg A   5 1 H 1.596509 0 0
  5 625  1 625 FH_T0.jpeg H   5 1 H 1.176157 0 0
  5 626  1 626 FA_T13.jpeg A   2 0 A 1.152135 0 0
  5 627  1 627 FH_T20.jpeg H   1 0 A 0.496651 0 0
  5 628  1 628 FH_T9.jpeg H   3 0 A 1.493210 0 0
  5 629  1 629 FA_T6.jpeg A   4 1 H 0.473445 0 0
  5 630  1 630 FA_T0.jpeg A   5 1 H 0.583067 0 0
  5 631  1 631 FA_T6.jpeg A   4 1 H 0.531684 0 0
  5 632  1 632 FH_T0.jpeg H   5 1 H 0.496738 0 0
  5 633  1 633 FH_T9.jpeg H   3 1 H 0.784589 0 0
  5 634  1 634 FH_T20.jpeg H   1 0 A 0.778004 0 0
  5 635  1 635 FA_T20.jpeg A   1 0 A 0.662887 0 0
  5 636  1 636 FH_T20.jpeg H   1 0 A 0.478807 0 0
  5 637  1 637 FH_T0.jpeg H   5 1 H 0.428065 0 0
  5 638  1 638 FH_T9.jpeg H   3 0 A 0.375425 0 0
  5 639  1 639 FH_T20.jpeg H   1 0 A 0.462598 0 0
  5 640  1 640 FH_T20.jpeg H   1 0 A 0.369408 0 0
  5 641  1 641 FA_T0.jpeg A   5 1 H 1.025780 0 0
  5 642  1 642 FA_T13.jpeg A   2 0 A 0.802820 0 0
  5 643  1 643 FH_T20.jpeg H   1 0 A 0.904869 0 0
  5 644  1 644 FH_T20.jpeg H   1 0 A 0.807796 0 0
  5 645  1 645 FH_T0.jpeg H   5 1 H 0.571821 0 0
  5 646  1 646 FH_T0.jpeg H   5 1 H 0.468154 0 0
  5 647  1 647 FH_T0.jpeg H   5 1 H 0.428438 0 0
  5 648  1 648 FA_T0.jpeg A   5 1 H 0.674731 0 0
  5 649  1 649 FA_T13.jpeg A   2 0 A 0.622425 0 0
  5 650  1 650 FH_T0.jpeg H   5 1 H 0.416241 0 0
  5 651  1 651 FA_T0.jpeg A   5 1 H 0.473200 0 0
  5 652  1 652 FH_T20.jpeg H   1 0 A 0.554035 0 0
  5 653  1 653 FH_T9.jpeg H   3 0 A 1.222595 0 0
  5 654  1 654 FA_T0.jpeg A   5 1 H 0.536501 0 0
  5 655  1 655 FA_T0.jpeg A   5 1 H 0.549153 0 0
  5 656  1 656 FH_T0.jpeg H   5 1 H 1.233004 0 0
  5 657  1 657 FH_T13.jpeg H   2 0 A 0.640286 0 0
  5 658  1 658 FA_T20.jpeg A   1 0 A 0.484759 0 0
  5 659  1 659 FH_T0.jpeg H   5 1 H 0.508421 0 0
  5 660  1 660 FA_T20.jpeg A   1 0 A 0.784664 0 0
  5 661  1 661 FH_T0.jpeg H   5 1 H 0.433426 0 0
  5 662  1 662 FA_T20.jpeg A   1 0 A 0.731872 0 0
  5 663  1 663 FA_T20.jpeg A   1 0 A 0.825479 0 0
  5 664  1 664 FA_T13.jpeg A   2 0 A 0.962987 0 0
  5 665  1 665 FA_T0.jpeg A   5 1 H 0.640165 0 0
  5 666  1 666 FA_T9.jpeg A   3 1 H 2.259251 0 0
  5 667  1 667 FA_T20.jpeg A   1 0 A 0.491029 0 0
  5 668  1 668 FA_T9.jpeg A   3 1 H 0.767218 0 0
  5 669  1 669 FH_T20.jpeg H   1 0 A 0.633830 0 0
  5 670  1 670 FH_T0.jpeg H   5 1 H 0.369740 0 0
  5 671  1 671 FA_T20.jpeg A   1 0 A 0.623368 0 0
  5 672  1 672 FH_T0.jpeg H   5 1 H 0.547948 0 0
  5 673  1 673 FH_T0.jpeg H   5 1 H 1.469521 0 0
  5 674  1 674 FA_T0.jpeg A   5 1 H 0.881826 0 0
  5 675  1 675 FA_T20.jpeg A   1 0 A 0.404805 0 0
  5 676  1 676 FH_T9.jpeg H   3 0 A 1.032307 0 0
  5 677  1 677 FH_T13.jpeg H   2 0 A 0.524703 0 0
  5 678  1 678 FH_T20.jpeg H   1 0 A 0.450264 0 0
  5 679  1 679 FA_T0.jpeg A   5 1 H 0.726747 0 0
  5 680  1 680 FH_T6.jpeg H   4 0 A 1.514961 0 0
  5 681  1 681 FH_T20.jpeg H   1 0 A 0.910539 0 0
  5 682  1 682 FA_T9.jpeg A   3 1 H 2.518492 0 0
  5 683  1 683 FH_T6.jpeg H   4 1 H 0.594772 0 0
  5 684  1 684 FH_T0.jpeg H   5 1 H 0.450316 0 0
  5 685  1 685 FA_T0.jpeg A   5 1 H 0.399280 0 0
  5 686  1 686 FH_T0.jpeg H   5 1 H 0.514582 0 0
  5 687  1 687 FA_T9.jpeg A   3 1 H 0.364608 0 0
  5 688  1 688 FH_T6.jpeg H   4 1 H 0.467234 0 0
  5 689  1 689 FH_T20.jpeg H   1 0 A 0.467995 0 0
  5 690  1 690 FA_T20.jpeg A   1 0 A 0.411020 0 0
  5 691  1 691 FH_T6.jpeg H   4 1 H 0.593262 0 0
  5 692  1 692 FH_T20.jpeg H   1 0 A 0.490588 0 0
  5 693  1 693 FA_T0.jpeg A   5 1 H 0.468031 0 0
  5 694  1 694 FH_T6.jpeg H   4 1 H 0.899280 0 0
  5 695  1 695 FH_T20.jpeg H   1 0 A 0.427339 0 0
  5 696  1 696 FH_T6.jpeg H   4 1 H 0.531239 0 0
  5 697  1 697 FA_T20.jpeg A   1 0 A 0.473559 0 0
  5 698  1 698 FA_T13.jpeg A   2 0 A 0.756376 0 0
  5 699  1 699 FH_T6.jpeg H   4 1 H 0.531472 0 0
  5 700  1 700 FH_T6.jpeg H   4 1 H 0.542903 0 0
  5 701  1 701 FH_T6.jpeg H   4 1 H 0.542233 0 0
  5 702  1 702 FH_T6.jpeg H   4 1 H 0.588828 0 0
  5 703  1 703 FA_T13.jpeg A   2 0 A 0.692980 0 0
  5 704  1 704 FH_T13.jpeg H   2 0 A 1.313100 0 0
  5 705  1 705 FH_T9.jpeg H   3 0 A 0.715445 0 0
  5 706  1 706 FA_T20.jpeg A   1 0 A 0.755567 0 0
  5 707  1 707 FA_T20.jpeg A   1 0 A 0.531417 0 0
  5 708  1 708 FH_T9.jpeg H   3 1 H 1.065476 0 0
  5 709  1 709 FH_T20.jpeg H   1 0 A 0.951923 0 0
  5 710  1 710 FH_T0.jpeg H   5 1 H 0.612659 0 0
  5 711  1 711 FA_T0.jpeg A   5 1 H 1.525476 0 0
  5 712  1 712 FA_T20.jpeg A   1 0 A 0.778553 0 0
  5 713  1 713 FH_T0.jpeg H   5 1 H 0.503120 0 0
  5 714  1 714 FA_T6.jpeg A   4 1 H 0.789446 0 0
  5 715  1 715 FH_T13.jpeg H   2 0 A 0.663390 0 0
  5 716  1 716 FH_T0.jpeg H   5 1 H 0.392763 0 0
  5 717  1 717 FA_T20.jpeg A   1 0 A 0.496427 0 0
  5 718  1 718 FA_T0.jpeg A   5 1 H 0.501954 0 0
  5 719  1 719 FH_T0.jpeg H   5 1 H 0.381702 0 0
  5 720  1 720 FA_T0.jpeg A   5 1 H 0.410042 0 0
