  8   1  1  1 FA_T13.jpeg A   2 0 A 3.181638 0 0
  8   2  1  2 FH_T11.jpeg H   3 0 A 6.652278 0 0
  8   3  1  3 FA_T20.jpeg A   1 0 A 2.262928 0 0
  8   4  1  4 FA_T9.jpeg A   4 1 H 1.446187 0 0
  8   5  1  5 FA_T0.jpeg A   5 1 H 0.958601 0 0
  8   6  1  6 FH_T0.jpeg H   5 1 H 1.411061 0 0
  8   7  1  7 FA_T0.jpeg A   5 1 H 1.457079 0 0
  8   8  1  8 FA_T20.jpeg A   1 0 A 1.438392 0 0
  8   9  1  9 FA_T0.jpeg A   5 1 H 1.445033 0 0
  8  10  1 10 FH_T20.jpeg H   1 0 A 1.626443 0 0
  8  11  1 11 FA_T11.jpeg A   3 1 H 4.672351 0 0
  8  12  1 12 FA_T20.jpeg A   1 0 A 1.599554 0 0
  8  13  1 13 FA_T0.jpeg A   5 1 H 1.105850 0 0
  8  14  1 14 FA_T13.jpeg A   2 0 A 1.675389 0 0
  8  15  1 15 FH_T0.jpeg H   5 1 H 0.879583 0 0
  8  16  1 16 FH_T20.jpeg H   1 0 A 0.845837 0 0
  8  17  1 17 FA_T20.jpeg A   1 0 A 0.797628 0 0
  8  18  1 18 FH_T0.jpeg H   5 1 H 0.758113 0 0
  8  19  1 19 FA_T20.jpeg A   1 0 A 0.686011 0 0
  8  20  1 20 FA_T11.jpeg A   3 1 H 4.608310 0 0
  8  21  1 21 FA_T0.jpeg A   5 1 H 1.348445 0 0
  8  22  1 22 FA_T20.jpeg A   1 0 A 0.613695 0 0
  8  23  1 23 FA_T20.jpeg A   1 0 A 0.547972 0 0
  8  24  1 24 FH_T13.jpeg H   2 0 A 3.644380 0 0
  8  25  1 25 FA_T11.jpeg A   3 1 H 3.399564 0 0
  8  26  1 26 FH_T20.jpeg H   1 0 A 0.879394 0 0
  8  27  1 27 FA_T0.jpeg A   5 1 H 1.553272 0 0
  8  28  1 28 FH_T9.jpeg H   4 1 H 1.606802 0 0
  8  29  1 29 FA_T0.jpeg A   5 1 H 0.807907 0 0
  8  30  1 30 FA_T0.jpeg A   5 1 H 0.597491 0 0
  8  31  1 31 FH_T20.jpeg H   1 0 A 0.730738 0 0
  8  32  1 32 FA_T9.jpeg A   4 1 H 1.178000 0 0
  8  33  1 33 FH_T20.jpeg H   1 0 A 0.608559 0 0
  8  34  1 34 FA_T20.jpeg A   1 0 A 0.608938 0 0
  8  35  1 35 FH_T11.jpeg H   3 0 A 2.781588 0 0
  8  36  1 36 FA_T20.jpeg A   1 0 A 0.586407 0 0
  8  37  1 37 FH_T9.jpeg H   4 1 H 1.094939 0 0
  8  38  1 38 FH_T0.jpeg H   5 1 H 1.332042 0 0
  8  39  1 39 FA_T0.jpeg A   5 1 H 2.028693 0 0
  8  40  1 40 FA_T13.jpeg A   2 0 A 1.647646 0 0
  8  41  1 41 FH_T0.jpeg H   5 1 H 0.609071 0 0
  8  42  1 42 FH_T0.jpeg H   5 1 H 0.570402 0 0
  8  43  1 43 FH_T13.jpeg H   2 0 A 1.923430 0 0
  8  44  1 44 FA_T9.jpeg A   4 1 H 1.018149 0 0
  8  45  1 45 FH_T20.jpeg H   1 0 A 0.808146 0 0
  8  46  1 46 FH_T0.jpeg H   5 1 H 1.597247 0 0
  8  47  1 47 FH_T0.jpeg H   5 1 H 1.100390 0 0
  8  48  1 48 FH_T0.jpeg H   5 1 H 1.023191 0 0
  8  49  1 49 FH_T0.jpeg H   5 1 H 1.078687 0 0
  8  50  1 50 FA_T9.jpeg A   4 1 H 1.947678 0 0
  8  51  1 51 FA_T0.jpeg A   5 1 H 1.033808 0 0
  8  52  1 52 FA_T0.jpeg A   5 1 H 0.792778 0 0
  8  53  1 53 FH_T20.jpeg H   1 0 A 0.735817 0 0
  8  54  1 54 FH_T20.jpeg H   1 0 A 0.851780 0 0
  8  55  1 55 FA_T0.jpeg A   5 1 H 0.752453 0 0
  8  56  1 56 FA_T20.jpeg A   1 0 A 0.669396 0 0
  8  57  1 57 FH_T20.jpeg H   1 0 A 0.664577 0 0
  8  58  1 58 FH_T0.jpeg H   5 1 H 0.586355 0 0
  8  59  1 59 FH_T20.jpeg H   1 0 A 0.466425 0 0
  8  60  1 60 FA_T0.jpeg A   5 1 H 0.569914 0 0
  8  61  1 61 FA_T11.jpeg A   3 1 H 7.245597 0 0
  8  62  1 62 FH_T20.jpeg H   1 0 A 0.780589 0 0
  8  63  1 63 FA_T9.jpeg A   4 1 H 2.232587 0 0
  8  64  1 64 FH_T13.jpeg H   2 0 A 2.747860 0 0
  8  65  1 65 FH_T0.jpeg H   5 1 H 0.536808 0 0
  8  66  1 66 FH_T20.jpeg H   1 0 A 0.597491 0 0
  8  67  1 67 FA_T0.jpeg A   5 1 H 0.586021 0 0
  8  68  1 68 FH_T13.jpeg H   2 0 A 3.378551 0 0
  8  69  1 69 FH_T0.jpeg H   5 1 H 2.215622 0 0
  8  70  1 70 FH_T11.jpeg H   3 1 H 3.133843 0 0
  8  71  1 71 FA_T13.jpeg A   2 0 A 3.221185 0 0
  8  72  1 72 FA_T9.jpeg A   4 1 H 1.260604 0 0
  8  73  1 73 FH_T9.jpeg H   4 1 H 0.990256 0 0
  8  74  1 74 FH_T20.jpeg H   1 0 A 0.851769 0 0
  8  75  1 75 FA_T11.jpeg A   3 1 H 1.890423 0 0
  8  76  1 76 FA_T9.jpeg A   4 1 H 1.531684 0 0
  8  77  1 77 FA_T0.jpeg A   5 1 H 0.773924 0 0
  8  78  1 78 FA_T13.jpeg A   2 0 A 0.984696 0 0
  8  79  1 79 FH_T0.jpeg H   5 1 H 0.746347 0 0
  8  80  1 80 FA_T11.jpeg A   3 1 H 13.561202 0 0
  8  81  1 81 FH_T20.jpeg H   1 0 A 0.692301 0 0
  8  82  1 82 FH_T0.jpeg H   5 1 H 0.531539 0 0
  8  83  1 83 FH_T0.jpeg H   5 1 H 1.437167 0 0
  8  84  1 84 FA_T11.jpeg A   3 1 H 0.946433 0 0
  8  85  1 85 FH_T20.jpeg H   1 0 A 0.498118 0 0
  8  86  1 86 FH_T20.jpeg H   1 0 A 0.575310 0 0
  8  87  1 87 FA_T13.jpeg A   2 1 H 5.949412 0 0
  8  88  1 88 FH_T0.jpeg H   5 1 H 0.668961 0 0
  8  89  1 89 FH_T0.jpeg H   5 1 H 0.548571 0 0
  8  90  1 90 FH_T0.jpeg H   5 1 H 0.625529 0 0
  8  91  2  1 FA_T0.jpeg A   5 1 H 1.370624 0 0
  8  92  2  2 FA_T13.jpeg A   2 0 A 1.768286 0 0
  8  93  2  3 FH_T13.jpeg H   2 0 A 1.097269 0 0
  8  94  2  4 FA_T0.jpeg A   5 1 H 0.509281 0 0
  8  95  2  5 FH_T20.jpeg H   1 0 A 0.520171 0 0
  8  96  2  6 FH_T11.jpeg H   3 1 H 1.365296 0 0
  8  97  2  7 FH_T11.jpeg H   3 1 H 0.852553 0 0
  8  98  2  8 FH_T0.jpeg H   5 1 H 0.586280 0 0
  8  99  2  9 FA_T11.jpeg A   3 1 H 1.227216 0 0
  8 100  2 10 FH_T13.jpeg H   2 0 A 1.166485 0 0
  8 101  2 11 FH_T0.jpeg H   5 1 H 0.614631 0 0
  8 102  2 12 FH_T20.jpeg H   1 0 A 0.558562 0 0
  8 103  2 13 FH_T0.jpeg H   5 1 H 0.591782 0 0
  8 104  2 14 FA_T0.jpeg A   5 1 H 0.603439 0 0
  8 105  2 15 FA_T0.jpeg A   5 1 H 0.630580 0 0
  8 106  2 16 FH_T20.jpeg H   1 0 A 0.530257 0 0
  8 107  2 17 FH_T20.jpeg H   1 0 A 0.597208 0 0
  8 108  2 18 FH_T11.jpeg H   3 0 A 4.172492 0 0
  8 109  2 19 FA_T13.jpeg A   2 0 A 2.018868 0 0
  8 110  2 20 FA_T0.jpeg A   5 1 H 0.459588 0 0
  8 111  2 21 FH_T11.jpeg H   3 1 H 2.254642 0 0
  8 112  2 22 FA_T0.jpeg A   5 1 H 0.471220 0 0
  8 113  2 23 FA_T0.jpeg A   5 1 H 0.664517 0 0
  8 114  2 24 FA_T0.jpeg A   5 1 H 0.503289 0 0
  8 115  2 25 FH_T20.jpeg H   1 0 A 0.514515 0 0
  8 116  2 26 FH_T0.jpeg H   5 1 H 0.470849 0 0
  8 117  2 27 FH_T9.jpeg H   4 1 H 1.304625 0 0
  8 118  2 28 FA_T0.jpeg A   5 1 H 0.470563 0 0
  8 119  2 29 FH_T20.jpeg H   1 0 A 0.664010 0 0
  8 120  2 30 FH_T0.jpeg H   5 1 H 0.465237 0 0
  8 121  2 31 FH_T13.jpeg H   2 0 A 5.501666 0 0
  8 122  2 32 FH_T20.jpeg H   1 0 A 0.564293 0 0
  8 123  2 33 FA_T13.jpeg A   2 0 A 2.325325 0 0
  8 124  2 34 FA_T20.jpeg A   1 1 H 0.482470 0 0
  8 125  2 35 FA_T0.jpeg A   5 1 H 0.603133 0 0
  8 126  2 36 FH_T9.jpeg H   4 1 H 1.023684 0 0
  8 127  2 37 FH_T0.jpeg H   5 1 H 0.620095 0 0
  8 128  2 38 FA_T9.jpeg A   4 1 H 0.559566 0 0
  8 129  2 39 FH_T0.jpeg H   5 1 H 0.470194 0 0
  8 130  2 40 FH_T13.jpeg H   2 0 A 0.836276 0 0
  8 131  2 41 FA_T0.jpeg A   5 1 H 0.570091 0 0
  8 132  2 42 FA_T20.jpeg A   1 0 A 0.702902 0 0
  8 133  2 43 FH_T11.jpeg H   3 1 H 3.430754 0 0
  8 134  2 44 FH_T20.jpeg H   1 1 H 0.637241 0 0
  8 135  2 45 FA_T11.jpeg A   3 1 H 1.216779 0 0
  8 136  2 46 FA_T0.jpeg A   5 1 H 0.680016 0 0
  8 137  2 47 FH_T20.jpeg H   1 0 A 0.867495 0 0
  8 138  2 48 FH_T0.jpeg H   5 1 H 1.240950 0 0
  8 139  2 49 FH_T0.jpeg H   5 1 H 0.569481 0 0
  8 140  2 50 FA_T13.jpeg A   2 0 A 3.802263 0 0
  8 141  2 51 FH_T11.jpeg H   3 1 H 3.669699 0 0
  8 142  2 52 FH_T9.jpeg H   4 1 H 0.856612 0 0
  8 143  2 53 FH_T0.jpeg H   5 1 H 0.586147 0 0
  8 144  2 54 FA_T0.jpeg A   5 1 H 0.619629 0 0
  8 145  2 55 FA_T20.jpeg A   1 0 A 0.785817 0 0
  8 146  2 56 FA_T20.jpeg A   1 0 A 0.564381 0 0
  8 147  2 57 FA_T11.jpeg A   3 1 H 0.912914 0 0
  8 148  2 58 FA_T13.jpeg A   2 0 A 1.337683 0 0
  8 149  2 59 FH_T0.jpeg H   5 1 H 0.691397 0 0
  8 150  2 60 FH_T11.jpeg H   3 1 H 2.316106 0 0
  8 151  2 61 FA_T20.jpeg A   1 0 A 0.564314 0 0
  8 152  2 62 FA_T13.jpeg A   2 0 A 2.277050 0 0
  8 153  2 63 FA_T0.jpeg A   5 1 H 0.625027 0 0
  8 154  2 64 FA_T20.jpeg A   1 0 A 0.564291 0 0
  8 155  2 65 FA_T20.jpeg A   1 0 A 0.547610 0 0
  8 156  2 66 FH_T0.jpeg H   5 1 H 0.492028 0 0
  8 157  2 67 FA_T0.jpeg A   5 1 H 0.863056 0 0
  8 158  2 68 FH_T9.jpeg H   4 1 H 1.459839 0 0
  8 159  2 69 FA_T9.jpeg A   4 1 H 1.163594 0 0
  8 160  2 70 FH_T20.jpeg H   1 0 A 0.912492 0 0
  8 161  2 71 FA_T0.jpeg A   5 1 H 2.386935 0 0
  8 162  2 72 FH_T0.jpeg H   5 1 H 0.668779 0 0
  8 163  2 73 FH_T11.jpeg H   3 1 H 1.017326 0 0
  8 164  2 74 FH_T20.jpeg H   1 0 A 0.564079 0 0
  8 165  2 75 FH_T11.jpeg H   3 1 H 1.404512 0 0
  8 166  2 76 FH_T20.jpeg H   1 0 A 0.686062 0 0
  8 167  2 77 FA_T20.jpeg A   1 0 A 0.785756 0 0
  8 168  2 78 FA_T20.jpeg A   1 0 A 0.503802 0 0
  8 169  2 79 FH_T13.jpeg H   2 0 A 1.138785 0 0
  8 170  2 80 FH_T9.jpeg H   4 1 H 1.078591 0 0
  8 171  2 81 FA_T0.jpeg A   5 1 H 0.834496 0 0
  8 172  2 82 FA_T13.jpeg A   2 0 A 0.969497 0 0
  8 173  2 83 FH_T20.jpeg H   1 0 A 0.591910 0 0
  8 174  2 84 FH_T11.jpeg H   3 1 H 3.856755 0 0
  8 175  2 85 FH_T20.jpeg H   1 0 A 1.565299 0 0
  8 176  2 86 FH_T0.jpeg H   5 1 H 0.564280 0 0
  8 177  2 87 FA_T20.jpeg A   1 0 A 0.641818 0 0
  8 178  2 88 FA_T13.jpeg A   2 0 A 1.171663 0 0
  8 179  2 89 FH_T0.jpeg H   5 1 H 0.553061 0 0
  8 180  2 90 FA_T11.jpeg A   3 1 H 1.204249 0 0
  8 181  3  1 FH_T0.jpeg H   5 1 H 0.973288 0 0
  8 182  3  2 FH_T13.jpeg H   2 0 A 2.707878 0 0
  8 183  3  3 FH_T9.jpeg H   4 1 H 0.680289 0 0
  8 184  3  4 FH_T13.jpeg H   2 0 A 1.238111 0 0
  8 185  3  5 FA_T11.jpeg A   3 1 H 0.630023 0 0
  8 186  3  6 FH_T13.jpeg H   2 0 A 1.144503 0 0
  8 187  3  7 FA_T0.jpeg A   5 1 H 0.559155 0 0
  8 188  3  8 FH_T11.jpeg H   3 1 H 0.796138 0 0
  8 189  3  9 FH_T20.jpeg H   1 0 A 0.553092 0 0
  8 190  3 10 FH_T13.jpeg H   2 0 A 0.718971 0 0
  8 191  3 11 FA_T20.jpeg A   1 0 A 0.647253 0 0
  8 192  3 12 FA_T20.jpeg A   1 0 A 0.553123 0 0
  8 193  3 13 FA_T9.jpeg A   4 1 H 0.772806 0 0
  8 194  3 14 FH_T9.jpeg H   4 1 H 1.028873 0 0
  8 195  3 15 FA_T0.jpeg A   5 1 H 0.719621 0 0
  8 196  3 16 FA_T11.jpeg A   3 1 H 2.160592 0 0
  8 197  3 17 FA_T0.jpeg A   5 1 H 0.575659 0 0
  8 198  3 18 FA_T9.jpeg A   4 1 H 0.863028 0 0
  8 199  3 19 FH_T0.jpeg H   5 1 H 0.559190 0 0
  8 200  3 20 FA_T0.jpeg A   5 1 H 0.470152 0 0
  8 201  3 21 FH_T11.jpeg H   3 1 H 2.150570 0 0
  8 202  3 22 FH_T0.jpeg H   5 1 H 0.421261 0 0
  8 203  3 23 FH_T13.jpeg H   2 0 A 0.746974 0 0
  8 204  3 24 FA_T20.jpeg A   1 0 A 0.719188 0 0
  8 205  3 25 FA_T0.jpeg A   5 1 H 0.476126 0 0
  8 206  3 26 FH_T13.jpeg H   2 0 A 0.813143 0 0
  8 207  3 27 FA_T0.jpeg A   5 1 H 0.586237 0 0
  8 208  3 28 FH_T9.jpeg H   4 1 H 0.829702 0 0
  8 209  3 29 FA_T20.jpeg A   1 0 A 0.790713 0 0
  8 210  3 30 FA_T0.jpeg A   5 1 H 0.559236 0 0
  8 211  3 31 FH_T0.jpeg H   5 1 H 0.597105 0 0
  8 212  3 32 FA_T20.jpeg A   1 0 A 0.602839 0 0
  8 213  3 33 FA_T0.jpeg A   5 1 H 0.657826 0 0
  8 214  3 34 FA_T9.jpeg A   4 1 H 0.608580 0 0
  8 215  3 35 FH_T0.jpeg H   5 1 H 0.563810 0 0
  8 216  3 36 FA_T20.jpeg A   1 0 A 0.454541 0 0
  8 217  3 37 FA_T20.jpeg A   1 0 A 0.476167 0 0
  8 218  3 38 FH_T0.jpeg H   5 1 H 0.481568 0 0
  8 219  3 39 FH_T20.jpeg H   1 0 A 0.906993 0 0
  8 220  3 40 FA_T11.jpeg A   3 1 H 0.746374 0 0
  8 221  3 41 FH_T0.jpeg H   5 1 H 0.481237 0 0
  8 222  3 42 FH_T0.jpeg H   5 1 H 0.486870 0 0
  8 223  3 43 FA_T0.jpeg A   5 1 H 0.597494 0 0
  8 224  3 44 FH_T0.jpeg H   5 1 H 0.409399 0 0
  8 225  3 45 FA_T0.jpeg A   5 1 H 0.575416 0 0
  8 226  3 46 FA_T20.jpeg A   1 0 A 5.018144 0 0
  8 227  3 47 FH_T13.jpeg H   2 0 A 3.085349 0 0
  8 228  3 48 FH_T11.jpeg H   3 1 H 0.900883 0 0
  8 229  3 49 FA_T20.jpeg A   1 0 A 0.625073 0 0
  8 230  3 50 FA_T9.jpeg A   4 1 H 0.918183 0 0
  8 231  3 51 FA_T0.jpeg A   5 1 H 0.713700 0 0
  8 232  3 52 FA_T11.jpeg A   3 1 H 0.619874 0 0
  8 233  3 53 FA_T0.jpeg A   5 1 H 0.558023 0 0
  8 234  3 54 FA_T20.jpeg A   1 0 A 0.570074 0 0
  8 235  3 55 FH_T0.jpeg H   5 1 H 0.768315 0 0
  8 236  3 56 FA_T9.jpeg A   4 1 H 0.680418 0 0
  8 237  3 57 FA_T20.jpeg A   1 0 A 0.729745 0 0
  8 238  3 58 FA_T0.jpeg A   5 1 H 0.966575 0 0
  8 239  3 59 FA_T0.jpeg A   5 1 H 0.603319 0 0
  8 240  3 60 FA_T20.jpeg A   1 0 A 0.570246 0 0
  8 241  3 61 FA_T0.jpeg A   5 1 H 0.382376 0 0
  8 242  3 62 FA_T13.jpeg A   2 0 A 1.757593 0 0
  8 243  3 63 FH_T20.jpeg H   1 0 A 0.613724 0 0
  8 244  3 64 FA_T0.jpeg A   5 1 H 0.465073 0 0
  8 245  3 65 FA_T0.jpeg A   5 1 H 0.663466 0 0
  8 246  3 66 FH_T0.jpeg H   5 1 H 0.536507 0 0
  8 247  3 67 FA_T11.jpeg A   3 1 H 0.790424 0 0
  8 248  3 68 FH_T0.jpeg H   5 1 H 0.646761 0 0
  8 249  3 69 FH_T13.jpeg H   2 0 A 2.912020 0 0
  8 250  3 70 FA_T9.jpeg A   4 1 H 0.481661 0 0
  8 251  3 71 FA_T0.jpeg A   5 1 H 0.586678 0 0
  8 252  3 72 FH_T20.jpeg H   1 0 A 0.514175 0 0
  8 253  3 73 FA_T20.jpeg A   1 0 A 0.576057 0 0
  8 254  3 74 FA_T11.jpeg A   3 1 H 1.083107 0 0
  8 255  3 75 FA_T0.jpeg A   5 1 H 0.437120 0 0
  8 256  3 76 FH_T0.jpeg H   5 1 H 0.498157 0 0
  8 257  3 77 FA_T9.jpeg A   4 1 H 0.641298 0 0
  8 258  3 78 FA_T0.jpeg A   5 1 H 0.492290 0 0
  8 259  3 79 FA_T20.jpeg A   1 0 A 0.580878 0 0
  8 260  3 80 FA_T0.jpeg A   5 1 H 0.613940 0 0
  8 261  3 81 FH_T0.jpeg H   5 1 H 0.403951 0 0
  8 262  3 82 FH_T13.jpeg H   2 0 A 0.757403 0 0
  8 263  3 83 FA_T20.jpeg A   1 0 A 0.508875 0 0
  8 264  3 84 FA_T20.jpeg A   1 0 A 0.714201 0 0
  8 265  3 85 FH_T20.jpeg H   1 0 A 0.691001 0 0
  8 266  3 86 FA_T20.jpeg A   1 0 A 0.470803 0 0
  8 267  3 87 FA_T0.jpeg A   5 1 H 0.459594 0 0
  8 268  3 88 FA_T11.jpeg A   3 1 H 0.625573 0 0
  8 269  3 89 FH_T20.jpeg H   1 0 A 0.569680 0 0
  8 270  3 90 FH_T20.jpeg H   1 0 A 0.525371 0 0
  8 271  4  1 FH_T20.jpeg H   1 0 A 1.127426 0 0
  8 272  4  2 FH_T0.jpeg H   5 1 H 0.464743 0 0
  8 273  4  3 FA_T20.jpeg A   1 0 A 0.487074 0 0
  8 274  4  4 FH_T0.jpeg H   5 1 H 0.668700 0 0
  8 275  4  5 FH_T0.jpeg H   5 1 H 0.365930 0 0
  8 276  4  6 FH_T0.jpeg H   5 1 H 0.658388 0 0
  8 277  4  7 FH_T20.jpeg H   1 0 A 0.707183 0 0
  8 278  4  8 FA_T9.jpeg A   4 1 H 0.890557 0 0
  8 279  4  9 FH_T20.jpeg H   1 0 A 0.613946 0 0
  8 280  4 10 FA_T0.jpeg A   5 1 H 0.768649 0 0
  8 281  4 11 FA_T13.jpeg A   2 0 A 0.861991 0 0
  8 282  4 12 FA_T20.jpeg A   1 0 A 0.542663 0 0
  8 283  4 13 FH_T20.jpeg H   1 0 A 0.757314 0 0
  8 284  4 14 FA_T9.jpeg A   4 1 H 0.735086 0 0
  8 285  4 15 FA_T13.jpeg A   2 0 A 1.000962 0 0
  8 286  4 16 FA_T20.jpeg A   1 0 A 0.575452 0 0
  8 287  4 17 FH_T9.jpeg H   4 1 H 0.741507 0 0
  8 288  4 18 FH_T20.jpeg H   1 0 A 0.519916 0 0
  8 289  4 19 FH_T0.jpeg H   5 1 H 0.962355 0 0
  8 290  4 20 FH_T0.jpeg H   5 1 H 0.432209 0 0
  8 291  4 21 FA_T0.jpeg A   5 1 H 0.564847 0 0
  8 292  4 22 FH_T0.jpeg H   5 1 H 0.547856 0 0
  8 293  4 23 FA_T20.jpeg A   1 0 A 0.669578 0 0
  8 294  4 24 FA_T20.jpeg A   1 1 H 0.454486 0 0
  8 295  4 25 FH_T13.jpeg H   2 0 A 0.796369 0 0
  8 296  4 26 FA_T20.jpeg A   1 0 A 0.524950 0 0
  8 297  4 27 FH_T0.jpeg H   5 1 H 0.420965 0 0
  8 298  4 28 FH_T9.jpeg H   4 1 H 0.939652 0 0
  8 299  4 29 FA_T20.jpeg A   1 0 A 0.514095 0 0
  8 300  4 30 FA_T11.jpeg A   3 1 H 0.763674 0 0
  8 301  4 31 FH_T0.jpeg H   5 1 H 0.531011 0 0
  8 302  4 32 FA_T20.jpeg A   1 0 A 0.563617 0 0
  8 303  4 33 FA_T13.jpeg A   2 0 A 1.387158 0 0
  8 304  4 34 FA_T20.jpeg A   1 0 A 0.476211 0 0
  8 305  4 35 FH_T13.jpeg H   2 0 A 1.376621 0 0
  8 306  4 36 FA_T9.jpeg A   4 1 H 0.719301 0 0
  8 307  4 37 FA_T20.jpeg A   1 0 A 0.513642 0 0
  8 308  4 38 FH_T20.jpeg H   1 0 A 0.592236 0 0
  8 309  4 39 FA_T11.jpeg A   3 1 H 0.679602 0 0
  8 310  4 40 FA_T20.jpeg A   1 0 A 0.508731 0 0
  8 311  4 41 FH_T0.jpeg H   5 1 H 0.564030 0 0
  8 312  4 42 FH_T20.jpeg H   1 0 A 0.514706 0 0
  8 313  4 43 FH_T20.jpeg H   1 0 A 0.602939 0 0
  8 314  4 44 FH_T20.jpeg H   1 0 A 0.608357 0 0
  8 315  4 45 FA_T0.jpeg A   5 1 H 0.503164 0 0
  8 316  4 46 FA_T20.jpeg A   1 0 A 0.668679 0 0
  8 317  4 47 FH_T20.jpeg H   1 0 A 0.802096 0 0
  8 318  4 48 FA_T0.jpeg A   5 1 H 0.913302 0 0
  8 319  4 49 FH_T9.jpeg H   4 1 H 0.873873 0 0
  8 320  4 50 FA_T13.jpeg A   2 0 A 1.215703 0 0
  8 321  4 51 FH_T0.jpeg H   5 1 H 0.863297 0 0
  8 322  4 52 FH_T20.jpeg H   1 0 A 0.674988 0 0
  8 323  4 53 FH_T20.jpeg H   1 0 A 0.542543 0 0
  8 324  4 54 FH_T0.jpeg H   5 1 H 0.830134 0 0
  8 325  4 55 FH_T13.jpeg H   2 0 A 1.337286 0 0
  8 326  4 56 FA_T0.jpeg A   5 1 H 0.475998 0 0
  8 327  4 57 FH_T20.jpeg H   1 0 A 0.857309 0 0
  8 328  4 58 FH_T0.jpeg H   5 1 H 0.867934 0 0
  8 329  4 59 FH_T11.jpeg H   3 0 A 2.413920 0 0
  8 330  4 60 FH_T13.jpeg H   2 0 A 1.133533 0 0
  8 331  4 61 FA_T11.jpeg A   3 1 H 1.205230 0 0
  8 332  4 62 FH_T20.jpeg H   1 0 A 0.531328 0 0
  8 333  4 63 FA_T0.jpeg A   5 1 H 0.531558 0 0
  8 334  4 64 FA_T20.jpeg A   1 0 A 0.492471 0 0
  8 335  4 65 FA_T20.jpeg A   1 0 A 0.548356 0 0
  8 336  4 66 FH_T20.jpeg H   1 0 A 0.691005 0 0
  8 337  4 67 FA_T20.jpeg A   1 0 A 0.615588 0 0
  8 338  4 68 FH_T9.jpeg H   4 1 H 0.758215 0 0
  8 339  4 69 FH_T0.jpeg H   5 1 H 0.786373 0 0
  8 340  4 70 FH_T0.jpeg H   5 1 H 0.537310 0 0
  8 341  4 71 FH_T11.jpeg H   3 0 A 2.409531 0 0
  8 342  4 72 FA_T20.jpeg A   1 0 A 0.520772 0 0
  8 343  4 73 FH_T13.jpeg H   2 0 A 1.133512 0 0
  8 344  4 74 FH_T0.jpeg H   5 1 H 0.431617 0 0
  8 345  4 75 FA_T20.jpeg A   1 0 A 0.530697 0 0
  8 346  4 76 FA_T11.jpeg A   3 1 H 1.111571 0 0
  8 347  4 77 FH_T20.jpeg H   1 0 A 0.895335 0 0
  8 348  4 78 FH_T9.jpeg H   4 1 H 0.846225 0 0
  8 349  4 79 FA_T13.jpeg A   2 1 H 1.067673 0 0
  8 350  4 80 FA_T0.jpeg A   5 1 H 0.542194 0 0
  8 351  4 81 FH_T20.jpeg H   1 0 A 0.625539 0 0
  8 352  4 82 FA_T20.jpeg A   1 0 A 0.592554 0 0
  8 353  4 83 FH_T9.jpeg H   4 1 H 0.703510 0 0
  8 354  4 84 FH_T20.jpeg H   1 0 A 0.503952 0 0
  8 355  4 85 FH_T20.jpeg H   1 0 A 0.686656 0 0
  8 356  4 86 FH_T20.jpeg H   1 0 A 0.543232 0 0
  8 357  4 87 FH_T9.jpeg H   4 1 H 0.719719 0 0
  8 358  4 88 FH_T0.jpeg H   5 1 H 0.691250 0 0
  8 359  4 89 FH_T0.jpeg H   5 1 H 0.868146 0 0
  8 360  4 90 FH_T20.jpeg H   1 0 A 0.835246 0 0
  8 361  5  1 FA_T0.jpeg A   5 1 H 2.105840 0 0
  8 362  5  2 FH_T20.jpeg H   1 0 A 1.261281 0 0
  8 363  5  3 FH_T20.jpeg H   1 0 A 0.536907 0 0
  8 364  5  4 FH_T20.jpeg H   1 0 A 0.536877 0 0
  8 365  5  5 FA_T13.jpeg A   2 0 A 1.067830 0 0
  8 366  5  6 FH_T20.jpeg H   1 0 A 1.249923 0 0
  8 367  5  7 FH_T0.jpeg H   5 1 H 0.659070 0 0
  8 368  5  8 FH_T0.jpeg H   5 1 H 0.492629 0 0
  8 369  5  9 FA_T20.jpeg A   1 0 A 0.442815 0 0
  8 370  5 10 FH_T20.jpeg H   1 0 A 0.403956 0 0
  8 371  5 11 FA_T20.jpeg A   1 0 A 0.542557 0 0
  8 372  5 12 FA_T20.jpeg A   1 0 A 0.448071 0 0
  8 373  5 13 FA_T0.jpeg A   5 1 H 0.613763 0 0
  8 374  5 14 FH_T0.jpeg H   5 1 H 0.475918 0 0
  8 375  5 15 FA_T20.jpeg A   1 0 A 0.613830 0 0
  8 376  5 16 FH_T11.jpeg H   3 1 H 0.873752 0 0
  8 377  5 17 FH_T9.jpeg H   4 1 H 0.768235 0 0
  8 378  5 18 FA_T13.jpeg A   2 0 A 1.321431 0 0
  8 379  5 19 FH_T11.jpeg H   3 1 H 1.287438 0 0
  8 380  5 20 FA_T11.jpeg A   3 1 H 0.829514 0 0
  8 381  5 21 FH_T9.jpeg H   4 1 H 0.945977 0 0
  8 382  5 22 FA_T20.jpeg A   1 0 A 0.497935 0 0
  8 383  5 23 FH_T13.jpeg H   2 0 A 1.288762 0 0
  8 384  5 24 FA_T20.jpeg A   1 0 A 0.713313 0 0
  8 385  5 25 FH_T0.jpeg H   5 1 H 0.614585 0 0
  8 386  5 26 FH_T20.jpeg H   1 0 A 1.266644 0 0
  8 387  5 27 FA_T0.jpeg A   5 1 H 1.547969 0 0
  8 388  5 28 FA_T13.jpeg A   2 0 A 1.441502 0 0
  8 389  5 29 FH_T11.jpeg H   3 1 H 0.979472 0 0
  8 390  5 30 FH_T20.jpeg H   1 0 A 0.569668 0 0
  8 391  5 31 FH_T9.jpeg H   4 1 H 0.652414 0 0
  8 392  5 32 FA_T13.jpeg A   2 1 H 1.121792 0 0
  8 393  5 33 FA_T0.jpeg A   5 1 H 0.530765 0 0
  8 394  5 34 FH_T0.jpeg H   5 1 H 0.459064 0 0
  8 395  5 35 FA_T20.jpeg A   1 0 A 0.509406 0 0
  8 396  5 36 FH_T11.jpeg H   3 1 H 0.702721 0 0
  8 397  5 37 FA_T20.jpeg A   1 0 A 0.519718 0 0
  8 398  5 38 FH_T9.jpeg H   4 1 H 0.691393 0 0
  8 399  5 39 FA_T0.jpeg A   5 1 H 0.641705 0 0
  8 400  5 40 FH_T20.jpeg H   1 0 A 1.078113 0 0
  8 401  5 41 FA_T20.jpeg A   1 0 A 1.039354 0 0
  8 402  5 42 FA_T20.jpeg A   1 0 A 0.752484 0 0
  8 403  5 43 FH_T20.jpeg H   1 0 A 0.896036 0 0
  8 404  5 44 FA_T20.jpeg A   1 0 A 0.680645 0 0
  8 405  5 45 FA_T0.jpeg A   5 1 H 1.266087 0 0
  8 406  5 46 FH_T20.jpeg H   1 0 A 1.575760 0 0
  8 407  5 47 FA_T20.jpeg A   1 0 A 0.708204 0 0
  8 408  5 48 FH_T20.jpeg H   1 0 A 0.520203 0 0
  8 409  5 49 FA_T0.jpeg A   5 1 H 0.603251 0 0
  8 410  5 50 FA_T0.jpeg A   5 1 H 0.647448 0 0
  8 411  5 51 FH_T20.jpeg H   1 0 A 0.553352 0 0
  8 412  5 52 FH_T0.jpeg H   5 1 H 0.956310 0 0
  8 413  5 53 FA_T20.jpeg A   1 0 A 0.525567 0 0
  8 414  5 54 FA_T13.jpeg A   2 1 H 0.940087 0 0
  8 415  5 55 FH_T0.jpeg H   5 1 H 0.569753 0 0
  8 416  5 56 FH_T9.jpeg H   4 1 H 0.752644 0 0
  8 417  5 57 FH_T0.jpeg H   5 1 H 0.492917 0 0
  8 418  5 58 FH_T0.jpeg H   5 1 H 0.498883 0 0
  8 419  5 59 FA_T20.jpeg A   1 0 A 0.531771 0 0
  8 420  5 60 FH_T11.jpeg H   3 1 H 0.907509 0 0
  8 421  5 61 FA_T20.jpeg A   1 0 A 0.470761 0 0
  8 422  5 62 FH_T0.jpeg H   5 1 H 0.569748 0 0
  8 423  5 63 FH_T0.jpeg H   5 1 H 0.796529 0 0
  8 424  5 64 FA_T9.jpeg A   4 1 H 0.669379 0 0
  8 425  5 65 FH_T20.jpeg H   1 0 A 0.542658 0 0
  8 426  5 66 FA_T9.jpeg A   4 1 H 1.574839 0 0
  8 427  5 67 FA_T9.jpeg A   4 1 H 1.586750 0 0
  8 428  5 68 FH_T13.jpeg H   2 0 A 1.602544 0 0
  8 429  5 69 FA_T13.jpeg A   2 0 A 2.520008 0 0
  8 430  5 70 FH_T11.jpeg H   3 1 H 1.609310 0 0
  8 431  5 71 FA_T11.jpeg A   3 1 H 0.630006 0 0
  8 432  5 72 FA_T13.jpeg A   2 0 A 1.105351 0 0
  8 433  5 73 FA_T13.jpeg A   2 0 A 1.402964 0 0
  8 434  5 74 FH_T11.jpeg H   3 1 H 0.913268 0 0
  8 435  5 75 FA_T11.jpeg A   3 1 H 1.239349 0 0
  8 436  5 76 FA_T0.jpeg A   5 1 H 0.791337 0 0
  8 437  5 77 FA_T0.jpeg A   5 1 H 0.603548 0 0
  8 438  5 78 FA_T20.jpeg A   1 0 A 0.586671 0 0
  8 439  5 79 FH_T11.jpeg H   3 1 H 0.763117 0 0
  8 440  5 80 FH_T20.jpeg H   1 0 A 0.514954 0 0
  8 441  5 81 FA_T0.jpeg A   5 1 H 0.553093 0 0
  8 442  5 82 FA_T20.jpeg A   1 0 A 0.420672 0 0
  8 443  5 83 FA_T0.jpeg A   5 1 H 0.514755 0 0
  8 444  5 84 FH_T11.jpeg H   3 1 H 2.166535 0 0
  8 445  5 85 FH_T9.jpeg H   4 1 H 0.885202 0 0
  8 446  5 86 FH_T20.jpeg H   1 0 A 0.547575 0 0
  8 447  5 87 FA_T0.jpeg A   5 1 H 0.525451 0 0
  8 448  5 88 FA_T0.jpeg A   5 1 H 0.569917 0 0
  8 449  5 89 FA_T20.jpeg A   1 0 A 0.569718 0 0
  8 450  5 90 FH_T11.jpeg H   3 1 H 0.752369 0 0
  8 451  6  1 FA_T0.jpeg A   5 1 H 1.337784 0 0
  8 452  6  2 FA_T0.jpeg A   5 1 H 0.509308 0 0
  8 453  6  3 FH_T11.jpeg H   3 1 H 1.105278 0 0
  8 454  6  4 FA_T9.jpeg A   4 1 H 0.923736 0 0
  8 455  6  5 FA_T20.jpeg A   1 0 A 0.735397 0 0
  8 456  6  6 FH_T0.jpeg H   5 1 H 0.426373 0 0
  8 457  6  7 FA_T0.jpeg A   5 1 H 0.415156 0 0
  8 458  6  8 FA_T13.jpeg A   2 0 A 1.072071 0 0
  8 459  6  9 FA_T11.jpeg A   3 1 H 0.487299 0 0
  8 460  6 10 FA_T20.jpeg A   1 0 A 0.497659 0 0
  8 461  6 11 FA_T0.jpeg A   5 1 H 0.526165 0 0
  8 462  6 12 FA_T0.jpeg A   5 1 H 0.476118 0 0
  8 463  6 13 FA_T0.jpeg A   5 1 H 0.465028 0 0
  8 464  6 14 FA_T0.jpeg A   5 1 H 0.564162 0 0
  8 465  6 15 FH_T9.jpeg H   4 1 H 1.220963 0 0
  8 466  6 16 FA_T11.jpeg A   3 1 H 0.764255 0 0
  8 467  6 17 FA_T20.jpeg A   1 0 A 0.591954 0 0
  8 468  6 18 FH_T20.jpeg H   1 0 A 0.536855 0 0
  8 469  6 19 FH_T20.jpeg H   1 0 A 0.592024 0 0
  8 470  6 20 FH_T0.jpeg H   5 1 H 0.630107 0 0
  8 471  6 21 FH_T11.jpeg H   3 1 H 0.884798 0 0
  8 472  6 22 FH_T0.jpeg H   5 1 H 0.581370 0 0
  8 473  6 23 FA_T11.jpeg A   3 1 H 0.664101 0 0
  8 474  6 24 FH_T20.jpeg H   1 0 A 0.718858 0 0
  8 475  6 25 FA_T20.jpeg A   1 0 A 0.542250 0 0
  8 476  6 26 FA_T0.jpeg A   5 1 H 0.448398 0 0
  8 477  6 27 FA_T13.jpeg A   2 1 H 1.155591 0 0
  8 478  6 28 FH_T11.jpeg H   3 1 H 0.751922 0 0
  8 479  6 29 FA_T13.jpeg A   2 0 A 1.161706 0 0
  8 480  6 30 FH_T20.jpeg H   1 0 A 0.559180 0 0
  8 481  6 31 FH_T20.jpeg H   1 0 A 0.592602 0 0
  8 482  6 32 FA_T20.jpeg A   1 0 A 0.575587 0 0
  8 483  6 33 FH_T0.jpeg H   5 1 H 0.553524 0 0
  8 484  6 34 FH_T20.jpeg H   1 0 A 0.553777 0 0
  8 485  6 35 FA_T20.jpeg A   1 0 A 0.520756 0 0
  8 486  6 36 FH_T9.jpeg H   4 1 H 0.719926 0 0
  8 487  6 37 FH_T9.jpeg H   4 1 H 0.608898 0 0
  8 488  6 38 FH_T0.jpeg H   5 1 H 0.658437 0 0
  8 489  6 39 FH_T20.jpeg H   1 0 A 0.542736 0 0
  8 490  6 40 FA_T11.jpeg A   3 1 H 0.635574 0 0
  8 491  6 41 FH_T0.jpeg H   5 1 H 0.575906 0 0
  8 492  6 42 FA_T13.jpeg A   2 1 H 0.664638 0 0
  8 493  6 43 FH_T20.jpeg H   1 0 A 0.537090 0 0
  8 494  6 44 FH_T0.jpeg H   5 1 H 0.503611 0 0
  8 495  6 45 FH_T0.jpeg H   5 1 H 0.469974 0 0
  8 496  6 46 FA_T13.jpeg A   2 1 H 1.101086 0 0
  8 497  6 47 FA_T20.jpeg A   1 0 A 0.442581 0 0
  8 498  6 48 FH_T13.jpeg H   2 0 A 1.244421 0 0
  8 499  6 49 FA_T13.jpeg A   2 1 H 2.238046 0 0
  8 500  6 50 FA_T11.jpeg A   3 1 H 0.641371 0 0
  8 501  6 51 FH_T13.jpeg H   2 0 A 1.083658 0 0
  8 502  6 52 FH_T11.jpeg H   3 1 H 0.757489 0 0
  8 503  6 53 FA_T20.jpeg A   1 0 A 0.464595 0 0
  8 504  6 54 FH_T0.jpeg H   5 1 H 0.393635 0 0
  8 505  6 55 FH_T0.jpeg H   5 1 H 0.641698 0 0
  8 506  6 56 FA_T0.jpeg A   5 1 H 0.619960 0 0
  8 507  6 57 FA_T20.jpeg A   1 0 A 0.404056 0 0
  8 508  6 58 FA_T0.jpeg A   5 1 H 0.641179 0 0
  8 509  6 59 FA_T9.jpeg A   4 1 H 0.547788 0 0
  8 510  6 60 FH_T20.jpeg H   1 0 A 1.519827 0 0
  8 511  6 61 FH_T0.jpeg H   5 1 H 1.248666 0 0
  8 512  6 62 FA_T0.jpeg A   5 1 H 1.322756 0 0
  8 513  6 63 FH_T0.jpeg H   5 1 H 0.558788 0 0
  8 514  6 64 FA_T20.jpeg A   1 0 A 0.745700 0 0
  8 515  6 65 FA_T13.jpeg A   2 0 A 3.923353 0 0
  8 516  6 66 FA_T0.jpeg A   5 1 H 0.464495 0 0
  8 517  6 67 FH_T13.jpeg H   2 0 A 1.276995 0 0
  8 518  6 68 FA_T13.jpeg A   2 1 H 1.790953 0 0
  8 519  6 69 FA_T20.jpeg A   1 0 A 1.281337 0 0
  8 520  6 70 FH_T13.jpeg H   2 0 A 2.739357 0 0
  8 521  6 71 FH_T11.jpeg H   3 1 H 0.939751 0 0
  8 522  6 72 FA_T0.jpeg A   5 1 H 0.460242 0 0
  8 523  6 73 FA_T20.jpeg A   1 0 A 0.530836 0 0
  8 524  6 74 FH_T0.jpeg H   5 1 H 0.448386 0 0
  8 525  6 75 FH_T20.jpeg H   1 0 A 0.530806 0 0
  8 526  6 76 FH_T0.jpeg H   5 1 H 0.487775 0 0
  8 527  6 77 FA_T20.jpeg A   1 0 A 0.587141 0 0
  8 528  6 78 FA_T20.jpeg A   1 0 A 0.503765 0 0
  8 529  6 79 FH_T0.jpeg H   5 1 H 0.530893 0 0
  8 530  6 80 FH_T9.jpeg H   4 1 H 0.817914 0 0
  8 531  6 81 FH_T20.jpeg H   1 0 A 0.470086 0 0
  8 532  6 82 FA_T20.jpeg A   1 0 A 0.663884 0 0
  8 533  6 83 FH_T20.jpeg H   1 0 A 0.607778 0 0
  8 534  6 84 FH_T20.jpeg H   1 0 A 0.547778 0 0
  8 535  6 85 FH_T9.jpeg H   4 1 H 0.731327 0 0
  8 536  6 86 FA_T9.jpeg A   4 1 H 0.675486 0 0
  8 537  6 87 FA_T0.jpeg A   5 1 H 0.498951 0 0
  8 538  6 88 FH_T20.jpeg H   1 0 A 0.464528 0 0
  8 539  6 89 FA_T13.jpeg A   2 1 H 2.829530 0 0
  8 540  6 90 FH_T20.jpeg H   1 0 A 0.575185 0 0
  8 541  7  1 FA_T20.jpeg A   1 0 A 1.138282 0 0
  8 542  7  2 FH_T20.jpeg H   1 0 A 0.686532 0 0
  8 543  7  3 FA_T0.jpeg A   5 1 H 0.404223 0 0
  8 544  7  4 FH_T0.jpeg H   5 1 H 0.492824 0 0
  8 545  7  5 FA_T20.jpeg A   1 0 A 0.514784 0 0
  8 546  7  6 FH_T0.jpeg H   5 1 H 0.614281 0 0
  8 547  7  7 FA_T0.jpeg A   5 1 H 0.593029 0 0
  8 548  7  8 FH_T9.jpeg H   4 1 H 0.807724 0 0
  8 549  7  9 FA_T20.jpeg A   1 0 A 0.614750 0 0
  8 550  7 10 FA_T9.jpeg A   4 1 H 0.437288 0 0
  8 551  7 11 FA_T11.jpeg A   3 1 H 0.475907 0 0
  8 552  7 12 FA_T0.jpeg A   5 1 H 0.515324 0 0
  8 553  7 13 FH_T20.jpeg H   1 0 A 0.460309 0 0
  8 554  7 14 FH_T0.jpeg H   5 1 H 0.410546 0 0
  8 555  7 15 FH_T20.jpeg H   1 0 A 0.581522 0 0
  8 556  7 16 FA_T9.jpeg A   4 1 H 0.570448 0 0
  8 557  7 17 FH_T9.jpeg H   4 1 H 0.680593 0 0
  8 558  7 18 FH_T20.jpeg H   1 0 A 0.481882 0 0
  8 559  7 19 FA_T20.jpeg A   1 0 A 0.542576 0 0
  8 560  7 20 FH_T0.jpeg H   5 1 H 0.466091 0 0
  8 561  7 21 FH_T9.jpeg H   4 1 H 0.719131 0 0
  8 562  7 22 FA_T11.jpeg A   3 1 H 0.619887 0 0
  8 563  7 23 FA_T0.jpeg A   5 1 H 0.674912 0 0
  8 564  7 24 FH_T20.jpeg H   1 0 A 0.487131 0 0
  8 565  7 25 FA_T13.jpeg A   2 1 H 0.459592 0 0
  8 566  7 26 FH_T13.jpeg H   2 0 A 1.116451 0 0
  8 567  7 27 FH_T0.jpeg H   5 1 H 0.520565 0 0
  8 568  7 28 FH_T13.jpeg H   2 1 H 0.747108 0 0
  8 569  7 29 FH_T0.jpeg H   5 1 H 0.470625 0 0
  8 570  7 30 FH_T0.jpeg H   5 1 H 0.652851 0 0
  8 571  7 31 FH_T0.jpeg H   5 1 H 0.476055 0 0
  8 572  7 32 FH_T13.jpeg H   2 0 A 2.503625 0 0
  8 573  7 33 FH_T0.jpeg H   5 1 H 0.558787 0 0
  8 574  7 34 FA_T20.jpeg A   1 0 A 0.614540 0 0
  8 575  7 35 FA_T9.jpeg A   4 1 H 0.481680 0 0
  8 576  7 36 FA_T9.jpeg A   4 1 H 0.601899 0 0
  8 577  7 37 FA_T11.jpeg A   3 1 H 0.509681 0 0
  8 578  7 38 FA_T0.jpeg A   5 1 H 0.476012 0 0
  8 579  7 39 FA_T20.jpeg A   1 0 A 0.697183 0 0
  8 580  7 40 FA_T0.jpeg A   5 1 H 0.509349 0 0
  8 581  7 41 FA_T9.jpeg A   4 1 H 0.747161 0 0
  8 582  7 42 FA_T0.jpeg A   5 1 H 0.647446 0 0
  8 583  7 43 FH_T0.jpeg H   5 1 H 0.530859 0 0
  8 584  7 44 FA_T0.jpeg A   5 1 H 0.713486 0 0
  8 585  7 45 FA_T20.jpeg A   1 0 A 0.891003 0 0
  8 586  7 46 FA_T9.jpeg A   4 1 H 0.757562 0 0
  8 587  7 47 FA_T20.jpeg A   1 0 A 0.486710 0 0
  8 588  7 48 FH_T20.jpeg H   1 0 A 0.774731 0 0
  8 589  7 49 FH_T0.jpeg H   5 1 H 0.531574 0 0
  8 590  7 50 FH_T9.jpeg H   4 1 H 1.110870 0 0
  8 591  7 51 FA_T0.jpeg A   5 1 H 0.575383 0 0
  8 592  7 52 FH_T0.jpeg H   5 1 H 0.454114 0 0
  8 593  7 53 FA_T11.jpeg A   3 1 H 0.592425 0 0
  8 594  7 54 FH_T20.jpeg H   1 0 A 0.663207 0 0
  8 595  7 55 FA_T20.jpeg A   1 0 A 0.597443 0 0
  8 596  7 56 FH_T13.jpeg H   2 0 A 1.360781 0 0
  8 597  7 57 FA_T9.jpeg A   4 1 H 0.647419 0 0
  8 598  7 58 FA_T20.jpeg A   1 0 A 0.597135 0 0
  8 599  7 59 FA_T0.jpeg A   5 1 H 0.475498 0 0
  8 600  7 60 FH_T20.jpeg H   1 0 A 0.663726 0 0
  8 601  7 61 FA_T0.jpeg A   5 1 H 1.090320 0 0
  8 602  7 62 FH_T0.jpeg H   5 1 H 0.786409 0 0
  8 603  7 63 FA_T20.jpeg A   1 0 A 0.547801 0 0
  8 604  7 64 FA_T20.jpeg A   1 0 A 0.571172 0 0
  8 605  7 65 FA_T20.jpeg A   1 0 A 0.554342 0 0
  8 606  7 66 FA_T20.jpeg A   1 0 A 0.603442 0 0
  8 607  7 67 FH_T0.jpeg H   5 1 H 0.657811 0 0
  8 608  7 68 FA_T20.jpeg A   1 0 A 0.890527 0 0
  8 609  7 69 FH_T13.jpeg H   2 0 A 1.260392 0 0
  8 610  7 70 FH_T13.jpeg H   2 0 A 4.396611 0 0
  8 611  7 71 FA_T20.jpeg A   1 0 A 0.735317 0 0
  8 612  7 72 FA_T20.jpeg A   1 0 A 0.387908 0 0
  8 613  7 73 FA_T13.jpeg A   2 1 H 1.155026 0 0
  8 614  7 74 FH_T20.jpeg H   1 0 A 0.581529 0 0
  8 615  7 75 FA_T9.jpeg A   4 1 H 1.172537 0 0
  8 616  7 76 FH_T11.jpeg H   3 1 H 1.625067 0 0
  8 617  7 77 FH_T20.jpeg H   1 0 A 0.564915 0 0
  8 618  7 78 FH_T20.jpeg H   1 0 A 0.525867 0 0
  8 619  7 79 FA_T20.jpeg A   1 0 A 0.653069 0 0
  8 620  7 80 FH_T0.jpeg H   5 1 H 0.558853 0 0
  8 621  7 81 FH_T0.jpeg H   5 1 H 0.730844 0 0
  8 622  7 82 FA_T11.jpeg A   3 1 H 0.812560 0 0
  8 623  7 83 FA_T0.jpeg A   5 1 H 0.470109 0 0
  8 624  7 84 FA_T9.jpeg A   4 1 H 0.492412 0 0
  8 625  7 85 FA_T0.jpeg A   5 1 H 0.476068 0 0
  8 626  7 86 FH_T9.jpeg H   4 1 H 0.680410 0 0
  8 627  7 87 FA_T9.jpeg A   4 1 H 0.620234 0 0
  8 628  7 88 FH_T20.jpeg H   1 0 A 0.525994 0 0
  8 629  7 89 FA_T20.jpeg A   1 0 A 0.503903 0 0
  8 630  7 90 FA_T13.jpeg A   2 1 H 0.531505 0 0
  8 631  8  1 FA_T0.jpeg A   5 1 H 1.045159 0 0
  8 632  8  2 FA_T9.jpeg A   4 1 H 0.459881 0 0
  8 633  8  3 FH_T0.jpeg H   5 1 H 0.420840 0 0
  8 634  8  4 FA_T20.jpeg A   1 0 A 0.753191 0 0
  8 635  8  5 FH_T13.jpeg H   2 0 A 5.404716 0 0
  8 636  8  6 FA_T0.jpeg A   5 1 H 0.420814 0 0
  8 637  8  7 FA_T0.jpeg A   5 1 H 0.487667 0 0
  8 638  8  8 FH_T11.jpeg H   3 1 H 0.790396 0 0
  8 639  8  9 FH_T11.jpeg H   3 1 H 0.912551 0 0
  8 640  8 10 FA_T0.jpeg A   5 1 H 0.465341 0 0
  8 641  8 11 FH_T13.jpeg H   2 0 A 1.051154 0 0
  8 642  8 12 FH_T0.jpeg H   5 1 H 1.215823 0 0
  8 643  8 13 FA_T20.jpeg A   1 0 A 0.762753 0 0
  8 644  8 14 FA_T0.jpeg A   5 1 H 0.481678 0 0
  8 645  8 15 FH_T0.jpeg H   5 1 H 1.337975 0 0
  8 646  8 16 FA_T20.jpeg A   1 0 A 0.487259 0 0
  8 647  8 17 FA_T0.jpeg A   5 1 H 0.581339 0 0
  8 648  8 18 FH_T11.jpeg H   3 0 A 2.874321 0 0
  8 649  8 19 FH_T9.jpeg H   4 1 H 1.029776 0 0
  8 650  8 20 FA_T20.jpeg A   1 0 A 0.636103 0 0
  8 651  8 21 FA_T20.jpeg A   1 0 A 0.729861 0 0
  8 652  8 22 FH_T13.jpeg H   2 0 A 2.634965 0 0
  8 653  8 23 FH_T20.jpeg H   1 0 A 0.553757 0 0
  8 654  8 24 FA_T9.jpeg A   4 1 H 0.686112 0 0
  8 655  8 25 FH_T0.jpeg H   5 1 H 0.426854 0 0
  8 656  8 26 FH_T0.jpeg H   5 1 H 0.421248 0 0
  8 657  8 27 FH_T20.jpeg H   1 0 A 0.553643 0 0
  8 658  8 28 FH_T20.jpeg H   1 0 A 0.581385 0 0
  8 659  8 29 FH_T0.jpeg H   5 1 H 0.537047 0 0
  8 660  8 30 FA_T9.jpeg A   4 1 H 0.564650 0 0
  8 661  8 31 FA_T0.jpeg A   5 1 H 0.454361 0 0
  8 662  8 32 FH_T0.jpeg H   5 1 H 0.520053 0 0
  8 663  8 33 FH_T0.jpeg H   5 1 H 0.503605 0 0
  8 664  8 34 FA_T20.jpeg A   1 0 A 0.437217 0 0
  8 665  8 35 FA_T0.jpeg A   5 1 H 0.476028 0 0
  8 666  8 36 FH_T20.jpeg H   1 0 A 0.404274 0 0
  8 667  8 37 FH_T0.jpeg H   5 1 H 0.487345 0 0
  8 668  8 38 FA_T0.jpeg A   5 1 H 0.712338 0 0
  8 669  8 39 FH_T20.jpeg H   1 0 A 0.608406 0 0
  8 670  8 40 FH_T20.jpeg H   1 0 A 2.652442 0 0
  8 671  8 41 FH_T20.jpeg H   1 0 A 0.652786 0 0
  8 672  8 42 FH_T20.jpeg H   1 0 A 2.287783 0 0
  8 673  8 43 FA_T0.jpeg A   5 1 H 0.559316 0 0
  8 674  8 44 FH_T9.jpeg H   4 1 H 1.172009 0 0
  8 675  8 45 FA_T0.jpeg A   5 1 H 0.536844 0 0
  8 676  8 46 FH_T20.jpeg H   1 0 A 0.614051 0 0
  8 677  8 47 FA_T11.jpeg A   3 1 H 1.199754 0 0
  8 678  8 48 FA_T20.jpeg A   1 0 A 0.558729 0 0
  8 679  8 49 FA_T11.jpeg A   3 1 H 0.685951 0 0
  8 680  8 50 FH_T9.jpeg H   4 1 H 0.558848 0 0
  8 681  8 51 FA_T20.jpeg A   1 0 A 0.464321 0 0
  8 682  8 52 FA_T0.jpeg A   5 1 H 0.426228 0 0
  8 683  8 53 FA_T20.jpeg A   1 0 A 0.537070 0 0
  8 684  8 54 FA_T9.jpeg A   4 1 H 0.420698 0 0
  8 685  8 55 FH_T20.jpeg H   1 0 A 0.487372 0 0
  8 686  8 56 FH_T0.jpeg H   5 1 H 0.442482 0 0
  8 687  8 57 FA_T11.jpeg A   3 1 H 0.530438 0 0
  8 688  8 58 FH_T11.jpeg H   3 1 H 0.868136 0 0
  8 689  8 59 FA_T0.jpeg A   5 1 H 0.498070 0 0
  8 690  8 60 FA_T11.jpeg A   3 1 H 0.791262 0 0
  8 691  8 61 FH_T20.jpeg H   1 0 A 0.570207 0 0
  8 692  8 62 FH_T20.jpeg H   1 0 A 0.630885 0 0
  8 693  8 63 FH_T13.jpeg H   2 1 H 0.674849 0 0
  8 694  8 64 FH_T11.jpeg H   3 1 H 0.746469 0 0
  8 695  8 65 FA_T0.jpeg A   5 1 H 0.536927 0 0
  8 696  8 66 FH_T0.jpeg H   5 1 H 0.543083 0 0
  8 697  8 67 FA_T0.jpeg A   5 1 H 0.580991 0 0
  8 698  8 68 FH_T9.jpeg H   4 1 H 0.686047 0 0
  8 699  8 69 FA_T20.jpeg A   1 0 A 0.751628 0 0
  8 700  8 70 FH_T20.jpeg H   1 0 A 0.642083 0 0
  8 701  8 71 FA_T20.jpeg A   1 0 A 0.602893 0 0
  8 702  8 72 FH_T13.jpeg H   2 0 A 1.712143 0 0
  8 703  8 73 FA_T20.jpeg A   1 0 A 1.549221 0 0
  8 704  8 74 FH_T0.jpeg H   5 1 H 0.459587 0 0
  8 705  8 75 FH_T9.jpeg H   4 1 H 0.652664 0 0
  8 706  8 76 FH_T20.jpeg H   1 0 A 0.581094 0 0
  8 707  8 77 FA_T20.jpeg A   1 0 A 0.691773 0 0
  8 708  8 78 FA_T11.jpeg A   3 1 H 0.641827 0 0
  8 709  8 79 FH_T20.jpeg H   1 0 A 0.497669 0 0
  8 710  8 80 FH_T9.jpeg H   4 1 H 0.906923 0 0
  8 711  8 81 FH_T20.jpeg H   1 0 A 2.265137 0 0
  8 712  8 82 FH_T20.jpeg H   1 0 A 0.548067 0 0
  8 713  8 83 FA_T0.jpeg A   5 1 H 0.559068 0 0
  8 714  8 84 FH_T20.jpeg H   1 0 A 0.862421 0 0
  8 715  8 85 FA_T0.jpeg A   5 1 H 0.583607 0 0
  8 716  8 86 FA_T9.jpeg A   4 1 H 0.856640 0 0
  8 717  8 87 FH_T20.jpeg H   1 0 A 0.492737 0 0
  8 718  8 88 FH_T11.jpeg H   3 1 H 0.487125 0 0
  8 719  8 89 FA_T0.jpeg A   5 1 H 0.509269 0 0
  8 720  8 90 FH_T20.jpeg H   1 0 A 0.448292 0 0
