 26   1  1  1 FH_T0.jpeg H   5 0 A 0.617456 0 0
 26   2  1  2 FA_T0.jpeg A   5 1 H 0.830705 0 0
 26   3  1  3 FH_T13.jpeg H   2 0 A 0.583603 0 0
 26   4  1  4 FH_T20.jpeg H   1 0 A 0.635723 0 0
 26   5  1  5 FH_T11.jpeg H   3 1 H 1.615188 0 0
 26   6  1  6 FH_T0.jpeg H   5 1 H 0.525119 0 0
 26   7  1  7 FA_T0.jpeg A   5 1 H 0.457010 0 0
 26   8  1  8 FA_T9.jpeg A   4 1 H 0.716608 0 0
 26   9  1  9 FA_T9.jpeg A   4 1 H 0.674841 0 0
 26  10  1 10 FA_T20.jpeg A   1 0 A 0.462622 0 0
 26  11  1 11 FH_T9.jpeg H   4 1 H 0.681470 0 0
 26  12  1 12 FH_T13.jpeg H   2 0 A 0.676281 0 0
 26  13  1 13 FH_T20.jpeg H   1 0 A 0.652677 0 0
 26  14  1 14 FA_T20.jpeg A   1 0 A 0.520425 0 0
 26  15  1 15 FA_T11.jpeg A   3 1 H 1.222976 0 0
 26  16  1 16 FH_T20.jpeg H   1 0 A 0.543969 0 0
 26  17  1 17 FA_T20.jpeg A   1 0 A 0.502720 0 0
 26  18  1 18 FA_T11.jpeg A   3 1 H 0.538243 0 0
 26  19  1 19 FH_T0.jpeg H   5 1 H 0.450818 0 0
 26  20  1 20 FA_T20.jpeg A   1 0 A 0.473519 0 0
 26  21  1 21 FH_T20.jpeg H   1 0 A 0.478682 0 0
 26  22  1 22 FA_T11.jpeg A   3 1 H 0.508978 0 0
 26  23  1 23 FA_T13.jpeg A   2 0 A 0.670025 0 0
 26  24  1 24 FH_T20.jpeg H   1 0 A 0.548026 0 0
 26  25  1 25 FA_T0.jpeg A   5 1 H 0.456140 0 0
 26  26  1 26 FA_T11.jpeg A   3 1 H 0.457775 0 0
 26  27  1 27 FH_T0.jpeg H   5 1 H 0.519959 0 0
 26  28  1 28 FA_T0.jpeg A   5 1 H 0.542484 0 0
 26  29  1 29 FA_T0.jpeg A   5 1 H 0.450561 0 0
 26  30  1 30 FA_T13.jpeg A   2 0 A 0.699026 0 0
 26  31  1 31 FA_T13.jpeg A   2 0 A 0.846735 0 0
 26  32  1 32 FA_T20.jpeg A   1 0 A 0.553840 0 0
 26  33  1 33 FA_T11.jpeg A   3 0 A 0.848734 0 0
 26  34  1 34 FH_T13.jpeg H   2 0 A 0.686652 0 0
 26  35  1 35 FH_T20.jpeg H   1 0 A 0.629092 0 0
 26  36  1 36 FA_T11.jpeg A   3 0 A 0.761721 0 0
 26  37  1 37 FH_T0.jpeg H   5 1 H 0.416089 0 0
 26  38  1 38 FH_T0.jpeg H   5 1 H 0.416602 0 0
 26  39  1 39 FH_T13.jpeg H   2 0 A 0.681330 0 0
 26  40  1 40 FH_T20.jpeg H   1 0 A 0.496457 0 0
 26  41  1 41 FA_T0.jpeg A   5 1 H 0.478842 0 0
 26  42  1 42 FA_T13.jpeg A   2 0 A 0.727273 0 0
 26  43  1 43 FA_T0.jpeg A   5 1 H 0.386907 0 0
 26  44  1 44 FA_T9.jpeg A   4 1 H 0.537105 0 0
 26  45  1 45 FH_T9.jpeg H   4 1 H 0.722498 0 0
 26  46  1 46 FA_T0.jpeg A   5 1 H 0.560029 0 0
 26  47  1 47 FH_T9.jpeg H   4 0 A 0.629835 0 0
 26  48  1 48 FH_T0.jpeg H   5 1 H 0.480110 0 0
 26  49  1 49 FA_T0.jpeg A   5 1 H 0.421203 0 0
 26  50  1 50 FH_T20.jpeg H   1 0 A 0.495307 0 0
 26  51  1 51 FH_T20.jpeg H   1 0 A 0.657714 0 0
 26  52  1 52 FA_T20.jpeg A   1 0 A 0.560701 0 0
 26  53  1 53 FA_T0.jpeg A   5 1 H 0.410541 0 0
 26  54  1 54 FA_T20.jpeg A   1 0 A 0.485147 0 0
 26  55  1 55 FH_T20.jpeg H   1 0 A 0.536508 0 0
 26  56  1 56 FA_T9.jpeg A   4 1 H 0.646642 0 0
 26  57  1 57 FH_T9.jpeg H   4 1 H 0.807109 0 0
 26  58  1 58 FA_T0.jpeg A   5 1 H 0.468410 0 0
 26  59  1 59 FH_T11.jpeg H   3 0 A 0.686037 0 0
 26  60  1 60 FH_T0.jpeg H   5 1 H 0.572320 0 0
 26  61  1 61 FH_T20.jpeg H   1 0 A 0.524459 0 0
 26  62  1 62 FH_T0.jpeg H   5 1 H 0.553738 0 0
 26  63  1 63 FA_T20.jpeg A   1 0 A 0.652665 0 0
 26  64  1 64 FH_T0.jpeg H   5 1 H 0.473680 0 0
 26  65  1 65 FA_T0.jpeg A   5 1 H 0.675864 0 0
 26  66  1 66 FA_T0.jpeg A   5 1 H 0.508653 0 0
 26  67  1 67 FA_T20.jpeg A   1 0 A 0.542069 0 0
 26  68  1 68 FA_T0.jpeg A   5 1 H 0.675168 0 0
 26  69  1 69 FA_T0.jpeg A   5 1 H 0.525285 0 0
 26  70  1 70 FA_T20.jpeg A   1 0 A 0.559426 0 0
 26  71  1 71 FH_T0.jpeg H   5 1 H 0.462321 0 0
 26  72  1 72 FH_T0.jpeg H   5 1 H 0.583206 0 0
 26  73  1 73 FH_T20.jpeg H   1 0 A 0.433960 0 0
 26  74  1 74 FA_T0.jpeg A   5 1 H 0.450751 0 0
 26  75  1 75 FA_T13.jpeg A   2 0 A 0.865042 0 0
 26  76  1 76 FA_T0.jpeg A   5 1 H 0.427199 0 0
 26  77  1 77 FA_T20.jpeg A   1 0 A 0.502938 0 0
 26  78  1 78 FA_T9.jpeg A   4 1 H 0.438999 0 0
 26  79  1 79 FA_T0.jpeg A   5 1 H 0.507837 0 0
 26  80  1 80 FA_T0.jpeg A   5 1 H 0.495709 0 0
 26  81  1 81 FH_T20.jpeg H   1 0 A 0.445584 0 0
 26  82  1 82 FA_T0.jpeg A   5 1 H 0.433802 0 0
 26  83  1 83 FH_T11.jpeg H   3 0 A 0.537701 0 0
 26  84  1 84 FA_T9.jpeg A   4 1 H 0.714702 0 0
 26  85  1 85 FA_T13.jpeg A   2 0 A 0.697911 0 0
 26  86  1 86 FH_T20.jpeg H   1 0 A 0.594036 0 0
 26  87  1 87 FA_T0.jpeg A   5 1 H 0.404458 0 0
 26  88  1 88 FA_T0.jpeg A   5 1 H 0.427396 0 0
 26  89  1 89 FA_T13.jpeg A   2 0 A 0.525168 0 0
 26  90  1 90 FH_T9.jpeg H   4 1 H 0.647151 0 0
 26  91  2  1 FA_T9.jpeg A   4 1 H 0.708749 0 0
 26  92  2  2 FA_T20.jpeg A   1 0 A 0.473697 0 0
 26  93  2  3 FA_T9.jpeg A   4 1 H 0.525639 0 0
 26  94  2  4 FA_T11.jpeg A   3 1 H 0.456880 0 0
 26  95  2  5 FH_T20.jpeg H   1 0 A 0.490804 0 0
 26  96  2  6 FH_T20.jpeg H   1 0 A 0.456548 0 0
 26  97  2  7 FH_T9.jpeg H   4 1 H 0.611230 0 0
 26  98  2  8 FA_T13.jpeg A   2 1 H 0.507679 0 0
 26  99  2  9 FH_T20.jpeg H   1 0 A 0.473482 0 0
 26 100  2 10 FA_T0.jpeg A   5 1 H 0.427099 0 0
 26 101  2 11 FA_T9.jpeg A   4 0 A 0.639946 0 0
 26 102  2 12 FA_T20.jpeg A   1 0 A 0.473952 0 0
 26 103  2 13 FA_T0.jpeg A   5 1 H 0.422423 0 0
 26 104  2 14 FH_T0.jpeg H   5 1 H 0.426890 0 0
 26 105  2 15 FH_T13.jpeg H   2 0 A 0.543503 0 0
 26 106  2 16 FA_T11.jpeg A   3 1 H 1.135779 0 0
 26 107  2 17 FA_T20.jpeg A   1 0 A 0.520128 0 0
 26 108  2 18 FH_T0.jpeg H   5 1 H 0.422205 0 0
 26 109  2 19 FH_T0.jpeg H   5 1 H 0.404664 0 0
 26 110  2 20 FA_T0.jpeg A   5 1 H 0.399390 0 0
 26 111  2 21 FA_T0.jpeg A   5 1 H 0.427528 0 0
 26 112  2 22 FH_T11.jpeg H   3 0 A 0.904213 0 0
 26 113  2 23 FA_T11.jpeg A   3 0 A 2.660010 0 0
 26 114  2 24 FA_T0.jpeg A   5 1 H 0.474326 0 0
 26 115  2 25 FA_T20.jpeg A   1 0 A 0.634674 0 0
 26 116  2 26 FH_T20.jpeg H   1 0 A 0.519597 0 0
 26 117  2 27 FH_T20.jpeg H   1 0 A 0.410731 0 0
 26 118  2 28 FH_T20.jpeg H   1 0 A 0.438796 0 0
 26 119  2 29 FH_T20.jpeg H   1 0 A 0.449838 0 0
 26 120  2 30 FH_T11.jpeg H   3 0 A 0.617834 0 0
 26 121  2 31 FH_T20.jpeg H   1 0 A 0.416000 0 0
 26 122  2 32 FA_T20.jpeg A   1 0 A 0.393977 0 0
 26 123  2 33 FA_T20.jpeg A   1 0 A 0.370535 0 0
 26 124  2 34 FA_T20.jpeg A   1 0 A 0.352838 0 0
 26 125  2 35 FH_T0.jpeg H   5 1 H 0.485145 0 0
 26 126  2 36 FA_T20.jpeg A   1 0 A 0.364036 0 0
 26 127  2 37 FH_T0.jpeg H   5 1 H 0.398933 0 0
 26 128  2 38 FA_T0.jpeg A   5 1 H 0.387534 0 0
 26 129  2 39 FA_T20.jpeg A   1 0 A 0.427181 0 0
 26 130  2 40 FA_T20.jpeg A   1 0 A 0.398211 0 0
 26 131  2 41 FH_T13.jpeg H   2 0 A 0.611350 0 0
 26 132  2 42 FH_T20.jpeg H   1 0 A 0.410981 0 0
 26 133  2 43 FH_T13.jpeg H   2 0 A 0.427286 0 0
 26 134  2 44 FA_T0.jpeg A   5 1 H 0.404979 0 0
 26 135  2 45 FA_T9.jpeg A   4 1 H 0.433346 0 0
 26 136  2 46 FA_T9.jpeg A   4 1 H 0.456316 0 0
 26 137  2 47 FH_T20.jpeg H   1 0 A 0.479338 0 0
 26 138  2 48 FA_T0.jpeg A   5 1 H 0.393099 0 0
 26 139  2 49 FH_T0.jpeg H   5 1 H 0.347149 0 0
 26 140  2 50 FH_T20.jpeg H   1 0 A 0.393676 0 0
 26 141  2 51 FH_T20.jpeg H   1 0 A 0.445154 0 0
 26 142  2 52 FH_T9.jpeg H   4 1 H 0.624395 0 0
 26 143  2 53 FA_T0.jpeg A   5 1 H 0.440023 0 0
 26 144  2 54 FH_T20.jpeg H   1 0 A 0.496472 0 0
 26 145  2 55 FH_T11.jpeg H   3 0 A 0.715765 0 0
 26 146  2 56 FA_T13.jpeg A   2 0 A 0.721851 0 0
 26 147  2 57 FH_T13.jpeg H   2 0 A 0.530323 0 0
 26 148  2 58 FH_T0.jpeg H   5 1 H 0.450300 0 0
 26 149  2 59 FH_T11.jpeg H   3 0 A 0.623920 0 0
 26 150  2 60 FA_T0.jpeg A   5 1 H 0.439258 0 0
 26 151  2 61 FA_T0.jpeg A   5 1 H 0.473429 0 0
 26 152  2 62 FA_T20.jpeg A   1 0 A 0.421646 0 0
 26 153  2 63 FA_T9.jpeg A   4 1 H 0.479925 0 0
 26 154  2 64 FH_T20.jpeg H   1 0 A 0.461537 0 0
 26 155  2 65 FA_T11.jpeg A   3 1 H 0.628507 0 0
 26 156  2 66 FH_T11.jpeg H   3 0 A 0.746721 0 0
 26 157  2 67 FA_T0.jpeg A   5 1 H 0.538204 0 0
 26 158  2 68 FH_T11.jpeg H   3 0 A 0.779357 0 0
 26 159  2 69 FH_T20.jpeg H   1 0 A 0.462122 0 0
 26 160  2 70 FH_T20.jpeg H   1 0 A 0.462422 0 0
 26 161  2 71 FA_T20.jpeg A   1 0 A 0.392794 0 0
 26 162  2 72 FH_T20.jpeg H   1 0 A 0.375708 0 0
 26 163  2 73 FA_T20.jpeg A   1 0 A 0.388445 0 0
 26 164  2 74 FA_T9.jpeg A   4 1 H 0.548827 0 0
 26 165  2 75 FH_T20.jpeg H   1 0 A 0.484952 0 0
 26 166  2 76 FA_T13.jpeg A   2 0 A 0.629533 0 0
 26 167  2 77 FA_T9.jpeg A   4 1 H 0.491548 0 0
 26 168  2 78 FA_T9.jpeg A   4 1 H 0.595450 0 0
 26 169  2 79 FH_T0.jpeg H   5 1 H 0.583999 0 0
 26 170  2 80 FA_T20.jpeg A   1 0 A 0.434056 0 0
 26 171  2 81 FH_T0.jpeg H   5 1 H 0.428226 0 0
 26 172  2 82 FH_T0.jpeg H   5 1 H 0.403785 0 0
 26 173  2 83 FA_T20.jpeg A   1 0 A 0.496054 0 0
 26 174  2 84 FH_T0.jpeg H   5 1 H 0.450687 0 0
 26 175  2 85 FA_T0.jpeg A   5 1 H 0.497347 0 0
 26 176  2 86 FH_T20.jpeg H   1 0 A 0.479479 0 0
 26 177  2 87 FA_T11.jpeg A   3 1 H 0.410062 0 0
 26 178  2 88 FA_T9.jpeg A   4 1 H 0.594862 0 0
 26 179  2 89 FH_T11.jpeg H   3 0 A 0.945721 0 0
 26 180  2 90 FA_T20.jpeg A   1 0 A 0.491115 0 0
 26 181  3  1 FA_T0.jpeg A   5 1 H 0.439302 0 0
 26 182  3  2 FA_T20.jpeg A   1 0 A 0.421271 0 0
 26 183  3  3 FH_T0.jpeg H   5 1 H 0.381663 0 0
 26 184  3  4 FH_T0.jpeg H   5 0 A 0.410452 0 0
 26 185  3  5 FA_T0.jpeg A   5 1 H 0.387058 0 0
 26 186  3  6 FH_T0.jpeg H   5 1 H 0.335506 0 0
 26 187  3  7 FA_T0.jpeg A   5 1 H 0.352559 0 0
 26 188  3  8 FH_T11.jpeg H   3 0 A 0.745467 0 0
 26 189  3  9 FH_T11.jpeg H   3 0 A 0.554045 0 0
 26 190  3 10 FH_T13.jpeg H   2 0 A 0.416469 0 0
 26 191  3 11 FH_T9.jpeg H   4 0 A 0.508380 0 0
 26 192  3 12 FA_T11.jpeg A   3 0 A 0.451037 0 0
 26 193  3 13 FA_T20.jpeg A   1 0 A 0.623906 0 0
 26 194  3 14 FA_T20.jpeg A   1 0 A 0.433585 0 0
 26 195  3 15 FA_T20.jpeg A   1 0 A 0.386997 0 0
 26 196  3 16 FA_T11.jpeg A   3 0 A 0.628776 0 0
 26 197  3 17 FH_T9.jpeg H   4 1 H 0.675470 0 0
 26 198  3 18 FH_T11.jpeg H   3 0 A 0.508580 0 0
 26 199  3 19 FH_T20.jpeg H   1 0 A 0.456078 0 0
 26 200  3 20 FH_T0.jpeg H   5 1 H 0.467145 0 0
 26 201  3 21 FH_T0.jpeg H   5 1 H 0.427871 0 0
 26 202  3 22 FH_T20.jpeg H   1 0 A 0.439094 0 0
 26 203  3 23 FA_T9.jpeg A   4 1 H 0.651891 0 0
 26 204  3 24 FH_T0.jpeg H   5 1 H 0.416147 0 0
 26 205  3 25 FA_T0.jpeg A   5 1 H 0.461674 0 0
 26 206  3 26 FA_T0.jpeg A   5 1 H 0.393003 0 0
 26 207  3 27 FH_T9.jpeg H   4 0 A 1.010387 0 0
 26 208  3 28 FA_T0.jpeg A   5 1 H 0.484654 0 0
 26 209  3 29 FH_T20.jpeg H   1 0 A 0.502223 0 0
 26 210  3 30 FA_T20.jpeg A   1 0 A 0.410180 0 0
 26 211  3 31 FH_T0.jpeg H   5 1 H 0.404407 0 0
 26 212  3 32 FH_T11.jpeg H   3 0 A 0.398671 0 0
 26 213  3 33 FH_T20.jpeg H   1 0 A 0.485921 0 0
 26 214  3 34 FH_T0.jpeg H   5 1 H 0.422288 0 0
 26 215  3 35 FH_T0.jpeg H   5 1 H 0.467689 0 0
 26 216  3 36 FA_T20.jpeg A   1 0 A 0.375326 0 0
 26 217  3 37 FA_T0.jpeg A   5 1 H 0.370313 0 0
 26 218  3 38 FH_T0.jpeg H   5 1 H 0.427408 0 0
 26 219  3 39 FA_T11.jpeg A   3 0 A 0.825515 0 0
 26 220  3 40 FA_T20.jpeg A   1 0 A 0.559735 0 0
 26 221  3 41 FA_T0.jpeg A   5 1 H 0.479404 0 0
 26 222  3 42 FA_T20.jpeg A   1 0 A 0.427326 0 0
 26 223  3 43 FH_T11.jpeg H   3 0 A 0.686025 0 0
 26 224  3 44 FH_T13.jpeg H   2 0 A 0.548430 0 0
 26 225  3 45 FA_T0.jpeg A   5 1 H 0.543150 0 0
 26 226  3 46 FA_T13.jpeg A   2 0 A 0.600145 0 0
 26 227  3 47 FH_T13.jpeg H   2 0 A 0.485622 0 0
 26 228  3 48 FH_T9.jpeg H   4 0 A 0.629265 0 0
 26 229  3 49 FA_T9.jpeg A   4 1 H 0.675298 0 0
 26 230  3 50 FA_T0.jpeg A   5 1 H 0.519635 0 0
 26 231  3 51 FH_T11.jpeg H   3 0 A 0.480219 0 0
 26 232  3 52 FH_T0.jpeg H   5 1 H 0.508095 0 0
 26 233  3 53 FA_T11.jpeg A   3 1 H 0.669818 0 0
 26 234  3 54 FH_T0.jpeg H   5 1 H 0.433470 0 0
 26 235  3 55 FA_T11.jpeg A   3 1 H 0.450157 0 0
 26 236  3 56 FH_T0.jpeg H   5 1 H 0.422077 0 0
 26 237  3 57 FA_T20.jpeg A   1 0 A 0.451637 0 0
 26 238  3 58 FA_T20.jpeg A   1 0 A 0.432159 0 0
 26 239  3 59 FA_T11.jpeg A   3 1 H 0.548702 0 0
 26 240  3 60 FA_T13.jpeg A   2 1 H 0.531246 0 0
 26 241  3 61 FA_T20.jpeg A   1 0 A 0.456289 0 0
 26 242  3 62 FA_T20.jpeg A   1 0 A 0.381128 0 0
 26 243  3 63 FA_T13.jpeg A   2 0 A 0.916967 0 0
 26 244  3 64 FH_T20.jpeg H   1 0 A 0.479112 0 0
 26 245  3 65 FA_T11.jpeg A   3 1 H 0.444969 0 0
 26 246  3 66 FA_T20.jpeg A   1 0 A 0.439903 0 0
 26 247  3 67 FH_T13.jpeg H   2 0 A 0.641316 0 0
 26 248  3 68 FH_T13.jpeg H   2 0 A 0.490209 0 0
 26 249  3 69 FH_T0.jpeg H   5 1 H 0.426999 0 0
 26 250  3 70 FH_T9.jpeg H   4 1 H 0.681404 0 0
 26 251  3 71 FH_T20.jpeg H   1 0 A 0.433142 0 0
 26 252  3 72 FH_T9.jpeg H   4 1 H 0.605516 0 0
 26 253  3 73 FH_T20.jpeg H   1 0 A 0.456310 0 0
 26 254  3 74 FA_T0.jpeg A   5 1 H 0.490551 0 0
 26 255  3 75 FH_T20.jpeg H   1 0 A 0.438747 0 0
 26 256  3 76 FH_T20.jpeg H   1 0 A 0.468164 0 0
 26 257  3 77 FA_T20.jpeg A   1 0 A 0.427654 0 0
 26 258  3 78 FH_T20.jpeg H   1 0 A 0.520221 0 0
 26 259  3 79 FH_T0.jpeg H   5 1 H 0.519690 0 0
 26 260  3 80 FA_T0.jpeg A   5 1 H 0.404551 0 0
 26 261  3 81 FH_T11.jpeg H   3 1 H 0.594113 0 0
 26 262  3 82 FH_T20.jpeg H   1 0 A 0.364494 0 0
 26 263  3 83 FA_T0.jpeg A   5 1 H 0.376121 0 0
 26 264  3 84 FH_T0.jpeg H   5 1 H 0.462982 0 0
 26 265  3 85 FA_T20.jpeg A   1 0 A 0.421593 0 0
 26 266  3 86 FH_T20.jpeg H   1 0 A 0.548623 0 0
 26 267  3 87 FA_T20.jpeg A   1 0 A 0.498403 0 0
 26 268  3 88 FH_T20.jpeg H   1 0 A 0.404042 0 0
 26 269  3 89 FH_T0.jpeg H   5 1 H 0.478866 0 0
 26 270  3 90 FA_T20.jpeg A   1 0 A 0.410130 0 0
 26 271  4  1 FA_T20.jpeg A   1 0 A 0.358129 0 0
 26 272  4  2 FH_T0.jpeg H   5 1 H 0.352809 0 0
 26 273  4  3 FA_T20.jpeg A   1 0 A 0.404183 0 0
 26 274  4  4 FA_T0.jpeg A   5 1 H 0.364597 0 0
 26 275  4  5 FH_T0.jpeg H   5 1 H 0.393234 0 0
 26 276  4  6 FH_T20.jpeg H   1 0 A 0.473719 0 0
 26 277  4  7 FA_T20.jpeg A   1 0 A 0.617664 0 0
 26 278  4  8 FA_T0.jpeg A   5 1 H 0.392436 0 0
 26 279  4  9 FH_T20.jpeg H   1 0 A 0.415568 0 0
 26 280  4 10 FA_T20.jpeg A   1 0 A 0.369966 0 0
 26 281  4 11 FA_T0.jpeg A   5 1 H 0.392904 0 0
 26 282  4 12 FA_T0.jpeg A   5 1 H 0.387086 0 0
 26 283  4 13 FH_T0.jpeg H   5 1 H 0.352985 0 0
 26 284  4 14 FA_T20.jpeg A   1 0 A 0.444859 0 0
 26 285  4 15 FA_T13.jpeg A   2 1 H 0.329803 0 0
 26 286  4 16 FH_T20.jpeg H   1 0 A 0.633929 0 0
 26 287  4 17 FA_T13.jpeg A   2 1 H 0.410254 0 0
 26 288  4 18 FH_T11.jpeg H   3 1 H 0.582719 0 0
 26 289  4 19 FA_T20.jpeg A   1 0 A 0.485180 0 0
 26 290  4 20 FH_T11.jpeg H   3 0 A 0.495897 0 0
 26 291  4 21 FA_T0.jpeg A   5 1 H 0.421997 0 0
 26 292  4 22 FH_T13.jpeg H   2 0 A 0.467181 0 0
 26 293  4 23 FH_T0.jpeg H   5 1 H 0.582169 0 0
 26 294  4 24 FA_T0.jpeg A   5 1 H 0.473413 0 0
 26 295  4 25 FH_T0.jpeg H   5 1 H 0.420900 0 0
 26 296  4 26 FH_T0.jpeg H   5 1 H 0.380848 0 0
 26 297  4 27 FH_T13.jpeg H   2 0 A 0.531481 0 0
 26 298  4 28 FH_T0.jpeg H   5 1 H 0.415922 0 0
 26 299  4 29 FA_T20.jpeg A   1 0 A 0.479031 0 0
 26 300  4 30 FH_T20.jpeg H   1 1 H 0.369433 0 0
 26 301  4 31 FH_T0.jpeg H   5 1 H 0.415469 0 0
 26 302  4 32 FH_T0.jpeg H   5 1 H 0.455806 0 0
 26 303  4 33 FA_T0.jpeg A   5 1 H 0.530194 0 0
 26 304  4 34 FA_T11.jpeg A   3 1 H 0.727000 0 0
 26 305  4 35 FH_T0.jpeg H   5 1 H 0.415657 0 0
 26 306  4 36 FA_T11.jpeg A   3 1 H 0.410235 0 0
 26 307  4 37 FH_T9.jpeg H   4 1 H 0.675098 0 0
 26 308  4 38 FA_T13.jpeg A   2 1 H 0.829088 0 0
 26 309  4 39 FA_T0.jpeg A   5 1 H 0.547901 0 0
 26 310  4 40 FH_T11.jpeg H   3 0 A 0.732564 0 0
 26 311  4 41 FA_T20.jpeg A   1 0 A 0.467731 0 0
 26 312  4 42 FA_T13.jpeg A   2 1 H 0.512957 0 0
 26 313  4 43 FH_T0.jpeg H   5 1 H 0.364065 0 0
 26 314  4 44 FA_T11.jpeg A   3 0 A 0.502200 0 0
 26 315  4 45 FH_T0.jpeg H   5 1 H 0.409951 0 0
 26 316  4 46 FH_T0.jpeg H   5 1 H 0.427234 0 0
 26 317  4 47 FH_T13.jpeg H   2 0 A 0.605519 0 0
 26 318  4 48 FH_T0.jpeg H   5 1 H 0.444478 0 0
 26 319  4 49 FA_T0.jpeg A   5 1 H 0.432829 0 0
 26 320  4 50 FH_T20.jpeg H   1 0 A 0.472787 0 0
 26 321  4 51 FH_T9.jpeg H   4 1 H 0.600416 0 0
 26 322  4 52 FA_T9.jpeg A   4 1 H 0.387307 0 0
 26 323  4 53 FA_T20.jpeg A   1 0 A 0.427653 0 0
 26 324  4 54 FH_T0.jpeg H   5 1 H 0.375850 0 0
 26 325  4 55 FA_T13.jpeg A   2 1 H 0.558904 0 0
 26 326  4 56 FH_T20.jpeg H   1 0 A 0.410425 0 0
 26 327  4 57 FH_T20.jpeg H   1 0 A 0.450514 0 0
 26 328  4 58 FH_T9.jpeg H   4 1 H 0.553625 0 0
 26 329  4 59 FH_T9.jpeg H   4 1 H 0.600525 0 0
 26 330  4 60 FH_T13.jpeg H   2 1 H 0.623230 0 0
 26 331  4 61 FH_T0.jpeg H   5 1 H 0.484922 0 0
 26 332  4 62 FH_T0.jpeg H   5 1 H 0.432747 0 0
 26 333  4 63 FH_T20.jpeg H   1 0 A 0.438721 0 0
 26 334  4 64 FH_T0.jpeg H   5 1 H 0.398594 0 0
 26 335  4 65 FA_T0.jpeg A   5 1 H 0.381216 0 0
 26 336  4 66 FH_T20.jpeg H   1 0 A 0.478960 0 0
 26 337  4 67 FH_T20.jpeg H   1 0 A 0.438957 0 0
 26 338  4 68 FA_T20.jpeg A   1 0 A 0.397893 0 0
 26 339  4 69 FA_T11.jpeg A   3 1 H 0.363367 0 0
 26 340  4 70 FA_T0.jpeg A   5 1 H 0.381125 0 0
 26 341  4 71 FH_T0.jpeg H   5 1 H 0.398543 0 0
 26 342  4 72 FH_T9.jpeg H   4 1 H 0.853151 0 0
 26 343  4 73 FA_T0.jpeg A   5 1 H 0.473647 0 0
 26 344  4 74 FA_T0.jpeg A   5 1 H 0.358500 0 0
 26 345  4 75 FH_T13.jpeg H   2 0 A 0.456581 0 0
 26 346  4 76 FH_T20.jpeg H   1 0 A 0.502430 0 0
 26 347  4 77 FH_T20.jpeg H   1 0 A 0.404156 0 0
 26 348  4 78 FA_T20.jpeg A   1 0 A 0.421604 0 0
 26 349  4 79 FA_T20.jpeg A   1 0 A 0.369782 0 0
 26 350  4 80 FA_T20.jpeg A   1 0 A 0.329606 0 0
 26 351  4 81 FH_T20.jpeg H   1 0 A 0.421932 0 0
 26 352  4 82 FA_T20.jpeg A   1 0 A 0.358289 0 0
 26 353  4 83 FH_T0.jpeg H   5 1 H 0.405095 0 0
 26 354  4 84 FA_T20.jpeg A   1 0 A 0.409580 0 0
 26 355  4 85 FH_T20.jpeg H   1 0 A 0.381262 0 0
 26 356  4 86 FH_T9.jpeg H   4 1 H 0.347004 0 0
 26 357  4 87 FA_T20.jpeg A   1 0 A 0.456099 0 0
 26 358  4 88 FA_T9.jpeg A   4 1 H 0.559210 0 0
 26 359  4 89 FH_T20.jpeg H   1 0 A 0.501575 0 0
 26 360  4 90 FA_T9.jpeg A   4 1 H 0.525279 0 0
 26 361  5  1 FA_T20.jpeg A   1 0 A 0.576814 0 0
 26 362  5  2 FH_T20.jpeg H   1 0 A 0.439000 0 0
 26 363  5  3 FH_T9.jpeg H   4 1 H 0.340877 0 0
 26 364  5  4 FH_T0.jpeg H   5 1 H 0.358546 0 0
 26 365  5  5 FH_T20.jpeg H   1 0 A 0.467476 0 0
 26 366  5  6 FA_T0.jpeg A   5 1 H 0.416212 0 0
 26 367  5  7 FH_T11.jpeg H   3 1 H 0.427435 0 0
 26 368  5  8 FA_T0.jpeg A   5 1 H 0.351759 0 0
 26 369  5  9 FA_T0.jpeg A   5 1 H 0.375661 0 0
 26 370  5 10 FH_T0.jpeg H   5 1 H 0.358177 0 0
 26 371  5 11 FH_T9.jpeg H   4 1 H 0.641134 0 0
 26 372  5 12 FH_T20.jpeg H   1 0 A 0.415704 0 0
 26 373  5 13 FH_T20.jpeg H   1 0 A 0.433759 0 0
 26 374  5 14 FA_T20.jpeg A   1 0 A 0.450562 0 0
 26 375  5 15 FA_T0.jpeg A   5 1 H 0.513720 0 0
 26 376  5 16 FH_T20.jpeg H   1 0 A 2.194141 0 0
 26 377  5 17 FH_T20.jpeg H   1 0 A 0.398984 0 0
 26 378  5 18 FA_T0.jpeg A   5 1 H 0.444457 0 0
 26 379  5 19 FA_T0.jpeg A   5 1 H 0.347078 0 0
 26 380  5 20 FA_T0.jpeg A   5 1 H 0.376038 0 0
 26 381  5 21 FA_T0.jpeg A   5 1 H 0.417201 0 0
 26 382  5 22 FA_T20.jpeg A   1 0 A 0.421719 0 0
 26 383  5 23 FH_T9.jpeg H   4 1 H 0.692682 0 0
 26 384  5 24 FA_T13.jpeg A   2 1 H 0.370542 0 0
 26 385  5 25 FA_T13.jpeg A   2 1 H 0.393438 0 0
 26 386  5 26 FA_T0.jpeg A   5 1 H 0.381492 0 0
 26 387  5 27 FA_T20.jpeg A   1 0 A 0.415948 0 0
 26 388  5 28 FA_T0.jpeg A   5 1 H 0.358306 0 0
 26 389  5 29 FH_T20.jpeg H   1 0 A 0.484318 0 0
 26 390  5 30 FA_T20.jpeg A   1 0 A 0.398533 0 0
 26 391  5 31 FH_T0.jpeg H   5 1 H 0.346895 0 0
 26 392  5 32 FH_T20.jpeg H   1 1 H 0.519715 0 0
 26 393  5 33 FA_T0.jpeg A   5 1 H 0.479324 0 0
 26 394  5 34 FA_T9.jpeg A   4 1 H 0.404329 0 0
 26 395  5 35 FA_T20.jpeg A   1 0 A 0.496356 0 0
 26 396  5 36 FA_T9.jpeg A   4 1 H 0.409873 0 0
 26 397  5 37 FH_T20.jpeg H   1 0 A 0.501729 0 0
 26 398  5 38 FH_T9.jpeg H   4 1 H 0.541605 0 0
 26 399  5 39 FH_T0.jpeg H   5 1 H 0.479442 0 0
 26 400  5 40 FH_T0.jpeg H   5 1 H 0.381497 0 0
 26 401  5 41 FA_T11.jpeg A   3 1 H 0.393393 0 0
 26 402  5 42 FA_T20.jpeg A   1 0 A 0.490970 0 0
 26 403  5 43 FH_T13.jpeg H   2 1 H 0.439257 0 0
 26 404  5 44 FA_T20.jpeg A   1 0 A 0.496976 0 0
 26 405  5 45 FH_T13.jpeg H   2 0 A 0.547399 0 0
 26 406  5 46 FH_T11.jpeg H   3 0 A 0.806308 0 0
 26 407  5 47 FH_T0.jpeg H   5 1 H 0.427542 0 0
 26 408  5 48 FA_T20.jpeg A   1 0 A 0.445149 0 0
 26 409  5 49 FA_T20.jpeg A   1 0 A 0.508573 0 0
 26 410  5 50 FH_T20.jpeg H   1 0 A 0.524723 0 0
 26 411  5 51 FA_T20.jpeg A   1 0 A 0.461337 0 0
 26 412  5 52 FA_T9.jpeg A   4 1 H 0.398697 0 0
 26 413  5 53 FH_T0.jpeg H   5 1 H 0.433271 0 0
 26 414  5 54 FA_T20.jpeg A   1 0 A 0.466589 0 0
 26 415  5 55 FH_T20.jpeg H   1 0 A 0.485667 0 0
 26 416  5 56 FH_T9.jpeg H   4 1 H 0.439164 0 0
 26 417  5 57 FH_T0.jpeg H   5 1 H 0.398357 0 0
 26 418  5 58 FH_T0.jpeg H   5 1 H 0.404714 0 0
 26 419  5 59 FA_T13.jpeg A   2 0 A 0.756305 0 0
 26 420  5 60 FH_T0.jpeg H   5 1 H 0.571323 0 0
 26 421  5 61 FH_T20.jpeg H   1 0 A 0.444669 0 0
 26 422  5 62 FA_T13.jpeg A   2 1 H 0.570977 0 0
 26 423  5 63 FH_T20.jpeg H   1 0 A 0.438643 0 0
 26 424  5 64 FA_T9.jpeg A   4 1 H 0.415821 0 0
 26 425  5 65 FA_T0.jpeg A   5 1 H 0.426790 0 0
 26 426  5 66 FH_T11.jpeg H   3 1 H 0.450362 0 0
 26 427  5 67 FA_T9.jpeg A   4 1 H 0.461998 0 0
 26 428  5 68 FA_T9.jpeg A   4 1 H 0.478704 0 0
 26 429  5 69 FH_T11.jpeg H   3 0 A 0.646775 0 0
 26 430  5 70 FA_T20.jpeg A   1 0 A 0.491351 0 0
 26 431  5 71 FH_T20.jpeg H   1 0 A 0.496828 0 0
 26 432  5 72 FH_T20.jpeg H   1 0 A 0.422351 0 0
 26 433  5 73 FH_T0.jpeg H   5 1 H 0.872805 0 0
 26 434  5 74 FA_T11.jpeg A   3 1 H 0.415401 0 0
 26 435  5 75 FA_T0.jpeg A   5 1 H 0.427761 0 0
 26 436  5 76 FH_T13.jpeg H   2 0 A 0.427769 0 0
 26 437  5 77 FA_T20.jpeg A   1 0 A 0.490915 0 0
 26 438  5 78 FH_T0.jpeg H   5 1 H 0.439189 0 0
 26 439  5 79 FA_T0.jpeg A   5 1 H 0.472369 0 0
 26 440  5 80 FA_T9.jpeg A   4 1 H 0.438082 0 0
 26 441  5 81 FA_T20.jpeg A   1 0 A 0.439025 0 0
 26 442  5 82 FA_T0.jpeg A   5 1 H 0.392497 0 0
 26 443  5 83 FH_T11.jpeg H   3 0 A 0.467891 0 0
 26 444  5 84 FH_T13.jpeg H   2 0 A 0.410471 0 0
 26 445  5 85 FA_T0.jpeg A   5 1 H 0.329198 0 0
 26 446  5 86 FA_T0.jpeg A   5 1 H 0.414781 0 0
 26 447  5 87 FH_T11.jpeg H   3 0 A 0.340877 0 0
 26 448  5 88 FA_T0.jpeg A   5 1 H 0.450787 0 0
 26 449  5 89 FA_T11.jpeg A   3 1 H 0.392748 0 0
 26 450  5 90 FA_T0.jpeg A   5 1 H 0.409949 0 0
 26 451  6  1 FA_T11.jpeg A   3 1 H 0.439243 0 0
 26 452  6  2 FH_T0.jpeg H   5 1 H 0.380938 0 0
 26 453  6  3 FA_T20.jpeg A   1 0 A 0.386977 0 0
 26 454  6  4 FA_T20.jpeg A   1 0 A 0.456278 0 0
 26 455  6  5 FA_T9.jpeg A   4 1 H 0.329629 0 0
 26 456  6  6 FH_T9.jpeg H   4 0 A 0.807052 0 0
 26 457  6  7 FA_T20.jpeg A   1 0 A 0.531028 0 0
 26 458  6  8 FA_T9.jpeg A   4 1 H 0.807103 0 0
 26 459  6  9 FH_T20.jpeg H   1 0 A 0.375953 0 0
 26 460  6 10 FA_T20.jpeg A   1 0 A 0.398738 0 0
 26 461  6 11 FH_T9.jpeg H   4 1 H 0.329658 0 0
 26 462  6 12 FH_T11.jpeg H   3 1 H 0.398442 0 0
 26 463  6 13 FA_T13.jpeg A   2 0 A 0.513904 0 0
 26 464  6 14 FA_T20.jpeg A   1 0 A 0.507497 0 0
 26 465  6 15 FH_T20.jpeg H   1 0 A 0.420903 0 0
 26 466  6 16 FH_T9.jpeg H   4 1 H 0.507745 0 0
 26 467  6 17 FA_T13.jpeg A   2 0 A 0.535903 0 0
 26 468  6 18 FH_T0.jpeg H   5 1 H 0.363975 0 0
 26 469  6 19 FA_T0.jpeg A   5 1 H 0.703160 0 0
 26 470  6 20 FA_T0.jpeg A   5 1 H 0.433338 0 0
 26 471  6 21 FH_T20.jpeg H   1 0 A 0.525505 0 0
 26 472  6 22 FH_T20.jpeg H   1 0 A 0.427288 0 0
 26 473  6 23 FH_T13.jpeg H   2 0 A 0.606850 0 0
 26 474  6 24 FH_T20.jpeg H   1 0 A 0.358434 0 0
 26 475  6 25 FH_T20.jpeg H   1 0 A 0.415152 0 0
 26 476  6 26 FH_T20.jpeg H   1 0 A 0.392786 0 0
 26 477  6 27 FA_T11.jpeg A   3 1 H 0.433107 0 0
 26 478  6 28 FH_T0.jpeg H   5 1 H 0.364368 0 0
 26 479  6 29 FA_T20.jpeg A   1 0 A 0.329934 0 0
 26 480  6 30 FH_T20.jpeg H   1 0 A 0.340640 0 0
 26 481  6 31 FH_T20.jpeg H   1 0 A 0.364099 0 0
 26 482  6 32 FH_T20.jpeg H   1 0 A 0.347170 0 0
 26 483  6 33 FH_T13.jpeg H   2 1 H 0.502252 0 0
 26 484  6 34 FH_T13.jpeg H   2 0 A 0.624552 0 0
 26 485  6 35 FH_T9.jpeg H   4 1 H 0.438983 0 0
 26 486  6 36 FH_T13.jpeg H   2 0 A 0.599967 0 0
 26 487  6 37 FA_T13.jpeg A   2 0 A 0.380854 0 0
 26 488  6 38 FA_T11.jpeg A   3 1 H 0.726384 0 0
 26 489  6 39 FA_T13.jpeg A   2 0 A 0.576732 0 0
 26 490  6 40 FH_T20.jpeg H   1 0 A 0.496046 0 0
 26 491  6 41 FH_T20.jpeg H   1 0 A 0.440687 0 0
 26 492  6 42 FH_T20.jpeg H   1 0 A 0.456068 0 0
 26 493  6 43 FA_T20.jpeg A   1 0 A 0.363697 0 0
 26 494  6 44 FA_T0.jpeg A   5 1 H 0.404217 0 0
 26 495  6 45 FH_T13.jpeg H   2 0 A 0.409941 0 0
 26 496  6 46 FA_T0.jpeg A   5 1 H 0.456041 0 0
 26 497  6 47 FA_T20.jpeg A   1 0 A 0.439090 0 0
 26 498  6 48 FA_T0.jpeg A   5 1 H 0.393166 0 0
 26 499  6 49 FH_T0.jpeg H   5 1 H 0.445028 0 0
 26 500  6 50 FA_T20.jpeg A   1 0 A 0.497744 0 0
 26 501  6 51 FH_T20.jpeg H   1 0 A 0.657020 0 0
 26 502  6 52 FH_T9.jpeg H   4 1 H 0.473495 0 0
 26 503  6 53 FA_T11.jpeg A   3 1 H 0.404757 0 0
 26 504  6 54 FH_T13.jpeg H   2 0 A 0.519891 0 0
 26 505  6 55 FA_T20.jpeg A   1 0 A 0.490876 0 0
 26 506  6 56 FA_T0.jpeg A   5 1 H 0.456598 0 0
 26 507  6 57 FH_T0.jpeg H   5 1 H 0.375633 0 0
 26 508  6 58 FH_T0.jpeg H   5 1 H 0.421979 0 0
 26 509  6 59 FA_T0.jpeg A   5 1 H 0.398850 0 0
 26 510  6 60 FH_T20.jpeg H   1 0 A 0.352462 0 0
 26 511  6 61 FA_T20.jpeg A   1 0 A 0.427901 0 0
 26 512  6 62 FH_T9.jpeg H   4 1 H 0.496408 0 0
 26 513  6 63 FH_T20.jpeg H   1 0 A 0.376428 0 0
 26 514  6 64 FA_T20.jpeg A   1 0 A 0.530455 0 0
 26 515  6 65 FH_T13.jpeg H   2 0 A 0.392897 0 0
 26 516  6 66 FA_T11.jpeg A   3 1 H 0.421821 0 0
 26 517  6 67 FH_T0.jpeg H   5 1 H 0.398721 0 0
 26 518  6 68 FH_T20.jpeg H   1 0 A 0.415641 0 0
 26 519  6 69 FH_T20.jpeg H   1 0 A 0.472667 0 0
 26 520  6 70 FH_T9.jpeg H   4 1 H 0.346834 0 0
 26 521  6 71 FH_T0.jpeg H   5 1 H 0.404513 0 0
 26 522  6 72 FH_T20.jpeg H   1 0 A 0.380835 0 0
 26 523  6 73 FA_T0.jpeg A   5 1 H 0.329017 0 0
 26 524  6 74 FH_T13.jpeg H   2 0 A 0.444868 0 0
 26 525  6 75 FH_T11.jpeg H   3 1 H 0.369246 0 0
 26 526  6 76 FA_T13.jpeg A   2 0 A 0.536888 0 0
 26 527  6 77 FA_T20.jpeg A   1 0 A 0.387344 0 0
 26 528  6 78 FH_T0.jpeg H   5 1 H 0.433018 0 0
 26 529  6 79 FA_T13.jpeg A   2 1 H 0.380898 0 0
 26 530  6 80 FH_T13.jpeg H   2 0 A 0.375717 0 0
 26 531  6 81 FH_T20.jpeg H   1 0 A 0.398339 0 0
 26 532  6 82 FA_T20.jpeg A   1 0 A 0.363435 0 0
 26 533  6 83 FH_T0.jpeg H   5 1 H 0.358014 0 0
 26 534  6 84 FA_T9.jpeg A   4 0 A 0.399104 0 0
 26 535  6 85 FH_T0.jpeg H   5 1 H 0.439380 0 0
 26 536  6 86 FA_T9.jpeg A   4 1 H 0.467942 0 0
 26 537  6 87 FH_T20.jpeg H   1 0 A 0.415621 0 0
 26 538  6 88 FH_T11.jpeg H   3 1 H 1.323356 0 0
 26 539  6 89 FA_T20.jpeg A   1 0 A 1.767128 0 0
 26 540  6 90 FA_T0.jpeg A   5 1 H 0.443771 0 0
 26 541  7  1 FH_T20.jpeg H   1 0 A 0.536485 0 0
 26 542  7  2 FA_T11.jpeg A   3 1 H 0.375814 0 0
 26 543  7  3 FA_T0.jpeg A   5 1 H 0.404102 0 0
 26 544  7  4 FH_T20.jpeg H   1 0 A 0.450338 0 0
 26 545  7  5 FA_T20.jpeg A   1 0 A 0.392615 0 0
 26 546  7  6 FA_T0.jpeg A   5 1 H 0.410370 0 0
 26 547  7  7 FH_T20.jpeg H   1 1 H 0.370553 0 0
 26 548  7  8 FH_T20.jpeg H   1 0 A 0.392789 0 0
 26 549  7  9 FA_T13.jpeg A   2 1 H 0.570625 0 0
 26 550  7 10 FH_T11.jpeg H   3 1 H 0.715112 0 0
 26 551  7 11 FH_T0.jpeg H   5 1 H 0.415836 0 0
 26 552  7 12 FA_T20.jpeg A   1 0 A 0.370106 0 0
 26 553  7 13 FA_T20.jpeg A   1 0 A 0.376561 0 0
 26 554  7 14 FA_T0.jpeg A   5 1 H 0.364202 0 0
 26 555  7 15 FH_T0.jpeg H   5 1 H 0.387436 0 0
 26 556  7 16 FA_T9.jpeg A   4 0 A 0.525395 0 0
 26 557  7 17 FA_T20.jpeg A   1 0 A 0.317016 0 0
 26 558  7 18 FA_T0.jpeg A   5 1 H 0.392584 0 0
 26 559  7 19 FA_T0.jpeg A   5 1 H 0.386504 0 0
 26 560  7 20 FH_T20.jpeg H   1 0 A 0.375718 0 0
 26 561  7 21 FA_T13.jpeg A   2 1 H 0.352807 0 0
 26 562  7 22 FA_T20.jpeg A   1 0 A 0.490589 0 0
 26 563  7 23 FA_T20.jpeg A   1 0 A 0.381039 0 0
 26 564  7 24 FH_T0.jpeg H   5 1 H 0.358270 0 0
 26 565  7 25 FH_T11.jpeg H   3 1 H 0.800680 0 0
 26 566  7 26 FH_T0.jpeg H   5 1 H 0.415381 0 0
 26 567  7 27 FH_T13.jpeg H   2 0 A 0.513450 0 0
 26 568  7 28 FA_T20.jpeg A   1 0 A 0.392707 0 0
 26 569  7 29 FH_T0.jpeg H   5 1 H 0.346951 0 0
 26 570  7 30 FA_T20.jpeg A   1 0 A 0.347442 0 0
 26 571  7 31 FA_T20.jpeg A   1 0 A 0.363401 0 0
 26 572  7 32 FH_T9.jpeg H   4 1 H 0.495863 0 0
 26 573  7 33 FA_T0.jpeg A   5 1 H 0.496445 0 0
 26 574  7 34 FA_T9.jpeg A   4 1 H 0.502051 0 0
 26 575  7 35 FH_T0.jpeg H   5 1 H 0.370108 0 0
 26 576  7 36 FH_T0.jpeg H   5 1 H 0.340625 0 0
 26 577  7 37 FH_T0.jpeg H   5 1 H 0.381033 0 0
 26 578  7 38 FA_T0.jpeg A   5 1 H 0.438567 0 0
 26 579  7 39 FH_T0.jpeg H   5 1 H 0.369682 0 0
 26 580  7 40 FA_T0.jpeg A   5 1 H 0.541789 0 0
 26 581  7 41 FA_T0.jpeg A   5 1 H 0.364705 0 0
 26 582  7 42 FH_T9.jpeg H   4 1 H 0.369463 0 0
 26 583  7 43 FH_T0.jpeg H   5 1 H 0.374658 0 0
 26 584  7 44 FA_T0.jpeg A   5 1 H 0.380566 0 0
 26 585  7 45 FH_T20.jpeg H   1 0 A 0.616333 0 0
 26 586  7 46 FA_T20.jpeg A   1 0 A 0.542076 0 0
 26 587  7 47 FA_T20.jpeg A   1 0 A 0.519650 0 0
 26 588  7 48 FH_T0.jpeg H   5 1 H 0.357944 0 0
 26 589  7 49 FA_T0.jpeg A   5 1 H 0.386669 0 0
 26 590  7 50 FH_T11.jpeg H   3 1 H 0.329105 0 0
 26 591  7 51 FA_T9.jpeg A   4 1 H 0.363870 0 0
 26 592  7 52 FA_T0.jpeg A   5 1 H 0.363997 0 0
 26 593  7 53 FH_T20.jpeg H   1 0 A 0.461343 0 0
 26 594  7 54 FA_T20.jpeg A   1 0 A 0.426907 0 0
 26 595  7 55 FA_T11.jpeg A   3 1 H 0.375620 0 0
 26 596  7 56 FH_T13.jpeg H   2 0 A 0.686149 0 0
 26 597  7 57 FH_T9.jpeg H   4 0 A 0.490709 0 0
 26 598  7 58 FA_T0.jpeg A   5 1 H 0.375408 0 0
 26 599  7 59 FA_T0.jpeg A   5 1 H 0.427662 0 0
 26 600  7 60 FH_T0.jpeg H   5 1 H 0.357815 0 0
 26 601  7 61 FH_T9.jpeg H   4 0 A 0.629339 0 0
 26 602  7 62 FH_T9.jpeg H   4 1 H 0.697700 0 0
 26 603  7 63 FH_T0.jpeg H   5 1 H 0.387002 0 0
 26 604  7 64 FA_T9.jpeg A   4 1 H 0.404403 0 0
 26 605  7 65 FH_T9.jpeg H   4 1 H 0.397864 0 0
 26 606  7 66 FH_T20.jpeg H   1 0 A 0.456664 0 0
 26 607  7 67 FA_T20.jpeg A   1 0 A 0.427215 0 0
 26 608  7 68 FH_T0.jpeg H   5 1 H 0.502142 0 0
 26 609  7 69 FH_T9.jpeg H   4 0 A 0.645825 0 0
 26 610  7 70 FH_T0.jpeg H   5 1 H 0.416120 0 0
 26 611  7 71 FH_T0.jpeg H   5 1 H 0.398900 0 0
 26 612  7 72 FA_T20.jpeg A   1 0 A 0.347417 0 0
 26 613  7 73 FH_T9.jpeg H   4 0 A 0.559915 0 0
 26 614  7 74 FA_T20.jpeg A   1 0 A 0.571394 0 0
 26 615  7 75 FA_T0.jpeg A   5 1 H 0.490238 0 0
 26 616  7 76 FH_T0.jpeg H   5 1 H 0.416566 0 0
 26 617  7 77 FA_T20.jpeg A   1 0 A 0.370274 0 0
 26 618  7 78 FH_T0.jpeg H   5 1 H 0.352250 0 0
 26 619  7 79 FH_T20.jpeg H   1 0 A 0.398430 0 0
 26 620  7 80 FH_T11.jpeg H   3 0 A 0.524714 0 0
 26 621  7 81 FA_T0.jpeg A   5 1 H 0.784492 0 0
 26 622  7 82 FH_T20.jpeg H   1 0 A 0.438463 0 0
 26 623  7 83 FA_T9.jpeg A   4 1 H 0.375309 0 0
 26 624  7 84 FA_T0.jpeg A   5 1 H 0.410576 0 0
 26 625  7 85 FH_T0.jpeg H   5 1 H 0.392916 0 0
 26 626  7 86 FH_T20.jpeg H   1 0 A 0.387200 0 0
 26 627  7 87 FH_T0.jpeg H   5 1 H 0.363739 0 0
 26 628  7 88 FA_T0.jpeg A   5 1 H 0.387207 0 0
 26 629  7 89 FH_T11.jpeg H   3 1 H 0.340965 0 0
 26 630  7 90 FA_T20.jpeg A   1 0 A 0.404071 0 0
 26 631  8  1 FA_T11.jpeg A   3 1 H 0.530722 0 0
 26 632  8  2 FH_T0.jpeg H   5 1 H 0.357992 0 0
 26 633  8  3 FA_T13.jpeg A   2 1 H 0.398685 0 0
 26 634  8  4 FH_T11.jpeg H   3 0 A 0.639650 0 0
 26 635  8  5 FH_T11.jpeg H   3 0 A 0.599409 0 0
 26 636  8  6 FA_T20.jpeg A   1 0 A 0.427412 0 0
 26 637  8  7 FA_T13.jpeg A   2 1 H 0.432497 0 0
 26 638  8  8 FA_T20.jpeg A   1 0 A 0.439215 0 0
 26 639  8  9 FH_T0.jpeg H   5 1 H 0.439054 0 0
 26 640  8 10 FA_T20.jpeg A   1 0 A 0.369566 0 0
 26 641  8 11 FA_T13.jpeg A   2 0 A 0.410184 0 0
 26 642  8 12 FH_T0.jpeg H   5 1 H 0.369660 0 0
 26 643  8 13 FH_T20.jpeg H   1 0 A 0.427603 0 0
 26 644  8 14 FA_T11.jpeg A   3 0 A 0.374965 0 0
 26 645  8 15 FA_T20.jpeg A   1 0 A 0.369595 0 0
 26 646  8 16 FA_T0.jpeg A   5 1 H 0.433388 0 0
 26 647  8 17 FA_T0.jpeg A   5 1 H 0.404773 0 0
 26 648  8 18 FA_T0.jpeg A   5 1 H 0.375689 0 0
 26 649  8 19 FA_T13.jpeg A   2 1 H 0.357799 0 0
 26 650  8 20 FH_T0.jpeg H   5 1 H 0.369460 0 0
 26 651  8 21 FH_T20.jpeg H   1 0 A 0.375429 0 0
 26 652  8 22 FA_T11.jpeg A   3 1 H 0.467488 0 0
 26 653  8 23 FH_T20.jpeg H   1 1 H 0.392923 0 0
 26 654  8 24 FA_T20.jpeg A   1 0 A 0.312297 0 0
 26 655  8 25 FA_T0.jpeg A   5 1 H 0.398217 0 0
 26 656  8 26 FH_T11.jpeg H   3 0 A 0.708395 0 0
 26 657  8 27 FA_T0.jpeg A   5 1 H 0.484709 0 0
 26 658  8 28 FH_T11.jpeg H   3 0 A 0.582268 0 0
 26 659  8 29 FH_T0.jpeg H   5 1 H 0.553637 0 0
 26 660  8 30 FH_T13.jpeg H   2 0 A 0.467689 0 0
 26 661  8 31 FA_T20.jpeg A   1 0 A 0.409847 0 0
 26 662  8 32 FH_T0.jpeg H   5 1 H 0.358821 0 0
 26 663  8 33 FH_T0.jpeg H   5 1 H 0.398750 0 0
 26 664  8 34 FA_T0.jpeg A   5 1 H 0.461884 0 0
 26 665  8 35 FA_T0.jpeg A   5 1 H 0.484635 0 0
 26 666  8 36 FH_T13.jpeg H   2 0 A 0.657650 0 0
 26 667  8 37 FH_T0.jpeg H   5 1 H 0.479532 0 0
 26 668  8 38 FH_T20.jpeg H   1 0 A 0.468020 0 0
 26 669  8 39 FA_T0.jpeg A   5 1 H 0.432824 0 0
 26 670  8 40 FH_T11.jpeg H   3 0 A 0.432980 0 0
 26 671  8 41 FA_T20.jpeg A   1 0 A 0.594353 0 0
 26 672  8 42 FH_T0.jpeg H   5 1 H 0.421688 0 0
 26 673  8 43 FA_T11.jpeg A   3 1 H 0.369780 0 0
 26 674  8 44 FA_T20.jpeg A   1 0 A 0.686191 0 0
 26 675  8 45 FH_T13.jpeg H   2 0 A 0.496628 0 0
 26 676  8 46 FH_T20.jpeg H   1 0 A 0.393131 0 0
 26 677  8 47 FH_T20.jpeg H   1 0 A 0.409906 0 0
 26 678  8 48 FH_T13.jpeg H   2 0 A 0.416063 0 0
 26 679  8 49 FH_T20.jpeg H   1 0 A 0.369701 0 0
 26 680  8 50 FH_T11.jpeg H   3 0 A 0.513942 0 0
 26 681  8 51 FA_T9.jpeg A   4 1 H 0.427719 0 0
 26 682  8 52 FA_T13.jpeg A   2 0 A 0.490673 0 0
 26 683  8 53 FA_T20.jpeg A   1 0 A 0.387134 0 0
 26 684  8 54 FA_T11.jpeg A   3 1 H 0.427131 0 0
 26 685  8 55 FH_T20.jpeg H   1 0 A 0.433109 0 0
 26 686  8 56 FA_T13.jpeg A   2 1 H 0.403949 0 0
 26 687  8 57 FH_T13.jpeg H   2 0 A 0.467701 0 0
 26 688  8 58 FA_T9.jpeg A   4 1 H 0.513619 0 0
 26 689  8 59 FA_T20.jpeg A   1 0 A 0.398750 0 0
 26 690  8 60 FA_T11.jpeg A   3 1 H 0.432952 0 0
 26 691  8 61 FH_T9.jpeg H   4 1 H 0.404655 0 0
 26 692  8 62 FA_T20.jpeg A   1 0 A 0.415651 0 0
 26 693  8 63 FA_T0.jpeg A   5 1 H 0.375647 0 0
 26 694  8 64 FA_T11.jpeg A   3 0 A 0.588586 0 0
 26 695  8 65 FA_T0.jpeg A   5 1 H 0.357888 0 0
 26 696  8 66 FH_T0.jpeg H   5 1 H 0.415678 0 0
 26 697  8 67 FA_T20.jpeg A   1 0 A 1.624925 0 0
 26 698  8 68 FH_T0.jpeg H   5 1 H 0.387223 0 0
 26 699  8 69 FA_T0.jpeg A   5 1 H 0.398937 0 0
 26 700  8 70 FH_T0.jpeg H   5 1 H 0.369847 0 0
 26 701  8 71 FH_T20.jpeg H   1 0 A 0.432433 0 0
 26 702  8 72 FA_T0.jpeg A   5 1 H 0.363817 0 0
 26 703  8 73 FH_T20.jpeg H   1 0 A 0.403886 0 0
 26 704  8 74 FH_T13.jpeg H   2 0 A 0.484616 0 0
 26 705  8 75 FA_T13.jpeg A   2 0 A 0.635112 0 0
 26 706  8 76 FA_T13.jpeg A   2 0 A 0.536099 0 0
 26 707  8 77 FA_T20.jpeg A   1 0 A 0.404073 0 0
 26 708  8 78 FA_T13.jpeg A   2 0 A 0.742957 0 0
 26 709  8 79 FH_T0.jpeg H   5 1 H 0.542505 0 0
 26 710  8 80 FH_T0.jpeg H   5 1 H 0.433238 0 0
 26 711  8 81 FH_T20.jpeg H   1 0 A 0.358558 0 0
 26 712  8 82 FA_T13.jpeg A   2 0 A 0.532524 0 0
 26 713  8 83 FH_T0.jpeg H   5 1 H 0.398416 0 0
 26 714  8 84 FH_T13.jpeg H   2 0 A 0.473306 0 0
 26 715  8 85 FH_T20.jpeg H   1 0 A 0.450652 0 0
 26 716  8 86 FA_T0.jpeg A   5 1 H 0.461787 0 0
 26 717  8 87 FH_T0.jpeg H   5 1 H 0.398754 0 0
 26 718  8 88 FH_T0.jpeg H   5 1 H 0.346767 0 0
 26 719  8 89 FA_T9.jpeg A   4 0 A 0.973217 0 0
 26 720  8 90 FA_T11.jpeg A   3 1 H 0.536274 0 0
