 21   1  1  1 FH_T20.jpeg H   1 0 A 1.420853 0 0
 21   2  1  2 FA_T9.jpeg A   4 1 H 1.381313 0 0
 21   3  1  3 FA_T0.jpeg A   5 1 H 0.923017 0 0
 21   4  1  4 FA_T13.jpeg A   2 0 A 1.479103 0 0
 21   5  1  5 FA_T20.jpeg A   1 0 A 0.685302 0 0
 21   6  1  6 FA_T0.jpeg A   5 1 H 0.585787 0 0
 21   7  1  7 FA_T20.jpeg A   1 0 A 0.542086 0 0
 21   8  1  8 FH_T20.jpeg H   1 0 A 2.801145 0 0
 21   9  1  9 FA_T20.jpeg A   1 0 A 0.575595 0 0
 21  10  1 10 FH_T20.jpeg H   1 0 A 0.525143 0 0
 21  11  1 11 FA_T0.jpeg A   5 1 H 0.520316 0 0
 21  12  1 12 FH_T20.jpeg H   1 0 A 0.425995 0 0
 21  13  1 13 FA_T13.jpeg A   2 1 H 2.478635 0 0
 21  14  1 14 FA_T0.jpeg A   5 1 H 0.519545 0 0
 21  15  1 15 FH_T20.jpeg H   1 0 A 0.480656 0 0
 21  16  1 16 FH_T13.jpeg H   2 0 A 0.961466 0 0
 21  17  1 17 FA_T11.jpeg A   3 1 H 4.146874 0 0
 21  18  1 18 FA_T0.jpeg A   5 1 H 0.607626 0 0
 21  19  1 19 FH_T0.jpeg H   5 1 H 0.558195 0 0
 21  20  1 20 FH_T9.jpeg H   4 1 H 1.441030 0 0
 21  21  1 21 FA_T0.jpeg A   5 1 H 0.502921 0 0
 21  22  1 22 FH_T13.jpeg H   2 0 A 0.420245 0 0
 21  23  1 23 FA_T20.jpeg A   1 0 A 0.447713 0 0
 21  24  1 24 FH_T9.jpeg H   4 0 A 0.618789 0 0
 21  25  1 25 FA_T9.jpeg A   4 0 A 0.806557 0 0
 21  26  1 26 FH_T11.jpeg H   3 0 A 1.104255 0 0
 21  27  1 27 FH_T9.jpeg H   4 0 A 0.475358 0 0
 21  28  1 28 FH_T20.jpeg H   1 0 A 0.563268 0 0
 21  29  1 29 FA_T9.jpeg A   4 1 H 0.905876 0 0
 21  30  1 30 FH_T9.jpeg H   4 0 A 0.475533 0 0
 21  31  1 31 FA_T13.jpeg A   2 1 H 0.574842 0 0
 21  32  1 32 FH_T11.jpeg H   3 0 A 1.165337 0 0
 21  33  1 33 FA_T9.jpeg A   4 1 H 0.624661 0 0
 21  34  1 34 FA_T20.jpeg A   1 0 A 0.497506 0 0
 21  35  1 35 FA_T20.jpeg A   1 0 A 0.508669 0 0
 21  36  1 36 FH_T9.jpeg H   4 0 A 1.783686 0 0
 21  37  1 37 FH_T20.jpeg H   1 0 A 0.480449 0 0
 21  38  1 38 FA_T20.jpeg A   1 0 A 0.470455 0 0
 21  39  1 39 FH_T0.jpeg H   5 1 H 0.498028 0 0
 21  40  1 40 FA_T0.jpeg A   5 1 H 0.673584 0 0
 21  41  1 41 FH_T9.jpeg H   4 0 A 1.590289 0 0
 21  42  1 42 FA_T20.jpeg A   1 0 A 0.508732 0 0
 21  43  1 43 FH_T20.jpeg H   1 0 A 0.513532 0 0
 21  44  1 44 FA_T9.jpeg A   4 1 H 0.624437 0 0
 21  45  1 45 FA_T20.jpeg A   1 0 A 0.486638 0 0
 21  46  1 46 FH_T0.jpeg H   5 1 H 0.497371 0 0
 21  47  1 47 FA_T0.jpeg A   5 1 H 1.006062 0 0
 21  48  1 48 FH_T20.jpeg H   1 0 A 0.425549 0 0
 21  49  1 49 FA_T20.jpeg A   1 0 A 0.376282 0 0
 21  50  1 50 FH_T0.jpeg H   5 1 H 0.497587 0 0
 21  51  1 51 FH_T0.jpeg H   5 1 H 0.403768 0 0
 21  52  1 52 FH_T0.jpeg H   5 1 H 0.431420 0 0
 21  53  1 53 FA_T0.jpeg A   5 1 H 0.530819 0 0
 21  54  1 54 FA_T9.jpeg A   4 1 H 0.348501 0 0
 21  55  1 55 FA_T20.jpeg A   1 0 A 0.403282 0 0
 21  56  1 56 FH_T0.jpeg H   5 1 H 0.442496 0 0
 21  57  1 57 FH_T20.jpeg H   1 0 A 0.547556 0 0
 21  58  1 58 FA_T0.jpeg A   5 1 H 0.673967 0 0
 21  59  1 59 FA_T20.jpeg A   1 0 A 0.414973 0 0
 21  60  1 60 FA_T0.jpeg A   5 1 H 0.563653 0 0
 21  61  1 61 FA_T11.jpeg A   3 0 A 0.298853 0 0
 21  62  1 62 FA_T11.jpeg A   3 1 H 0.701911 0 0
 21  63  1 63 FA_T20.jpeg A   1 0 A 0.828916 0 0
 21  64  1 64 FA_T20.jpeg A   1 0 A 0.431794 0 0
 21  65  1 65 FA_T20.jpeg A   1 0 A 0.470013 0 0
 21  66  1 66 FA_T20.jpeg A   1 0 A 0.420559 0 0
 21  67  1 67 FA_T0.jpeg A   5 1 H 0.514578 0 0
 21  68  1 68 FH_T13.jpeg H   2 0 A 0.453888 0 0
 21  69  1 69 FA_T20.jpeg A   1 0 A 0.614015 0 0
 21  70  1 70 FH_T9.jpeg H   4 1 H 0.662345 0 0
 21  71  1 71 FA_T20.jpeg A   1 0 A 0.431502 0 0
 21  72  1 72 FA_T20.jpeg A   1 0 A 0.756893 0 0
 21  73  1 73 FA_T20.jpeg A   1 0 A 0.580649 0 0
 21  74  1 74 FA_T0.jpeg A   5 1 H 1.660251 0 0
 21  75  1 75 FH_T0.jpeg H   5 1 H 0.883852 0 0
 21  76  1 76 FH_T20.jpeg H   1 0 A 0.718093 0 0
 21  77  1 77 FA_T9.jpeg A   4 1 H 2.043014 0 0
 21  78  1 78 FA_T20.jpeg A   1 0 A 0.619364 0 0
 21  79  1 79 FA_T13.jpeg A   2 0 A 1.060295 0 0
 21  80  1 80 FA_T20.jpeg A   1 0 A 0.470060 0 0
 21  81  1 81 FH_T9.jpeg H   4 0 A 1.120040 0 0
 21  82  1 82 FA_T0.jpeg A   5 1 H 0.502992 0 0
 21  83  1 83 FH_T9.jpeg H   4 0 A 0.635639 0 0
 21  84  1 84 FH_T20.jpeg H   1 0 A 0.547217 0 0
 21  85  1 85 FA_T20.jpeg A   1 0 A 0.508706 0 0
 21  86  1 86 FA_T0.jpeg A   5 1 H 0.442805 0 0
 21  87  1 87 FA_T20.jpeg A   1 0 A 0.547427 0 0
 21  88  1 88 FA_T0.jpeg A   5 1 H 0.436990 0 0
 21  89  1 89 FA_T20.jpeg A   1 0 A 0.436392 0 0
 21  90  1 90 FA_T9.jpeg A   4 1 H 0.535897 0 0
 21  91  2  1 FA_T11.jpeg A   3 1 H 0.905889 0 0
 21  92  2  2 FH_T0.jpeg H   5 1 H 0.596612 0 0
 21  93  2  3 FA_T0.jpeg A   5 1 H 0.420479 0 0
 21  94  2  4 FA_T13.jpeg A   2 0 A 0.740096 0 0
 21  95  2  5 FH_T0.jpeg H   5 1 H 0.475459 0 0
 21  96  2  6 FA_T20.jpeg A   1 0 A 0.574645 0 0
 21  97  2  7 FH_T11.jpeg H   3 0 A 0.966505 0 0
 21  98  2  8 FA_T20.jpeg A   1 0 A 1.650478 0 0
 21  99  2  9 FH_T0.jpeg H   5 1 H 0.453581 0 0
 21 100  2 10 FH_T0.jpeg H   5 1 H 0.381679 0 0
 21 101  2 11 FH_T0.jpeg H   5 1 H 0.371138 0 0
 21 102  2 12 FH_T9.jpeg H   4 0 A 0.751173 0 0
 21 103  2 13 FA_T0.jpeg A   5 1 H 0.685443 0 0
 21 104  2 14 FH_T13.jpeg H   2 0 A 0.541383 0 0
 21 105  2 15 FH_T11.jpeg H   3 0 A 1.175863 0 0
 21 106  2 16 FH_T9.jpeg H   4 0 A 0.634861 0 0
 21 107  2 17 FA_T0.jpeg A   5 1 H 0.779510 0 0
 21 108  2 18 FA_T20.jpeg A   1 0 A 2.466567 0 0
 21 109  2 19 FH_T20.jpeg H   1 0 A 0.591025 0 0
 21 110  2 20 FA_T13.jpeg A   2 0 A 2.145936 0 0
 21 111  2 21 FH_T9.jpeg H   4 0 A 1.082326 0 0
 21 112  2 22 FA_T20.jpeg A   1 0 A 1.484513 0 0
 21 113  2 23 FA_T11.jpeg A   3 1 H 3.349850 0 0
 21 114  2 24 FH_T0.jpeg H   5 1 H 0.541751 0 0
 21 115  2 25 FA_T0.jpeg A   5 1 H 1.950359 0 0
 21 116  2 26 FH_T11.jpeg H   3 0 A 2.330124 0 0
 21 117  2 27 FH_T20.jpeg H   1 0 A 1.623237 0 0
 21 118  2 28 FA_T20.jpeg A   1 0 A 0.568914 0 0
 21 119  2 29 FA_T20.jpeg A   1 0 A 1.505623 0 0
 21 120  2 30 FH_T20.jpeg H   1 0 A 0.420370 0 0
 21 121  2 31 FA_T9.jpeg A   4 1 H 0.762163 0 0
 21 122  2 32 FA_T0.jpeg A   5 1 H 0.690939 0 0
 21 123  2 33 FA_T13.jpeg A   2 0 A 0.718110 0 0
 21 124  2 34 FA_T9.jpeg A   4 1 H 1.577956 0 0
 21 125  2 35 FA_T0.jpeg A   5 1 H 2.030231 0 0
 21 126  2 36 FH_T0.jpeg H   5 1 H 0.502615 0 0
 21 127  2 37 FH_T11.jpeg H   3 0 A 4.606429 0 0
 21 128  2 38 FH_T20.jpeg H   1 0 A 1.319292 0 0
 21 129  2 39 FA_T20.jpeg A   1 0 A 1.214467 0 0
 21 130  2 40 FH_T20.jpeg H   1 0 A 1.507144 0 0
 21 131  2 41 FA_T0.jpeg A   5 1 H 1.464328 0 0
 21 132  2 42 FH_T9.jpeg H   4 0 A 1.125625 0 0
 21 133  2 43 FH_T20.jpeg H   1 0 A 1.126423 0 0
 21 134  2 44 FA_T9.jpeg A   4 1 H 3.569225 0 0
 21 135  2 45 FA_T20.jpeg A   1 0 A 5.452206 0 0
 21 136  2 46 FH_T0.jpeg H   5 1 H 3.624216 0 0
 21 137  2 47 FH_T20.jpeg H   1 0 A 0.624034 0 0
 21 138  2 48 FH_T9.jpeg H   4 0 A 0.955230 0 0
 21 139  2 49 FH_T13.jpeg H   2 0 A 0.503254 0 0
 21 140  2 50 FA_T20.jpeg A   1 0 A 3.735881 0 0
 21 141  2 51 FH_T13.jpeg H   2 0 A 2.030865 0 0
 21 142  2 52 FH_T20.jpeg H   1 0 A 1.595224 0 0
 21 143  2 53 FA_T0.jpeg A   5 1 H 4.981614 0 0
 21 144  2 54 FA_T0.jpeg A   5 1 H 0.481043 0 0
 21 145  2 55 FA_T20.jpeg A   1 0 A 0.513905 0 0
 21 146  2 56 FA_T20.jpeg A   1 0 A 0.580359 0 0
 21 147  2 57 FH_T11.jpeg H   3 0 A 0.883605 0 0
 21 148  2 58 FA_T13.jpeg A   2 0 A 1.982140 0 0
 21 149  2 59 FH_T20.jpeg H   1 0 A 0.535955 0 0
 21 150  2 60 FH_T0.jpeg H   5 1 H 1.296917 0 0
 21 151  2 61 FH_T9.jpeg H   4 0 A 0.999809 0 0
 21 152  2 62 FA_T20.jpeg A   1 0 A 0.552316 0 0
 21 153  2 63 FH_T20.jpeg H   1 0 A 0.574645 0 0
 21 154  2 64 FH_T13.jpeg H   2 0 A 1.236435 0 0
 21 155  2 65 FA_T11.jpeg A   3 1 H 0.800416 0 0
 21 156  2 66 FH_T0.jpeg H   5 1 H 2.885763 0 0
 21 157  2 67 FH_T0.jpeg H   5 1 H 1.436235 0 0
 21 158  2 68 FH_T0.jpeg H   5 1 H 3.045279 0 0
 21 159  2 69 FA_T11.jpeg A   3 1 H 1.445399 0 0
 21 160  2 70 FA_T0.jpeg A   5 1 H 0.873158 0 0
 21 161  2 71 FH_T13.jpeg H   2 0 A 0.828047 0 0
 21 162  2 72 FH_T0.jpeg H   5 1 H 0.619007 0 0
 21 163  2 73 FH_T11.jpeg H   3 0 A 2.362579 0 0
 21 164  2 74 FA_T9.jpeg A   4 1 H 0.866790 0 0
 21 165  2 75 FH_T0.jpeg H   5 1 H 3.418655 0 0
 21 166  2 76 FA_T20.jpeg A   1 0 A 0.834337 0 0
 21 167  2 77 FA_T20.jpeg A   1 0 A 1.347408 0 0
 21 168  2 78 FA_T13.jpeg A   2 1 H 1.347905 0 0
 21 169  2 79 FA_T13.jpeg A   2 0 A 2.472170 0 0
 21 170  2 80 FH_T20.jpeg H   1 0 A 0.977102 0 0
 21 171  2 81 FH_T20.jpeg H   1 0 A 0.640347 0 0
 21 172  2 82 FA_T9.jpeg A   4 1 H 2.968590 0 0
 21 173  2 83 FA_T20.jpeg A   1 0 A 0.601889 0 0
 21 174  2 84 FA_T11.jpeg A   3 0 A 1.302347 0 0
 21 175  2 85 FA_T13.jpeg A   2 1 H 1.164587 0 0
 21 176  2 86 FA_T13.jpeg A   2 1 H 0.629371 0 0
 21 177  2 87 FH_T0.jpeg H   5 1 H 2.959084 0 0
 21 178  2 88 FA_T0.jpeg A   5 1 H 0.905878 0 0
 21 179  2 89 FA_T0.jpeg A   5 1 H 2.620236 0 0
 21 180  2 90 FA_T13.jpeg A   2 0 A 2.108667 0 0
 21 181  3  1 FA_T11.jpeg A   3 1 H 1.511978 0 0
 21 182  3  2 FA_T9.jpeg A   4 1 H 6.696603 0 0
 21 183  3  3 FH_T20.jpeg H   1 0 A 11.483829 0 0
 21 184  3  4 FH_T0.jpeg H   5 1 H 9.239776 0 0
 21 185  3  5 FH_T13.jpeg H   2 0 A 2.079991 0 0
 21 186  3  6 FH_T20.jpeg H   1 0 A 10.713264 0 0
 21 187  3  7 FH_T9.jpeg H   4 1 H 1.224965 0 0
 21 188  3  8 FA_T11.jpeg A   3 1 H 0.871211 0 0
 21 189  3  9 FH_T20.jpeg H   1 0 A 2.188945 0 0
 21 190  3 10 FA_T9.jpeg A   4 1 H 8.659651 0 0
 21 191  3 11 FA_T20.jpeg A   1 0 A 0.805367 0 0
 21 192  3 12 FA_T0.jpeg A   5 1 H 0.982773 0 0
 21 193  3 13 FA_T0.jpeg A   5 1 H 0.821955 0 0
 21 194  3 14 FA_T11.jpeg A   3 0 A 1.003632 0 0
 21 195  3 15 FH_T20.jpeg H   1 0 A 0.563959 0 0
 21 196  3 16 FH_T0.jpeg H   5 1 H 5.250239 0 0
 21 197  3 17 FA_T13.jpeg A   2 0 A 0.662553 0 0
 21 198  3 18 FH_T13.jpeg H   2 0 A 0.701174 0 0
 21 199  3 19 FH_T9.jpeg H   4 1 H 1.445592 0 0
 21 200  3 20 FH_T20.jpeg H   1 0 A 0.447845 0 0
 21 201  3 21 FH_T20.jpeg H   1 0 A 0.431265 0 0
 21 202  3 22 FH_T0.jpeg H   5 1 H 0.508670 0 0
 21 203  3 23 FH_T20.jpeg H   1 0 A 0.442447 0 0
 21 204  3 24 FH_T20.jpeg H   1 0 A 0.420571 0 0
 21 205  3 25 FH_T9.jpeg H   4 1 H 1.915152 0 0
 21 206  3 26 FH_T13.jpeg H   2 1 H 0.530525 0 0
 21 207  3 27 FA_T20.jpeg A   1 0 A 0.535870 0 0
 21 208  3 28 FA_T9.jpeg A   4 1 H 0.722962 0 0
 21 209  3 29 FA_T0.jpeg A   5 1 H 31.943945 0 0
 21 210  3 30 FA_T0.jpeg A   5 1 H 0.784335 0 0
 21 211  3 31 FA_T20.jpeg A   1 0 A 0.580024 0 0
 21 212  3 32 FH_T20.jpeg H   1 0 A 4.424586 0 0
 21 213  3 33 FH_T20.jpeg H   1 0 A 3.818165 0 0
 21 214  3 34 FH_T11.jpeg H   3 1 H 0.910568 0 0
 21 215  3 35 FA_T0.jpeg A   5 1 H 0.458309 0 0
 21 216  3 36 FA_T0.jpeg A   5 1 H 0.397478 0 0
 21 217  3 37 FA_T20.jpeg A   1 0 A 0.546781 0 0
 21 218  3 38 FH_T13.jpeg H   2 0 A 5.482716 0 0
 21 219  3 39 FH_T0.jpeg H   5 1 H 10.231428 0 0
 21 220  3 40 FA_T9.jpeg A   4 1 H 51.250236 0 0
 21 221  3 41 FH_T20.jpeg H   1 0 A 1.297030 0 0
 21 222  3 42 FA_T0.jpeg A   5 1 H 0.563365 0 0
 21 223  3 43 FA_T0.jpeg A   5 1 H 0.442095 0 0
 21 224  3 44 FH_T20.jpeg H   1 0 A 3.138837 0 0
 21 225  3 45 FA_T13.jpeg A   2 0 A 1.274809 0 0
 21 226  3 46 FH_T0.jpeg H   5 1 H 0.811485 0 0
 21 227  3 47 FH_T11.jpeg H   3 0 A 0.954499 0 0
 21 228  3 48 FH_T11.jpeg H   3 0 A 0.619108 0 0
 21 229  3 49 FH_T20.jpeg H   1 0 A 4.903996 0 0
 21 230  3 50 FH_T0.jpeg H   5 1 H 5.057233 0 0
 21 231  3 51 FA_T20.jpeg A   1 0 A 1.296722 0 0
 21 232  3 52 FA_T0.jpeg A   5 1 H 18.028793 0 0
 21 233  3 53 FH_T20.jpeg H   1 0 A 3.487618 0 0
 21 234  3 54 FH_T0.jpeg H   5 1 H 33.858578 0 0
 21 235  3 55 FA_T0.jpeg A   5 1 H 0.822527 0 0
 21 236  3 56 FH_T0.jpeg H   5 1 H 0.469827 0 0
 21 237  3 57 FA_T0.jpeg A   5 1 H 0.469823 0 0
 21 238  3 58 FA_T13.jpeg A   2 1 H 0.337161 0 0
 21 239  3 59 FH_T0.jpeg H   5 1 H 0.436768 0 0
 21 240  3 60 FH_T0.jpeg H   5 1 H 0.447616 0 0
 21 241  3 61 FA_T11.jpeg A   3 0 A 0.861343 0 0
 21 242  3 62 FH_T20.jpeg H   1 0 A 2.394599 0 0
 21 243  3 63 FA_T0.jpeg A   5 1 H 0.800801 0 0
 21 244  3 64 FH_T0.jpeg H   5 1 H 5.388419 0 0
 21 245  3 65 FH_T20.jpeg H   1 0 A 0.541409 0 0
 21 246  3 66 FH_T0.jpeg H   5 1 H 0.744901 0 0
 21 247  3 67 FA_T20.jpeg A   1 0 A 0.579334 0 0
 21 248  3 68 FA_T20.jpeg A   1 0 A 0.481056 0 0
 21 249  3 69 FH_T20.jpeg H   1 0 A 0.602607 0 0
 21 250  3 70 FH_T20.jpeg H   1 0 A 0.513844 0 0
 21 251  3 71 FA_T11.jpeg A   3 1 H 0.976448 0 0
 21 252  3 72 FA_T0.jpeg A   5 1 H 0.480770 0 0
 21 253  3 73 FA_T20.jpeg A   1 0 A 0.475263 0 0
 21 254  3 74 FA_T20.jpeg A   1 0 A 2.554506 0 0
 21 255  3 75 FH_T0.jpeg H   5 1 H 0.988183 0 0
 21 256  3 76 FA_T20.jpeg A   1 0 A 1.986485 0 0
 21 257  3 77 FA_T20.jpeg A   1 0 A 4.578750 0 0
 21 258  3 78 FH_T9.jpeg H   4 1 H 3.370299 0 0
 21 259  3 79 FH_T13.jpeg H   2 0 A 11.256508 0 0
 21 260  3 80 FH_T13.jpeg H   2 0 A 4.236932 0 0
 21 261  3 81 FA_T20.jpeg A   1 0 A 1.136628 0 0
 21 262  3 82 FH_T0.jpeg H   5 1 H 0.496869 0 0
 21 263  3 83 FA_T0.jpeg A   5 1 H 0.375778 0 0
 21 264  3 84 FH_T13.jpeg H   2 0 A 0.469730 0 0
 21 265  3 85 FH_T0.jpeg H   5 1 H 0.370236 0 0
 21 266  3 86 FA_T9.jpeg A   4 1 H 0.347880 0 0
 21 267  3 87 FA_T13.jpeg A   2 1 H 0.937620 0 0
 21 268  3 88 FA_T20.jpeg A   1 0 A 0.668487 0 0
 21 269  3 89 FH_T0.jpeg H   5 1 H 2.858190 0 0
 21 270  3 90 FH_T9.jpeg H   4 1 H 0.612749 0 0
 21 271  4  1 FH_T9.jpeg H   4 1 H 0.674002 0 0
 21 272  4  2 FH_T0.jpeg H   5 1 H 0.359758 0 0
 21 273  4  3 FH_T0.jpeg H   5 1 H 0.298761 0 0
 21 274  4  4 FH_T20.jpeg H   1 0 A 0.541698 0 0
 21 275  4  5 FH_T20.jpeg H   1 0 A 1.545388 0 0
 21 276  4  6 FH_T20.jpeg H   1 0 A 4.367764 0 0
 21 277  4  7 FH_T13.jpeg H   2 0 A 1.678046 0 0
 21 278  4  8 FA_T0.jpeg A   5 1 H 8.729748 0 0
 21 279  4  9 FH_T0.jpeg H   5 1 H 0.507946 0 0
 21 280  4 10 FH_T0.jpeg H   5 1 H 4.930267 0 0
 21 281  4 11 FA_T0.jpeg A   5 1 H 8.235076 0 0
 21 282  4 12 FA_T0.jpeg A   5 1 H 0.364675 0 0
 21 283  4 13 FA_T0.jpeg A   5 1 H 0.309272 0 0
 21 284  4 14 FH_T13.jpeg H   2 0 A 0.497280 0 0
 21 285  4 15 FA_T11.jpeg A   3 1 H 2.614244 0 0
 21 286  4 16 FH_T9.jpeg H   4 1 H 1.429585 0 0
 21 287  4 17 FA_T0.jpeg A   5 1 H 6.668325 0 0
 21 288  4 18 FH_T20.jpeg H   1 0 A 1.732051 0 0
 21 289  4 19 FH_T20.jpeg H   1 0 A 0.447196 0 0
 21 290  4 20 FA_T0.jpeg A   5 1 H 0.889133 0 0
 21 291  4 21 FA_T0.jpeg A   5 1 H 0.442371 0 0
 21 292  4 22 FH_T20.jpeg H   1 0 A 1.329176 0 0
 21 293  4 23 FH_T0.jpeg H   5 1 H 0.645944 0 0
 21 294  4 24 FH_T9.jpeg H   4 0 A 0.828266 0 0
 21 295  4 25 FH_T20.jpeg H   1 0 A 2.107063 0 0
 21 296  4 26 FA_T20.jpeg A   1 0 A 0.403574 0 0
 21 297  4 27 FH_T20.jpeg H   1 0 A 2.679987 0 0
 21 298  4 28 FA_T0.jpeg A   5 1 H 3.728860 0 0
 21 299  4 29 FH_T0.jpeg H   5 1 H 3.822364 0 0
 21 300  4 30 FH_T20.jpeg H   1 0 A 2.808331 0 0
 21 301  4 31 FH_T20.jpeg H   1 0 A 0.381311 0 0
 21 302  4 32 FH_T9.jpeg H   4 1 H 5.702655 0 0
 21 303  4 33 FA_T20.jpeg A   1 0 A 2.041144 0 0
 21 304  4 34 FA_T20.jpeg A   1 0 A 0.430861 0 0
 21 305  4 35 FA_T20.jpeg A   1 0 A 0.651503 0 0
 21 306  4 36 FH_T0.jpeg H   5 1 H 0.452714 0 0
 21 307  4 37 FA_T20.jpeg A   1 0 A 0.485930 0 0
 21 308  4 38 FH_T11.jpeg H   3 0 A 0.811522 0 0
 21 309  4 39 FH_T13.jpeg H   2 0 A 1.600010 0 0
 21 310  4 40 FA_T20.jpeg A   1 0 A 0.403550 0 0
 21 311  4 41 FA_T0.jpeg A   5 1 H 1.032257 0 0
 21 312  4 42 FH_T0.jpeg H   5 1 H 0.551858 0 0
 21 313  4 43 FH_T0.jpeg H   5 1 H 1.170537 0 0
 21 314  4 44 FA_T0.jpeg A   5 1 H 2.040384 0 0
 21 315  4 45 FA_T9.jpeg A   4 1 H 0.414498 0 0
 21 316  4 46 FH_T0.jpeg H   5 1 H 0.447680 0 0
 21 317  4 47 FH_T11.jpeg H   3 0 A 0.557628 0 0
 21 318  4 48 FA_T20.jpeg A   1 0 A 0.530495 0 0
 21 319  4 49 FH_T20.jpeg H   1 0 A 3.585716 0 0
 21 320  4 50 FH_T13.jpeg H   2 0 A 2.935051 0 0
 21 321  4 51 FA_T0.jpeg A   5 1 H 4.335040 0 0
 21 322  4 52 FH_T13.jpeg H   2 0 A 1.225109 0 0
 21 323  4 53 FH_T11.jpeg H   3 0 A 1.109205 0 0
 21 324  4 54 FH_T20.jpeg H   1 0 A 2.431998 0 0
 21 325  4 55 FH_T0.jpeg H   5 1 H 2.978724 0 0
 21 326  4 56 FH_T9.jpeg H   4 0 A 0.662587 0 0
 21 327  4 57 FA_T0.jpeg A   5 1 H 0.888339 0 0
 21 328  4 58 FH_T20.jpeg H   1 0 A 0.425246 0 0
 21 329  4 59 FH_T0.jpeg H   5 1 H 3.138811 0 0
 21 330  4 60 FA_T0.jpeg A   5 1 H 1.374033 0 0
 21 331  4 61 FH_T0.jpeg H   5 1 H 1.853504 0 0
 21 332  4 62 FH_T20.jpeg H   1 0 A 1.941194 0 0
 21 333  4 63 FA_T20.jpeg A   1 0 A 1.661015 0 0
 21 334  4 64 FA_T0.jpeg A   5 1 H 2.427241 0 0
 21 335  4 65 FA_T20.jpeg A   1 0 A 1.815254 0 0
 21 336  4 66 FH_T20.jpeg H   1 0 A 0.414488 0 0
 21 337  4 67 FA_T0.jpeg A   5 1 H 0.441785 0 0
 21 338  4 68 FA_T0.jpeg A   5 1 H 2.007911 0 0
 21 339  4 69 FH_T9.jpeg H   4 0 A 0.596782 0 0
 21 340  4 70 FA_T11.jpeg A   3 0 A 0.585506 0 0
 21 341  4 71 FH_T13.jpeg H   2 0 A 0.326412 0 0
 21 342  4 72 FA_T13.jpeg A   2 0 A 0.403343 0 0
 21 343  4 73 FA_T0.jpeg A   5 0 A 0.304007 0 0
 21 344  4 74 FH_T20.jpeg H   1 0 A 0.419932 0 0
 21 345  4 75 FH_T20.jpeg H   1 0 A 0.337188 0 0
 21 346  4 76 FH_T0.jpeg H   5 1 H 0.486530 0 0
 21 347  4 77 FH_T20.jpeg H   1 0 A 0.552599 0 0
 21 348  4 78 FA_T0.jpeg A   5 1 H 0.916110 0 0
 21 349  4 79 FA_T0.jpeg A   5 1 H 0.403119 0 0
 21 350  4 80 FA_T0.jpeg A   5 1 H 0.392501 0 0
 21 351  4 81 FH_T20.jpeg H   1 0 A 0.469188 0 0
 21 352  4 82 FA_T0.jpeg A   5 1 H 0.364713 0 0
 21 353  4 83 FH_T0.jpeg H   5 1 H 0.381344 0 0
 21 354  4 84 FA_T0.jpeg A   5 1 H 0.690209 0 0
 21 355  4 85 FA_T9.jpeg A   4 1 H 0.419861 0 0
 21 356  4 86 FH_T20.jpeg H   1 0 A 0.496799 0 0
 21 357  4 87 FH_T9.jpeg H   4 0 A 0.634810 0 0
 21 358  4 88 FA_T0.jpeg A   5 1 H 0.447166 0 0
 21 359  4 89 FH_T11.jpeg H   3 0 A 0.447657 0 0
 21 360  4 90 FH_T20.jpeg H   1 0 A 1.986676 0 0
 21 361  5  1 FH_T0.jpeg H   5 1 H 0.634931 0 0
 21 362  5  2 FA_T0.jpeg A   5 1 H 0.436520 0 0
 21 363  5  3 FH_T20.jpeg H   1 1 H 0.894077 0 0
 21 364  5  4 FA_T0.jpeg A   5 0 A 0.298755 0 0
 21 365  5  5 FA_T0.jpeg A   5 1 H 0.193568 1 1
 21 366  5  6 FH_T20.jpeg H   1 0 A 0.582232 0 1
 21 367  5  7 FA_T9.jpeg A   4 1 H 0.778596 0 1
 21 368  5  8 FH_T0.jpeg H   5 1 H 0.464501 0 1
 21 369  5  9 FH_T0.jpeg H   5 1 H 0.425888 0 1
 21 370  5 10 FH_T20.jpeg H   1 0 A 0.469819 0 1
 21 371  5 11 FH_T20.jpeg H   1 0 A 0.436340 0 1
 21 372  5 12 FH_T13.jpeg H   2 0 A 0.486262 0 1
 21 373  5 13 FH_T13.jpeg H   2 0 A 0.535983 0 1
 21 374  5 14 FH_T11.jpeg H   3 0 A 0.508585 0 1
 21 375  5 15 FA_T20.jpeg A   1 0 A 0.459046 0 1
 21 376  5 16 FH_T9.jpeg H   4 0 A 1.109368 0 1
 21 377  5 17 FA_T13.jpeg A   2 0 A 1.347187 0 1
 21 378  5 18 FA_T0.jpeg A   5 1 H 1.452306 0 1
 21 379  5 19 FH_T13.jpeg H   2 0 A 0.768422 0 1
 21 380  5 20 FA_T20.jpeg A   1 0 A 0.475475 0 1
 21 381  5 21 FA_T20.jpeg A   1 0 A 0.480898 0 1
 21 382  5 22 FA_T11.jpeg A   3 1 H 3.820090 0 1
 21 383  5 23 FA_T13.jpeg A   2 0 A 4.840828 0 1
 21 384  5 24 FH_T0.jpeg H   5 1 H 1.114851 0 1
 21 385  5 25 FH_T20.jpeg H   1 0 A 1.467499 0 1
 21 386  5 26 FA_T0.jpeg A   5 1 H 1.176006 0 1
 21 387  5 27 FA_T11.jpeg A   3 1 H 3.575954 0 1
 21 388  5 28 FH_T0.jpeg H   5 1 H 0.508340 0 1
 21 389  5 29 FA_T0.jpeg A   5 1 H 4.753289 0 1
 21 390  5 30 FH_T0.jpeg H   5 1 H 2.057647 0 1
 21 391  5 31 FA_T20.jpeg A   1 0 A 1.645073 0 1
 21 392  5 32 FH_T0.jpeg H   5 1 H 0.359598 0 1
 21 393  5 33 FA_T11.jpeg A   3 1 H 1.176016 0 1
 21 394  5 34 FH_T0.jpeg H   5 1 H 0.469371 0 1
 21 395  5 35 FA_T20.jpeg A   1 0 A 3.364485 0 1
 21 396  5 36 FA_T20.jpeg A   1 0 A 0.497449 0 1
 21 397  5 37 FH_T13.jpeg H   2 1 H 0.960993 0 1
 21 398  5 38 FA_T0.jpeg A   5 1 H 0.442115 0 1
 21 399  5 39 FH_T20.jpeg H   1 0 A 0.508097 0 1
 21 400  5 40 FH_T0.jpeg H   5 1 H 0.640807 0 1
 21 401  5 41 FA_T13.jpeg A   2 1 H 0.834421 0 1
 21 402  5 42 FH_T13.jpeg H   2 0 A 0.784895 0 1
 21 403  5 43 FH_T20.jpeg H   1 0 A 0.425490 0 1
 21 404  5 44 FA_T20.jpeg A   1 0 A 0.480768 0 1
 21 405  5 45 FH_T0.jpeg H   5 1 H 0.690733 0 1
 21 406  5 46 FH_T13.jpeg H   2 1 H 1.098527 0 1
 21 407  5 47 FA_T11.jpeg A   3 1 H 0.619183 0 1
 21 408  5 48 FA_T0.jpeg A   5 1 H 1.749501 0 1
 21 409  5 49 FA_T0.jpeg A   5 1 H 0.513932 0 1
 21 410  5 50 FH_T20.jpeg H   1 0 A 0.481039 0 1
 21 411  5 51 FA_T0.jpeg A   5 1 H 2.781948 0 1
 21 412  5 52 FH_T0.jpeg H   5 1 H 0.541969 0 1
 21 413  5 53 FH_T11.jpeg H   3 0 A 0.508760 0 1
 21 414  5 54 FA_T11.jpeg A   3 1 H 3.047899 0 1
 21 415  5 55 FH_T20.jpeg H   1 0 A 2.714835 0 1
 21 416  5 56 FH_T20.jpeg H   1 0 A 0.403694 0 1
 21 417  5 57 FA_T0.jpeg A   5 1 H 0.464287 0 1
 21 418  5 58 FH_T11.jpeg H   3 1 H 0.646618 0 1
 21 419  5 59 FH_T0.jpeg H   5 1 H 0.552124 0 1
 21 420  5 60 FA_T0.jpeg A   5 1 H 0.492012 0 1
 21 421  5 61 FA_T0.jpeg A   5 1 H 0.425551 0 1
 21 422  5 62 FA_T20.jpeg A   1 0 A 0.541315 0 1
 21 423  5 63 FH_T9.jpeg H   4 0 A 0.894066 0 1
 21 424  5 64 FH_T20.jpeg H   1 0 A 2.625972 0 1
 21 425  5 65 FH_T0.jpeg H   5 1 H 2.870280 0 1
 21 426  5 66 FA_T20.jpeg A   1 0 A 3.432650 0 1
 21 427  5 67 FA_T11.jpeg A   3 1 H 0.469725 0 1
 21 428  5 68 FA_T9.jpeg A   4 1 H 0.513930 0 1
 21 429  5 69 FH_T20.jpeg H   1 0 A 0.431009 0 1
 21 430  5 70 FH_T0.jpeg H   5 1 H 0.596670 0 1
 21 431  5 71 FA_T0.jpeg A   5 1 H 0.568955 0 1
 21 432  5 72 FH_T13.jpeg H   2 0 A 0.497363 0 1
 21 433  5 73 FH_T0.jpeg H   5 1 H 0.562124 0 1
 21 434  5 74 FA_T9.jpeg A   4 1 H 0.552332 0 1
 21 435  5 75 FH_T9.jpeg H   4 0 A 0.464594 0 1
 21 436  5 76 FA_T0.jpeg A   5 1 H 0.469616 0 1
 21 437  5 77 FH_T0.jpeg H   5 1 H 0.392526 0 1
 21 438  5 78 FH_T0.jpeg H   5 1 H 0.463883 0 1
 21 439  5 79 FH_T0.jpeg H   5 1 H 0.420353 0 1
 21 440  5 80 FH_T11.jpeg H   3 0 A 0.530525 0 1
 21 441  5 81 FA_T13.jpeg A   2 1 H 0.375777 0 1
 21 442  5 82 FA_T20.jpeg A   1 0 A 0.309550 0 1
 21 443  5 83 FH_T0.jpeg H   5 1 H 0.436917 0 1
 21 444  5 84 FH_T0.jpeg H   5 1 H 0.359219 0 1
 21 445  5 85 FH_T0.jpeg H   5 1 H 0.304493 0 1
 21 446  5 86 FH_T13.jpeg H   2 1 H 0.271427 0 1
 21 447  5 87 FA_T20.jpeg A   1 0 A 0.348506 0 1
 21 448  5 88 FH_T0.jpeg H   5 1 H 5.964479 0 1
 21 449  5 89 FA_T20.jpeg A   1 0 A 0.370288 0 1
 21 450  5 90 FA_T0.jpeg A   5 1 H 1.689220 0 1
 21 451  6  1 FA_T20.jpeg A   1 0 A 0.635454 0 1
 21 452  6  2 FH_T20.jpeg H   1 0 A 0.420421 0 1
 21 453  6  3 FA_T9.jpeg A   4 1 H 0.476019 0 1
 21 454  6  4 FA_T0.jpeg A   5 1 H 0.403899 0 1
 21 455  6  5 FH_T0.jpeg H   5 1 H 0.414395 0 1
 21 456  6  6 FA_T9.jpeg A   4 1 H 1.242718 0 1
 21 457  6  7 FA_T11.jpeg A   3 1 H 0.602741 0 1
 21 458  6  8 FA_T20.jpeg A   1 0 A 0.751098 0 1
 21 459  6  9 FH_T20.jpeg H   1 0 A 0.519699 0 1
 21 460  6 10 FH_T11.jpeg H   3 0 A 0.509241 0 1
 21 461  6 11 FH_T11.jpeg H   3 0 A 0.464534 0 1
 21 462  6 12 FA_T20.jpeg A   1 0 A 1.265073 0 1
 21 463  6 13 FA_T20.jpeg A   1 0 A 1.204106 0 1
 21 464  6 14 FA_T11.jpeg A   3 1 H 2.000088 0 1
 21 465  6 15 FA_T0.jpeg A   5 1 H 0.641684 0 1
 21 466  6 16 FA_T0.jpeg A   5 1 H 0.508605 0 1
 21 467  6 17 FA_T0.jpeg A   5 1 H 0.331919 0 1
 21 468  6 18 FA_T0.jpeg A   5 1 H 0.442330 0 1
 21 469  6 19 FA_T9.jpeg A   4 1 H 1.209669 0 1
 21 470  6 20 FA_T20.jpeg A   1 0 A 0.502979 0 1
 21 471  6 21 FA_T9.jpeg A   4 1 H 0.630201 0 1
 21 472  6 22 FA_T13.jpeg A   2 1 H 0.938942 0 1
 21 473  6 23 FH_T0.jpeg H   5 1 H 0.481004 0 1
 21 474  6 24 FH_T11.jpeg H   3 1 H 0.971697 0 1
 21 475  6 25 FH_T0.jpeg H   5 1 H 0.497946 0 1
 21 476  6 26 FA_T20.jpeg A   1 0 A 0.972174 0 1
 21 477  6 27 FA_T9.jpeg A   4 1 H 0.486515 0 1
 21 478  6 28 FA_T20.jpeg A   1 0 A 1.828230 0 1
 21 479  6 29 FA_T20.jpeg A   1 0 A 2.881346 0 1
 21 480  6 30 FA_T0.jpeg A   5 1 H 0.635644 0 1
 21 481  6 31 FH_T11.jpeg H   3 0 A 0.525191 0 1
 21 482  6 32 FH_T9.jpeg H   4 0 A 0.707437 0 1
 21 483  6 33 FA_T0.jpeg A   5 1 H 0.541524 0 1
 21 484  6 34 FA_T20.jpeg A   1 0 A 0.530878 0 1
 21 485  6 35 FH_T20.jpeg H   1 0 A 0.806168 0 1
 21 486  6 36 FA_T0.jpeg A   5 1 H 0.617710 0 1
 21 487  6 37 FA_T20.jpeg A   1 0 A 0.353823 0 1
 21 488  6 38 FH_T20.jpeg H   1 0 A 0.475594 0 1
 21 489  6 39 FH_T0.jpeg H   5 1 H 0.977062 0 1
 21 490  6 40 FH_T20.jpeg H   1 0 A 0.668046 0 1
 21 491  6 41 FA_T9.jpeg A   4 1 H 0.602031 0 1
 21 492  6 42 FH_T20.jpeg H   1 0 A 0.459023 0 1
 21 493  6 43 FA_T13.jpeg A   2 1 H 0.608553 0 1
 21 494  6 44 FH_T11.jpeg H   3 0 A 0.591783 0 1
 21 495  6 45 FH_T0.jpeg H   5 1 H 0.700726 0 1
 21 496  6 46 FH_T20.jpeg H   1 0 A 0.542228 0 1
 21 497  6 47 FA_T20.jpeg A   1 0 A 0.619045 0 1
 21 498  6 48 FH_T9.jpeg H   4 1 H 0.795669 0 1
 21 499  6 49 FA_T9.jpeg A   4 1 H 0.492006 0 1
 21 500  6 50 FH_T11.jpeg H   3 0 A 0.817739 0 1
 21 501  6 51 FA_T11.jpeg A   3 1 H 0.513765 0 1
 21 502  6 52 FA_T20.jpeg A   1 0 A 0.475659 0 1
 21 503  6 53 FH_T20.jpeg H   1 0 A 0.420355 0 1
 21 504  6 54 FA_T20.jpeg A   1 0 A 0.828907 0 1
 21 505  6 55 FH_T20.jpeg H   1 0 A 0.381995 0 1
 21 506  6 56 FH_T20.jpeg H   1 0 A 0.387447 0 1
 21 507  6 57 FA_T20.jpeg A   1 0 A 0.365120 0 1
 21 508  6 58 FA_T20.jpeg A   1 0 A 0.834072 0 1
 21 509  6 59 FA_T0.jpeg A   5 0 A 0.386895 0 1
 21 510  6 60 FA_T13.jpeg A   2 1 H 0.718187 0 1
 21 511  6 61 FA_T20.jpeg A   1 0 A 0.458729 0 1
 21 512  6 62 FA_T13.jpeg A   2 1 H 0.628445 0 1
 21 513  6 63 FH_T0.jpeg H   5 1 H 0.552264 0 1
 21 514  6 64 FA_T20.jpeg A   1 0 A 3.674978 0 1
 21 515  6 65 FH_T0.jpeg H   5 1 H 0.486699 0 1
 21 516  6 66 FA_T0.jpeg A   5 1 H 0.536587 0 1
 21 517  6 67 FA_T0.jpeg A   5 1 H 7.490076 0 1
 21 518  6 68 FA_T11.jpeg A   3 1 H 1.176456 0 1
 21 519  6 69 FH_T0.jpeg H   5 1 H 0.424915 0 1
 21 520  6 70 FA_T11.jpeg A   3 1 H 0.447584 0 1
 21 521  6 71 FA_T9.jpeg A   4 1 H 0.409579 0 1
 21 522  6 72 FH_T13.jpeg H   2 0 A 0.868203 0 1
 21 523  6 73 FA_T20.jpeg A   1 0 A 0.508819 0 1
 21 524  6 74 FH_T11.jpeg H   3 0 A 0.442116 0 1
 21 525  6 75 FH_T20.jpeg H   1 0 A 0.370864 0 1
 21 526  6 76 FA_T0.jpeg A   5 1 H 0.491921 0 1
 21 527  6 77 FH_T11.jpeg H   3 0 A 0.531376 0 1
 21 528  6 78 FA_T11.jpeg A   3 0 A 0.541294 0 1
 21 529  6 79 FA_T20.jpeg A   1 0 A 0.575118 0 1
 21 530  6 80 FA_T11.jpeg A   3 1 H 0.624476 0 1
 21 531  6 81 FH_T11.jpeg H   3 0 A 1.303253 0 1
 21 532  6 82 FA_T20.jpeg A   1 0 A 0.596460 0 1
 21 533  6 83 FA_T0.jpeg A   5 1 H 0.553050 0 1
 21 534  6 84 FA_T13.jpeg A   2 0 A 0.988603 0 1
 21 535  6 85 FH_T11.jpeg H   3 0 A 1.031630 0 1
 21 536  6 86 FA_T11.jpeg A   3 1 H 0.612996 0 1
 21 537  6 87 FH_T13.jpeg H   2 0 A 1.004495 0 1
 21 538  6 88 FH_T11.jpeg H   3 0 A 0.624322 0 1
 21 539  6 89 FA_T13.jpeg A   2 1 H 0.541155 0 1
 21 540  6 90 FA_T0.jpeg A   5 1 H 0.597268 0 1
 21 541  7  1 FA_T0.jpeg A   5 1 H 0.922576 0 1
 21 542  7  2 FH_T20.jpeg H   1 0 A 0.370729 0 1
 21 543  7  3 FH_T0.jpeg H   5 1 H 0.343204 0 1
 21 544  7  4 FH_T13.jpeg H   2 0 A 0.442615 0 1
 21 545  7  5 FA_T20.jpeg A   1 0 A 0.464764 0 1
 21 546  7  6 FA_T20.jpeg A   1 0 A 0.409667 0 1
 21 547  7  7 FA_T13.jpeg A   2 1 H 0.398436 0 1
 21 548  7  8 FH_T20.jpeg H   1 0 A 0.321246 0 1
 21 549  7  9 FH_T9.jpeg H   4 0 A 0.337335 0 1
 21 550  7 10 FH_T0.jpeg H   5 0 A 0.426171 0 1
 21 551  7 11 FA_T0.jpeg A   5 1 H 0.525111 0 1
 21 552  7 12 FA_T13.jpeg A   2 0 A 0.575264 0 1
 21 553  7 13 FH_T13.jpeg H   2 0 A 0.403997 0 1
 21 554  7 14 FA_T20.jpeg A   1 0 A 0.414755 0 1
 21 555  7 15 FA_T20.jpeg A   1 0 A 0.409249 0 1
 21 556  7 16 FH_T0.jpeg H   5 1 H 0.376323 0 1
 21 557  7 17 FA_T0.jpeg A   5 1 H 0.452830 0 1
 21 558  7 18 FA_T11.jpeg A   3 0 A 0.602758 0 1
 21 559  7 19 FA_T20.jpeg A   1 0 A 0.735456 0 1
 21 560  7 20 FH_T0.jpeg H   5 1 H 0.376409 0 1
 21 561  7 21 FA_T20.jpeg A   1 0 A 0.398660 0 1
 21 562  7 22 FA_T20.jpeg A   1 0 A 0.542316 0 1
 21 563  7 23 FA_T0.jpeg A   5 1 H 0.552404 0 1
 21 564  7 24 FA_T0.jpeg A   5 0 A 1.066552 0 1
 21 565  7 25 FA_T20.jpeg A   1 0 A 0.525077 0 1
 21 566  7 26 FH_T0.jpeg H   5 1 H 1.149148 0 1
 21 567  7 27 FA_T11.jpeg A   3 1 H 0.657670 0 1
 21 568  7 28 FA_T0.jpeg A   5 1 H 0.685171 0 1
 21 569  7 29 FH_T20.jpeg H   1 0 A 0.458874 0 1
 21 570  7 30 FA_T11.jpeg A   3 1 H 0.415110 0 1
 21 571  7 31 FA_T0.jpeg A   5 1 H 0.525456 0 1
 21 572  7 32 FA_T20.jpeg A   1 0 A 0.420490 0 1
 21 573  7 33 FH_T0.jpeg H   5 1 H 0.430807 0 1
 21 574  7 34 FH_T9.jpeg H   4 0 A 0.475763 0 1
 21 575  7 35 FH_T20.jpeg H   1 0 A 0.409486 0 1
 21 576  7 36 FA_T20.jpeg A   1 0 A 0.459419 0 1
 21 577  7 37 FA_T9.jpeg A   4 1 H 0.304565 0 1
 21 578  7 38 FH_T0.jpeg H   5 1 H 0.403819 0 1
 21 579  7 39 FH_T20.jpeg H   1 0 A 0.408815 0 1
 21 580  7 40 FA_T13.jpeg A   2 1 H 0.331867 0 1
 21 581  7 41 FH_T13.jpeg H   2 0 A 0.309801 0 1
 21 582  7 42 FA_T9.jpeg A   4 0 A 0.575099 0 1
 21 583  7 43 FA_T9.jpeg A   4 1 H 0.442575 0 1
 21 584  7 44 FH_T13.jpeg H   2 1 H 0.315999 0 1
 21 585  7 45 FA_T0.jpeg A   5 1 H 0.596769 0 1
 21 586  7 46 FA_T13.jpeg A   2 1 H 0.437221 0 1
 21 587  7 47 FH_T0.jpeg H   5 1 H 0.463692 0 1
 21 588  7 48 FH_T20.jpeg H   1 0 A 0.326569 0 1
 21 589  7 49 FH_T20.jpeg H   1 0 A 0.409307 0 1
 21 590  7 50 FH_T20.jpeg H   1 0 A 0.426283 0 1
 21 591  7 51 FA_T11.jpeg A   3 0 A 0.525412 0 1
 21 592  7 52 FH_T9.jpeg H   4 0 A 0.485731 0 1
 21 593  7 53 FH_T20.jpeg H   1 0 A 0.326469 0 1
 21 594  7 54 FH_T0.jpeg H   5 1 H 0.386741 0 1
 21 595  7 55 FA_T9.jpeg A   4 1 H 0.586056 0 1
 21 596  7 56 FA_T9.jpeg A   4 1 H 0.343009 0 1
 21 597  7 57 FH_T11.jpeg H   3 1 H 0.508509 0 1
 21 598  7 58 FH_T11.jpeg H   3 0 A 0.276784 0 1
 21 599  7 59 FH_T0.jpeg H   5 1 H 1.700875 0 1
 21 600  7 60 FH_T0.jpeg H   5 1 H 2.566662 0 1
 21 601  7 61 FH_T0.jpeg H   5 1 H 0.668318 0 1
 21 602  7 62 FA_T0.jpeg A   5 1 H 0.508680 0 1
 21 603  7 63 FH_T13.jpeg H   2 0 A 0.712627 0 1
 21 604  7 64 FH_T20.jpeg H   1 0 A 0.552829 0 1
 21 605  7 65 FA_T13.jpeg A   2 1 H 0.945655 0 1
 21 606  7 66 FA_T11.jpeg A   3 1 H 2.021521 0 1
 21 607  7 67 FA_T0.jpeg A   5 1 H 0.575034 0 1
 21 608  7 68 FA_T20.jpeg A   1 0 A 0.508410 0 1
 21 609  7 69 FA_T20.jpeg A   1 0 A 6.874351 0 1
 21 610  7 70 FH_T20.jpeg H   1 0 A 1.121085 0 1
 21 611  7 71 FH_T20.jpeg H   1 0 A 0.536508 0 1
 21 612  7 72 FA_T0.jpeg A   5 1 H 0.420464 0 1
 21 613  7 73 FH_T9.jpeg H   4 0 A 0.409716 0 1
 21 614  7 74 FH_T20.jpeg H   1 0 A 0.757267 0 1
 21 615  7 75 FH_T20.jpeg H   1 0 A 2.258620 0 1
 21 616  7 76 FA_T20.jpeg A   1 0 A 0.519659 0 1
 21 617  7 77 FH_T0.jpeg H   5 1 H 0.718699 0 1
 21 618  7 78 FA_T13.jpeg A   2 1 H 0.630219 0 1
 21 619  7 79 FA_T9.jpeg A   4 1 H 1.331164 0 1
 21 620  7 80 FH_T11.jpeg H   3 0 A 0.845637 0 1
 21 621  7 81 FH_T20.jpeg H   1 0 A 0.370358 0 1
 21 622  7 82 FH_T0.jpeg H   5 1 H 0.525805 0 1
 21 623  7 83 FH_T0.jpeg H   5 1 H 0.304334 0 1
 21 624  7 84 FH_T20.jpeg H   1 0 A 1.409018 0 1
 21 625  7 85 FA_T20.jpeg A   1 0 A 0.342842 0 1
 21 626  7 86 FA_T20.jpeg A   1 0 A 0.348459 0 1
 21 627  7 87 FH_T11.jpeg H   3 0 A 0.337623 0 1
 21 628  7 88 FH_T0.jpeg H   5 1 H 0.414606 0 1
 21 629  7 89 FA_T0.jpeg A   5 1 H 0.448003 0 1
 21 630  7 90 FA_T0.jpeg A   5 1 H 0.370557 0 1
 21 631  8  1 FA_T0.jpeg A   5 1 H 1.038592 0 1
 21 632  8  2 FA_T0.jpeg A   5 1 H 0.911311 0 1
 21 633  8  3 FA_T13.jpeg A   2 1 H 0.381963 0 1
 21 634  8  4 FH_T20.jpeg H   1 0 A 0.541895 0 1
 21 635  8  5 FA_T11.jpeg A   3 1 H 1.264457 0 1
 21 636  8  6 FH_T20.jpeg H   1 0 A 0.508564 0 1
 21 637  8  7 FH_T20.jpeg H   1 0 A 0.623980 0 1
 21 638  8  8 FA_T9.jpeg A   4 1 H 0.453791 0 1
 21 639  8  9 FH_T0.jpeg H   5 1 H 0.475303 0 1
 21 640  8 10 FH_T9.jpeg H   4 1 H 0.287777 0 1
 21 641  8 11 FA_T0.jpeg A   5 1 H 0.326520 0 1
 21 642  8 12 FH_T0.jpeg H   5 1 H 0.293217 0 1
 21 643  8 13 FH_T20.jpeg H   1 0 A 0.608055 0 1
 21 644  8 14 FH_T0.jpeg H   5 1 H 1.768159 0 1
 21 645  8 15 FH_T13.jpeg H   2 0 A 0.354067 0 1
 21 646  8 16 FH_T0.jpeg H   5 1 H 0.403815 0 1
 21 647  8 17 FH_T11.jpeg H   3 0 A 0.497389 0 1
 21 648  8 18 FA_T11.jpeg A   3 1 H 0.415267 0 1
 21 649  8 19 FH_T0.jpeg H   5 1 H 0.574294 0 1
 21 650  8 20 FA_T0.jpeg A   5 1 H 0.315327 0 1
 21 651  8 21 FH_T0.jpeg H   5 1 H 0.343552 0 1
 21 652  8 22 FH_T0.jpeg H   5 1 H 0.370352 0 1
 21 653  8 23 FH_T0.jpeg H   5 1 H 0.354000 0 1
 21 654  8 24 FA_T0.jpeg A   5 1 H 0.475466 0 1
 21 655  8 25 FH_T0.jpeg H   5 1 H 0.629024 0 1
 21 656  8 26 FA_T0.jpeg A   5 1 H 0.276811 0 1
 21 657  8 27 FH_T0.jpeg H   5 1 H 1.965236 0 1
 21 658  8 28 FA_T9.jpeg A   4 1 H 0.690756 0 1
 21 659  8 29 FH_T20.jpeg H   1 0 A 0.956039 0 1
 21 660  8 30 FA_T20.jpeg A   1 0 A 0.524969 0 1
 21 661  8 31 FH_T20.jpeg H   1 0 A 0.519485 0 1
 21 662  8 32 FH_T20.jpeg H   1 0 A 0.343729 0 1
 21 663  8 33 FA_T20.jpeg A   1 0 A 0.867341 0 1
 21 664  8 34 FH_T13.jpeg H   2 1 H 0.359329 0 1
 21 665  8 35 FA_T20.jpeg A   1 0 A 0.392799 0 1
 21 666  8 36 FA_T20.jpeg A   1 0 A 0.408825 0 1
 21 667  8 37 FA_T20.jpeg A   1 0 A 0.496657 0 1
 21 668  8 38 FH_T20.jpeg H   1 0 A 0.464242 0 1
 21 669  8 39 FA_T13.jpeg A   2 1 H 0.905559 0 1
 21 670  8 40 FH_T0.jpeg H   5 1 H 0.546968 0 1
 21 671  8 41 FH_T0.jpeg H   5 1 H 0.613468 0 1
 21 672  8 42 FA_T13.jpeg A   2 1 H 0.276827 0 1
 21 673  8 43 FH_T20.jpeg H   1 0 A 0.481494 0 1
 21 674  8 44 FH_T11.jpeg H   3 1 H 0.564036 0 1
 21 675  8 45 FH_T20.jpeg H   1 0 A 0.540703 0 1
 21 676  8 46 FA_T20.jpeg A   1 0 A 0.437082 0 1
 21 677  8 47 FH_T0.jpeg H   5 1 H 0.508807 0 1
 21 678  8 48 FA_T9.jpeg A   4 1 H 0.547677 0 1
 21 679  8 49 FH_T20.jpeg H   1 0 A 0.701966 0 1
 21 680  8 50 FA_T11.jpeg A   3 1 H 0.370368 0 1
 21 681  8 51 FH_T11.jpeg H   3 0 A 0.546629 0 1
 21 682  8 52 FA_T20.jpeg A   1 0 A 0.508443 0 1
 21 683  8 53 FH_T0.jpeg H   5 1 H 0.452820 0 1
 21 684  8 54 FH_T9.jpeg H   4 0 A 0.448150 0 1
 21 685  8 55 FA_T11.jpeg A   3 1 H 0.580649 0 1
 21 686  8 56 FH_T9.jpeg H   4 1 H 0.635629 0 1
 21 687  8 57 FH_T20.jpeg H   1 1 H 0.321302 0 1
 21 688  8 58 FA_T0.jpeg A   5 1 H 0.464538 0 1
 21 689  8 59 FH_T11.jpeg H   3 0 A 0.851212 0 1
 21 690  8 60 FH_T13.jpeg H   2 0 A 0.431014 0 1
 21 691  8 61 FA_T20.jpeg A   1 0 A 0.255074 0 1
 21 692  8 62 FH_T20.jpeg H   1 0 A 0.315476 0 1
 21 693  8 63 FA_T20.jpeg A   1 0 A 0.304434 0 1
 21 694  8 64 FA_T13.jpeg A   2 0 A 0.359221 0 1
 21 695  8 65 FH_T0.jpeg H   5 1 H 0.481648 0 1
 21 696  8 66 FA_T20.jpeg A   1 0 A 0.491403 0 1
 21 697  8 67 FH_T20.jpeg H   1 0 A 0.480857 0 1
 21 698  8 68 FH_T13.jpeg H   2 0 A 0.437051 0 1
 21 699  8 69 FH_T9.jpeg H   4 0 A 0.419979 0 1
 21 700  8 70 FA_T11.jpeg A   3 1 H 0.591530 0 1
 21 701  8 71 FA_T20.jpeg A   1 0 A 0.894832 0 1
 21 702  8 72 FA_T0.jpeg A   5 1 H 0.425928 0 1
 21 703  8 73 FH_T11.jpeg H   3 0 A 0.425568 0 1
 21 704  8 74 FH_T11.jpeg H   3 1 H 1.574977 0 1
 21 705  8 75 FH_T20.jpeg H   1 0 A 0.662929 0 1
 21 706  8 76 FH_T0.jpeg H   5 1 H 0.486513 0 1
 21 707  8 77 FA_T13.jpeg A   2 1 H 0.668048 0 1
 21 708  8 78 FH_T0.jpeg H   5 1 H 0.575233 0 1
 21 709  8 79 FH_T20.jpeg H   1 0 A 0.425959 0 1
 21 710  8 80 FA_T0.jpeg A   5 1 H 0.342850 0 1
 21 711  8 81 FH_T0.jpeg H   5 1 H 0.387023 0 1
 21 712  8 82 FA_T0.jpeg A   5 1 H 0.343112 0 1
 21 713  8 83 FH_T20.jpeg H   1 0 A 0.414557 0 1
 21 714  8 84 FA_T0.jpeg A   5 1 H 0.353795 0 1
 21 715  8 85 FA_T11.jpeg A   3 0 A 0.298755 0 1
 21 716  8 86 FA_T13.jpeg A   2 1 H 0.436715 0 1
 21 717  8 87 FH_T0.jpeg H   5 1 H 0.502802 0 1
 21 718  8 88 FH_T20.jpeg H   1 0 A 0.535958 0 1
 21 719  8 89 FA_T0.jpeg A   5 1 H 0.437331 0 1
 21 720  8 90 FH_T0.jpeg H   5 1 H 0.453256 0 1
