 16   1  1  1 FA_T13.jpeg A   2 1 H 15.654527 0 0
 16   2  1  2 FH_T0.jpeg H   5 1 H 2.049803 0 0
 16   3  1  3 FH_T0.jpeg H   5 1 H 0.841222 0 0
 16   4  1  4 FA_T0.jpeg A   5 1 H 1.052192 0 0
 16   5  1  5 FH_T0.jpeg H   5 1 H 0.619394 0 0
 16   6  1  6 FH_T9.jpeg H   4 0 A 1.271038 0 0
 16   7  1  7 FH_T20.jpeg H   1 0 A 0.653027 0 0
 16   8  1  8 FA_T0.jpeg A   5 1 H 0.918341 0 0
 16   9  1  9 FA_T20.jpeg A   1 0 A 0.536990 0 0
 16  10  1 10 FH_T20.jpeg H   1 0 A 0.564099 0 0
 16  11  1 11 FA_T20.jpeg A   1 0 A 0.541926 0 0
 16  12  1 12 FA_T11.jpeg A   3 0 A 0.836550 0 0
 16  13  1 13 FH_T20.jpeg H   1 0 A 0.962360 0 0
 16  14  1 14 FH_T9.jpeg H   4 1 H 9.697486 0 0
 16  15  1 15 FH_T13.jpeg H   2 0 A 3.569688 0 0
 16  16  1 16 FA_T0.jpeg A   5 1 H 0.658258 0 0
 16  17  1 17 FA_T0.jpeg A   5 1 H 0.554087 0 0
 16  18  1 18 FH_T11.jpeg H   3 1 H 7.122912 0 0
 16  19  1 19 FH_T20.jpeg H   1 0 A 0.621146 0 0
 16  20  1 20 FA_T11.jpeg A   3 1 H 0.591921 0 0
 16  21  1 21 FH_T13.jpeg H   2 0 A 4.323002 0 0
 16  22  1 22 FA_T0.jpeg A   5 1 H 0.835035 0 0
 16  23  1 23 FH_T11.jpeg H   3 1 H 3.149169 0 0
 16  24  1 24 FH_T20.jpeg H   1 0 A 0.498369 0 0
 16  25  1 25 FH_T13.jpeg H   2 0 A 0.603553 0 0
 16  26  1 26 FH_T0.jpeg H   5 1 H 0.784959 0 0
 16  27  1 27 FH_T9.jpeg H   4 0 A 0.525866 0 0
 16  28  1 28 FH_T11.jpeg H   3 0 A 2.691855 0 0
 16  29  1 29 FA_T11.jpeg A   3 1 H 0.508351 0 0
 16  30  1 30 FA_T20.jpeg A   1 0 A 0.647864 0 0
 16  31  1 31 FA_T0.jpeg A   5 1 H 0.586840 0 0
 16  32  1 32 FA_T0.jpeg A   5 1 H 0.857613 0 0
 16  33  1 33 FA_T0.jpeg A   5 1 H 1.949670 0 0
 16  34  1 34 FH_T13.jpeg H   2 0 A 5.888451 0 0
 16  35  1 35 FH_T11.jpeg H   3 0 A 8.436634 0 0
 16  36  1 36 FA_T20.jpeg A   1 0 A 0.548189 0 0
 16  37  1 37 FH_T13.jpeg H   2 0 A 0.962836 0 0
 16  38  1 38 FA_T0.jpeg A   5 1 H 0.536354 0 0
 16  39  1 39 FA_T20.jpeg A   1 0 A 0.669360 0 0
 16  40  1 40 FA_T20.jpeg A   1 0 A 0.431645 0 0
 16  41  1 41 FH_T20.jpeg H   1 0 A 0.431833 0 0
 16  42  1 42 FH_T20.jpeg H   1 0 A 0.387344 0 0
 16  43  1 43 FH_T11.jpeg H   3 0 A 0.382042 0 0
 16  44  1 44 FH_T20.jpeg H   1 0 A 0.437378 0 0
 16  45  1 45 FA_T20.jpeg A   1 0 A 0.393100 0 0
 16  46  1 46 FH_T13.jpeg H   2 0 A 1.049648 0 0
 16  47  1 47 FH_T20.jpeg H   1 0 A 0.404071 0 0
 16  48  1 48 FA_T0.jpeg A   5 1 H 0.514726 0 0
 16  49  1 49 FH_T20.jpeg H   1 0 A 0.658494 0 0
 16  50  1 50 FH_T0.jpeg H   5 1 H 0.966734 0 0
 16  51  1 51 FH_T0.jpeg H   5 1 H 0.663210 0 0
 16  52  1 52 FA_T13.jpeg A   2 1 H 2.294053 0 0
 16  53  1 53 FA_T0.jpeg A   5 1 H 0.459569 0 0
 16  54  1 54 FA_T9.jpeg A   4 1 H 0.508476 0 0
 16  55  1 55 FH_T9.jpeg H   4 1 H 0.591947 0 0
 16  56  1 56 FH_T20.jpeg H   1 0 A 0.465100 0 0
 16  57  1 57 FH_T0.jpeg H   5 1 H 0.514409 0 0
 16  58  1 58 FH_T11.jpeg H   3 1 H 0.541413 0 0
 16  59  1 59 FH_T9.jpeg H   4 1 H 0.547494 0 0
 16  60  1 60 FA_T13.jpeg A   2 1 H 0.553750 0 0
 16  61  1 61 FH_T0.jpeg H   5 1 H 0.531409 0 0
 16  62  1 62 FA_T20.jpeg A   1 0 A 0.542192 0 0
 16  63  1 63 FA_T9.jpeg A   4 1 H 0.668835 0 0
 16  64  1 64 FH_T9.jpeg H   4 1 H 1.062217 0 0
 16  65  1 65 FH_T0.jpeg H   5 1 H 0.669223 0 0
 16  66  1 66 FA_T20.jpeg A   1 0 A 0.569520 0 0
 16  67  1 67 FH_T20.jpeg H   1 0 A 0.443638 0 0
 16  68  1 68 FH_T0.jpeg H   5 1 H 0.554412 0 0
 16  69  1 69 FA_T9.jpeg A   4 1 H 0.708380 0 0
 16  70  1 70 FH_T20.jpeg H   1 0 A 1.193179 0 0
 16  71  1 71 FA_T20.jpeg A   1 0 A 0.818573 0 0
 16  72  1 72 FH_T11.jpeg H   3 0 A 0.448488 0 0
 16  73  1 73 FA_T20.jpeg A   1 0 A 0.492973 0 0
 16  74  1 74 FA_T20.jpeg A   1 0 A 0.547489 0 0
 16  75  1 75 FA_T11.jpeg A   3 1 H 0.481183 0 0
 16  76  1 76 FH_T20.jpeg H   1 0 A 0.835044 0 0
 16  77  1 77 FA_T11.jpeg A   3 1 H 0.951941 0 0
 16  78  1 78 FH_T9.jpeg H   4 1 H 0.658477 0 0
 16  79  1 79 FH_T20.jpeg H   1 1 H 0.409912 0 0
 16  80  1 80 FA_T20.jpeg A   1 0 A 0.685320 0 0
 16  81  1 81 FA_T0.jpeg A   5 1 H 1.083563 0 0
 16  82  1 82 FH_T0.jpeg H   5 1 H 0.945104 0 0
 16  83  1 83 FH_T20.jpeg H   1 0 A 0.558701 0 0
 16  84  1 84 FA_T13.jpeg A   2 1 H 1.078106 0 0
 16  85  1 85 FA_T0.jpeg A   5 1 H 0.547747 0 0
 16  86  1 86 FH_T0.jpeg H   5 1 H 0.580687 0 0
 16  87  1 87 FA_T20.jpeg A   1 0 A 0.824031 0 0
 16  88  1 88 FH_T0.jpeg H   5 1 H 0.868365 0 0
 16  89  1 89 FA_T13.jpeg A   2 1 H 0.724192 0 0
 16  90  1 90 FA_T20.jpeg A   1 0 A 0.784835 0 0
 16  91  2  1 FA_T20.jpeg A   1 0 A 0.575392 0 0
 16  92  2  2 FA_T20.jpeg A   1 0 A 0.884056 0 0
 16  93  2  3 FA_T20.jpeg A   1 0 A 0.382661 0 0
 16  94  2  4 FH_T20.jpeg H   1 0 A 0.480941 0 0
 16  95  2  5 FH_T0.jpeg H   5 1 H 0.509134 0 0
 16  96  2  6 FA_T0.jpeg A   5 1 H 0.481288 0 0
 16  97  2  7 FA_T0.jpeg A   5 1 H 0.453986 0 0
 16  98  2  8 FA_T20.jpeg A   1 0 A 0.404047 0 0
 16  99  2  9 FH_T20.jpeg H   1 0 A 0.553193 0 0
 16 100  2 10 FA_T13.jpeg A   2 1 H 1.523919 0 0
 16 101  2 11 FH_T11.jpeg H   3 1 H 0.713113 0 0
 16 102  2 12 FA_T11.jpeg A   3 1 H 0.526041 0 0
 16 103  2 13 FA_T20.jpeg A   1 0 A 0.475603 0 0
 16 104  2 14 FA_T20.jpeg A   1 0 A 0.763148 0 0
 16 105  2 15 FA_T13.jpeg A   2 1 H 0.768521 0 0
 16 106  2 16 FA_T20.jpeg A   1 1 H 0.415132 0 0
 16 107  2 17 FA_T20.jpeg A   1 0 A 0.464387 0 0
 16 108  2 18 FA_T9.jpeg A   4 1 H 0.525911 0 0
 16 109  2 19 FA_T11.jpeg A   3 1 H 0.658411 0 0
 16 110  2 20 FA_T9.jpeg A   4 1 H 0.597190 0 0
 16 111  2 21 FA_T0.jpeg A   5 1 H 0.641373 0 0
 16 112  2 22 FH_T13.jpeg H   2 1 H 1.188309 0 0
 16 113  2 23 FA_T0.jpeg A   5 1 H 1.492203 0 0
 16 114  2 24 FH_T13.jpeg H   2 1 H 1.100248 0 0
 16 115  2 25 FH_T0.jpeg H   5 1 H 0.696920 0 0
 16 116  2 26 FH_T20.jpeg H   1 0 A 0.431463 0 0
 16 117  2 27 FH_T20.jpeg H   1 0 A 0.404047 0 0
 16 118  2 28 FH_T0.jpeg H   5 1 H 0.586435 0 0
 16 119  2 29 FA_T0.jpeg A   5 1 H 0.476149 0 0
 16 120  2 30 FH_T11.jpeg H   3 1 H 0.702402 0 0
 16 121  2 31 FA_T0.jpeg A   5 1 H 0.371607 0 0
 16 122  2 32 FH_T9.jpeg H   4 1 H 0.653066 0 0
 16 123  2 33 FA_T13.jpeg A   2 1 H 0.520215 0 0
 16 124  2 34 FA_T0.jpeg A   5 1 H 0.619166 0 0
 16 125  2 35 FH_T0.jpeg H   5 1 H 0.415025 0 0
 16 126  2 36 FH_T20.jpeg H   1 1 H 0.425779 0 0
 16 127  2 37 FH_T20.jpeg H   1 0 A 0.343234 0 0
 16 128  2 38 FH_T0.jpeg H   5 1 H 0.669532 0 0
 16 129  2 39 FH_T0.jpeg H   5 1 H 0.978262 0 0
 16 130  2 40 FH_T0.jpeg H   5 1 H 0.536919 0 0
 16 131  2 41 FA_T20.jpeg A   1 0 A 0.348579 0 0
 16 132  2 42 FA_T0.jpeg A   5 1 H 0.403378 0 0
 16 133  2 43 FH_T20.jpeg H   1 0 A 0.315533 0 0
 16 134  2 44 FH_T11.jpeg H   3 0 A 0.442658 0 0
 16 135  2 45 FH_T20.jpeg H   1 0 A 0.403815 0 0
 16 136  2 46 FH_T0.jpeg H   5 1 H 0.420310 0 0
 16 137  2 47 FA_T0.jpeg A   5 1 H 0.475500 0 0
 16 138  2 48 FA_T11.jpeg A   3 1 H 0.376590 0 0
 16 139  2 49 FA_T0.jpeg A   5 0 A 0.299266 0 0
 16 140  2 50 FA_T20.jpeg A   1 0 A 0.541295 0 0
 16 141  2 51 FA_T20.jpeg A   1 0 A 0.448310 0 0
 16 142  2 52 FA_T20.jpeg A   1 0 A 0.465099 0 0
 16 143  2 53 FA_T0.jpeg A   5 1 H 0.426098 0 0
 16 144  2 54 FH_T0.jpeg H   5 1 H 0.399074 0 0
 16 145  2 55 FA_T11.jpeg A   3 0 A 0.453321 0 0
 16 146  2 56 FH_T13.jpeg H   2 0 A 0.552622 0 0
 16 147  2 57 FA_T0.jpeg A   5 1 H 0.443312 0 0
 16 148  2 58 FA_T0.jpeg A   5 1 H 0.398649 0 0
 16 149  2 59 FA_T20.jpeg A   1 1 H 0.392854 0 0
 16 150  2 60 FA_T0.jpeg A   5 1 H 0.354690 0 0
 16 151  2 61 FA_T0.jpeg A   5 1 H 0.679292 0 0
 16 152  2 62 FA_T0.jpeg A   5 1 H 0.669559 0 0
 16 153  2 63 FA_T13.jpeg A   2 0 A 0.735488 0 0
 16 154  2 64 FH_T20.jpeg H   1 1 H 0.530530 0 0
 16 155  2 65 FA_T0.jpeg A   5 1 H 0.487058 0 0
 16 156  2 66 FH_T20.jpeg H   1 0 A 0.873518 0 0
 16 157  2 67 FH_T13.jpeg H   2 1 H 0.845451 0 0
 16 158  2 68 FH_T13.jpeg H   2 1 H 0.491889 0 0
 16 159  2 69 FA_T0.jpeg A   5 1 H 0.569748 0 0
 16 160  2 70 FA_T9.jpeg A   4 1 H 0.608252 0 0
 16 161  2 71 FH_T20.jpeg H   1 1 H 0.531467 0 0
 16 162  2 72 FH_T9.jpeg H   4 1 H 0.917367 0 0
 16 163  2 73 FA_T0.jpeg A   5 1 H 0.547066 0 0
 16 164  2 74 FA_T0.jpeg A   5 1 H 0.442563 0 0
 16 165  2 75 FH_T11.jpeg H   3 1 H 0.999974 0 0
 16 166  2 76 FA_T0.jpeg A   5 1 H 0.928341 0 0
 16 167  2 77 FA_T0.jpeg A   5 1 H 0.542282 0 0
 16 168  2 78 FH_T13.jpeg H   2 0 A 0.602699 0 0
 16 169  2 79 FA_T0.jpeg A   5 1 H 1.645996 0 0
 16 170  2 80 FA_T0.jpeg A   5 1 H 0.442912 0 0
 16 171  2 81 FH_T9.jpeg H   4 1 H 0.437297 0 0
 16 172  2 82 FA_T0.jpeg A   5 1 H 0.414829 0 0
 16 173  2 83 FA_T20.jpeg A   1 0 A 0.696375 0 0
 16 174  2 84 FH_T11.jpeg H   3 1 H 0.988735 0 0
 16 175  2 85 FH_T0.jpeg H   5 1 H 0.602943 0 0
 16 176  2 86 FA_T13.jpeg A   2 1 H 1.082135 0 0
 16 177  2 87 FH_T20.jpeg H   1 0 A 0.559071 0 0
 16 178  2 88 FA_T11.jpeg A   3 1 H 1.061267 0 0
 16 179  2 89 FH_T20.jpeg H   1 0 A 0.469839 0 0
 16 180  2 90 FH_T20.jpeg H   1 0 A 0.641145 0 0
 16 181  3  1 FH_T13.jpeg H   2 1 H 1.361013 0 0
 16 182  3  2 FH_T0.jpeg H   5 1 H 0.409024 0 0
 16 183  3  3 FA_T0.jpeg A   5 1 H 0.515521 0 0
 16 184  3  4 FA_T20.jpeg A   1 0 A 0.497558 0 0
 16 185  3  5 FH_T0.jpeg H   5 1 H 0.469827 0 0
 16 186  3  6 FH_T9.jpeg H   4 1 H 0.620217 0 0
 16 187  3  7 FH_T0.jpeg H   5 1 H 0.365242 0 0
 16 188  3  8 FH_T11.jpeg H   3 1 H 0.580886 0 0
 16 189  3  9 FA_T0.jpeg A   5 1 H 0.442540 0 0
 16 190  3 10 FH_T11.jpeg H   3 1 H 1.508832 0 0
 16 191  3 11 FH_T11.jpeg H   3 1 H 0.508765 0 0
 16 192  3 12 FH_T0.jpeg H   5 1 H 0.464354 0 0
 16 193  3 13 FA_T0.jpeg A   5 1 H 0.481460 0 0
 16 194  3 14 FA_T11.jpeg A   3 1 H 0.459025 0 0
 16 195  3 15 FH_T9.jpeg H   4 1 H 0.757082 0 0
 16 196  3 16 FH_T11.jpeg H   3 1 H 0.575077 0 0
 16 197  3 17 FA_T13.jpeg A   2 1 H 0.503649 0 0
 16 198  3 18 FH_T20.jpeg H   1 0 A 0.475588 0 0
 16 199  3 19 FA_T11.jpeg A   3 1 H 0.620247 0 0
 16 200  3 20 FA_T20.jpeg A   1 0 A 0.436885 0 0
 16 201  3 21 FH_T20.jpeg H   1 0 A 0.773474 0 0
 16 202  3 22 FA_T13.jpeg A   2 1 H 0.569700 0 0
 16 203  3 23 FA_T13.jpeg A   2 1 H 0.475376 0 0
 16 204  3 24 FH_T0.jpeg H   5 1 H 0.431692 0 0
 16 205  3 25 FA_T20.jpeg A   1 0 A 0.420322 0 0
 16 206  3 26 FA_T0.jpeg A   5 1 H 0.608549 0 0
 16 207  3 27 FA_T20.jpeg A   1 0 A 0.585970 0 0
 16 208  3 28 FA_T9.jpeg A   4 1 H 0.668658 0 0
 16 209  3 29 FH_T13.jpeg H   2 1 H 1.341642 0 0
 16 210  3 30 FH_T0.jpeg H   5 1 H 1.558932 0 0
 16 211  3 31 FA_T0.jpeg A   5 1 H 0.414562 0 0
 16 212  3 32 FA_T9.jpeg A   4 1 H 0.460013 0 0
 16 213  3 33 FH_T0.jpeg H   5 1 H 0.481080 0 0
 16 214  3 34 FH_T20.jpeg H   1 0 A 0.436566 0 0
 16 215  3 35 FH_T20.jpeg H   1 0 A 0.507998 0 0
 16 216  3 36 FA_T0.jpeg A   5 1 H 0.497506 0 0
 16 217  3 37 FH_T20.jpeg H   1 0 A 0.574910 0 0
 16 218  3 38 FH_T0.jpeg H   5 1 H 0.541569 0 0
 16 219  3 39 FA_T0.jpeg A   5 1 H 0.426198 0 0
 16 220  3 40 FH_T0.jpeg H   5 1 H 0.415582 0 0
 16 221  3 41 FA_T0.jpeg A   5 1 H 0.415068 0 0
 16 222  3 42 FH_T9.jpeg H   4 0 A 0.509964 0 0
 16 223  3 43 FH_T11.jpeg H   3 0 A 0.427006 0 0
 16 224  3 44 FH_T0.jpeg H   5 1 H 0.464340 0 0
 16 225  3 45 FA_T13.jpeg A   2 1 H 0.922718 0 0
 16 226  3 46 FA_T0.jpeg A   5 1 H 0.431430 0 0
 16 227  3 47 FH_T20.jpeg H   1 1 H 0.415160 0 0
 16 228  3 48 FA_T9.jpeg A   4 1 H 0.581656 0 0
 16 229  3 49 FH_T0.jpeg H   5 1 H 0.442066 0 0
 16 230  3 50 FH_T20.jpeg H   1 0 A 0.708005 0 0
 16 231  3 51 FH_T11.jpeg H   3 1 H 0.845615 0 0
 16 232  3 52 FH_T20.jpeg H   1 0 A 1.727994 0 0
 16 233  3 53 FH_T20.jpeg H   1 0 A 0.497590 0 0
 16 234  3 54 FA_T20.jpeg A   1 0 A 0.393219 0 0
 16 235  3 55 FH_T9.jpeg H   4 0 A 0.431818 0 0
 16 236  3 56 FA_T13.jpeg A   2 1 H 1.127913 0 0
 16 237  3 57 FH_T20.jpeg H   1 0 A 0.653727 0 0
 16 238  3 58 FH_T0.jpeg H   5 1 H 1.310364 0 0
 16 239  3 59 FA_T20.jpeg A   1 0 A 0.961253 0 0
 16 240  3 60 FA_T11.jpeg A   3 1 H 0.955308 0 0
 16 241  3 61 FH_T0.jpeg H   5 1 H 2.566138 0 0
 16 242  3 62 FH_T0.jpeg H   5 1 H 1.955363 0 0
 16 243  3 63 FH_T20.jpeg H   1 0 A 4.747000 0 0
 16 244  3 64 FA_T20.jpeg A   1 0 A 1.807588 0 0
 16 245  3 65 FA_T0.jpeg A   5 1 H 1.337263 0 0
 16 246  3 66 FH_T11.jpeg H   3 1 H 2.617712 0 0
 16 247  3 67 FA_T20.jpeg A   1 0 A 4.139941 0 0
 16 248  3 68 FH_T0.jpeg H   5 1 H 5.543388 0 0
 16 249  3 69 FA_T0.jpeg A   5 1 H 9.408507 0 0
 16 250  3 70 FH_T0.jpeg H   5 1 H 1.243504 0 0
 16 251  3 71 FH_T9.jpeg H   4 1 H 0.779400 0 0
 16 252  3 72 FA_T20.jpeg A   1 0 A 2.230013 0 0
 16 253  3 73 FA_T0.jpeg A   5 1 H 0.575042 0 0
 16 254  3 74 FA_T0.jpeg A   5 1 H 0.586192 0 0
 16 255  3 75 FH_T0.jpeg H   5 1 H 11.393603 0 0
 16 256  3 76 FA_T9.jpeg A   4 1 H 8.874570 0 0
 16 257  3 77 FH_T20.jpeg H   1 0 A 4.465594 0 0
 16 258  3 78 FH_T0.jpeg H   5 1 H 1.321095 0 0
 16 259  3 79 FA_T0.jpeg A   5 1 H 7.014929 0 0
 16 260  3 80 FA_T0.jpeg A   5 1 H 17.259316 0 0
 16 261  3 81 FH_T0.jpeg H   5 1 H 0.497739 0 0
 16 262  3 82 FA_T20.jpeg A   1 0 A 4.686854 0 0
 16 263  3 83 FA_T9.jpeg A   4 1 H 0.663731 0 0
 16 264  3 84 FA_T0.jpeg A   5 1 H 0.679887 0 0
 16 265  3 85 FA_T13.jpeg A   2 1 H 2.928036 0 0
 16 266  3 86 FA_T0.jpeg A   5 1 H 2.392152 0 0
 16 267  3 87 FH_T0.jpeg H   5 1 H 1.282392 0 0
 16 268  3 88 FH_T0.jpeg H   5 1 H 1.115930 0 0
 16 269  3 89 FA_T0.jpeg A   5 1 H 0.946193 0 0
 16 270  3 90 FH_T11.jpeg H   3 1 H 5.323757 0 0
 16 271  4  1 FH_T20.jpeg H   1 0 A 0.596760 0 0
 16 272  4  2 FH_T0.jpeg H   5 1 H 1.596898 0 0
 16 273  4  3 FA_T20.jpeg A   1 0 A 4.096869 0 0
 16 274  4  4 FH_T13.jpeg H   2 1 H 2.462489 0 0
 16 275  4  5 FA_T20.jpeg A   1 0 A 3.827559 0 0
 16 276  4  6 FH_T20.jpeg H   1 0 A 0.762478 0 0
 16 277  4  7 FA_T0.jpeg A   5 1 H 0.724297 0 0
 16 278  4  8 FA_T9.jpeg A   4 1 H 3.147866 0 0
 16 279  4  9 FH_T0.jpeg H   5 1 H 1.663275 0 0
 16 280  4 10 FA_T11.jpeg A   3 1 H 3.766443 0 0
 16 281  4 11 FA_T0.jpeg A   5 1 H 1.110077 0 0
 16 282  4 12 FA_T11.jpeg A   3 1 H 0.387231 0 0
 16 283  4 13 FH_T0.jpeg H   5 1 H 0.386976 0 0
 16 284  4 14 FA_T20.jpeg A   1 0 A 1.310961 0 0
 16 285  4 15 FA_T20.jpeg A   1 0 A 3.812773 0 0
 16 286  4 16 FH_T11.jpeg H   3 1 H 3.282488 0 0
 16 287  4 17 FH_T20.jpeg H   1 0 A 1.352600 0 0
 16 288  4 18 FA_T13.jpeg A   2 1 H 3.275273 0 0
 16 289  4 19 FH_T9.jpeg H   4 1 H 5.659028 0 0
 16 290  4 20 FH_T20.jpeg H   1 0 A 1.878029 0 0
 16 291  4 21 FH_T0.jpeg H   5 1 H 7.806155 0 0
 16 292  4 22 FH_T9.jpeg H   4 1 H 0.690485 0 0
 16 293  4 23 FA_T0.jpeg A   5 1 H 6.280989 0 0
 16 294  4 24 FH_T20.jpeg H   1 0 A 5.322681 0 0
 16 295  4 25 FA_T9.jpeg A   4 1 H 0.861619 0 0
 16 296  4 26 FA_T0.jpeg A   5 1 H 2.474133 0 0
 16 297  4 27 FA_T11.jpeg A   3 1 H 0.663761 0 0
 16 298  4 28 FA_T11.jpeg A   3 1 H 1.231639 0 0
 16 299  4 29 FH_T9.jpeg H   4 1 H 0.829590 0 0
 16 300  4 30 FA_T9.jpeg A   4 1 H 4.147426 0 0
 16 301  4 31 FH_T0.jpeg H   5 1 H 5.930882 0 0
 16 302  4 32 FH_T9.jpeg H   4 1 H 20.596502 0 0
 16 303  4 33 FA_T9.jpeg A   4 1 H 0.398359 0 0
 16 304  4 34 FH_T0.jpeg H   5 1 H 0.519588 0 0
 16 305  4 35 FH_T13.jpeg H   2 1 H 1.061333 0 0
 16 306  4 36 FH_T0.jpeg H   5 1 H 0.426032 0 0
 16 307  4 37 FH_T9.jpeg H   4 1 H 1.828231 0 0
 16 308  4 38 FA_T20.jpeg A   1 0 A 1.425092 0 0
 16 309  4 39 FH_T9.jpeg H   4 1 H 0.801520 0 0
 16 310  4 40 FA_T13.jpeg A   2 1 H 1.342718 0 0
 16 311  4 41 FH_T9.jpeg H   4 1 H 0.470551 0 0
 16 312  4 42 FA_T20.jpeg A   1 0 A 12.866763 0 0
 16 313  4 43 FA_T9.jpeg A   4 1 H 0.745933 0 0
 16 314  4 44 FH_T20.jpeg H   1 0 A 0.636507 0 0
 16 315  4 45 FH_T11.jpeg H   3 1 H 0.812709 0 0
 16 316  4 46 FA_T0.jpeg A   5 1 H 0.470077 0 0
 16 317  4 47 FH_T9.jpeg H   4 1 H 1.452411 0 0
 16 318  4 48 FA_T13.jpeg A   2 1 H 0.597408 0 0
 16 319  4 49 FH_T20.jpeg H   1 0 A 0.513896 0 0
 16 320  4 50 FH_T20.jpeg H   1 0 A 0.404564 0 0
 16 321  4 51 FH_T20.jpeg H   1 0 A 0.448294 0 0
 16 322  4 52 FH_T0.jpeg H   5 1 H 0.525847 0 0
 16 323  4 53 FH_T20.jpeg H   1 0 A 0.476109 0 0
 16 324  4 54 FA_T0.jpeg A   5 0 A 0.442409 0 0
 16 325  4 55 FA_T13.jpeg A   2 1 H 0.883836 0 0
 16 326  4 56 FH_T0.jpeg H   5 1 H 0.414892 0 0
 16 327  4 57 FA_T20.jpeg A   1 1 H 0.464641 0 0
 16 328  4 58 FH_T20.jpeg H   1 0 A 0.537096 0 0
 16 329  4 59 FA_T0.jpeg A   5 1 H 0.448408 0 0
 16 330  4 60 FH_T13.jpeg H   2 1 H 0.773625 0 0
 16 331  4 61 FA_T0.jpeg A   5 1 H 0.557949 0 0
 16 332  4 62 FA_T20.jpeg A   1 0 A 0.536938 0 0
 16 333  4 63 FA_T9.jpeg A   4 1 H 0.758265 0 0
 16 334  4 64 FH_T13.jpeg H   2 1 H 0.856804 0 0
 16 335  4 65 FA_T20.jpeg A   1 0 A 0.464297 0 0
 16 336  4 66 FH_T0.jpeg H   5 1 H 0.514539 0 0
 16 337  4 67 FA_T20.jpeg A   1 0 A 0.459422 0 0
 16 338  4 68 FH_T9.jpeg H   4 1 H 0.790416 0 0
 16 339  4 69 FA_T13.jpeg A   2 1 H 0.569630 0 0
 16 340  4 70 FA_T20.jpeg A   1 0 A 0.608275 0 0
 16 341  4 71 FH_T0.jpeg H   5 1 H 0.669198 0 0
 16 342  4 72 FA_T20.jpeg A   1 0 A 0.575361 0 0
 16 343  4 73 FH_T11.jpeg H   3 1 H 0.706748 0 0
 16 344  4 74 FH_T0.jpeg H   5 1 H 0.436248 0 0
 16 345  4 75 FA_T9.jpeg A   4 1 H 0.426289 0 0
 16 346  4 76 FH_T9.jpeg H   4 1 H 0.463182 0 0
 16 347  4 77 FA_T9.jpeg A   4 1 H 0.381897 0 0
 16 348  4 78 FH_T9.jpeg H   4 1 H 0.873279 0 0
 16 349  4 79 FA_T13.jpeg A   2 1 H 3.914535 0 0
 16 350  4 80 FA_T13.jpeg A   2 1 H 0.972447 0 0
 16 351  4 81 FA_T9.jpeg A   4 1 H 3.207809 0 0
 16 352  4 82 FA_T9.jpeg A   4 1 H 4.414143 0 0
 16 353  4 83 FH_T11.jpeg H   3 1 H 1.160919 0 0
 16 354  4 84 FA_T20.jpeg A   1 0 A 9.421351 0 0
 16 355  4 85 FH_T13.jpeg H   2 0 A 4.052518 0 0
 16 356  4 86 FA_T20.jpeg A   1 0 A 0.951080 0 0
 16 357  4 87 FA_T9.jpeg A   4 1 H 2.187897 0 0
 16 358  4 88 FA_T0.jpeg A   5 1 H 0.503629 0 0
 16 359  4 89 FH_T20.jpeg H   1 1 H 0.459379 0 0
 16 360  4 90 FH_T20.jpeg H   1 0 A 0.337386 0 0
 16 361  5  1 FH_T20.jpeg H   1 0 A 0.840616 0 0
 16 362  5  2 FH_T11.jpeg H   3 1 H 1.094376 0 0
 16 363  5  3 FH_T13.jpeg H   2 1 H 1.773484 0 0
 16 364  5  4 FA_T20.jpeg A   1 0 A 1.739884 0 0
 16 365  5  5 FH_T11.jpeg H   3 1 H 1.105953 0 0
 16 366  5  6 FH_T0.jpeg H   5 1 H 1.263893 0 0
 16 367  5  7 FA_T13.jpeg A   2 1 H 0.785644 0 0
 16 368  5  8 FH_T20.jpeg H   1 0 A 0.989023 0 0
 16 369  5  9 FH_T11.jpeg H   3 1 H 1.408602 0 0
 16 370  5 10 FA_T9.jpeg A   4 1 H 1.099749 0 0
 16 371  5 11 FH_T0.jpeg H   5 1 H 0.702059 0 0
 16 372  5 12 FA_T20.jpeg A   1 0 A 0.922990 0 0
 16 373  5 13 FH_T0.jpeg H   5 1 H 1.000080 0 0
 16 374  5 14 FH_T0.jpeg H   5 1 H 2.210070 0 0
 16 375  5 15 FA_T20.jpeg A   1 0 A 0.943871 0 0
 16 376  5 16 FA_T11.jpeg A   3 1 H 0.999003 0 0
 16 377  5 17 FH_T20.jpeg H   1 0 A 5.477839 0 0
 16 378  5 18 FA_T11.jpeg A   3 1 H 2.225596 0 0
 16 379  5 19 FA_T0.jpeg A   5 1 H 1.635038 0 0
 16 380  5 20 FA_T20.jpeg A   1 0 A 3.219106 0 0
 16 381  5 21 FA_T13.jpeg A   2 1 H 2.882891 0 0
 16 382  5 22 FA_T20.jpeg A   1 0 A 2.726990 0 0
 16 383  5 23 FH_T9.jpeg H   4 1 H 1.186387 0 0
 16 384  5 24 FA_T0.jpeg A   5 1 H 4.682150 0 0
 16 385  5 25 FH_T20.jpeg H   1 0 A 2.612404 0 0
 16 386  5 26 FA_T20.jpeg A   1 0 A 9.534036 0 0
 16 387  5 27 FH_T0.jpeg H   5 1 H 9.022242 0 0
 16 388  5 28 FA_T0.jpeg A   5 1 H 0.879093 0 0
 16 389  5 29 FH_T20.jpeg H   1 0 A 0.492131 0 0
 16 390  5 30 FH_T0.jpeg H   5 1 H 21.859509 0 0
 16 391  5 31 FA_T0.jpeg A   5 1 H 11.763552 0 0
 16 392  5 32 FH_T20.jpeg H   1 0 A 1.993685 0 0
 16 393  5 33 FH_T0.jpeg H   5 1 H 0.668539 0 0
 16 394  5 34 FH_T20.jpeg H   1 0 A 2.016155 0 0
 16 395  5 35 FA_T9.jpeg A   4 1 H 2.014743 0 0
 16 396  5 36 FH_T0.jpeg H   5 1 H 0.795961 0 0
 16 397  5 37 FH_T11.jpeg H   3 1 H 7.004065 0 0
 16 398  5 38 FH_T0.jpeg H   5 1 H 2.704642 0 0
 16 399  5 39 FA_T20.jpeg A   1 0 A 6.444513 0 0
 16 400  5 40 FH_T0.jpeg H   5 1 H 2.143267 0 0
 16 401  5 41 FH_T0.jpeg H   5 1 H 1.547100 0 0
 16 402  5 42 FH_T20.jpeg H   1 0 A 1.481590 0 0
 16 403  5 43 FA_T20.jpeg A   1 0 A 0.993783 0 0
 16 404  5 44 FH_T20.jpeg H   1 0 A 0.574610 0 0
 16 405  5 45 FH_T9.jpeg H   4 1 H 2.021604 0 0
 16 406  5 46 FA_T11.jpeg A   3 1 H 1.027710 0 0
 16 407  5 47 FA_T0.jpeg A   5 1 H 5.758893 0 0
 16 408  5 48 FH_T20.jpeg H   1 0 A 3.286206 0 0
 16 409  5 49 FA_T20.jpeg A   1 0 A 3.943127 0 0
 16 410  5 50 FH_T20.jpeg H   1 0 A 4.942775 0 0
 16 411  5 51 FA_T0.jpeg A   5 1 H 2.104521 0 0
 16 412  5 52 FH_T13.jpeg H   2 1 H 3.789106 0 0
 16 413  5 53 FA_T11.jpeg A   3 1 H 0.679499 0 0
 16 414  5 54 FA_T13.jpeg A   2 1 H 4.790219 0 0
 16 415  5 55 FH_T20.jpeg H   1 0 A 6.250705 0 0
 16 416  5 56 FA_T20.jpeg A   1 1 H 0.956975 0 0
 16 417  5 57 FA_T0.jpeg A   5 1 H 2.291699 0 0
 16 418  5 58 FH_T0.jpeg H   5 1 H 13.112742 0 0
 16 419  5 59 FH_T0.jpeg H   5 1 H 0.476129 0 0
 16 420  5 60 FH_T20.jpeg H   1 0 A 1.633540 0 0
 16 421  5 61 FA_T20.jpeg A   1 0 A 6.886842 0 0
 16 422  5 62 FA_T9.jpeg A   4 1 H 1.304380 0 0
 16 423  5 63 FH_T20.jpeg H   1 0 A 0.745652 0 0
 16 424  5 64 FH_T13.jpeg H   2 1 H 1.165721 0 0
 16 425  5 65 FA_T11.jpeg A   3 1 H 0.984023 0 0
 16 426  5 66 FA_T20.jpeg A   1 0 A 1.945143 0 0
 16 427  5 67 FA_T9.jpeg A   4 1 H 1.468971 0 0
 16 428  5 68 FA_T9.jpeg A   4 1 H 1.094683 0 0
 16 429  5 69 FA_T20.jpeg A   1 0 A 1.216143 0 0
 16 430  5 70 FA_T9.jpeg A   4 1 H 1.001138 0 0
 16 431  5 71 FA_T20.jpeg A   1 0 A 1.154694 0 0
 16 432  5 72 FH_T0.jpeg H   5 1 H 0.895617 0 0
 16 433  5 73 FH_T0.jpeg H   5 1 H 1.319333 0 0
 16 434  5 74 FH_T20.jpeg H   1 0 A 3.540931 0 0
 16 435  5 75 FA_T20.jpeg A   1 0 A 0.929347 0 0
 16 436  5 76 FH_T20.jpeg H   1 0 A 0.563504 0 0
 16 437  5 77 FH_T20.jpeg H   1 0 A 1.651184 0 0
 16 438  5 78 FH_T13.jpeg H   2 1 H 2.674309 0 0
 16 439  5 79 FH_T20.jpeg H   1 0 A 0.878616 0 0
 16 440  5 80 FA_T11.jpeg A   3 1 H 2.276445 0 0
 16 441  5 81 FH_T13.jpeg H   2 1 H 1.563917 0 0
 16 442  5 82 FH_T0.jpeg H   5 1 H 1.342883 0 0
 16 443  5 83 FH_T0.jpeg H   5 1 H 2.794101 0 0
 16 444  5 84 FA_T0.jpeg A   5 1 H 1.022861 0 0
 16 445  5 85 FA_T0.jpeg A   5 1 H 0.531133 0 0
 16 446  5 86 FA_T20.jpeg A   1 0 A 2.478966 0 0
 16 447  5 87 FH_T0.jpeg H   5 1 H 1.860550 0 0
 16 448  5 88 FA_T0.jpeg A   5 1 H 12.173782 0 0
 16 449  5 89 FH_T0.jpeg H   5 1 H 0.458944 0 0
 16 450  5 90 FA_T9.jpeg A   4 1 H 2.865240 0 0
 16 451  6  1 FA_T11.jpeg A   3 1 H 9.672715 0 0
 16 452  6  2 FA_T0.jpeg A   5 1 H 0.458555 0 0
 16 453  6  3 FA_T20.jpeg A   1 0 A 0.475489 0 0
 16 454  6  4 FA_T20.jpeg A   1 0 A 0.464239 0 0
 16 455  6  5 FA_T13.jpeg A   2 1 H 0.553073 0 0
 16 456  6  6 FH_T20.jpeg H   1 0 A 0.503089 0 0
 16 457  6  7 FA_T0.jpeg A   5 1 H 0.758015 0 0
 16 458  6  8 FA_T20.jpeg A   1 0 A 0.613939 0 0
 16 459  6  9 FH_T20.jpeg H   1 0 A 0.558722 0 0
 16 460  6 10 FH_T9.jpeg H   4 1 H 0.983175 0 0
 16 461  6 11 FH_T11.jpeg H   3 0 A 0.619169 0 0
 16 462  6 12 FA_T0.jpeg A   5 1 H 0.437009 0 0
 16 463  6 13 FA_T13.jpeg A   2 1 H 0.415176 0 0
 16 464  6 14 FH_T0.jpeg H   5 1 H 0.454115 0 0
 16 465  6 15 FA_T20.jpeg A   1 0 A 0.354485 0 0
 16 466  6 16 FH_T20.jpeg H   1 0 A 0.437137 0 0
 16 467  6 17 FH_T20.jpeg H   1 0 A 0.503725 0 0
 16 468  6 18 FA_T13.jpeg A   2 1 H 0.707489 0 0
 16 469  6 19 FH_T20.jpeg H   1 0 A 0.508340 0 0
 16 470  6 20 FA_T0.jpeg A   5 1 H 0.503332 0 0
 16 471  6 21 FA_T0.jpeg A   5 1 H 0.850339 0 0
 16 472  6 22 FH_T11.jpeg H   3 1 H 1.270504 0 0
 16 473  6 23 FA_T20.jpeg A   1 0 A 0.453408 0 0
 16 474  6 24 FH_T13.jpeg H   2 1 H 0.608169 0 0
 16 475  6 25 FA_T20.jpeg A   1 0 A 0.298932 0 0
 16 476  6 26 FA_T20.jpeg A   1 0 A 0.371047 0 0
 16 477  6 27 FA_T20.jpeg A   1 1 H 0.387231 0 0
 16 478  6 28 FH_T20.jpeg H   1 0 A 0.332109 0 0
 16 479  6 29 FA_T0.jpeg A   5 1 H 0.646074 0 0
 16 480  6 30 FH_T0.jpeg H   5 1 H 0.541335 0 0
 16 481  6 31 FA_T20.jpeg A   1 0 A 0.514391 0 0
 16 482  6 32 FH_T0.jpeg H   5 1 H 0.531164 0 0
 16 483  6 33 FA_T20.jpeg A   1 1 H 0.464647 0 0
 16 484  6 34 FH_T20.jpeg H   1 0 A 0.519917 0 0
 16 485  6 35 FH_T0.jpeg H   5 1 H 0.641545 0 0
 16 486  6 36 FA_T0.jpeg A   5 1 H 0.569443 0 0
 16 487  6 37 FA_T11.jpeg A   3 1 H 1.271429 0 0
 16 488  6 38 FH_T0.jpeg H   5 1 H 0.310387 0 0
 16 489  6 39 FA_T0.jpeg A   5 1 H 0.486870 0 0
 16 490  6 40 FH_T0.jpeg H   5 1 H 1.016574 0 0
 16 491  6 41 FH_T20.jpeg H   1 0 A 0.591647 0 0
 16 492  6 42 FH_T0.jpeg H   5 1 H 0.431643 0 0
 16 493  6 43 FH_T20.jpeg H   1 0 A 3.678090 0 0
 16 494  6 44 FH_T0.jpeg H   5 1 H 1.810454 0 0
 16 495  6 45 FH_T13.jpeg H   2 0 A 1.889702 0 0
 16 496  6 46 FA_T20.jpeg A   1 0 A 0.537086 0 0
 16 497  6 47 FA_T0.jpeg A   5 1 H 0.978466 0 0
 16 498  6 48 FA_T13.jpeg A   2 1 H 0.668827 0 0
 16 499  6 49 FH_T13.jpeg H   2 1 H 0.707979 0 0
 16 500  6 50 FA_T20.jpeg A   1 0 A 2.744518 0 0
 16 501  6 51 FH_T20.jpeg H   1 0 A 1.425364 0 0
 16 502  6 52 FA_T9.jpeg A   4 1 H 0.998983 0 0
 16 503  6 53 FH_T9.jpeg H   4 1 H 1.530625 0 0
 16 504  6 54 FH_T20.jpeg H   1 0 A 0.879153 0 0
 16 505  6 55 FA_T11.jpeg A   3 1 H 0.906286 0 0
 16 506  6 56 FH_T11.jpeg H   3 1 H 0.762222 0 0
 16 507  6 57 FH_T20.jpeg H   1 0 A 1.381034 0 0
 16 508  6 58 FA_T20.jpeg A   1 0 A 0.916840 0 0
 16 509  6 59 FH_T20.jpeg H   1 0 A 1.165646 0 0
 16 510  6 60 FA_T11.jpeg A   3 1 H 0.619585 0 0
 16 511  6 61 FA_T0.jpeg A   5 1 H 0.486284 0 0
 16 512  6 62 FH_T13.jpeg H   2 1 H 0.795935 0 0
 16 513  6 63 FA_T11.jpeg A   3 1 H 0.453154 0 0
 16 514  6 64 FH_T0.jpeg H   5 1 H 1.574087 0 0
 16 515  6 65 FH_T0.jpeg H   5 1 H 0.884879 0 0
 16 516  6 66 FA_T20.jpeg A   1 0 A 0.994393 0 0
 16 517  6 67 FA_T0.jpeg A   5 1 H 4.229954 0 0
 16 518  6 68 FH_T9.jpeg H   4 1 H 0.691627 0 0
 16 519  6 69 FA_T20.jpeg A   1 0 A 0.624411 0 0
 16 520  6 70 FA_T13.jpeg A   2 1 H 0.552509 0 0
 16 521  6 71 FH_T20.jpeg H   1 0 A 1.015903 0 0
 16 522  6 72 FH_T0.jpeg H   5 1 H 1.872945 0 0
 16 523  6 73 FA_T20.jpeg A   1 0 A 1.095063 0 0
 16 524  6 74 FA_T0.jpeg A   5 1 H 1.507827 0 0
 16 525  6 75 FH_T9.jpeg H   4 1 H 0.895066 0 0
 16 526  6 76 FA_T11.jpeg A   3 1 H 4.538771 0 0
 16 527  6 77 FA_T20.jpeg A   1 0 A 1.883106 0 0
 16 528  6 78 FA_T11.jpeg A   3 1 H 0.520239 0 0
 16 529  6 79 FH_T20.jpeg H   1 0 A 0.552511 0 0
 16 530  6 80 FH_T20.jpeg H   1 0 A 3.462809 0 0
 16 531  6 81 FA_T20.jpeg A   1 0 A 4.444499 0 0
 16 532  6 82 FA_T20.jpeg A   1 0 A 2.704791 0 0
 16 533  6 83 FA_T11.jpeg A   3 1 H 7.746083 0 0
 16 534  6 84 FA_T20.jpeg A   1 0 A 5.068956 0 0
 16 535  6 85 FA_T9.jpeg A   4 1 H 2.418842 0 0
 16 536  6 86 FA_T20.jpeg A   1 0 A 2.506566 0 0
 16 537  6 87 FH_T20.jpeg H   1 0 A 0.977971 0 0
 16 538  6 88 FA_T20.jpeg A   1 0 A 1.822587 0 0
 16 539  6 89 FH_T20.jpeg H   1 0 A 3.197867 0 0
 16 540  6 90 FH_T20.jpeg H   1 0 A 5.155436 0 0
 16 541  7  1 FA_T9.jpeg A   4 1 H 2.704799 0 0
 16 542  7  2 FA_T20.jpeg A   1 0 A 3.947794 0 0
 16 543  7  3 FH_T20.jpeg H   1 0 A 3.143149 0 0
 16 544  7  4 FH_T20.jpeg H   1 0 A 0.475576 0 0
 16 545  7  5 FA_T9.jpeg A   4 1 H 0.591635 0 0
 16 546  7  6 FH_T0.jpeg H   5 1 H 2.849864 0 0
 16 547  7  7 FA_T0.jpeg A   5 1 H 1.116362 0 0
 16 548  7  8 FA_T0.jpeg A   5 1 H 0.382110 0 0
 16 549  7  9 FA_T20.jpeg A   1 0 A 2.805318 0 0
 16 550  7 10 FH_T13.jpeg H   2 1 H 0.801196 0 0
 16 551  7 11 FA_T20.jpeg A   1 0 A 2.160207 0 0
 16 552  7 12 FH_T20.jpeg H   1 0 A 0.498071 0 0
 16 553  7 13 FH_T20.jpeg H   1 0 A 2.539733 0 0
 16 554  7 14 FA_T20.jpeg A   1 0 A 0.940288 0 0
 16 555  7 15 FA_T20.jpeg A   1 0 A 0.619378 0 0
 16 556  7 16 FH_T0.jpeg H   5 1 H 0.530860 0 0
 16 557  7 17 FH_T0.jpeg H   5 1 H 3.356253 0 0
 16 558  7 18 FA_T9.jpeg A   4 1 H 3.182980 0 0
 16 559  7 19 FH_T0.jpeg H   5 1 H 0.613474 0 0
 16 560  7 20 FH_T13.jpeg H   2 0 A 3.109560 0 0
 16 561  7 21 FH_T13.jpeg H   2 1 H 5.452115 0 0
 16 562  7 22 FH_T0.jpeg H   5 1 H 1.205508 0 0
 16 563  7 23 FH_T9.jpeg H   4 1 H 1.187818 0 0
 16 564  7 24 FH_T11.jpeg H   3 1 H 1.177438 0 0
 16 565  7 25 FA_T13.jpeg A   2 1 H 1.474790 0 0
 16 566  7 26 FA_T13.jpeg A   2 1 H 1.558778 0 0
 16 567  7 27 FH_T20.jpeg H   1 0 A 0.608920 0 0
 16 568  7 28 FH_T0.jpeg H   5 1 H 1.193370 0 0
 16 569  7 29 FA_T0.jpeg A   5 1 H 1.066650 0 0
 16 570  7 30 FH_T20.jpeg H   1 0 A 1.491798 0 0
 16 571  7 31 FH_T0.jpeg H   5 1 H 1.795787 0 0
 16 572  7 32 FH_T11.jpeg H   3 1 H 1.298461 0 0
 16 573  7 33 FA_T0.jpeg A   5 1 H 0.912672 0 0
 16 574  7 34 FA_T11.jpeg A   3 1 H 0.784672 0 0
 16 575  7 35 FH_T0.jpeg H   5 1 H 0.408887 0 0
 16 576  7 36 FH_T13.jpeg H   2 1 H 2.308949 0 0
 16 577  7 37 FA_T20.jpeg A   1 0 A 2.551527 0 0
 16 578  7 38 FA_T13.jpeg A   2 1 H 2.197570 0 0
 16 579  7 39 FH_T20.jpeg H   1 0 A 1.386513 0 0
 16 580  7 40 FH_T9.jpeg H   4 1 H 0.608411 0 0
 16 581  7 41 FA_T20.jpeg A   1 0 A 0.911912 0 0
 16 582  7 42 FA_T0.jpeg A   5 1 H 2.065289 0 0
 16 583  7 43 FA_T13.jpeg A   2 1 H 1.601821 0 0
 16 584  7 44 FH_T0.jpeg H   5 1 H 3.058158 0 0
 16 585  7 45 FH_T0.jpeg H   5 1 H 1.188240 0 0
 16 586  7 46 FA_T20.jpeg A   1 0 A 5.830527 0 0
 16 587  7 47 FA_T0.jpeg A   5 1 H 6.174224 0 0
 16 588  7 48 FA_T0.jpeg A   5 1 H 3.915514 0 0
 16 589  7 49 FA_T9.jpeg A   4 1 H 0.470341 0 0
 16 590  7 50 FH_T13.jpeg H   2 1 H 5.587923 0 0
 16 591  7 51 FH_T9.jpeg H   4 1 H 0.630205 0 0
 16 592  7 52 FH_T20.jpeg H   1 0 A 2.463551 0 0
 16 593  7 53 FH_T11.jpeg H   3 1 H 3.636426 0 0
 16 594  7 54 FA_T0.jpeg A   5 1 H 3.523820 0 0
 16 595  7 55 FH_T0.jpeg H   5 1 H 1.696086 0 0
 16 596  7 56 FA_T20.jpeg A   1 0 A 2.496296 0 0
 16 597  7 57 FA_T11.jpeg A   3 1 H 14.222345 0 0
 16 598  7 58 FH_T0.jpeg H   5 1 H 2.717224 0 0
 16 599  7 59 FA_T0.jpeg A   5 1 H 2.513697 0 0
 16 600  7 60 FA_T0.jpeg A   5 1 H 7.586731 0 0
 16 601  7 61 FH_T20.jpeg H   1 0 A 3.070066 0 0
 16 602  7 62 FH_T9.jpeg H   4 1 H 3.433672 0 0
 16 603  7 63 FA_T0.jpeg A   5 1 H 6.093507 0 0
 16 604  7 64 FA_T20.jpeg A   1 0 A 3.944462 0 0
 16 605  7 65 FA_T11.jpeg A   3 1 H 4.643849 0 0
 16 606  7 66 FA_T0.jpeg A   5 1 H 3.915216 0 0
 16 607  7 67 FH_T13.jpeg H   2 1 H 3.871094 0 0
 16 608  7 68 FA_T9.jpeg A   4 1 H 8.187744 0 0
 16 609  7 69 FA_T9.jpeg A   4 1 H 1.474914 0 0
 16 610  7 70 FA_T20.jpeg A   1 0 A 1.149785 0 0
 16 611  7 71 FH_T0.jpeg H   5 1 H 0.884054 0 0
 16 612  7 72 FA_T20.jpeg A   1 0 A 2.165993 0 0
 16 613  7 73 FH_T0.jpeg H   5 1 H 2.506616 0 0
 16 614  7 74 FH_T11.jpeg H   3 1 H 0.641334 0 0
 16 615  7 75 FA_T0.jpeg A   5 1 H 0.863341 0 0
 16 616  7 76 FH_T20.jpeg H   1 0 A 0.597168 0 0
 16 617  7 77 FH_T20.jpeg H   1 0 A 0.718866 0 0
 16 618  7 78 FH_T0.jpeg H   5 1 H 8.188747 0 0
 16 619  7 79 FA_T20.jpeg A   1 0 A 2.137633 0 0
 16 620  7 80 FA_T0.jpeg A   5 1 H 4.834176 0 0
 16 621  7 81 FH_T0.jpeg H   5 1 H 1.506519 0 0
 16 622  7 82 FA_T11.jpeg A   3 1 H 3.716847 0 0
 16 623  7 83 FH_T0.jpeg H   5 1 H 3.043209 0 0
 16 624  7 84 FH_T0.jpeg H   5 1 H 1.734433 0 0
 16 625  7 85 FA_T20.jpeg A   1 0 A 2.131378 0 0
 16 626  7 86 FA_T0.jpeg A   5 1 H 1.220777 0 0
 16 627  7 87 FH_T0.jpeg H   5 1 H 3.595340 0 0
 16 628  7 88 FA_T13.jpeg A   2 1 H 8.453862 0 0
 16 629  7 89 FH_T13.jpeg H   2 1 H 1.367189 0 0
 16 630  7 90 FH_T20.jpeg H   1 0 A 0.939483 0 0
 16 631  8  1 FA_T0.jpeg A   5 1 H 3.915830 0 0
 16 632  8  2 FA_T20.jpeg A   1 0 A 0.442691 0 0
 16 633  8  3 FH_T0.jpeg H   5 1 H 0.635875 0 0
 16 634  8  4 FH_T0.jpeg H   5 1 H 0.569756 0 0
 16 635  8  5 FA_T0.jpeg A   5 1 H 2.082045 0 0
 16 636  8  6 FA_T0.jpeg A   5 1 H 0.459072 0 0
 16 637  8  7 FA_T20.jpeg A   1 1 H 0.486969 0 0
 16 638  8  8 FA_T0.jpeg A   5 1 H 0.525186 0 0
 16 639  8  9 FH_T0.jpeg H   5 1 H 0.431704 0 0
 16 640  8 10 FA_T11.jpeg A   3 1 H 0.453374 0 0
 16 641  8 11 FH_T20.jpeg H   1 0 A 0.454144 0 0
 16 642  8 12 FA_T13.jpeg A   2 1 H 0.989483 0 0
 16 643  8 13 FA_T0.jpeg A   5 1 H 0.475787 0 0
 16 644  8 14 FH_T0.jpeg H   5 1 H 0.376641 0 0
 16 645  8 15 FH_T20.jpeg H   1 0 A 0.536557 0 0
 16 646  8 16 FA_T20.jpeg A   1 0 A 0.602995 0 0
 16 647  8 17 FA_T20.jpeg A   1 0 A 0.680281 0 0
 16 648  8 18 FA_T11.jpeg A   3 1 H 0.912096 0 0
 16 649  8 19 FH_T20.jpeg H   1 0 A 0.536779 0 0
 16 650  8 20 FA_T20.jpeg A   1 0 A 0.508669 0 0
 16 651  8 21 FA_T0.jpeg A   5 1 H 0.497725 0 0
 16 652  8 22 FA_T13.jpeg A   2 1 H 0.927897 0 0
 16 653  8 23 FH_T20.jpeg H   1 0 A 0.498338 0 0
 16 654  8 24 FA_T13.jpeg A   2 1 H 0.465124 0 0
 16 655  8 25 FA_T11.jpeg A   3 1 H 0.425842 0 0
 16 656  8 26 FH_T9.jpeg H   4 1 H 0.415030 0 0
 16 657  8 27 FH_T13.jpeg H   2 1 H 0.365344 0 0
 16 658  8 28 FH_T0.jpeg H   5 1 H 0.382091 0 0
 16 659  8 29 FA_T9.jpeg A   4 1 H 0.420541 0 0
 16 660  8 30 FA_T20.jpeg A   1 0 A 0.448091 0 0
 16 661  8 31 FH_T20.jpeg H   1 0 A 2.397184 0 0
 16 662  8 32 FH_T0.jpeg H   5 1 H 0.580380 0 0
 16 663  8 33 FA_T0.jpeg A   5 1 H 1.181958 0 0
 16 664  8 34 FH_T0.jpeg H   5 1 H 0.497985 0 0
 16 665  8 35 FH_T11.jpeg H   3 1 H 0.481527 0 0
 16 666  8 36 FA_T13.jpeg A   2 1 H 0.464345 0 0
 16 667  8 37 FA_T20.jpeg A   1 0 A 0.332501 0 0
 16 668  8 38 FH_T20.jpeg H   1 0 A 0.376625 0 0
 16 669  8 39 FA_T0.jpeg A   5 1 H 0.276653 0 0
 16 670  8 40 FA_T9.jpeg A   4 1 H 0.530466 0 0
 16 671  8 41 FA_T0.jpeg A   5 1 H 0.475507 0 0
 16 672  8 42 FH_T20.jpeg H   1 1 H 0.370761 0 0
 16 673  8 43 FA_T9.jpeg A   4 1 H 0.546830 0 0
 16 674  8 44 FA_T20.jpeg A   1 0 A 0.453892 0 0
 16 675  8 45 FA_T0.jpeg A   5 0 A 0.476000 0 0
 16 676  8 46 FH_T20.jpeg H   1 0 A 0.740605 0 0
 16 677  8 47 FH_T20.jpeg H   1 0 A 0.514607 0 0
 16 678  8 48 FH_T13.jpeg H   2 0 A 0.514741 0 0
 16 679  8 49 FA_T20.jpeg A   1 0 A 0.426114 0 0
 16 680  8 50 FA_T20.jpeg A   1 0 A 0.481993 0 0
 16 681  8 51 FH_T0.jpeg H   5 1 H 0.409736 0 0
 16 682  8 52 FA_T11.jpeg A   3 1 H 0.436883 0 0
 16 683  8 53 FH_T11.jpeg H   3 0 A 0.404030 0 0
 16 684  8 54 FH_T20.jpeg H   1 0 A 0.978088 0 0
 16 685  8 55 FA_T0.jpeg A   5 1 H 0.465233 0 0
 16 686  8 56 FA_T0.jpeg A   5 1 H 0.614045 0 0
 16 687  8 57 FH_T0.jpeg H   5 1 H 0.558691 0 0
 16 688  8 58 FA_T0.jpeg A   5 1 H 0.514809 0 0
 16 689  8 59 FH_T20.jpeg H   1 0 A 0.702425 0 0
 16 690  8 60 FH_T20.jpeg H   1 0 A 0.575139 0 0
 16 691  8 61 FA_T0.jpeg A   5 1 H 0.481155 0 0
 16 692  8 62 FH_T13.jpeg H   2 1 H 0.597202 0 0
 16 693  8 63 FA_T20.jpeg A   1 0 A 0.497753 0 0
 16 694  8 64 FA_T0.jpeg A   5 1 H 0.531597 0 0
 16 695  8 65 FH_T13.jpeg H   2 1 H 0.646683 0 0
 16 696  8 66 FH_T9.jpeg H   4 1 H 0.685266 0 0
 16 697  8 67 FA_T0.jpeg A   5 1 H 0.442383 0 0
 16 698  8 68 FA_T20.jpeg A   1 0 A 0.547043 0 0
 16 699  8 69 FH_T13.jpeg H   2 1 H 0.359760 0 0
 16 700  8 70 FH_T0.jpeg H   5 1 H 0.349038 0 0
 16 701  8 71 FA_T20.jpeg A   1 0 A 0.464612 0 0
 16 702  8 72 FH_T11.jpeg H   3 0 A 0.442384 0 0
 16 703  8 73 FA_T11.jpeg A   3 1 H 0.486549 0 0
 16 704  8 74 FH_T0.jpeg H   5 1 H 0.431393 0 0
 16 705  8 75 FA_T20.jpeg A   1 0 A 0.442838 0 0
 16 706  8 76 FA_T0.jpeg A   5 1 H 0.575299 0 0
 16 707  8 77 FH_T0.jpeg H   5 1 H 0.448405 0 0
 16 708  8 78 FH_T0.jpeg H   5 1 H 0.420675 0 0
 16 709  8 79 FH_T11.jpeg H   3 1 H 0.740559 0 0
 16 710  8 80 FA_T20.jpeg A   1 0 A 0.458825 0 0
 16 711  8 81 FH_T11.jpeg H   3 1 H 1.502343 0 0
 16 712  8 82 FH_T0.jpeg H   5 1 H 0.514256 0 0
 16 713  8 83 FH_T20.jpeg H   1 0 A 0.419919 0 0
 16 714  8 84 FH_T20.jpeg H   1 0 A 0.442708 0 0
 16 715  8 85 FH_T0.jpeg H   5 1 H 0.535987 0 0
 16 716  8 86 FH_T9.jpeg H   4 1 H 0.746805 0 0
 16 717  8 87 FA_T0.jpeg A   5 1 H 0.464931 0 0
 16 718  8 88 FH_T20.jpeg H   1 0 A 0.480969 0 0
 16 719  8 89 FH_T20.jpeg H   1 0 A 0.437546 0 0
 16 720  8 90 FH_T9.jpeg H   4 1 H 1.049821 0 0
