  3   1  1  1 FA_T9.jpeg A   4 1 H 1.694368 0 0
  3   2  1  2 FH_T9.jpeg H   4 1 H 1.234703 0 0
  3   3  1  3 FH_T11.jpeg H   3 0 A 1.698928 0 0
  3   4  1  4 FA_T0.jpeg A   5 1 H 0.720333 0 0
  3   5  1  5 FA_T13.jpeg A   2 0 A 0.892326 0 0
  3   6  1  6 FH_T20.jpeg H   1 0 A 0.588015 0 0
  3   7  1  7 FA_T0.jpeg A   5 1 H 0.642077 0 0
  3   8  1  8 FA_T20.jpeg A   1 0 A 0.703810 0 0
  3   9  1  9 FH_T9.jpeg H   4 1 H 1.102221 0 0
  3  10  1 10 FH_T9.jpeg H   4 1 H 0.819628 0 0
  3  11  1 11 FH_T20.jpeg H   1 0 A 0.488151 0 0
  3  12  1 12 FH_T20.jpeg H   1 0 A 0.504761 0 0
  3  13  1 13 FA_T13.jpeg A   2 0 A 0.945656 0 0
  3  14  1 14 FA_T9.jpeg A   4 1 H 0.597912 0 0
  3  15  1 15 FA_T20.jpeg A   1 0 A 0.499014 0 0
  3  16  1 16 FH_T20.jpeg H   1 0 A 0.537651 0 0
  3  17  1 17 FA_T20.jpeg A   1 0 A 0.404884 0 0
  3  18  1 18 FA_T9.jpeg A   4 1 H 0.481923 0 0
  3  19  1 19 FH_T11.jpeg H   3 1 H 0.958208 0 0
  3  20  1 20 FH_T11.jpeg H   3 1 H 0.680656 0 0
  3  21  1 21 FH_T9.jpeg H   4 1 H 0.531366 0 0
  3  22  1 22 FA_T0.jpeg A   5 1 H 0.537765 0 0
  3  23  1 23 FA_T0.jpeg A   5 1 H 0.416039 0 0
  3  24  1 24 FH_T11.jpeg H   3 0 A 0.592599 0 0
  3  25  1 25 FH_T11.jpeg H   3 0 A 0.376422 0 0
  3  26  1 26 FA_T9.jpeg A   4 1 H 0.514774 0 0
  3  27  1 27 FH_T9.jpeg H   4 0 A 0.449742 0 0
  3  28  1 28 FA_T20.jpeg A   1 0 A 0.537273 0 0
  3  29  1 29 FA_T0.jpeg A   5 1 H 0.565057 0 0
  3  30  1 30 FA_T20.jpeg A   1 0 A 0.448600 0 0
  3  31  1 31 FH_T0.jpeg H   5 1 H 0.481678 0 0
  3  32  1 32 FH_T13.jpeg H   2 0 A 0.431981 0 0
  3  33  1 33 FA_T0.jpeg A   5 1 H 0.616123 0 0
  3  34  1 34 FA_T0.jpeg A   5 1 H 0.614919 0 0
  3  35  1 35 FA_T9.jpeg A   4 1 H 0.471668 0 0
  3  36  1 36 FH_T0.jpeg H   5 1 H 0.426999 0 0
  3  37  1 37 FA_T11.jpeg A   3 0 A 0.482543 0 0
  3  38  1 38 FA_T0.jpeg A   5 1 H 0.437785 0 0
  3  39  1 39 FH_T11.jpeg H   3 0 A 0.415361 0 0
  3  40  1 40 FH_T0.jpeg H   5 1 H 0.404768 0 0
  3  41  1 41 FA_T20.jpeg A   1 0 A 0.421504 0 0
  3  42  1 42 FH_T11.jpeg H   3 0 A 0.433166 0 0
  3  43  1 43 FH_T0.jpeg H   5 1 H 0.448386 0 0
  3  44  1 44 FH_T0.jpeg H   5 1 H 0.544114 0 0
  3  45  1 45 FA_T0.jpeg A   5 1 H 0.438653 0 0
  3  46  1 46 FH_T20.jpeg H   1 1 H 0.277836 0 0
  3  47  1 47 FH_T0.jpeg H   5 1 H 0.581557 0 0
  3  48  1 48 FH_T20.jpeg H   1 0 A 0.559218 0 0
  3  49  1 49 FH_T20.jpeg H   1 0 A 0.443594 0 0
  3  50  1 50 FH_T13.jpeg H   2 0 A 0.874347 0 0
  3  51  1 51 FA_T20.jpeg A   1 0 A 0.531390 0 0
  3  52  1 52 FH_T0.jpeg H   5 1 H 0.526074 0 0
  3  53  1 53 FA_T20.jpeg A   1 0 A 0.427005 0 0
  3  54  1 54 FA_T20.jpeg A   1 0 A 0.609870 0 0
  3  55  1 55 FA_T0.jpeg A   5 1 H 0.680654 0 0
  3  56  1 56 FA_T20.jpeg A   1 0 A 0.377798 0 0
  3  57  1 57 FA_T0.jpeg A   5 1 H 0.542342 0 0
  3  58  1 58 FA_T11.jpeg A   3 1 H 0.797568 0 0
  3  59  1 59 FA_T20.jpeg A   1 0 A 0.575841 0 0
  3  60  1 60 FA_T0.jpeg A   5 1 H 0.548298 0 0
  3  61  1 61 FH_T20.jpeg H   1 0 A 0.542769 0 0
  3  62  1 62 FA_T20.jpeg A   1 0 A 0.459639 0 0
  3  63  1 63 FA_T13.jpeg A   2 0 A 0.891224 0 0
  3  64  1 64 FA_T20.jpeg A   1 0 A 0.575912 0 0
  3  65  1 65 FH_T0.jpeg H   5 1 H 0.576713 0 0
  3  66  1 66 FH_T20.jpeg H   1 0 A 0.493246 0 0
  3  67  1 67 FH_T13.jpeg H   2 0 A 0.829621 0 0
  3  68  1 68 FA_T20.jpeg A   1 0 A 0.658196 0 0
  3  69  1 69 FH_T20.jpeg H   1 0 A 0.548247 0 0
  3  70  1 70 FH_T0.jpeg H   5 1 H 0.580943 0 0
  3  71  1 71 FA_T11.jpeg A   3 0 A 0.736659 0 0
  3  72  1 72 FA_T9.jpeg A   4 0 A 0.752858 0 0
  3  73  1 73 FA_T0.jpeg A   5 1 H 0.602972 0 0
  3  74  1 74 FA_T11.jpeg A   3 0 A 1.117795 0 0
  3  75  1 75 FA_T20.jpeg A   1 0 A 0.504875 0 0
  3  76  1 76 FA_T0.jpeg A   5 1 H 0.984620 0 0
  3  77  1 77 FH_T20.jpeg H   1 0 A 0.597449 0 0
  3  78  1 78 FH_T9.jpeg H   4 1 H 1.194811 0 0
  3  79  1 79 FH_T20.jpeg H   1 0 A 0.591588 0 0
  3  80  1 80 FA_T20.jpeg A   1 0 A 0.564998 0 0
  3  81  1 81 FA_T0.jpeg A   5 1 H 0.631340 0 0
  3  82  1 82 FA_T13.jpeg A   2 0 A 0.930020 0 0
  3  83  1 83 FA_T13.jpeg A   2 0 A 0.620005 0 0
  3  84  1 84 FH_T20.jpeg H   1 0 A 0.553084 0 0
  3  85  1 85 FH_T11.jpeg H   3 0 A 1.244235 0 0
  3  86  1 86 FH_T20.jpeg H   1 0 A 0.560052 0 0
  3  87  1 87 FA_T9.jpeg A   4 0 A 0.936251 0 0
  3  88  1 88 FA_T9.jpeg A   4 1 H 0.737408 0 0
  3  89  1 89 FH_T0.jpeg H   5 1 H 0.835996 0 0
  3  90  1 90 FA_T0.jpeg A   5 1 H 0.681102 0 0
  3  91  2  1 FA_T13.jpeg A   2 0 A 1.061799 0 0
  3  92  2  2 FA_T11.jpeg A   3 0 A 0.862461 0 0
  3  93  2  3 FA_T13.jpeg A   2 0 A 0.697039 0 0
  3  94  2  4 FH_T20.jpeg H   1 0 A 0.630948 0 0
  3  95  2  5 FH_T20.jpeg H   1 0 A 0.497740 0 0
  3  96  2  6 FH_T13.jpeg H   2 0 A 1.481248 0 0
  3  97  2  7 FH_T20.jpeg H   1 0 A 0.531220 0 0
  3  98  2  8 FH_T9.jpeg H   4 1 H 0.830227 0 0
  3  99  2  9 FA_T13.jpeg A   2 0 A 0.839371 0 0
  3 100  2 10 FA_T13.jpeg A   2 0 A 0.785841 0 0
  3 101  2 11 FH_T0.jpeg H   5 1 H 0.625670 0 0
  3 102  2 12 FA_T9.jpeg A   4 1 H 0.862366 0 0
  3 103  2 13 FA_T20.jpeg A   1 0 A 0.614215 0 0
  3 104  2 14 FH_T0.jpeg H   5 1 H 0.608409 0 0
  3 105  2 15 FH_T11.jpeg H   3 0 A 0.636527 0 0
  3 106  2 16 FH_T0.jpeg H   5 1 H 0.991206 0 0
  3 107  2 17 FH_T13.jpeg H   2 0 A 0.834642 0 0
  3 108  2 18 FH_T0.jpeg H   5 1 H 0.659435 0 0
  3 109  2 19 FA_T20.jpeg A   1 0 A 0.624630 0 0
  3 110  2 20 FH_T0.jpeg H   5 1 H 0.781136 0 0
  3 111  2 21 FA_T20.jpeg A   1 0 A 0.758094 0 0
  3 112  2 22 FA_T20.jpeg A   1 0 A 0.692252 0 0
  3 113  2 23 FH_T9.jpeg H   4 1 H 1.379072 0 0
  3 114  2 24 FA_T0.jpeg A   5 1 H 0.769249 0 0
  3 115  2 25 FH_T20.jpeg H   1 0 A 0.680300 0 0
  3 116  2 26 FH_T13.jpeg H   2 0 A 1.116754 0 0
  3 117  2 27 FH_T20.jpeg H   1 0 A 1.066561 0 0
  3 118  2 28 FH_T13.jpeg H   2 0 A 1.637664 0 0
  3 119  2 29 FH_T20.jpeg H   1 0 A 0.979688 0 0
  3 120  2 30 FH_T13.jpeg H   2 0 A 2.785385 0 0
  3 121  2 31 FH_T9.jpeg H   4 1 H 0.952330 0 0
  3 122  2 32 FH_T9.jpeg H   4 1 H 0.707967 0 0
  3 123  2 33 FA_T20.jpeg A   1 0 A 0.962970 0 0
  3 124  2 34 FH_T13.jpeg H   2 0 A 1.205127 0 0
  3 125  2 35 FH_T9.jpeg H   4 1 H 0.803032 0 0
  3 126  2 36 FH_T11.jpeg H   3 0 A 1.089895 0 0
  3 127  2 37 FA_T20.jpeg A   1 0 A 0.619374 0 0
  3 128  2 38 FA_T0.jpeg A   5 1 H 0.669217 0 0
  3 129  2 39 FA_T0.jpeg A   5 1 H 0.658324 0 0
  3 130  2 40 FA_T9.jpeg A   4 1 H 1.099860 0 0
  3 131  2 41 FH_T20.jpeg H   1 0 A 0.625706 0 0
  3 132  2 42 FH_T20.jpeg H   1 0 A 0.757591 0 0
  3 133  2 43 FH_T20.jpeg H   1 0 A 0.696739 0 0
  3 134  2 44 FH_T20.jpeg H   1 0 A 0.674938 0 0
  3 135  2 45 FA_T20.jpeg A   1 0 A 1.111435 0 0
  3 136  2 46 FH_T13.jpeg H   2 0 A 1.245262 0 0
  3 137  2 47 FA_T20.jpeg A   1 0 A 1.017831 0 0
  3 138  2 48 FH_T0.jpeg H   5 1 H 0.604216 0 0
  3 139  2 49 FA_T11.jpeg A   3 1 H 1.635028 0 0
  3 140  2 50 FA_T20.jpeg A   1 0 A 0.664492 0 0
  3 141  2 51 FH_T20.jpeg H   1 0 A 0.691609 0 0
  3 142  2 52 FA_T20.jpeg A   1 0 A 0.741438 0 0
  3 143  2 53 FA_T20.jpeg A   1 0 A 0.575271 0 0
  3 144  2 54 FH_T20.jpeg H   1 0 A 0.664144 0 0
  3 145  2 55 FH_T20.jpeg H   1 0 A 0.757602 0 0
  3 146  2 56 FA_T20.jpeg A   1 0 A 0.702811 0 0
  3 147  2 57 FH_T20.jpeg H   1 0 A 0.702706 0 0
  3 148  2 58 FH_T13.jpeg H   2 0 A 0.901426 0 0
  3 149  2 59 FA_T20.jpeg A   1 0 A 0.658383 0 0
  3 150  2 60 FA_T13.jpeg A   2 0 A 0.824646 0 0
  3 151  2 61 FA_T11.jpeg A   3 1 H 1.116378 0 0
  3 152  2 62 FA_T0.jpeg A   5 1 H 0.575195 0 0
  3 153  2 63 FH_T20.jpeg H   1 0 A 0.603207 0 0
  3 154  2 64 FA_T0.jpeg A   5 1 H 0.619975 0 0
  3 155  2 65 FA_T11.jpeg A   3 1 H 0.852372 0 0
  3 156  2 66 FA_T0.jpeg A   5 1 H 0.631900 0 0
  3 157  2 67 FA_T0.jpeg A   5 1 H 0.591737 0 0
  3 158  2 68 FH_T20.jpeg H   1 0 A 0.558718 0 0
  3 159  2 69 FH_T13.jpeg H   2 0 A 1.024007 0 0
  3 160  2 70 FA_T20.jpeg A   1 0 A 0.632271 0 0
  3 161  2 71 FA_T9.jpeg A   4 1 H 0.852013 0 0
  3 162  2 72 FH_T0.jpeg H   5 1 H 0.658404 0 0
  3 163  2 73 FH_T20.jpeg H   1 0 A 0.591568 0 0
  3 164  2 74 FH_T0.jpeg H   5 1 H 0.691361 0 0
  3 165  2 75 FH_T13.jpeg H   2 0 A 1.001639 0 0
  3 166  2 76 FH_T0.jpeg H   5 1 H 0.536262 0 0
  3 167  2 77 FA_T13.jpeg A   2 0 A 0.801764 0 0
  3 168  2 78 FH_T0.jpeg H   5 1 H 0.725127 0 0
  3 169  2 79 FH_T20.jpeg H   1 0 A 0.542301 0 0
  3 170  2 80 FA_T9.jpeg A   4 1 H 0.901716 0 0
  3 171  2 81 FA_T20.jpeg A   1 0 A 0.608367 0 0
  3 172  2 82 FH_T20.jpeg H   1 0 A 0.653524 0 0
  3 173  2 83 FH_T13.jpeg H   2 0 A 1.658814 0 0
  3 174  2 84 FA_T0.jpeg A   5 1 H 0.708063 0 0
  3 175  2 85 FA_T20.jpeg A   1 0 A 0.751852 0 0
  3 176  2 86 FA_T20.jpeg A   1 0 A 0.591995 0 0
  3 177  2 87 FH_T11.jpeg H   3 0 A 2.198296 0 0
  3 178  2 88 FH_T9.jpeg H   4 0 A 2.030180 0 0
  3 179  2 89 FA_T20.jpeg A   1 0 A 0.591726 0 0
  3 180  2 90 FA_T0.jpeg A   5 1 H 0.564094 0 0
  3 181  3  1 FH_T0.jpeg H   5 1 H 0.625296 0 0
  3 182  3  2 FA_T0.jpeg A   5 1 H 0.603275 0 0
  3 183  3  3 FA_T0.jpeg A   5 1 H 0.536343 0 0
  3 184  3  4 FH_T0.jpeg H   5 1 H 0.470692 0 0
  3 185  3  5 FH_T13.jpeg H   2 0 A 0.515802 0 0
  3 186  3  6 FA_T20.jpeg A   1 0 A 0.454556 0 0
  3 187  3  7 FA_T0.jpeg A   5 1 H 0.598287 0 0
  3 188  3  8 FA_T20.jpeg A   1 0 A 0.509374 0 0
  3 189  3  9 FA_T20.jpeg A   1 0 A 0.509491 0 0
  3 190  3 10 FH_T0.jpeg H   5 1 H 0.487964 0 0
  3 191  3 11 FA_T20.jpeg A   1 0 A 0.752118 0 0
  3 192  3 12 FA_T0.jpeg A   5 1 H 0.487145 0 0
  3 193  3 13 FA_T13.jpeg A   2 0 A 0.790511 0 0
  3 194  3 14 FA_T13.jpeg A   2 0 A 0.702350 0 0
  3 195  3 15 FH_T0.jpeg H   5 1 H 0.514097 0 0
  3 196  3 16 FA_T0.jpeg A   5 1 H 0.421611 0 0
  3 197  3 17 FH_T11.jpeg H   3 0 A 1.101243 0 0
  3 198  3 18 FH_T9.jpeg H   4 1 H 1.327826 0 0
  3 199  3 19 FH_T20.jpeg H   1 0 A 0.525312 0 0
  3 200  3 20 FA_T20.jpeg A   1 0 A 0.449114 0 0
  3 201  3 21 FA_T11.jpeg A   3 1 H 0.935754 0 0
  3 202  3 22 FA_T13.jpeg A   2 1 H 0.585754 0 0
  3 203  3 23 FH_T20.jpeg H   1 0 A 0.559545 0 0
  3 204  3 24 FA_T0.jpeg A   5 1 H 0.503853 0 0
  3 205  3 25 FH_T20.jpeg H   1 0 A 0.488370 0 0
  3 206  3 26 FH_T0.jpeg H   5 1 H 0.520462 0 0
  3 207  3 27 FH_T20.jpeg H   1 0 A 0.393187 0 0
  3 208  3 28 FA_T11.jpeg A   3 1 H 1.753251 0 0
  3 209  3 29 FH_T13.jpeg H   2 0 A 0.680453 0 0
  3 210  3 30 FA_T0.jpeg A   5 1 H 0.525888 0 0
  3 211  3 31 FA_T9.jpeg A   4 1 H 0.697121 0 0
  3 212  3 32 FH_T0.jpeg H   5 1 H 0.553801 0 0
  3 213  3 33 FA_T0.jpeg A   5 1 H 0.564248 0 0
  3 214  3 34 FH_T20.jpeg H   1 0 A 0.442450 0 0
  3 215  3 35 FH_T13.jpeg H   2 0 A 0.731738 0 0
  3 216  3 36 FH_T0.jpeg H   5 1 H 0.514653 0 0
  3 217  3 37 FA_T0.jpeg A   5 1 H 0.586264 0 0
  3 218  3 38 FA_T11.jpeg A   3 1 H 2.253600 0 0
  3 219  3 39 FH_T11.jpeg H   3 1 H 1.582212 0 0
  3 220  3 40 FH_T20.jpeg H   1 0 A 0.598259 0 0
  3 221  3 41 FH_T20.jpeg H   1 0 A 0.581477 0 0
  3 222  3 42 FH_T20.jpeg H   1 0 A 0.498363 0 0
  3 223  3 43 FH_T13.jpeg H   2 0 A 0.812856 0 0
  3 224  3 44 FH_T0.jpeg H   5 1 H 1.565047 0 0
  3 225  3 45 FA_T11.jpeg A   3 1 H 1.455216 0 0
  3 226  3 46 FH_T0.jpeg H   5 1 H 0.543700 0 0
  3 227  3 47 FH_T0.jpeg H   5 1 H 0.531488 0 0
  3 228  3 48 FH_T11.jpeg H   3 0 A 1.405153 0 0
  3 229  3 49 FA_T0.jpeg A   5 1 H 0.598969 0 0
  3 230  3 50 FA_T11.jpeg A   3 1 H 1.865249 0 0
  3 231  3 51 FA_T13.jpeg A   2 0 A 1.090077 0 0
  3 232  3 52 FH_T9.jpeg H   4 0 A 1.566675 0 0
  3 233  3 53 FH_T20.jpeg H   1 0 A 0.713735 0 0
  3 234  3 54 FA_T20.jpeg A   1 0 A 0.548153 0 0
  3 235  3 55 FA_T0.jpeg A   5 1 H 0.591852 0 0
  3 236  3 56 FH_T20.jpeg H   1 0 A 0.558654 0 0
  3 237  3 57 FH_T0.jpeg H   5 1 H 0.575764 0 0
  3 238  3 58 FH_T0.jpeg H   5 1 H 0.670037 0 0
  3 239  3 59 FH_T20.jpeg H   1 0 A 0.476288 0 0
  3 240  3 60 FA_T13.jpeg A   2 1 H 0.709266 0 0
  3 241  3 61 FH_T20.jpeg H   1 0 A 0.647978 0 0
  3 242  3 62 FA_T0.jpeg A   5 1 H 0.509691 0 0
  3 243  3 63 FH_T11.jpeg H   3 0 A 0.426169 0 0
  3 244  3 64 FH_T0.jpeg H   5 1 H 0.564645 0 0
  3 245  3 65 FH_T20.jpeg H   1 0 A 0.404591 0 0
  3 246  3 66 FA_T20.jpeg A   1 0 A 0.482190 0 0
  3 247  3 67 FA_T0.jpeg A   5 1 H 0.502959 0 0
  3 248  3 68 FA_T9.jpeg A   4 1 H 1.390139 0 0
  3 249  3 69 FH_T13.jpeg H   2 0 A 0.631326 0 0
  3 250  3 70 FH_T0.jpeg H   5 1 H 0.586361 0 0
  3 251  3 71 FH_T20.jpeg H   1 0 A 0.564499 0 0
  3 252  3 72 FA_T0.jpeg A   5 1 H 0.603652 0 0
  3 253  3 73 FA_T13.jpeg A   2 0 A 0.973444 0 0
  3 254  3 74 FH_T20.jpeg H   1 0 A 0.763794 0 0
  3 255  3 75 FH_T0.jpeg H   5 1 H 0.437239 0 0
  3 256  3 76 FA_T20.jpeg A   1 0 A 0.509115 0 0
  3 257  3 77 FH_T11.jpeg H   3 0 A 2.118755 0 0
  3 258  3 78 FA_T9.jpeg A   4 1 H 1.675303 0 0
  3 259  3 79 FH_T20.jpeg H   1 0 A 0.791831 0 0
  3 260  3 80 FA_T20.jpeg A   1 0 A 0.796322 0 0
  3 261  3 81 FA_T20.jpeg A   1 0 A 0.426328 0 0
  3 262  3 82 FA_T20.jpeg A   1 0 A 0.438001 0 0
  3 263  3 83 FH_T0.jpeg H   5 1 H 0.487205 0 0
  3 264  3 84 FA_T0.jpeg A   5 1 H 0.675646 0 0
  3 265  3 85 FA_T20.jpeg A   1 0 A 0.538004 0 0
  3 266  3 86 FH_T0.jpeg H   5 1 H 0.531348 0 0
  3 267  3 87 FH_T20.jpeg H   1 0 A 0.542338 0 0
  3 268  3 88 FA_T20.jpeg A   1 0 A 0.564819 0 0
  3 269  3 89 FA_T20.jpeg A   1 0 A 0.427087 0 0
  3 270  3 90 FA_T0.jpeg A   5 1 H 0.559358 0 0
  3 271  4  1 FH_T0.jpeg H   5 1 H 1.858464 0 0
  3 272  4  2 FH_T0.jpeg H   5 1 H 0.575862 0 0
  3 273  4  3 FH_T20.jpeg H   1 0 A 0.459395 0 0
  3 274  4  4 FH_T0.jpeg H   5 1 H 0.448357 0 0
  3 275  4  5 FA_T0.jpeg A   5 1 H 0.714152 0 0
  3 276  4  6 FA_T11.jpeg A   3 0 A 0.476455 0 0
  3 277  4  7 FA_T13.jpeg A   2 0 A 0.514054 0 0
  3 278  4  8 FH_T0.jpeg H   5 1 H 0.422025 0 0
  3 279  4  9 FH_T0.jpeg H   5 1 H 0.437116 0 0
  3 280  4 10 FH_T20.jpeg H   1 0 A 0.383386 0 0
  3 281  4 11 FA_T9.jpeg A   4 1 H 0.736610 0 0
  3 282  4 12 FH_T20.jpeg H   1 0 A 0.442731 0 0
  3 283  4 13 FA_T20.jpeg A   1 0 A 0.426095 0 0
  3 284  4 14 FA_T20.jpeg A   1 0 A 0.487412 0 0
  3 285  4 15 FH_T0.jpeg H   5 1 H 0.499119 0 0
  3 286  4 16 FH_T20.jpeg H   1 0 A 0.576616 0 0
  3 287  4 17 FH_T13.jpeg H   2 0 A 0.780108 0 0
  3 288  4 18 FH_T0.jpeg H   5 1 H 0.536787 0 0
  3 289  4 19 FA_T20.jpeg A   1 0 A 0.443501 0 0
  3 290  4 20 FA_T0.jpeg A   5 1 H 0.503269 0 0
  3 291  4 21 FH_T20.jpeg H   1 0 A 0.382433 0 0
  3 292  4 22 FA_T0.jpeg A   5 1 H 0.525785 0 0
  3 293  4 23 FA_T0.jpeg A   5 1 H 0.503841 0 0
  3 294  4 24 FA_T11.jpeg A   3 1 H 1.470183 0 0
  3 295  4 25 FH_T20.jpeg H   1 0 A 0.431867 0 0
  3 296  4 26 FH_T9.jpeg H   4 1 H 4.143159 0 0
  3 297  4 27 FH_T11.jpeg H   3 1 H 1.611925 0 0
  3 298  4 28 FA_T0.jpeg A   5 1 H 0.720488 0 0
  3 299  4 29 FA_T0.jpeg A   5 1 H 0.559386 0 0
  3 300  4 30 FA_T9.jpeg A   4 1 H 0.747165 0 0
  3 301  4 31 FA_T0.jpeg A   5 1 H 0.471230 0 0
  3 302  4 32 FH_T20.jpeg H   1 0 A 0.453957 0 0
  3 303  4 33 FH_T9.jpeg H   4 1 H 1.853009 0 0
  3 304  4 34 FA_T0.jpeg A   5 1 H 0.582227 0 0
  3 305  4 35 FA_T20.jpeg A   1 0 A 0.481664 0 0
  3 306  4 36 FA_T13.jpeg A   2 0 A 0.984318 0 0
  3 307  4 37 FA_T13.jpeg A   2 0 A 0.652195 0 0
  3 308  4 38 FA_T9.jpeg A   4 1 H 0.636500 0 0
  3 309  4 39 FA_T20.jpeg A   1 0 A 0.581242 0 0
  3 310  4 40 FA_T20.jpeg A   1 0 A 0.421343 0 0
  3 311  4 41 FH_T20.jpeg H   1 0 A 0.586264 0 0
  3 312  4 42 FA_T20.jpeg A   1 0 A 0.503736 0 0
  3 313  4 43 FH_T0.jpeg H   5 1 H 1.017146 0 0
  3 314  4 44 FH_T0.jpeg H   5 1 H 0.525263 0 0
  3 315  4 45 FA_T20.jpeg A   1 0 A 0.460113 0 0
  3 316  4 46 FA_T0.jpeg A   5 1 H 0.620123 0 0
  3 317  4 47 FA_T11.jpeg A   3 1 H 0.978566 0 0
  3 318  4 48 FH_T11.jpeg H   3 0 A 3.471895 0 0
  3 319  4 49 FA_T20.jpeg A   1 0 A 0.620133 0 0
  3 320  4 50 FH_T0.jpeg H   5 1 H 0.492676 0 0
  3 321  4 51 FA_T20.jpeg A   1 0 A 0.426908 0 0
  3 322  4 52 FH_T20.jpeg H   1 0 A 0.531794 0 0
  3 323  4 53 FA_T20.jpeg A   1 0 A 0.742021 0 0
  3 324  4 54 FH_T9.jpeg H   4 1 H 0.470203 0 0
  3 325  4 55 FA_T11.jpeg A   3 1 H 4.130668 0 0
  3 326  4 56 FA_T11.jpeg A   3 1 H 1.206360 0 0
  3 327  4 57 FH_T9.jpeg H   4 1 H 0.570314 0 0
  3 328  4 58 FA_T0.jpeg A   5 1 H 0.630728 0 0
  3 329  4 59 FH_T20.jpeg H   1 0 A 0.442983 0 0
  3 330  4 60 FH_T0.jpeg H   5 1 H 0.531355 0 0
  3 331  4 61 FH_T20.jpeg H   1 0 A 0.410530 0 0
  3 332  4 62 FA_T11.jpeg A   3 1 H 0.670273 0 0
  3 333  4 63 FA_T9.jpeg A   4 1 H 0.510063 0 0
  3 334  4 64 FA_T11.jpeg A   3 0 A 0.586911 0 0
  3 335  4 65 FA_T0.jpeg A   5 1 H 0.543084 0 0
  3 336  4 66 FH_T0.jpeg H   5 1 H 0.481164 0 0
  3 337  4 67 FH_T20.jpeg H   1 0 A 0.503698 0 0
  3 338  4 68 FH_T20.jpeg H   1 0 A 0.365582 0 0
  3 339  4 69 FA_T20.jpeg A   1 0 A 0.459830 0 0
  3 340  4 70 FH_T0.jpeg H   5 1 H 0.515178 0 0
  3 341  4 71 FH_T0.jpeg H   5 1 H 0.399054 0 0
  3 342  4 72 FA_T20.jpeg A   1 0 A 0.371385 0 0
  3 343  4 73 FH_T20.jpeg H   1 0 A 0.343257 0 0
  3 344  4 74 FH_T20.jpeg H   1 0 A 0.525743 0 0
  3 345  4 75 FA_T13.jpeg A   2 0 A 3.240036 0 0
  3 346  4 76 FH_T9.jpeg H   4 1 H 0.770431 0 0
  3 347  4 77 FH_T0.jpeg H   5 1 H 0.493345 0 0
  3 348  4 78 FA_T9.jpeg A   4 1 H 1.420985 0 0
  3 349  4 79 FH_T11.jpeg H   3 0 A 0.575955 0 0
  3 350  4 80 FH_T0.jpeg H   5 1 H 0.846840 0 0
  3 351  4 81 FH_T0.jpeg H   5 1 H 0.531390 0 0
  3 352  4 82 FA_T0.jpeg A   5 1 H 0.614580 0 0
  3 353  4 83 FA_T11.jpeg A   3 0 A 1.029654 0 0
  3 354  4 84 FH_T20.jpeg H   1 0 A 0.487860 0 0
  3 355  4 85 FH_T20.jpeg H   1 0 A 0.443477 0 0
  3 356  4 86 FH_T11.jpeg H   3 0 A 0.923778 0 0
  3 357  4 87 FA_T0.jpeg A   5 1 H 0.669372 0 0
  3 358  4 88 FA_T13.jpeg A   2 0 A 0.774908 0 0
  3 359  4 89 FH_T0.jpeg H   5 1 H 0.603689 0 0
  3 360  4 90 FA_T20.jpeg A   1 0 A 0.354684 0 0
  3 361  5  1 FH_T0.jpeg H   5 1 H 0.503862 0 0
  3 362  5  2 FA_T20.jpeg A   1 0 A 0.438128 0 0
  3 363  5  3 FA_T0.jpeg A   5 1 H 0.530909 0 0
  3 364  5  4 FA_T9.jpeg A   4 1 H 0.929760 0 0
  3 365  5  5 FA_T13.jpeg A   2 0 A 0.846064 0 0
  3 366  5  6 FH_T0.jpeg H   5 1 H 0.498293 0 0
  3 367  5  7 FH_T0.jpeg H   5 1 H 0.465053 0 0
  3 368  5  8 FA_T20.jpeg A   1 0 A 0.570312 0 0
  3 369  5  9 FH_T13.jpeg H   2 0 A 0.708793 0 0
  3 370  5 10 FA_T20.jpeg A   1 0 A 0.676390 0 0
  3 371  5 11 FA_T11.jpeg A   3 1 H 7.217967 0 0
  3 372  5 12 FH_T9.jpeg H   4 1 H 0.681901 0 0
  3 373  5 13 FH_T20.jpeg H   1 0 A 0.476439 0 0
  3 374  5 14 FH_T0.jpeg H   5 1 H 0.564325 0 0
  3 375  5 15 FH_T0.jpeg H   5 1 H 0.564067 0 0
  3 376  5 16 FA_T0.jpeg A   5 1 H 0.488061 0 0
  3 377  5 17 FA_T20.jpeg A   1 0 A 0.476322 0 0
  3 378  5 18 FA_T0.jpeg A   5 1 H 0.459743 0 0
  3 379  5 19 FA_T0.jpeg A   5 1 H 0.482403 0 0
  3 380  5 20 FH_T9.jpeg H   4 1 H 1.244990 0 0
  3 381  5 21 FH_T0.jpeg H   5 1 H 0.569899 0 0
  3 382  5 22 FA_T13.jpeg A   2 0 A 0.715156 0 0
  3 383  5 23 FH_T11.jpeg H   3 0 A 0.665990 0 0
  3 384  5 24 FA_T20.jpeg A   1 0 A 0.442856 0 0
  3 385  5 25 FH_T13.jpeg H   2 0 A 0.459024 0 0
  3 386  5 26 FH_T13.jpeg H   2 0 A 0.410480 0 0
  3 387  5 27 FH_T13.jpeg H   2 0 A 0.581304 0 0
  3 388  5 28 FA_T13.jpeg A   2 0 A 1.504138 0 0
  3 389  5 29 FA_T11.jpeg A   3 1 H 0.827134 0 0
  3 390  5 30 FH_T0.jpeg H   5 1 H 0.559330 0 0
  3 391  5 31 FA_T0.jpeg A   5 1 H 0.553749 0 0
  3 392  5 32 FH_T0.jpeg H   5 1 H 0.493308 0 0
  3 393  5 33 FA_T20.jpeg A   1 0 A 0.531429 0 0
  3 394  5 34 FH_T9.jpeg H   4 1 H 0.841037 0 0
  3 395  5 35 FH_T0.jpeg H   5 1 H 0.471902 0 0
  3 396  5 36 FA_T11.jpeg A   3 1 H 0.973609 0 0
  3 397  5 37 FH_T0.jpeg H   5 1 H 0.548155 0 0
  3 398  5 38 FH_T20.jpeg H   1 1 H 0.394292 0 0
  3 399  5 39 FA_T20.jpeg A   1 0 A 0.476307 0 0
  3 400  5 40 FA_T0.jpeg A   5 1 H 0.875456 0 0
  3 401  5 41 FA_T20.jpeg A   1 0 A 0.620117 0 0
  3 402  5 42 FH_T0.jpeg H   5 1 H 0.543044 0 0
  3 403  5 43 FH_T9.jpeg H   4 1 H 0.830326 0 0
  3 404  5 44 FH_T11.jpeg H   3 0 A 1.906812 0 0
  3 405  5 45 FA_T20.jpeg A   1 0 A 1.084096 0 0
  3 406  5 46 FA_T0.jpeg A   5 1 H 0.630234 0 0
  3 407  5 47 FA_T9.jpeg A   4 1 H 1.503246 0 0
  3 408  5 48 FA_T20.jpeg A   1 0 A 0.680315 0 0
  3 409  5 49 FA_T20.jpeg A   1 0 A 0.624946 0 0
  3 410  5 50 FH_T0.jpeg H   5 1 H 0.747464 0 0
  3 411  5 51 FA_T11.jpeg A   3 1 H 0.819763 0 0
  3 412  5 52 FH_T9.jpeg H   4 1 H 0.917243 0 0
  3 413  5 53 FH_T0.jpeg H   5 1 H 0.924019 0 0
  3 414  5 54 FA_T20.jpeg A   1 0 A 0.488521 0 0
  3 415  5 55 FH_T0.jpeg H   5 1 H 0.613949 0 0
  3 416  5 56 FA_T20.jpeg A   1 0 A 0.404478 0 0
  3 417  5 57 FA_T9.jpeg A   4 1 H 0.503818 0 0
  3 418  5 58 FA_T11.jpeg A   3 1 H 0.841276 0 0
  3 419  5 59 FA_T9.jpeg A   4 1 H 0.580803 0 0
  3 420  5 60 FA_T20.jpeg A   1 0 A 0.415679 0 0
  3 421  5 61 FA_T0.jpeg A   5 1 H 0.520272 0 0
  3 422  5 62 FA_T13.jpeg A   2 0 A 0.807689 0 0
  3 423  5 63 FA_T20.jpeg A   1 0 A 0.891710 0 0
  3 424  5 64 FH_T9.jpeg H   4 1 H 0.657840 0 0
  3 425  5 65 FA_T0.jpeg A   5 1 H 0.636204 0 0
  3 426  5 66 FA_T0.jpeg A   5 1 H 0.753449 0 0
  3 427  5 67 FH_T9.jpeg H   4 1 H 0.630114 0 0
  3 428  5 68 FH_T20.jpeg H   1 0 A 0.465155 0 0
  3 429  5 69 FA_T13.jpeg A   2 0 A 0.796597 0 0
  3 430  5 70 FH_T0.jpeg H   5 1 H 0.404102 0 0
  3 431  5 71 FA_T20.jpeg A   1 0 A 0.465772 0 0
  3 432  5 72 FH_T0.jpeg H   5 1 H 0.465159 0 0
  3 433  5 73 FA_T0.jpeg A   5 1 H 0.670184 0 0
  3 434  5 74 FH_T20.jpeg H   1 0 A 0.663880 0 0
  3 435  5 75 FH_T0.jpeg H   5 1 H 0.537730 0 0
  3 436  5 76 FA_T0.jpeg A   5 1 H 0.586846 0 0
  3 437  5 77 FH_T0.jpeg H   5 1 H 0.648092 0 0
  3 438  5 78 FA_T0.jpeg A   5 1 H 0.652226 0 0
  3 439  5 79 FA_T11.jpeg A   3 1 H 0.498420 0 0
  3 440  5 80 FA_T0.jpeg A   5 0 A 0.388361 0 0
  3 441  5 81 FH_T11.jpeg H   3 0 A 0.515381 0 0
  3 442  5 82 FA_T0.jpeg A   5 1 H 0.613758 0 0
  3 443  5 83 FA_T0.jpeg A   5 1 H 0.580872 0 0
  3 444  5 84 FH_T20.jpeg H   1 0 A 0.481173 0 0
  3 445  5 85 FH_T11.jpeg H   3 0 A 1.395451 0 0
  3 446  5 86 FA_T20.jpeg A   1 0 A 0.569825 0 0
  3 447  5 87 FA_T11.jpeg A   3 0 A 1.100234 0 0
  3 448  5 88 FH_T13.jpeg H   2 0 A 1.481412 0 0
  3 449  5 89 FH_T20.jpeg H   1 0 A 0.538329 0 0
  3 450  5 90 FH_T0.jpeg H   5 1 H 0.481702 0 0
  3 451  6  1 FH_T13.jpeg H   2 0 A 1.658690 0 0
  3 452  6  2 FA_T20.jpeg A   1 0 A 0.530845 0 0
  3 453  6  3 FA_T13.jpeg A   2 0 A 0.681141 0 0
  3 454  6  4 FH_T0.jpeg H   5 1 H 0.432734 0 0
  3 455  6  5 FH_T20.jpeg H   1 0 A 0.593987 0 0
  3 456  6  6 FA_T0.jpeg A   5 1 H 0.548243 0 0
  3 457  6  7 FH_T20.jpeg H   1 0 A 0.553707 0 0
  3 458  6  8 FA_T0.jpeg A   5 1 H 0.758339 0 0
  3 459  6  9 FA_T11.jpeg A   3 1 H 0.519941 0 0
  3 460  6 10 FA_T20.jpeg A   1 0 A 0.521051 0 0
  3 461  6 11 FA_T20.jpeg A   1 0 A 0.758105 0 0
  3 462  6 12 FA_T20.jpeg A   1 0 A 0.699208 0 0
  3 463  6 13 FA_T0.jpeg A   5 1 H 0.620776 0 0
  3 464  6 14 FH_T13.jpeg H   2 0 A 1.261576 0 0
  3 465  6 15 FH_T20.jpeg H   1 0 A 0.470786 0 0
  3 466  6 16 FH_T20.jpeg H   1 0 A 0.505286 0 0
  3 467  6 17 FA_T0.jpeg A   5 1 H 0.604134 0 0
  3 468  6 18 FA_T20.jpeg A   1 0 A 0.719273 0 0
  3 469  6 19 FH_T20.jpeg H   1 0 A 0.608976 0 0
  3 470  6 20 FA_T9.jpeg A   4 1 H 1.023026 0 0
  3 471  6 21 FH_T9.jpeg H   4 1 H 0.841128 0 0
  3 472  6 22 FA_T9.jpeg A   4 1 H 0.653539 0 0
  3 473  6 23 FH_T13.jpeg H   2 0 A 0.691647 0 0
  3 474  6 24 FA_T11.jpeg A   3 0 A 1.062337 0 0
  3 475  6 25 FH_T0.jpeg H   5 1 H 0.681014 0 0
  3 476  6 26 FA_T0.jpeg A   5 0 A 0.498409 0 0
  3 477  6 27 FA_T13.jpeg A   2 0 A 0.798067 0 0
  3 478  6 28 FA_T9.jpeg A   4 1 H 0.779509 0 0
  3 479  6 29 FA_T0.jpeg A   5 1 H 0.519753 0 0
  3 480  6 30 FH_T20.jpeg H   1 0 A 1.223861 0 0
  3 481  6 31 FA_T0.jpeg A   5 1 H 0.586970 0 0
  3 482  6 32 FH_T20.jpeg H   1 0 A 0.693528 0 0
  3 483  6 33 FA_T0.jpeg A   5 1 H 0.520219 0 0
  3 484  6 34 FA_T13.jpeg A   2 0 A 0.664148 0 0
  3 485  6 35 FH_T20.jpeg H   1 0 A 0.599007 0 0
  3 486  6 36 FA_T20.jpeg A   1 0 A 0.487409 0 0
  3 487  6 37 FH_T11.jpeg H   3 1 H 1.007939 0 0
  3 488  6 38 FH_T0.jpeg H   5 1 H 0.708747 0 0
  3 489  6 39 FH_T20.jpeg H   1 0 A 0.996501 0 0
  3 490  6 40 FH_T0.jpeg H   5 1 H 0.532115 0 0
  3 491  6 41 FH_T11.jpeg H   3 1 H 3.175135 0 0
  3 492  6 42 FA_T0.jpeg A   5 1 H 0.613880 0 0
  3 493  6 43 FH_T9.jpeg H   4 1 H 1.150164 0 0
  3 494  6 44 FA_T0.jpeg A   5 1 H 0.609150 0 0
  3 495  6 45 FH_T0.jpeg H   5 1 H 0.625709 0 0
  3 496  6 46 FH_T0.jpeg H   5 1 H 0.521199 0 0
  3 497  6 47 FH_T13.jpeg H   2 0 A 0.775309 0 0
  3 498  6 48 FA_T20.jpeg A   1 0 A 0.642276 0 0
  3 499  6 49 FA_T0.jpeg A   5 1 H 0.497860 0 0
  3 500  6 50 FA_T20.jpeg A   1 0 A 0.763865 0 0
  3 501  6 51 FA_T20.jpeg A   1 0 A 0.426848 0 0
  3 502  6 52 FH_T9.jpeg H   4 1 H 1.293953 0 0
  3 503  6 53 FH_T20.jpeg H   1 0 A 0.581222 0 0
  3 504  6 54 FH_T11.jpeg H   3 0 A 1.780987 0 0
  3 505  6 55 FA_T13.jpeg A   2 0 A 0.890177 0 0
  3 506  6 56 FA_T20.jpeg A   1 0 A 0.714018 0 0
  3 507  6 57 FA_T9.jpeg A   4 1 H 0.774995 0 0
  3 508  6 58 FA_T20.jpeg A   1 0 A 0.647139 0 0
  3 509  6 59 FA_T20.jpeg A   1 0 A 1.260832 0 0
  3 510  6 60 FH_T13.jpeg H   2 0 A 0.719749 0 0
  3 511  6 61 FA_T20.jpeg A   1 0 A 0.515302 0 0
  3 512  6 62 FA_T0.jpeg A   5 1 H 0.746965 0 0
  3 513  6 63 FA_T0.jpeg A   5 1 H 0.564858 0 0
  3 514  6 64 FH_T20.jpeg H   1 0 A 0.532227 0 0
  3 515  6 65 FA_T13.jpeg A   2 1 H 0.869312 0 0
  3 516  6 66 FA_T0.jpeg A   5 1 H 0.465329 0 0
  3 517  6 67 FA_T0.jpeg A   5 1 H 0.492704 0 0
  3 518  6 68 FA_T11.jpeg A   3 0 A 0.691516 0 0
  3 519  6 69 FH_T13.jpeg H   2 0 A 0.576548 0 0
  3 520  6 70 FH_T0.jpeg H   5 1 H 0.398616 0 0
  3 521  6 71 FA_T0.jpeg A   5 1 H 0.377053 0 0
  3 522  6 72 FA_T0.jpeg A   5 1 H 0.415128 0 0
  3 523  6 73 FA_T20.jpeg A   1 0 A 0.571745 0 0
  3 524  6 74 FH_T20.jpeg H   1 0 A 0.613439 0 0
  3 525  6 75 FH_T0.jpeg H   5 1 H 0.487789 0 0
  3 526  6 76 FH_T0.jpeg H   5 1 H 0.442351 0 0
  3 527  6 77 FA_T9.jpeg A   4 1 H 0.569726 0 0
  3 528  6 78 FH_T0.jpeg H   5 1 H 0.537051 0 0
  3 529  6 79 FA_T20.jpeg A   1 0 A 0.493236 0 0
  3 530  6 80 FH_T0.jpeg H   5 1 H 0.443064 0 0
  3 531  6 81 FA_T20.jpeg A   1 0 A 0.680821 0 0
  3 532  6 82 FH_T0.jpeg H   5 1 H 0.453554 0 0
  3 533  6 83 FH_T11.jpeg H   3 1 H 1.233926 0 0
  3 534  6 84 FH_T13.jpeg H   2 0 A 0.564764 0 0
  3 535  6 85 FH_T9.jpeg H   4 1 H 0.963100 0 0
  3 536  6 86 FH_T20.jpeg H   1 0 A 0.470683 0 0
  3 537  6 87 FH_T13.jpeg H   2 0 A 0.486819 0 0
  3 538  6 88 FH_T9.jpeg H   4 0 A 0.641695 0 0
  3 539  6 89 FH_T20.jpeg H   1 0 A 0.564866 0 0
  3 540  6 90 FH_T0.jpeg H   5 1 H 0.443686 0 0
  3 541  7  1 FH_T9.jpeg H   4 1 H 1.890261 0 0
  3 542  7  2 FA_T20.jpeg A   1 0 A 0.812771 0 0
  3 543  7  3 FA_T20.jpeg A   1 0 A 0.569815 0 0
  3 544  7  4 FA_T0.jpeg A   5 1 H 0.531765 0 0
  3 545  7  5 FA_T20.jpeg A   1 0 A 0.918635 0 0
  3 546  7  6 FA_T0.jpeg A   5 1 H 0.797054 0 0
  3 547  7  7 FH_T20.jpeg H   1 0 A 0.565505 0 0
  3 548  7  8 FH_T0.jpeg H   5 1 H 0.515108 0 0
  3 549  7  9 FA_T11.jpeg A   3 1 H 0.785492 0 0
  3 550  7 10 FH_T0.jpeg H   5 1 H 0.559507 0 0
  3 551  7 11 FH_T20.jpeg H   1 0 A 0.553234 0 0
  3 552  7 12 FH_T20.jpeg H   1 0 A 0.477464 0 0
  3 553  7 13 FA_T20.jpeg A   1 0 A 0.476355 0 0
  3 554  7 14 FA_T20.jpeg A   1 0 A 0.520396 0 0
  3 555  7 15 FA_T20.jpeg A   1 0 A 0.493834 0 0
  3 556  7 16 FH_T0.jpeg H   5 1 H 0.471376 0 0
  3 557  7 17 FH_T20.jpeg H   1 0 A 0.680603 0 0
  3 558  7 18 FA_T0.jpeg A   5 1 H 0.526303 0 0
  3 559  7 19 FH_T9.jpeg H   4 1 H 1.483464 0 0
  3 560  7 20 FH_T20.jpeg H   1 0 A 0.972918 0 0
  3 561  7 21 FA_T9.jpeg A   4 1 H 1.205173 0 0
  3 562  7 22 FH_T20.jpeg H   1 0 A 0.526194 0 0
  3 563  7 23 FH_T20.jpeg H   1 0 A 0.404162 0 0
  3 564  7 24 FH_T0.jpeg H   5 1 H 0.404215 0 0
  3 565  7 25 FH_T0.jpeg H   5 1 H 0.343221 0 0
  3 566  7 26 FA_T20.jpeg A   1 0 A 0.508834 0 0
  3 567  7 27 FA_T9.jpeg A   4 1 H 0.493705 0 0
  3 568  7 28 FA_T13.jpeg A   2 0 A 0.686100 0 0
  3 569  7 29 FA_T9.jpeg A   4 1 H 0.520387 0 0
  3 570  7 30 FA_T0.jpeg A   5 1 H 0.509189 0 0
  3 571  7 31 FA_T11.jpeg A   3 0 A 0.631083 0 0
  3 572  7 32 FA_T0.jpeg A   5 1 H 0.454686 0 0
  3 573  7 33 FA_T0.jpeg A   5 1 H 0.504923 0 0
  3 574  7 34 FH_T0.jpeg H   5 1 H 0.525741 0 0
  3 575  7 35 FH_T20.jpeg H   1 0 A 0.498226 0 0
  3 576  7 36 FH_T0.jpeg H   5 1 H 0.697694 0 0
  3 577  7 37 FH_T0.jpeg H   5 1 H 0.520651 0 0
  3 578  7 38 FA_T0.jpeg A   5 1 H 0.608948 0 0
  3 579  7 39 FH_T20.jpeg H   1 0 A 0.525749 0 0
  3 580  7 40 FH_T0.jpeg H   5 1 H 0.576087 0 0
  3 581  7 41 FH_T20.jpeg H   1 0 A 0.481832 0 0
  3 582  7 42 FH_T9.jpeg H   4 1 H 1.581277 0 0
  3 583  7 43 FH_T0.jpeg H   5 1 H 0.470676 0 0
  3 584  7 44 FH_T0.jpeg H   5 1 H 0.514942 0 0
  3 585  7 45 FH_T20.jpeg H   1 0 A 0.470522 0 0
  3 586  7 46 FH_T0.jpeg H   5 1 H 0.537544 0 0
  3 587  7 47 FA_T13.jpeg A   2 0 A 1.421763 0 0
  3 588  7 48 FA_T0.jpeg A   5 1 H 0.525929 0 0
  3 589  7 49 FH_T11.jpeg H   3 0 A 0.692420 0 0
  3 590  7 50 FA_T13.jpeg A   2 0 A 0.867640 0 0
  3 591  7 51 FH_T0.jpeg H   5 1 H 0.471370 0 0
  3 592  7 52 FH_T20.jpeg H   1 0 A 0.542766 0 0
  3 593  7 53 FA_T11.jpeg A   3 1 H 0.581419 0 0
  3 594  7 54 FH_T0.jpeg H   5 1 H 0.592538 0 0
  3 595  7 55 FA_T11.jpeg A   3 0 A 0.725361 0 0
  3 596  7 56 FH_T11.jpeg H   3 0 A 0.702884 0 0
  3 597  7 57 FH_T9.jpeg H   4 0 A 0.729834 0 0
  3 598  7 58 FH_T20.jpeg H   1 0 A 0.575843 0 0
  3 599  7 59 FA_T20.jpeg A   1 0 A 0.481713 0 0
  3 600  7 60 FH_T20.jpeg H   1 0 A 1.106605 0 0
  3 601  7 61 FH_T20.jpeg H   1 0 A 0.591864 0 0
  3 602  7 62 FA_T0.jpeg A   5 1 H 0.564818 0 0
  3 603  7 63 FH_T0.jpeg H   5 1 H 0.581676 0 0
  3 604  7 64 FH_T0.jpeg H   5 1 H 0.519882 0 0
  3 605  7 65 FA_T9.jpeg A   4 1 H 1.238450 0 0
  3 606  7 66 FA_T20.jpeg A   1 0 A 0.570151 0 0
  3 607  7 67 FH_T9.jpeg H   4 1 H 1.289825 0 0
  3 608  7 68 FA_T13.jpeg A   2 0 A 0.752542 0 0
  3 609  7 69 FA_T0.jpeg A   5 1 H 0.691752 0 0
  3 610  7 70 FH_T11.jpeg H   3 1 H 1.416095 0 0
  3 611  7 71 FH_T20.jpeg H   1 0 A 0.520548 0 0
  3 612  7 72 FA_T0.jpeg A   5 1 H 0.520286 0 0
  3 613  7 73 FH_T13.jpeg H   2 0 A 0.784916 0 0
  3 614  7 74 FH_T9.jpeg H   4 1 H 0.691855 0 0
  3 615  7 75 FA_T13.jpeg A   2 0 A 0.902078 0 0
  3 616  7 76 FA_T0.jpeg A   5 1 H 0.636040 0 0
  3 617  7 77 FA_T20.jpeg A   1 0 A 0.625384 0 0
  3 618  7 78 FH_T20.jpeg H   1 0 A 0.603522 0 0
  3 619  7 79 FH_T20.jpeg H   1 0 A 0.525869 0 0
  3 620  7 80 FA_T9.jpeg A   4 1 H 0.664487 0 0
  3 621  7 81 FH_T13.jpeg H   2 0 A 0.862550 0 0
  3 622  7 82 FH_T0.jpeg H   5 1 H 0.431601 0 0
  3 623  7 83 FH_T20.jpeg H   1 0 A 0.520570 0 0
  3 624  7 84 FA_T0.jpeg A   5 1 H 0.365366 0 0
  3 625  7 85 FA_T20.jpeg A   1 0 A 0.471296 0 0
  3 626  7 86 FA_T13.jpeg A   2 1 H 0.448707 0 0
  3 627  7 87 FA_T9.jpeg A   4 0 A 0.359851 0 0
  3 628  7 88 FA_T20.jpeg A   1 0 A 0.603904 0 0
  3 629  7 89 FA_T0.jpeg A   5 1 H 0.449164 0 0
  3 630  7 90 FH_T0.jpeg H   5 1 H 0.613873 0 0
  3 631  8  1 FH_T20.jpeg H   1 0 A 3.571480 0 0
  3 632  8  2 FA_T9.jpeg A   4 1 H 0.990760 0 0
  3 633  8  3 FH_T0.jpeg H   5 1 H 0.509199 0 0
  3 634  8  4 FH_T11.jpeg H   3 0 A 0.631233 0 0
  3 635  8  5 FA_T0.jpeg A   5 1 H 0.582006 0 0
  3 636  8  6 FA_T0.jpeg A   5 1 H 0.560249 0 0
  3 637  8  7 FH_T20.jpeg H   1 0 A 0.477431 0 0
  3 638  8  8 FA_T0.jpeg A   5 1 H 0.398811 0 0
  3 639  8  9 FH_T11.jpeg H   3 0 A 0.851563 0 0
  3 640  8 10 FA_T0.jpeg A   5 1 H 0.674809 0 0
  3 641  8 11 FA_T0.jpeg A   5 1 H 2.577128 0 0
  3 642  8 12 FH_T0.jpeg H   5 1 H 0.532393 0 0
  3 643  8 13 FH_T0.jpeg H   5 1 H 0.482505 0 0
  3 644  8 14 FH_T20.jpeg H   1 0 A 0.487159 0 0
  3 645  8 15 FH_T11.jpeg H   3 0 A 0.785465 0 0
  3 646  8 16 FA_T20.jpeg A   1 0 A 0.474782 0 0
  3 647  8 17 FA_T20.jpeg A   1 0 A 0.514389 0 0
  3 648  8 18 FA_T20.jpeg A   1 0 A 0.486774 0 0
  3 649  8 19 FH_T0.jpeg H   5 1 H 0.464392 0 0
  3 650  8 20 FA_T0.jpeg A   5 1 H 0.559836 0 0
  3 651  8 21 FH_T11.jpeg H   3 0 A 0.587938 0 0
  3 652  8 22 FH_T0.jpeg H   5 1 H 0.449251 0 0
  3 653  8 23 FH_T11.jpeg H   3 0 A 1.631361 0 0
  3 654  8 24 FH_T9.jpeg H   4 0 A 0.669818 0 0
  3 655  8 25 FA_T20.jpeg A   1 0 A 1.265914 0 0
  3 656  8 26 FH_T0.jpeg H   5 1 H 0.588403 0 0
  3 657  8 27 FH_T20.jpeg H   1 0 A 0.393074 0 0
  3 658  8 28 FA_T0.jpeg A   5 1 H 0.509305 0 0
  3 659  8 29 FA_T0.jpeg A   5 1 H 0.431883 0 0
  3 660  8 30 FA_T11.jpeg A   3 0 A 0.945210 0 0
  3 661  8 31 FH_T20.jpeg H   1 0 A 1.313119 0 0
  3 662  8 32 FH_T20.jpeg H   1 0 A 0.442989 0 0
  3 663  8 33 FA_T9.jpeg A   4 1 H 0.371001 0 0
  3 664  8 34 FA_T9.jpeg A   4 1 H 0.476011 0 0
  3 665  8 35 FH_T13.jpeg H   2 0 A 0.730746 0 0
  3 666  8 36 FH_T0.jpeg H   5 1 H 0.514506 0 0
  3 667  8 37 FA_T0.jpeg A   5 1 H 0.476144 0 0
  3 668  8 38 FA_T20.jpeg A   1 0 A 1.338776 0 0
  3 669  8 39 FA_T0.jpeg A   5 1 H 1.000642 0 0
  3 670  8 40 FA_T20.jpeg A   1 0 A 0.995755 0 0
  3 671  8 41 FA_T11.jpeg A   3 0 A 1.410674 0 0
  3 672  8 42 FH_T20.jpeg H   1 0 A 0.409608 0 0
  3 673  8 43 FH_T20.jpeg H   1 0 A 0.432166 0 0
  3 674  8 44 FH_T0.jpeg H   5 1 H 0.432540 0 0
  3 675  8 45 FH_T20.jpeg H   1 0 A 0.366082 0 0
  3 676  8 46 FA_T20.jpeg A   1 0 A 0.310636 0 0
  3 677  8 47 FA_T0.jpeg A   5 1 H 0.608979 0 0
  3 678  8 48 FA_T20.jpeg A   1 0 A 0.602858 0 0
  3 679  8 49 FA_T0.jpeg A   5 1 H 1.007525 0 0
  3 680  8 50 FH_T11.jpeg H   3 0 A 0.802245 0 0
  3 681  8 51 FA_T20.jpeg A   1 0 A 0.487054 0 0
  3 682  8 52 FH_T20.jpeg H   1 0 A 0.553191 0 0
  3 683  8 53 FH_T20.jpeg H   1 0 A 0.382399 0 0
  3 684  8 54 FH_T0.jpeg H   5 1 H 0.593780 0 0
  3 685  8 55 FH_T0.jpeg H   5 1 H 0.487192 0 0
  3 686  8 56 FA_T0.jpeg A   5 1 H 0.581697 0 0
  3 687  8 57 FH_T0.jpeg H   5 1 H 0.830802 0 0
  3 688  8 58 FH_T13.jpeg H   2 0 A 0.514874 0 0
  3 689  8 59 FH_T13.jpeg H   2 0 A 0.785562 0 0
  3 690  8 60 FA_T20.jpeg A   1 0 A 0.835167 0 0
  3 691  8 61 FA_T13.jpeg A   2 0 A 0.581323 0 0
  3 692  8 62 FH_T0.jpeg H   5 1 H 0.609140 0 0
  3 693  8 63 FH_T0.jpeg H   5 1 H 0.625542 0 0
  3 694  8 64 FA_T20.jpeg A   1 0 A 0.535431 0 0
  3 695  8 65 FH_T11.jpeg H   3 0 A 0.415600 0 0
  3 696  8 66 FH_T20.jpeg H   1 0 A 0.536970 0 0
  3 697  8 67 FH_T9.jpeg H   4 1 H 0.686755 0 0
  3 698  8 68 FA_T20.jpeg A   1 0 A 0.790159 0 0
  3 699  8 69 FH_T11.jpeg H   3 0 A 0.398393 0 0
  3 700  8 70 FA_T0.jpeg A   5 1 H 0.509663 0 0
  3 701  8 71 FH_T11.jpeg H   3 1 H 3.068743 0 0
  3 702  8 72 FA_T9.jpeg A   4 1 H 0.526030 0 0
  3 703  8 73 FH_T9.jpeg H   4 0 A 0.537037 0 0
  3 704  8 74 FH_T0.jpeg H   5 1 H 0.520560 0 0
  3 705  8 75 FH_T20.jpeg H   1 0 A 0.458917 0 0
  3 706  8 76 FA_T11.jpeg A   3 1 H 0.454138 0 0
  3 707  8 77 FA_T0.jpeg A   5 1 H 0.531468 0 0
  3 708  8 78 FH_T13.jpeg H   2 0 A 0.636522 0 0
  3 709  8 79 FA_T11.jpeg A   3 1 H 1.520933 0 0
  3 710  8 80 FA_T0.jpeg A   5 1 H 0.487256 0 0
  3 711  8 81 FA_T0.jpeg A   5 1 H 0.488015 0 0
  3 712  8 82 FA_T0.jpeg A   5 1 H 0.476134 0 0
  3 713  8 83 FH_T0.jpeg H   5 1 H 0.559312 0 0
  3 714  8 84 FA_T20.jpeg A   1 0 A 0.570192 0 0
  3 715  8 85 FA_T11.jpeg A   3 0 A 1.739465 0 0
  3 716  8 86 FH_T20.jpeg H   1 0 A 0.581626 0 0
  3 717  8 87 FA_T0.jpeg A   5 1 H 0.509408 0 0
  3 718  8 88 FA_T9.jpeg A   4 1 H 0.492813 0 0
  3 719  8 89 FA_T13.jpeg A   2 0 A 0.719962 0 0
  3 720  8 90 FH_T13.jpeg H   2 0 A 0.575787 0 0
