  7   1  1  1 FH_T13.jpeg H   2 0 A 2.006078 0 0
  7   2  1  2 FA_T20.jpeg A   1 0 A 1.255264 0 0
  7   3  1  3 FH_T0.jpeg H   5 1 H 2.139461 0 0
  7   4  1  4 FH_T0.jpeg H   5 1 H 1.032983 0 0
  7   5  1  5 FH_T9.jpeg H   4 0 A 0.939815 0 0
  7   6  1  6 FA_T0.jpeg A   5 1 H 0.851612 0 0
  7   7  1  7 FA_T9.jpeg A   4 0 A 1.365619 0 0
  7   8  1  8 FA_T0.jpeg A   5 1 H 0.852113 0 0
  7   9  1  9 FH_T0.jpeg H   5 1 H 0.730396 0 0
  7  10  1 10 FH_T0.jpeg H   5 1 H 0.613757 0 0
  7  11  1 11 FA_T0.jpeg A   5 1 H 0.757888 0 0
  7  12  1 12 FA_T0.jpeg A   5 1 H 0.603458 0 0
  7  13  1 13 FA_T11.jpeg A   3 0 A 0.918150 0 0
  7  14  1 14 FH_T0.jpeg H   5 1 H 0.459585 0 0
  7  15  1 15 FH_T0.jpeg H   5 1 H 0.884657 0 0
  7  16  1 16 FH_T20.jpeg H   1 0 A 0.525268 0 0
  7  17  1 17 FH_T9.jpeg H   4 0 A 0.813355 0 0
  7  18  1 18 FA_T9.jpeg A   4 0 A 0.690750 0 0
  7  19  1 19 FH_T20.jpeg H   1 0 A 0.503694 0 0
  7  20  1 20 FA_T20.jpeg A   1 0 A 0.911827 0 0
  7  21  1 21 FH_T9.jpeg H   4 0 A 0.939572 0 0
  7  22  1 22 FA_T11.jpeg A   3 0 A 0.768544 0 0
  7  23  1 23 FH_T20.jpeg H   1 0 A 0.690955 0 0
  7  24  1 24 FA_T13.jpeg A   2 0 A 0.564728 0 0
  7  25  1 25 FA_T13.jpeg A   2 0 A 0.520997 0 0
  7  26  1 26 FH_T9.jpeg H   4 0 A 0.464991 0 0
  7  27  1 27 FA_T13.jpeg A   2 0 A 0.668662 0 0
  7  28  1 28 FH_T13.jpeg H   2 0 A 0.470196 0 0
  7  29  1 29 FH_T0.jpeg H   5 1 H 0.757972 0 0
  7  30  1 30 FH_T11.jpeg H   3 0 A 0.570218 0 0
  7  31  1 31 FH_T20.jpeg H   1 0 A 0.448263 0 0
  7  32  1 32 FH_T20.jpeg H   1 0 A 0.432078 0 0
  7  33  1 33 FH_T0.jpeg H   5 1 H 0.497955 0 0
  7  34  1 34 FA_T0.jpeg A   5 1 H 0.668281 0 0
  7  35  1 35 FA_T20.jpeg A   1 0 A 0.448853 0 0
  7  36  1 36 FH_T13.jpeg H   2 0 A 0.923699 0 0
  7  37  1 37 FA_T20.jpeg A   1 0 A 0.641651 0 0
  7  38  1 38 FH_T11.jpeg H   3 0 A 0.531315 0 0
  7  39  1 39 FH_T13.jpeg H   2 0 A 0.679699 0 0
  7  40  1 40 FA_T13.jpeg A   2 0 A 0.536826 0 0
  7  41  1 41 FH_T20.jpeg H   1 0 A 0.459360 0 0
  7  42  1 42 FH_T0.jpeg H   5 1 H 0.631114 0 0
  7  43  1 43 FH_T9.jpeg H   4 0 A 0.834241 0 0
  7  44  1 44 FA_T20.jpeg A   1 0 A 0.425997 0 0
  7  45  1 45 FH_T13.jpeg H   2 0 A 0.569146 0 0
  7  46  1 46 FA_T20.jpeg A   1 0 A 0.525883 0 0
  7  47  1 47 FH_T0.jpeg H   5 1 H 0.437057 0 0
  7  48  1 48 FH_T13.jpeg H   2 0 A 0.536297 0 0
  7  49  1 49 FH_T20.jpeg H   1 0 A 0.553738 0 0
  7  50  1 50 FH_T0.jpeg H   5 1 H 0.564286 0 0
  7  51  1 51 FA_T13.jpeg A   2 0 A 0.708256 0 0
  7  52  1 52 FH_T11.jpeg H   3 0 A 0.580770 0 0
  7  53  1 53 FA_T13.jpeg A   2 0 A 0.713535 0 0
  7  54  1 54 FA_T0.jpeg A   5 1 H 0.525355 0 0
  7  55  1 55 FH_T20.jpeg H   1 0 A 0.619598 0 0
  7  56  1 56 FA_T0.jpeg A   5 1 H 0.669317 0 0
  7  57  1 57 FH_T9.jpeg H   4 0 A 0.547503 0 0
  7  58  1 58 FA_T20.jpeg A   1 0 A 0.602966 0 0
  7  59  1 59 FA_T9.jpeg A   4 1 H 0.459380 0 0
  7  60  1 60 FA_T0.jpeg A   5 1 H 0.520506 0 0
  7  61  1 61 FH_T13.jpeg H   2 0 A 0.614027 0 0
  7  62  1 62 FA_T0.jpeg A   5 1 H 0.515568 0 0
  7  63  1 63 FH_T20.jpeg H   1 0 A 0.442336 0 0
  7  64  1 64 FH_T0.jpeg H   5 1 H 0.526112 0 0
  7  65  1 65 FH_T13.jpeg H   2 0 A 0.570194 0 0
  7  66  1 66 FA_T0.jpeg A   5 1 H 0.459625 0 0
  7  67  1 67 FA_T0.jpeg A   5 1 H 0.453641 0 0
  7  68  1 68 FH_T20.jpeg H   1 0 A 0.420688 0 0
  7  69  1 69 FA_T20.jpeg A   1 0 A 0.514359 0 0
  7  70  1 70 FA_T9.jpeg A   4 0 A 1.132703 0 0
  7  71  1 71 FA_T20.jpeg A   1 0 A 0.558754 0 0
  7  72  1 72 FH_T0.jpeg H   5 1 H 0.774606 0 0
  7  73  1 73 FA_T20.jpeg A   1 0 A 0.437325 0 0
  7  74  1 74 FA_T0.jpeg A   5 1 H 0.454461 0 0
  7  75  1 75 FA_T11.jpeg A   3 0 A 1.106626 0 0
  7  76  1 76 FA_T20.jpeg A   1 0 A 0.437740 0 0
  7  77  1 77 FH_T0.jpeg H   5 1 H 0.586544 0 0
  7  78  1 78 FA_T0.jpeg A   5 1 H 0.431710 0 0
  7  79  1 79 FA_T0.jpeg A   5 1 H 0.442591 0 0
  7  80  1 80 FA_T20.jpeg A   1 0 A 0.773661 0 0
  7  81  1 81 FH_T20.jpeg H   1 0 A 0.679827 0 0
  7  82  1 82 FH_T20.jpeg H   1 0 A 0.475926 0 0
  7  83  1 83 FA_T20.jpeg A   1 0 A 0.442679 0 0
  7  84  1 84 FH_T20.jpeg H   1 0 A 0.475651 0 0
  7  85  1 85 FH_T0.jpeg H   5 1 H 0.663729 0 0
  7  86  1 86 FH_T20.jpeg H   1 0 A 0.769297 0 0
  7  87  1 87 FH_T11.jpeg H   3 0 A 0.730031 0 0
  7  88  1 88 FH_T20.jpeg H   1 0 A 0.503239 0 0
  7  89  1 89 FA_T20.jpeg A   1 0 A 0.448245 0 0
  7  90  1 90 FH_T20.jpeg H   1 0 A 0.497943 0 0
  7  91  2  1 FA_T20.jpeg A   1 0 A 0.536743 0 0
  7  92  2  2 FH_T20.jpeg H   1 0 A 0.514270 0 0
  7  93  2  3 FA_T0.jpeg A   5 1 H 0.614489 0 0
  7  94  2  4 FH_T20.jpeg H   1 0 A 0.597834 0 0
  7  95  2  5 FH_T0.jpeg H   5 1 H 0.785558 0 0
  7  96  2  6 FA_T20.jpeg A   1 0 A 0.514809 0 0
  7  97  2  7 FH_T0.jpeg H   5 1 H 0.840555 0 0
  7  98  2  8 FA_T0.jpeg A   5 1 H 0.482376 0 0
  7  99  2  9 FA_T11.jpeg A   3 0 A 0.691289 0 0
  7 100  2 10 FH_T20.jpeg H   1 0 A 0.442954 0 0
  7 101  2 11 FH_T13.jpeg H   2 0 A 0.972694 0 0
  7 102  2 12 FA_T20.jpeg A   1 0 A 0.652887 0 0
  7 103  2 13 FA_T20.jpeg A   1 0 A 0.625512 0 0
  7 104  2 14 FA_T20.jpeg A   1 0 A 0.519963 0 0
  7 105  2 15 FA_T9.jpeg A   4 0 A 0.824482 0 0
  7 106  2 16 FA_T20.jpeg A   1 0 A 0.459852 0 0
  7 107  2 17 FA_T0.jpeg A   5 1 H 0.675150 0 0
  7 108  2 18 FA_T13.jpeg A   2 0 A 0.624978 0 0
  7 109  2 19 FH_T0.jpeg H   5 1 H 0.613795 0 0
  7 110  2 20 FH_T9.jpeg H   4 0 A 0.900958 0 0
  7 111  2 21 FA_T0.jpeg A   5 1 H 0.850771 0 0
  7 112  2 22 FH_T9.jpeg H   4 0 A 0.939109 0 0
  7 113  2 23 FA_T20.jpeg A   1 0 A 0.608470 0 0
  7 114  2 24 FA_T20.jpeg A   1 0 A 0.487081 0 0
  7 115  2 25 FA_T11.jpeg A   3 0 A 0.912656 0 0
  7 116  2 26 FA_T0.jpeg A   5 1 H 0.481231 0 0
  7 117  2 27 FH_T0.jpeg H   5 1 H 0.465194 0 0
  7 118  2 28 FH_T11.jpeg H   3 0 A 0.476038 0 0
  7 119  2 29 FA_T20.jpeg A   1 0 A 0.404057 0 0
  7 120  2 30 FH_T20.jpeg H   1 0 A 0.558605 0 0
  7 121  2 31 FA_T0.jpeg A   5 1 H 0.608997 0 0
  7 122  2 32 FA_T13.jpeg A   2 0 A 1.442568 0 0
  7 123  2 33 FH_T0.jpeg H   5 1 H 0.977473 0 0
  7 124  2 34 FH_T0.jpeg H   5 1 H 0.381905 0 0
  7 125  2 35 FH_T0.jpeg H   5 1 H 0.420297 0 0
  7 126  2 36 FH_T9.jpeg H   4 0 A 0.459462 0 0
  7 127  2 37 FH_T0.jpeg H   5 1 H 0.707454 0 0
  7 128  2 38 FA_T13.jpeg A   2 0 A 0.376505 0 0
  7 129  2 39 FH_T11.jpeg H   3 0 A 0.492771 0 0
  7 130  2 40 FA_T20.jpeg A   1 0 A 0.718756 0 0
  7 131  2 41 FH_T9.jpeg H   4 0 A 0.966336 0 0
  7 132  2 42 FH_T0.jpeg H   5 1 H 1.669774 0 0
  7 133  2 43 FA_T0.jpeg A   5 1 H 0.420341 0 0
  7 134  2 44 FA_T9.jpeg A   4 0 A 0.426708 0 0
  7 135  2 45 FH_T13.jpeg H   2 0 A 0.542325 0 0
  7 136  2 46 FH_T11.jpeg H   3 0 A 0.591532 0 0
  7 137  2 47 FH_T0.jpeg H   5 1 H 0.382593 0 0
  7 138  2 48 FH_T0.jpeg H   5 1 H 0.453547 0 0
  7 139  2 49 FA_T9.jpeg A   4 0 A 1.592182 0 0
  7 140  2 50 FH_T0.jpeg H   5 1 H 1.392117 0 0
  7 141  2 51 FH_T20.jpeg H   1 0 A 0.464479 0 0
  7 142  2 52 FH_T13.jpeg H   2 0 A 0.569073 0 0
  7 143  2 53 FA_T0.jpeg A   5 1 H 0.392370 0 0
  7 144  2 54 FA_T13.jpeg A   2 0 A 0.680300 0 0
  7 145  2 55 FH_T11.jpeg H   3 0 A 1.000886 0 0
  7 146  2 56 FH_T0.jpeg H   5 1 H 0.437192 0 0
  7 147  2 57 FA_T0.jpeg A   5 1 H 0.366275 0 0
  7 148  2 58 FA_T20.jpeg A   1 0 A 0.376226 0 0
  7 149  2 59 FA_T20.jpeg A   1 0 A 0.636350 0 0
  7 150  2 60 FA_T0.jpeg A   5 1 H 0.465197 0 0
  7 151  2 61 FA_T13.jpeg A   2 0 A 0.648048 0 0
  7 152  2 62 FH_T0.jpeg H   5 1 H 0.420475 0 0
  7 153  2 63 FH_T0.jpeg H   5 1 H 0.404387 0 0
  7 154  2 64 FH_T20.jpeg H   1 0 A 0.421083 0 0
  7 155  2 65 FA_T9.jpeg A   4 0 A 0.818378 0 0
  7 156  2 66 FH_T20.jpeg H   1 0 A 0.564083 0 0
  7 157  2 67 FA_T20.jpeg A   1 0 A 0.404165 0 0
  7 158  2 68 FA_T20.jpeg A   1 0 A 0.912056 0 0
  7 159  2 69 FH_T20.jpeg H   1 0 A 0.713807 0 0
  7 160  2 70 FH_T0.jpeg H   5 1 H 0.591919 0 0
  7 161  2 71 FH_T20.jpeg H   1 0 A 0.381922 0 0
  7 162  2 72 FH_T11.jpeg H   3 0 A 0.471262 0 0
  7 163  2 73 FH_T11.jpeg H   3 0 A 0.536436 0 0
  7 164  2 74 FA_T0.jpeg A   5 1 H 0.818308 0 0
  7 165  2 75 FH_T13.jpeg H   2 0 A 0.624988 0 0
  7 166  2 76 FH_T13.jpeg H   2 0 A 0.503290 0 0
  7 167  2 77 FA_T11.jpeg A   3 0 A 1.481256 0 0
  7 168  2 78 FA_T20.jpeg A   1 0 A 0.586296 0 0
  7 169  2 79 FA_T0.jpeg A   5 1 H 0.680290 0 0
  7 170  2 80 FA_T20.jpeg A   1 0 A 0.476129 0 0
  7 171  2 81 FA_T20.jpeg A   1 0 A 0.426753 0 0
  7 172  2 82 FA_T0.jpeg A   5 1 H 0.480920 0 0
  7 173  2 83 FA_T20.jpeg A   1 0 A 0.862568 0 0
  7 174  2 84 FA_T0.jpeg A   5 1 H 0.426271 0 0
  7 175  2 85 FA_T20.jpeg A   1 0 A 0.497650 0 0
  7 176  2 86 FA_T9.jpeg A   4 1 H 0.509468 0 0
  7 177  2 87 FA_T0.jpeg A   5 1 H 0.426314 0 0
  7 178  2 88 FH_T20.jpeg H   1 0 A 0.492741 0 0
  7 179  2 89 FH_T0.jpeg H   5 1 H 0.465319 0 0
  7 180  2 90 FA_T9.jpeg A   4 0 A 0.974130 0 0
  7 181  3  1 FA_T20.jpeg A   1 0 A 0.597352 0 0
  7 182  3  2 FA_T11.jpeg A   3 0 A 0.806819 0 0
  7 183  3  3 FH_T9.jpeg H   4 0 A 0.525902 0 0
  7 184  3  4 FH_T0.jpeg H   5 1 H 0.426097 0 0
  7 185  3  5 FH_T20.jpeg H   1 0 A 0.426622 0 0
  7 186  3  6 FH_T20.jpeg H   1 0 A 0.442513 0 0
  7 187  3  7 FA_T0.jpeg A   5 1 H 0.503838 0 0
  7 188  3  8 FH_T20.jpeg H   1 0 A 0.719025 0 0
  7 189  3  9 FH_T0.jpeg H   5 1 H 0.630190 0 0
  7 190  3 10 FH_T9.jpeg H   4 0 A 0.828651 0 0
  7 191  3 11 FH_T20.jpeg H   1 0 A 0.425520 0 0
  7 192  3 12 FH_T0.jpeg H   5 1 H 0.371324 0 0
  7 193  3 13 FH_T0.jpeg H   5 1 H 0.437179 0 0
  7 194  3 14 FA_T20.jpeg A   1 0 A 0.492446 0 0
  7 195  3 15 FH_T0.jpeg H   5 1 H 0.426116 0 0
  7 196  3 16 FA_T20.jpeg A   1 0 A 0.387298 0 0
  7 197  3 17 FA_T0.jpeg A   5 1 H 0.431975 0 0
  7 198  3 18 FA_T11.jpeg A   3 0 A 0.718306 0 0
  7 199  3 19 FA_T0.jpeg A   5 1 H 0.487385 0 0
  7 200  3 20 FA_T0.jpeg A   5 1 H 0.569062 0 0
  7 201  3 21 FA_T20.jpeg A   1 0 A 0.492465 0 0
  7 202  3 22 FH_T20.jpeg H   1 0 A 0.763410 0 0
  7 203  3 23 FA_T13.jpeg A   2 0 A 1.370693 0 0
  7 204  3 24 FA_T11.jpeg A   3 0 A 0.751948 0 0
  7 205  3 25 FA_T0.jpeg A   5 1 H 0.443239 0 0
  7 206  3 26 FA_T11.jpeg A   3 0 A 0.597184 0 0
  7 207  3 27 FH_T20.jpeg H   1 0 A 0.437325 0 0
  7 208  3 28 FH_T11.jpeg H   3 0 A 1.150161 0 0
  7 209  3 29 FA_T0.jpeg A   5 1 H 0.604478 0 0
  7 210  3 30 FH_T0.jpeg H   5 1 H 2.326569 0 0
  7 211  3 31 FA_T20.jpeg A   1 0 A 0.458824 0 0
  7 212  3 32 FA_T20.jpeg A   1 0 A 0.431725 0 0
  7 213  3 33 FH_T20.jpeg H   1 0 A 0.409441 0 0
  7 214  3 34 FH_T11.jpeg H   3 0 A 0.592553 0 0
  7 215  3 35 FA_T0.jpeg A   5 1 H 0.525330 0 0
  7 216  3 36 FH_T0.jpeg H   5 1 H 0.376462 0 0
  7 217  3 37 FH_T0.jpeg H   5 1 H 0.360250 0 0
  7 218  3 38 FA_T9.jpeg A   4 0 A 0.696498 0 0
  7 219  3 39 FH_T0.jpeg H   5 1 H 0.393070 0 0
  7 220  3 40 FA_T11.jpeg A   3 0 A 0.537322 0 0
  7 221  3 41 FA_T13.jpeg A   2 0 A 0.906416 0 0
  7 222  3 42 FA_T0.jpeg A   5 1 H 0.630828 0 0
  7 223  3 43 FH_T20.jpeg H   1 0 A 0.778974 0 0
  7 224  3 44 FH_T0.jpeg H   5 1 H 0.349299 0 0
  7 225  3 45 FH_T20.jpeg H   1 0 A 0.365577 0 0
  7 226  3 46 FH_T20.jpeg H   1 0 A 0.420715 0 0
  7 227  3 47 FA_T20.jpeg A   1 0 A 0.382823 0 0
  7 228  3 48 FH_T0.jpeg H   5 1 H 0.525351 0 0
  7 229  3 49 FA_T20.jpeg A   1 0 A 0.365358 0 0
  7 230  3 50 FA_T13.jpeg A   2 0 A 0.713454 0 0
  7 231  3 51 FH_T13.jpeg H   2 0 A 0.574761 0 0
  7 232  3 52 FH_T11.jpeg H   3 0 A 0.370869 0 0
  7 233  3 53 FH_T20.jpeg H   1 0 A 0.911459 0 0
  7 234  3 54 FA_T0.jpeg A   5 1 H 0.531146 0 0
  7 235  3 55 FA_T0.jpeg A   5 1 H 0.536945 0 0
  7 236  3 56 FA_T9.jpeg A   4 0 A 0.890366 0 0
  7 237  3 57 FA_T13.jpeg A   2 0 A 0.442714 0 0
  7 238  3 58 FA_T11.jpeg A   3 0 A 0.443086 0 0
  7 239  3 59 FA_T0.jpeg A   5 1 H 0.470737 0 0
  7 240  3 60 FA_T0.jpeg A   5 1 H 0.548059 0 0
  7 241  3 61 FA_T11.jpeg A   3 0 A 0.431199 0 0
  7 242  3 62 FA_T0.jpeg A   5 1 H 0.597393 0 0
  7 243  3 63 FH_T20.jpeg H   1 0 A 1.509548 0 0
  7 244  3 64 FA_T13.jpeg A   2 0 A 0.486825 0 0
  7 245  3 65 FA_T11.jpeg A   3 0 A 1.111414 0 0
  7 246  3 66 FA_T0.jpeg A   5 1 H 0.591335 0 0
  7 247  3 67 FH_T13.jpeg H   2 0 A 0.498119 0 0
  7 248  3 68 FH_T9.jpeg H   4 0 A 0.598176 0 0
  7 249  3 69 FA_T20.jpeg A   1 0 A 0.421320 0 0
  7 250  3 70 FH_T11.jpeg H   3 0 A 0.409582 0 0
  7 251  3 71 FA_T0.jpeg A   5 1 H 1.298571 0 0
  7 252  3 72 FA_T20.jpeg A   1 0 A 0.421114 0 0
  7 253  3 73 FH_T0.jpeg H   5 1 H 0.636228 0 0
  7 254  3 74 FA_T20.jpeg A   1 0 A 0.388020 0 0
  7 255  3 75 FH_T9.jpeg H   4 0 A 0.923815 0 0
  7 256  3 76 FH_T0.jpeg H   5 1 H 0.476278 0 0
  7 257  3 77 FH_T20.jpeg H   1 0 A 0.536703 0 0
  7 258  3 78 FA_T11.jpeg A   3 0 A 0.984473 0 0
  7 259  3 79 FA_T0.jpeg A   5 1 H 0.768798 0 0
  7 260  3 80 FA_T0.jpeg A   5 1 H 1.087891 0 0
  7 261  3 81 FA_T20.jpeg A   1 0 A 0.503291 0 0
  7 262  3 82 FH_T9.jpeg H   4 0 A 1.265957 0 0
  7 263  3 83 FA_T20.jpeg A   1 0 A 1.601133 0 0
  7 264  3 84 FH_T20.jpeg H   1 0 A 0.515350 0 0
  7 265  3 85 FA_T20.jpeg A   1 0 A 0.470648 0 0
  7 266  3 86 FA_T9.jpeg A   4 0 A 0.575686 0 0
  7 267  3 87 FH_T20.jpeg H   1 0 A 0.845544 0 0
  7 268  3 88 FA_T13.jpeg A   2 0 A 0.404105 0 0
  7 269  3 89 FH_T0.jpeg H   5 1 H 0.625623 0 0
  7 270  3 90 FA_T20.jpeg A   1 0 A 0.420475 0 0
  7 271  4  1 FA_T9.jpeg A   4 0 A 0.625499 0 0
  7 272  4  2 FH_T0.jpeg H   5 1 H 0.852353 0 0
  7 273  4  3 FA_T0.jpeg A   5 1 H 0.592237 0 0
  7 274  4  4 FA_T9.jpeg A   4 0 A 1.724637 0 0
  7 275  4  5 FA_T20.jpeg A   1 0 A 0.425855 0 0
  7 276  4  6 FA_T20.jpeg A   1 0 A 0.420676 0 0
  7 277  4  7 FH_T0.jpeg H   5 1 H 0.698124 0 0
  7 278  4  8 FA_T9.jpeg A   4 0 A 0.736561 0 0
  7 279  4  9 FA_T0.jpeg A   5 1 H 0.465174 0 0
  7 280  4 10 FA_T13.jpeg A   2 0 A 0.492751 0 0
  7 281  4 11 FH_T9.jpeg H   4 0 A 1.084830 0 0
  7 282  4 12 FA_T9.jpeg A   4 0 A 0.835078 0 0
  7 283  4 13 FA_T13.jpeg A   2 0 A 1.687066 0 0
  7 284  4 14 FA_T20.jpeg A   1 0 A 0.614385 0 0
  7 285  4 15 FH_T20.jpeg H   1 0 A 0.399175 0 0
  7 286  4 16 FH_T20.jpeg H   1 0 A 0.736067 0 0
  7 287  4 17 FA_T13.jpeg A   2 0 A 0.525059 0 0
  7 288  4 18 FA_T20.jpeg A   1 0 A 0.377443 0 0
  7 289  4 19 FH_T11.jpeg H   3 0 A 0.448329 0 0
  7 290  4 20 FA_T20.jpeg A   1 0 A 0.426307 0 0
  7 291  4 21 FH_T20.jpeg H   1 0 A 0.476177 0 0
  7 292  4 22 FH_T9.jpeg H   4 0 A 0.741328 0 0
  7 293  4 23 FA_T9.jpeg A   4 0 A 0.404200 0 0
  7 294  4 24 FA_T9.jpeg A   4 0 A 1.548212 0 0
  7 295  4 25 FH_T20.jpeg H   1 0 A 0.410231 0 0
  7 296  4 26 FH_T11.jpeg H   3 0 A 0.415967 0 0
  7 297  4 27 FA_T20.jpeg A   1 0 A 0.409488 0 0
  7 298  4 28 FH_T20.jpeg H   1 0 A 0.404306 0 0
  7 299  4 29 FA_T20.jpeg A   1 0 A 0.376424 0 0
  7 300  4 30 FH_T0.jpeg H   5 1 H 0.692077 0 0
  7 301  4 31 FH_T20.jpeg H   1 0 A 0.387602 0 0
  7 302  4 32 FH_T20.jpeg H   1 0 A 0.420601 0 0
  7 303  4 33 FH_T20.jpeg H   1 0 A 0.388109 0 0
  7 304  4 34 FH_T9.jpeg H   4 0 A 0.647301 0 0
  7 305  4 35 FH_T9.jpeg H   4 0 A 0.404781 0 0
  7 306  4 36 FA_T0.jpeg A   5 1 H 2.167340 0 0
  7 307  4 37 FH_T20.jpeg H   1 0 A 0.388174 0 0
  7 308  4 38 FH_T9.jpeg H   4 0 A 0.751954 0 0
  7 309  4 39 FH_T0.jpeg H   5 1 H 0.481807 0 0
  7 310  4 40 FH_T20.jpeg H   1 0 A 0.597014 0 0
  7 311  4 41 FA_T0.jpeg A   5 1 H 0.437180 0 0
  7 312  4 42 FA_T11.jpeg A   3 0 A 0.885320 0 0
  7 313  4 43 FH_T0.jpeg H   5 1 H 0.360215 0 0
  7 314  4 44 FA_T0.jpeg A   5 1 H 0.519969 0 0
  7 315  4 45 FA_T0.jpeg A   5 1 H 0.415678 0 0
  7 316  4 46 FA_T13.jpeg A   2 0 A 0.591751 0 0
  7 317  4 47 FA_T0.jpeg A   5 1 H 0.503765 0 0
  7 318  4 48 FH_T20.jpeg H   1 0 A 0.453573 0 0
  7 319  4 49 FA_T0.jpeg A   5 1 H 0.426878 0 0
  7 320  4 50 FA_T20.jpeg A   1 0 A 0.392824 0 0
  7 321  4 51 FH_T11.jpeg H   3 0 A 0.597539 0 0
  7 322  4 52 FH_T0.jpeg H   5 1 H 0.337796 0 0
  7 323  4 53 FA_T0.jpeg A   5 1 H 0.862836 0 0
  7 324  4 54 FA_T11.jpeg A   3 0 A 0.663671 0 0
  7 325  4 55 FA_T0.jpeg A   5 1 H 0.409554 0 0
  7 326  4 56 FH_T13.jpeg H   2 0 A 0.481713 0 0
  7 327  4 57 FH_T20.jpeg H   1 0 A 0.408981 0 0
  7 328  4 58 FH_T0.jpeg H   5 1 H 0.348819 0 0
  7 329  4 59 FA_T0.jpeg A   5 1 H 0.459588 0 0
  7 330  4 60 FA_T20.jpeg A   1 0 A 0.426244 0 0
  7 331  4 61 FH_T20.jpeg H   1 0 A 0.464784 0 0
  7 332  4 62 FA_T0.jpeg A   5 1 H 0.277437 0 0
  7 333  4 63 FH_T0.jpeg H   5 1 H 0.409613 0 0
  7 334  4 64 FH_T9.jpeg H   4 0 A 0.657697 0 0
  7 335  4 65 FH_T20.jpeg H   1 0 A 0.392974 0 0
  7 336  4 66 FH_T0.jpeg H   5 1 H 0.370991 0 0
  7 337  4 67 FH_T20.jpeg H   1 0 A 0.498335 0 0
  7 338  4 68 FH_T20.jpeg H   1 0 A 0.393001 0 0
  7 339  4 69 FH_T13.jpeg H   2 0 A 0.404228 0 0
  7 340  4 70 FA_T0.jpeg A   5 1 H 0.415216 0 0
  7 341  4 71 FA_T0.jpeg A   5 1 H 0.752577 0 0
  7 342  4 72 FA_T11.jpeg A   3 0 A 0.807807 0 0
  7 343  4 73 FA_T13.jpeg A   2 0 A 0.636029 0 0
  7 344  4 74 FH_T9.jpeg H   4 0 A 0.453866 0 0
  7 345  4 75 FA_T0.jpeg A   5 1 H 0.453929 0 0
  7 346  4 76 FH_T0.jpeg H   5 1 H 0.403889 0 0
  7 347  4 77 FA_T20.jpeg A   1 0 A 0.404103 0 0
  7 348  4 78 FH_T0.jpeg H   5 1 H 0.365342 0 0
  7 349  4 79 FA_T20.jpeg A   1 0 A 0.338539 0 0
  7 350  4 80 FH_T9.jpeg H   4 0 A 0.658293 0 0
  7 351  4 81 FH_T0.jpeg H   5 1 H 0.363720 0 0
  7 352  4 82 FH_T0.jpeg H   5 1 H 0.321490 0 0
  7 353  4 83 FA_T20.jpeg A   1 0 A 0.387432 0 0
  7 354  4 84 FA_T20.jpeg A   1 0 A 0.481614 0 0
  7 355  4 85 FA_T0.jpeg A   5 1 H 0.426363 0 0
  7 356  4 86 FA_T13.jpeg A   2 0 A 0.652041 0 0
  7 357  4 87 FH_T20.jpeg H   1 0 A 0.917407 0 0
  7 358  4 88 FH_T9.jpeg H   4 0 A 0.829465 0 0
  7 359  4 89 FH_T11.jpeg H   3 0 A 1.194128 0 0
  7 360  4 90 FH_T13.jpeg H   2 0 A 1.895171 0 0
  7 361  5  1 FH_T20.jpeg H   1 0 A 0.795454 0 0
  7 362  5  2 FH_T20.jpeg H   1 0 A 0.685513 0 0
  7 363  5  3 FH_T20.jpeg H   1 0 A 0.393112 0 0
  7 364  5  4 FH_T20.jpeg H   1 0 A 0.426038 0 0
  7 365  5  5 FA_T0.jpeg A   5 1 H 0.414588 0 0
  7 366  5  6 FA_T20.jpeg A   1 0 A 0.365408 0 0
  7 367  5  7 FA_T9.jpeg A   4 0 A 0.950881 0 0
  7 368  5  8 FH_T9.jpeg H   4 0 A 0.752404 0 0
  7 369  5  9 FA_T11.jpeg A   3 0 A 0.640577 0 0
  7 370  5 10 FA_T0.jpeg A   5 1 H 0.459005 0 0
  7 371  5 11 FA_T20.jpeg A   1 0 A 1.508052 0 0
  7 372  5 12 FA_T9.jpeg A   4 0 A 1.204192 0 0
  7 373  5 13 FA_T20.jpeg A   1 0 A 0.403547 0 0
  7 374  5 14 FA_T11.jpeg A   3 0 A 0.846000 0 0
  7 375  5 15 FA_T20.jpeg A   1 0 A 0.459069 0 0
  7 376  5 16 FH_T0.jpeg H   5 1 H 0.437105 0 0
  7 377  5 17 FH_T0.jpeg H   5 1 H 0.404094 0 0
  7 378  5 18 FH_T0.jpeg H   5 1 H 0.393012 0 0
  7 379  5 19 FA_T0.jpeg A   5 1 H 0.459461 0 0
  7 380  5 20 FA_T0.jpeg A   5 1 H 1.426604 0 0
  7 381  5 21 FH_T0.jpeg H   5 1 H 2.298100 0 0
  7 382  5 22 FH_T11.jpeg H   3 0 A 0.663343 0 0
  7 383  5 23 FA_T0.jpeg A   5 1 H 1.000059 0 0
  7 384  5 24 FA_T0.jpeg A   5 1 H 0.448331 0 0
  7 385  5 25 FH_T20.jpeg H   1 0 A 0.409673 0 0
  7 386  5 26 FH_T11.jpeg H   3 0 A 0.818323 0 0
  7 387  5 27 FA_T20.jpeg A   1 0 A 0.431637 0 0
  7 388  5 28 FH_T13.jpeg H   2 0 A 0.431221 0 0
  7 389  5 29 FH_T20.jpeg H   1 0 A 0.393107 0 0
  7 390  5 30 FH_T0.jpeg H   5 1 H 0.376133 0 0
  7 391  5 31 FA_T0.jpeg A   5 1 H 0.569295 0 0
  7 392  5 32 FA_T0.jpeg A   5 1 H 0.448340 0 0
  7 393  5 33 FH_T20.jpeg H   1 0 A 0.454154 0 0
  7 394  5 34 FH_T0.jpeg H   5 1 H 0.342936 0 0
  7 395  5 35 FH_T20.jpeg H   1 0 A 0.443031 0 0
  7 396  5 36 FH_T20.jpeg H   1 0 A 0.464521 0 0
  7 397  5 37 FA_T20.jpeg A   1 0 A 0.376467 0 0
  7 398  5 38 FH_T20.jpeg H   1 0 A 0.542048 0 0
  7 399  5 39 FA_T20.jpeg A   1 0 A 0.360240 0 0
  7 400  5 40 FH_T0.jpeg H   5 1 H 0.404001 0 0
  7 401  5 41 FA_T0.jpeg A   5 1 H 0.503444 0 0
  7 402  5 42 FH_T20.jpeg H   1 0 A 0.415032 0 0
  7 403  5 43 FH_T20.jpeg H   1 0 A 0.408984 0 0
  7 404  5 44 FA_T20.jpeg A   1 0 A 0.492595 0 0
  7 405  5 45 FA_T20.jpeg A   1 0 A 0.393121 0 0
  7 406  5 46 FH_T20.jpeg H   1 0 A 0.382081 0 0
  7 407  5 47 FH_T20.jpeg H   1 0 A 0.326511 0 0
  7 408  5 48 FH_T20.jpeg H   1 0 A 0.448033 0 0
  7 409  5 49 FH_T20.jpeg H   1 0 A 0.354475 0 0
  7 410  5 50 FH_T20.jpeg H   1 0 A 0.442658 0 0
  7 411  5 51 FH_T0.jpeg H   5 1 H 0.337432 0 0
  7 412  5 52 FH_T13.jpeg H   2 0 A 0.426389 0 0
  7 413  5 53 FA_T13.jpeg A   2 0 A 0.575252 0 0
  7 414  5 54 FH_T20.jpeg H   1 0 A 0.403315 0 0
  7 415  5 55 FA_T11.jpeg A   3 0 A 0.724356 0 0
  7 416  5 56 FH_T20.jpeg H   1 0 A 0.393180 0 0
  7 417  5 57 FH_T0.jpeg H   5 1 H 2.298534 0 0
  7 418  5 58 FH_T0.jpeg H   5 1 H 0.531160 0 0
  7 419  5 59 FA_T0.jpeg A   5 1 H 0.409444 0 0
  7 420  5 60 FH_T20.jpeg H   1 0 A 0.448102 0 0
  7 421  5 61 FA_T13.jpeg A   2 0 A 0.619536 0 0
  7 422  5 62 FH_T11.jpeg H   3 0 A 0.508702 0 0
  7 423  5 63 FH_T13.jpeg H   2 0 A 0.393205 0 0
  7 424  5 64 FH_T0.jpeg H   5 1 H 0.398626 0 0
  7 425  5 65 FA_T0.jpeg A   5 1 H 0.437265 0 0
  7 426  5 66 FA_T9.jpeg A   4 0 A 0.735985 0 0
  7 427  5 67 FH_T20.jpeg H   1 0 A 0.442671 0 0
  7 428  5 68 FH_T9.jpeg H   4 0 A 0.537408 0 0
  7 429  5 69 FA_T0.jpeg A   5 1 H 0.469951 0 0
  7 430  5 70 FA_T20.jpeg A   1 0 A 0.475427 0 0
  7 431  5 71 FH_T9.jpeg H   4 0 A 0.586341 0 0
  7 432  5 72 FA_T20.jpeg A   1 0 A 0.641154 0 0
  7 433  5 73 FH_T0.jpeg H   5 1 H 0.586453 0 0
  7 434  5 74 FA_T0.jpeg A   5 1 H 0.602914 0 0
  7 435  5 75 FH_T20.jpeg H   1 0 A 0.597402 0 0
  7 436  5 76 FA_T9.jpeg A   4 0 A 0.873137 0 0
  7 437  5 77 FA_T11.jpeg A   3 0 A 0.542578 0 0
  7 438  5 78 FA_T0.jpeg A   5 1 H 0.526106 0 0
  7 439  5 79 FH_T9.jpeg H   4 0 A 0.630176 0 0
  7 440  5 80 FA_T9.jpeg A   4 0 A 1.017505 0 0
  7 441  5 81 FA_T0.jpeg A   5 1 H 0.458899 0 0
  7 442  5 82 FH_T0.jpeg H   5 1 H 0.514258 0 0
  7 443  5 83 FH_T20.jpeg H   1 0 A 0.376514 0 0
  7 444  5 84 FH_T9.jpeg H   4 0 A 0.497062 0 0
  7 445  5 85 FA_T11.jpeg A   3 0 A 0.619549 0 0
  7 446  5 86 FA_T0.jpeg A   5 1 H 0.425747 0 0
  7 447  5 87 FA_T20.jpeg A   1 0 A 0.431551 0 0
  7 448  5 88 FA_T20.jpeg A   1 0 A 0.442365 0 0
  7 449  5 89 FA_T20.jpeg A   1 0 A 0.420420 0 0
  7 450  5 90 FA_T0.jpeg A   5 1 H 0.475487 0 0
  7 451  6  1 FA_T0.jpeg A   5 1 H 1.105864 0 0
  7 452  6  2 FH_T20.jpeg H   1 0 A 0.492116 0 0
  7 453  6  3 FH_T13.jpeg H   2 0 A 1.844362 0 0
  7 454  6  4 FH_T0.jpeg H   5 1 H 2.060672 0 0
  7 455  6  5 FH_T13.jpeg H   2 0 A 0.442748 0 0
  7 456  6  6 FH_T9.jpeg H   4 0 A 0.525848 0 0
  7 457  6  7 FA_T20.jpeg A   1 0 A 3.290907 0 0
  7 458  6  8 FH_T0.jpeg H   5 1 H 1.011858 0 0
  7 459  6  9 FA_T9.jpeg A   4 0 A 0.680246 0 0
  7 460  6 10 FA_T0.jpeg A   5 1 H 0.685750 0 0
  7 461  6 11 FH_T0.jpeg H   5 1 H 1.259655 0 0
  7 462  6 12 FA_T0.jpeg A   5 1 H 0.885005 0 0
  7 463  6 13 FA_T20.jpeg A   1 0 A 0.558594 0 0
  7 464  6 14 FH_T0.jpeg H   5 1 H 0.635641 0 0
  7 465  6 15 FA_T20.jpeg A   1 0 A 0.365972 0 0
  7 466  6 16 FA_T20.jpeg A   1 0 A 0.354013 0 0
  7 467  6 17 FA_T0.jpeg A   5 1 H 0.714092 0 0
  7 468  6 18 FA_T0.jpeg A   5 1 H 0.503817 0 0
  7 469  6 19 FA_T20.jpeg A   1 0 A 0.796653 0 0
  7 470  6 20 FH_T0.jpeg H   5 1 H 0.382004 0 0
  7 471  6 21 FA_T9.jpeg A   4 0 A 0.497800 0 0
  7 472  6 22 FH_T13.jpeg H   2 0 A 0.519821 0 0
  7 473  6 23 FA_T11.jpeg A   3 0 A 0.420571 0 0
  7 474  6 24 FH_T20.jpeg H   1 0 A 0.332509 0 0
  7 475  6 25 FH_T0.jpeg H   5 1 H 0.652237 0 0
  7 476  6 26 FH_T11.jpeg H   3 0 A 0.420578 0 0
  7 477  6 27 FH_T11.jpeg H   3 0 A 0.415124 0 0
  7 478  6 28 FA_T20.jpeg A   1 0 A 0.376612 0 0
  7 479  6 29 FA_T0.jpeg A   5 1 H 0.498184 0 0
  7 480  6 30 FH_T0.jpeg H   5 1 H 0.497754 0 0
  7 481  6 31 FH_T11.jpeg H   3 0 A 0.530516 0 0
  7 482  6 32 FA_T11.jpeg A   3 0 A 0.514508 0 0
  7 483  6 33 FA_T11.jpeg A   3 0 A 0.542207 0 0
  7 484  6 34 FH_T9.jpeg H   4 0 A 0.458725 0 0
  7 485  6 35 FA_T20.jpeg A   1 0 A 0.519973 0 0
  7 486  6 36 FA_T9.jpeg A   4 0 A 0.492309 0 0
  7 487  6 37 FH_T20.jpeg H   1 0 A 0.525216 0 0
  7 488  6 38 FA_T20.jpeg A   1 0 A 0.492244 0 0
  7 489  6 39 FA_T0.jpeg A   5 1 H 0.520204 0 0
  7 490  6 40 FH_T9.jpeg H   4 0 A 0.376381 0 0
  7 491  6 41 FH_T11.jpeg H   3 0 A 0.425949 0 0
  7 492  6 42 FH_T20.jpeg H   1 0 A 0.592147 0 0
  7 493  6 43 FA_T20.jpeg A   1 0 A 0.818274 0 0
  7 494  6 44 FH_T0.jpeg H   5 1 H 0.630105 0 0
  7 495  6 45 FH_T20.jpeg H   1 0 A 0.420613 0 0
  7 496  6 46 FA_T20.jpeg A   1 0 A 0.359869 0 0
  7 497  6 47 FA_T9.jpeg A   4 0 A 0.668897 0 0
  7 498  6 48 FH_T13.jpeg H   2 0 A 0.552851 0 0
  7 499  6 49 FH_T20.jpeg H   1 0 A 0.326537 0 0
  7 500  6 50 FA_T0.jpeg A   5 1 H 0.768564 0 0
  7 501  6 51 FA_T20.jpeg A   1 0 A 0.326610 0 0
  7 502  6 52 FA_T20.jpeg A   1 0 A 0.331940 0 0
  7 503  6 53 FA_T0.jpeg A   5 1 H 0.933773 0 0
  7 504  6 54 FA_T13.jpeg A   2 0 A 0.404295 0 0
  7 505  6 55 FH_T11.jpeg H   3 0 A 0.420635 0 0
  7 506  6 56 FA_T9.jpeg A   4 0 A 0.669084 0 0
  7 507  6 57 FH_T11.jpeg H   3 0 A 0.398311 0 0
  7 508  6 58 FA_T0.jpeg A   5 1 H 0.674474 0 0
  7 509  6 59 FH_T0.jpeg H   5 1 H 1.039973 0 0
  7 510  6 60 FH_T0.jpeg H   5 1 H 0.785014 0 0
  7 511  6 61 FH_T0.jpeg H   5 1 H 0.541879 0 0
  7 512  6 62 FA_T9.jpeg A   4 0 A 1.701730 0 0
  7 513  6 63 FA_T13.jpeg A   2 0 A 1.650860 0 0
  7 514  6 64 FH_T11.jpeg H   3 0 A 0.409388 0 0
  7 515  6 65 FA_T20.jpeg A   1 0 A 0.337597 0 0
  7 516  6 66 FH_T13.jpeg H   2 0 A 0.370892 0 0
  7 517  6 67 FA_T0.jpeg A   5 1 H 0.840522 0 0
  7 518  6 68 FH_T0.jpeg H   5 1 H 0.492190 0 0
  7 519  6 69 FA_T20.jpeg A   1 0 A 0.431197 0 0
  7 520  6 70 FA_T11.jpeg A   3 0 A 0.652214 0 0
  7 521  6 71 FH_T0.jpeg H   5 1 H 0.696615 0 0
  7 522  6 72 FH_T13.jpeg H   2 0 A 0.442498 0 0
  7 523  6 73 FH_T20.jpeg H   1 0 A 0.425874 0 0
  7 524  6 74 FH_T20.jpeg H   1 0 A 0.343148 0 0
  7 525  6 75 FA_T20.jpeg A   1 0 A 0.348417 0 0
  7 526  6 76 FH_T0.jpeg H   5 1 H 0.332230 0 0
  7 527  6 77 FH_T0.jpeg H   5 1 H 0.387461 0 0
  7 528  6 78 FA_T20.jpeg A   1 0 A 0.321108 0 0
  7 529  6 79 FA_T0.jpeg A   5 1 H 0.409610 0 0
  7 530  6 80 FA_T0.jpeg A   5 1 H 0.409408 0 0
  7 531  6 81 FH_T20.jpeg H   1 0 A 0.337462 0 0
  7 532  6 82 FA_T0.jpeg A   5 1 H 0.332303 0 0
  7 533  6 83 FH_T11.jpeg H   3 0 A 0.359850 0 0
  7 534  6 84 FH_T0.jpeg H   5 1 H 0.321695 0 0
  7 535  6 85 FA_T20.jpeg A   1 0 A 0.331833 0 0
  7 536  6 86 FH_T11.jpeg H   3 0 A 0.525871 0 0
  7 537  6 87 FA_T13.jpeg A   2 0 A 0.348558 0 0
  7 538  6 88 FA_T0.jpeg A   5 1 H 0.387597 0 0
  7 539  6 89 FH_T0.jpeg H   5 1 H 0.403905 0 0
  7 540  6 90 FH_T0.jpeg H   5 0 A 0.376458 0 0
  7 541  7  1 FH_T0.jpeg H   5 1 H 0.840477 0 0
  7 542  7  2 FA_T20.jpeg A   1 0 A 0.376549 0 0
  7 543  7  3 FH_T0.jpeg H   5 1 H 0.404284 0 0
  7 544  7  4 FA_T0.jpeg A   5 1 H 0.392978 0 0
  7 545  7  5 FH_T11.jpeg H   3 0 A 0.641259 0 0
  7 546  7  6 FA_T20.jpeg A   1 0 A 0.342990 0 0
  7 547  7  7 FA_T13.jpeg A   2 0 A 0.658159 0 0
  7 548  7  8 FH_T20.jpeg H   1 0 A 0.392725 0 0
  7 549  7  9 FA_T9.jpeg A   4 1 H 0.371054 0 0
  7 550  7 10 FH_T20.jpeg H   1 0 A 0.392994 0 0
  7 551  7 11 FA_T13.jpeg A   2 0 A 0.359665 0 0
  7 552  7 12 FA_T20.jpeg A   1 0 A 0.431795 0 0
  7 553  7 13 FA_T20.jpeg A   1 0 A 0.547056 0 0
  7 554  7 14 FH_T11.jpeg H   3 0 A 0.459069 0 0
  7 555  7 15 FA_T0.jpeg A   5 1 H 0.459618 0 0
  7 556  7 16 FH_T20.jpeg H   1 0 A 0.370947 0 0
  7 557  7 17 FH_T0.jpeg H   5 1 H 0.453973 0 0
  7 558  7 18 FH_T9.jpeg H   4 0 A 0.912622 0 0
  7 559  7 19 FA_T0.jpeg A   5 1 H 0.857195 0 0
  7 560  7 20 FA_T0.jpeg A   5 1 H 0.491920 0 0
  7 561  7 21 FA_T11.jpeg A   3 0 A 0.393062 0 0
  7 562  7 22 FH_T9.jpeg H   4 0 A 0.536821 0 0
  7 563  7 23 FH_T13.jpeg H   2 0 A 0.564512 0 0
  7 564  7 24 FH_T0.jpeg H   5 1 H 2.335927 0 0
  7 565  7 25 FA_T20.jpeg A   1 0 A 0.470129 0 0
  7 566  7 26 FH_T0.jpeg H   5 1 H 0.343021 0 0
  7 567  7 27 FA_T0.jpeg A   5 1 H 0.475578 0 0
  7 568  7 28 FH_T0.jpeg H   5 1 H 0.404099 0 0
  7 569  7 29 FA_T20.jpeg A   1 0 A 0.326382 0 0
  7 570  7 30 FA_T9.jpeg A   4 0 A 1.182736 0 0
  7 571  7 31 FH_T11.jpeg H   3 0 A 0.436775 0 0
  7 572  7 32 FH_T13.jpeg H   2 0 A 0.503706 0 0
  7 573  7 33 FA_T20.jpeg A   1 0 A 0.342907 0 0
  7 574  7 34 FH_T13.jpeg H   2 0 A 0.415063 0 0
  7 575  7 35 FH_T11.jpeg H   3 0 A 0.425895 0 0
  7 576  7 36 FA_T11.jpeg A   3 0 A 0.603052 0 0
  7 577  7 37 FH_T20.jpeg H   1 0 A 0.371025 0 0
  7 578  7 38 FH_T20.jpeg H   1 0 A 0.586493 0 0
  7 579  7 39 FA_T13.jpeg A   2 0 A 1.281900 0 0
  7 580  7 40 FH_T20.jpeg H   1 0 A 1.796187 0 0
  7 581  7 41 FA_T11.jpeg A   3 0 A 0.602124 0 0
  7 582  7 42 FH_T11.jpeg H   3 0 A 0.685941 0 0
  7 583  7 43 FH_T9.jpeg H   4 0 A 0.436603 0 0
  7 584  7 44 FH_T20.jpeg H   1 0 A 1.865845 0 0
  7 585  7 45 FH_T0.jpeg H   5 1 H 0.391658 0 0
  7 586  7 46 FH_T20.jpeg H   1 0 A 0.326387 0 0
  7 587  7 47 FH_T0.jpeg H   5 1 H 1.442923 0 0
  7 588  7 48 FH_T11.jpeg H   3 0 A 0.409125 0 0
  7 589  7 49 FH_T0.jpeg H   5 1 H 0.453952 0 0
  7 590  7 50 FA_T0.jpeg A   5 1 H 0.404165 0 0
  7 591  7 51 FA_T20.jpeg A   1 0 A 0.437118 0 0
  7 592  7 52 FH_T20.jpeg H   1 0 A 0.343552 0 0
  7 593  7 53 FH_T20.jpeg H   1 0 A 0.448379 0 0
  7 594  7 54 FH_T20.jpeg H   1 0 A 0.321062 0 0
  7 595  7 55 FH_T0.jpeg H   5 1 H 0.392864 0 0
  7 596  7 56 FA_T11.jpeg A   3 0 A 0.725025 0 0
  7 597  7 57 FA_T0.jpeg A   5 1 H 0.404156 0 0
  7 598  7 58 FA_T0.jpeg A   5 1 H 0.680411 0 0
  7 599  7 59 FA_T0.jpeg A   5 1 H 0.570337 0 0
  7 600  7 60 FH_T13.jpeg H   2 0 A 0.437340 0 0
  7 601  7 61 FA_T20.jpeg A   1 0 A 0.354100 0 0
  7 602  7 62 FA_T20.jpeg A   1 0 A 0.326648 0 0
  7 603  7 63 FH_T13.jpeg H   2 0 A 0.392834 0 0
  7 604  7 64 FH_T0.jpeg H   5 1 H 0.486466 0 0
  7 605  7 65 FA_T20.jpeg A   1 0 A 0.337749 0 0
  7 606  7 66 FA_T0.jpeg A   5 1 H 1.066683 0 0
  7 607  7 67 FH_T0.jpeg H   5 1 H 1.078233 0 0
  7 608  7 68 FH_T20.jpeg H   1 0 A 1.640703 0 0
  7 609  7 69 FA_T20.jpeg A   1 0 A 0.907051 0 0
  7 610  7 70 FA_T20.jpeg A   1 0 A 0.597585 0 0
  7 611  7 71 FH_T11.jpeg H   3 0 A 0.619152 0 0
  7 612  7 72 FA_T20.jpeg A   1 0 A 0.459595 0 0
  7 613  7 73 FA_T11.jpeg A   3 0 A 0.564826 0 0
  7 614  7 74 FH_T20.jpeg H   1 0 A 9.840297 0 0
  7 615  7 75 FA_T20.jpeg A   1 0 A 1.750955 0 0
  7 616  7 76 FH_T13.jpeg H   2 0 A 5.003739 0 0
  7 617  7 77 FA_T20.jpeg A   1 0 A 1.497472 0 0
  7 618  7 78 FA_T9.jpeg A   4 0 A 2.286468 0 0
  7 619  7 79 FH_T9.jpeg H   4 0 A 0.814048 0 0
  7 620  7 80 FA_T20.jpeg A   1 0 A 1.359731 0 0
  7 621  7 81 FA_T9.jpeg A   4 1 H 1.209486 0 0
  7 622  7 82 FA_T20.jpeg A   1 0 A 0.984355 0 0
  7 623  7 83 FH_T0.jpeg H   5 1 H 2.457043 0 0
  7 624  7 84 FH_T0.jpeg H   5 1 H 1.227589 0 0
  7 625  7 85 FH_T9.jpeg H   4 0 A 2.166009 0 0
  7 626  7 86 FA_T13.jpeg A   2 0 A 0.663349 0 0
  7 627  7 87 FH_T0.jpeg H   5 0 A 0.376591 0 0
  7 628  7 88 FH_T0.jpeg H   5 1 H 0.530758 0 0
  7 629  7 89 FA_T11.jpeg A   3 0 A 0.835809 0 0
  7 630  7 90 FH_T20.jpeg H   1 0 A 0.409697 0 0
  7 631  8  1 FH_T20.jpeg H   1 0 A 0.553256 0 0
  7 632  8  2 FA_T13.jpeg A   2 0 A 1.393398 0 0
  7 633  8  3 FH_T0.jpeg H   5 1 H 0.426403 0 0
  7 634  8  4 FH_T0.jpeg H   5 1 H 0.365318 0 0
  7 635  8  5 FA_T0.jpeg A   5 1 H 0.420650 0 0
  7 636  8  6 FH_T20.jpeg H   1 0 A 3.606270 0 0
  7 637  8  7 FH_T13.jpeg H   2 0 A 3.045038 0 0
  7 638  8  8 FH_T13.jpeg H   2 0 A 1.017370 0 0
  7 639  8  9 FH_T13.jpeg H   2 0 A 0.408851 0 0
  7 640  8 10 FA_T0.jpeg A   5 1 H 0.558076 0 0
  7 641  8 11 FH_T20.jpeg H   1 0 A 0.342995 0 0
  7 642  8 12 FA_T20.jpeg A   1 0 A 0.575167 0 0
  7 643  8 13 FA_T0.jpeg A   5 1 H 0.443303 0 0
  7 644  8 14 FA_T20.jpeg A   1 0 A 0.315850 0 0
  7 645  8 15 FH_T0.jpeg H   5 1 H 0.746380 0 0
  7 646  8 16 FH_T20.jpeg H   1 0 A 0.442568 0 0
  7 647  8 17 FA_T0.jpeg A   5 1 H 0.939771 0 0
  7 648  8 18 FA_T0.jpeg A   5 1 H 0.431723 0 0
  7 649  8 19 FA_T13.jpeg A   2 0 A 0.845246 0 0
  7 650  8 20 FH_T20.jpeg H   1 0 A 0.376671 0 0
  7 651  8 21 FH_T0.jpeg H   5 1 H 0.365274 0 0
  7 652  8 22 FA_T9.jpeg A   4 0 A 0.735153 0 0
  7 653  8 23 FH_T0.jpeg H   5 1 H 0.343160 0 0
  7 654  8 24 FH_T9.jpeg H   4 0 A 0.536525 0 0
  7 655  8 25 FA_T9.jpeg A   4 0 A 0.729733 0 0
  7 656  8 26 FA_T13.jpeg A   2 0 A 0.436940 0 0
  7 657  8 27 FH_T11.jpeg H   3 0 A 0.343588 0 0
  7 658  8 28 FA_T0.jpeg A   5 1 H 0.404381 0 0
  7 659  8 29 FA_T11.jpeg A   3 0 A 0.442771 0 0
  7 660  8 30 FH_T20.jpeg H   1 0 A 0.414955 0 0
  7 661  8 31 FH_T9.jpeg H   4 0 A 0.531138 0 0
  7 662  8 32 FH_T20.jpeg H   1 0 A 0.326189 0 0
  7 663  8 33 FH_T0.jpeg H   5 1 H 0.773765 0 0
  7 664  8 34 FH_T13.jpeg H   2 0 A 1.788915 0 0
  7 665  8 35 FH_T13.jpeg H   2 0 A 1.955658 0 0
  7 666  8 36 FH_T13.jpeg H   2 0 A 0.381349 0 0
  7 667  8 37 FA_T9.jpeg A   4 0 A 0.376438 0 0
  7 668  8 38 FH_T20.jpeg H   1 0 A 0.387683 0 0
  7 669  8 39 FA_T0.jpeg A   5 1 H 0.437194 0 0
  7 670  8 40 FA_T13.jpeg A   2 0 A 0.514732 0 0
  7 671  8 41 FH_T20.jpeg H   1 0 A 0.338254 0 0
  7 672  8 42 FA_T20.jpeg A   1 0 A 0.315501 0 0
  7 673  8 43 FH_T0.jpeg H   5 1 H 0.376266 0 0
  7 674  8 44 FA_T13.jpeg A   2 0 A 0.331915 0 0
  7 675  8 45 FH_T20.jpeg H   1 0 A 0.299285 0 0
  7 676  8 46 FH_T20.jpeg H   1 0 A 0.420749 0 0
  7 677  8 47 FH_T0.jpeg H   5 1 H 0.404047 0 0
  7 678  8 48 FH_T20.jpeg H   1 0 A 0.392510 0 0
  7 679  8 49 FA_T0.jpeg A   5 1 H 0.360110 0 0
  7 680  8 50 FA_T11.jpeg A   3 0 A 0.580817 0 0
  7 681  8 51 FH_T13.jpeg H   2 0 A 0.426245 0 0
  7 682  8 52 FH_T11.jpeg H   3 0 A 0.359921 0 0
  7 683  8 53 FA_T0.jpeg A   5 1 H 0.635448 0 0
  7 684  8 54 FA_T0.jpeg A   5 1 H 0.425898 0 0
  7 685  8 55 FH_T0.jpeg H   5 1 H 0.332251 0 0
  7 686  8 56 FH_T0.jpeg H   5 1 H 0.332198 0 0
  7 687  8 57 FH_T9.jpeg H   4 0 A 1.155513 0 0
  7 688  8 58 FA_T9.jpeg A   4 1 H 0.398578 0 0
  7 689  8 59 FH_T20.jpeg H   1 0 A 1.381802 0 0
  7 690  8 60 FH_T0.jpeg H   5 1 H 2.639911 0 0
  7 691  8 61 FA_T0.jpeg A   5 1 H 7.700758 0 0
  7 692  8 62 FA_T13.jpeg A   2 0 A 1.586009 0 0
  7 693  8 63 FA_T20.jpeg A   1 0 A 0.382008 0 0
  7 694  8 64 FA_T11.jpeg A   3 0 A 0.602889 0 0
  7 695  8 65 FA_T9.jpeg A   4 0 A 0.541889 0 0
  7 696  8 66 FH_T0.jpeg H   5 1 H 0.403694 0 0
  7 697  8 67 FA_T0.jpeg A   5 1 H 0.349042 0 0
  7 698  8 68 FA_T0.jpeg A   5 1 H 0.375678 0 0
  7 699  8 69 FA_T20.jpeg A   1 0 A 0.364856 0 0
  7 700  8 70 FA_T9.jpeg A   4 0 A 0.535654 0 0
  7 701  8 71 FA_T20.jpeg A   1 0 A 0.304913 0 0
  7 702  8 72 FA_T20.jpeg A   1 0 A 0.315252 0 0
  7 703  8 73 FA_T11.jpeg A   3 0 A 0.481667 0 0
  7 704  8 74 FH_T0.jpeg H   5 1 H 0.404309 0 0
  7 705  8 75 FH_T0.jpeg H   5 0 A 0.298581 0 0
  7 706  8 76 FA_T0.jpeg A   5 1 H 0.807962 0 0
  7 707  8 77 FA_T13.jpeg A   2 0 A 0.713749 0 0
  7 708  8 78 FA_T0.jpeg A   5 1 H 0.463910 0 0
  7 709  8 79 FA_T13.jpeg A   2 0 A 0.591820 0 0
  7 710  8 80 FH_T20.jpeg H   1 0 A 0.432196 0 0
  7 711  8 81 FH_T20.jpeg H   1 0 A 0.492500 0 0
  7 712  8 82 FA_T20.jpeg A   1 0 A 0.337702 0 0
  7 713  8 83 FA_T0.jpeg A   5 1 H 0.415108 0 0
  7 714  8 84 FA_T20.jpeg A   1 0 A 0.376027 0 0
  7 715  8 85 FA_T11.jpeg A   3 0 A 0.575876 0 0
  7 716  8 86 FH_T11.jpeg H   3 0 A 0.387221 0 0
  7 717  8 87 FA_T20.jpeg A   1 0 A 0.331896 0 0
  7 718  8 88 FH_T20.jpeg H   1 0 A 0.342964 0 0
  7 719  8 89 FA_T11.jpeg A   3 1 H 0.343420 0 0
  7 720  8 90 FA_T11.jpeg A   3 0 A 0.464789 0 0
