 19   1  1  1 FA_T13.jpeg A   2 1 H 2.035653 0 0
 19   2  1  2 FH_T0.jpeg H   5 1 H 1.873590 0 0
 19   3  1  3 FA_T0.jpeg A   5 1 H 0.912214 0 0
 19   4  1  4 FA_T13.jpeg A   2 0 A 1.735891 0 0
 19   5  1  5 FH_T20.jpeg H   1 0 A 0.879042 0 0
 19   6  1  6 FA_T11.jpeg A   3 1 H 2.204533 0 0
 19   7  1  7 FH_T20.jpeg H   1 0 A 0.679545 0 0
 19   8  1  8 FA_T20.jpeg A   1 0 A 0.680374 0 0
 19   9  1  9 FA_T20.jpeg A   1 0 A 0.586151 0 0
 19  10  1 10 FH_T20.jpeg H   1 0 A 0.790613 0 0
 19  11  1 11 FH_T11.jpeg H   3 1 H 0.922669 0 0
 19  12  1 12 FA_T0.jpeg A   5 1 H 0.685735 0 0
 19  13  1 13 FA_T13.jpeg A   2 1 H 2.425953 0 0
 19  14  1 14 FH_T11.jpeg H   3 1 H 0.779165 0 0
 19  15  1 15 FA_T20.jpeg A   1 0 A 0.757289 0 0
 19  16  1 16 FA_T9.jpeg A   4 1 H 0.713254 0 0
 19  17  1 17 FH_T0.jpeg H   5 1 H 0.878722 0 0
 19  18  1 18 FA_T9.jpeg A   4 1 H 0.735466 0 0
 19  19  1 19 FH_T0.jpeg H   5 1 H 0.658242 0 0
 19  20  1 20 FA_T20.jpeg A   1 0 A 1.255281 0 0
 19  21  1 21 FA_T20.jpeg A   1 0 A 0.530852 0 0
 19  22  1 22 FA_T20.jpeg A   1 0 A 0.955548 0 0
 19  23  1 23 FH_T20.jpeg H   1 0 A 0.509175 0 0
 19  24  1 24 FA_T9.jpeg A   4 1 H 1.215448 0 0
 19  25  1 25 FA_T20.jpeg A   1 0 A 0.553213 0 0
 19  26  1 26 FH_T13.jpeg H   2 1 H 0.619590 0 0
 19  27  1 27 FA_T9.jpeg A   4 1 H 0.735117 0 0
 19  28  1 28 FA_T20.jpeg A   1 0 A 0.647196 0 0
 19  29  1 29 FA_T0.jpeg A   5 1 H 1.111242 0 0
 19  30  1 30 FA_T20.jpeg A   1 0 A 0.525910 0 0
 19  31  1 31 FA_T0.jpeg A   5 1 H 0.702343 0 0
 19  32  1 32 FH_T0.jpeg H   5 1 H 0.542537 0 0
 19  33  1 33 FH_T20.jpeg H   1 0 A 0.530926 0 0
 19  34  1 34 FH_T20.jpeg H   1 0 A 0.547956 0 0
 19  35  1 35 FH_T13.jpeg H   2 0 A 0.724799 0 0
 19  36  1 36 FH_T9.jpeg H   4 1 H 0.685869 0 0
 19  37  1 37 FA_T13.jpeg A   2 1 H 0.747032 0 0
 19  38  1 38 FA_T20.jpeg A   1 0 A 0.990208 0 0
 19  39  1 39 FH_T0.jpeg H   5 1 H 0.530956 0 0
 19  40  1 40 FA_T0.jpeg A   5 1 H 0.823835 0 0
 19  41  1 41 FH_T20.jpeg H   1 0 A 0.509130 0 0
 19  42  1 42 FA_T11.jpeg A   3 1 H 0.647330 0 0
 19  43  1 43 FA_T9.jpeg A   4 1 H 0.945680 0 0
 19  44  1 44 FA_T11.jpeg A   3 1 H 0.807324 0 0
 19  45  1 45 FA_T20.jpeg A   1 0 A 0.845386 0 0
 19  46  1 46 FA_T0.jpeg A   5 1 H 0.680403 0 0
 19  47  1 47 FH_T20.jpeg H   1 0 A 0.828806 0 0
 19  48  1 48 FA_T20.jpeg A   1 0 A 0.553128 0 0
 19  49  1 49 FA_T20.jpeg A   1 0 A 0.437183 0 0
 19  50  1 50 FA_T0.jpeg A   5 1 H 0.772375 0 0
 19  51  1 51 FA_T0.jpeg A   5 1 H 0.646744 0 0
 19  52  1 52 FH_T20.jpeg H   1 0 A 0.675552 0 0
 19  53  1 53 FH_T20.jpeg H   1 0 A 0.757352 0 0
 19  54  1 54 FA_T9.jpeg A   4 1 H 0.840402 0 0
 19  55  1 55 FH_T0.jpeg H   5 1 H 0.779992 0 0
 19  56  1 56 FH_T20.jpeg H   1 0 A 0.752200 0 0
 19  57  1 57 FA_T13.jpeg A   2 1 H 0.652741 0 0
 19  58  1 58 FH_T13.jpeg H   2 0 A 1.160751 0 0
 19  59  1 59 FH_T0.jpeg H   5 1 H 0.802036 0 0
 19  60  1 60 FH_T9.jpeg H   4 1 H 0.779371 0 0
 19  61  1 61 FH_T11.jpeg H   3 0 A 0.817964 0 0
 19  62  1 62 FH_T20.jpeg H   1 0 A 0.690620 0 0
 19  63  1 63 FA_T20.jpeg A   1 0 A 2.297675 0 0
 19  64  1 64 FH_T20.jpeg H   1 0 A 0.719374 0 0
 19  65  1 65 FH_T9.jpeg H   4 1 H 1.209263 0 0
 19  66  1 66 FH_T9.jpeg H   4 1 H 1.464609 0 0
 19  67  1 67 FH_T20.jpeg H   1 0 A 0.696014 0 0
 19  68  1 68 FA_T20.jpeg A   1 0 A 0.895557 0 0
 19  69  1 69 FH_T0.jpeg H   5 1 H 0.718706 0 0
 19  70  1 70 FA_T13.jpeg A   2 0 A 1.094858 0 0
 19  71  1 71 FA_T0.jpeg A   5 1 H 0.636432 0 0
 19  72  1 72 FA_T9.jpeg A   4 1 H 1.139168 0 0
 19  73  1 73 FH_T11.jpeg H   3 0 A 1.127427 0 0
 19  74  1 74 FH_T0.jpeg H   5 1 H 0.652198 0 0
 19  75  1 75 FH_T13.jpeg H   2 0 A 1.160552 0 0
 19  76  1 76 FH_T20.jpeg H   1 0 A 0.530549 0 0
 19  77  1 77 FA_T9.jpeg A   4 1 H 1.100110 0 0
 19  78  1 78 FH_T20.jpeg H   1 0 A 0.580866 0 0
 19  79  1 79 FH_T20.jpeg H   1 0 A 0.658437 0 0
 19  80  1 80 FH_T0.jpeg H   5 1 H 0.575200 0 0
 19  81  1 81 FH_T20.jpeg H   1 0 A 0.531391 0 0
 19  82  1 82 FA_T20.jpeg A   1 0 A 0.481791 0 0
 19  83  1 83 FA_T9.jpeg A   4 1 H 0.563927 0 0
 19  84  1 84 FA_T20.jpeg A   1 0 A 0.636050 0 0
 19  85  1 85 FA_T9.jpeg A   4 1 H 0.530999 0 0
 19  86  1 86 FA_T20.jpeg A   1 0 A 0.575415 0 0
 19  87  1 87 FH_T0.jpeg H   5 1 H 0.625580 0 0
 19  88  1 88 FA_T0.jpeg A   5 1 H 0.542222 0 0
 19  89  1 89 FA_T20.jpeg A   1 0 A 0.541879 0 0
 19  90  1 90 FH_T11.jpeg H   3 1 H 1.354189 0 0
 19  91  2  1 FH_T13.jpeg H   2 0 A 1.248217 0 0
 19  92  2  2 FA_T0.jpeg A   5 1 H 0.713202 0 0
 19  93  2  3 FA_T20.jpeg A   1 1 H 0.514339 0 0
 19  94  2  4 FA_T20.jpeg A   1 0 A 0.796206 0 0
 19  95  2  5 FA_T0.jpeg A   5 1 H 0.558897 0 0
 19  96  2  6 FH_T11.jpeg H   3 1 H 1.640011 0 0
 19  97  2  7 FA_T0.jpeg A   5 1 H 0.564056 0 0
 19  98  2  8 FH_T0.jpeg H   5 1 H 0.481010 0 0
 19  99  2  9 FH_T0.jpeg H   5 1 H 0.459463 0 0
 19 100  2 10 FH_T9.jpeg H   4 1 H 1.365089 0 0
 19 101  2 11 FH_T20.jpeg H   1 0 A 0.762806 0 0
 19 102  2 12 FH_T9.jpeg H   4 1 H 0.840482 0 0
 19 103  2 13 FA_T0.jpeg A   5 1 H 1.099871 0 0
 19 104  2 14 FH_T20.jpeg H   1 0 A 0.657921 0 0
 19 105  2 15 FA_T0.jpeg A   5 1 H 0.769085 0 0
 19 106  2 16 FH_T20.jpeg H   1 0 A 0.547599 0 0
 19 107  2 17 FH_T0.jpeg H   5 1 H 0.927805 0 0
 19 108  2 18 FH_T13.jpeg H   2 0 A 1.161134 0 0
 19 109  2 19 FA_T0.jpeg A   5 1 H 0.519819 0 0
 19 110  2 20 FH_T13.jpeg H   2 0 A 0.719181 0 0
 19 111  2 21 FH_T0.jpeg H   5 1 H 0.608982 0 0
 19 112  2 22 FH_T0.jpeg H   5 1 H 0.574498 0 0
 19 113  2 23 FH_T11.jpeg H   3 0 A 1.076930 0 0
 19 114  2 24 FA_T13.jpeg A   2 0 A 0.729776 0 0
 19 115  2 25 FA_T11.jpeg A   3 1 H 0.780341 0 0
 19 116  2 26 FH_T0.jpeg H   5 1 H 0.509253 0 0
 19 117  2 27 FA_T20.jpeg A   1 0 A 0.536552 0 0
 19 118  2 28 FH_T20.jpeg H   1 0 A 0.563500 0 0
 19 119  2 29 FH_T13.jpeg H   2 0 A 0.857500 0 0
 19 120  2 30 FA_T0.jpeg A   5 1 H 0.690975 0 0
 19 121  2 31 FA_T11.jpeg A   3 1 H 1.238049 0 0
 19 122  2 32 FA_T20.jpeg A   1 0 A 1.127756 0 0
 19 123  2 33 FA_T9.jpeg A   4 1 H 0.818341 0 0
 19 124  2 34 FH_T0.jpeg H   5 1 H 0.586510 0 0
 19 125  2 35 FH_T0.jpeg H   5 1 H 0.795971 0 0
 19 126  2 36 FH_T13.jpeg H   2 0 A 1.083329 0 0
 19 127  2 37 FH_T20.jpeg H   1 0 A 0.796638 0 0
 19 128  2 38 FA_T0.jpeg A   5 1 H 0.668861 0 0
 19 129  2 39 FH_T20.jpeg H   1 0 A 0.553868 0 0
 19 130  2 40 FH_T11.jpeg H   3 0 A 1.226089 0 0
 19 131  2 41 FH_T20.jpeg H   1 0 A 0.575074 0 0
 19 132  2 42 FA_T0.jpeg A   5 1 H 1.530627 0 0
 19 133  2 43 FA_T11.jpeg A   3 1 H 1.291683 0 0
 19 134  2 44 FA_T11.jpeg A   3 1 H 0.912086 0 0
 19 135  2 45 FA_T20.jpeg A   1 0 A 0.624480 0 0
 19 136  2 46 FA_T11.jpeg A   3 1 H 1.181711 0 0
 19 137  2 47 FA_T0.jpeg A   5 1 H 0.901713 0 0
 19 138  2 48 FA_T13.jpeg A   2 0 A 0.972679 0 0
 19 139  2 49 FH_T20.jpeg H   1 0 A 0.564191 0 0
 19 140  2 50 FH_T0.jpeg H   5 1 H 0.613326 0 0
 19 141  2 51 FH_T0.jpeg H   5 1 H 0.558746 0 0
 19 142  2 52 FA_T0.jpeg A   5 1 H 0.569847 0 0
 19 143  2 53 FH_T20.jpeg H   1 0 A 0.575161 0 0
 19 144  2 54 FH_T0.jpeg H   5 1 H 0.553295 0 0
 19 145  2 55 FA_T0.jpeg A   5 1 H 0.552510 0 0
 19 146  2 56 FA_T20.jpeg A   1 0 A 0.608070 0 0
 19 147  2 57 FA_T20.jpeg A   1 0 A 0.470152 0 0
 19 148  2 58 FH_T11.jpeg H   3 0 A 1.149379 0 0
 19 149  2 59 FH_T13.jpeg H   2 0 A 0.547006 0 0
 19 150  2 60 FH_T20.jpeg H   1 0 A 0.547571 0 0
 19 151  2 61 FA_T9.jpeg A   4 1 H 0.961802 0 0
 19 152  2 62 FA_T11.jpeg A   3 1 H 1.281660 0 0
 19 153  2 63 FH_T20.jpeg H   1 0 A 0.691318 0 0
 19 154  2 64 FA_T20.jpeg A   1 0 A 0.531225 0 0
 19 155  2 65 FH_T13.jpeg H   2 1 H 1.127542 0 0
 19 156  2 66 FA_T0.jpeg A   5 1 H 0.591919 0 0
 19 157  2 67 FA_T0.jpeg A   5 1 H 0.431305 0 0
 19 158  2 68 FH_T0.jpeg H   5 1 H 0.453792 0 0
 19 159  2 69 FA_T0.jpeg A   5 1 H 0.426425 0 0
 19 160  2 70 FH_T0.jpeg H   5 1 H 0.398643 0 0
 19 161  2 71 FA_T13.jpeg A   2 1 H 1.049680 0 0
 19 162  2 72 FA_T9.jpeg A   4 1 H 0.519861 0 0
 19 163  2 73 FA_T11.jpeg A   3 1 H 0.426218 0 0
 19 164  2 74 FA_T20.jpeg A   1 0 A 0.476265 0 0
 19 165  2 75 FH_T0.jpeg H   5 1 H 0.420685 0 0
 19 166  2 76 FH_T0.jpeg H   5 1 H 0.448302 0 0
 19 167  2 77 FA_T0.jpeg A   5 1 H 0.613923 0 0
 19 168  2 78 FA_T0.jpeg A   5 1 H 0.491812 0 0
 19 169  2 79 FA_T13.jpeg A   2 0 A 0.796033 0 0
 19 170  2 80 FH_T0.jpeg H   5 1 H 0.640854 0 0
 19 171  2 81 FH_T9.jpeg H   4 0 A 0.867624 0 0
 19 172  2 82 FH_T9.jpeg H   4 0 A 0.702440 0 0
 19 173  2 83 FH_T20.jpeg H   1 0 A 0.872996 0 0
 19 174  2 84 FA_T20.jpeg A   1 0 A 0.575324 0 0
 19 175  2 85 FA_T20.jpeg A   1 0 A 0.453200 0 0
 19 176  2 86 FA_T20.jpeg A   1 0 A 0.431745 0 0
 19 177  2 87 FA_T11.jpeg A   3 1 H 1.077643 0 0
 19 178  2 88 FA_T20.jpeg A   1 0 A 2.430019 0 0
 19 179  2 89 FA_T0.jpeg A   5 1 H 0.641050 0 0
 19 180  2 90 FH_T13.jpeg H   2 0 A 1.182245 0 0
 19 181  3  1 FA_T20.jpeg A   1 0 A 0.790576 0 0
 19 182  3  2 FA_T20.jpeg A   1 0 A 0.498127 0 0
 19 183  3  3 FH_T20.jpeg H   1 0 A 0.597420 0 0
 19 184  3  4 FH_T13.jpeg H   2 0 A 0.428198 0 0
 19 185  3  5 FA_T0.jpeg A   5 1 H 0.442734 0 0
 19 186  3  6 FH_T0.jpeg H   5 1 H 0.426028 0 0
 19 187  3  7 FA_T0.jpeg A   5 1 H 0.475985 0 0
 19 188  3  8 FH_T0.jpeg H   5 1 H 0.365293 0 0
 19 189  3  9 FA_T0.jpeg A   5 1 H 0.437002 0 0
 19 190  3 10 FH_T20.jpeg H   1 0 A 0.575292 0 0
 19 191  3 11 FA_T20.jpeg A   1 0 A 0.392991 0 0
 19 192  3 12 FH_T20.jpeg H   1 0 A 0.503150 0 0
 19 193  3 13 FH_T20.jpeg H   1 0 A 0.404135 0 0
 19 194  3 14 FA_T20.jpeg A   1 0 A 0.458954 0 0
 19 195  3 15 FH_T9.jpeg H   4 0 A 0.480986 0 0
 19 196  3 16 FH_T0.jpeg H   5 1 H 0.580415 0 0
 19 197  3 17 FH_T0.jpeg H   5 1 H 0.536541 0 0
 19 198  3 18 FH_T13.jpeg H   2 0 A 1.132784 0 0
 19 199  3 19 FH_T0.jpeg H   5 1 H 0.426196 0 0
 19 200  3 20 FA_T11.jpeg A   3 1 H 0.872806 0 0
 19 201  3 21 FH_T20.jpeg H   1 0 A 0.569839 0 0
 19 202  3 22 FA_T0.jpeg A   5 1 H 0.574803 0 0
 19 203  3 23 FH_T9.jpeg H   4 0 A 0.591920 0 0
 19 204  3 24 FH_T20.jpeg H   1 0 A 0.713036 0 0
 19 205  3 25 FH_T11.jpeg H   3 0 A 1.060473 0 0
 19 206  3 26 FA_T20.jpeg A   1 0 A 1.575067 0 0
 19 207  3 27 FH_T20.jpeg H   1 0 A 0.503200 0 0
 19 208  3 28 FA_T13.jpeg A   2 0 A 0.442783 0 0
 19 209  3 29 FA_T9.jpeg A   4 1 H 0.934255 0 0
 19 210  3 30 FA_T13.jpeg A   2 0 A 1.480404 0 0
 19 211  3 31 FH_T9.jpeg H   4 1 H 1.220127 0 0
 19 212  3 32 FH_T9.jpeg H   4 1 H 1.060813 0 0
 19 213  3 33 FA_T0.jpeg A   5 1 H 1.209892 0 0
 19 214  3 34 FH_T9.jpeg H   4 1 H 0.829436 0 0
 19 215  3 35 FH_T0.jpeg H   5 1 H 0.785106 0 0
 19 216  3 36 FA_T20.jpeg A   1 0 A 0.658266 0 0
 19 217  3 37 FH_T9.jpeg H   4 1 H 1.557330 0 0
 19 218  3 38 FH_T20.jpeg H   1 0 A 0.574577 0 0
 19 219  3 39 FH_T11.jpeg H   3 1 H 0.889147 0 0
 19 220  3 40 FA_T0.jpeg A   5 1 H 0.774037 0 0
 19 221  3 41 FA_T11.jpeg A   3 1 H 1.353328 0 0
 19 222  3 42 FH_T13.jpeg H   2 0 A 0.785555 0 0
 19 223  3 43 FH_T0.jpeg H   5 1 H 0.646976 0 0
 19 224  3 44 FA_T0.jpeg A   5 1 H 1.082395 0 0
 19 225  3 45 FH_T0.jpeg H   5 1 H 0.575578 0 0
 19 226  3 46 FH_T11.jpeg H   3 1 H 2.594328 0 0
 19 227  3 47 FH_T20.jpeg H   1 0 A 0.591022 0 0
 19 228  3 48 FH_T13.jpeg H   2 0 A 0.840062 0 0
 19 229  3 49 FH_T13.jpeg H   2 0 A 0.631001 0 0
 19 230  3 50 FA_T20.jpeg A   1 0 A 0.541181 0 0
 19 231  3 51 FA_T20.jpeg A   1 0 A 0.441795 0 0
 19 232  3 52 FA_T0.jpeg A   5 1 H 0.514336 0 0
 19 233  3 53 FH_T0.jpeg H   5 1 H 0.663367 0 0
 19 234  3 54 FH_T9.jpeg H   4 1 H 1.182008 0 0
 19 235  3 55 FH_T0.jpeg H   5 1 H 0.513677 0 0
 19 236  3 56 FH_T0.jpeg H   5 1 H 0.458993 0 0
 19 237  3 57 FA_T13.jpeg A   2 0 A 1.468927 0 0
 19 238  3 58 FA_T20.jpeg A   1 0 A 0.972367 0 0
 19 239  3 59 FA_T20.jpeg A   1 0 A 1.138264 0 0
 19 240  3 60 FA_T9.jpeg A   4 1 H 0.779405 0 0
 19 241  3 61 FA_T0.jpeg A   5 1 H 0.674209 0 0
 19 242  3 62 FA_T20.jpeg A   1 0 A 0.574454 0 0
 19 243  3 63 FA_T9.jpeg A   4 1 H 1.539802 0 0
 19 244  3 64 FA_T11.jpeg A   3 0 A 1.159507 0 0
 19 245  3 65 FA_T9.jpeg A   4 1 H 1.282807 0 0
 19 246  3 66 FA_T9.jpeg A   4 1 H 1.413824 0 0
 19 247  3 67 FA_T20.jpeg A   1 0 A 0.370766 0 0
 19 248  3 68 FH_T0.jpeg H   5 1 H 0.818267 0 0
 19 249  3 69 FA_T13.jpeg A   2 0 A 1.193824 0 0
 19 250  3 70 FA_T0.jpeg A   5 1 H 0.564875 0 0
 19 251  3 71 FH_T20.jpeg H   1 0 A 0.652095 0 0
 19 252  3 72 FH_T0.jpeg H   5 1 H 0.641162 0 0
 19 253  3 73 FA_T13.jpeg A   2 0 A 0.674318 0 0
 19 254  3 74 FA_T13.jpeg A   2 0 A 0.928252 0 0
 19 255  3 75 FH_T0.jpeg H   5 1 H 1.304028 0 0
 19 256  3 76 FH_T9.jpeg H   4 0 A 0.740658 0 0
 19 257  3 77 FH_T0.jpeg H   5 1 H 3.041786 0 0
 19 258  3 78 FH_T20.jpeg H   1 0 A 0.485883 0 0
 19 259  3 79 FH_T20.jpeg H   1 0 A 0.481642 0 0
 19 260  3 80 FA_T13.jpeg A   2 0 A 0.833626 0 0
 19 261  3 81 FA_T20.jpeg A   1 0 A 0.426083 0 0
 19 262  3 82 FA_T13.jpeg A   2 0 A 0.591637 0 0
 19 263  3 83 FA_T0.jpeg A   5 1 H 0.569739 0 0
 19 264  3 84 FH_T20.jpeg H   1 0 A 0.497553 0 0
 19 265  3 85 FH_T9.jpeg H   4 0 A 0.679804 0 0
 19 266  3 86 FH_T20.jpeg H   1 0 A 0.514354 0 0
 19 267  3 87 FA_T20.jpeg A   1 0 A 0.458894 0 0
 19 268  3 88 FH_T0.jpeg H   5 1 H 0.486351 0 0
 19 269  3 89 FA_T0.jpeg A   5 1 H 0.481216 0 0
 19 270  3 90 FH_T20.jpeg H   1 0 A 0.480945 0 0
 19 271  4  1 FA_T11.jpeg A   3 1 H 0.977735 0 0
 19 272  4  2 FA_T13.jpeg A   2 0 A 0.680430 0 0
 19 273  4  3 FA_T20.jpeg A   1 0 A 0.492131 0 0
 19 274  4  4 FH_T0.jpeg H   5 1 H 0.448164 0 0
 19 275  4  5 FH_T13.jpeg H   2 0 A 0.585578 0 0
 19 276  4  6 FA_T0.jpeg A   5 1 H 0.448363 0 0
 19 277  4  7 FA_T20.jpeg A   1 0 A 0.431382 0 0
 19 278  4  8 FH_T20.jpeg H   1 0 A 0.436650 0 0
 19 279  4  9 FA_T0.jpeg A   5 1 H 0.530418 0 0
 19 280  4 10 FH_T9.jpeg H   4 1 H 0.916962 0 0
 19 281  4 11 FH_T0.jpeg H   5 1 H 0.475587 0 0
 19 282  4 12 FA_T0.jpeg A   5 1 H 0.547901 0 0
 19 283  4 13 FH_T20.jpeg H   1 0 A 0.431630 0 0
 19 284  4 14 FA_T0.jpeg A   5 1 H 0.486631 0 0
 19 285  4 15 FA_T13.jpeg A   2 0 A 0.961107 0 0
 19 286  4 16 FH_T0.jpeg H   5 1 H 0.387382 0 0
 19 287  4 17 FA_T0.jpeg A   5 1 H 0.420458 0 0
 19 288  4 18 FA_T11.jpeg A   3 1 H 0.922836 0 0
 19 289  4 19 FA_T0.jpeg A   5 1 H 0.453195 0 0
 19 290  4 20 FH_T0.jpeg H   5 1 H 0.469858 0 0
 19 291  4 21 FH_T11.jpeg H   3 1 H 0.729585 0 0
 19 292  4 22 FH_T0.jpeg H   5 1 H 0.541482 0 0
 19 293  4 23 FA_T11.jpeg A   3 0 A 0.834343 0 0
 19 294  4 24 FA_T9.jpeg A   4 0 A 0.779484 0 0
 19 295  4 25 FA_T0.jpeg A   5 1 H 0.514242 0 0
 19 296  4 26 FA_T0.jpeg A   5 1 H 0.513924 0 0
 19 297  4 27 FH_T0.jpeg H   5 1 H 0.415252 0 0
 19 298  4 28 FA_T0.jpeg A   5 1 H 0.452705 0 0
 19 299  4 29 FH_T20.jpeg H   1 0 A 0.480929 0 0
 19 300  4 30 FA_T20.jpeg A   1 0 A 0.647310 0 0
 19 301  4 31 FA_T20.jpeg A   1 0 A 0.535983 0 0
 19 302  4 32 FA_T0.jpeg A   5 1 H 0.618958 0 0
 19 303  4 33 FA_T11.jpeg A   3 1 H 1.181882 0 0
 19 304  4 34 FH_T20.jpeg H   1 0 A 0.563673 0 0
 19 305  4 35 FH_T0.jpeg H   5 1 H 0.536891 0 0
 19 306  4 36 FH_T20.jpeg H   1 0 A 0.635784 0 0
 19 307  4 37 FH_T0.jpeg H   5 1 H 0.601754 0 0
 19 308  4 38 FA_T0.jpeg A   5 1 H 0.536502 0 0
 19 309  4 39 FH_T9.jpeg H   4 1 H 1.209833 0 0
 19 310  4 40 FA_T0.jpeg A   5 1 H 0.635324 0 0
 19 311  4 41 FH_T11.jpeg H   3 1 H 1.132895 0 0
 19 312  4 42 FH_T20.jpeg H   1 0 A 0.652714 0 0
 19 313  4 43 FH_T0.jpeg H   5 1 H 0.497751 0 0
 19 314  4 44 FH_T9.jpeg H   4 1 H 1.138295 0 0
 19 315  4 45 FH_T11.jpeg H   3 1 H 0.674420 0 0
 19 316  4 46 FH_T0.jpeg H   5 0 A 0.762644 0 0
 19 317  4 47 FA_T0.jpeg A   5 1 H 0.779454 0 0
 19 318  4 48 FA_T20.jpeg A   1 0 A 0.818348 0 0
 19 319  4 49 FH_T0.jpeg H   5 1 H 0.525298 0 0
 19 320  4 50 FH_T20.jpeg H   1 0 A 0.470510 0 0
 19 321  4 51 FH_T0.jpeg H   5 1 H 0.481136 0 0
 19 322  4 52 FH_T20.jpeg H   1 0 A 0.491756 0 0
 19 323  4 53 FH_T9.jpeg H   4 1 H 0.884058 0 0
 19 324  4 54 FH_T13.jpeg H   2 0 A 1.347796 0 0
 19 325  4 55 FA_T11.jpeg A   3 0 A 1.039173 0 0
 19 326  4 56 FH_T0.jpeg H   5 1 H 0.828723 0 0
 19 327  4 57 FH_T20.jpeg H   1 0 A 0.790727 0 0
 19 328  4 58 FH_T20.jpeg H   1 0 A 0.535987 0 0
 19 329  4 59 FA_T0.jpeg A   5 1 H 0.696262 0 0
 19 330  4 60 FH_T0.jpeg H   5 1 H 0.558284 0 0
 19 331  4 61 FA_T11.jpeg A   3 1 H 0.995258 0 0
 19 332  4 62 FA_T9.jpeg A   4 1 H 0.691048 0 0
 19 333  4 63 FH_T0.jpeg H   5 1 H 0.498131 0 0
 19 334  4 64 FA_T9.jpeg A   4 1 H 0.508681 0 0
 19 335  4 65 FA_T20.jpeg A   1 0 A 0.502376 0 0
 19 336  4 66 FA_T0.jpeg A   5 1 H 0.480776 0 0
 19 337  4 67 FA_T20.jpeg A   1 0 A 0.795577 0 0
 19 338  4 68 FH_T20.jpeg H   1 0 A 0.751305 0 0
 19 339  4 69 FA_T13.jpeg A   2 0 A 1.054606 0 0
 19 340  4 70 FA_T9.jpeg A   4 0 A 0.371086 0 0
 19 341  4 71 FA_T9.jpeg A   4 1 H 0.773727 0 0
 19 342  4 72 FH_T20.jpeg H   1 0 A 0.546947 0 0
 19 343  4 73 FA_T0.jpeg A   5 1 H 0.652200 0 0
 19 344  4 74 FH_T20.jpeg H   1 0 A 0.574653 0 0
 19 345  4 75 FH_T20.jpeg H   1 0 A 0.564060 0 0
 19 346  4 76 FA_T11.jpeg A   3 1 H 1.027606 0 0
 19 347  4 77 FH_T0.jpeg H   5 1 H 0.553030 0 0
 19 348  4 78 FH_T0.jpeg H   5 1 H 0.651912 0 0
 19 349  4 79 FA_T20.jpeg A   1 0 A 0.519534 0 0
 19 350  4 80 FA_T13.jpeg A   2 0 A 0.801677 0 0
 19 351  4 81 FH_T0.jpeg H   5 1 H 0.601978 0 0
 19 352  4 82 FH_T20.jpeg H   1 0 A 0.486569 0 0
 19 353  4 83 FA_T20.jpeg A   1 0 A 0.408854 0 0
 19 354  4 84 FA_T20.jpeg A   1 0 A 0.458977 0 0
 19 355  4 85 FH_T20.jpeg H   1 0 A 0.397936 0 0
 19 356  4 86 FA_T13.jpeg A   2 0 A 0.773537 0 0
 19 357  4 87 FA_T9.jpeg A   4 1 H 0.624703 0 0
 19 358  4 88 FA_T11.jpeg A   3 1 H 0.834808 0 0
 19 359  4 89 FH_T20.jpeg H   1 0 A 0.442707 0 0
 19 360  4 90 FH_T20.jpeg H   1 0 A 0.348711 0 0
 19 361  5  1 FH_T13.jpeg H   2 0 A 1.314514 0 0
 19 362  5  2 FA_T0.jpeg A   5 1 H 0.425648 0 0
 19 363  5  3 FA_T20.jpeg A   1 0 A 0.708206 0 0
 19 364  5  4 FA_T20.jpeg A   1 0 A 0.530806 0 0
 19 365  5  5 FA_T0.jpeg A   5 0 A 0.381621 0 0
 19 366  5  6 FH_T20.jpeg H   1 0 A 0.679912 0 0
 19 367  5  7 FA_T0.jpeg A   5 1 H 0.547726 0 0
 19 368  5  8 FH_T20.jpeg H   1 0 A 0.929031 0 0
 19 369  5  9 FA_T9.jpeg A   4 1 H 0.763659 0 0
 19 370  5 10 FH_T0.jpeg H   5 1 H 0.475541 0 0
 19 371  5 11 FH_T13.jpeg H   2 0 A 0.586304 0 0
 19 372  5 12 FA_T11.jpeg A   3 0 A 0.950230 0 0
 19 373  5 13 FH_T13.jpeg H   2 0 A 0.541911 0 0
 19 374  5 14 FA_T0.jpeg A   5 1 H 0.547646 0 0
 19 375  5 15 FH_T11.jpeg H   3 0 A 0.668410 0 0
 19 376  5 16 FH_T20.jpeg H   1 0 A 0.481052 0 0
 19 377  5 17 FA_T0.jpeg A   5 1 H 0.531091 0 0
 19 378  5 18 FA_T11.jpeg A   3 0 A 0.690182 0 0
 19 379  5 19 FH_T9.jpeg H   4 1 H 1.066486 0 0
 19 380  5 20 FA_T11.jpeg A   3 1 H 0.602140 0 0
 19 381  5 21 FA_T9.jpeg A   4 1 H 0.564269 0 0
 19 382  5 22 FH_T0.jpeg H   5 1 H 0.652451 0 0
 19 383  5 23 FH_T0.jpeg H   5 1 H 0.541519 0 0
 19 384  5 24 FH_T13.jpeg H   2 0 A 0.756630 0 0
 19 385  5 25 FH_T0.jpeg H   5 1 H 0.564032 0 0
 19 386  5 26 FH_T20.jpeg H   1 0 A 1.093887 0 0
 19 387  5 27 FA_T20.jpeg A   1 0 A 0.497477 0 0
 19 388  5 28 FH_T13.jpeg H   2 0 A 0.706927 0 0
 19 389  5 29 FA_T0.jpeg A   5 1 H 0.580102 0 0
 19 390  5 30 FA_T0.jpeg A   5 1 H 0.800467 0 0
 19 391  5 31 FH_T0.jpeg H   5 1 H 0.668731 0 0
 19 392  5 32 FA_T20.jpeg A   1 0 A 0.486654 0 0
 19 393  5 33 FH_T11.jpeg H   3 0 A 0.602895 0 0
 19 394  5 34 FH_T11.jpeg H   3 0 A 0.607342 0 0
 19 395  5 35 FH_T0.jpeg H   5 1 H 0.867353 0 0
 19 396  5 36 FA_T20.jpeg A   1 0 A 0.619006 0 0
 19 397  5 37 FA_T11.jpeg A   3 0 A 0.878632 0 0
 19 398  5 38 FA_T9.jpeg A   4 1 H 1.203741 0 0
 19 399  5 39 FA_T9.jpeg A   4 1 H 0.723488 0 0
 19 400  5 40 FA_T9.jpeg A   4 1 H 0.762769 0 0
 19 401  5 41 FH_T20.jpeg H   1 0 A 2.430833 0 0
 19 402  5 42 FH_T0.jpeg H   5 1 H 0.724078 0 0
 19 403  5 43 FH_T20.jpeg H   1 0 A 0.779599 0 0
 19 404  5 44 FH_T0.jpeg H   5 1 H 0.480976 0 0
 19 405  5 45 FA_T0.jpeg A   5 1 H 0.585586 0 0
 19 406  5 46 FH_T0.jpeg H   5 1 H 0.386826 0 0
 19 407  5 47 FA_T9.jpeg A   4 1 H 0.811515 0 0
 19 408  5 48 FH_T0.jpeg H   5 1 H 0.459467 0 0
 19 409  5 49 FA_T11.jpeg A   3 1 H 0.735514 0 0
 19 410  5 50 FA_T0.jpeg A   5 1 H 0.607823 0 0
 19 411  5 51 FA_T0.jpeg A   5 1 H 0.579994 0 0
 19 412  5 52 FH_T11.jpeg H   3 1 H 1.429947 0 0
 19 413  5 53 FH_T0.jpeg H   5 1 H 0.497510 0 0
 19 414  5 54 FH_T20.jpeg H   1 0 A 0.530763 0 0
 19 415  5 55 FH_T13.jpeg H   2 0 A 1.090411 0 0
 19 416  5 56 FA_T9.jpeg A   4 1 H 0.756952 0 0
 19 417  5 57 FA_T0.jpeg A   5 1 H 0.563487 0 0
 19 418  5 58 FH_T0.jpeg H   5 1 H 0.536472 0 0
 19 419  5 59 FH_T13.jpeg H   2 0 A 0.652182 0 0
 19 420  5 60 FA_T9.jpeg A   4 1 H 0.795063 0 0
 19 421  5 61 FA_T20.jpeg A   1 0 A 0.603003 0 0
 19 422  5 62 FH_T20.jpeg H   1 0 A 0.597160 0 0
 19 423  5 63 FA_T20.jpeg A   1 0 A 0.524597 0 0
 19 424  5 64 FA_T0.jpeg A   5 1 H 0.818527 0 0
 19 425  5 65 FA_T0.jpeg A   5 1 H 0.491972 0 0
 19 426  5 66 FH_T9.jpeg H   4 1 H 0.762762 0 0
 19 427  5 67 FH_T20.jpeg H   1 0 A 0.735161 0 0
 19 428  5 68 FA_T20.jpeg A   1 0 A 1.061665 0 0
 19 429  5 69 FA_T20.jpeg A   1 0 A 0.845470 0 0
 19 430  5 70 FA_T11.jpeg A   3 1 H 0.497561 0 0
 19 431  5 71 FA_T20.jpeg A   1 0 A 0.520354 0 0
 19 432  5 72 FH_T13.jpeg H   2 0 A 0.895135 0 0
 19 433  5 73 FA_T13.jpeg A   2 1 H 0.613759 0 0
 19 434  5 74 FA_T0.jpeg A   5 1 H 0.580531 0 0
 19 435  5 75 FA_T20.jpeg A   1 0 A 0.790615 0 0
 19 436  5 76 FH_T9.jpeg H   4 1 H 1.176602 0 0
 19 437  5 77 FA_T11.jpeg A   3 0 A 1.093961 0 0
 19 438  5 78 FA_T20.jpeg A   1 0 A 0.807000 0 0
 19 439  5 79 FH_T9.jpeg H   4 1 H 0.707445 0 0
 19 440  5 80 FH_T0.jpeg H   5 1 H 0.569047 0 0
 19 441  5 81 FA_T20.jpeg A   1 0 A 0.519772 0 0
 19 442  5 82 FA_T0.jpeg A   5 1 H 0.696474 0 0
 19 443  5 83 FA_T20.jpeg A   1 0 A 0.718094 0 0
 19 444  5 84 FH_T20.jpeg H   1 0 A 0.762218 0 0
 19 445  5 85 FA_T13.jpeg A   2 0 A 0.922406 0 0
 19 446  5 86 FH_T9.jpeg H   4 1 H 0.861899 0 0
 19 447  5 87 FH_T20.jpeg H   1 0 A 0.657858 0 0
 19 448  5 88 FA_T20.jpeg A   1 0 A 0.612899 0 0
 19 449  5 89 FH_T9.jpeg H   4 1 H 0.729273 0 0
 19 450  5 90 FH_T20.jpeg H   1 0 A 0.696324 0 0
 19 451  6  1 FH_T20.jpeg H   1 0 A 1.303404 0 0
 19 452  6  2 FA_T20.jpeg A   1 0 A 0.497796 0 0
 19 453  6  3 FA_T0.jpeg A   5 1 H 1.011594 0 0
 19 454  6  4 FA_T11.jpeg A   3 1 H 1.496049 0 0
 19 455  6  5 FA_T13.jpeg A   2 0 A 0.757503 0 0
 19 456  6  6 FA_T11.jpeg A   3 1 H 0.779012 0 0
 19 457  6  7 FH_T13.jpeg H   2 0 A 0.767901 0 0
 19 458  6  8 FA_T0.jpeg A   5 1 H 1.243362 0 0
 19 459  6  9 FH_T20.jpeg H   1 0 A 0.647105 0 0
 19 460  6 10 FH_T20.jpeg H   1 0 A 0.580737 0 0
 19 461  6 11 FA_T9.jpeg A   4 1 H 0.933400 0 0
 19 462  6 12 FH_T0.jpeg H   5 1 H 0.778948 0 0
 19 463  6 13 FH_T11.jpeg H   3 1 H 1.076251 0 0
 19 464  6 14 FH_T0.jpeg H   5 1 H 0.530797 0 0
 19 465  6 15 FA_T20.jpeg A   1 0 A 0.475263 0 0
 19 466  6 16 FH_T0.jpeg H   5 1 H 0.619140 0 0
 19 467  6 17 FH_T20.jpeg H   1 0 A 0.612907 0 0
 19 468  6 18 FH_T11.jpeg H   3 1 H 1.425607 0 0
 19 469  6 19 FH_T20.jpeg H   1 0 A 0.569051 0 0
 19 470  6 20 FH_T20.jpeg H   1 0 A 0.680383 0 0
 19 471  6 21 FA_T20.jpeg A   1 0 A 0.592024 0 0
 19 472  6 22 FH_T0.jpeg H   5 1 H 0.541547 0 0
 19 473  6 23 FA_T0.jpeg A   5 1 H 1.159439 0 0
 19 474  6 24 FH_T0.jpeg H   5 1 H 0.536342 0 0
 19 475  6 25 FA_T0.jpeg A   5 1 H 0.475363 0 0
 19 476  6 26 FA_T0.jpeg A   5 1 H 0.509070 0 0
 19 477  6 27 FH_T9.jpeg H   4 1 H 0.723819 0 0
 19 478  6 28 FA_T0.jpeg A   5 1 H 0.491978 0 0
 19 479  6 29 FA_T0.jpeg A   5 1 H 0.531326 0 0
 19 480  6 30 FH_T0.jpeg H   5 1 H 0.503453 0 0
 19 481  6 31 FA_T13.jpeg A   2 0 A 2.353745 0 0
 19 482  6 32 FA_T0.jpeg A   5 1 H 0.475446 0 0
 19 483  6 33 FA_T20.jpeg A   1 0 A 0.696505 0 0
 19 484  6 34 FH_T0.jpeg H   5 1 H 0.564104 0 0
 19 485  6 35 FH_T9.jpeg H   4 1 H 1.022207 0 0
 19 486  6 36 FH_T20.jpeg H   1 0 A 0.701773 0 0
 19 487  6 37 FH_T0.jpeg H   5 1 H 0.713178 0 0
 19 488  6 38 FH_T20.jpeg H   1 0 A 0.806517 0 0
 19 489  6 39 FA_T11.jpeg A   3 1 H 0.823442 0 0
 19 490  6 40 FA_T0.jpeg A   5 1 H 0.591560 0 0
 19 491  6 41 FA_T13.jpeg A   2 0 A 1.154393 0 0
 19 492  6 42 FA_T0.jpeg A   5 1 H 0.756121 0 0
 19 493  6 43 FH_T20.jpeg H   1 0 A 0.734746 0 0
 19 494  6 44 FA_T13.jpeg A   2 1 H 1.944548 0 0
 19 495  6 45 FA_T0.jpeg A   5 1 H 0.657851 0 0
 19 496  6 46 FH_T20.jpeg H   1 0 A 0.801608 0 0
 19 497  6 47 FH_T11.jpeg H   3 1 H 1.859920 0 0
 19 498  6 48 FH_T13.jpeg H   2 1 H 0.955643 0 0
 19 499  6 49 FH_T20.jpeg H   1 0 A 0.729226 0 0
 19 500  6 50 FH_T0.jpeg H   5 1 H 0.712683 0 0
 19 501  6 51 FA_T20.jpeg A   1 0 A 1.083279 0 0
 19 502  6 52 FA_T20.jpeg A   1 0 A 1.093612 0 0
 19 503  6 53 FH_T9.jpeg H   4 1 H 0.789947 0 0
 19 504  6 54 FA_T0.jpeg A   5 1 H 0.723401 0 0
 19 505  6 55 FA_T20.jpeg A   1 0 A 0.640356 0 0
 19 506  6 56 FH_T20.jpeg H   1 0 A 0.691712 0 0
 19 507  6 57 FH_T20.jpeg H   1 0 A 0.646664 0 0
 19 508  6 58 FA_T20.jpeg A   1 0 A 0.723363 0 0
 19 509  6 59 FA_T11.jpeg A   3 1 H 0.717795 0 0
 19 510  6 60 FA_T0.jpeg A   5 1 H 1.833011 0 0
 19 511  6 61 FH_T0.jpeg H   5 1 H 0.839699 0 0
 19 512  6 62 FH_T0.jpeg H   5 1 H 0.625084 0 0
 19 513  6 63 FH_T13.jpeg H   2 0 A 1.419832 0 0
 19 514  6 64 FH_T0.jpeg H   5 1 H 0.668042 0 0
 19 515  6 65 FH_T11.jpeg H   3 1 H 1.254415 0 0
 19 516  6 66 FH_T20.jpeg H   1 0 A 0.613892 0 0
 19 517  6 67 FA_T20.jpeg A   1 0 A 0.812740 0 0
 19 518  6 68 FA_T0.jpeg A   5 1 H 0.603441 0 0
 19 519  6 69 FH_T0.jpeg H   5 1 H 0.568955 0 0
 19 520  6 70 FA_T20.jpeg A   1 0 A 0.652185 0 0
 19 521  6 71 FA_T20.jpeg A   1 0 A 1.094312 0 0
 19 522  6 72 FH_T13.jpeg H   2 0 A 1.381562 0 0
 19 523  6 73 FH_T20.jpeg H   1 0 A 1.248332 0 0
 19 524  6 74 FH_T20.jpeg H   1 0 A 0.475436 0 0
 19 525  6 75 FH_T11.jpeg H   3 0 A 0.569037 0 0
 19 526  6 76 FH_T20.jpeg H   1 0 A 0.673477 0 0
 19 527  6 77 FA_T20.jpeg A   1 0 A 0.783789 0 0
 19 528  6 78 FH_T20.jpeg H   1 0 A 0.569736 0 0
 19 529  6 79 FH_T11.jpeg H   3 1 H 0.801328 0 0
 19 530  6 80 FH_T0.jpeg H   5 1 H 0.581062 0 0
 19 531  6 81 FA_T0.jpeg A   5 1 H 0.564008 0 0
 19 532  6 82 FH_T13.jpeg H   2 0 A 0.663027 0 0
 19 533  6 83 FA_T20.jpeg A   1 0 A 0.547345 0 0
 19 534  6 84 FH_T20.jpeg H   1 0 A 0.564096 0 0
 19 535  6 85 FH_T9.jpeg H   4 1 H 0.729267 0 0
 19 536  6 86 FH_T0.jpeg H   5 1 H 0.746360 0 0
 19 537  6 87 FA_T0.jpeg A   5 1 H 0.580626 0 0
 19 538  6 88 FH_T9.jpeg H   4 1 H 0.840030 0 0
 19 539  6 89 FA_T13.jpeg A   2 0 A 0.767084 0 0
 19 540  6 90 FA_T11.jpeg A   3 1 H 0.751667 0 0
 19 541  7  1 FA_T20.jpeg A   1 0 A 0.912185 0 0
 19 542  7  2 FH_T13.jpeg H   2 0 A 0.569530 0 0
 19 543  7  3 FA_T20.jpeg A   1 0 A 0.591148 0 0
 19 544  7  4 FH_T0.jpeg H   5 1 H 1.033627 0 0
 19 545  7  5 FA_T0.jpeg A   5 1 H 0.729952 0 0
 19 546  7  6 FA_T9.jpeg A   4 1 H 0.851033 0 0
 19 547  7  7 FA_T0.jpeg A   5 1 H 0.536775 0 0
 19 548  7  8 FA_T13.jpeg A   2 0 A 0.818418 0 0
 19 549  7  9 FA_T0.jpeg A   5 1 H 0.580930 0 0
 19 550  7 10 FA_T20.jpeg A   1 0 A 0.569664 0 0
 19 551  7 11 FH_T0.jpeg H   5 1 H 0.591753 0 0
 19 552  7 12 FH_T0.jpeg H   5 1 H 0.487268 0 0
 19 553  7 13 FA_T20.jpeg A   1 0 A 0.652224 0 0
 19 554  7 14 FA_T9.jpeg A   4 1 H 0.559177 0 0
 19 555  7 15 FH_T11.jpeg H   3 1 H 1.082764 0 0
 19 556  7 16 FH_T20.jpeg H   1 0 A 0.558671 0 0
 19 557  7 17 FA_T0.jpeg A   5 1 H 0.464423 0 0
 19 558  7 18 FA_T0.jpeg A   5 1 H 0.630923 0 0
 19 559  7 19 FH_T13.jpeg H   2 0 A 1.011262 0 0
 19 560  7 20 FA_T20.jpeg A   1 0 A 0.575050 0 0
 19 561  7 21 FA_T13.jpeg A   2 0 A 1.010911 0 0
 19 562  7 22 FH_T11.jpeg H   3 1 H 0.728500 0 0
 19 563  7 23 FH_T13.jpeg H   2 0 A 1.331741 0 0
 19 564  7 24 FA_T20.jpeg A   1 0 A 0.652210 0 0
 19 565  7 25 FH_T11.jpeg H   3 1 H 0.706880 0 0
 19 566  7 26 FA_T0.jpeg A   5 1 H 0.619236 0 0
 19 567  7 27 FA_T0.jpeg A   5 1 H 0.519803 0 0
 19 568  7 28 FH_T0.jpeg H   5 1 H 0.453510 0 0
 19 569  7 29 FH_T20.jpeg H   1 0 A 0.706846 0 0
 19 570  7 30 FA_T0.jpeg A   5 1 H 0.700836 0 0
 19 571  7 31 FH_T0.jpeg H   5 1 H 0.608113 0 0
 19 572  7 32 FH_T11.jpeg H   3 0 A 0.470443 0 0
 19 573  7 33 FH_T20.jpeg H   1 0 A 0.635720 0 0
 19 574  7 34 FH_T20.jpeg H   1 0 A 0.508629 0 0
 19 575  7 35 FA_T0.jpeg A   5 1 H 0.558570 0 0
 19 576  7 36 FA_T20.jpeg A   1 0 A 0.564140 0 0
 19 577  7 37 FA_T0.jpeg A   5 1 H 0.989538 0 0
 19 578  7 38 FH_T20.jpeg H   1 0 A 0.668998 0 0
 19 579  7 39 FH_T0.jpeg H   5 1 H 0.696511 0 0
 19 580  7 40 FH_T9.jpeg H   4 1 H 1.840216 0 0
 19 581  7 41 FH_T20.jpeg H   1 0 A 0.580250 0 0
 19 582  7 42 FH_T13.jpeg H   2 0 A 0.878916 0 0
 19 583  7 43 FH_T0.jpeg H   5 1 H 0.541516 0 0
 19 584  7 44 FH_T11.jpeg H   3 1 H 1.750264 0 0
 19 585  7 45 FA_T0.jpeg A   5 1 H 0.580177 0 0
 19 586  7 46 FH_T9.jpeg H   4 1 H 0.690241 0 0
 19 587  7 47 FH_T11.jpeg H   3 1 H 1.358986 0 0
 19 588  7 48 FA_T0.jpeg A   5 1 H 0.569536 0 0
 19 589  7 49 FH_T11.jpeg H   3 1 H 0.747581 0 0
 19 590  7 50 FA_T20.jpeg A   1 0 A 0.884508 0 0
 19 591  7 51 FA_T13.jpeg A   2 1 H 2.259232 0 0
 19 592  7 52 FH_T0.jpeg H   5 1 H 0.668736 0 0
 19 593  7 53 FA_T20.jpeg A   1 0 A 0.591793 0 0
 19 594  7 54 FH_T20.jpeg H   1 0 A 0.706924 0 0
 19 595  7 55 FH_T0.jpeg H   5 1 H 0.541854 0 0
 19 596  7 56 FA_T13.jpeg A   2 1 H 0.945711 0 0
 19 597  7 57 FA_T0.jpeg A   5 1 H 0.762932 0 0
 19 598  7 58 FA_T20.jpeg A   1 0 A 0.746199 0 0
 19 599  7 59 FA_T0.jpeg A   5 1 H 0.657121 0 0
 19 600  7 60 FA_T20.jpeg A   1 0 A 0.746221 0 0
 19 601  7 61 FH_T20.jpeg H   1 0 A 0.663066 0 0
 19 602  7 62 FA_T20.jpeg A   1 0 A 0.784511 0 0
 19 603  7 63 FH_T20.jpeg H   1 0 A 0.630630 0 0
 19 604  7 64 FA_T20.jpeg A   1 0 A 0.647439 0 0
 19 605  7 65 FH_T20.jpeg H   1 0 A 0.773635 0 0
 19 606  7 66 FA_T20.jpeg A   1 0 A 0.525848 0 0
 19 607  7 67 FH_T0.jpeg H   5 1 H 0.641881 0 0
 19 608  7 68 FA_T13.jpeg A   2 1 H 1.148235 0 0
 19 609  7 69 FH_T11.jpeg H   3 1 H 1.779313 0 0
 19 610  7 70 FA_T20.jpeg A   1 0 A 1.574391 0 0
 19 611  7 71 FH_T20.jpeg H   1 0 A 0.757785 0 0
 19 612  7 72 FH_T13.jpeg H   2 0 A 1.088254 0 0
 19 613  7 73 FA_T20.jpeg A   1 0 A 0.602101 0 0
 19 614  7 74 FA_T20.jpeg A   1 0 A 0.580690 0 0
 19 615  7 75 FA_T0.jpeg A   5 1 H 0.818414 0 0
 19 616  7 76 FA_T9.jpeg A   4 1 H 1.452410 0 0
 19 617  7 77 FA_T11.jpeg A   3 1 H 0.679898 0 0
 19 618  7 78 FH_T0.jpeg H   5 1 H 0.928284 0 0
 19 619  7 79 FA_T20.jpeg A   1 0 A 0.635677 0 0
 19 620  7 80 FA_T20.jpeg A   1 0 A 0.585340 0 0
 19 621  7 81 FH_T0.jpeg H   5 1 H 0.558380 0 0
 19 622  7 82 FA_T13.jpeg A   2 1 H 1.298704 0 0
 19 623  7 83 FH_T20.jpeg H   1 0 A 1.325423 0 0
 19 624  7 84 FH_T0.jpeg H   5 1 H 0.619298 0 0
 19 625  7 85 FH_T0.jpeg H   5 1 H 1.160876 0 0
 19 626  7 86 FA_T20.jpeg A   1 0 A 0.807309 0 0
 19 627  7 87 FA_T13.jpeg A   2 0 A 1.298435 0 0
 19 628  7 88 FH_T20.jpeg H   1 0 A 0.816783 0 0
 19 629  7 89 FH_T0.jpeg H   5 1 H 0.763266 0 0
 19 630  7 90 FH_T11.jpeg H   3 1 H 1.817509 0 0
 19 631  8  1 FH_T20.jpeg H   1 0 A 0.845550 0 0
 19 632  8  2 FH_T0.jpeg H   5 1 H 0.558084 0 0
 19 633  8  3 FH_T0.jpeg H   5 1 H 0.492527 0 0
 19 634  8  4 FA_T20.jpeg A   1 0 A 0.646786 0 0
 19 635  8  5 FA_T0.jpeg A   5 1 H 0.580584 0 0
 19 636  8  6 FH_T20.jpeg H   1 0 A 0.596644 0 0
 19 637  8  7 FH_T11.jpeg H   3 1 H 1.407997 0 0
 19 638  8  8 FA_T20.jpeg A   1 0 A 0.790920 0 0
 19 639  8  9 FA_T0.jpeg A   5 1 H 0.674339 0 0
 19 640  8 10 FA_T20.jpeg A   1 0 A 0.525603 0 0
 19 641  8 11 FH_T11.jpeg H   3 1 H 0.668789 0 0
 19 642  8 12 FA_T11.jpeg A   3 1 H 0.491981 0 0
 19 643  8 13 FA_T0.jpeg A   5 1 H 0.744852 0 0
 19 644  8 14 FH_T20.jpeg H   1 0 A 0.807219 0 0
 19 645  8 15 FH_T9.jpeg H   4 1 H 0.662653 0 0
 19 646  8 16 FH_T20.jpeg H   1 0 A 0.613721 0 0
 19 647  8 17 FA_T9.jpeg A   4 1 H 0.663373 0 0
 19 648  8 18 FA_T0.jpeg A   5 1 H 0.503562 0 0
 19 649  8 19 FH_T20.jpeg H   1 0 A 0.696118 0 0
 19 650  8 20 FH_T9.jpeg H   4 1 H 0.674448 0 0
 19 651  8 21 FH_T9.jpeg H   4 1 H 0.596440 0 0
 19 652  8 22 FH_T11.jpeg H   3 1 H 0.547495 0 0
 19 653  8 23 FH_T20.jpeg H   1 0 A 0.690819 0 0
 19 654  8 24 FH_T20.jpeg H   1 0 A 0.668744 0 0
 19 655  8 25 FA_T0.jpeg A   5 1 H 0.541471 0 0
 19 656  8 26 FH_T20.jpeg H   1 0 A 0.613299 0 0
 19 657  8 27 FH_T0.jpeg H   5 1 H 1.292981 0 0
 19 658  8 28 FH_T13.jpeg H   2 0 A 2.450380 0 0
 19 659  8 29 FH_T20.jpeg H   1 0 A 0.685318 0 0
 19 660  8 30 FA_T20.jpeg A   1 0 A 0.613704 0 0
 19 661  8 31 FA_T0.jpeg A   5 1 H 0.568939 0 0
 19 662  8 32 FH_T0.jpeg H   5 1 H 1.718154 0 0
 19 663  8 33 FA_T0.jpeg A   5 1 H 0.691256 0 0
 19 664  8 34 FH_T9.jpeg H   4 1 H 1.364362 0 0
 19 665  8 35 FA_T0.jpeg A   5 1 H 0.994165 0 0
 19 666  8 36 FA_T0.jpeg A   5 1 H 0.563651 0 0
 19 667  8 37 FA_T20.jpeg A   1 0 A 0.657473 0 0
 19 668  8 38 FH_T0.jpeg H   5 1 H 0.646642 0 0
 19 669  8 39 FA_T11.jpeg A   3 0 A 5.192148 0 0
 19 670  8 40 FA_T11.jpeg A   3 0 A 2.694426 0 0
 19 671  8 41 FA_T13.jpeg A   2 0 A 0.961153 0 0
 19 672  8 42 FA_T0.jpeg A   5 1 H 0.701739 0 0
 19 673  8 43 FH_T13.jpeg H   2 0 A 0.707328 0 0
 19 674  8 44 FH_T20.jpeg H   1 0 A 0.580022 0 0
 19 675  8 45 FH_T0.jpeg H   5 1 H 0.569081 0 0
 19 676  8 46 FH_T11.jpeg H   3 1 H 1.618091 0 0
 19 677  8 47 FH_T20.jpeg H   1 0 A 0.701495 0 0
 19 678  8 48 FH_T9.jpeg H   4 1 H 0.701814 0 0
 19 679  8 49 FA_T0.jpeg A   5 1 H 0.564305 0 0
 19 680  8 50 FA_T0.jpeg A   5 1 H 0.608282 0 0
 19 681  8 51 FH_T11.jpeg H   3 1 H 0.767741 0 0
 19 682  8 52 FH_T0.jpeg H   5 1 H 0.486471 0 0
 19 683  8 53 FA_T0.jpeg A   5 1 H 0.470061 0 0
 19 684  8 54 FA_T11.jpeg A   3 1 H 0.630169 0 0
 19 685  8 55 FA_T20.jpeg A   1 0 A 0.508815 0 0
 19 686  8 56 FA_T11.jpeg A   3 1 H 0.839051 0 0
 19 687  8 57 FH_T0.jpeg H   5 1 H 0.851131 0 0
 19 688  8 58 FA_T20.jpeg A   1 0 A 0.586026 0 0
 19 689  8 59 FA_T20.jpeg A   1 0 A 0.525161 0 0
 19 690  8 60 FA_T0.jpeg A   5 1 H 0.497627 0 0
 19 691  8 61 FA_T20.jpeg A   1 0 A 0.629423 0 0
 19 692  8 62 FA_T20.jpeg A   1 0 A 0.514329 0 0
 19 693  8 63 FA_T13.jpeg A   2 0 A 0.784802 0 0
 19 694  8 64 FH_T9.jpeg H   4 1 H 1.177252 0 0
 19 695  8 65 FA_T0.jpeg A   5 1 H 0.624015 0 0
 19 696  8 66 FA_T20.jpeg A   1 0 A 0.536305 0 0
 19 697  8 67 FH_T20.jpeg H   1 0 A 0.684727 0 0
 19 698  8 68 FH_T13.jpeg H   2 0 A 1.032926 0 0
 19 699  8 69 FA_T9.jpeg A   4 1 H 0.944469 0 0
 19 700  8 70 FA_T20.jpeg A   1 0 A 0.663784 0 0
 19 701  8 71 FH_T11.jpeg H   3 1 H 0.905741 0 0
 19 702  8 72 FH_T0.jpeg H   5 1 H 0.476080 0 0
 19 703  8 73 FA_T0.jpeg A   5 1 H 0.514292 0 0
 19 704  8 74 FH_T0.jpeg H   5 1 H 0.458949 0 0
 19 705  8 75 FA_T20.jpeg A   1 0 A 0.591680 0 0
 19 706  8 76 FA_T0.jpeg A   5 1 H 0.596437 0 0
 19 707  8 77 FA_T9.jpeg A   4 1 H 0.557808 0 0
 19 708  8 78 FH_T0.jpeg H   5 1 H 0.524813 0 0
 19 709  8 79 FA_T20.jpeg A   1 0 A 0.977974 0 0
 19 710  8 80 FH_T0.jpeg H   5 1 H 0.498066 0 0
 19 711  8 81 FA_T20.jpeg A   1 0 A 1.193022 0 0
 19 712  8 82 FA_T20.jpeg A   1 0 A 0.657662 0 0
 19 713  8 83 FH_T0.jpeg H   5 1 H 0.630077 0 0
 19 714  8 84 FA_T13.jpeg A   2 1 H 0.895037 0 0
 19 715  8 85 FH_T0.jpeg H   5 1 H 0.663206 0 0
 19 716  8 86 FH_T20.jpeg H   1 0 A 0.679775 0 0
 19 717  8 87 FA_T0.jpeg A   5 1 H 0.713158 0 0
 19 718  8 88 FH_T0.jpeg H   5 1 H 0.635523 0 0
 19 719  8 89 FH_T0.jpeg H   5 1 H 0.542275 0 0
 19 720  8 90 FA_T9.jpeg A   4 1 H 0.635612 0 0
