 27   1  1  1 FH_T11.jpeg H   3 0 A 6.217710 0 0
 27   2  1  2 FA_T0.jpeg A   5 1 H 1.888271 0 0
 27   3  1  3 FH_T13.jpeg H   2 0 A 2.588720 0 0
 27   4  1  4 FH_T20.jpeg H   1 0 A 3.874257 0 0
 27   5  1  5 FH_T13.jpeg H   2 0 A 2.197578 0 0
 27   6  1  6 FH_T0.jpeg H   5 1 H 1.589654 0 0
 27   7  1  7 FA_T0.jpeg A   5 1 H 1.513986 0 0
 27   8  1  8 FH_T11.jpeg H   3 1 H 3.379175 0 0
 27   9  1  9 FH_T20.jpeg H   1 0 A 1.309602 0 0
 27  10  1 10 FA_T13.jpeg A   2 1 H 1.055354 0 0
 27  11  1 11 FH_T0.jpeg H   5 1 H 0.795945 0 0
 27  12  1 12 FH_T20.jpeg H   1 0 A 0.486768 0 0
 27  13  1 13 FH_T20.jpeg H   1 0 A 0.541916 0 0
 27  14  1 14 FH_T20.jpeg H   1 0 A 0.414400 0 0
 27  15  1 15 FH_T13.jpeg H   2 1 H 0.933878 0 0
 27  16  1 16 FA_T20.jpeg A   1 0 A 0.447715 0 0
 27  17  1 17 FH_T20.jpeg H   1 0 A 0.552410 0 0
 27  18  1 18 FA_T11.jpeg A   3 1 H 1.407799 0 0
 27  19  1 19 FH_T9.jpeg H   4 1 H 0.514479 0 0
 27  20  1 20 FA_T13.jpeg A   2 1 H 2.273696 0 0
 27  21  1 21 FA_T20.jpeg A   1 0 A 0.619173 0 0
 27  22  1 22 FH_T20.jpeg H   1 0 A 0.442604 0 0
 27  23  1 23 FA_T0.jpeg A   5 1 H 0.492207 0 0
 27  24  1 24 FA_T0.jpeg A   5 1 H 0.514105 0 0
 27  25  1 25 FH_T13.jpeg H   2 0 A 1.987812 0 0
 27  26  1 26 FH_T11.jpeg H   3 1 H 0.739971 0 0
 27  27  1 27 FA_T13.jpeg A   2 1 H 0.921675 0 0
 27  28  1 28 FA_T0.jpeg A   5 1 H 0.768385 0 0
 27  29  1 29 FH_T9.jpeg H   4 1 H 1.176337 0 0
 27  30  1 30 FA_T13.jpeg A   2 1 H 1.297695 0 0
 27  31  1 31 FH_T13.jpeg H   2 1 H 2.319883 0 0
 27  32  1 32 FH_T11.jpeg H   3 1 H 0.884430 0 0
 27  33  1 33 FH_T20.jpeg H   1 0 A 0.464437 0 0
 27  34  1 34 FH_T0.jpeg H   5 1 H 0.734675 0 0
 27  35  1 35 FA_T13.jpeg A   2 1 H 1.082215 0 0
 27  36  1 36 FA_T20.jpeg A   1 0 A 0.597248 0 0
 27  37  1 37 FH_T20.jpeg H   1 0 A 0.663189 0 0
 27  38  1 38 FH_T0.jpeg H   5 1 H 0.795582 0 0
 27  39  1 39 FA_T13.jpeg A   2 1 H 0.879259 0 0
 27  40  1 40 FH_T9.jpeg H   4 1 H 0.613824 0 0
 27  41  1 41 FA_T0.jpeg A   5 1 H 0.547448 0 0
 27  42  1 42 FA_T9.jpeg A   4 1 H 1.076629 0 0
 27  43  1 43 FA_T0.jpeg A   5 1 H 0.431796 0 0
 27  44  1 44 FA_T0.jpeg A   5 1 H 0.458789 0 0
 27  45  1 45 FH_T9.jpeg H   4 1 H 0.635645 0 0
 27  46  1 46 FA_T20.jpeg A   1 0 A 1.872937 0 0
 27  47  1 47 FA_T0.jpeg A   5 1 H 3.533421 0 0
 27  48  1 48 FH_T20.jpeg H   1 0 A 0.513954 0 0
 27  49  1 49 FA_T0.jpeg A   5 1 H 0.580109 0 0
 27  50  1 50 FH_T11.jpeg H   3 0 A 0.987624 0 0
 27  51  1 51 FH_T9.jpeg H   4 1 H 0.640238 0 0
 27  52  1 52 FH_T20.jpeg H   1 0 A 0.480975 0 0
 27  53  1 53 FA_T20.jpeg A   1 0 A 0.475531 0 0
 27  54  1 54 FH_T0.jpeg H   5 1 H 0.503245 0 0
 27  55  1 55 FA_T20.jpeg A   1 0 A 3.477889 0 0
 27  56  1 56 FA_T0.jpeg A   5 1 H 0.535734 0 0
 27  57  1 57 FA_T11.jpeg A   3 1 H 1.071411 0 0
 27  58  1 58 FH_T0.jpeg H   5 1 H 0.404046 0 0
 27  59  1 59 FH_T11.jpeg H   3 1 H 0.668584 0 0
 27  60  1 60 FH_T0.jpeg H   5 1 H 0.497546 0 0
 27  61  1 61 FA_T9.jpeg A   4 1 H 0.607422 0 0
 27  62  1 62 FH_T20.jpeg H   1 0 A 0.602751 0 0
 27  63  1 63 FH_T0.jpeg H   5 1 H 0.397920 0 0
 27  64  1 64 FH_T20.jpeg H   1 0 A 0.557997 0 0
 27  65  1 65 FH_T13.jpeg H   2 0 A 0.769012 0 0
 27  66  1 66 FH_T20.jpeg H   1 0 A 0.519951 0 0
 27  67  1 67 FA_T11.jpeg A   3 1 H 0.492207 0 0
 27  68  1 68 FA_T13.jpeg A   2 1 H 0.834845 0 0
 27  69  1 69 FA_T0.jpeg A   5 1 H 0.453521 0 0
 27  70  1 70 FH_T20.jpeg H   1 0 A 0.492290 0 0
 27  71  1 71 FH_T0.jpeg H   5 1 H 0.431537 0 0
 27  72  1 72 FA_T9.jpeg A   4 1 H 0.619085 0 0
 27  73  1 73 FH_T13.jpeg H   2 0 A 0.591686 0 0
 27  74  1 74 FH_T20.jpeg H   1 0 A 0.448218 0 0
 27  75  1 75 FH_T11.jpeg H   3 1 H 0.602512 0 0
 27  76  1 76 FA_T0.jpeg A   5 1 H 0.573537 0 0
 27  77  1 77 FA_T20.jpeg A   1 0 A 0.486707 0 0
 27  78  1 78 FA_T13.jpeg A   2 1 H 0.558808 0 0
 27  79  1 79 FH_T9.jpeg H   4 0 A 0.596769 0 0
 27  80  1 80 FH_T9.jpeg H   4 1 H 0.569433 0 0
 27  81  1 81 FH_T0.jpeg H   5 1 H 0.508888 0 0
 27  82  1 82 FH_T20.jpeg H   1 0 A 0.448068 0 0
 27  83  1 83 FA_T0.jpeg A   5 1 H 0.530391 0 0
 27  84  1 84 FA_T0.jpeg A   5 1 H 0.608126 0 0
 27  85  1 85 FA_T20.jpeg A   1 0 A 0.492120 0 0
 27  86  1 86 FH_T20.jpeg H   1 0 A 0.481140 0 0
 27  87  1 87 FA_T20.jpeg A   1 0 A 0.508738 0 0
 27  88  1 88 FA_T20.jpeg A   1 0 A 0.364836 0 0
 27  89  1 89 FH_T0.jpeg H   5 1 H 0.436866 0 0
 27  90  1 90 FH_T20.jpeg H   1 0 A 0.414537 0 0
 27  91  2  1 FA_T13.jpeg A   2 1 H 1.187495 0 0
 27  92  2  2 FH_T20.jpeg H   1 0 A 0.426028 0 0
 27  93  2  3 FH_T13.jpeg H   2 0 A 0.464936 0 0
 27  94  2  4 FH_T13.jpeg H   2 0 A 1.017135 0 0
 27  95  2  5 FH_T20.jpeg H   1 0 A 0.475353 0 0
 27  96  2  6 FA_T0.jpeg A   5 1 H 0.447943 0 0
 27  97  2  7 FH_T0.jpeg H   5 1 H 0.519752 0 0
 27  98  2  8 FH_T20.jpeg H   1 0 A 0.404260 0 0
 27  99  2  9 FH_T9.jpeg H   4 1 H 0.663129 0 0
 27 100  2 10 FA_T11.jpeg A   3 1 H 0.546658 0 0
 27 101  2 11 FH_T9.jpeg H   4 1 H 0.723328 0 0
 27 102  2 12 FA_T11.jpeg A   3 1 H 0.464267 0 0
 27 103  2 13 FA_T20.jpeg A   1 0 A 0.491922 0 0
 27 104  2 14 FH_T0.jpeg H   5 1 H 0.470129 0 0
 27 105  2 15 FH_T20.jpeg H   1 0 A 0.404247 0 0
 27 106  2 16 FA_T0.jpeg A   5 1 H 0.492112 0 0
 27 107  2 17 FA_T20.jpeg A   1 0 A 0.398631 0 0
 27 108  2 18 FA_T0.jpeg A   5 0 A 0.403724 0 0
 27 109  2 19 FH_T9.jpeg H   4 1 H 0.662932 0 0
 27 110  2 20 FA_T0.jpeg A   5 1 H 0.536266 0 0
 27 111  2 21 FH_T9.jpeg H   4 1 H 1.920046 0 0
 27 112  2 22 FA_T0.jpeg A   5 1 H 0.425961 0 0
 27 113  2 23 FH_T11.jpeg H   3 0 A 0.569107 0 0
 27 114  2 24 FH_T0.jpeg H   5 1 H 0.381736 0 0
 27 115  2 25 FH_T0.jpeg H   5 1 H 0.381661 0 0
 27 116  2 26 FH_T20.jpeg H   1 0 A 0.481060 0 0
 27 117  2 27 FH_T20.jpeg H   1 0 A 0.497467 0 0
 27 118  2 28 FH_T20.jpeg H   1 0 A 0.426126 0 0
 27 119  2 29 FH_T20.jpeg H   1 0 A 0.398139 0 0
 27 120  2 30 FA_T20.jpeg A   1 0 A 0.370677 0 0
 27 121  2 31 FA_T13.jpeg A   2 0 A 0.679187 0 0
 27 122  2 32 FH_T20.jpeg H   1 0 A 0.519107 0 0
 27 123  2 33 FA_T11.jpeg A   3 1 H 0.597178 0 0
 27 124  2 34 FH_T11.jpeg H   3 1 H 1.115672 0 0
 27 125  2 35 FH_T0.jpeg H   5 1 H 0.409381 0 0
 27 126  2 36 FH_T11.jpeg H   3 0 A 0.453927 0 0
 27 127  2 37 FA_T9.jpeg A   4 1 H 0.856530 0 0
 27 128  2 38 FH_T0.jpeg H   5 1 H 0.447851 0 0
 27 129  2 39 FA_T20.jpeg A   1 0 A 0.414621 0 0
 27 130  2 40 FH_T20.jpeg H   1 0 A 0.503092 0 0
 27 131  2 41 FH_T11.jpeg H   3 0 A 0.569764 0 0
 27 132  2 42 FA_T20.jpeg A   1 0 A 0.304307 0 0
 27 133  2 43 FH_T0.jpeg H   5 1 H 0.420842 0 0
 27 134  2 44 FA_T11.jpeg A   3 1 H 0.552590 0 0
 27 135  2 45 FH_T0.jpeg H   5 1 H 0.563958 0 0
 27 136  2 46 FA_T20.jpeg A   1 0 A 0.646240 0 0
 27 137  2 47 FH_T20.jpeg H   1 0 A 0.298918 0 0
 27 138  2 48 FA_T13.jpeg A   2 1 H 0.431505 0 0
 27 139  2 49 FH_T13.jpeg H   2 1 H 0.254846 0 0
 27 140  2 50 FH_T20.jpeg H   1 1 H 0.188155 1 1
 27 141  2 51 FA_T20.jpeg A   1 0 A 0.530736 0 1
 27 142  2 52 FH_T20.jpeg H   1 0 A 0.442332 0 1
 27 143  2 53 FH_T20.jpeg H   1 0 A 0.464287 0 1
 27 144  2 54 FA_T9.jpeg A   4 1 H 0.442164 0 1
 27 145  2 55 FH_T13.jpeg H   2 1 H 0.901102 0 1
 27 146  2 56 FA_T20.jpeg A   1 0 A 0.585938 0 1
 27 147  2 57 FH_T0.jpeg H   5 1 H 0.448013 0 1
 27 148  2 58 FH_T0.jpeg H   5 1 H 0.647279 0 1
 27 149  2 59 FH_T20.jpeg H   1 0 A 0.442757 0 1
 27 150  2 60 FA_T13.jpeg A   2 1 H 2.074934 0 1
 27 151  2 61 FH_T0.jpeg H   5 1 H 0.536011 0 1
 27 152  2 62 FA_T11.jpeg A   3 1 H 0.651574 0 1
 27 153  2 63 FA_T13.jpeg A   2 1 H 0.414550 0 1
 27 154  2 64 FH_T20.jpeg H   1 0 A 0.492341 0 1
 27 155  2 65 FH_T0.jpeg H   5 1 H 0.568771 0 1
 27 156  2 66 FA_T9.jpeg A   4 1 H 0.960822 0 1
 27 157  2 67 FA_T0.jpeg A   5 1 H 0.596468 0 1
 27 158  2 68 FA_T0.jpeg A   5 1 H 0.464931 0 1
 27 159  2 69 FA_T20.jpeg A   1 0 A 0.502465 0 1
 27 160  2 70 FA_T0.jpeg A   5 1 H 0.463778 0 1
 27 161  2 71 FH_T0.jpeg H   5 1 H 0.426082 0 1
 27 162  2 72 FH_T0.jpeg H   5 1 H 0.402851 0 1
 27 163  2 73 FA_T0.jpeg A   5 1 H 0.370767 0 1
 27 164  2 74 FA_T20.jpeg A   1 0 A 0.348554 0 1
 27 165  2 75 FA_T20.jpeg A   1 0 A 0.601913 0 1
 27 166  2 76 FH_T0.jpeg H   5 1 H 0.530254 0 1
 27 167  2 77 FA_T0.jpeg A   5 1 H 0.635593 0 1
 27 168  2 78 FA_T20.jpeg A   1 0 A 0.425645 0 1
 27 169  2 79 FA_T20.jpeg A   1 0 A 0.481173 0 1
 27 170  2 80 FH_T20.jpeg H   1 0 A 0.491646 0 1
 27 171  2 81 FA_T0.jpeg A   5 1 H 0.353860 0 1
 27 172  2 82 FH_T9.jpeg H   4 1 H 0.751148 0 1
 27 173  2 83 FA_T9.jpeg A   4 1 H 0.807328 0 1
 27 174  2 84 FH_T0.jpeg H   5 1 H 0.425950 0 1
 27 175  2 85 FH_T20.jpeg H   1 1 H 0.624263 0 1
 27 176  2 86 FA_T20.jpeg A   1 0 A 0.536009 0 1
 27 177  2 87 FH_T13.jpeg H   2 1 H 0.966379 0 1
 27 178  2 88 FA_T20.jpeg A   1 0 A 0.536308 0 1
 27 179  2 89 FH_T0.jpeg H   5 1 H 1.468312 0 1
 27 180  2 90 FA_T9.jpeg A   4 1 H 0.862096 0 1
 27 181  3  1 FA_T9.jpeg A   4 1 H 1.489871 0 1
 27 182  3  2 FA_T20.jpeg A   1 0 A 1.242611 0 1
 27 183  3  3 FA_T20.jpeg A   1 0 A 0.867363 0 1
 27 184  3  4 FA_T9.jpeg A   4 1 H 4.684392 0 1
 27 185  3  5 FA_T0.jpeg A   5 1 H 0.376500 0 1
 27 186  3  6 FH_T0.jpeg H   5 1 H 0.376276 0 1
 27 187  3  7 FH_T0.jpeg H   5 1 H 0.370368 0 1
 27 188  3  8 FH_T13.jpeg H   2 0 A 0.442138 0 1
 27 189  3  9 FH_T20.jpeg H   1 0 A 0.469876 0 1
 27 190  3 10 FH_T13.jpeg H   2 0 A 0.447758 0 1
 27 191  3 11 FH_T0.jpeg H   5 1 H 0.343000 0 1
 27 192  3 12 FH_T20.jpeg H   1 0 A 0.430959 0 1
 27 193  3 13 FA_T11.jpeg A   3 1 H 0.496733 0 1
 27 194  3 14 FA_T20.jpeg A   1 0 A 0.442292 0 1
 27 195  3 15 FH_T0.jpeg H   5 1 H 0.618865 0 1
 27 196  3 16 FH_T20.jpeg H   1 0 A 0.475212 0 1
 27 197  3 17 FA_T0.jpeg A   5 1 H 0.431501 0 1
 27 198  3 18 FH_T0.jpeg H   5 1 H 0.436742 0 1
 27 199  3 19 FA_T11.jpeg A   3 1 H 0.712226 0 1
 27 200  3 20 FH_T20.jpeg H   1 0 A 0.607539 0 1
 27 201  3 21 FH_T20.jpeg H   1 0 A 0.662421 0 1
 27 202  3 22 FA_T20.jpeg A   1 0 A 0.971797 0 1
 27 203  3 23 FA_T9.jpeg A   4 1 H 0.469893 0 1
 27 204  3 24 FH_T0.jpeg H   5 1 H 0.547437 0 1
 27 205  3 25 FH_T13.jpeg H   2 0 A 0.812177 0 1
 27 206  3 26 FH_T0.jpeg H   5 1 H 0.408597 0 1
 27 207  3 27 FH_T0.jpeg H   5 1 H 0.585403 0 1
 27 208  3 28 FA_T20.jpeg A   1 0 A 0.525474 0 1
 27 209  3 29 FH_T20.jpeg H   1 0 A 0.530672 0 1
 27 210  3 30 FH_T0.jpeg H   5 1 H 0.486024 0 1
 27 211  3 31 FH_T0.jpeg H   5 1 H 0.376366 0 1
 27 212  3 32 FA_T20.jpeg A   1 0 A 0.547391 0 1
 27 213  3 33 FA_T0.jpeg A   5 1 H 0.464155 0 1
 27 214  3 34 FH_T0.jpeg H   5 1 H 0.370850 0 1
 27 215  3 35 FA_T20.jpeg A   1 0 A 0.409426 0 1
 27 216  3 36 FA_T13.jpeg A   2 0 A 0.845378 0 1
 27 217  3 37 FA_T9.jpeg A   4 1 H 0.673573 0 1
 27 218  3 38 FA_T20.jpeg A   1 0 A 0.420315 0 1
 27 219  3 39 FA_T20.jpeg A   1 0 A 0.381980 0 1
 27 220  3 40 FA_T11.jpeg A   3 1 H 0.320818 0 1
 27 221  3 41 FH_T20.jpeg H   1 0 A 0.536528 0 1
 27 222  3 42 FH_T20.jpeg H   1 0 A 0.398404 0 1
 27 223  3 43 FA_T20.jpeg A   1 0 A 0.387379 0 1
 27 224  3 44 FH_T11.jpeg H   3 0 A 0.519327 0 1
 27 225  3 45 FA_T20.jpeg A   1 0 A 0.392845 0 1
 27 226  3 46 FA_T0.jpeg A   5 1 H 0.458992 0 1
 27 227  3 47 FA_T0.jpeg A   5 1 H 0.508439 0 1
 27 228  3 48 FH_T13.jpeg H   2 0 A 0.486478 0 1
 27 229  3 49 FH_T0.jpeg H   5 1 H 0.469991 0 1
 27 230  3 50 FA_T0.jpeg A   5 1 H 0.558027 0 1
 27 231  3 51 FH_T11.jpeg H   3 0 A 0.734541 0 1
 27 232  3 52 FH_T11.jpeg H   3 0 A 0.552437 0 1
 27 233  3 53 FH_T11.jpeg H   3 0 A 1.198448 0 1
 27 234  3 54 FA_T20.jpeg A   1 0 A 0.497706 0 1
 27 235  3 55 FH_T9.jpeg H   4 1 H 1.142085 0 1
 27 236  3 56 FA_T0.jpeg A   5 1 H 0.629718 0 1
 27 237  3 57 FH_T0.jpeg H   5 1 H 0.425326 0 1
 27 238  3 58 FH_T20.jpeg H   1 0 A 0.425560 0 1
 27 239  3 59 FH_T0.jpeg H   5 1 H 4.987757 0 1
 27 240  3 60 FH_T11.jpeg H   3 0 A 1.082600 0 1
 27 241  3 61 FH_T9.jpeg H   4 0 A 0.564107 0 1
 27 242  3 62 FH_T13.jpeg H   2 0 A 0.453474 0 1
 27 243  3 63 FH_T0.jpeg H   5 1 H 0.464221 0 1
 27 244  3 64 FH_T20.jpeg H   1 0 A 0.481525 0 1
 27 245  3 65 FA_T0.jpeg A   5 1 H 0.459050 0 1
 27 246  3 66 FA_T20.jpeg A   1 0 A 0.409442 0 1
 27 247  3 67 FA_T11.jpeg A   3 1 H 0.458504 0 1
 27 248  3 68 FA_T0.jpeg A   5 1 H 0.486918 0 1
 27 249  3 69 FH_T0.jpeg H   5 1 H 0.403867 0 1
 27 250  3 70 FA_T20.jpeg A   1 0 A 1.463296 0 1
 27 251  3 71 FA_T0.jpeg A   5 1 H 1.826799 0 1
 27 252  3 72 FH_T11.jpeg H   3 1 H 5.716453 0 1
 27 253  3 73 FH_T20.jpeg H   1 0 A 0.778989 0 1
 27 254  3 74 FA_T9.jpeg A   4 1 H 0.523099 0 1
 27 255  3 75 FA_T0.jpeg A   5 1 H 0.536109 0 1
 27 256  3 76 FH_T0.jpeg H   5 1 H 0.392423 0 1
 27 257  3 77 FH_T20.jpeg H   1 0 A 0.403835 0 1
 27 258  3 78 FA_T20.jpeg A   1 0 A 0.403546 0 1
 27 259  3 79 FA_T13.jpeg A   2 1 H 0.757134 0 1
 27 260  3 80 FH_T20.jpeg H   1 0 A 0.436476 0 1
 27 261  3 81 FH_T0.jpeg H   5 1 H 0.475262 0 1
 27 262  3 82 FA_T0.jpeg A   5 1 H 0.408826 0 1
 27 263  3 83 FA_T0.jpeg A   5 1 H 0.331989 0 1
 27 264  3 84 FA_T20.jpeg A   1 0 A 0.574603 0 1
 27 265  3 85 FA_T20.jpeg A   1 0 A 0.552491 0 1
 27 266  3 86 FH_T11.jpeg H   3 0 A 0.508782 0 1
 27 267  3 87 FA_T0.jpeg A   5 1 H 0.547606 0 1
 27 268  3 88 FH_T20.jpeg H   1 0 A 0.414394 0 1
 27 269  3 89 FA_T20.jpeg A   1 0 A 0.486547 0 1
 27 270  3 90 FA_T11.jpeg A   3 1 H 1.264360 0 1
 27 271  4  1 FA_T9.jpeg A   4 1 H 0.927577 0 1
 27 272  4  2 FA_T0.jpeg A   5 1 H 0.320689 0 1
 27 273  4  3 FA_T20.jpeg A   1 0 A 0.397940 0 1
 27 274  4  4 FH_T13.jpeg H   2 0 A 0.668759 0 1
 27 275  4  5 FA_T20.jpeg A   1 0 A 0.409353 0 1
 27 276  4  6 FA_T13.jpeg A   2 1 H 0.618830 0 1
 27 277  4  7 FH_T13.jpeg H   2 0 A 0.508390 0 1
 27 278  4  8 FH_T13.jpeg H   2 0 A 0.524906 0 1
 27 279  4  9 FA_T0.jpeg A   5 1 H 0.475823 0 1
 27 280  4 10 FA_T20.jpeg A   1 0 A 0.431364 0 1
 27 281  4 11 FA_T20.jpeg A   1 0 A 0.558128 0 1
 27 282  4 12 FA_T0.jpeg A   5 1 H 0.464357 0 1
 27 283  4 13 FA_T9.jpeg A   4 1 H 3.090622 0 1
 27 284  4 14 FA_T20.jpeg A   1 0 A 2.124631 0 1
 27 285  4 15 FA_T0.jpeg A   5 1 H 0.287833 0 1
 27 286  4 16 FA_T20.jpeg A   1 0 A 0.459025 0 1
 27 287  4 17 FA_T0.jpeg A   5 1 H 0.331904 0 1
 27 288  4 18 FH_T13.jpeg H   2 0 A 0.486274 0 1
 27 289  4 19 FH_T0.jpeg H   5 1 H 0.370408 0 1
 27 290  4 20 FA_T0.jpeg A   5 1 H 0.426169 0 1
 27 291  4 21 FH_T0.jpeg H   5 1 H 0.354000 0 1
 27 292  4 22 FA_T20.jpeg A   1 0 A 0.503333 0 1
 27 293  4 23 FA_T13.jpeg A   2 0 A 0.624494 0 1
 27 294  4 24 FH_T13.jpeg H   2 0 A 0.536430 0 1
 27 295  4 25 FH_T20.jpeg H   1 0 A 1.060516 0 1
 27 296  4 26 FH_T0.jpeg H   5 1 H 0.331245 0 1
 27 297  4 27 FA_T9.jpeg A   4 1 H 0.541400 0 1
 27 298  4 28 FA_T20.jpeg A   1 0 A 0.398416 0 1
 27 299  4 29 FH_T11.jpeg H   3 0 A 0.474772 0 1
 27 300  4 30 FH_T0.jpeg H   5 1 H 0.287749 0 1
 27 301  4 31 FA_T13.jpeg A   2 1 H 0.563556 0 1
 27 302  4 32 FA_T9.jpeg A   4 1 H 0.502750 0 1
 27 303  4 33 FA_T20.jpeg A   1 0 A 0.425671 0 1
 27 304  4 34 FH_T9.jpeg H   4 0 A 0.575033 0 1
 27 305  4 35 FH_T11.jpeg H   3 0 A 0.414496 0 1
 27 306  4 36 FA_T20.jpeg A   1 0 A 0.387520 0 1
 27 307  4 37 FA_T11.jpeg A   3 1 H 0.376103 0 1
 27 308  4 38 FH_T20.jpeg H   1 0 A 0.459047 0 1
 27 309  4 39 FA_T9.jpeg A   4 1 H 0.425595 0 1
 27 310  4 40 FA_T0.jpeg A   5 1 H 0.386909 0 1
 27 311  4 41 FA_T20.jpeg A   1 0 A 0.563932 0 1
 27 312  4 42 FH_T9.jpeg H   4 0 A 0.481320 0 1
 27 313  4 43 FA_T20.jpeg A   1 0 A 1.061348 0 1
 27 314  4 44 FH_T20.jpeg H   1 0 A 0.381857 0 1
 27 315  4 45 FA_T20.jpeg A   1 0 A 0.370359 0 1
 27 316  4 46 FH_T0.jpeg H   5 1 H 0.524921 0 1
 27 317  4 47 FH_T20.jpeg H   1 0 A 0.387451 0 1
 27 318  4 48 FA_T0.jpeg A   5 1 H 0.442065 0 1
 27 319  4 49 FH_T20.jpeg H   1 0 A 0.442200 0 1
 27 320  4 50 FH_T20.jpeg H   1 0 A 0.409404 0 1
 27 321  4 51 FH_T0.jpeg H   5 1 H 0.398452 0 1
 27 322  4 52 FA_T0.jpeg A   5 1 H 0.431389 0 1
 27 323  4 53 FA_T0.jpeg A   5 1 H 0.430991 0 1
 27 324  4 54 FA_T0.jpeg A   5 1 H 0.393022 0 1
 27 325  4 55 FH_T20.jpeg H   1 0 A 0.392668 0 1
 27 326  4 56 FH_T20.jpeg H   1 0 A 0.353754 0 1
 27 327  4 57 FA_T0.jpeg A   5 1 H 0.420463 0 1
 27 328  4 58 FA_T20.jpeg A   1 0 A 0.431015 0 1
 27 329  4 59 FH_T20.jpeg H   1 0 A 0.459065 0 1
 27 330  4 60 FH_T20.jpeg H   1 0 A 0.608187 0 1
 27 331  4 61 FA_T20.jpeg A   1 0 A 0.386702 0 1
 27 332  4 62 FH_T0.jpeg H   5 1 H 0.370701 0 1
 27 333  4 63 FA_T9.jpeg A   4 1 H 0.359900 0 1
 27 334  4 64 FA_T0.jpeg A   5 1 H 0.403810 0 1
 27 335  4 65 FH_T9.jpeg H   4 1 H 0.746357 0 1
 27 336  4 66 FA_T9.jpeg A   4 1 H 0.475334 0 1
 27 337  4 67 FH_T11.jpeg H   3 1 H 0.629474 0 1
 27 338  4 68 FH_T13.jpeg H   2 1 H 1.220597 0 1
 27 339  4 69 FH_T20.jpeg H   1 0 A 0.409205 0 1
 27 340  4 70 FH_T9.jpeg H   4 1 H 0.503007 0 1
 27 341  4 71 FA_T20.jpeg A   1 0 A 0.430981 0 1
 27 342  4 72 FA_T0.jpeg A   5 1 H 0.465120 0 1
 27 343  4 73 FA_T11.jpeg A   3 1 H 1.303777 0 1
 27 344  4 74 FA_T11.jpeg A   3 1 H 0.508453 0 1
 27 345  4 75 FA_T0.jpeg A   5 1 H 0.447195 0 1
 27 346  4 76 FA_T20.jpeg A   1 0 A 0.426132 0 1
 27 347  4 77 FA_T0.jpeg A   5 1 H 0.436558 0 1
 27 348  4 78 FH_T20.jpeg H   1 0 A 0.431119 0 1
 27 349  4 79 FH_T20.jpeg H   1 0 A 0.414848 0 1
 27 350  4 80 FH_T9.jpeg H   4 1 H 0.332000 0 1
 27 351  4 81 FH_T0.jpeg H   5 1 H 0.425639 0 1
 27 352  4 82 FA_T0.jpeg A   5 1 H 0.507765 0 1
 27 353  4 83 FH_T0.jpeg H   5 1 H 0.375855 0 1
 27 354  4 84 FA_T13.jpeg A   2 0 A 0.817909 0 1
 27 355  4 85 FH_T9.jpeg H   4 0 A 0.574356 0 1
 27 356  4 86 FA_T0.jpeg A   5 1 H 0.607741 0 1
 27 357  4 87 FA_T0.jpeg A   5 1 H 0.387239 0 1
 27 358  4 88 FH_T20.jpeg H   1 0 A 0.469890 0 1
 27 359  4 89 FH_T20.jpeg H   1 0 A 0.353654 0 1
 27 360  4 90 FH_T20.jpeg H   1 0 A 0.519440 0 1
 27 361  5  1 FH_T9.jpeg H   4 1 H 0.497726 0 1
 27 362  5  2 FA_T11.jpeg A   3 1 H 0.453322 0 1
 27 363  5  3 FH_T20.jpeg H   1 0 A 0.337386 0 1
 27 364  5  4 FA_T0.jpeg A   5 1 H 0.083773 1 2
 27 365  5  5 FA_T0.jpeg A   5 1 H 0.370738 0 2
 27 366  5  6 FA_T13.jpeg A   2 1 H 0.580646 0 2
 27 367  5  7 FA_T13.jpeg A   2 0 A 1.181960 0 2
 27 368  5  8 FH_T20.jpeg H   1 0 A 0.408899 0 2
 27 369  5  9 FH_T9.jpeg H   4 1 H 0.724073 0 2
 27 370  5 10 FA_T0.jpeg A   5 1 H 0.387395 0 2
 27 371  5 11 FA_T13.jpeg A   2 0 A 0.696294 0 2
 27 372  5 12 FA_T20.jpeg A   1 0 A 0.464489 0 2
 27 373  5 13 FA_T13.jpeg A   2 1 H 0.779453 0 2
 27 374  5 14 FA_T9.jpeg A   4 1 H 0.436509 0 2
 27 375  5 15 FA_T13.jpeg A   2 1 H 0.469473 0 2
 27 376  5 16 FH_T0.jpeg H   5 1 H 0.525084 0 2
 27 377  5 17 FH_T13.jpeg H   2 0 A 0.949635 0 2
 27 378  5 18 FH_T20.jpeg H   1 0 A 0.458306 0 2
 27 379  5 19 FH_T9.jpeg H   4 1 H 0.386731 0 2
 27 380  5 20 FH_T0.jpeg H   5 1 H 0.530965 0 2
 27 381  5 21 FH_T0.jpeg H   5 1 H 0.409388 0 2
 27 382  5 22 FA_T20.jpeg A   1 0 A 0.431694 0 2
 27 383  5 23 FH_T13.jpeg H   2 0 A 0.541735 0 2
 27 384  5 24 FH_T0.jpeg H   5 1 H 0.470130 0 2
 27 385  5 25 FA_T0.jpeg A   5 1 H 0.535997 0 2
 27 386  5 26 FH_T20.jpeg H   1 0 A 0.403269 0 2
 27 387  5 27 FH_T13.jpeg H   2 0 A 0.475394 0 2
 27 388  5 28 FH_T0.jpeg H   5 1 H 0.364795 0 2
 27 389  5 29 FH_T0.jpeg H   5 1 H 0.469899 0 2
 27 390  5 30 FA_T13.jpeg A   2 0 A 0.271265 0 2
 27 391  5 31 FA_T11.jpeg A   3 1 H 0.332073 0 2
 27 392  5 32 FA_T0.jpeg A   5 1 H 0.431535 0 2
 27 393  5 33 FA_T0.jpeg A   5 1 H 0.393058 0 2
 27 394  5 34 FH_T0.jpeg H   5 1 H 0.370278 0 2
 27 395  5 35 FH_T0.jpeg H   5 1 H 0.409040 0 2
 27 396  5 36 FA_T20.jpeg A   1 0 A 0.613180 0 2
 27 397  5 37 FH_T0.jpeg H   5 1 H 0.420013 0 2
 27 398  5 38 FH_T0.jpeg H   5 1 H 0.397886 0 2
 27 399  5 39 FH_T20.jpeg H   1 0 A 0.480442 0 2
 27 400  5 40 FH_T20.jpeg H   1 0 A 0.546832 0 2
 27 401  5 41 FH_T11.jpeg H   3 1 H 0.641336 0 2
 27 402  5 42 FA_T9.jpeg A   4 1 H 0.353886 0 2
 27 403  5 43 FH_T0.jpeg H   5 1 H 0.492184 0 2
 27 404  5 44 FA_T13.jpeg A   2 1 H 0.403973 0 2
 27 405  5 45 FH_T13.jpeg H   2 0 A 0.199050 1 3
 27 406  5 46 FH_T11.jpeg H   3 0 A 0.387267 0 3
 27 407  5 47 FA_T0.jpeg A   5 1 H 0.795398 0 3
 27 408  5 48 FH_T0.jpeg H   5 1 H 1.428928 0 3
 27 409  5 49 FA_T9.jpeg A   4 1 H 1.005015 0 3
 27 410  5 50 FA_T13.jpeg A   2 1 H 1.353123 0 3
 27 411  5 51 FH_T0.jpeg H   5 1 H 0.867701 0 3
 27 412  5 52 FA_T20.jpeg A   1 0 A 1.575567 0 3
 27 413  5 53 FH_T0.jpeg H   5 1 H 1.745246 0 3
 27 414  5 54 FH_T13.jpeg H   2 0 A 3.240953 0 3
 27 415  5 55 FA_T13.jpeg A   2 1 H 1.132784 0 3
 27 416  5 56 FH_T9.jpeg H   4 1 H 0.950646 0 3
 27 417  5 57 FH_T0.jpeg H   5 1 H 0.375882 0 3
 27 418  5 58 FA_T20.jpeg A   1 0 A 0.966340 0 3
 27 419  5 59 FA_T11.jpeg A   3 1 H 5.635418 0 3
 27 420  5 60 FH_T13.jpeg H   2 0 A 1.154918 0 3
 27 421  5 61 FA_T0.jpeg A   5 1 H 0.364859 0 3
 27 422  5 62 FH_T20.jpeg H   1 0 A 1.325938 0 3
 27 423  5 63 FH_T11.jpeg H   3 0 A 1.291923 0 3
 27 424  5 64 FH_T0.jpeg H   5 1 H 1.027652 0 3
 27 425  5 65 FA_T20.jpeg A   1 0 A 3.135244 0 3
 27 426  5 66 FH_T9.jpeg H   4 0 A 1.386096 0 3
 27 427  5 67 FA_T20.jpeg A   1 0 A 1.005635 0 3
 27 428  5 68 FA_T20.jpeg A   1 0 A 0.938792 0 3
 27 429  5 69 FH_T0.jpeg H   5 1 H 1.054949 0 3
 27 430  5 70 FH_T0.jpeg H   5 1 H 0.921493 0 3
 27 431  5 71 FA_T11.jpeg A   3 1 H 1.247749 0 3
 27 432  5 72 FH_T13.jpeg H   2 1 H 2.157750 0 3
 27 433  5 73 FA_T20.jpeg A   1 0 A 0.944819 0 3
 27 434  5 74 FA_T9.jpeg A   4 1 H 0.972499 0 3
 27 435  5 75 FH_T20.jpeg H   1 0 A 0.949897 0 3
 27 436  5 76 FH_T11.jpeg H   3 0 A 0.812711 0 3
 27 437  5 77 FA_T20.jpeg A   1 0 A 0.845278 0 3
 27 438  5 78 FH_T0.jpeg H   5 1 H 11.591864 0 3
 27 439  5 79 FH_T0.jpeg H   5 1 H 0.977628 0 3
 27 440  5 80 FA_T9.jpeg A   4 1 H 1.259611 0 3
 27 441  5 81 FH_T20.jpeg H   1 0 A 0.877963 0 3
 27 442  5 82 FH_T0.jpeg H   5 1 H 1.099756 0 3
 27 443  5 83 FH_T20.jpeg H   1 0 A 0.944194 0 3
 27 444  5 84 FA_T0.jpeg A   5 1 H 0.916973 0 3
 27 445  5 85 FA_T9.jpeg A   4 1 H 0.972108 0 3
 27 446  5 86 FH_T9.jpeg H   4 1 H 1.380344 0 3
 27 447  5 87 FH_T11.jpeg H   3 0 A 0.961338 0 3
 27 448  5 88 FA_T20.jpeg A   1 0 A 1.165403 0 3
 27 449  5 89 FH_T11.jpeg H   3 0 A 1.083148 0 3
 27 450  5 90 FH_T11.jpeg H   3 1 H 1.418802 0 3
 27 451  6  1 FA_T0.jpeg A   5 1 H 0.899572 0 3
 27 452  6  2 FA_T11.jpeg A   3 1 H 0.767452 0 3
 27 453  6  3 FA_T11.jpeg A   3 1 H 0.619153 0 3
 27 454  6  4 FH_T11.jpeg H   3 1 H 0.553039 0 3
 27 455  6  5 FH_T20.jpeg H   1 0 A 1.557558 0 3
 27 456  6  6 FA_T0.jpeg A   5 1 H 1.103779 0 3
 27 457  6  7 FA_T20.jpeg A   1 0 A 0.325996 0 3
 27 458  6  8 FA_T20.jpeg A   1 0 A 0.728416 0 3
 27 459  6  9 FA_T0.jpeg A   5 1 H 1.225811 0 3
 27 460  6 10 FA_T20.jpeg A   1 0 A 0.414557 0 3
 27 461  6 11 FA_T20.jpeg A   1 0 A 0.486352 0 3
 27 462  6 12 FH_T20.jpeg H   1 0 A 0.762271 0 3
 27 463  6 13 FA_T13.jpeg A   2 0 A 0.657410 0 3
 27 464  6 14 FA_T0.jpeg A   5 1 H 1.203448 0 3
 27 465  6 15 FH_T0.jpeg H   5 1 H 0.430971 0 3
 27 466  6 16 FH_T0.jpeg H   5 1 H 0.889009 0 3
 27 467  6 17 FH_T0.jpeg H   5 1 H 0.414304 0 3
 27 468  6 18 FH_T0.jpeg H   5 1 H 0.734433 0 3
 27 469  6 19 FA_T0.jpeg A   5 1 H 0.662840 0 3
 27 470  6 20 FA_T0.jpeg A   5 1 H 0.447989 0 3
 27 471  6 21 FH_T13.jpeg H   2 0 A 1.021328 0 3
 27 472  6 22 FA_T0.jpeg A   5 1 H 0.979444 0 3
 27 473  6 23 FH_T0.jpeg H   5 1 H 0.933869 0 3
 27 474  6 24 FA_T0.jpeg A   5 1 H 5.320122 0 3
 27 475  6 25 FA_T0.jpeg A   5 1 H 5.836035 0 3
 27 476  6 26 FH_T20.jpeg H   1 0 A 2.814568 0 3
 27 477  6 27 FA_T0.jpeg A   5 1 H 0.801384 0 3
 27 478  6 28 FH_T0.jpeg H   5 1 H 7.504181 0 3
 27 479  6 29 FH_T20.jpeg H   1 0 A 0.442518 0 3
 27 480  6 30 FA_T9.jpeg A   4 1 H 0.364845 0 3
 27 481  6 31 FA_T20.jpeg A   1 0 A 1.021835 0 3
 27 482  6 32 FA_T20.jpeg A   1 0 A 1.004638 0 3
 27 483  6 33 FA_T13.jpeg A   2 1 H 0.431122 0 3
 27 484  6 34 FA_T0.jpeg A   5 1 H 0.436514 0 3
 27 485  6 35 FA_T0.jpeg A   5 1 H 0.381272 0 3
 27 486  6 36 FA_T0.jpeg A   5 1 H 0.397973 0 3
 27 487  6 37 FA_T20.jpeg A   1 0 A 0.453208 0 3
 27 488  6 38 FA_T20.jpeg A   1 0 A 0.431724 0 3
 27 489  6 39 FA_T13.jpeg A   2 0 A 0.932430 0 3
 27 490  6 40 FA_T0.jpeg A   5 1 H 0.414850 0 3
 27 491  6 41 FH_T20.jpeg H   1 0 A 0.530461 0 3
 27 492  6 42 FH_T0.jpeg H   5 1 H 0.442277 0 3
 27 493  6 43 FH_T20.jpeg H   1 0 A 2.798329 0 3
 27 494  6 44 FA_T0.jpeg A   5 1 H 4.513307 0 3
 27 495  6 45 FA_T20.jpeg A   1 0 A 2.754117 0 3
 27 496  6 46 FA_T0.jpeg A   5 1 H 0.216162 0 3
 27 497  6 47 FH_T11.jpeg H   3 0 A 2.195003 0 3
 27 498  6 48 FA_T13.jpeg A   2 0 A 0.591659 0 3
 27 499  6 49 FH_T20.jpeg H   1 0 A 0.458312 0 3
 27 500  6 50 FH_T20.jpeg H   1 0 A 0.458910 0 3
 27 501  6 51 FA_T11.jpeg A   3 1 H 0.597108 0 3
 27 502  6 52 FA_T0.jpeg A   5 1 H 0.276576 0 3
 27 503  6 53 FH_T9.jpeg H   4 1 H 0.353786 0 3
 27 504  6 54 FA_T13.jpeg A   2 1 H 0.375731 0 3
 27 505  6 55 FA_T11.jpeg A   3 1 H 0.425390 0 3
 27 506  6 56 FH_T0.jpeg H   5 1 H 0.408872 0 3
 27 507  6 57 FA_T9.jpeg A   4 1 H 0.337219 0 3
 27 508  6 58 FH_T0.jpeg H   5 1 H 0.365125 0 3
 27 509  6 59 FH_T20.jpeg H   1 0 A 0.525165 0 3
 27 510  6 60 FA_T0.jpeg A   5 1 H 0.249327 0 3
 27 511  6 61 FH_T0.jpeg H   5 1 H 0.397731 0 3
 27 512  6 62 FA_T20.jpeg A   1 0 A 0.541510 0 3
 27 513  6 63 FH_T11.jpeg H   3 0 A 0.481065 0 3
 27 514  6 64 FH_T0.jpeg H   5 1 H 0.503048 0 3
 27 515  6 65 FH_T20.jpeg H   1 0 A 1.038216 0 3
 27 516  6 66 FA_T9.jpeg A   4 1 H 0.359213 0 3
 27 517  6 67 FH_T9.jpeg H   4 0 A 0.425832 0 3
 27 518  6 68 FH_T20.jpeg H   1 0 A 0.442522 0 3
 27 519  6 69 FH_T0.jpeg H   5 1 H 0.403817 0 3
 27 520  6 70 FH_T9.jpeg H   4 1 H 0.608005 0 3
 27 521  6 71 FA_T9.jpeg A   4 1 H 0.448009 0 3
 27 522  6 72 FH_T13.jpeg H   2 0 A 0.789315 0 3
 27 523  6 73 FH_T0.jpeg H   5 1 H 0.431366 0 3
 27 524  6 74 FH_T20.jpeg H   1 0 A 0.486372 0 3
 27 525  6 75 FA_T11.jpeg A   3 1 H 0.431076 0 3
 27 526  6 76 FA_T20.jpeg A   1 0 A 0.354138 0 3
 27 527  6 77 FA_T9.jpeg A   4 1 H 0.342971 0 3
 27 528  6 78 FA_T20.jpeg A   1 0 A 0.403929 0 3
 27 529  6 79 FH_T0.jpeg H   5 1 H 0.337666 0 3
 27 530  6 80 FA_T13.jpeg A   2 0 A 0.376193 0 3
 27 531  6 81 FH_T20.jpeg H   1 0 A 0.491985 0 3
 27 532  6 82 FH_T20.jpeg H   1 0 A 0.425698 0 3
 27 533  6 83 FA_T0.jpeg A   5 1 H 0.326576 0 3
 27 534  6 84 FH_T11.jpeg H   3 0 A 0.398131 0 3
 27 535  6 85 FH_T20.jpeg H   1 0 A 0.403506 0 3
 27 536  6 86 FA_T0.jpeg A   5 1 H 0.337520 0 3
 27 537  6 87 FH_T0.jpeg H   5 1 H 0.485930 0 3
 27 538  6 88 FH_T11.jpeg H   3 1 H 0.684905 0 3
 27 539  6 89 FH_T0.jpeg H   5 1 H 0.386855 0 3
 27 540  6 90 FA_T9.jpeg A   4 1 H 0.546574 0 3
 27 541  7  1 FH_T13.jpeg H   2 0 A 0.469334 0 3
 27 542  7  2 FH_T20.jpeg H   1 0 A 0.470053 0 3
 27 543  7  3 FA_T20.jpeg A   1 0 A 1.060078 0 3
 27 544  7  4 FA_T0.jpeg A   5 1 H 0.497808 0 3
 27 545  7  5 FH_T11.jpeg H   3 1 H 0.348415 0 3
 27 546  7  6 FA_T20.jpeg A   1 1 H 0.458863 0 3
 27 547  7  7 FH_T0.jpeg H   5 1 H 0.530533 0 3
 27 548  7  8 FH_T9.jpeg H   4 1 H 0.707158 0 3
 27 549  7  9 FH_T11.jpeg H   3 1 H 0.645920 0 3
 27 550  7 10 FH_T11.jpeg H   3 1 H 0.955556 0 3
 27 551  7 11 FA_T0.jpeg A   5 1 H 0.773908 0 3
 27 552  7 12 FH_T9.jpeg H   4 1 H 0.580551 0 3
 27 553  7 13 FH_T0.jpeg H   5 1 H 0.712376 0 3
 27 554  7 14 FA_T20.jpeg A   1 1 H 0.735150 0 3
 27 555  7 15 FH_T20.jpeg H   1 0 A 0.613614 0 3
 27 556  7 16 FH_T11.jpeg H   3 1 H 0.343594 0 3
 27 557  7 17 FA_T20.jpeg A   1 0 A 0.437109 0 3
 27 558  7 18 FA_T9.jpeg A   4 1 H 0.404081 0 3
 27 559  7 19 FH_T20.jpeg H   1 1 H 1.032881 0 3
 27 560  7 20 FH_T9.jpeg H   4 1 H 0.448039 0 3
 27 561  7 21 FA_T13.jpeg A   2 0 A 0.387162 0 3
 27 562  7 22 FA_T11.jpeg A   3 1 H 0.425749 0 3
 27 563  7 23 FA_T0.jpeg A   5 1 H 0.480879 0 3
 27 564  7 24 FH_T9.jpeg H   4 0 A 0.386918 0 3
 27 565  7 25 FA_T20.jpeg A   1 0 A 0.961318 0 3
 27 566  7 26 FA_T13.jpeg A   2 0 A 1.711489 0 3
 27 567  7 27 FA_T20.jpeg A   1 0 A 0.823409 0 3
 27 568  7 28 FH_T0.jpeg H   5 1 H 2.914875 0 3
 27 569  7 29 FA_T20.jpeg A   1 0 A 2.323822 0 3
 27 570  7 30 FH_T20.jpeg H   1 0 A 1.226138 0 3
 27 571  7 31 FH_T20.jpeg H   1 0 A 1.153712 0 3
 27 572  7 32 FH_T0.jpeg H   5 1 H 0.365247 0 3
 27 573  7 33 FH_T13.jpeg H   2 1 H 0.525393 0 3
 27 574  7 34 FA_T0.jpeg A   5 1 H 0.474812 0 3
 27 575  7 35 FH_T0.jpeg H   5 1 H 0.817769 0 3
 27 576  7 36 FA_T20.jpeg A   1 0 A 1.259677 0 3
 27 577  7 37 FH_T9.jpeg H   4 1 H 0.586193 0 3
 27 578  7 38 FA_T20.jpeg A   1 0 A 0.397894 0 3
 27 579  7 39 FA_T13.jpeg A   2 1 H 0.519724 0 3
 27 580  7 40 FA_T0.jpeg A   5 1 H 0.414913 0 3
 27 581  7 41 FA_T9.jpeg A   4 1 H 0.398334 0 3
 27 582  7 42 FA_T0.jpeg A   5 1 H 0.354152 0 3
 27 583  7 43 FA_T20.jpeg A   1 0 A 0.469894 0 3
 27 584  7 44 FH_T20.jpeg H   1 0 A 0.519649 0 3
 27 585  7 45 FA_T9.jpeg A   4 1 H 0.343096 0 3
 27 586  7 46 FA_T0.jpeg A   5 1 H 0.458647 0 3
 27 587  7 47 FH_T20.jpeg H   1 0 A 1.302524 0 3
 27 588  7 48 FH_T0.jpeg H   5 1 H 0.987560 0 3
 27 589  7 49 FH_T0.jpeg H   5 1 H 0.922938 0 3
 27 590  7 50 FH_T20.jpeg H   1 0 A 0.905563 0 3
 27 591  7 51 FA_T20.jpeg A   1 0 A 0.993806 0 3
 27 592  7 52 FA_T11.jpeg A   3 1 H 0.762316 0 3
 27 593  7 53 FA_T0.jpeg A   5 1 H 0.442368 0 3
 27 594  7 54 FA_T0.jpeg A   5 1 H 0.436575 0 3
 27 595  7 55 FH_T0.jpeg H   5 1 H 0.740225 0 3
 27 596  7 56 FH_T0.jpeg H   5 1 H 0.458127 0 3
 27 597  7 57 FH_T0.jpeg H   5 1 H 0.469974 0 3
 27 598  7 58 FH_T0.jpeg H   5 1 H 0.387226 0 3
 27 599  7 59 FH_T13.jpeg H   2 0 A 0.464070 0 3
 27 600  7 60 FA_T20.jpeg A   1 0 A 0.817541 0 3
 27 601  7 61 FA_T20.jpeg A   1 0 A 3.836761 0 3
 27 602  7 62 FA_T0.jpeg A   5 1 H 1.369345 0 3
 27 603  7 63 FH_T20.jpeg H   1 0 A 0.966326 0 3
 27 604  7 64 FH_T0.jpeg H   5 1 H 0.464402 0 3
 27 605  7 65 FA_T0.jpeg A   5 1 H 0.767778 0 3
 27 606  7 66 FA_T9.jpeg A   4 1 H 0.558466 0 3
 27 607  7 67 FA_T20.jpeg A   1 0 A 0.972110 0 3
 27 608  7 68 FH_T11.jpeg H   3 1 H 0.674312 0 3
 27 609  7 69 FH_T20.jpeg H   1 0 A 0.944558 0 3
 27 610  7 70 FA_T11.jpeg A   3 1 H 0.348748 0 3
 27 611  7 71 FA_T20.jpeg A   1 0 A 0.916148 0 3
 27 612  7 72 FA_T20.jpeg A   1 0 A 1.060327 0 3
 27 613  7 73 FA_T11.jpeg A   3 1 H 0.685117 0 3
 27 614  7 74 FA_T20.jpeg A   1 0 A 1.016043 0 3
 27 615  7 75 FH_T9.jpeg H   4 1 H 0.519190 0 3
 27 616  7 76 FA_T11.jpeg A   3 1 H 0.751638 0 3
 27 617  7 77 FH_T0.jpeg H   5 1 H 0.442113 0 3
 27 618  7 78 FH_T9.jpeg H   4 1 H 0.520006 0 3
 27 619  7 79 FA_T11.jpeg A   3 1 H 0.481213 0 3
 27 620  7 80 FH_T0.jpeg H   5 1 H 26.451965 0 3
 27 621  7 81 FA_T11.jpeg A   3 1 H 0.293347 0 3
 27 622  7 82 FH_T20.jpeg H   1 0 A 1.004849 0 3
 27 623  7 83 FA_T0.jpeg A   5 1 H 0.381930 0 3
 27 624  7 84 FA_T0.jpeg A   5 1 H 0.370614 0 3
 27 625  7 85 FA_T0.jpeg A   5 1 H 0.337254 0 3
 27 626  7 86 FH_T13.jpeg H   2 0 A 1.114904 0 3
 27 627  7 87 FH_T0.jpeg H   5 1 H 0.276819 0 3
 27 628  7 88 FA_T11.jpeg A   3 1 H 0.452788 0 3
 27 629  7 89 FH_T0.jpeg H   5 1 H 0.386889 0 3
 27 630  7 90 FH_T20.jpeg H   1 0 A 1.061108 0 3
 27 631  8  1 FA_T0.jpeg A   5 1 H 1.000604 0 3
 27 632  8  2 FA_T20.jpeg A   1 0 A 1.148294 0 3
 27 633  8  3 FH_T13.jpeg H   2 0 A 1.219973 0 3
 27 634  8  4 FH_T11.jpeg H   3 0 A 1.004156 0 3
 27 635  8  5 FA_T20.jpeg A   1 0 A 0.238455 0 3
 27 636  8  6 FA_T20.jpeg A   1 0 A 0.348707 0 3
 27 637  8  7 FA_T0.jpeg A   5 1 H 0.287667 0 3
 27 638  8  8 FA_T0.jpeg A   5 1 H 0.303822 0 3
 27 639  8  9 FA_T20.jpeg A   1 1 H 0.293133 0 3
 27 640  8 10 FH_T20.jpeg H   1 1 H 0.403314 0 3
 27 641  8 11 FA_T20.jpeg A   1 1 H 0.259963 0 3
 27 642  8 12 FA_T11.jpeg A   3 1 H 0.254391 0 3
 27 643  8 13 FH_T0.jpeg H   5 1 H 0.304314 0 3
 27 644  8 14 FH_T0.jpeg H   5 1 H 0.271352 0 3
 27 645  8 15 FH_T0.jpeg H   5 0 A 0.436399 0 3
 27 646  8 16 FA_T13.jpeg A   2 0 A 0.254408 0 3
 27 647  8 17 FH_T9.jpeg H   4 0 A 0.227418 0 3
 27 648  8 18 FH_T0.jpeg H   5 0 A 0.298905 0 3
 27 649  8 19 FA_T0.jpeg A   5 0 A 0.226651 0 3
 27 650  8 20 FA_T20.jpeg A   1 0 A 0.276556 0 3
 27 651  8 21 FH_T20.jpeg H   1 0 A 0.491757 0 3
 27 652  8 22 FH_T13.jpeg H   2 1 H 0.210093 0 3
 27 653  8 23 FH_T11.jpeg H   3 1 H 0.309800 0 3
 27 654  8 24 FH_T20.jpeg H   1 1 H 0.237858 0 3
 27 655  8 25 FA_T9.jpeg A   4 1 H 0.414841 0 3
 27 656  8 26 FH_T0.jpeg H   5 1 H 1.209959 0 3
 27 657  8 27 FA_T0.jpeg A   5 1 H 0.833561 0 3
 27 658  8 28 FH_T0.jpeg H   5 1 H 0.646479 0 3
 27 659  8 29 FH_T13.jpeg H   2 1 H 0.766812 0 3
 27 660  8 30 FA_T0.jpeg A   5 1 H 0.442457 0 3
 27 661  8 31 FA_T0.jpeg A   5 1 H 0.376227 0 3
 27 662  8 32 FA_T20.jpeg A   1 0 A 1.843358 0 3
 27 663  8 33 FA_T20.jpeg A   1 0 A 1.086963 0 3
 27 664  8 34 FH_T20.jpeg H   1 0 A 1.241965 0 3
 27 665  8 35 FA_T20.jpeg A   1 1 H 0.381843 0 3
 27 666  8 36 FA_T20.jpeg A   1 0 A 8.781097 0 3
 27 667  8 37 FH_T20.jpeg H   1 0 A 1.005424 0 3
 27 668  8 38 FA_T20.jpeg A   1 0 A 0.887852 0 3
 27 669  8 39 FA_T11.jpeg A   3 1 H 0.354049 0 3
 27 670  8 40 FH_T9.jpeg H   4 1 H 0.657532 0 3
 27 671  8 41 FA_T11.jpeg A   3 1 H 0.530443 0 3
 27 672  8 42 FA_T9.jpeg A   4 1 H 0.420043 0 3
 27 673  8 43 FA_T0.jpeg A   5 1 H 0.475166 0 3
 27 674  8 44 FH_T20.jpeg H   1 0 A 0.994159 0 3
 27 675  8 45 FA_T11.jpeg A   3 1 H 0.470608 0 3
 27 676  8 46 FA_T20.jpeg A   1 0 A 1.120443 0 3
 27 677  8 47 FH_T20.jpeg H   1 0 A 0.883799 0 3
 27 678  8 48 FH_T0.jpeg H   5 1 H 0.839054 0 3
 27 679  8 49 FA_T11.jpeg A   3 1 H 0.375776 0 3
 27 680  8 50 FA_T20.jpeg A   1 0 A 1.131239 0 3
 27 681  8 51 FA_T0.jpeg A   5 1 H 0.326529 0 3
 27 682  8 52 FA_T0.jpeg A   5 1 H 0.358564 0 3
 27 683  8 53 FA_T11.jpeg A   3 1 H 2.561786 0 3
 27 684  8 54 FA_T20.jpeg A   1 0 A 0.629873 0 3
 27 685  8 55 FA_T0.jpeg A   5 1 H 0.817491 0 3
 27 686  8 56 FA_T0.jpeg A   5 1 H 7.234673 0 3
 27 687  8 57 FH_T20.jpeg H   1 0 A 0.613207 0 3
 27 688  8 58 FH_T9.jpeg H   4 1 H 0.536470 0 3
 27 689  8 59 FH_T20.jpeg H   1 0 A 0.514254 0 3
 27 690  8 60 FA_T9.jpeg A   4 1 H 0.431234 0 3
 27 691  8 61 FA_T0.jpeg A   5 1 H 0.210581 0 3
 27 692  8 62 FA_T0.jpeg A   5 1 H 0.425270 0 3
 27 693  8 63 FH_T20.jpeg H   1 1 H 0.337462 0 3
 27 694  8 64 FA_T20.jpeg A   1 1 H 0.293367 0 3
 27 695  8 65 FA_T11.jpeg A   3 1 H 0.260174 0 3
 27 696  8 66 FH_T0.jpeg H   5 1 H 0.238241 0 3
 27 697  8 67 FA_T13.jpeg A   2 1 H 0.271570 0 3
 27 698  8 68 FA_T0.jpeg A   5 1 H 0.265859 0 3
 27 699  8 69 FH_T0.jpeg H   5 1 H 0.331615 0 3
 27 700  8 70 FH_T9.jpeg H   4 1 H 0.249500 0 3
 27 701  8 71 FH_T20.jpeg H   1 1 H 0.326297 0 3
 27 702  8 72 FH_T13.jpeg H   2 1 H 0.320844 0 3
 27 703  8 73 FA_T20.jpeg A   1 1 H 0.232299 0 3
 27 704  8 74 FA_T13.jpeg A   2 1 H 0.177230 1 4
 27 705  8 75 FH_T20.jpeg H   1 1 H 0.260386 0 4
 27 706  8 76 FA_T20.jpeg A   1 0 A 0.437024 0 4
 27 707  8 77 FH_T0.jpeg H   5 1 H 0.387462 0 4
 27 708  8 78 FH_T0.jpeg H   5 1 H 0.702015 0 4
 27 709  8 79 FH_T20.jpeg H   1 0 A 0.458784 0 4
 27 710  8 80 FA_T0.jpeg A   5 1 H 0.470040 0 4
 27 711  8 81 FA_T9.jpeg A   4 1 H 0.508684 0 4
 27 712  8 82 FH_T20.jpeg H   1 0 A 0.867281 0 4
 27 713  8 83 FA_T0.jpeg A   5 1 H 0.403965 0 4
 27 714  8 84 FA_T20.jpeg A   1 1 H 0.729114 0 4
 27 715  8 85 FH_T20.jpeg H   1 1 H 0.652129 0 4
 27 716  8 86 FH_T20.jpeg H   1 1 H 0.315249 0 4
 27 717  8 87 FA_T20.jpeg A   1 0 A 0.480794 0 4
 27 718  8 88 FA_T20.jpeg A   1 0 A 0.546370 0 4
 27 719  8 89 FH_T0.jpeg H   5 0 A 0.304342 0 4
 27 720  8 90 FA_T0.jpeg A   5 0 A 0.623749 0 4
