 20   1  1  1 FA_T13.jpeg A   2 0 A 0.547794 0 0
 20   2  1  2 FA_T20.jpeg A   1 0 A 0.360655 0 0
 20   3  1  3 FH_T20.jpeg H   1 1 H 0.411001 0 0
 20   4  1  4 FH_T20.jpeg H   1 0 A 1.323564 0 0
 20   5  1  5 FA_T0.jpeg A   5 1 H 0.537860 0 0
 20   6  1  6 FH_T0.jpeg H   5 1 H 0.438106 0 0
 20   7  1  7 FH_T0.jpeg H   5 1 H 0.376461 0 0
 20   8  1  8 FH_T0.jpeg H   5 1 H 0.360194 0 0
 20   9  1  9 FH_T0.jpeg H   5 1 H 0.444194 0 0
 20  10  1 10 FA_T11.jpeg A   3 0 A 0.620087 0 0
 20  11  1 11 FA_T0.jpeg A   5 1 H 0.554674 0 0
 20  12  1 12 FA_T20.jpeg A   1 0 A 0.471839 0 0
 20  13  1 13 FH_T20.jpeg H   1 0 A 0.371034 0 0
 20  14  1 14 FA_T20.jpeg A   1 0 A 0.399404 0 0
 20  15  1 15 FA_T20.jpeg A   1 0 A 0.338254 0 0
 20  16  1 16 FA_T0.jpeg A   5 1 H 0.327299 0 0
 20  17  1 17 FA_T0.jpeg A   5 1 H 0.377297 0 0
 20  18  1 18 FA_T0.jpeg A   5 1 H 0.294694 0 0
 20  19  1 19 FH_T0.jpeg H   5 1 H 0.309975 0 0
 20  20  1 20 FH_T20.jpeg H   1 0 A 0.327800 0 0
 20  21  1 21 FH_T20.jpeg H   1 1 H 0.244104 0 0
 20  22  1 22 FH_T0.jpeg H   5 1 H 0.382875 0 0
 20  23  1 23 FA_T0.jpeg A   5 1 H 0.338989 0 0
 20  24  1 24 FH_T20.jpeg H   1 0 A 0.404653 0 0
 20  25  1 25 FA_T11.jpeg A   3 1 H 0.327182 0 0
 20  26  1 26 FA_T20.jpeg A   1 0 A 0.437454 0 0
 20  27  1 27 FH_T20.jpeg H   1 0 A 0.371538 0 0
 20  28  1 28 FH_T9.jpeg H   4 1 H 0.526870 0 0
 20  29  1 29 FH_T20.jpeg H   1 0 A 0.431893 0 0
 20  30  1 30 FH_T0.jpeg H   5 1 H 0.327316 0 0
 20  31  1 31 FA_T9.jpeg A   4 1 H 0.366077 0 0
 20  32  1 32 FA_T9.jpeg A   4 1 H 0.426920 0 0
 20  33  1 33 FA_T20.jpeg A   1 0 A 0.405540 0 0
 20  34  1 34 FH_T20.jpeg H   1 0 A 0.410270 0 0
 20  35  1 35 FH_T20.jpeg H   1 0 A 0.388930 0 0
 20  36  1 36 FA_T20.jpeg A   1 0 A 0.371692 0 0
 20  37  1 37 FH_T20.jpeg H   1 0 A 0.432561 0 0
 20  38  1 38 FH_T20.jpeg H   1 0 A 0.294233 0 0
 20  39  1 39 FH_T11.jpeg H   3 0 A 0.321745 0 0
 20  40  1 40 FA_T0.jpeg A   5 1 H 0.454211 0 0
 20  41  1 41 FA_T20.jpeg A   1 0 A 0.383252 0 0
 20  42  1 42 FA_T9.jpeg A   4 1 H 0.427641 0 0
 20  43  1 43 FA_T20.jpeg A   1 0 A 0.327319 0 0
 20  44  1 44 FH_T0.jpeg H   5 1 H 0.338342 0 0
 20  45  1 45 FA_T20.jpeg A   1 0 A 0.393805 0 0
 20  46  1 46 FH_T0.jpeg H   5 1 H 0.327835 0 0
 20  47  1 47 FA_T0.jpeg A   5 1 H 0.421141 0 0
 20  48  1 48 FH_T20.jpeg H   1 0 A 0.343810 0 0
 20  49  1 49 FH_T0.jpeg H   5 1 H 0.310700 0 0
 20  50  1 50 FA_T20.jpeg A   1 0 A 0.354977 0 0
 20  51  1 51 FA_T11.jpeg A   3 1 H 0.383341 0 0
 20  52  1 52 FA_T0.jpeg A   5 1 H 0.388244 0 0
 20  53  1 53 FA_T9.jpeg A   4 1 H 0.643266 0 0
 20  54  1 54 FH_T20.jpeg H   1 0 A 0.470870 0 0
 20  55  1 55 FH_T13.jpeg H   2 1 H 0.659870 0 0
 20  56  1 56 FA_T20.jpeg A   1 0 A 0.515696 0 0
 20  57  1 57 FA_T20.jpeg A   1 0 A 0.465557 0 0
 20  58  1 58 FA_T20.jpeg A   1 0 A 0.321833 0 0
 20  59  1 59 FA_T9.jpeg A   4 1 H 0.315904 0 0
 20  60  1 60 FA_T13.jpeg A   2 1 H 0.449127 0 0
 20  61  1 61 FA_T9.jpeg A   4 1 H 0.337919 0 0
 20  62  1 62 FH_T20.jpeg H   1 0 A 0.404340 0 0
 20  63  1 63 FA_T0.jpeg A   5 1 H 0.327247 0 0
 20  64  1 64 FH_T9.jpeg H   4 0 A 0.299635 0 0
 20  65  1 65 FH_T20.jpeg H   1 0 A 0.664455 0 0
 20  66  1 66 FA_T9.jpeg A   4 1 H 0.520903 0 0
 20  67  1 67 FA_T0.jpeg A   5 1 H 0.398738 0 0
 20  68  1 68 FA_T13.jpeg A   2 0 A 0.498610 0 0
 20  69  1 69 FA_T9.jpeg A   4 1 H 0.509468 0 0
 20  70  1 70 FA_T20.jpeg A   1 0 A 0.404112 0 0
 20  71  1 71 FA_T9.jpeg A   4 1 H 0.449095 0 0
 20  72  1 72 FH_T13.jpeg H   2 0 A 0.487355 0 0
 20  73  1 73 FH_T11.jpeg H   3 1 H 0.609349 0 0
 20  74  1 74 FH_T20.jpeg H   1 0 A 0.443719 0 0
 20  75  1 75 FH_T11.jpeg H   3 1 H 0.444102 0 0
 20  76  1 76 FA_T20.jpeg A   1 0 A 0.443151 0 0
 20  77  1 77 FA_T13.jpeg A   2 1 H 0.449025 0 0
 20  78  1 78 FA_T20.jpeg A   1 0 A 0.377669 0 0
 20  79  1 79 FH_T0.jpeg H   5 1 H 0.426891 0 0
 20  80  1 80 FA_T20.jpeg A   1 0 A 0.399465 0 0
 20  81  1 81 FA_T9.jpeg A   4 1 H 0.411087 0 0
 20  82  1 82 FH_T11.jpeg H   3 1 H 0.631474 0 0
 20  83  1 83 FH_T9.jpeg H   4 1 H 0.504016 0 0
 20  84  1 84 FH_T9.jpeg H   4 1 H 0.354707 0 0
 20  85  1 85 FH_T0.jpeg H   5 1 H 0.426250 0 0
 20  86  1 86 FH_T20.jpeg H   1 0 A 0.426356 0 0
 20  87  1 87 FA_T0.jpeg A   5 1 H 0.432549 0 0
 20  88  1 88 FH_T20.jpeg H   1 0 A 0.416651 0 0
 20  89  1 89 FH_T11.jpeg H   3 1 H 0.553836 0 0
 20  90  1 90 FH_T9.jpeg H   4 1 H 0.471356 0 0
 20  91  2  1 FA_T20.jpeg A   1 0 A 0.537486 0 0
 20  92  2  2 FH_T0.jpeg H   5 1 H 0.382199 0 0
 20  93  2  3 FH_T0.jpeg H   5 1 H 0.392811 0 0
 20  94  2  4 FH_T11.jpeg H   3 0 A 0.410232 0 0
 20  95  2  5 FA_T9.jpeg A   4 1 H 0.531263 0 0
 20  96  2  6 FA_T20.jpeg A   1 0 A 0.442706 0 0
 20  97  2  7 FA_T20.jpeg A   1 0 A 0.404196 0 0
 20  98  2  8 FA_T11.jpeg A   3 1 H 0.409534 0 0
 20  99  2  9 FH_T20.jpeg H   1 0 A 0.354511 0 0
 20 100  2 10 FA_T0.jpeg A   5 1 H 0.376454 0 0
 20 101  2 11 FH_T0.jpeg H   5 1 H 0.404294 0 0
 20 102  2 12 FH_T13.jpeg H   2 0 A 0.409514 0 0
 20 103  2 13 FH_T20.jpeg H   1 1 H 0.432262 0 0
 20 104  2 14 FA_T0.jpeg A   5 1 H 0.503522 0 0
 20 105  2 15 FH_T20.jpeg H   1 0 A 0.432308 0 0
 20 106  2 16 FA_T0.jpeg A   5 1 H 0.370946 0 0
 20 107  2 17 FA_T9.jpeg A   4 1 H 0.399068 0 0
 20 108  2 18 FH_T20.jpeg H   1 0 A 0.404251 0 0
 20 109  2 19 FH_T0.jpeg H   5 1 H 0.503798 0 0
 20 110  2 20 FH_T20.jpeg H   1 0 A 0.509277 0 0
 20 111  2 21 FH_T0.jpeg H   5 1 H 0.520497 0 0
 20 112  2 22 FH_T0.jpeg H   5 1 H 0.426739 0 0
 20 113  2 23 FH_T0.jpeg H   5 1 H 0.354356 0 0
 20 114  2 24 FA_T13.jpeg A   2 1 H 0.404762 0 0
 20 115  2 25 FA_T20.jpeg A   1 0 A 0.681081 0 0
 20 116  2 26 FH_T20.jpeg H   1 0 A 0.398652 0 0
 20 117  2 27 FH_T9.jpeg H   4 1 H 0.520226 0 0
 20 118  2 28 FH_T0.jpeg H   5 1 H 0.399182 0 0
 20 119  2 29 FA_T13.jpeg A   2 1 H 0.498432 0 0
 20 120  2 30 FH_T0.jpeg H   5 1 H 0.426190 0 0
 20 121  2 31 FH_T9.jpeg H   4 1 H 0.454583 0 0
 20 122  2 32 FH_T20.jpeg H   1 0 A 0.409622 0 0
 20 123  2 33 FA_T11.jpeg A   3 1 H 0.435672 0 0
 20 124  2 34 FA_T0.jpeg A   5 1 H 0.388094 0 0
 20 125  2 35 FA_T20.jpeg A   1 0 A 0.741434 0 0
 20 126  2 36 FH_T11.jpeg H   3 1 H 0.426293 0 0
 20 127  2 37 FH_T0.jpeg H   5 1 H 0.393096 0 0
 20 128  2 38 FA_T20.jpeg A   1 0 A 0.448495 0 0
 20 129  2 39 FA_T0.jpeg A   5 1 H 0.409599 0 0
 20 130  2 40 FA_T11.jpeg A   3 1 H 0.354901 0 0
 20 131  2 41 FA_T11.jpeg A   3 1 H 0.338016 0 0
 20 132  2 42 FA_T20.jpeg A   1 0 A 0.432247 0 0
 20 133  2 43 FH_T0.jpeg H   5 1 H 0.393501 0 0
 20 134  2 44 FH_T11.jpeg H   3 1 H 0.476295 0 0
 20 135  2 45 FA_T0.jpeg A   5 1 H 0.360159 0 0
 20 136  2 46 FH_T20.jpeg H   1 0 A 0.387966 0 0
 20 137  2 47 FA_T0.jpeg A   5 1 H 0.381931 0 0
 20 138  2 48 FA_T13.jpeg A   2 1 H 0.619545 0 0
 20 139  2 49 FH_T0.jpeg H   5 1 H 0.459783 0 0
 20 140  2 50 FH_T13.jpeg H   2 1 H 0.531324 0 0
 20 141  2 51 FA_T20.jpeg A   1 0 A 0.503653 0 0
 20 142  2 52 FH_T0.jpeg H   5 1 H 0.398921 0 0
 20 143  2 53 FH_T0.jpeg H   5 1 H 0.454326 0 0
 20 144  2 54 FH_T11.jpeg H   3 1 H 0.580738 0 0
 20 145  2 55 FA_T0.jpeg A   5 1 H 0.448471 0 0
 20 146  2 56 FA_T20.jpeg A   1 0 A 0.515511 0 0
 20 147  2 57 FA_T0.jpeg A   5 1 H 0.442833 0 0
 20 148  2 58 FA_T13.jpeg A   2 1 H 0.564277 0 0
 20 149  2 59 FH_T20.jpeg H   1 0 A 0.443562 0 0
 20 150  2 60 FA_T0.jpeg A   5 1 H 0.442620 0 0
 20 151  2 61 FH_T20.jpeg H   1 0 A 0.464410 0 0
 20 152  2 62 FH_T0.jpeg H   5 1 H 0.437458 0 0
 20 153  2 63 FH_T13.jpeg H   2 0 A 0.359866 0 0
 20 154  2 64 FA_T13.jpeg A   2 1 H 0.676178 0 0
 20 155  2 65 FH_T9.jpeg H   4 1 H 0.409656 0 0
 20 156  2 66 FA_T0.jpeg A   5 1 H 0.348764 0 0
 20 157  2 67 FA_T20.jpeg A   1 0 A 0.360017 0 0
 20 158  2 68 FA_T0.jpeg A   5 1 H 0.381840 0 0
 20 159  2 69 FH_T20.jpeg H   1 0 A 0.459382 0 0
 20 160  2 70 FH_T9.jpeg H   4 1 H 0.432610 0 0
 20 161  2 71 FA_T9.jpeg A   4 1 H 0.337748 0 0
 20 162  2 72 FA_T20.jpeg A   1 0 A 0.348952 0 0
 20 163  2 73 FH_T13.jpeg H   2 0 A 0.332236 0 0
 20 164  2 74 FA_T20.jpeg A   1 0 A 0.409798 0 0
 20 165  2 75 FA_T0.jpeg A   5 1 H 0.359962 0 0
 20 166  2 76 FH_T20.jpeg H   1 0 A 0.398656 0 0
 20 167  2 77 FH_T0.jpeg H   5 1 H 0.360562 0 0
 20 168  2 78 FH_T13.jpeg H   2 0 A 0.376911 0 0
 20 169  2 79 FA_T0.jpeg A   5 1 H 0.354930 0 0
 20 170  2 80 FA_T13.jpeg A   2 1 H 0.404225 0 0
 20 171  2 81 FH_T20.jpeg H   1 0 A 0.410218 0 0
 20 172  2 82 FA_T9.jpeg A   4 1 H 0.371696 0 0
 20 173  2 83 FH_T20.jpeg H   1 0 A 0.442658 0 0
 20 174  2 84 FA_T20.jpeg A   1 0 A 0.381924 0 0
 20 175  2 85 FH_T0.jpeg H   5 1 H 0.343582 0 0
 20 176  2 86 FH_T11.jpeg H   3 1 H 0.432323 0 0
 20 177  2 87 FH_T9.jpeg H   4 1 H 0.398916 0 0
 20 178  2 88 FH_T9.jpeg H   4 1 H 0.398406 0 0
 20 179  2 89 FA_T20.jpeg A   1 0 A 0.475430 0 0
 20 180  2 90 FH_T0.jpeg H   5 1 H 0.376565 0 0
 20 181  3  1 FH_T20.jpeg H   1 0 A 1.460492 0 0
 20 182  3  2 FA_T20.jpeg A   1 0 A 0.492197 0 0
 20 183  3  3 FH_T20.jpeg H   1 0 A 0.432226 0 0
 20 184  3  4 FA_T13.jpeg A   2 1 H 0.404313 0 0
 20 185  3  5 FH_T0.jpeg H   5 1 H 0.393584 0 0
 20 186  3  6 FH_T0.jpeg H   5 1 H 0.304487 0 0
 20 187  3  7 FH_T13.jpeg H   2 0 A 0.332478 0 0
 20 188  3  8 FA_T20.jpeg A   1 0 A 0.343478 0 0
 20 189  3  9 FA_T20.jpeg A   1 0 A 0.343796 0 0
 20 190  3 10 FA_T0.jpeg A   5 1 H 0.310356 0 0
 20 191  3 11 FH_T20.jpeg H   1 0 A 0.371402 0 0
 20 192  3 12 FH_T11.jpeg H   3 0 A 0.371047 0 0
 20 193  3 13 FH_T11.jpeg H   3 0 A 0.354589 0 0
 20 194  3 14 FA_T20.jpeg A   1 1 H 0.343184 0 0
 20 195  3 15 FA_T0.jpeg A   5 1 H 0.437321 0 0
 20 196  3 16 FA_T0.jpeg A   5 1 H 0.371037 0 0
 20 197  3 17 FH_T9.jpeg H   4 1 H 0.399130 0 0
 20 198  3 18 FH_T0.jpeg H   5 1 H 0.404322 0 0
 20 199  3 19 FH_T9.jpeg H   4 1 H 0.403770 0 0
 20 200  3 20 FH_T11.jpeg H   3 1 H 0.376343 0 0
 20 201  3 21 FA_T20.jpeg A   1 0 A 0.565071 0 0
 20 202  3 22 FH_T0.jpeg H   5 1 H 0.387621 0 0
 20 203  3 23 FH_T9.jpeg H   4 1 H 0.387663 0 0
 20 204  3 24 FH_T20.jpeg H   1 0 A 0.420578 0 0
 20 205  3 25 FA_T20.jpeg A   1 0 A 0.387586 0 0
 20 206  3 26 FH_T20.jpeg H   1 0 A 0.514884 0 0
 20 207  3 27 FH_T9.jpeg H   4 1 H 0.387733 0 0
 20 208  3 28 FA_T20.jpeg A   1 0 A 0.448891 0 0
 20 209  3 29 FA_T0.jpeg A   5 1 H 0.310649 0 0
 20 210  3 30 FA_T0.jpeg A   5 1 H 0.337994 0 0
 20 211  3 31 FA_T0.jpeg A   5 1 H 0.332756 0 0
 20 212  3 32 FH_T0.jpeg H   5 1 H 0.376640 0 0
 20 213  3 33 FA_T20.jpeg A   1 0 A 0.421274 0 0
 20 214  3 34 FA_T0.jpeg A   5 1 H 0.387678 0 0
 20 215  3 35 FA_T0.jpeg A   5 1 H 0.371072 0 0
 20 216  3 36 FA_T20.jpeg A   1 0 A 0.387281 0 0
 20 217  3 37 FA_T0.jpeg A   5 1 H 0.420969 0 0
 20 218  3 38 FA_T20.jpeg A   1 0 A 0.349504 0 0
 20 219  3 39 FH_T0.jpeg H   5 1 H 0.343100 0 0
 20 220  3 40 FH_T11.jpeg H   3 0 A 0.343668 0 0
 20 221  3 41 FH_T0.jpeg H   5 1 H 0.404555 0 0
 20 222  3 42 FA_T11.jpeg A   3 1 H 0.475462 0 0
 20 223  3 43 FA_T20.jpeg A   1 0 A 0.437708 0 0
 20 224  3 44 FH_T9.jpeg H   4 1 H 0.630123 0 0
 20 225  3 45 FA_T20.jpeg A   1 0 A 0.382010 0 0
 20 226  3 46 FA_T11.jpeg A   3 1 H 0.393522 0 0
 20 227  3 47 FA_T13.jpeg A   2 1 H 0.431851 0 0
 20 228  3 48 FA_T0.jpeg A   5 1 H 0.377075 0 0
 20 229  3 49 FA_T0.jpeg A   5 1 H 0.360253 0 0
 20 230  3 50 FH_T20.jpeg H   1 0 A 0.415100 0 0
 20 231  3 51 FA_T0.jpeg A   5 1 H 0.359890 0 0
 20 232  3 52 FH_T20.jpeg H   1 0 A 0.332498 0 0
 20 233  3 53 FA_T0.jpeg A   5 1 H 0.387598 0 0
 20 234  3 54 FH_T0.jpeg H   5 1 H 0.376288 0 0
 20 235  3 55 FA_T13.jpeg A   2 1 H 0.404225 0 0
 20 236  3 56 FH_T9.jpeg H   4 1 H 0.398692 0 0
 20 237  3 57 FH_T20.jpeg H   1 0 A 0.365372 0 0
 20 238  3 58 FH_T20.jpeg H   1 0 A 0.371066 0 0
 20 239  3 59 FA_T13.jpeg A   2 1 H 0.691624 0 0
 20 240  3 60 FA_T0.jpeg A   5 1 H 0.426135 0 0
 20 241  3 61 FH_T0.jpeg H   5 1 H 0.398541 0 0
 20 242  3 62 FH_T20.jpeg H   1 0 A 0.354805 0 0
 20 243  3 63 FH_T0.jpeg H   5 1 H 0.388050 0 0
 20 244  3 64 FA_T0.jpeg A   5 1 H 0.360047 0 0
 20 245  3 65 FH_T0.jpeg H   5 1 H 0.392921 0 0
 20 246  3 66 FA_T0.jpeg A   5 1 H 0.392863 0 0
 20 247  3 67 FA_T20.jpeg A   1 0 A 0.404141 0 0
 20 248  3 68 FH_T11.jpeg H   3 1 H 0.404112 0 0
 20 249  3 69 FH_T0.jpeg H   5 1 H 0.442744 0 0
 20 250  3 70 FA_T0.jpeg A   5 1 H 0.332571 0 0
 20 251  3 71 FH_T13.jpeg H   2 1 H 0.409314 0 0
 20 252  3 72 FA_T0.jpeg A   5 1 H 0.398998 0 0
 20 253  3 73 FH_T20.jpeg H   1 0 A 0.481738 0 0
 20 254  3 74 FH_T0.jpeg H   5 1 H 0.387411 0 0
 20 255  3 75 FH_T0.jpeg H   5 1 H 0.375943 0 0
 20 256  3 76 FA_T20.jpeg A   1 0 A 0.393157 0 0
 20 257  3 77 FH_T20.jpeg H   1 0 A 0.404199 0 0
 20 258  3 78 FA_T20.jpeg A   1 0 A 0.431897 0 0
 20 259  3 79 FA_T11.jpeg A   3 1 H 0.437192 0 0
 20 260  3 80 FA_T13.jpeg A   2 1 H 0.387861 0 0
 20 261  3 81 FH_T0.jpeg H   5 1 H 0.404069 0 0
 20 262  3 82 FH_T20.jpeg H   1 0 A 0.370901 0 0
 20 263  3 83 FA_T20.jpeg A   1 1 H 0.404068 0 0
 20 264  3 84 FH_T20.jpeg H   1 0 A 0.547632 0 0
 20 265  3 85 FH_T0.jpeg H   5 1 H 0.382128 0 0
 20 266  3 86 FA_T13.jpeg A   2 1 H 0.392533 0 0
 20 267  3 87 FH_T0.jpeg H   5 1 H 0.426614 0 0
 20 268  3 88 FH_T0.jpeg H   5 1 H 0.398557 0 0
 20 269  3 89 FH_T0.jpeg H   5 1 H 0.337927 0 0
 20 270  3 90 FH_T0.jpeg H   5 1 H 0.376433 0 0
 20 271  4  1 FH_T13.jpeg H   2 1 H 0.519866 0 0
 20 272  4  2 FA_T20.jpeg A   1 0 A 0.371119 0 0
 20 273  4  3 FA_T13.jpeg A   2 1 H 0.371465 0 0
 20 274  4  4 FA_T0.jpeg A   5 1 H 0.332574 0 0
 20 275  4  5 FH_T20.jpeg H   1 0 A 0.382035 0 0
 20 276  4  6 FA_T9.jpeg A   4 1 H 0.315679 0 0
 20 277  4  7 FA_T0.jpeg A   5 1 H 0.299438 0 0
 20 278  4  8 FA_T20.jpeg A   1 0 A 0.327010 0 0
 20 279  4  9 FA_T20.jpeg A   1 0 A 0.354586 0 0
 20 280  4 10 FH_T0.jpeg H   5 1 H 0.337985 0 0
 20 281  4 11 FH_T13.jpeg H   2 0 A 0.354509 0 0
 20 282  4 12 FH_T0.jpeg H   5 1 H 0.343924 0 0
 20 283  4 13 FA_T20.jpeg A   1 0 A 0.371211 0 0
 20 284  4 14 FA_T0.jpeg A   5 1 H 0.348978 0 0
 20 285  4 15 FH_T13.jpeg H   2 0 A 0.437689 0 0
 20 286  4 16 FH_T13.jpeg H   2 1 H 0.387610 0 0
 20 287  4 17 FA_T0.jpeg A   5 1 H 0.365590 0 0
 20 288  4 18 FH_T11.jpeg H   3 1 H 0.388013 0 0
 20 289  4 19 FA_T20.jpeg A   1 0 A 0.398772 0 0
 20 290  4 20 FA_T0.jpeg A   5 1 H 0.420756 0 0
 20 291  4 21 FH_T20.jpeg H   1 1 H 0.464571 0 0
 20 292  4 22 FH_T0.jpeg H   5 1 H 0.403573 0 0
 20 293  4 23 FH_T20.jpeg H   1 0 A 0.404590 0 0
 20 294  4 24 FH_T11.jpeg H   3 0 A 0.282780 0 0
 20 295  4 25 FH_T13.jpeg H   2 1 H 0.437502 0 0
 20 296  4 26 FH_T11.jpeg H   3 1 H 0.414830 0 0
 20 297  4 27 FH_T13.jpeg H   2 1 H 0.404551 0 0
 20 298  4 28 FA_T0.jpeg A   5 1 H 0.348793 0 0
 20 299  4 29 FA_T0.jpeg A   5 1 H 0.371875 0 0
 20 300  4 30 FH_T13.jpeg H   2 1 H 0.393163 0 0
 20 301  4 31 FH_T9.jpeg H   4 1 H 0.371080 0 0
 20 302  4 32 FH_T20.jpeg H   1 0 A 0.487277 0 0
 20 303  4 33 FA_T20.jpeg A   1 0 A 0.509474 0 0
 20 304  4 34 FA_T20.jpeg A   1 0 A 0.431991 0 0
 20 305  4 35 FA_T20.jpeg A   1 0 A 0.381938 0 0
 20 306  4 36 FA_T0.jpeg A   5 1 H 0.376564 0 0
 20 307  4 37 FA_T9.jpeg A   4 1 H 0.304852 0 0
 20 308  4 38 FH_T20.jpeg H   1 0 A 0.520046 0 0
 20 309  4 39 FA_T20.jpeg A   1 1 H 0.415372 0 0
 20 310  4 40 FH_T0.jpeg H   5 1 H 0.415586 0 0
 20 311  4 41 FH_T0.jpeg H   5 1 H 0.359923 0 0
 20 312  4 42 FH_T0.jpeg H   5 1 H 0.371352 0 0
 20 313  4 43 FH_T0.jpeg H   5 1 H 0.337651 0 0
 20 314  4 44 FH_T0.jpeg H   5 1 H 0.366121 0 0
 20 315  4 45 FH_T20.jpeg H   1 0 A 0.421264 0 0
 20 316  4 46 FH_T13.jpeg H   2 1 H 0.487257 0 0
 20 317  4 47 FA_T20.jpeg A   1 0 A 0.393968 0 0
 20 318  4 48 FA_T20.jpeg A   1 0 A 0.382300 0 0
 20 319  4 49 FA_T11.jpeg A   3 1 H 0.381936 0 0
 20 320  4 50 FH_T0.jpeg H   5 1 H 0.377268 0 0
 20 321  4 51 FA_T0.jpeg A   5 1 H 0.393207 0 0
 20 322  4 52 FH_T20.jpeg H   1 0 A 0.365636 0 0
 20 323  4 53 FA_T0.jpeg A   5 1 H 0.327027 0 0
 20 324  4 54 FH_T11.jpeg H   3 1 H 0.464621 0 0
 20 325  4 55 FH_T0.jpeg H   5 1 H 0.370996 0 0
 20 326  4 56 FA_T13.jpeg A   2 1 H 0.365379 0 0
 20 327  4 57 FA_T9.jpeg A   4 1 H 0.404328 0 0
 20 328  4 58 FH_T20.jpeg H   1 0 A 0.470886 0 0
 20 329  4 59 FH_T20.jpeg H   1 0 A 0.548060 0 0
 20 330  4 60 FH_T20.jpeg H   1 0 A 0.447781 0 0
 20 331  4 61 FA_T0.jpeg A   5 1 H 0.403903 0 0
 20 332  4 62 FH_T11.jpeg H   3 1 H 0.481808 0 0
 20 333  4 63 FA_T9.jpeg A   4 1 H 0.387377 0 0
 20 334  4 64 FH_T0.jpeg H   5 1 H 0.331986 0 0
 20 335  4 65 FH_T20.jpeg H   1 0 A 0.370854 0 0
 20 336  4 66 FH_T20.jpeg H   1 0 A 0.354117 0 0
 20 337  4 67 FH_T11.jpeg H   3 1 H 0.487388 0 0
 20 338  4 68 FA_T11.jpeg A   3 1 H 0.393290 0 0
 20 339  4 69 FA_T0.jpeg A   5 1 H 0.331888 0 0
 20 340  4 70 FA_T20.jpeg A   1 0 A 0.420784 0 0
 20 341  4 71 FH_T0.jpeg H   5 1 H 0.387626 0 0
 20 342  4 72 FA_T13.jpeg A   2 1 H 0.331841 0 0
 20 343  4 73 FA_T20.jpeg A   1 0 A 0.343070 0 0
 20 344  4 74 FA_T0.jpeg A   5 1 H 0.365213 0 0
 20 345  4 75 FA_T11.jpeg A   3 1 H 0.365103 0 0
 20 346  4 76 FH_T0.jpeg H   5 1 H 0.414959 0 0
 20 347  4 77 FH_T20.jpeg H   1 0 A 0.415208 0 0
 20 348  4 78 FH_T9.jpeg H   4 0 A 0.399215 0 0
 20 349  4 79 FA_T20.jpeg A   1 0 A 0.404203 0 0
 20 350  4 80 FH_T0.jpeg H   5 1 H 0.343660 0 0
 20 351  4 81 FH_T20.jpeg H   1 0 A 0.431809 0 0
 20 352  4 82 FH_T0.jpeg H   5 1 H 0.426210 0 0
 20 353  4 83 FH_T11.jpeg H   3 1 H 0.569475 0 0
 20 354  4 84 FH_T0.jpeg H   5 1 H 0.326716 0 0
 20 355  4 85 FA_T0.jpeg A   5 1 H 0.304586 0 0
 20 356  4 86 FA_T9.jpeg A   4 1 H 0.332039 0 0
 20 357  4 87 FH_T20.jpeg H   1 0 A 0.442930 0 0
 20 358  4 88 FH_T13.jpeg H   2 1 H 0.464941 0 0
 20 359  4 89 FA_T0.jpeg A   5 1 H 0.426325 0 0
 20 360  4 90 FH_T9.jpeg H   4 1 H 0.464887 0 0
 20 361  5  1 FH_T0.jpeg H   5 1 H 0.376356 0 0
 20 362  5  2 FH_T20.jpeg H   1 0 A 0.420217 0 0
 20 363  5  3 FA_T0.jpeg A   5 1 H 0.376611 0 0
 20 364  5  4 FH_T0.jpeg H   5 1 H 0.365450 0 0
 20 365  5  5 FH_T20.jpeg H   1 0 A 0.376623 0 0
 20 366  5  6 FA_T13.jpeg A   2 1 H 0.503805 0 0
 20 367  5  7 FH_T0.jpeg H   5 1 H 0.381973 0 0
 20 368  5  8 FA_T9.jpeg A   4 1 H 0.343574 0 0
 20 369  5  9 FA_T20.jpeg A   1 0 A 0.569987 0 0
 20 370  5 10 FH_T0.jpeg H   5 1 H 0.338241 0 0
 20 371  5 11 FA_T0.jpeg A   5 1 H 0.382037 0 0
 20 372  5 12 FH_T11.jpeg H   3 1 H 0.553714 0 0
 20 373  5 13 FA_T20.jpeg A   1 0 A 0.392821 0 0
 20 374  5 14 FH_T13.jpeg H   2 1 H 0.432080 0 0
 20 375  5 15 FH_T0.jpeg H   5 1 H 0.437688 0 0
 20 376  5 16 FH_T0.jpeg H   5 1 H 0.426753 0 0
 20 377  5 17 FA_T20.jpeg A   1 0 A 0.487127 0 0
 20 378  5 18 FH_T9.jpeg H   4 1 H 0.548287 0 0
 20 379  5 19 FA_T11.jpeg A   3 1 H 0.547515 0 0
 20 380  5 20 FA_T0.jpeg A   5 1 H 0.458984 0 0
 20 381  5 21 FH_T11.jpeg H   3 1 H 0.458889 0 0
 20 382  5 22 FA_T13.jpeg A   2 1 H 0.459629 0 0
 20 383  5 23 FA_T20.jpeg A   1 0 A 0.592121 0 0
 20 384  5 24 FA_T20.jpeg A   1 0 A 0.592106 0 0
 20 385  5 25 FA_T20.jpeg A   1 0 A 0.592291 0 0
 20 386  5 26 FA_T11.jpeg A   3 1 H 0.437217 0 0
 20 387  5 27 FA_T20.jpeg A   1 0 A 0.426170 0 0
 20 388  5 28 FH_T13.jpeg H   2 1 H 0.491729 0 0
 20 389  5 29 FA_T0.jpeg A   5 1 H 0.481679 0 0
 20 390  5 30 FH_T20.jpeg H   1 0 A 0.519757 0 0
 20 391  5 31 FA_T11.jpeg A   3 1 H 0.320997 0 0
 20 392  5 32 FH_T0.jpeg H   5 1 H 0.370774 0 0
 20 393  5 33 FH_T0.jpeg H   5 1 H 0.332069 0 0
 20 394  5 34 FH_T0.jpeg H   5 1 H 0.326332 0 0
 20 395  5 35 FA_T0.jpeg A   5 1 H 0.398324 0 0
 20 396  5 36 FA_T20.jpeg A   1 0 A 0.437125 0 0
 20 397  5 37 FA_T0.jpeg A   5 1 H 0.431600 0 0
 20 398  5 38 FH_T0.jpeg H   5 1 H 0.420622 0 0
 20 399  5 39 FA_T0.jpeg A   5 1 H 0.392312 0 0
 20 400  5 40 FH_T11.jpeg H   3 1 H 0.576049 0 0
 20 401  5 41 FA_T20.jpeg A   1 0 A 0.387556 0 0
 20 402  5 42 FA_T0.jpeg A   5 1 H 0.354048 0 0
 20 403  5 43 FH_T20.jpeg H   1 0 A 0.552508 0 0
 20 404  5 44 FH_T11.jpeg H   3 1 H 0.758006 0 0
 20 405  5 45 FA_T13.jpeg A   2 1 H 0.558534 0 0
 20 406  5 46 FH_T0.jpeg H   5 1 H 0.392693 0 0
 20 407  5 47 FH_T0.jpeg H   5 1 H 0.426215 0 0
 20 408  5 48 FH_T20.jpeg H   1 0 A 0.409373 0 0
 20 409  5 49 FH_T13.jpeg H   2 1 H 0.559136 0 0
 20 410  5 50 FA_T9.jpeg A   4 1 H 0.348544 0 0
 20 411  5 51 FA_T11.jpeg A   3 1 H 0.404126 0 0
 20 412  5 52 FH_T0.jpeg H   5 1 H 0.421080 0 0
 20 413  5 53 FA_T0.jpeg A   5 1 H 0.398610 0 0
 20 414  5 54 FA_T0.jpeg A   5 1 H 0.360145 0 0
 20 415  5 55 FH_T9.jpeg H   4 1 H 0.381461 0 0
 20 416  5 56 FA_T20.jpeg A   1 0 A 0.365508 0 0
 20 417  5 57 FA_T0.jpeg A   5 1 H 0.437297 0 0
 20 418  5 58 FA_T9.jpeg A   4 1 H 0.409705 0 0
 20 419  5 59 FA_T11.jpeg A   3 1 H 0.332236 0 0
 20 420  5 60 FH_T20.jpeg H   1 0 A 0.454284 0 0
 20 421  5 61 FA_T20.jpeg A   1 0 A 0.426434 0 0
 20 422  5 62 FA_T9.jpeg A   4 1 H 0.398300 0 0
 20 423  5 63 FA_T20.jpeg A   1 0 A 0.425911 0 0
 20 424  5 64 FA_T13.jpeg A   2 1 H 0.304511 0 0
 20 425  5 65 FH_T13.jpeg H   2 1 H 0.437348 0 0
 20 426  5 66 FA_T11.jpeg A   3 1 H 0.409641 0 0
 20 427  5 67 FA_T0.jpeg A   5 1 H 0.386885 0 0
 20 428  5 68 FA_T20.jpeg A   1 0 A 0.586439 0 0
 20 429  5 69 FA_T0.jpeg A   5 1 H 0.343275 0 0
 20 430  5 70 FA_T0.jpeg A   5 1 H 0.387328 0 0
 20 431  5 71 FA_T20.jpeg A   1 0 A 0.459628 0 0
 20 432  5 72 FH_T13.jpeg H   2 1 H 0.492502 0 0
 20 433  5 73 FA_T20.jpeg A   1 0 A 0.702632 0 0
 20 434  5 74 FH_T20.jpeg H   1 0 A 0.530818 0 0
 20 435  5 75 FA_T20.jpeg A   1 0 A 0.519644 0 0
 20 436  5 76 FA_T9.jpeg A   4 1 H 0.746368 0 0
 20 437  5 77 FA_T9.jpeg A   4 1 H 0.386895 0 0
 20 438  5 78 FH_T20.jpeg H   1 0 A 0.426061 0 0
 20 439  5 79 FH_T20.jpeg H   1 0 A 0.431558 0 0
 20 440  5 80 FH_T20.jpeg H   1 0 A 0.398581 0 0
 20 441  5 81 FH_T20.jpeg H   1 0 A 0.376436 0 0
 20 442  5 82 FH_T0.jpeg H   5 1 H 0.371220 0 0
 20 443  5 83 FA_T9.jpeg A   4 1 H 0.404761 0 0
 20 444  5 84 FH_T13.jpeg H   2 1 H 0.649899 0 0
 20 445  5 85 FH_T9.jpeg H   4 1 H 0.558493 0 0
 20 446  5 86 FH_T9.jpeg H   4 1 H 0.492657 0 0
 20 447  5 87 FH_T13.jpeg H   2 1 H 0.465132 0 0
 20 448  5 88 FA_T0.jpeg A   5 1 H 0.315608 0 0
 20 449  5 89 FA_T11.jpeg A   3 1 H 0.392989 0 0
 20 450  5 90 FH_T20.jpeg H   1 0 A 0.426102 0 0
 20 451  6  1 FH_T20.jpeg H   1 0 A 0.464499 0 0
 20 452  6  2 FA_T20.jpeg A   1 0 A 0.359724 0 0
 20 453  6  3 FA_T20.jpeg A   1 0 A 0.338059 0 0
 20 454  6  4 FA_T20.jpeg A   1 0 A 0.365658 0 0
 20 455  6  5 FA_T0.jpeg A   5 1 H 0.332459 0 0
 20 456  6  6 FA_T0.jpeg A   5 1 H 0.338143 0 0
 20 457  6  7 FH_T0.jpeg H   5 1 H 0.337750 0 0
 20 458  6  8 FA_T0.jpeg A   5 1 H 0.321399 0 0
 20 459  6  9 FH_T20.jpeg H   1 0 A 0.337959 0 0
 20 460  6 10 FH_T0.jpeg H   5 1 H 0.310362 0 0
 20 461  6 11 FA_T13.jpeg A   2 0 A 0.271442 0 0
 20 462  6 12 FA_T0.jpeg A   5 1 H 0.464567 0 0
 20 463  6 13 FH_T11.jpeg H   3 1 H 0.520385 0 0
 20 464  6 14 FH_T0.jpeg H   5 1 H 0.326566 0 0
 20 465  6 15 FH_T13.jpeg H   2 1 H 0.426002 0 0
 20 466  6 16 FA_T13.jpeg A   2 1 H 0.315992 0 0
 20 467  6 17 FH_T0.jpeg H   5 1 H 0.360084 0 0
 20 468  6 18 FA_T0.jpeg A   5 1 H 0.294179 0 0
 20 469  6 19 FH_T20.jpeg H   1 0 A 0.399238 0 0
 20 470  6 20 FH_T20.jpeg H   1 0 A 0.398109 0 0
 20 471  6 21 FA_T11.jpeg A   3 1 H 0.354779 0 0
 20 472  6 22 FA_T20.jpeg A   1 0 A 0.437346 0 0
 20 473  6 23 FA_T20.jpeg A   1 0 A 0.426421 0 0
 20 474  6 24 FH_T9.jpeg H   4 1 H 0.464947 0 0
 20 475  6 25 FH_T20.jpeg H   1 0 A 0.426342 0 0
 20 476  6 26 FA_T20.jpeg A   1 0 A 0.392856 0 0
 20 477  6 27 FH_T20.jpeg H   1 0 A 0.360069 0 0
 20 478  6 28 FA_T11.jpeg A   3 1 H 0.420727 0 0
 20 479  6 29 FA_T0.jpeg A   5 1 H 0.326570 0 0
 20 480  6 30 FA_T0.jpeg A   5 1 H 0.454000 0 0
 20 481  6 31 FA_T20.jpeg A   1 0 A 0.376399 0 0
 20 482  6 32 FH_T11.jpeg H   3 1 H 0.404025 0 0
 20 483  6 33 FH_T9.jpeg H   4 1 H 0.420532 0 0
 20 484  6 34 FA_T11.jpeg A   3 1 H 0.365385 0 0
 20 485  6 35 FA_T20.jpeg A   1 0 A 0.425630 0 0
 20 486  6 36 FH_T0.jpeg H   5 1 H 0.337445 0 0
 20 487  6 37 FA_T0.jpeg A   5 1 H 0.343020 0 0
 20 488  6 38 FH_T0.jpeg H   5 1 H 0.332503 0 0
 20 489  6 39 FH_T20.jpeg H   1 0 A 0.392892 0 0
 20 490  6 40 FH_T9.jpeg H   4 1 H 0.559341 0 0
 20 491  6 41 FH_T11.jpeg H   3 1 H 0.475172 0 0
 20 492  6 42 FH_T11.jpeg H   3 1 H 0.421276 0 0
 20 493  6 43 FH_T0.jpeg H   5 1 H 0.410142 0 0
 20 494  6 44 FH_T0.jpeg H   5 1 H 0.381874 0 0
 20 495  6 45 FA_T20.jpeg A   1 0 A 0.415253 0 0
 20 496  6 46 FA_T0.jpeg A   5 1 H 0.398464 0 0
 20 497  6 47 FH_T20.jpeg H   1 0 A 0.536435 0 0
 20 498  6 48 FH_T13.jpeg H   2 1 H 0.459611 0 0
 20 499  6 49 FH_T9.jpeg H   4 1 H 0.448269 0 0
 20 500  6 50 FA_T11.jpeg A   3 1 H 0.387711 0 0
 20 501  6 51 FA_T0.jpeg A   5 1 H 0.365404 0 0
 20 502  6 52 FH_T20.jpeg H   1 0 A 0.437058 0 0
 20 503  6 53 FA_T20.jpeg A   1 0 A 0.564822 0 0
 20 504  6 54 FA_T9.jpeg A   4 1 H 0.371031 0 0
 20 505  6 55 FA_T20.jpeg A   1 0 A 0.404221 0 0
 20 506  6 56 FH_T13.jpeg H   2 1 H 0.431962 0 0
 20 507  6 57 FA_T20.jpeg A   1 0 A 0.508761 0 0
 20 508  6 58 FH_T0.jpeg H   5 1 H 0.431238 0 0
 20 509  6 59 FA_T9.jpeg A   4 1 H 0.382555 0 0
 20 510  6 60 FH_T20.jpeg H   1 0 A 0.719048 0 0
 20 511  6 61 FA_T9.jpeg A   4 1 H 0.382032 0 0
 20 512  6 62 FA_T0.jpeg A   5 1 H 0.475688 0 0
 20 513  6 63 FH_T0.jpeg H   5 1 H 0.370771 0 0
 20 514  6 64 FA_T0.jpeg A   5 1 H 0.359681 0 0
 20 515  6 65 FA_T0.jpeg A   5 1 H 0.309747 0 0
 20 516  6 66 FA_T11.jpeg A   3 1 H 0.503262 0 0
 20 517  6 67 FH_T13.jpeg H   2 0 A 0.387468 0 0
 20 518  6 68 FA_T13.jpeg A   2 1 H 0.657776 0 0
 20 519  6 69 FA_T20.jpeg A   1 0 A 0.564763 0 0
 20 520  6 70 FA_T20.jpeg A   1 0 A 0.425784 0 0
 20 521  6 71 FA_T13.jpeg A   2 1 H 0.398356 0 0
 20 522  6 72 FH_T0.jpeg H   5 1 H 0.349110 0 0
 20 523  6 73 FH_T20.jpeg H   1 0 A 0.420568 0 0
 20 524  6 74 FA_T0.jpeg A   5 1 H 0.354187 0 0
 20 525  6 75 FH_T11.jpeg H   3 1 H 0.365859 0 0
 20 526  6 76 FH_T20.jpeg H   1 0 A 0.387228 0 0
 20 527  6 77 FA_T20.jpeg A   1 0 A 0.454280 0 0
 20 528  6 78 FH_T20.jpeg H   1 0 A 0.343444 0 0
 20 529  6 79 FA_T13.jpeg A   2 1 H 0.498174 0 0
 20 530  6 80 FH_T0.jpeg H   5 1 H 0.713133 0 0
 20 531  6 81 FH_T9.jpeg H   4 1 H 0.425676 0 0
 20 532  6 82 FH_T0.jpeg H   5 1 H 0.365305 0 0
 20 533  6 83 FA_T0.jpeg A   5 1 H 0.359809 0 0
 20 534  6 84 FA_T9.jpeg A   4 1 H 0.371169 0 0
 20 535  6 85 FH_T9.jpeg H   4 1 H 0.398785 0 0
 20 536  6 86 FH_T9.jpeg H   4 1 H 0.392349 0 0
 20 537  6 87 FH_T20.jpeg H   1 1 H 0.419984 0 0
 20 538  6 88 FH_T20.jpeg H   1 0 A 0.509920 0 0
 20 539  6 89 FA_T0.jpeg A   5 1 H 0.458945 0 0
 20 540  6 90 FH_T20.jpeg H   1 0 A 0.432220 0 0
 20 541  7  1 FA_T0.jpeg A   5 1 H 0.475646 0 0
 20 542  7  2 FA_T20.jpeg A   1 0 A 0.360106 0 0
 20 543  7  3 FH_T9.jpeg H   4 1 H 0.492345 0 0
 20 544  7  4 FA_T0.jpeg A   5 1 H 0.381814 0 0
 20 545  7  5 FH_T20.jpeg H   1 0 A 0.420847 0 0
 20 546  7  6 FA_T11.jpeg A   3 1 H 0.365287 0 0
 20 547  7  7 FH_T0.jpeg H   5 1 H 0.387308 0 0
 20 548  7  8 FA_T11.jpeg A   3 1 H 0.309796 0 0
 20 549  7  9 FA_T9.jpeg A   4 1 H 0.343324 0 0
 20 550  7 10 FA_T13.jpeg A   2 1 H 0.365240 0 0
 20 551  7 11 FH_T0.jpeg H   5 1 H 0.388026 0 0
 20 552  7 12 FA_T20.jpeg A   1 1 H 0.304846 0 0
 20 553  7 13 FA_T20.jpeg A   1 0 A 0.431834 0 0
 20 554  7 14 FH_T20.jpeg H   1 0 A 0.403932 0 0
 20 555  7 15 FA_T20.jpeg A   1 0 A 0.459369 0 0
 20 556  7 16 FA_T0.jpeg A   5 1 H 0.421123 0 0
 20 557  7 17 FA_T20.jpeg A   1 0 A 0.399008 0 0
 20 558  7 18 FA_T0.jpeg A   5 1 H 0.420474 0 0
 20 559  7 19 FA_T0.jpeg A   5 1 H 0.404026 0 0
 20 560  7 20 FA_T0.jpeg A   5 1 H 0.376001 0 0
 20 561  7 21 FA_T0.jpeg A   5 1 H 0.376568 0 0
 20 562  7 22 FH_T11.jpeg H   3 0 A 0.386943 0 0
 20 563  7 23 FH_T0.jpeg H   5 1 H 0.387291 0 0
 20 564  7 24 FH_T20.jpeg H   1 0 A 0.514121 0 0
 20 565  7 25 FH_T0.jpeg H   5 1 H 0.398535 0 0
 20 566  7 26 FA_T0.jpeg A   5 1 H 0.393005 0 0
 20 567  7 27 FA_T9.jpeg A   4 1 H 0.370727 0 0
 20 568  7 28 FH_T20.jpeg H   1 0 A 0.409365 0 0
 20 569  7 29 FA_T0.jpeg A   5 1 H 0.332115 0 0
 20 570  7 30 FA_T20.jpeg A   1 0 A 0.420745 0 0
 20 571  7 31 FH_T20.jpeg H   1 0 A 0.564136 0 0
 20 572  7 32 FH_T0.jpeg H   5 1 H 0.387392 0 0
 20 573  7 33 FH_T13.jpeg H   2 1 H 0.465244 0 0
 20 574  7 34 FH_T9.jpeg H   4 1 H 0.409785 0 0
 20 575  7 35 FA_T20.jpeg A   1 0 A 0.371496 0 0
 20 576  7 36 FH_T9.jpeg H   4 1 H 0.493052 0 0
 20 577  7 37 FH_T20.jpeg H   1 0 A 0.619324 0 0
 20 578  7 38 FH_T20.jpeg H   1 0 A 0.459697 0 0
 20 579  7 39 FA_T20.jpeg A   1 0 A 0.420748 0 0
 20 580  7 40 FA_T11.jpeg A   3 1 H 0.387590 0 0
 20 581  7 41 FA_T13.jpeg A   2 1 H 0.520346 0 0
 20 582  7 42 FH_T11.jpeg H   3 1 H 0.459081 0 0
 20 583  7 43 FH_T20.jpeg H   1 0 A 0.482044 0 0
 20 584  7 44 FA_T0.jpeg A   5 1 H 0.437245 0 0
 20 585  7 45 FA_T9.jpeg A   4 1 H 0.431784 0 0
 20 586  7 46 FH_T20.jpeg H   1 0 A 0.425947 0 0
 20 587  7 47 FA_T11.jpeg A   3 1 H 0.393240 0 0
 20 588  7 48 FA_T9.jpeg A   4 1 H 0.391841 0 0
 20 589  7 49 FA_T20.jpeg A   1 0 A 0.570270 0 0
 20 590  7 50 FA_T11.jpeg A   3 1 H 0.343761 0 0
 20 591  7 51 FA_T11.jpeg A   3 1 H 0.359808 0 0
 20 592  7 52 FH_T11.jpeg H   3 1 H 0.404610 0 0
 20 593  7 53 FA_T20.jpeg A   1 0 A 0.432415 0 0
 20 594  7 54 FA_T0.jpeg A   5 1 H 0.398593 0 0
 20 595  7 55 FA_T20.jpeg A   1 0 A 0.436334 0 0
 20 596  7 56 FA_T0.jpeg A   5 1 H 0.381912 0 0
 20 597  7 57 FH_T13.jpeg H   2 1 H 0.569928 0 0
 20 598  7 58 FH_T13.jpeg H   2 1 H 0.442733 0 0
 20 599  7 59 FH_T11.jpeg H   3 1 H 0.563890 0 0
 20 600  7 60 FA_T0.jpeg A   5 1 H 0.591705 0 0
 20 601  7 61 FA_T13.jpeg A   2 1 H 0.436584 0 0
 20 602  7 62 FA_T0.jpeg A   5 1 H 0.393719 0 0
 20 603  7 63 FH_T0.jpeg H   5 1 H 0.404585 0 0
 20 604  7 64 FH_T9.jpeg H   4 1 H 0.399158 0 0
 20 605  7 65 FH_T0.jpeg H   5 1 H 0.420795 0 0
 20 606  7 66 FH_T0.jpeg H   5 1 H 0.370686 0 0
 20 607  7 67 FA_T20.jpeg A   1 0 A 0.575740 0 0
 20 608  7 68 FA_T0.jpeg A   5 1 H 0.370994 0 0
 20 609  7 69 FA_T11.jpeg A   3 1 H 0.459826 0 0
 20 610  7 70 FA_T11.jpeg A   3 1 H 0.487227 0 0
 20 611  7 71 FA_T20.jpeg A   1 0 A 0.807754 0 0
 20 612  7 72 FA_T9.jpeg A   4 1 H 0.381975 0 0
 20 613  7 73 FA_T20.jpeg A   1 0 A 0.442322 0 0
 20 614  7 74 FH_T0.jpeg H   5 1 H 0.425686 0 0
 20 615  7 75 FH_T9.jpeg H   4 1 H 0.492586 0 0
 20 616  7 76 FA_T0.jpeg A   5 1 H 0.453920 0 0
 20 617  7 77 FA_T20.jpeg A   1 0 A 0.459026 0 0
 20 618  7 78 FA_T20.jpeg A   1 0 A 0.564827 0 0
 20 619  7 79 FA_T0.jpeg A   5 1 H 0.420024 0 0
 20 620  7 80 FH_T20.jpeg H   1 0 A 0.459663 0 0
 20 621  7 81 FH_T11.jpeg H   3 1 H 0.453959 0 0
 20 622  7 82 FH_T13.jpeg H   2 1 H 0.442743 0 0
 20 623  7 83 FA_T11.jpeg A   3 1 H 0.409654 0 0
 20 624  7 84 FH_T9.jpeg H   4 1 H 0.453919 0 0
 20 625  7 85 FH_T13.jpeg H   2 1 H 0.458946 0 0
 20 626  7 86 FH_T9.jpeg H   4 1 H 0.409914 0 0
 20 627  7 87 FA_T13.jpeg A   2 1 H 0.354134 0 0
 20 628  7 88 FH_T20.jpeg H   1 0 A 0.487057 0 0
 20 629  7 89 FH_T0.jpeg H   5 1 H 0.376265 0 0
 20 630  7 90 FH_T20.jpeg H   1 0 A 0.420679 0 0
 20 631  8  1 FA_T0.jpeg A   5 1 H 0.404206 0 0
 20 632  8  2 FH_T20.jpeg H   1 0 A 0.370944 0 0
 20 633  8  3 FH_T0.jpeg H   5 1 H 0.332262 0 0
 20 634  8  4 FH_T20.jpeg H   1 0 A 0.470021 0 0
 20 635  8  5 FH_T20.jpeg H   1 0 A 0.454190 0 0
 20 636  8  6 FA_T20.jpeg A   1 0 A 0.392765 0 0
 20 637  8  7 FH_T11.jpeg H   3 0 A 0.370986 0 0
 20 638  8  8 FH_T20.jpeg H   1 0 A 0.387582 0 0
 20 639  8  9 FH_T13.jpeg H   2 1 H 0.403687 0 0
 20 640  8 10 FH_T20.jpeg H   1 0 A 0.519874 0 0
 20 641  8 11 FA_T0.jpeg A   5 1 H 0.310012 0 0
 20 642  8 12 FH_T20.jpeg H   1 1 H 0.000888 1 1
 20 643  8 13 FA_T11.jpeg A   3 1 H 0.525034 0 1
 20 644  8 14 FA_T13.jpeg A   2 1 H 0.426136 0 1
 20 645  8 15 FH_T13.jpeg H   2 1 H 0.486707 0 1
 20 646  8 16 FA_T13.jpeg A   2 1 H 0.464995 0 1
 20 647  8 17 FA_T13.jpeg A   2 1 H 0.443106 0 1
 20 648  8 18 FH_T20.jpeg H   1 0 A 0.558692 0 1
 20 649  8 19 FH_T20.jpeg H   1 0 A 0.426104 0 1
 20 650  8 20 FA_T20.jpeg A   1 0 A 0.370895 0 1
 20 651  8 21 FA_T11.jpeg A   3 1 H 0.410290 0 1
 20 652  8 22 FA_T20.jpeg A   1 0 A 0.398525 0 1
 20 653  8 23 FH_T20.jpeg H   1 0 A 0.425603 0 1
 20 654  8 24 FH_T0.jpeg H   5 1 H 0.415093 0 1
 20 655  8 25 FH_T0.jpeg H   5 1 H 0.365288 0 1
 20 656  8 26 FA_T20.jpeg A   1 0 A 0.470543 0 1
 20 657  8 27 FH_T20.jpeg H   1 0 A 0.558433 0 1
 20 658  8 28 FA_T20.jpeg A   1 0 A 0.426774 0 1
 20 659  8 29 FA_T0.jpeg A   5 1 H 0.387574 0 1
 20 660  8 30 FA_T11.jpeg A   3 1 H 0.486573 0 1
 20 661  8 31 FH_T0.jpeg H   5 1 H 0.950741 0 1
 20 662  8 32 FH_T13.jpeg H   2 1 H 0.641097 0 1
 20 663  8 33 FH_T0.jpeg H   5 1 H 0.442656 0 1
 20 664  8 34 FA_T20.jpeg A   1 0 A 0.474936 0 1
 20 665  8 35 FA_T20.jpeg A   1 0 A 0.592377 0 1
 20 666  8 36 FH_T20.jpeg H   1 0 A 0.553779 0 1
 20 667  8 37 FA_T9.jpeg A   4 1 H 0.707861 0 1
 20 668  8 38 FA_T20.jpeg A   1 0 A 0.447691 0 1
 20 669  8 39 FH_T11.jpeg H   3 1 H 0.503567 0 1
 20 670  8 40 FA_T9.jpeg A   4 1 H 0.321381 0 1
 20 671  8 41 FH_T0.jpeg H   5 1 H 0.359323 0 1
 20 672  8 42 FA_T0.jpeg A   5 1 H 0.420411 0 1
 20 673  8 43 FH_T0.jpeg H   5 1 H 0.393095 0 1
 20 674  8 44 FA_T13.jpeg A   2 1 H 0.365439 0 1
 20 675  8 45 FH_T0.jpeg H   5 1 H 0.315320 0 1
 20 676  8 46 FH_T20.jpeg H   1 0 A 0.580069 0 1
 20 677  8 47 FA_T13.jpeg A   2 1 H 0.392598 0 1
 20 678  8 48 FA_T13.jpeg A   2 1 H 0.459569 0 1
 20 679  8 49 FA_T0.jpeg A   5 1 H 0.353488 0 1
 20 680  8 50 FH_T0.jpeg H   5 1 H 0.320837 0 1
 20 681  8 51 FH_T13.jpeg H   2 1 H 0.376515 0 1
 20 682  8 52 FH_T0.jpeg H   5 1 H 0.359305 0 1
 20 683  8 53 FH_T20.jpeg H   1 0 A 0.409565 0 1
 20 684  8 54 FH_T13.jpeg H   2 1 H 0.426152 0 1
 20 685  8 55 FA_T0.jpeg A   5 1 H 0.343351 0 1
 20 686  8 56 FH_T11.jpeg H   3 1 H 0.448375 0 1
 20 687  8 57 FA_T0.jpeg A   5 1 H 0.387522 0 1
 20 688  8 58 FH_T0.jpeg H   5 1 H 0.387519 0 1
 20 689  8 59 FH_T20.jpeg H   1 0 A 0.442279 0 1
 20 690  8 60 FA_T0.jpeg A   5 1 H 0.558060 0 1
 20 691  8 61 FH_T0.jpeg H   5 1 H 0.392938 0 1
 20 692  8 62 FA_T0.jpeg A   5 1 H 0.359324 0 1
 20 693  8 63 FA_T20.jpeg A   1 0 A 0.359346 0 1
 20 694  8 64 FA_T11.jpeg A   3 1 H 0.409667 0 1
 20 695  8 65 FH_T13.jpeg H   2 1 H 0.447809 0 1
 20 696  8 66 FH_T9.jpeg H   4 1 H 0.392927 0 1
 20 697  8 67 FH_T9.jpeg H   4 1 H 0.392831 0 1
 20 698  8 68 FA_T13.jpeg A   2 1 H 0.327035 0 1
 20 699  8 69 FH_T0.jpeg H   5 1 H 0.387448 0 1
 20 700  8 70 FA_T0.jpeg A   5 1 H 0.321091 0 1
 20 701  8 71 FA_T0.jpeg A   5 1 H 0.298925 0 1
 20 702  8 72 FA_T9.jpeg A   4 1 H 0.249541 0 1
 20 703  8 73 FA_T9.jpeg A   4 1 H 0.325919 0 1
 20 704  8 74 FH_T11.jpeg H   3 1 H 0.404372 0 1
 20 705  8 75 FA_T0.jpeg A   5 1 H 0.304610 0 1
 20 706  8 76 FH_T0.jpeg H   5 1 H 0.277345 0 1
 20 707  8 77 FA_T20.jpeg A   1 0 A 0.465048 0 1
 20 708  8 78 FA_T9.jpeg A   4 1 H 0.392666 0 1
 20 709  8 79 FH_T0.jpeg H   5 1 H 0.266079 0 1
 20 710  8 80 FA_T11.jpeg A   3 1 H 0.381902 0 1
 20 711  8 81 FH_T20.jpeg H   1 0 A 0.486368 0 1
 20 712  8 82 FA_T13.jpeg A   2 1 H 0.442696 0 1
 20 713  8 83 FH_T20.jpeg H   1 0 A 0.508642 0 1
 20 714  8 84 FH_T0.jpeg H   5 1 H 0.398555 0 1
 20 715  8 85 FA_T0.jpeg A   5 1 H 0.393204 0 1
 20 716  8 86 FH_T0.jpeg H   5 1 H 0.332322 0 1
 20 717  8 87 FH_T20.jpeg H   1 0 A 0.376403 0 1
 20 718  8 88 FA_T11.jpeg A   3 1 H 0.376285 0 1
 20 719  8 89 FH_T20.jpeg H   1 0 A 0.437433 0 1
 20 720  8 90 FA_T20.jpeg A   1 0 A 0.453330 0 1
