 22   1  1  1 FH_T20.jpeg H   1 0 A 2.196420 0 0
 22   2  1  2 FH_T0.jpeg H   5 1 H 0.703626 0 0
 22   3  1  3 FA_T9.jpeg A   4 1 H 1.129990 0 0
 22   4  1  4 FA_T9.jpeg A   4 0 A 0.773297 0 0
 22   5  1  5 FH_T20.jpeg H   1 0 A 0.549063 0 0
 22   6  1  6 FA_T20.jpeg A   1 0 A 0.411149 0 0
 22   7  1  7 FA_T0.jpeg A   5 1 H 0.490478 0 0
 22   8  1  8 FA_T0.jpeg A   5 1 H 0.484883 0 0
 22   9  1  9 FA_T20.jpeg A   1 0 A 0.444639 0 0
 22  10  1 10 FH_T0.jpeg H   5 1 H 0.658359 0 0
 22  11  1 11 FH_T0.jpeg H   5 1 H 0.704022 0 0
 22  12  1 12 FA_T20.jpeg A   1 0 A 0.341884 0 0
 22  13  1 13 FH_T20.jpeg H   1 0 A 0.416952 0 0
 22  14  1 14 FA_T11.jpeg A   3 1 H 1.361757 0 0
 22  15  1 15 FA_T11.jpeg A   3 1 H 0.721050 0 0
 22  16  1 16 FH_T20.jpeg H   1 0 A 4.135957 0 0
 22  17  1 17 FH_T0.jpeg H   5 1 H 0.705509 0 0
 22  18  1 18 FH_T13.jpeg H   2 0 A 0.906301 0 0
 22  19  1 19 FH_T20.jpeg H   1 0 A 2.771921 0 0
 22  20  1 20 FA_T20.jpeg A   1 0 A 0.882117 0 0
 22  21  1 21 FH_T11.jpeg H   3 0 A 0.427519 0 0
 22  22  1 22 FH_T13.jpeg H   2 0 A 0.335428 0 0
 22  23  1 23 FH_T0.jpeg H   5 1 H 0.461863 0 0
 22  24  1 24 FA_T9.jpeg A   4 1 H 0.467667 0 0
 22  25  1 25 FA_T9.jpeg A   4 1 H 0.456492 0 0
 22  26  1 26 FA_T9.jpeg A   4 1 H 0.364040 0 0
 22  27  1 27 FA_T9.jpeg A   4 1 H 0.468976 0 0
 22  28  1 28 FA_T11.jpeg A   3 1 H 0.564501 0 0
 22  29  1 29 FA_T0.jpeg A   5 1 H 0.410930 0 0
 22  30  1 30 FA_T13.jpeg A   2 1 H 0.680897 0 0
 22  31  1 31 FH_T0.jpeg H   5 1 H 0.605688 0 0
 22  32  1 32 FA_T20.jpeg A   1 0 A 0.554647 0 0
 22  33  1 33 FA_T0.jpeg A   5 1 H 1.717113 0 0
 22  34  1 34 FA_T13.jpeg A   2 0 A 0.918651 0 0
 22  35  1 35 FH_T9.jpeg H   4 0 A 2.495042 0 0
 22  36  1 36 FA_T13.jpeg A   2 1 H 0.572265 0 0
 22  37  1 37 FA_T0.jpeg A   5 1 H 1.068754 0 0
 22  38  1 38 FH_T0.jpeg H   5 1 H 0.711463 0 0
 22  39  1 39 FH_T20.jpeg H   1 0 A 0.450624 0 0
 22  40  1 40 FH_T0.jpeg H   5 1 H 0.389367 0 0
 22  41  1 41 FH_T0.jpeg H   5 1 H 0.375679 0 0
 22  42  1 42 FH_T11.jpeg H   3 0 A 0.842413 0 0
 22  43  1 43 FH_T11.jpeg H   3 0 A 0.347339 0 0
 22  44  1 44 FH_T0.jpeg H   5 1 H 0.588167 0 0
 22  45  1 45 FH_T0.jpeg H   5 1 H 0.421668 0 0
 22  46  1 46 FH_T13.jpeg H   2 0 A 0.359244 0 0
 22  47  1 47 FH_T11.jpeg H   3 0 A 1.481776 0 0
 22  48  1 48 FH_T9.jpeg H   4 1 H 0.869979 0 0
 22  49  1 49 FA_T20.jpeg A   1 0 A 0.444136 0 0
 22  50  1 50 FH_T20.jpeg H   1 0 A 0.358226 0 0
 22  51  1 51 FH_T0.jpeg H   5 1 H 0.427842 0 0
 22  52  1 52 FH_T9.jpeg H   4 0 A 0.456056 0 0
 22  53  1 53 FH_T0.jpeg H   5 1 H 0.449926 0 0
 22  54  1 54 FA_T0.jpeg A   5 1 H 0.381072 0 0
 22  55  1 55 FH_T0.jpeg H   5 1 H 0.421988 0 0
 22  56  1 56 FA_T0.jpeg A   5 1 H 0.387311 0 0
 22  57  1 57 FA_T13.jpeg A   2 0 A 0.479014 0 0
 22  58  1 58 FA_T13.jpeg A   2 1 H 0.439023 0 0
 22  59  1 59 FH_T13.jpeg H   2 0 A 0.537131 0 0
 22  60  1 60 FH_T20.jpeg H   1 0 A 0.480254 0 0
 22  61  1 61 FA_T0.jpeg A   5 1 H 0.427349 0 0
 22  62  1 62 FA_T0.jpeg A   5 1 H 0.352646 0 0
 22  63  1 63 FH_T0.jpeg H   5 1 H 0.278413 0 0
 22  64  1 64 FA_T9.jpeg A   4 1 H 0.450874 0 0
 22  65  1 65 FH_T0.jpeg H   5 1 H 0.358291 0 0
 22  66  1 66 FH_T13.jpeg H   2 0 A 0.398396 0 0
 22  67  1 67 FA_T0.jpeg A   5 1 H 0.283033 0 0
 22  68  1 68 FH_T0.jpeg H   5 1 H 0.352470 0 0
 22  69  1 69 FH_T0.jpeg H   5 1 H 0.445280 0 0
 22  70  1 70 FH_T13.jpeg H   2 0 A 0.421969 0 0
 22  71  1 71 FA_T0.jpeg A   5 1 H 0.249100 0 0
 22  72  1 72 FH_T11.jpeg H   3 0 A 0.455706 0 0
 22  73  1 73 FH_T13.jpeg H   2 1 H 0.248934 0 0
 22  74  1 74 FA_T9.jpeg A   4 1 H 0.364567 0 0
 22  75  1 75 FA_T20.jpeg A   1 0 A 0.518918 0 0
 22  76  1 76 FH_T20.jpeg H   1 0 A 0.409602 0 0
 22  77  1 77 FA_T11.jpeg A   3 1 H 0.329985 0 0
 22  78  1 78 FA_T11.jpeg A   3 1 H 0.369633 0 0
 22  79  1 79 FA_T9.jpeg A   4 1 H 0.294854 0 0
 22  80  1 80 FA_T20.jpeg A   1 1 H 0.243468 0 0
 22  81  1 81 FA_T11.jpeg A   3 0 A 0.640118 0 0
 22  82  1 82 FA_T11.jpeg A   3 0 A 0.778056 0 0
 22  83  1 83 FA_T20.jpeg A   1 0 A 0.542427 0 0
 22  84  1 84 FH_T20.jpeg H   1 0 A 0.484525 0 0
 22  85  1 85 FA_T0.jpeg A   5 1 H 0.571613 0 0
 22  86  1 86 FH_T13.jpeg H   2 0 A 0.507919 0 0
 22  87  1 87 FH_T20.jpeg H   1 0 A 0.617178 0 0
 22  88  1 88 FA_T20.jpeg A   1 0 A 0.415943 0 0
 22  89  1 89 FH_T9.jpeg H   4 0 A 0.346699 0 0
 22  90  1 90 FH_T13.jpeg H   2 0 A 0.478246 0 0
 22  91  2  1 FH_T13.jpeg H   2 0 A 1.203454 0 0
 22  92  2  2 FA_T0.jpeg A   5 1 H 0.444901 0 0
 22  93  2  3 FA_T9.jpeg A   4 0 A 0.461896 0 0
 22  94  2  4 FA_T20.jpeg A   1 0 A 0.416573 0 0
 22  95  2  5 FA_T0.jpeg A   5 1 H 0.432694 0 0
 22  96  2  6 FH_T11.jpeg H   3 1 H 0.329641 0 0
 22  97  2  7 FH_T9.jpeg H   4 1 H 0.865281 0 0
 22  98  2  8 FH_T0.jpeg H   5 1 H 0.490307 0 0
 22  99  2  9 FH_T0.jpeg H   5 1 H 0.496563 0 0
 22 100  2 10 FA_T20.jpeg A   1 0 A 0.427470 0 0
 22 101  2 11 FH_T0.jpeg H   5 1 H 0.490600 0 0
 22 102  2 12 FH_T13.jpeg H   2 0 A 0.582285 0 0
 22 103  2 13 FH_T11.jpeg H   3 0 A 1.117931 0 0
 22 104  2 14 FA_T0.jpeg A   5 1 H 0.526302 0 0
 22 105  2 15 FA_T11.jpeg A   3 1 H 0.893636 0 0
 22 106  2 16 FA_T11.jpeg A   3 1 H 0.927996 0 0
 22 107  2 17 FH_T20.jpeg H   1 0 A 1.122970 0 0
 22 108  2 18 FA_T9.jpeg A   4 1 H 0.392875 0 0
 22 109  2 19 FH_T0.jpeg H   5 1 H 0.461603 0 0
 22 110  2 20 FH_T13.jpeg H   2 0 A 0.335957 0 0
 22 111  2 21 FA_T13.jpeg A   2 1 H 0.387409 0 0
 22 112  2 22 FH_T9.jpeg H   4 0 A 0.514115 0 0
 22 113  2 23 FA_T20.jpeg A   1 0 A 0.438860 0 0
 22 114  2 24 FA_T13.jpeg A   2 1 H 0.542196 0 0
 22 115  2 25 FA_T0.jpeg A   5 1 H 0.485416 0 0
 22 116  2 26 FH_T9.jpeg H   4 0 A 0.410075 0 0
 22 117  2 27 FA_T11.jpeg A   3 1 H 1.049000 0 0
 22 118  2 28 FA_T0.jpeg A   5 1 H 0.572950 0 0
 22 119  2 29 FA_T9.jpeg A   4 1 H 0.570676 0 0
 22 120  2 30 FA_T11.jpeg A   3 0 A 0.628024 0 0
 22 121  2 31 FH_T0.jpeg H   5 1 H 0.489995 0 0
 22 122  2 32 FA_T9.jpeg A   4 1 H 0.646205 0 0
 22 123  2 33 FA_T0.jpeg A   5 1 H 0.427269 0 0
 22 124  2 34 FH_T0.jpeg H   5 1 H 0.415216 0 0
 22 125  2 35 FH_T0.jpeg H   5 1 H 0.324042 0 0
 22 126  2 36 FA_T9.jpeg A   4 1 H 0.903108 0 0
 22 127  2 37 FH_T0.jpeg H   5 1 H 0.462049 0 0
 22 128  2 38 FH_T20.jpeg H   1 0 A 0.358774 0 0
 22 129  2 39 FA_T13.jpeg A   2 1 H 0.335283 0 0
 22 130  2 40 FH_T0.jpeg H   5 1 H 0.691448 0 0
 22 131  2 41 FA_T0.jpeg A   5 1 H 0.754537 0 0
 22 132  2 42 FH_T20.jpeg H   1 0 A 3.074035 0 0
 22 133  2 43 FH_T20.jpeg H   1 0 A 1.433757 0 0
 22 134  2 44 FA_T0.jpeg A   5 1 H 1.302487 0 0
 22 135  2 45 FH_T9.jpeg H   4 1 H 0.922573 0 0
 22 136  2 46 FA_T0.jpeg A   5 1 H 8.820472 0 0
 22 137  2 47 FA_T0.jpeg A   5 1 H 0.392435 0 0
 22 138  2 48 FA_T13.jpeg A   2 1 H 0.340613 0 0
 22 139  2 49 FH_T9.jpeg H   4 0 A 1.163747 0 0
 22 140  2 50 FH_T9.jpeg H   4 1 H 0.704180 0 0
 22 141  2 51 FA_T11.jpeg A   3 1 H 0.892924 0 0
 22 142  2 52 FH_T9.jpeg H   4 0 A 0.599577 0 0
 22 143  2 53 FH_T11.jpeg H   3 1 H 0.219820 0 0
 22 144  2 54 FA_T0.jpeg A   5 1 H 0.605576 0 0
 22 145  2 55 FA_T11.jpeg A   3 0 A 0.841128 0 0
 22 146  2 56 FH_T13.jpeg H   2 0 A 0.674301 0 0
 22 147  2 57 FH_T20.jpeg H   1 0 A 0.657272 0 0
 22 148  2 58 FH_T20.jpeg H   1 0 A 0.785267 0 0
 22 149  2 59 FH_T20.jpeg H   1 0 A 0.443753 0 0
 22 150  2 60 FH_T20.jpeg H   1 0 A 0.886359 0 0
 22 151  2 61 FH_T9.jpeg H   4 0 A 0.323544 0 0
 22 152  2 62 FA_T0.jpeg A   5 0 A 0.456098 0 0
 22 153  2 63 FH_T20.jpeg H   1 0 A 0.547693 0 0
 22 154  2 64 FH_T20.jpeg H   1 0 A 3.248156 0 0
 22 155  2 65 FA_T9.jpeg A   4 1 H 0.392355 0 0
 22 156  2 66 FA_T20.jpeg A   1 0 A 0.243183 0 0
 22 157  2 67 FA_T9.jpeg A   4 1 H 0.450718 0 0
 22 158  2 68 FH_T0.jpeg H   5 1 H 0.432879 0 0
 22 159  2 69 FA_T20.jpeg A   1 0 A 0.405025 0 0
 22 160  2 70 FH_T20.jpeg H   1 0 A 0.767507 0 0
 22 161  2 71 FH_T20.jpeg H   1 0 A 0.696855 0 0
 22 162  2 72 FH_T20.jpeg H   1 0 A 0.479025 0 0
 22 163  2 73 FA_T20.jpeg A   1 0 A 0.386874 0 0
 22 164  2 74 FH_T20.jpeg H   1 0 A 0.409503 0 0
 22 165  2 75 FA_T13.jpeg A   2 1 H 0.800482 0 0
 22 166  2 76 FH_T20.jpeg H   1 0 A 0.381570 0 0
 22 167  2 77 FH_T0.jpeg H   5 1 H 0.594159 0 0
 22 168  2 78 FA_T20.jpeg A   1 0 A 1.756482 0 0
 22 169  2 79 FH_T0.jpeg H   5 1 H 8.318567 0 0
 22 170  2 80 FH_T11.jpeg H   3 1 H 1.038260 0 0
 22 171  2 81 FH_T20.jpeg H   1 0 A 0.830162 0 0
 22 172  2 82 FA_T20.jpeg A   1 0 A 0.387038 0 0
 22 173  2 83 FA_T0.jpeg A   5 1 H 0.484485 0 0
 22 174  2 84 FH_T11.jpeg H   3 1 H 0.876282 0 0
 22 175  2 85 FA_T20.jpeg A   1 0 A 0.386692 0 0
 22 176  2 86 FA_T0.jpeg A   5 1 H 0.381448 0 0
 22 177  2 87 FH_T11.jpeg H   3 0 A 0.370124 0 0
 22 178  2 88 FH_T20.jpeg H   1 0 A 0.358457 0 0
 22 179  2 89 FH_T9.jpeg H   4 1 H 0.570858 0 0
 22 180  2 90 FA_T0.jpeg A   5 1 H 0.392643 0 0
 22 181  3  1 FA_T13.jpeg A   2 0 A 1.168471 0 0
 22 182  3  2 FA_T13.jpeg A   2 1 H 0.363569 0 0
 22 183  3  3 FH_T11.jpeg H   3 0 A 0.254744 0 0
 22 184  3  4 FH_T0.jpeg H   5 1 H 0.127760 1 1
 22 185  3  5 FA_T0.jpeg A   5 1 H 1.185319 0 1
 22 186  3  6 FH_T20.jpeg H   1 0 A 0.551859 0 1
 22 187  3  7 FA_T0.jpeg A   5 1 H 0.465532 0 1
 22 188  3  8 FA_T0.jpeg A   5 1 H 0.547516 0 1
 22 189  3  9 FH_T0.jpeg H   5 1 H 0.459695 0 1
 22 190  3 10 FH_T20.jpeg H   1 0 A 0.453252 0 1
 22 191  3 11 FA_T13.jpeg A   2 1 H 0.303319 0 1
 22 192  3 12 FH_T11.jpeg H   3 1 H 0.593556 0 1
 22 193  3 13 FH_T0.jpeg H   5 1 H 0.500992 0 1
 22 194  3 14 FH_T20.jpeg H   1 0 A 0.319559 0 1
 22 195  3 15 FH_T9.jpeg H   4 1 H 0.766418 0 1
 22 196  3 16 FA_T0.jpeg A   5 1 H 0.477209 0 1
 22 197  3 17 FA_T13.jpeg A   2 1 H 0.383168 0 1
 22 198  3 18 FH_T20.jpeg H   1 0 A 0.424230 0 1
 22 199  3 19 FA_T13.jpeg A   2 1 H 0.541527 0 1
 22 200  3 20 FH_T0.jpeg H   5 0 A 0.482994 0 1
 22 201  3 21 FH_T0.jpeg H   5 1 H 0.477534 0 1
 22 202  3 22 FH_T13.jpeg H   2 0 A 0.662306 0 1
 22 203  3 23 FH_T20.jpeg H   1 0 A 0.488996 0 1
 22 204  3 24 FA_T0.jpeg A   5 1 H 0.715786 0 1
 22 205  3 25 FH_T20.jpeg H   1 0 A 0.465972 0 1
 22 206  3 26 FA_T20.jpeg A   1 0 A 0.534954 0 1
 22 207  3 27 FA_T0.jpeg A   5 1 H 0.377765 0 1
 22 208  3 28 FH_T20.jpeg H   1 0 A 0.401317 0 1
 22 209  3 29 FH_T13.jpeg H   2 0 A 0.662764 0 1
 22 210  3 30 FH_T13.jpeg H   2 0 A 0.495224 0 1
 22 211  3 31 FH_T0.jpeg H   5 1 H 0.372060 0 1
 22 212  3 32 FA_T20.jpeg A   1 0 A 0.418863 0 1
 22 213  3 33 FH_T11.jpeg H   3 1 H 0.703518 0 1
 22 214  3 34 FH_T9.jpeg H   4 0 A 0.529376 0 1
 22 215  3 35 FA_T20.jpeg A   1 0 A 0.471134 0 1
 22 216  3 36 FA_T13.jpeg A   2 0 A 0.407474 0 1
 22 217  3 37 FA_T9.jpeg A   4 1 H 0.557515 0 1
 22 218  3 38 FH_T13.jpeg H   2 0 A 0.476741 0 1
 22 219  3 39 FH_T20.jpeg H   1 0 A 0.407444 0 1
 22 220  3 40 FA_T0.jpeg A   5 1 H 0.430897 0 1
 22 221  3 41 FH_T0.jpeg H   5 1 H 0.436494 0 1
 22 222  3 42 FA_T20.jpeg A   1 0 A 0.929394 0 1
 22 223  3 43 FA_T13.jpeg A   2 1 H 1.376076 0 1
 22 224  3 44 FA_T0.jpeg A   5 1 H 0.860141 0 1
 22 225  3 45 FA_T13.jpeg A   2 1 H 1.213711 0 1
 22 226  3 46 FH_T9.jpeg H   4 0 A 0.795911 0 1
 22 227  3 47 FA_T0.jpeg A   5 1 H 0.680121 0 1
 22 228  3 48 FA_T20.jpeg A   1 0 A 0.442589 0 1
 22 229  3 49 FA_T0.jpeg A   5 1 H 0.487114 0 1
 22 230  3 50 FH_T13.jpeg H   2 0 A 0.634004 0 1
 22 231  3 51 FA_T9.jpeg A   4 1 H 0.436252 0 1
 22 232  3 52 FH_T13.jpeg H   2 0 A 0.406804 0 1
 22 233  3 53 FA_T20.jpeg A   1 0 A 0.435936 0 1
 22 234  3 54 FH_T20.jpeg H   1 0 A 0.442727 0 1
 22 235  3 55 FA_T20.jpeg A   1 0 A 0.401379 0 1
 22 236  3 56 FA_T11.jpeg A   3 0 A 0.384297 0 1
 22 237  3 57 FH_T11.jpeg H   3 0 A 0.413735 0 1
 22 238  3 58 FA_T0.jpeg A   5 0 A 0.373105 0 1
 22 239  3 59 FA_T0.jpeg A   5 1 H 0.378017 0 1
 22 240  3 60 FH_T11.jpeg H   3 0 A 0.389988 0 1
 22 241  3 61 FA_T0.jpeg A   5 1 H 0.314852 0 1
 22 242  3 62 FA_T20.jpeg A   1 0 A 0.424865 0 1
 22 243  3 63 FA_T11.jpeg A   3 1 H 0.476950 0 1
 22 244  3 64 FH_T0.jpeg H   5 0 A 0.309119 0 1
 22 245  3 65 FH_T20.jpeg H   1 0 A 0.395886 0 1
 22 246  3 66 FA_T0.jpeg A   5 1 H 0.349909 0 1
 22 247  3 67 FA_T11.jpeg A   3 1 H 0.707756 0 1
 22 248  3 68 FH_T0.jpeg H   5 1 H 0.505933 0 1
 22 249  3 69 FH_T0.jpeg H   5 1 H 0.453840 0 1
 22 250  3 70 FA_T20.jpeg A   1 0 A 0.428583 0 1
 22 251  3 71 FH_T20.jpeg H   1 0 A 0.429699 0 1
 22 252  3 72 FA_T20.jpeg A   1 0 A 0.332212 0 1
 22 253  3 73 FH_T20.jpeg H   1 0 A 0.366669 0 1
 22 254  3 74 FA_T11.jpeg A   3 0 A 0.384662 0 1
 22 255  3 75 FH_T0.jpeg H   5 1 H 0.411616 0 1
 22 256  3 76 FH_T20.jpeg H   1 0 A 0.001218 1 2
 22 257  3 77 FA_T20.jpeg A   1 0 A 0.302676 0 2
 22 258  3 78 FH_T20.jpeg H   1 0 A 0.423434 0 2
 22 259  3 79 FA_T20.jpeg A   1 0 A 0.348559 0 2
 22 260  3 80 FA_T20.jpeg A   1 0 A 0.454213 0 2
 22 261  3 81 FA_T20.jpeg A   1 0 A 0.291117 0 2
 22 262  3 82 FA_T9.jpeg A   4 1 H 0.552497 0 2
 22 263  3 83 FA_T0.jpeg A   5 1 H 0.563469 0 2
 22 264  3 84 FH_T20.jpeg H   1 0 A 0.453689 0 2
 22 265  3 85 FH_T0.jpeg H   5 1 H 0.434297 0 2
 22 266  3 86 FH_T11.jpeg H   3 0 A 0.442618 0 2
 22 267  3 87 FA_T11.jpeg A   3 1 H 0.500200 0 2
 22 268  3 88 FA_T20.jpeg A   1 0 A 0.442351 0 2
 22 269  3 89 FH_T0.jpeg H   5 1 H 0.424623 0 2
 22 270  3 90 FH_T20.jpeg H   1 0 A 0.447521 0 2
 22 271  4  1 FH_T0.jpeg H   5 1 H 0.813820 0 2
 22 272  4  2 FA_T20.jpeg A   1 0 A 0.570186 0 2
 22 273  4  3 FA_T13.jpeg A   2 1 H 0.673843 0 2
 22 274  4  4 FA_T20.jpeg A   1 0 A 0.395698 0 2
 22 275  4  5 FH_T20.jpeg H   1 0 A 0.441453 0 2
 22 276  4  6 FH_T0.jpeg H   5 1 H 0.360613 0 2
 22 277  4  7 FA_T0.jpeg A   5 1 H 0.512476 0 2
 22 278  4  8 FH_T9.jpeg H   4 0 A 0.390606 0 2
 22 279  4  9 FA_T0.jpeg A   5 1 H 0.522888 0 2
 22 280  4 10 FH_T0.jpeg H   5 1 H 2.236796 0 2
 22 281  4 11 FH_T11.jpeg H   3 0 A 3.831695 0 2
 22 282  4 12 FA_T0.jpeg A   5 1 H 36.431457 0 2
 22 283  4 13 FH_T0.jpeg H   5 1 H 1.016481 0 2
 22 284  4 14 FA_T13.jpeg A   2 1 H 0.766736 0 2
 22 285  4 15 FH_T0.jpeg H   5 1 H 5.768622 0 2
 22 286  4 16 FH_T0.jpeg H   5 1 H 0.337013 0 2
 22 287  4 17 FA_T11.jpeg A   3 1 H 1.354145 0 2
 22 288  4 18 FA_T9.jpeg A   4 1 H 6.465010 0 2
 22 289  4 19 FH_T0.jpeg H   5 1 H 0.418355 0 2
 22 290  4 20 FA_T0.jpeg A   5 1 H 0.593819 0 2
 22 291  4 21 FH_T13.jpeg H   2 0 A 0.714601 0 2
 22 292  4 22 FH_T0.jpeg H   5 1 H 0.348892 0 2
 22 293  4 23 FA_T20.jpeg A   1 0 A 0.483218 0 2
 22 294  4 24 FA_T20.jpeg A   1 0 A 0.414125 0 2
 22 295  4 25 FA_T20.jpeg A   1 0 A 2.109145 0 2
 22 296  4 26 FA_T0.jpeg A   5 1 H 1.997802 0 2
 22 297  4 27 FH_T20.jpeg H   1 0 A 0.500737 0 2
 22 298  4 28 FH_T20.jpeg H   1 0 A 0.493575 0 2
 22 299  4 29 FA_T0.jpeg A   5 1 H 0.412560 0 2
 22 300  4 30 FH_T13.jpeg H   2 0 A 0.460329 0 2
 22 301  4 31 FA_T11.jpeg A   3 1 H 0.448085 0 2
 22 302  4 32 FH_T9.jpeg H   4 0 A 0.336986 0 2
 22 303  4 33 FA_T20.jpeg A   1 1 H 0.053776 1 3
 22 304  4 34 FA_T0.jpeg A   5 0 A 0.924002 0 3
 22 305  4 35 FA_T0.jpeg A   5 1 H 0.384186 0 3
 22 306  4 36 FA_T20.jpeg A   1 0 A 0.372896 0 3
 22 307  4 37 FA_T9.jpeg A   4 1 H 0.476598 0 3
 22 308  4 38 FH_T20.jpeg H   1 0 A 0.645355 0 3
 22 309  4 39 FA_T9.jpeg A   4 1 H 0.407014 0 3
 22 310  4 40 FH_T20.jpeg H   1 0 A 0.348766 0 3
 22 311  4 41 FA_T0.jpeg A   5 1 H 0.802510 0 3
 22 312  4 42 FH_T20.jpeg H   1 0 A 3.641590 0 3
 22 313  4 43 FA_T0.jpeg A   5 1 H 0.731961 0 3
 22 314  4 44 FA_T0.jpeg A   5 1 H 3.634439 0 3
 22 315  4 45 FH_T20.jpeg H   1 0 A 0.477027 0 3
 22 316  4 46 FA_T20.jpeg A   1 0 A 11.955862 0 3
 22 317  4 47 FA_T0.jpeg A   5 1 H 0.626600 0 3
 22 318  4 48 FH_T20.jpeg H   1 0 A 8.273232 0 3
 22 319  4 49 FA_T20.jpeg A   1 0 A 0.430420 0 3
 22 320  4 50 FA_T20.jpeg A   1 0 A 0.564965 0 3
 22 321  4 51 FA_T0.jpeg A   5 1 H 0.813748 0 3
 22 322  4 52 FH_T0.jpeg H   5 1 H 0.512576 0 3
 22 323  4 53 FH_T0.jpeg H   5 1 H 0.389975 0 3
 22 324  4 54 FA_T20.jpeg A   1 0 A 0.465628 0 3
 22 325  4 55 FA_T20.jpeg A   1 0 A 0.424339 0 3
 22 326  4 56 FA_T0.jpeg A   5 1 H 0.342699 0 3
 22 327  4 57 FH_T13.jpeg H   2 0 A 0.628179 0 3
 22 328  4 58 FH_T20.jpeg H   1 0 A 0.390048 0 3
 22 329  4 59 FH_T0.jpeg H   5 1 H 0.404882 0 3
 22 330  4 60 FH_T20.jpeg H   1 0 A 0.430755 0 3
 22 331  4 61 FA_T0.jpeg A   5 1 H 0.436577 0 3
 22 332  4 62 FA_T20.jpeg A   1 0 A 0.343081 0 3
 22 333  4 63 FH_T0.jpeg H   5 1 H 0.460052 0 3
 22 334  4 64 FA_T20.jpeg A   1 0 A 0.430392 0 3
 22 335  4 65 FA_T20.jpeg A   1 0 A 0.377888 0 3
 22 336  4 66 FH_T20.jpeg H   1 0 A 0.447985 0 3
 22 337  4 67 FH_T20.jpeg H   1 0 A 1.074475 0 3
 22 338  4 68 FH_T9.jpeg H   4 0 A 0.424736 0 3
 22 339  4 69 FH_T0.jpeg H   5 1 H 0.453680 0 3
 22 340  4 70 FA_T0.jpeg A   5 1 H 0.638814 0 3
 22 341  4 71 FA_T20.jpeg A   1 0 A 0.413396 0 3
 22 342  4 72 FA_T9.jpeg A   4 1 H 0.407564 0 3
 22 343  4 73 FA_T11.jpeg A   3 1 H 0.516633 0 3
 22 344  4 74 FA_T0.jpeg A   5 1 H 0.355330 0 3
 22 345  4 75 FA_T0.jpeg A   5 0 A 0.348769 0 3
 22 346  4 76 FH_T13.jpeg H   2 0 A 0.558806 0 3
 22 347  4 77 FA_T13.jpeg A   2 0 A 0.633570 0 3
 22 348  4 78 FH_T20.jpeg H   1 0 A 0.430048 0 3
 22 349  4 79 FA_T0.jpeg A   5 1 H 0.419458 0 3
 22 350  4 80 FA_T0.jpeg A   5 1 H 0.413624 0 3
 22 351  4 81 FA_T20.jpeg A   1 0 A 0.367201 0 3
 22 352  4 82 FH_T20.jpeg H   1 0 A 0.412721 0 3
 22 353  4 83 FH_T13.jpeg H   2 0 A 0.389444 0 3
 22 354  4 84 FA_T20.jpeg A   1 0 A 0.430158 0 3
 22 355  4 85 FA_T0.jpeg A   5 1 H 0.470725 0 3
 22 356  4 86 FA_T0.jpeg A   5 1 H 2.576940 0 3
 22 357  4 87 FA_T13.jpeg A   2 0 A 7.342636 0 3
 22 358  4 88 FA_T11.jpeg A   3 1 H 2.807485 0 3
 22 359  4 89 FA_T0.jpeg A   5 1 H 0.587467 0 3
 22 360  4 90 FH_T20.jpeg H   1 0 A 0.930335 0 3
 22 361  5  1 FH_T20.jpeg H   1 0 A 0.772518 0 3
 22 362  5  2 FA_T0.jpeg A   5 1 H 0.622540 0 3
 22 363  5  3 FH_T13.jpeg H   2 0 A 2.236190 0 3
 22 364  5  4 FA_T9.jpeg A   4 1 H 2.015795 0 3
 22 365  5  5 FH_T20.jpeg H   1 0 A 1.244033 0 3
 22 366  5  6 FA_T0.jpeg A   5 1 H 0.994084 0 3
 22 367  5  7 FH_T13.jpeg H   2 0 A 7.314798 0 3
 22 368  5  8 FH_T20.jpeg H   1 0 A 0.453465 0 3
 22 369  5  9 FA_T11.jpeg A   3 1 H 0.402025 0 3
 22 370  5 10 FH_T11.jpeg H   3 0 A 0.483449 0 3
 22 371  5 11 FH_T11.jpeg H   3 0 A 0.406903 0 3
 22 372  5 12 FH_T0.jpeg H   5 1 H 0.389417 0 3
 22 373  5 13 FA_T20.jpeg A   1 0 A 0.343420 0 3
 22 374  5 14 FH_T9.jpeg H   4 0 A 0.644578 0 3
 22 375  5 15 FH_T20.jpeg H   1 1 H 0.570075 0 3
 22 376  5 16 FA_T9.jpeg A   4 1 H 1.294893 0 3
 22 377  5 17 FH_T9.jpeg H   4 1 H 1.109583 0 3
 22 378  5 18 FA_T0.jpeg A   5 1 H 0.546798 0 3
 22 379  5 19 FA_T20.jpeg A   1 0 A 0.308250 0 3
 22 380  5 20 FH_T0.jpeg H   5 1 H 0.447198 0 3
 22 381  5 21 FH_T11.jpeg H   3 0 A 0.639889 0 3
 22 382  5 22 FA_T0.jpeg A   5 1 H 0.383963 0 3
 22 383  5 23 FH_T0.jpeg H   5 1 H 0.593526 0 3
 22 384  5 24 FA_T9.jpeg A   4 1 H 0.413753 0 3
 22 385  5 25 FA_T0.jpeg A   5 1 H 0.431124 0 3
 22 386  5 26 FH_T0.jpeg H   5 1 H 0.831166 0 3
 22 387  5 27 FA_T11.jpeg A   3 1 H 0.581724 0 3
 22 388  5 28 FH_T0.jpeg H   5 1 H 0.419574 0 3
 22 389  5 29 FH_T11.jpeg H   3 0 A 0.407981 0 3
 22 390  5 30 FH_T0.jpeg H   5 1 H 0.332554 0 3
 22 391  5 31 FA_T11.jpeg A   3 0 A 0.407593 0 3
 22 392  5 32 FH_T20.jpeg H   1 0 A 0.407478 0 3
 22 393  5 33 FH_T0.jpeg H   5 1 H 0.396141 0 3
 22 394  5 34 FH_T11.jpeg H   3 0 A 0.379049 0 3
 22 395  5 35 FA_T20.jpeg A   1 0 A 0.412904 0 3
 22 396  5 36 FH_T20.jpeg H   1 0 A 0.342923 0 3
 22 397  5 37 FA_T9.jpeg A   4 1 H 0.512294 0 3
 22 398  5 38 FH_T0.jpeg H   5 1 H 0.460117 0 3
 22 399  5 39 FA_T20.jpeg A   1 0 A 0.401285 0 3
 22 400  5 40 FH_T20.jpeg H   1 0 A 0.424531 0 3
 22 401  5 41 FA_T11.jpeg A   3 1 H 0.418570 0 3
 22 402  5 42 FH_T20.jpeg H   1 0 A 0.406797 0 3
 22 403  5 43 FA_T13.jpeg A   2 1 H 0.476549 0 3
 22 404  5 44 FH_T20.jpeg H   1 0 A 0.448077 0 3
 22 405  5 45 FH_T13.jpeg H   2 0 A 0.398834 0 3
 22 406  5 46 FA_T20.jpeg A   1 0 A 0.393879 0 3
 22 407  5 47 FA_T0.jpeg A   5 1 H 0.801897 0 3
 22 408  5 48 FH_T9.jpeg H   4 0 A 0.407331 0 3
 22 409  5 49 FA_T20.jpeg A   1 0 A 0.331959 0 3
 22 410  5 50 FA_T13.jpeg A   2 1 H 0.819127 0 3
 22 411  5 51 FA_T9.jpeg A   4 1 H 0.372103 0 3
 22 412  5 52 FH_T20.jpeg H   1 0 A 0.453002 0 3
 22 413  5 53 FH_T20.jpeg H   1 0 A 0.755222 0 3
 22 414  5 54 FH_T20.jpeg H   1 0 A 0.396236 0 3
 22 415  5 55 FH_T11.jpeg H   3 1 H 1.093060 0 3
 22 416  5 56 FH_T13.jpeg H   2 0 A 0.493711 0 3
 22 417  5 57 FA_T9.jpeg A   4 1 H 0.447752 0 3
 22 418  5 58 FH_T0.jpeg H   5 1 H 0.355650 0 3
 22 419  5 59 FA_T11.jpeg A   3 1 H 0.348945 0 3
 22 420  5 60 FH_T9.jpeg H   4 1 H 0.338281 0 3
 22 421  5 61 FA_T9.jpeg A   4 1 H 0.738273 0 3
 22 422  5 62 FA_T11.jpeg A   3 1 H 0.650883 0 3
 22 423  5 63 FA_T0.jpeg A   5 1 H 0.390488 0 3
 22 424  5 64 FH_T0.jpeg H   5 1 H 0.708696 0 3
 22 425  5 65 FA_T0.jpeg A   5 1 H 21.631886 0 3
 22 426  5 66 FA_T20.jpeg A   1 0 A 0.920314 0 3
 22 427  5 67 FA_T20.jpeg A   1 0 A 1.046521 0 3
 22 428  5 68 FA_T0.jpeg A   5 1 H 0.430887 0 3
 22 429  5 69 FH_T9.jpeg H   4 0 A 0.459587 0 3
 22 430  5 70 FA_T20.jpeg A   1 0 A 0.361620 0 3
 22 431  5 71 FH_T20.jpeg H   1 0 A 0.743848 0 3
 22 432  5 72 FA_T20.jpeg A   1 0 A 0.400983 0 3
 22 433  5 73 FA_T0.jpeg A   5 1 H 0.424353 0 3
 22 434  5 74 FH_T0.jpeg H   5 1 H 0.767917 0 3
 22 435  5 75 FA_T20.jpeg A   1 0 A 0.888976 0 3
 22 436  5 76 FH_T11.jpeg H   3 0 A 19.458784 0 3
 22 437  5 77 FH_T0.jpeg H   5 1 H 0.262725 0 3
 22 438  5 78 FH_T20.jpeg H   1 0 A 0.337463 0 3
 22 439  5 79 FA_T0.jpeg A   5 1 H 0.487995 0 3
 22 440  5 80 FA_T0.jpeg A   5 1 H 0.418702 0 3
 22 441  5 81 FH_T20.jpeg H   1 0 A 0.494158 0 3
 22 442  5 82 FA_T0.jpeg A   5 1 H 0.250382 0 3
 22 443  5 83 FA_T20.jpeg A   1 0 A 0.274533 0 3
 22 444  5 84 FH_T13.jpeg H   2 1 H 0.308394 0 3
 22 445  5 85 FA_T13.jpeg A   2 1 H 0.552181 0 3
 22 446  5 86 FA_T11.jpeg A   3 0 A 0.518135 0 3
 22 447  5 87 FH_T20.jpeg H   1 0 A 0.419188 0 3
 22 448  5 88 FH_T13.jpeg H   2 0 A 0.500519 0 3
 22 449  5 89 FA_T13.jpeg A   2 1 H 0.784935 0 3
 22 450  5 90 FA_T20.jpeg A   1 0 A 0.319646 0 3
 22 451  6  1 FA_T0.jpeg A   5 1 H 1.719045 0 3
 22 452  6  2 FH_T0.jpeg H   5 1 H 0.471081 0 3
 22 453  6  3 FH_T0.jpeg H   5 1 H 0.297563 0 3
 22 454  6  4 FA_T20.jpeg A   1 0 A 0.378866 0 3
 22 455  6  5 FH_T20.jpeg H   1 0 A 0.406850 0 3
 22 456  6  6 FA_T0.jpeg A   5 1 H 0.720405 0 3
 22 457  6  7 FH_T20.jpeg H   1 0 A 0.331283 0 3
 22 458  6  8 FA_T20.jpeg A   1 0 A 0.401979 0 3
 22 459  6  9 FH_T20.jpeg H   1 0 A 0.442876 0 3
 22 460  6 10 FH_T9.jpeg H   4 0 A 0.343777 0 3
 22 461  6 11 FH_T0.jpeg H   5 1 H 0.319958 0 3
 22 462  6 12 FH_T9.jpeg H   4 0 A 0.273376 0 3
 22 463  6 13 FH_T20.jpeg H   1 0 A 0.395475 0 3
 22 464  6 14 FH_T0.jpeg H   5 1 H 0.291597 0 3
 22 465  6 15 FA_T9.jpeg A   4 0 A 0.628345 0 3
 22 466  6 16 FH_T0.jpeg H   5 1 H 0.366844 0 3
 22 467  6 17 FH_T0.jpeg H   5 1 H 0.482135 0 3
 22 468  6 18 FA_T13.jpeg A   2 1 H 0.586894 0 3
 22 469  6 19 FA_T20.jpeg A   1 0 A 0.378158 0 3
 22 470  6 20 FH_T20.jpeg H   1 0 A 0.436846 0 3
 22 471  6 21 FH_T11.jpeg H   3 0 A 0.453815 0 3
 22 472  6 22 FA_T20.jpeg A   1 0 A 0.412540 0 3
 22 473  6 23 FA_T0.jpeg A   5 1 H 0.384844 0 3
 22 474  6 24 FH_T20.jpeg H   1 0 A 0.441882 0 3
 22 475  6 25 FA_T0.jpeg A   5 1 H 0.418201 0 3
 22 476  6 26 FA_T0.jpeg A   5 1 H 0.529947 0 3
 22 477  6 27 FA_T20.jpeg A   1 0 A 0.401781 0 3
 22 478  6 28 FA_T20.jpeg A   1 0 A 0.465799 0 3
 22 479  6 29 FA_T13.jpeg A   2 1 H 0.540522 0 3
 22 480  6 30 FA_T13.jpeg A   2 0 A 0.627025 0 3
 22 481  6 31 FH_T0.jpeg H   5 1 H 0.494724 0 3
 22 482  6 32 FH_T0.jpeg H   5 1 H 0.437002 0 3
 22 483  6 33 FH_T9.jpeg H   4 0 A 0.719464 0 3
 22 484  6 34 FA_T9.jpeg A   4 1 H 0.477106 0 3
 22 485  6 35 FH_T13.jpeg H   2 0 A 0.419336 0 3
 22 486  6 36 FA_T0.jpeg A   5 1 H 0.477539 0 3
 22 487  6 37 FH_T20.jpeg H   1 0 A 0.459134 0 3
 22 488  6 38 FA_T20.jpeg A   1 0 A 0.500558 0 3
 22 489  6 39 FH_T0.jpeg H   5 1 H 0.425251 0 3
 22 490  6 40 FA_T20.jpeg A   1 0 A 0.477345 0 3
 22 491  6 41 FA_T20.jpeg A   1 0 A 0.348508 0 3
 22 492  6 42 FH_T0.jpeg H   5 1 H 0.285683 0 3
 22 493  6 43 FA_T0.jpeg A   5 1 H 0.337356 0 3
 22 494  6 44 FA_T20.jpeg A   1 0 A 0.715020 0 3
 22 495  6 45 FA_T20.jpeg A   1 0 A 0.680288 0 3
 22 496  6 46 FA_T20.jpeg A   1 0 A 0.344052 0 3
 22 497  6 47 FA_T0.jpeg A   5 1 H 0.679926 0 3
 22 498  6 48 FH_T13.jpeg H   2 0 A 0.390205 0 3
 22 499  6 49 FH_T11.jpeg H   3 0 A 0.402010 0 3
 22 500  6 50 FA_T9.jpeg A   4 1 H 0.622726 0 3
 22 501  6 51 FA_T0.jpeg A   5 1 H 0.911427 0 3
 22 502  6 52 FA_T0.jpeg A   5 1 H 0.402267 0 3
 22 503  6 53 FH_T9.jpeg H   4 0 A 0.413723 0 3
 22 504  6 54 FH_T9.jpeg H   4 1 H 0.390502 0 3
 22 505  6 55 FA_T0.jpeg A   5 1 H 0.418416 0 3
 22 506  6 56 FA_T0.jpeg A   5 1 H 0.396476 0 3
 22 507  6 57 FH_T11.jpeg H   3 0 A 0.423211 0 3
 22 508  6 58 FH_T0.jpeg H   5 1 H 0.348606 0 3
 22 509  6 59 FA_T20.jpeg A   1 0 A 0.401666 0 3
 22 510  6 60 FH_T20.jpeg H   1 0 A 0.430859 0 3
 22 511  6 61 FA_T20.jpeg A   1 0 A 0.465496 0 3
 22 512  6 62 FA_T13.jpeg A   2 1 H 0.286157 0 3
 22 513  6 63 FH_T9.jpeg H   4 0 A 0.486794 0 3
 22 514  6 64 FH_T9.jpeg H   4 0 A 0.407306 0 3
 22 515  6 65 FH_T0.jpeg H   5 0 A 0.418967 0 3
 22 516  6 66 FH_T11.jpeg H   3 0 A 0.529263 0 3
 22 517  6 67 FH_T0.jpeg H   5 1 H 0.377810 0 3
 22 518  6 68 FA_T13.jpeg A   2 0 A 0.813688 0 3
 22 519  6 69 FH_T11.jpeg H   3 0 A 0.413010 0 3
 22 520  6 70 FH_T0.jpeg H   5 1 H 0.598787 0 3
 22 521  6 71 FH_T20.jpeg H   1 0 A 0.442183 0 3
 22 522  6 72 FA_T20.jpeg A   1 0 A 0.412732 0 3
 22 523  6 73 FH_T0.jpeg H   5 1 H 0.354582 0 3
 22 524  6 74 FA_T20.jpeg A   1 0 A 0.384219 0 3
 22 525  6 75 FH_T13.jpeg H   2 0 A 0.454358 0 3
 22 526  6 76 FA_T11.jpeg A   3 0 A 0.279702 0 3
 22 527  6 77 FA_T11.jpeg A   3 1 H 0.378575 0 3
 22 528  6 78 FH_T9.jpeg H   4 0 A 0.309313 0 3
 22 529  6 79 FA_T20.jpeg A   1 0 A 0.615728 0 3
 22 530  6 80 FH_T0.jpeg H   5 1 H 0.412596 0 3
 22 531  6 81 FH_T0.jpeg H   5 1 H 0.436228 0 3
 22 532  6 82 FH_T9.jpeg H   4 0 A 0.517925 0 3
 22 533  6 83 FA_T13.jpeg A   2 1 H 0.233274 0 3
 22 534  6 84 FA_T20.jpeg A   1 0 A 0.517196 0 3
 22 535  6 85 FH_T9.jpeg H   4 1 H 0.540306 0 3
 22 536  6 86 FH_T20.jpeg H   1 0 A 0.407848 0 3
 22 537  6 87 FA_T11.jpeg A   3 1 H 0.454349 0 3
 22 538  6 88 FH_T11.jpeg H   3 0 A 0.482733 0 3
 22 539  6 89 FA_T0.jpeg A   5 1 H 0.355450 0 3
 22 540  6 90 FA_T13.jpeg A   2 1 H 0.441695 0 3
 22 541  7  1 FA_T20.jpeg A   1 0 A 1.603256 0 3
 22 542  7  2 FH_T0.jpeg H   5 1 H 0.477569 0 3
 22 543  7  3 FH_T20.jpeg H   1 1 H 0.441860 0 3
 22 544  7  4 FA_T0.jpeg A   5 1 H 0.001244 1 4
 22 545  7  5 FA_T0.jpeg A   5 1 H 0.958405 0 4
 22 546  7  6 FH_T20.jpeg H   1 0 A 0.802530 0 4
 22 547  7  7 FH_T0.jpeg H   5 1 H 0.866668 0 4
 22 548  7  8 FA_T0.jpeg A   5 1 H 0.389894 0 4
 22 549  7  9 FA_T0.jpeg A   5 1 H 0.854619 0 4
 22 550  7 10 FH_T0.jpeg H   5 1 H 0.360785 0 4
 22 551  7 11 FH_T13.jpeg H   2 0 A 0.500755 0 4
 22 552  7 12 FH_T0.jpeg H   5 1 H 0.361695 0 4
 22 553  7 13 FH_T0.jpeg H   5 1 H 0.389759 0 4
 22 554  7 14 FA_T0.jpeg A   5 1 H 0.540926 0 4
 22 555  7 15 FA_T20.jpeg A   1 0 A 0.412731 0 4
 22 556  7 16 FH_T20.jpeg H   1 1 H 0.267571 0 4
 22 557  7 17 FA_T11.jpeg A   3 1 H 0.477138 0 4
 22 558  7 18 FA_T20.jpeg A   1 0 A 0.379004 0 4
 22 559  7 19 FH_T20.jpeg H   1 0 A 0.435543 0 4
 22 560  7 20 FA_T20.jpeg A   1 0 A 0.412159 0 4
 22 561  7 21 FH_T9.jpeg H   4 1 H 0.384552 0 4
 22 562  7 22 FA_T11.jpeg A   3 0 A 0.447404 0 4
 22 563  7 23 FH_T0.jpeg H   5 1 H 0.372891 0 4
 22 564  7 24 FA_T11.jpeg A   3 0 A 0.598287 0 4
 22 565  7 25 FA_T9.jpeg A   4 0 A 0.604199 0 4
 22 566  7 26 FA_T20.jpeg A   1 0 A 0.424388 0 4
 22 567  7 27 FH_T0.jpeg H   5 1 H 0.406781 0 4
 22 568  7 28 FA_T0.jpeg A   5 1 H 0.464776 0 4
 22 569  7 29 FH_T0.jpeg H   5 1 H 0.512071 0 4
 22 570  7 30 FH_T11.jpeg H   3 0 A 0.442407 0 4
 22 571  7 31 FH_T13.jpeg H   2 0 A 0.476722 0 4
 22 572  7 32 FA_T0.jpeg A   5 1 H 0.459822 0 4
 22 573  7 33 FH_T0.jpeg H   5 1 H 0.406844 0 4
 22 574  7 34 FA_T20.jpeg A   1 0 A 0.255777 0 4
 22 575  7 35 FH_T20.jpeg H   1 0 A 0.459887 0 4
 22 576  7 36 FH_T11.jpeg H   3 1 H 0.331299 0 4
 22 577  7 37 FH_T0.jpeg H   5 0 A 0.256979 0 4
 22 578  7 38 FA_T0.jpeg A   5 0 A 0.378051 0 4
 22 579  7 39 FA_T0.jpeg A   5 1 H 0.384302 0 4
 22 580  7 40 FH_T0.jpeg H   5 1 H 0.512483 0 4
 22 581  7 41 FH_T0.jpeg H   5 1 H 0.454358 0 4
 22 582  7 42 FH_T20.jpeg H   1 0 A 0.355106 0 4
 22 583  7 43 FH_T20.jpeg H   1 0 A 0.437010 0 4
 22 584  7 44 FA_T0.jpeg A   5 1 H 0.401896 0 4
 22 585  7 45 FA_T13.jpeg A   2 0 A 0.738628 0 4
 22 586  7 46 FA_T9.jpeg A   4 1 H 0.360780 0 4
 22 587  7 47 FH_T11.jpeg H   3 0 A 0.547561 0 4
 22 588  7 48 FA_T0.jpeg A   5 1 H 0.500561 0 4
 22 589  7 49 FH_T11.jpeg H   3 0 A 1.516631 0 4
 22 590  7 50 FA_T20.jpeg A   1 0 A 0.506635 0 4
 22 591  7 51 FH_T11.jpeg H   3 0 A 0.476204 0 4
 22 592  7 52 FA_T13.jpeg A   2 0 A 0.552120 0 4
 22 593  7 53 FH_T13.jpeg H   2 0 A 0.500544 0 4
 22 594  7 54 FA_T9.jpeg A   4 0 A 1.410829 0 4
 22 595  7 55 FH_T20.jpeg H   1 0 A 0.540272 0 4
 22 596  7 56 FA_T20.jpeg A   1 0 A 0.448159 0 4
 22 597  7 57 FA_T0.jpeg A   5 1 H 0.517331 0 4
 22 598  7 58 FH_T20.jpeg H   1 0 A 0.412532 0 4
 22 599  7 59 FA_T20.jpeg A   1 0 A 0.389317 0 4
 22 600  7 60 FH_T0.jpeg H   5 1 H 0.372212 0 4
 22 601  7 61 FH_T20.jpeg H   1 0 A 0.454130 0 4
 22 602  7 62 FA_T0.jpeg A   5 1 H 0.441934 0 4
 22 603  7 63 FA_T0.jpeg A   5 1 H 0.534434 0 4
 22 604  7 64 FH_T20.jpeg H   1 0 A 0.599384 0 4
 22 605  7 65 FH_T20.jpeg H   1 0 A 0.390463 0 4
 22 606  7 66 FA_T9.jpeg A   4 1 H 0.354503 0 4
 22 607  7 67 FA_T0.jpeg A   5 0 A 0.326280 0 4
 22 608  7 68 FA_T20.jpeg A   1 0 A 0.424660 0 4
 22 609  7 69 FH_T0.jpeg H   5 1 H 0.389495 0 4
 22 610  7 70 FA_T20.jpeg A   1 0 A 0.442000 0 4
 22 611  7 71 FH_T0.jpeg H   5 1 H 0.383518 0 4
 22 612  7 72 FH_T20.jpeg H   1 0 A 0.407051 0 4
 22 613  7 73 FH_T0.jpeg H   5 1 H 0.320131 0 4
 22 614  7 74 FA_T20.jpeg A   1 0 A 0.494151 0 4
 22 615  7 75 FH_T20.jpeg H   1 1 H 0.372404 0 4
 22 616  7 76 FH_T0.jpeg H   5 1 H 0.407667 0 4
 22 617  7 77 FA_T20.jpeg A   1 0 A 0.378851 0 4
 22 618  7 78 FH_T20.jpeg H   1 0 A 0.406866 0 4
 22 619  7 79 FA_T0.jpeg A   5 0 A 0.354476 0 4
 22 620  7 80 FH_T20.jpeg H   1 0 A 0.446873 0 4
 22 621  7 81 FA_T20.jpeg A   1 0 A 0.730440 0 4
 22 622  7 82 FH_T0.jpeg H   5 1 H 0.567872 0 4
 22 623  7 83 FA_T0.jpeg A   5 1 H 0.662820 0 4
 22 624  7 84 FA_T20.jpeg A   1 0 A 0.488069 0 4
 22 625  7 85 FH_T0.jpeg H   5 1 H 0.523159 0 4
 22 626  7 86 FA_T0.jpeg A   5 1 H 0.528862 0 4
 22 627  7 87 FH_T20.jpeg H   1 0 A 0.709971 0 4
 22 628  7 88 FH_T20.jpeg H   1 1 H 0.656349 0 4
 22 629  7 89 FA_T20.jpeg A   1 0 A 0.558295 0 4
 22 630  7 90 FH_T0.jpeg H   5 1 H 0.877020 0 4
 22 631  8  1 FA_T13.jpeg A   2 1 H 12.300069 0 4
 22 632  8  2 FH_T11.jpeg H   3 1 H 0.482793 0 4
 22 633  8  3 FA_T20.jpeg A   1 1 H 0.669030 0 4
 22 634  8  4 FH_T11.jpeg H   3 1 H 3.094512 0 4
 22 635  8  5 FH_T9.jpeg H   4 1 H 0.547031 0 4
 22 636  8  6 FH_T9.jpeg H   4 1 H 0.372234 0 4
 22 637  8  7 FH_T20.jpeg H   1 1 H 0.361346 0 4
 22 638  8  8 FA_T20.jpeg A   1 1 H 0.760978 0 4
 22 639  8  9 FH_T20.jpeg H   1 1 H 0.036307 1 5
 22 640  8 10 FA_T0.jpeg A   5 1 H 1.121654 0 5
 22 641  8 11 FA_T0.jpeg A   5 1 H 0.395925 0 5
 22 642  8 12 FH_T0.jpeg H   5 1 H 0.303406 0 5
 22 643  8 13 FA_T20.jpeg A   1 0 A 0.326637 0 5
 22 644  8 14 FH_T20.jpeg H   1 0 A 0.336293 0 5
 22 645  8 15 FA_T13.jpeg A   2 0 A 0.314147 0 5
 22 646  8 16 FA_T20.jpeg A   1 0 A 0.343167 0 5
 22 647  8 17 FH_T0.jpeg H   5 0 A 0.326716 0 5
 22 648  8 18 FH_T0.jpeg H   5 1 H 0.303089 0 5
 22 649  8 19 FA_T9.jpeg A   4 1 H 0.372664 0 5
 22 650  8 20 FH_T20.jpeg H   1 0 A 0.412558 0 5
 22 651  8 21 FA_T0.jpeg A   5 1 H 0.408103 0 5
 22 652  8 22 FA_T13.jpeg A   2 1 H 0.350150 0 5
 22 653  8 23 FA_T20.jpeg A   1 0 A 0.477152 0 5
 22 654  8 24 FH_T20.jpeg H   1 0 A 0.286162 0 5
 22 655  8 25 FH_T20.jpeg H   1 0 A 0.284964 0 5
 22 656  8 26 FA_T0.jpeg A   5 1 H 0.348883 0 5
 22 657  8 27 FH_T0.jpeg H   5 1 H 0.378843 0 5
 22 658  8 28 FH_T9.jpeg H   4 0 A 0.378010 0 5
 22 659  8 29 FH_T9.jpeg H   4 0 A 0.477114 0 5
 22 660  8 30 FA_T0.jpeg A   5 1 H 0.367453 0 5
 22 661  8 31 FH_T11.jpeg H   3 0 A 0.296838 0 5
 22 662  8 32 FH_T13.jpeg H   2 0 A 0.598755 0 5
 22 663  8 33 FA_T11.jpeg A   3 0 A 0.291191 0 5
 22 664  8 34 FA_T20.jpeg A   1 0 A 0.424939 0 5
 22 665  8 35 FH_T0.jpeg H   5 1 H 0.336153 0 5
 22 666  8 36 FA_T20.jpeg A   1 0 A 0.418495 0 5
 22 667  8 37 FH_T13.jpeg H   2 0 A 0.482272 0 5
 22 668  8 38 FH_T20.jpeg H   1 0 A 0.395424 0 5
 22 669  8 39 FA_T20.jpeg A   1 0 A 0.320379 0 5
 22 670  8 40 FA_T11.jpeg A   3 0 A 0.772846 0 5
 22 671  8 41 FA_T20.jpeg A   1 1 H 0.001355 1 6
 22 672  8 42 FH_T20.jpeg H   1 0 A 2.078630 0 6
 22 673  8 43 FA_T0.jpeg A   5 1 H 0.564480 0 6
 22 674  8 44 FA_T0.jpeg A   5 1 H 1.115069 0 6
 22 675  8 45 FA_T11.jpeg A   3 1 H 1.567815 0 6
 22 676  8 46 FH_T9.jpeg H   4 1 H 0.651647 0 6
 22 677  8 47 FH_T20.jpeg H   1 1 H 0.500159 0 6
 22 678  8 48 FH_T0.jpeg H   5 1 H 0.383997 0 6
 22 679  8 49 FA_T20.jpeg A   1 1 H 0.251191 0 6
 22 680  8 50 FH_T0.jpeg H   5 1 H 0.378101 0 6
 22 681  8 51 FA_T11.jpeg A   3 0 A 0.367068 0 6
 22 682  8 52 FH_T13.jpeg H   2 0 A 0.406656 0 6
 22 683  8 53 FA_T20.jpeg A   1 0 A 0.360347 0 6
 22 684  8 54 FH_T0.jpeg H   5 1 H 0.372559 0 6
 22 685  8 55 FA_T9.jpeg A   4 0 A 0.336945 0 6
 22 686  8 56 FA_T0.jpeg A   5 1 H 0.268527 0 6
 22 687  8 57 FA_T20.jpeg A   1 0 A 0.418524 0 6
 22 688  8 58 FH_T20.jpeg H   1 1 H 0.557722 0 6
 22 689  8 59 FH_T0.jpeg H   5 0 A 0.245096 0 6
 22 690  8 60 FH_T0.jpeg H   5 1 H 0.737710 0 6
 22 691  8 61 FA_T20.jpeg A   1 0 A 0.389201 0 6
 22 692  8 62 FA_T20.jpeg A   1 1 H 0.505714 0 6
 22 693  8 63 FA_T20.jpeg A   1 0 A 0.337173 0 6
 22 694  8 64 FH_T20.jpeg H   1 0 A 0.303563 0 6
 22 695  8 65 FH_T20.jpeg H   1 0 A 0.291811 0 6
 22 696  8 66 FA_T11.jpeg A   3 0 A 0.691107 0 6
 22 697  8 67 FH_T0.jpeg H   5 0 A 0.377841 0 6
 22 698  8 68 FA_T20.jpeg A   1 0 A 0.492889 0 6
 22 699  8 69 FA_T9.jpeg A   4 1 H 0.488765 0 6
 22 700  8 70 FH_T20.jpeg H   1 0 A 0.378955 0 6
 22 701  8 71 FA_T20.jpeg A   1 0 A 0.331238 0 6
 22 702  8 72 FA_T20.jpeg A   1 0 A 0.314989 0 6
 22 703  8 73 FH_T0.jpeg H   5 0 A 0.309017 0 6
 22 704  8 74 FH_T11.jpeg H   3 0 A 0.605125 0 6
 22 705  8 75 FH_T20.jpeg H   1 0 A 0.459994 0 6
 22 706  8 76 FH_T0.jpeg H   5 1 H 0.563805 0 6
 22 707  8 77 FH_T20.jpeg H   1 0 A 0.413369 0 6
 22 708  8 78 FA_T20.jpeg A   1 0 A 0.628076 0 6
 22 709  8 79 FH_T20.jpeg H   1 0 A 0.465373 0 6
 22 710  8 80 FA_T0.jpeg A   5 1 H 0.569177 0 6
 22 711  8 81 FA_T0.jpeg A   5 1 H 0.639524 0 6
 22 712  8 82 FH_T13.jpeg H   2 0 A 0.412744 0 6
 22 713  8 83 FA_T13.jpeg A   2 0 A 0.598460 0 6
 22 714  8 84 FA_T13.jpeg A   2 0 A 0.933844 0 6
 22 715  8 85 FH_T0.jpeg H   5 1 H 0.627233 0 6
 22 716  8 86 FA_T20.jpeg A   1 0 A 0.436930 0 6
 22 717  8 87 FA_T0.jpeg A   5 1 H 0.633996 0 6
 22 718  8 88 FH_T0.jpeg H   5 1 H 0.465290 0 6
 22 719  8 89 FH_T20.jpeg H   1 0 A 0.355547 0 6
 22 720  8 90 FA_T20.jpeg A   1 0 A 0.453530 0 6
