11 000 0 01 1.217447 0.045727 0.265103 1.999080 1.970497 0.265103 780.000000 229.000000
11 000 0 02 1.426955 -0.731626 -0.711459 1.319931 1.319230 5.571726 570.000000 276.000000
11 000 0 03 1.275171 -0.229207 -0.256056 1.319898 1.319241 6.027130 659.000000 217.000000
11 000 0 04 1.422990 0.280826 0.244979 1.169664 1.168939 0.244979 773.000000 238.000000
11 000 0 05 1.361177 -0.637111 -0.682730 1.119387 1.118848 5.600455 572.000000 268.000000
11 000 0 06 1.009946 -0.757878 -0.773564 1.102836 1.102143 5.509621 553.000000 279.000000
11 000 0 07 1.413981 -0.085032 -0.085627 1.704008 1.703311 6.197558 700.000000 217.000000
11 000 0 08 1.324200 -0.461964 -0.467600 1.419964 1.419428 5.815585 618.000000 248.000000
11 000 0 09 1.440584 0.295955 0.369453 1.420132 1.419431 0.369453 811.000000 215.000000
11 000 0 10 1.014994 -0.480444 -0.427335 1.336673 1.335931 5.855851 623.000000 237.000000
11 001 1 01 0.050000 -0.026778 -0.155528 1.019352 1.018644 6.127657 675.000000 163.000000
11 002 1 02 1.650000 -0.464667 -0.447942 1.236437 1.235742 5.835243 609.000000 219.000000
11 003 1 03 0.800000 -0.145564 -0.189843 1.403403 1.402728 6.093342 671.000000 195.000000
11 004 1 04 1.100000 0.264488 0.303850 1.152979 1.152241 0.303850 794.000000 214.000000
11 005 1 05 1.400000 0.011455 0.049605 1.653940 1.653213 0.049605 734.000000 168.000000
11 006 1 06 0.850000 -0.515646 -0.482969 1.169683 1.168939 5.800216 591.000000 204.000000
11 007 1 07 1.700000 0.143466 0.177398 1.069471 1.068744 0.177398 765.000000 199.000000
11 008 1 08 1.500000 0.609271 0.612689 1.286367 1.285836 0.612689 888.000000 211.000000
11 009 1 09 1.200000 -0.099897 -0.182076 1.102896 1.102144 6.101109 669.000000 173.000000
11 010 1 10 0.650000 0.165733 0.101536 1.136238 1.135545 0.101536 747.000000 185.000000
11 011 1 11 0.050000 -0.194991 0.000000 1.386712 1.386030 0.000000 720.000000 170.000000
11 012 1 12 0.450000 0.076713 -0.039453 1.052752 1.052045 6.243732 708.000000 146.000000
11 013 1 13 1.500000 -0.081090 -0.091547 1.136231 1.135543 6.191639 692.000000 145.000000
11 014 1 14 0.600000 -0.211961 -0.209342 1.119557 1.118843 6.073844 662.000000 177.000000
11 015 1 15 0.650000 -0.076126 -0.069333 1.169631 1.168940 6.213852 700.000000 162.000000
11 016 1 16 0.050000 -0.351790 0.000000 1.086133 1.085450 0.000000 720.000000 202.000000
11 017 1 17 1.150000 0.163885 0.126973 1.219740 1.219026 0.126973 750.000000 215.000000
11 018 1 18 0.100000 -0.160796 0.119429 1.286583 1.285835 0.119429 750.000000 200.000000
11 019 1 19 1.600000 -0.765842 -0.683709 1.236501 1.235736 5.599476 566.000000 261.000000
11 020 1 20 1.500000 0.018311 0.109690 1.086193 1.085445 0.109690 745.000000 223.000000
11 021 1 21 1.450000 -0.150569 -0.229984 1.286561 1.285834 6.053201 661.000000 198.000000
11 022 1 22 0.150000 0.082787 0.092329 0.919144 0.918453 0.092329 745.000000 180.000000
11 023 1 23 0.250000 0.090441 0.057177 1.019307 1.018647 0.057177 737.000000 153.000000
11 024 1 24 0.500000 -0.197651 -0.057491 0.835721 0.834956 6.225695 704.000000 172.000000
11 025 1 25 0.800000 0.068944 0.111425 1.236478 1.235734 0.111425 752.000000 164.000000
11 026 1 26 0.100000 -0.059036 0.079542 0.852357 0.851658 0.079542 742.000000 174.000000
11 027 1 27 0.350000 -0.409598 -0.079663 0.952390 0.951852 6.203522 701.000000 212.000000
11 028 1 28 0.150000 -0.149147 0.004000 1.420115 1.419426 0.004000 721.000000 200.000000
11 029 1 29 0.300000 0.185899 0.189843 1.536863 1.536324 0.189843 769.000000 195.000000
11 030 1 30 1.250000 0.626437 0.590342 0.985904 0.985248 0.590342 852.000000 253.000000
11 031 1 31 1.000000 -0.097475 -0.111641 1.086163 1.085442 6.171544 695.000000 227.000000
11 032 1 32 1.150000 0.126878 0.142986 1.269875 1.269133 0.142986 757.000000 193.000000
11 033 1 33 1.450000 0.291814 0.329995 1.169604 1.168945 0.329995 807.000000 196.000000
11 034 1 34 1.100000 0.027512 0.050345 1.370011 1.369330 0.050345 733.000000 192.000000
11 035 1 35 1.750000 0.021864 0.016285 1.169659 1.168940 0.016285 725.000000 143.000000
11 036 1 36 1.300000 0.105113 0.139015 1.119582 1.118840 0.139015 754.000000 207.000000
11 037 1 37 1.350000 0.190410 0.231544 1.837581 1.836904 0.231544 778.000000 204.000000
11 038 1 38 0.350000 0.458779 0.141311 0.985937 0.985249 0.141311 754.000000 211.000000
11 039 1 39 0.100000 -0.572434 0.554845 0.902396 0.901753 0.554845 839.000000 258.000000
11 040 1 40 1.200000 0.163392 0.137587 1.386739 1.386028 0.137587 756.000000 190.000000
11 041 1 41 0.250000 -0.297938 -0.698530 1.002611 1.001946 5.584655 568.000000 269.000000
11 042 1 42 0.150000 -0.361521 0.187177 0.919192 0.918452 0.187177 770.000000 186.000000
11 043 1 43 1.000000 -0.314851 -0.434530 1.219724 1.219035 5.848656 623.000000 241.000000
11 044 1 44 0.750000 0.281572 0.492059 0.919196 0.918450 0.492059 839.000000 228.000000
11 045 1 45 1.200000 -0.052393 -0.219114 1.603835 1.603117 6.064072 667.000000 212.000000
11 046 1 46 1.150000 0.502694 0.534395 1.136210 1.135542 0.534395 836.000000 254.000000
11 047 1 47 0.200000 0.315999 0.137652 1.253122 1.252437 0.137652 752.000000 219.000000
11 048 1 48 1.150000 0.515373 0.566729 1.386703 1.386030 0.566729 846.000000 252.000000
11 049 1 49 0.800000 0.631717 0.631779 1.436774 1.436127 0.631779 851.000000 271.000000
11 050 1 50 0.200000 -0.208597 0.470255 1.486892 1.486224 0.470255 812.000000 269.000000
11 051 1 51 0.000000 0.042317 0.548726 1.203068 1.202337 0.548726 860.000000 221.000000
11 052 1 52 1.600000 -0.477946 -0.484660 1.169586 1.168940 5.798525 601.000000 224.000000
11 053 1 53 1.750000 0.072135 0.079542 1.386694 1.386028 0.079542 742.000000 174.000000
11 054 1 54 1.200000 0.054619 0.053228 1.152890 1.152236 0.053228 733.000000 206.000000
11 055 1 55 1.100000 0.410432 0.447520 0.952548 0.951851 0.447520 840.000000 200.000000
11 056 1 56 0.550000 0.253219 0.171300 1.052772 1.052045 0.171300 761.000000 213.000000
11 057 1 57 0.100000 0.131930 -0.428574 1.219758 1.219037 5.854611 614.000000 218.000000
11 058 1 58 0.050000 0.159817 0.165751 1.319918 1.319234 0.165751 765.000000 181.000000
11 059 1 59 0.150000 -0.672469 0.102034 1.052719 1.052047 0.102034 750.000000 157.000000
11 060 1 60 1.350000 -0.127165 -0.199829 1.219698 1.219035 6.083357 672.000000 213.000000
11 061 2 01 1.500000 -0.270009 -0.295590 1.102956 1.102142 5.987595 639.000000 184.000000
11 062 2 02 1.250000 0.351608 0.399061 1.002664 1.001948 0.399061 825.000000 201.000000
11 063 2 03 0.000000 0.233083 0.150493 1.052712 1.052044 0.150493 757.000000 206.000000
11 064 2 04 0.800000 0.456221 0.339102 1.186294 1.185641 0.339102 817.000000 175.000000
11 065 2 05 0.450000 0.360699 0.407104 1.136270 1.135544 0.407104 814.000000 232.000000
11 066 2 06 1.250000 0.226188 0.238245 1.637216 1.636516 0.238245 788.000000 170.000000
11 067 2 07 0.750000 0.294554 0.290265 1.370042 1.369331 0.290265 789.000000 219.000000
11 068 2 08 1.750000 0.356910 0.376126 1.102839 1.102143 0.376126 829.000000 174.000000
11 069 2 09 1.600000 -0.107421 -0.152980 1.119621 1.118844 6.130205 685.000000 223.000000
11 070 2 10 1.600000 -0.086035 -0.113912 1.102915 1.102142 6.169274 693.000000 214.000000
11 071 2 11 1.050000 0.429798 0.439005 0.885696 0.885050 0.439005 828.000000 220.000000
11 072 2 12 0.600000 0.886715 0.933124 0.902467 0.901754 0.933124 913.000000 307.000000
11 073 2 13 1.050000 0.276382 0.275336 0.919108 0.918453 0.275336 783.000000 227.000000
11 074 2 14 1.450000 -0.219868 -0.313394 1.169495 1.168942 5.969791 650.000000 234.000000
11 075 2 15 0.800000 0.370092 0.382793 0.852338 0.851655 0.382793 811.000000 224.000000
11 076 2 16 0.300000 -0.359148 0.290705 0.802302 0.801560 0.290705 793.000000 206.000000
11 077 2 17 0.000000 -0.110392 0.284268 1.136238 1.135542 0.284268 791.000000 207.000000
11 078 2 18 0.550000 0.015050 -0.017314 0.952594 0.951853 6.265871 716.000000 219.000000
11 079 2 19 0.900000 0.265101 0.310881 0.885806 0.885054 0.310881 809.000000 173.000000
11 080 2 20 0.650000 -0.083889 -0.105984 0.902466 0.901756 6.177201 690.000000 168.000000
11 081 2 21 1.050000 0.229203 0.179853 1.203025 1.202339 0.179853 776.000000 142.000000
11 082 2 22 0.800000 -0.267768 -0.327245 1.436872 1.436126 5.955940 646.000000 232.000000
11 083 2 23 0.500000 0.235915 0.339978 1.520323 1.519622 0.339978 801.000000 221.000000
11 084 2 24 0.500000 0.025736 0.056218 1.019362 1.018648 0.056218 733.000000 219.000000
11 085 2 25 0.050000 0.191064 0.000000 1.203089 1.202336 0.000000 720.000000 233.000000
11 086 2 26 1.450000 -0.035186 -0.049958 2.672593 2.671862 6.233227 704.000000 130.000000
11 087 2 27 0.000000 0.018875 -0.508804 0.952577 0.951851 5.774382 609.000000 251.000000
11 088 2 28 1.400000 0.204228 0.221013 1.219727 1.219037 0.221013 791.000000 134.000000
11 089 2 29 0.400000 0.889294 0.704326 1.085990 1.085447 0.704326 867.000000 277.000000
11 090 2 30 0.250000 0.072171 0.000000 1.052710 1.052046 0.000000 720.000000 218.000000
11 091 2 31 1.700000 -0.120508 -0.133742 1.203110 1.202339 6.149443 683.000000 175.000000
11 092 2 32 1.050000 -0.388008 -0.492211 1.136267 1.135543 5.790974 609.000000 243.000000
11 093 2 33 0.350000 0.073962 0.016876 1.136257 1.135540 0.016876 724.000000 213.000000
11 094 2 34 1.550000 0.046373 0.059758 1.069375 1.068743 0.059758 734.000000 216.000000
11 095 2 35 0.500000 0.726037 0.890441 1.420052 1.419430 0.890441 893.000000 310.000000
11 096 2 36 0.900000 0.095787 0.093064 1.136295 1.135543 0.093064 741.000000 225.000000
11 097 2 37 0.600000 0.431063 0.599340 1.052750 1.052045 0.599340 858.000000 248.000000
11 098 2 38 1.700000 -0.254278 -0.259761 1.136264 1.135540 6.023424 661.000000 228.000000
11 099 2 39 0.700000 0.118266 0.131532 1.136230 1.135539 0.131532 754.000000 193.000000
11 100 2 40 1.000000 -0.421778 -0.500030 1.303252 1.302534 5.783155 608.000000 245.000000
11 101 2 41 0.400000 -0.016247 0.141897 1.353367 1.352629 0.141897 752.000000 226.000000
11 102 2 42 0.600000 -0.609413 -0.612152 0.985979 0.985250 5.671033 588.000000 262.000000
11 103 2 43 0.800000 -0.293525 -0.389420 1.186303 1.185637 5.893765 633.000000 238.000000
11 104 2 44 1.300000 -0.144747 -0.162116 1.336642 1.335929 6.121069 685.000000 236.000000
11 105 2 45 0.850000 0.045881 0.075748 1.002612 1.001948 0.075748 737.000000 226.000000
11 106 2 46 0.850000 -0.249476 -0.368791 1.453582 1.452825 5.914394 640.000000 243.000000
11 107 2 47 0.350000 0.277729 0.843027 0.985987 0.985245 0.843027 885.000000 303.000000
11 108 2 48 1.050000 -0.089205 -0.199829 0.902508 0.901753 6.083357 672.000000 213.000000
11 109 2 49 1.700000 0.584811 0.507099 1.086150 1.085445 0.507099 840.000000 234.000000
11 110 2 50 1.500000 -0.391989 -0.448723 1.186313 1.185639 5.834462 616.000000 234.000000
11 111 2 51 1.000000 0.359253 0.418224 1.136257 1.135542 0.418224 812.000000 243.000000
11 112 2 52 0.000000 -0.048370 -0.008299 1.954547 1.953799 6.274887 718.000000 209.000000
11 113 2 53 1.250000 -0.433955 -0.517821 1.153001 1.152241 5.765364 581.000000 206.000000
11 114 2 54 0.950000 0.045134 0.038117 1.319920 1.319231 0.038117 729.000000 214.000000
11 115 2 55 1.200000 -0.066644 -0.047238 1.019346 1.018647 6.235948 707.000000 175.000000
11 116 2 56 0.550000 -0.210406 -0.283794 1.036074 1.035346 5.999391 657.000000 234.000000
11 117 2 57 0.650000 -0.209706 -0.337091 1.253176 1.252434 5.946094 645.000000 236.000000
11 118 2 58 1.300000 0.069720 0.093064 1.236401 1.235735 0.093064 741.000000 225.000000
11 119 2 59 0.400000 -0.056821 0.004032 1.102884 1.102142 0.004032 721.000000 202.000000
11 120 2 60 1.250000 0.518543 0.445821 1.403392 1.402727 0.445821 839.000000 201.000000
11 121 3 01 0.750000 -0.034982 -0.030998 1.102846 1.102142 6.252187 712.000000 192.000000
11 122 3 02 0.650000 -0.202559 -0.269436 1.286597 1.285831 6.013750 654.000000 211.000000
11 123 3 03 0.700000 0.003188 0.055499 1.102868 1.102144 0.055499 735.000000 180.000000
11 124 3 04 0.200000 -0.101008 0.008230 1.002645 1.001952 0.008230 722.000000 207.000000
11 125 3 05 0.100000 -0.269901 -0.292713 1.720724 1.720011 5.990472 654.000000 231.000000
11 126 3 06 1.650000 -0.810294 -0.719230 1.503671 1.502923 5.563955 565.000000 273.000000
11 127 3 07 0.900000 0.052164 0.092850 1.553759 1.553019 0.092850 743.000000 203.000000
11 128 3 08 0.850000 -0.123535 -0.126440 1.453519 1.452829 6.156745 690.000000 214.000000
11 129 3 09 0.750000 0.082086 0.105300 1.253102 1.252434 0.105300 746.000000 204.000000
11 130 3 10 1.350000 -0.039920 -0.064015 1.036106 1.035347 6.219170 705.000000 216.000000
11 131 3 11 1.500000 0.088804 0.055680 1.336584 1.335932 0.055680 737.000000 145.000000
11 132 3 12 1.200000 0.279545 0.278832 1.386725 1.386028 0.278832 791.000000 202.000000
11 133 3 13 1.350000 0.125730 0.071591 1.136230 1.135543 0.071591 738.000000 199.000000
11 134 3 14 0.850000 -0.343663 -0.452778 1.136288 1.135542 5.830407 612.000000 228.000000
11 135 3 15 0.900000 -0.613855 -0.645338 1.102899 1.102144 5.637848 589.000000 276.000000
11 136 3 16 0.550000 -0.458029 -0.617844 1.336641 1.335934 5.665341 580.000000 253.000000
11 137 3 17 0.700000 0.058197 0.078271 0.885782 0.885055 0.078271 740.000000 195.000000
11 138 3 18 0.700000 0.137499 0.106265 1.887542 1.887005 0.106265 744.000000 225.000000
11 139 3 19 1.100000 -0.002146 -0.047810 1.503628 1.502922 6.235375 710.000000 241.000000
11 140 3 20 0.600000 -0.232442 -0.347984 1.319942 1.319232 5.935202 646.000000 246.000000
11 141 3 21 1.150000 -0.428575 -0.473081 1.470200 1.469525 5.810104 612.000000 239.000000
11 142 3 22 1.050000 0.055471 0.073511 1.102835 1.102144 0.073511 739.000000 192.000000
11 143 3 23 0.850000 0.425332 0.434405 1.152943 1.152241 0.434405 823.000000 228.000000
11 144 3 24 0.950000 0.280746 0.298499 1.169492 1.168939 0.298499 796.000000 203.000000
11 145 3 25 1.400000 0.041913 0.035699 0.919120 0.918454 0.035699 730.000000 170.000000
11 146 3 26 0.300000 0.252898 0.415812 0.768840 0.768160 0.415812 822.000000 219.000000
11 147 3 27 0.250000 0.289207 0.788280 0.985900 0.985245 0.788280 894.000000 277.000000
11 148 3 28 0.700000 -0.191930 -0.292056 1.219719 1.219038 5.991129 628.000000 144.000000
11 149 3 29 1.700000 0.103815 0.078784 1.002647 1.001949 0.078784 741.000000 184.000000
11 150 3 30 1.700000 -0.037124 -0.059550 1.303228 1.302532 6.223635 698.000000 81.000000
11 151 3 31 1.750000 -0.057257 -0.052386 0.902515 0.901754 6.230799 706.000000 183.000000
11 152 3 32 1.750000 0.765174 0.668724 0.985933 0.985251 0.668724 897.000000 226.000000
11 153 3 33 0.350000 0.102548 -0.179514 1.086128 1.085445 6.103672 673.000000 191.000000
11 154 3 34 0.900000 -0.226076 -0.261776 1.169656 1.168942 6.021409 649.000000 185.000000
11 155 3 35 0.600000 0.349648 0.340718 1.002683 1.001946 0.340718 798.000000 230.000000
11 156 3 36 0.550000 -0.436197 -0.475974 1.720784 1.720013 5.807212 587.000000 192.000000
11 157 3 37 0.950000 0.457613 0.510823 1.436800 1.436126 0.510823 873.000000 177.000000
11 158 3 38 0.350000 0.081948 -0.150371 1.403468 1.402729 6.132814 685.000000 219.000000
11 159 3 39 0.250000 0.239481 -0.007812 1.286381 1.285836 6.275373 718.000000 194.000000
11 160 3 40 0.200000 0.167676 -0.019839 1.069504 1.068744 6.263347 715.000000 198.000000
11 161 3 41 0.450000 -0.244008 -0.199082 1.002625 1.001949 6.084103 674.000000 222.000000
11 162 3 42 1.300000 0.142528 0.122783 1.019372 1.018648 0.122783 749.000000 215.000000
11 163 3 43 1.550000 -0.082365 -0.111111 1.186345 1.185639 6.172075 693.000000 208.000000
11 164 3 44 0.400000 0.013943 0.020830 1.219804 1.219034 0.020830 725.000000 210.000000
11 165 3 45 0.100000 -0.316635 -0.054740 1.687260 1.686611 6.228446 708.000000 231.000000
11 166 3 46 1.450000 -0.157211 -0.223977 1.119535 1.118843 6.059208 661.000000 191.000000
11 167 3 47 0.750000 -0.107723 -0.084092 1.453576 1.452823 6.199093 698.000000 189.000000
11 168 3 48 0.650000 -0.012319 -0.108012 1.086201 1.085443 6.175174 693.000000 201.000000
11 169 3 49 0.200000 0.002048 -0.031610 1.704034 1.703312 6.251575 712.000000 197.000000
11 170 3 50 0.000000 -0.259264 0.004292 2.037947 2.037304 0.004292 721.000000 217.000000
11 171 3 51 0.000000 0.657834 -0.007463 1.152930 1.152244 6.275723 718.000000 182.000000
11 172 3 52 1.600000 0.144505 0.157360 1.236474 1.235735 0.157360 763.000000 179.000000
11 173 3 53 0.250000 0.351242 -0.007722 1.236425 1.235736 6.275463 718.000000 191.000000
11 174 3 54 1.050000 0.199837 0.191940 1.520357 1.519621 0.191940 768.000000 203.000000
11 175 3 55 0.950000 0.617834 0.445224 0.885782 0.885057 0.445224 835.000000 209.000000
11 176 3 56 0.100000 0.276161 0.004630 1.069461 1.068745 0.004630 721.000000 234.000000
11 177 3 57 0.850000 -0.041841 0.003636 0.952388 0.951854 0.003636 721.000000 175.000000
11 178 3 58 0.150000 -0.449512 -0.003663 1.219760 1.219035 6.279522 719.000000 177.000000
11 179 3 59 1.100000 0.309070 0.333945 1.119579 1.118843 0.333945 805.000000 205.000000
11 180 3 60 0.650000 0.289123 0.392710 0.835614 0.834956 0.392710 819.000000 211.000000
11 181 4 01 0.850000 -0.041680 -0.074860 0.902452 0.901760 6.208325 702.000000 210.000000
11 182 4 02 1.100000 -0.091474 -0.100669 1.253160 1.252437 6.182517 690.000000 153.000000
11 183 4 03 0.500000 0.063547 -0.041330 1.052746 1.052048 6.241855 709.000000 184.000000
11 184 4 04 0.900000 0.229774 0.306792 0.969255 0.968551 0.306792 803.000000 188.000000
11 185 4 05 0.500000 -0.173003 -0.166930 1.586958 1.586421 6.116255 674.000000 177.000000
11 186 4 06 0.250000 -0.226679 -0.047909 0.985951 0.985253 6.235277 706.000000 158.000000
11 187 4 07 0.400000 0.019950 0.007692 1.219764 1.219037 0.007692 722.000000 190.000000
11 188 4 08 0.350000 0.173785 0.004219 1.587069 1.586419 0.004219 721.000000 213.000000
11 189 4 09 0.650000 0.056246 0.095328 1.553551 1.553018 0.095328 744.000000 199.000000
11 190 4 10 1.400000 -0.397041 -0.344942 1.369998 1.369330 5.938243 637.000000 219.000000
11 191 4 11 1.750000 0.490998 0.402037 0.819008 0.818258 0.402037 828.000000 196.000000
11 192 4 12 1.400000 -0.394081 -0.377088 1.219760 1.219036 5.906098 640.000000 248.000000
11 193 4 13 0.450000 -0.072190 -0.060113 1.152915 1.152241 6.223073 707.000000 234.000000
11 194 4 14 0.300000 -0.303848 -0.215237 0.902513 0.901756 6.067948 666.000000 203.000000
11 195 4 15 0.300000 0.388070 0.373652 1.186354 1.185638 0.373652 809.000000 223.000000
11 196 4 16 1.550000 -0.107523 -0.089314 1.136271 1.135540 6.193871 696.000000 182.000000
11 197 4 17 0.750000 -0.261370 -0.274522 1.153001 1.152241 6.008663 651.000000 205.000000
11 198 4 18 0.450000 -0.211761 -0.229768 1.186316 1.185640 6.053418 651.000000 155.000000
11 199 4 19 0.450000 0.095844 0.264993 0.802227 0.801559 0.264993 793.000000 181.000000
11 200 4 20 0.500000 -0.193856 -0.079130 1.320002 1.319232 6.204056 702.000000 223.000000
11 201 4 21 0.050000 -0.168461 0.394127 0.935896 0.935152 0.394127 809.000000 236.000000
11 202 4 22 1.500000 0.269141 0.316431 1.236392 1.235735 0.316431 794.000000 224.000000
11 203 4 23 1.700000 0.133210 0.147216 1.303185 1.302533 0.147216 759.000000 187.000000
11 204 4 24 1.150000 0.058736 0.029954 1.353282 1.352629 0.029954 728.000000 183.000000
11 205 4 25 1.650000 -0.388395 -0.337531 1.720693 1.720011 5.945654 647.000000 242.000000
11 206 4 26 1.400000 0.189792 0.195426 1.253144 1.252434 0.195426 778.000000 157.000000
11 207 4 27 0.250000 0.234637 0.173137 0.868986 0.868357 0.173137 759.000000 227.000000
11 208 4 28 1.750000 -0.280544 -0.297882 1.019331 1.018649 5.985303 650.000000 222.000000
11 209 4 29 1.400000 0.403207 0.372820 1.036061 1.035347 0.372820 808.000000 225.000000
11 210 4 30 1.550000 0.036288 0.008583 1.253141 1.252434 0.008583 722.000000 217.000000
11 211 4 31 0.850000 0.171762 0.210572 1.336608 1.335930 0.210572 776.000000 188.000000
11 212 4 32 0.300000 0.000047 0.935953 1.169615 1.168939 0.935953 906.000000 313.000000
11 213 4 33 1.600000 -0.436921 -0.457834 0.985946 0.985250 5.825352 618.000000 243.000000
11 214 4 34 0.600000 0.206533 0.172861 1.169686 1.168940 0.172861 764.000000 198.000000
11 215 4 35 0.600000 -0.211622 -0.236558 1.420173 1.419429 6.046627 666.000000 226.000000
11 216 4 36 0.900000 0.171896 0.237958 1.520331 1.519621 0.237958 777.000000 215.000000
11 217 4 37 0.900000 -0.586495 -0.669892 1.820932 1.820206 5.613293 560.000000 248.000000
11 218 4 38 0.400000 0.298220 0.296440 0.935800 0.935151 0.296440 793.000000 211.000000
11 219 4 39 1.100000 0.294788 0.300920 1.019352 1.018648 0.300920 792.000000 218.000000
11 220 4 40 1.650000 -0.671555 -0.603386 1.219785 1.219036 5.679799 587.000000 257.000000
11 221 4 41 0.950000 0.422304 0.390400 0.869083 0.868354 0.390400 820.000000 207.000000
11 222 4 42 1.550000 0.599063 0.556251 1.102892 1.102142 0.556251 863.000000 220.000000
11 223 4 43 1.450000 0.952151 0.793617 0.985934 0.985253 0.793617 904.000000 269.000000
11 224 4 44 1.250000 -0.005503 0.007194 1.086100 1.085447 0.007194 722.000000 172.000000
11 225 4 45 0.750000 -0.024778 -0.049958 1.152974 1.152241 6.233227 709.000000 230.000000
11 226 4 46 0.800000 0.579477 0.544651 0.818961 0.818259 0.544651 846.000000 242.000000
11 227 4 47 1.650000 0.174513 0.156602 0.919178 0.918455 0.156602 756.000000 222.000000
11 228 4 48 0.600000 0.148649 0.118705 1.152905 1.152239 0.118705 746.000000 232.000000
11 229 4 49 0.000000 0.317221 0.895478 0.986008 0.985250 0.895478 931.000000 281.000000
11 230 4 50 1.700000 -0.204234 -0.259263 1.036044 1.035350 6.023922 646.000000 171.000000
11 231 4 51 0.550000 -0.583244 -0.638806 1.136250 1.135541 5.644379 593.000000 279.000000
11 232 4 52 0.450000 0.064239 0.346250 0.835654 0.834959 0.346250 812.000000 195.000000
11 233 4 53 0.650000 -0.664112 -0.614284 1.203119 1.202338 5.668902 574.000000 243.000000
11 234 4 54 0.500000 0.007764 -0.004329 1.002657 1.001948 6.278856 719.000000 219.000000
11 235 4 55 0.400000 -0.044471 0.003906 1.286521 1.285833 0.003906 721.000000 194.000000
11 236 4 56 1.250000 -0.068837 -0.104877 1.687384 1.686615 6.178308 696.000000 222.000000
11 237 4 57 0.200000 0.074890 0.040124 1.119513 1.118841 0.040124 731.000000 176.000000
11 238 4 58 1.200000 -0.156807 -0.136526 0.985983 0.985248 6.146660 677.000000 137.000000
11 239 4 59 0.350000 -0.344478 0.036513 1.102836 1.102142 0.036513 728.000000 231.000000
11 240 4 60 1.550000 -0.202551 -0.232045 1.186349 1.185640 6.051140 651.000000 158.000000
11 241 5 01 1.350000 -0.016204 0.000000 0.885714 0.885055 0.000000 720.000000 133.000000
11 242 5 02 1.150000 -0.425407 -0.336475 1.253107 1.252435 5.946710 642.000000 227.000000
11 243 5 03 0.700000 0.104772 0.168207 1.653952 1.653214 0.168207 756.000000 238.000000
11 244 5 04 1.550000 -0.472719 -0.363573 1.353375 1.352630 5.919612 642.000000 245.000000
11 245 5 05 0.550000 0.234615 0.181826 1.470173 1.469523 0.181826 761.000000 227.000000
11 246 5 06 1.400000 -0.383960 -0.403116 1.420177 1.419426 5.880070 633.000000 246.000000
11 247 5 07 1.550000 -0.281577 -0.277047 1.052760 1.052045 6.006138 660.000000 239.000000
11 248 5 08 1.100000 -0.139443 -0.135909 0.885750 0.885056 6.147276 688.000000 216.000000
11 249 5 09 1.500000 0.149933 0.124355 1.052790 1.052044 0.124355 749.000000 218.000000
11 250 5 10 0.550000 0.280352 0.480006 1.386687 1.386027 0.480006 821.000000 256.000000
11 251 5 11 1.600000 -0.098722 -0.086541 1.086119 1.085445 6.196644 701.000000 231.000000
11 252 5 12 0.450000 0.204056 0.329947 0.852291 0.851657 0.329947 795.000000 231.000000
11 253 5 13 0.700000 -0.068203 0.041022 1.052706 1.052044 0.041022 731.000000 182.000000
11 254 5 14 0.900000 0.304716 0.338098 0.985937 0.985249 0.338098 797.000000 231.000000
11 255 5 15 1.750000 -0.246395 -0.239550 0.902432 0.901755 6.043635 667.000000 233.000000
11 256 5 16 0.700000 -0.355499 -0.437631 1.403365 1.402728 5.845554 618.000000 232.000000
11 257 5 17 1.750000 0.250677 0.243333 1.152959 1.152241 0.243333 791.000000 164.000000
11 258 5 18 1.250000 0.354869 0.391530 1.436855 1.436125 0.391530 810.000000 232.000000
11 259 5 19 1.500000 -0.254444 -0.255645 0.985930 0.985249 6.027540 651.000000 186.000000
11 260 5 20 0.950000 0.021670 0.021548 0.985982 0.985250 0.021548 725.000000 218.000000
11 261 5 21 1.600000 -0.265856 -0.230402 1.353350 1.352630 6.052783 663.000000 207.000000
11 262 5 22 0.200000 0.178254 -0.007246 1.737368 1.736714 6.275939 718.000000 174.000000
11 263 5 23 1.550000 0.491280 0.419143 1.002698 1.001949 0.419143 810.000000 248.000000
11 264 5 24 1.000000 0.072796 0.184738 0.468308 0.467576 0.184738 757.000000 252.000000
11 265 5 25 1.000000 0.372023 0.295752 1.203090 1.202336 0.295752 798.000000 194.000000
11 266 5 26 0.350000 0.141911 0.000000 1.286574 1.285834 0.000000 720.000000 232.000000
11 267 5 27 0.900000 -0.013062 -0.006849 1.269670 1.269129 6.276336 717.000000 12.000000
11 268 5 28 0.100000 -0.007974 -0.008230 1.336620 1.335920 6.274955 718.000000 207.000000
11 269 5 29 1.050000 -0.061478 -0.066886 1.102798 1.102148 6.216300 706.000000 241.000000
11 270 5 30 1.250000 -0.029745 -0.025418 1.553576 1.553021 6.257767 714.000000 214.000000
11 271 5 31 1.600000 -0.230025 -0.176408 1.787554 1.786808 6.106777 679.000000 220.000000
11 272 5 32 0.350000 0.402448 0.406257 1.069493 1.068746 0.406257 834.000000 185.000000
11 273 5 33 0.700000 0.254419 0.221704 0.935859 0.935151 0.221704 775.000000 206.000000
11 274 5 34 1.400000 0.058257 0.082422 1.069410 1.068750 0.082422 739.000000 220.000000
11 275 5 35 1.250000 -0.043246 -0.024995 0.969272 0.968553 6.258191 713.000000 170.000000
11 276 5 36 1.650000 -0.732054 -0.613346 1.403440 1.402731 5.669840 594.000000 271.000000
11 277 5 37 0.750000 -0.511810 -0.425571 1.052731 1.052046 5.857615 623.000000 236.000000
11 278 5 38 0.750000 0.244303 0.306730 0.969240 0.968549 0.306730 809.000000 169.000000
11 279 5 39 0.000000 0.012580 0.010714 1.286498 1.285832 0.010714 723.000000 170.000000
11 280 5 40 0.300000 -0.274940 0.006557 1.336467 1.335936 0.006557 722.000000 145.000000
11 281 5 41 1.650000 0.396908 0.374432 1.319905 1.319232 0.374432 843.000000 137.000000
11 282 5 42 1.100000 0.332837 0.271600 1.086172 1.085443 0.271600 786.000000 213.000000
11 283 5 43 0.150000 -0.384341 0.509354 0.969210 0.968550 0.509354 825.000000 262.000000
11 284 5 44 0.250000 -0.452028 -0.438731 1.203064 1.202337 5.844455 598.000000 190.000000
11 285 5 45 0.250000 0.216775 0.024556 1.136228 1.135542 0.024556 727.000000 165.000000
11 286 5 46 0.700000 -0.026990 -0.276668 1.637297 1.636517 6.006517 651.000000 207.000000
11 287 5 47 1.300000 -0.315665 -0.342254 1.670662 1.669912 5.940931 632.000000 203.000000
11 288 5 48 1.400000 0.034067 -0.010752 1.620578 1.619815 6.272433 717.000000 171.000000
11 289 5 49 1.350000 -0.116369 -0.062854 1.436828 1.436135 6.220331 702.000000 164.000000
11 290 5 50 0.800000 -0.250993 -0.324368 1.787506 1.786809 5.958817 643.000000 221.000000
11 291 5 51 1.150000 -0.395095 -0.411139 1.286491 1.285834 5.872046 594.000000 161.000000
11 292 5 52 0.400000 -0.070474 -0.012930 1.252978 1.252435 6.270255 717.000000 218.000000
11 293 5 53 0.800000 -0.249171 -0.347607 1.102844 1.102143 5.935578 620.000000 174.000000
11 294 5 54 1.000000 -0.292791 -0.359305 1.269683 1.269135 5.923880 643.000000 245.000000
11 295 5 55 1.000000 -0.247198 -0.266886 1.436778 1.436124 6.016300 647.000000 183.000000
11 296 5 56 1.200000 -0.344820 -0.294119 1.203005 1.202341 5.989066 647.000000 209.000000
11 297 5 57 1.200000 -0.416197 -0.368535 1.286376 1.285839 5.914650 625.000000 204.000000
11 298 5 58 0.450000 0.000777 0.117362 1.486943 1.486219 0.117362 747.000000 221.000000
11 299 5 59 0.950000 -0.043789 -0.030827 1.202885 1.202342 6.252358 713.000000 223.000000
11 300 5 60 0.400000 0.611118 0.547979 0.835641 0.834958 0.547979 850.000000 237.000000
11 301 6 01 0.050000 0.399955 0.000000 1.303189 1.302533 0.000000 720.000000 182.000000
11 302 6 02 1.450000 0.592045 0.496918 1.370010 1.369329 0.496918 861.000000 190.000000
11 303 6 03 1.100000 -0.162992 -0.127308 0.952530 0.951851 6.155878 688.000000 200.000000
11 304 6 04 1.000000 0.182289 0.253674 1.202978 1.202336 0.253674 790.000000 180.000000
11 305 6 05 1.200000 -0.271282 -0.250124 1.119600 1.118840 6.033061 650.000000 176.000000
11 306 6 06 0.500000 -0.131075 -0.654571 1.486957 1.486227 5.628615 588.000000 278.000000
11 307 6 07 0.300000 0.038012 0.034588 0.952517 0.951849 0.034588 730.000000 161.000000
11 308 6 08 1.150000 0.341877 0.343265 0.969285 0.968552 0.343265 814.000000 187.000000
11 309 6 09 0.100000 -0.793926 0.003521 0.969188 0.968553 0.003521 721.000000 166.000000
11 310 6 10 1.300000 0.019429 0.020917 1.269815 1.269136 0.020917 725.000000 211.000000
11 311 6 11 1.050000 0.491329 0.474904 1.470222 1.469523 0.474904 829.000000 238.000000
11 312 6 12 1.500000 0.077633 0.102668 0.935873 0.935152 0.102668 754.000000 120.000000
11 313 6 13 1.650000 0.289418 0.296984 1.303180 1.302533 0.296984 791.000000 218.000000
11 314 6 14 1.700000 0.285948 0.291137 1.570374 1.569718 0.291137 806.000000 163.000000
11 315 6 15 0.300000 -0.617176 0.011406 1.186384 1.185638 0.011406 723.000000 187.000000
11 316 6 16 1.450000 -0.064947 -0.075748 1.303223 1.302533 6.207438 703.000000 226.000000
11 317 6 17 1.750000 0.458620 0.422472 1.236488 1.235737 0.422472 818.000000 232.000000
11 318 6 18 1.300000 0.206443 0.172379 0.919134 0.918460 0.172379 759.000000 226.000000
11 319 6 19 0.050000 -0.181404 -0.016459 0.869102 0.868356 6.266726 716.000000 207.000000
11 320 6 20 1.000000 0.331400 0.278300 1.102813 1.102142 0.278300 784.000000 226.000000
11 321 6 21 0.150000 -0.314541 0.016777 1.002604 1.001949 0.016777 725.000000 152.000000
11 322 6 22 1.450000 0.315631 0.309005 0.869032 0.868357 0.309005 803.000000 190.000000
11 323 6 23 0.750000 -0.265570 -0.267472 0.935888 0.935151 6.015713 663.000000 242.000000
11 324 6 24 0.200000 -0.063333 0.019377 1.253151 1.252435 0.019377 725.000000 192.000000
11 325 6 25 0.650000 0.298653 0.253266 1.002696 1.001948 0.253266 786.000000 195.000000
11 326 6 26 0.500000 -0.071161 0.018098 1.202989 1.202341 0.018098 724.000000 229.000000
11 327 6 27 0.950000 0.244793 0.224298 1.052771 1.052047 0.224298 780.000000 187.000000
11 328 6 28 1.350000 -0.430844 -0.270478 1.136300 1.135540 6.012707 659.000000 230.000000
11 329 6 29 0.600000 -0.507802 -0.370171 0.919132 0.918450 5.913014 642.000000 249.000000
11 330 6 30 0.950000 -0.025981 0.008264 1.119558 1.118842 0.008264 722.000000 208.000000
11 331 6 31 0.200000 -0.151581 0.013100 1.236439 1.235737 0.013100 723.000000 221.000000
11 332 6 32 1.300000 -0.722293 -0.529093 1.119527 1.118842 5.754092 613.000000 267.000000
11 333 6 33 1.450000 -0.045614 -0.031664 1.069443 1.068742 6.251522 713.000000 229.000000
11 334 6 34 0.950000 -0.297215 -0.243831 1.102866 1.102147 6.039355 669.000000 245.000000
11 335 6 35 0.150000 0.231959 0.000000 1.737360 1.736708 0.000000 720.000000 175.000000
11 336 6 36 0.050000 -0.266255 0.238371 1.136287 1.135542 0.238371 772.000000 236.000000
11 337 6 37 0.450000 0.517272 0.141255 1.236435 1.235741 0.141255 751.000000 232.000000
11 338 6 38 1.050000 0.450613 0.302885 1.503660 1.502921 0.302885 790.000000 226.000000
11 339 6 39 0.100000 -0.409757 0.073263 1.102785 1.102144 0.073263 736.000000 232.000000
11 340 6 40 0.150000 0.151855 -0.018180 1.186356 1.185639 6.265005 716.000000 230.000000
11 341 6 41 0.050000 -0.496639 -0.016527 1.319925 1.319231 6.266658 714.000000 87.000000
11 342 6 42 1.650000 0.047972 0.010309 0.919171 0.918454 0.010309 723.000000 159.000000
11 343 6 43 0.300000 0.438204 0.088834 1.587098 1.586417 0.088834 742.000000 203.000000
11 344 6 44 1.350000 -0.126189 -0.104877 1.570476 1.569719 6.178308 686.000000 127.000000
11 345 6 45 1.350000 0.545914 0.485347 1.069448 1.068745 0.485347 845.000000 213.000000
11 346 6 46 0.000000 0.335421 0.000000 1.436835 1.436124 0.000000 720.000000 232.000000
11 347 6 47 1.650000 0.083162 0.061698 0.969269 0.968549 0.061698 736.000000 191.000000
11 348 6 48 0.850000 0.035531 0.045423 1.086172 1.085441 0.045423 731.000000 208.000000
11 349 6 49 0.550000 0.242441 0.034175 1.152872 1.152246 0.034175 728.000000 216.000000
11 350 6 50 0.200000 0.323096 0.039110 1.236470 1.235736 0.039110 729.000000 220.000000
11 351 6 51 1.150000 -0.015535 0.004115 1.470191 1.469525 0.004115 721.000000 207.000000
11 352 6 52 0.400000 0.465683 0.244979 1.203011 1.202337 0.244979 778.000000 218.000000
11 353 6 53 1.350000 0.262463 0.248006 1.119513 1.118842 0.248006 779.000000 217.000000
11 354 6 54 1.300000 -0.447557 -0.380506 1.102866 1.102144 5.902679 632.000000 230.000000
11 355 6 55 1.300000 0.674802 0.602744 1.169616 1.168942 0.602744 848.000000 264.000000
11 356 6 56 0.150000 -0.242995 -0.535557 1.019374 1.018647 5.747628 612.000000 268.000000
11 357 6 57 1.600000 0.184221 0.160512 1.520327 1.519621 0.160512 754.000000 240.000000
11 358 6 58 1.700000 0.106090 0.086365 0.935885 0.935151 0.086365 740.000000 219.000000
11 359 6 59 1.550000 -0.749723 -0.629127 1.236484 1.235736 5.654059 589.000000 270.000000
11 360 6 60 0.550000 0.053330 0.084307 1.203006 1.202339 0.084307 738.000000 237.000000
