15 000 0 01 1.153793 0.472366 0.312346 2.991603 2.989146 0.312346 813.000000 162.000000
15 000 0 02 1.321611 0.561682 0.566993 1.620456 1.619822 0.566993 876.000000 205.000000
15 000 0 03 1.189507 -0.397445 -0.423020 2.171658 2.170886 5.860166 607.000000 199.000000
15 000 0 04 1.054092 0.171278 0.146209 1.754121 1.753416 0.146209 763.000000 158.000000
15 000 0 05 1.441618 0.359429 0.353855 2.839554 2.838853 0.353855 819.000000 182.000000
15 000 0 06 1.039146 -0.182246 -0.197396 1.887673 1.887002 6.085790 671.000000 205.000000
15 000 0 07 1.362526 0.016101 0.004762 2.088136 2.087393 0.004762 721.000000 240.000000
15 000 0 08 1.132354 -0.620184 -0.561663 1.570389 1.569719 5.721523 591.000000 245.000000
15 000 0 09 1.262875 0.625056 0.540420 2.204961 2.204290 0.540420 834.000000 260.000000
15 000 0 10 1.190594 -0.192182 -0.195701 2.438821 2.438072 6.087485 675.000000 223.000000
15 001 1 01 0.500000 -0.146350 0.004504 1.737417 1.736705 0.004504 721.000000 228.000000
15 002 1 02 0.400000 -0.815412 -0.696945 1.486943 1.486222 5.586241 571.000000 272.000000
15 003 1 03 0.850000 0.313497 0.285814 1.603814 1.603117 0.285814 787.000000 222.000000
15 004 1 04 1.250000 -0.038146 -0.075748 1.904437 1.903702 6.207438 703.000000 226.000000
15 005 1 05 0.150000 -0.288002 0.004425 2.121537 2.120791 0.004425 721.000000 224.000000
15 006 1 06 0.350000 -0.211718 -0.477760 1.637210 1.636516 5.805426 618.000000 253.000000
15 007 1 07 1.600000 -0.733195 -0.652847 1.937855 1.937097 5.630339 590.000000 280.000000
15 008 1 08 1.550000 0.522405 0.504166 1.837588 1.836905 0.504166 832.000000 247.000000
15 009 1 09 0.800000 -0.560637 -0.615456 1.820933 1.820205 5.667730 580.000000 252.000000
15 010 1 10 0.250000 -0.110580 0.004329 2.205028 2.204286 0.004329 721.000000 219.000000
15 011 1 11 1.300000 -0.009367 -0.056956 2.188324 2.187586 6.226229 707.000000 222.000000
15 012 1 12 1.700000 0.237833 0.252554 1.587161 1.586416 0.252554 776.000000 233.000000
15 013 1 13 0.150000 -0.236869 -0.004255 3.089916 3.089340 6.278930 719.000000 215.000000
15 014 1 14 1.200000 0.492434 0.467721 1.503665 1.502922 0.467721 819.000000 254.000000
15 015 1 15 1.000000 0.210164 0.184164 1.770649 1.770110 0.184164 758.000000 246.000000
15 016 1 16 1.000000 0.362362 0.295622 1.370029 1.369333 0.295622 787.000000 230.000000
15 017 1 17 0.350000 -0.349322 -0.563706 1.720715 1.720008 5.719479 598.000000 257.000000
15 018 1 18 1.300000 -0.096087 -0.128475 2.104834 2.104090 6.154710 693.000000 241.000000
15 019 1 19 0.300000 0.190514 -0.212432 1.954463 1.953794 6.070753 676.000000 246.000000
15 020 1 20 0.650000 0.143289 0.122032 1.653906 1.653209 0.122032 746.000000 238.000000
15 021 1 21 1.650000 0.456932 0.450374 2.388715 2.387976 0.450374 808.000000 268.000000
15 022 1 22 1.000000 0.302058 0.310055 2.355319 2.354576 0.310055 786.000000 244.000000
15 023 1 23 1.650000 0.201811 0.203859 2.271617 2.271086 0.203859 763.000000 242.000000
15 024 1 24 0.450000 0.241091 -0.428264 2.338642 2.337877 5.854921 615.000000 220.000000
15 025 1 25 1.050000 -0.015256 -0.061826 1.820911 1.820204 6.221359 707.000000 240.000000
15 026 1 26 1.200000 0.205328 0.213510 2.321936 2.321181 0.213510 769.000000 224.000000
15 027 1 27 0.400000 0.313330 -0.043139 2.255105 2.254383 6.240047 708.000000 172.000000
15 028 1 28 0.600000 0.036621 0.036718 1.787493 1.786807 0.036718 729.000000 205.000000
15 029 1 29 0.700000 0.134089 0.141255 1.937816 1.937102 0.141255 751.000000 232.000000
15 030 1 30 1.450000 -0.138426 -0.214815 2.088102 2.087394 6.068370 672.000000 230.000000
15 031 1 31 0.300000 -0.227964 0.014018 1.253151 1.252435 0.014018 723.000000 236.000000
15 032 1 32 1.350000 -0.512113 -0.514624 1.386690 1.386032 5.768561 612.000000 259.000000
15 033 1 33 0.800000 0.070688 0.026660 2.889616 2.888949 0.026660 726.000000 225.000000
15 034 1 34 1.050000 0.294747 0.295643 1.470202 1.469529 0.295643 780.000000 253.000000
15 035 1 35 1.300000 -0.551772 -0.563523 2.555733 2.554967 5.719662 605.000000 268.000000
15 036 1 36 1.150000 -0.082864 -0.165845 1.403469 1.402728 6.117341 681.000000 217.000000
15 037 1 37 0.400000 -0.104056 -0.457475 1.537002 1.536321 5.825710 592.000000 190.000000
15 038 1 38 0.300000 0.423205 0.003846 1.653972 1.653214 0.003846 721.000000 190.000000
15 039 1 39 1.350000 -0.354951 -0.386463 1.036103 1.035348 5.896722 626.000000 219.000000
15 040 1 40 0.300000 -0.304710 0.018431 1.203041 1.202339 0.018431 724.000000 233.000000
15 041 1 41 0.050000 -0.033017 0.017092 2.355294 2.354578 0.017092 724.000000 216.000000
15 042 1 42 1.150000 -0.276265 -0.296792 1.269796 1.269139 5.986393 657.000000 244.000000
15 043 1 43 0.700000 0.113841 -0.004310 2.004630 2.003897 6.278875 719.000000 218.000000
15 044 1 44 0.150000 0.014297 -0.009434 1.620585 1.619818 6.273752 718.000000 238.000000
15 045 1 45 0.500000 -0.574433 -0.531030 1.269829 1.269136 5.752155 609.000000 261.000000
15 046 1 46 0.800000 -0.178827 -0.235545 1.303294 1.302534 6.047640 666.000000 225.000000
15 047 1 47 0.250000 -0.231884 -0.291868 1.737477 1.736710 5.991317 653.000000 227.000000
15 048 1 48 1.450000 0.401582 0.384809 1.419963 1.419431 0.384809 801.000000 250.000000
15 049 1 49 0.700000 0.365847 0.410310 1.737360 1.736710 0.410310 807.000000 250.000000
15 050 1 50 0.700000 -0.205993 -0.337055 2.706005 2.705258 5.946130 638.000000 216.000000
15 051 1 51 0.350000 -0.141877 0.198274 1.169618 1.168945 0.198274 764.000000 231.000000
15 052 1 52 0.200000 -0.395200 -0.004273 1.253123 1.252438 6.278912 719.000000 216.000000
15 053 1 53 1.250000 0.032837 -0.004167 1.720561 1.720015 6.279019 719.000000 210.000000
15 054 1 54 0.900000 0.192109 0.193695 3.357263 3.356526 0.193695 771.000000 190.000000
15 055 1 55 0.600000 0.418887 0.000000 3.256987 3.256331 0.000000 720.000000 201.000000
15 056 1 56 0.200000 -0.220038 -0.004717 1.453570 1.452825 6.278468 719.000000 238.000000
15 057 1 57 1.050000 -0.080449 0.003344 1.236389 1.235730 0.003344 721.000000 151.000000
15 058 1 58 0.300000 0.043334 0.019760 1.603872 1.603118 0.019760 725.000000 197.000000
15 059 1 59 0.750000 0.008053 0.031240 2.121324 2.120788 0.031240 727.000000 226.000000
15 060 1 60 1.650000 0.128299 0.122461 2.154902 2.154188 0.122461 752.000000 190.000000
15 061 2 01 1.400000 0.021909 0.023252 1.871035 1.870306 0.023252 725.000000 235.000000
15 062 2 02 0.750000 0.033468 -0.004292 1.303209 1.302532 6.278893 719.000000 217.000000
15 063 2 03 0.000000 -0.194894 0.009091 1.370013 1.369329 0.009091 722.000000 230.000000
15 064 2 04 0.100000 -0.319358 -0.004739 1.119557 1.118841 6.278446 719.000000 239.000000
15 065 2 05 0.500000 -0.217045 -0.585530 1.503671 1.502923 5.697655 596.000000 263.000000
15 066 2 06 0.050000 0.424513 0.436343 2.422041 2.421374 0.436343 810.000000 257.000000
15 067 2 07 0.700000 -0.042378 -0.191325 1.136290 1.135542 6.091861 677.000000 228.000000
15 068 2 08 1.100000 0.179074 0.185072 1.653928 1.653205 0.185072 761.000000 231.000000
15 069 2 09 0.400000 0.399683 0.444212 1.319766 1.319236 0.444212 809.000000 263.000000
15 070 2 10 1.550000 0.363615 0.313938 2.121516 2.120791 0.313938 795.000000 219.000000
15 071 2 11 0.150000 0.060923 0.456921 1.336635 1.335931 0.456921 808.000000 271.000000
15 072 2 12 0.950000 0.103157 0.082738 1.486965 1.486222 0.082738 737.000000 245.000000
15 073 2 13 0.300000 0.273332 -0.019898 1.553751 1.553020 6.263287 716.000000 249.000000
15 074 2 14 0.050000 -0.769360 0.379075 1.720706 1.720012 0.379075 816.000000 209.000000
15 075 2 15 0.850000 -0.570369 -0.520066 1.286607 1.285833 5.763119 586.000000 216.000000
15 076 2 16 0.250000 -0.443632 0.000000 1.620542 1.619818 0.000000 720.000000 208.000000
15 077 2 17 0.400000 0.185067 0.298499 0.919134 0.918454 0.298499 784.000000 242.000000
15 078 2 18 0.350000 0.518842 0.414331 1.136083 1.135545 0.414331 804.000000 259.000000
15 079 2 19 0.700000 -0.251880 -0.288055 1.303090 1.302538 5.995130 656.000000 234.000000
15 080 2 20 1.250000 -0.118443 -0.162199 2.138208 2.137488 6.120986 684.000000 230.000000
15 081 2 21 1.300000 -0.634229 -0.549305 1.570417 1.569719 5.733880 589.000000 236.000000
15 082 2 22 1.100000 0.090511 0.086323 1.737489 1.736711 0.086323 738.000000 242.000000
15 083 2 23 0.350000 0.013687 0.016665 0.969096 0.968552 0.016665 724.000000 210.000000
15 084 2 24 0.450000 0.096091 0.226113 1.219703 1.219037 0.226113 769.000000 237.000000
15 085 2 25 1.600000 0.116673 0.124741 1.420121 1.419429 0.124741 760.000000 131.000000
15 086 2 26 1.350000 -0.148112 -0.158328 1.203091 1.202339 6.124858 682.000000 212.000000
15 087 2 27 1.500000 -0.031817 -0.047810 1.854157 1.853609 6.235375 710.000000 241.000000
15 088 2 28 0.200000 -0.042029 0.012711 0.902440 0.901753 0.012711 723.000000 214.000000
15 089 2 29 0.800000 0.016520 0.000000 1.620517 1.619817 0.000000 720.000000 218.000000
15 090 2 30 0.200000 -0.481502 -0.004405 0.869037 0.868353 6.278780 719.000000 223.000000
15 091 2 31 1.650000 -0.363253 -0.400241 1.303280 1.302534 5.882945 621.000000 216.000000
15 092 2 32 1.550000 -0.264198 -0.253805 1.720714 1.720014 6.029381 651.000000 184.000000
15 093 2 33 1.050000 0.434927 0.384093 1.286525 1.285833 0.384093 817.000000 210.000000
15 094 2 34 1.300000 -0.435339 -0.452043 1.102856 1.102144 5.831143 619.000000 242.000000
15 095 2 35 0.500000 0.049103 0.409194 0.969260 0.968551 0.409194 805.000000 254.000000
15 096 2 36 1.650000 -0.134258 -0.130954 1.670620 1.669918 6.152232 693.000000 245.000000
15 097 2 37 1.300000 -0.225348 -0.233906 1.537014 1.536321 6.049279 654.000000 173.000000
15 098 2 38 0.850000 -0.109139 -0.126440 1.136270 1.135543 6.156745 690.000000 214.000000
15 099 2 39 1.250000 0.104382 0.148890 1.653749 1.653220 0.148890 759.000000 190.000000
15 100 2 40 0.600000 -0.021178 -0.077040 1.453502 1.452831 6.206145 698.000000 165.000000
15 101 2 41 1.500000 0.075242 0.068562 0.969224 0.968549 0.068562 736.000000 217.000000
15 102 2 42 0.550000 0.022730 -0.016128 0.852383 0.851657 6.267058 716.000000 202.000000
15 103 2 43 0.650000 0.503647 0.331676 1.203054 1.202339 0.331676 803.000000 209.000000
15 104 2 44 1.250000 0.014050 0.015935 1.386735 1.386028 0.015935 724.000000 199.000000
15 105 2 45 0.150000 0.715696 -0.014651 1.202905 1.202337 6.268534 716.000000 177.000000
15 106 2 46 0.550000 0.110704 0.081784 1.219745 1.219039 0.081784 740.000000 206.000000
15 107 2 47 0.650000 0.353221 0.330511 1.503616 1.502922 0.330511 802.000000 211.000000
15 108 2 48 1.450000 -0.131785 -0.150122 1.537024 1.536318 6.133063 684.000000 212.000000
15 109 2 49 0.150000 -0.190398 -0.012711 1.353310 1.352631 6.270474 717.000000 214.000000
15 110 2 50 0.250000 0.159944 0.025205 1.069440 1.068744 0.025205 726.000000 212.000000
15 111 2 51 1.100000 -0.316969 -0.329158 1.286570 1.285835 5.954027 651.000000 248.000000
15 112 2 52 1.400000 0.166161 0.177026 1.369984 1.369329 0.177026 759.000000 232.000000
15 113 2 53 1.750000 0.402908 0.391787 1.937781 1.937099 0.391787 808.000000 237.000000
15 114 2 54 0.250000 -0.169915 -0.030425 0.952551 0.951852 6.252760 713.000000 220.000000
15 115 2 55 1.350000 -0.127249 -0.203293 1.837448 1.836908 6.079893 673.000000 222.000000
15 116 2 56 1.650000 -0.058299 -0.069655 1.537086 1.536322 6.213531 705.000000 235.000000
15 117 2 57 1.500000 -0.557854 -0.519631 1.219801 1.219039 5.763554 593.000000 228.000000
15 118 2 58 0.550000 0.073364 0.279903 1.370043 1.369329 0.279903 791.000000 203.000000
15 119 2 59 0.150000 -0.350042 -0.018689 0.885703 0.885054 6.264496 716.000000 236.000000
15 120 2 60 0.400000 0.092451 -0.100501 1.186360 1.185638 6.182685 696.000000 212.000000
15 121 3 01 1.150000 0.309143 0.284518 1.303269 1.302532 0.284518 782.000000 238.000000
15 122 3 02 1.750000 -0.888830 -0.755821 1.620550 1.619815 5.527364 556.000000 276.000000
15 123 3 03 0.000000 -0.194778 0.108444 1.386773 1.386030 0.108444 747.000000 202.000000
15 124 3 04 0.650000 -0.371665 -0.509911 1.336665 1.335936 5.773274 602.000000 239.000000
15 125 3 05 1.150000 -0.188283 -0.211093 1.954483 1.953799 6.072092 675.000000 240.000000
15 126 3 06 0.050000 0.225955 -0.272340 2.305231 2.304480 6.010845 658.000000 228.000000
15 127 3 07 1.650000 -0.559772 -0.488452 1.470269 1.469523 5.794734 610.000000 243.000000
15 128 3 08 0.100000 0.249597 0.410291 1.269827 1.269134 0.410291 817.000000 227.000000
15 129 3 09 0.900000 0.061056 0.047758 1.921142 1.920399 0.047758 733.000000 178.000000
15 130 3 10 1.750000 0.295260 0.254840 2.121453 2.120791 0.254840 782.000000 212.000000
15 131 3 11 1.450000 -0.409431 -0.377593 1.704075 1.703311 5.905592 626.000000 213.000000
15 132 3 12 0.700000 0.098656 0.166511 1.319886 1.319233 0.166511 760.000000 212.000000
15 133 3 13 0.650000 0.710426 0.496852 1.269784 1.269137 0.496852 842.000000 225.000000
15 134 3 14 1.600000 -0.054268 -0.041451 1.286572 1.285834 6.241734 711.000000 233.000000
15 135 3 15 0.050000 0.439951 0.019898 1.136300 1.135541 0.019898 724.000000 249.000000
15 136 3 16 0.650000 -0.260656 -0.289103 1.453520 1.452825 5.994083 662.000000 255.000000
15 137 3 17 1.500000 0.219468 0.174004 2.205007 2.204286 0.174004 765.000000 194.000000
15 138 3 18 0.250000 0.461948 -0.023144 1.470245 1.469526 6.260041 715.000000 234.000000
15 139 3 19 1.100000 0.132012 -0.008333 1.837684 1.836905 6.274852 718.000000 210.000000
15 140 3 20 1.250000 -0.494040 0.004566 2.238394 2.237683 0.004566 721.000000 231.000000
15 141 3 21 1.450000 0.165173 0.224316 1.052757 1.052036 0.224316 767.000000 244.000000
15 142 3 22 0.800000 -0.320463 -0.363788 1.854377 1.853603 5.919397 637.000000 232.000000
15 143 3 23 0.950000 0.053384 -0.096743 2.021285 2.020595 6.186442 697.000000 213.000000
15 144 3 24 1.600000 -0.018435 -0.070255 3.607752 3.607012 6.212931 701.000000 180.000000
15 145 3 25 0.950000 -0.005840 -0.005000 28.890264 28.889493 6.278185 719.000000 250.000000
15 146 3 26 1.750000 -0.516781 -0.489066 1.203100 1.202338 5.794119 596.000000 217.000000
15 147 3 27 0.250000 -0.074638 0.309199 1.086150 1.085445 0.309199 789.000000 234.000000
15 148 3 28 1.450000 -0.305598 -0.254368 1.470238 1.469526 6.028817 668.000000 250.000000
15 149 3 29 0.900000 -0.191232 -0.188603 1.353348 1.352631 6.094582 674.000000 209.000000
15 150 3 30 1.100000 -0.123687 -0.115067 1.637189 1.636515 6.168118 697.000000 251.000000
15 151 3 31 0.000000 0.340579 0.131158 1.002669 1.001948 0.131158 751.000000 215.000000
15 152 3 32 1.200000 -0.512713 -0.500382 1.152992 1.152242 5.782804 609.000000 247.000000
15 153 3 33 1.200000 0.186111 0.209741 1.169667 1.168940 0.209741 763.000000 248.000000
15 154 3 34 0.550000 0.149067 -0.129539 1.019365 1.018648 6.153647 686.000000 189.000000
15 155 3 35 0.450000 -0.177658 -0.556506 1.420141 1.419428 5.726679 613.000000 278.000000
15 156 3 36 0.800000 -0.199626 -0.194106 1.219723 1.219037 6.089079 674.000000 216.000000
15 157 3 37 0.900000 0.246190 0.225190 1.553685 1.553020 0.225190 772.000000 223.000000
15 158 3 38 0.500000 -0.369988 -0.563316 1.737405 1.736710 5.719869 576.000000 222.000000
15 159 3 39 0.300000 0.646887 0.220681 1.086138 1.085445 0.220681 779.000000 187.000000
15 160 3 40 1.550000 -0.650513 -0.682125 0.919201 0.918453 5.601060 560.000000 253.000000
15 161 3 41 0.900000 0.058529 0.151301 1.303209 1.302526 0.151301 754.000000 227.000000
15 162 3 42 1.600000 0.108804 0.061868 1.486883 1.486227 0.061868 734.000000 224.000000
15 163 3 43 0.200000 0.462219 0.011070 1.319916 1.319233 0.011070 723.000000 179.000000
15 164 3 44 0.000000 -0.220565 0.334927 1.286591 1.285834 0.334927 791.000000 246.000000
15 165 3 45 1.750000 0.248113 0.214395 1.570461 1.569719 0.214395 774.000000 202.000000
15 166 3 46 0.700000 -0.122882 -0.431139 1.503694 1.502925 5.852047 628.000000 250.000000
15 167 3 47 1.550000 0.201890 0.178093 0.935810 0.935152 0.178093 756.000000 250.000000
15 168 3 48 1.350000 -0.091710 -0.191788 1.854321 1.853604 6.091397 680.000000 244.000000
15 169 3 49 0.950000 -0.294477 -0.327830 0.952555 0.951852 5.955356 653.000000 253.000000
15 170 3 50 0.650000 0.325268 0.200653 1.319948 1.319227 0.200653 768.000000 214.000000
15 171 3 51 1.200000 0.507933 0.516528 1.937816 1.937105 0.516528 837.000000 244.000000
15 172 3 52 0.450000 0.065730 0.294730 1.152921 1.152240 0.294730 788.000000 226.000000
15 173 3 53 0.750000 -0.053112 0.004405 1.553715 1.553019 0.004405 721.000000 223.000000
15 174 3 54 1.050000 -0.541286 -0.549853 1.804266 1.803507 5.733332 587.000000 233.000000
15 175 3 55 0.950000 -0.022740 -0.029296 1.654016 1.653214 6.253890 712.000000 177.000000
15 176 3 56 1.750000 -0.235817 -0.289504 1.403449 1.402726 5.993682 650.000000 215.000000
15 177 3 57 0.100000 0.048355 0.018937 1.436651 1.436127 0.018937 725.000000 186.000000
15 178 3 58 0.400000 0.137227 0.218669 1.453494 1.452822 0.218669 776.000000 198.000000
15 179 3 59 0.400000 -0.340585 0.007353 0.985954 0.985248 0.007353 722.000000 178.000000
15 180 3 60 0.000000 0.064074 0.105336 1.169681 1.168938 0.105336 744.000000 223.000000
15 181 4 01 0.600000 -0.193253 -0.216550 1.019347 1.018648 6.066635 665.000000 200.000000
15 182 4 02 1.150000 0.237501 0.219171 1.336658 1.335930 0.219171 767.000000 239.000000
15 183 4 03 1.300000 0.422082 0.263275 7.081141 7.080433 0.263275 789.000000 194.000000
15 184 4 04 1.050000 -0.251624 -0.291457 42.333053 42.332291 5.991729 657.000000 240.000000
15 185 4 05 0.750000 -0.142397 -0.200181 2.321938 2.321180 6.083004 678.000000 243.000000
15 186 4 06 1.600000 0.047547 0.008928 1.119525 1.118838 0.008928 722.000000 226.000000
15 187 4 07 1.200000 0.452371 0.369627 1.570411 1.569719 0.369627 794.000000 259.000000
15 188 4 08 0.600000 0.310627 0.161375 1.052783 1.052044 0.161375 755.000000 235.000000
15 189 4 09 1.450000 -0.077985 -0.126156 1.553787 1.553019 6.157030 694.000000 245.000000
15 190 4 10 0.750000 0.650123 0.381404 1.720686 1.720012 0.381404 797.000000 258.000000
15 191 4 11 0.500000 0.297346 0.369736 1.871036 1.870303 0.369736 801.000000 241.000000
15 192 4 12 0.550000 -0.383523 -0.553178 1.153001 1.152240 5.730007 607.000000 267.000000
15 193 4 13 0.100000 0.233980 0.106434 1.069437 1.068744 0.106434 745.000000 216.000000
15 194 4 14 0.850000 0.471455 0.421567 1.119570 1.118842 0.421567 807.000000 256.000000
15 195 4 15 1.250000 0.382905 0.321751 1.186312 1.185639 0.321751 793.000000 231.000000
15 196 4 16 0.400000 0.098959 -0.102444 1.420175 1.419429 6.180741 698.000000 236.000000
15 197 4 17 1.250000 0.012722 0.009050 1.319931 1.319232 0.009050 722.000000 229.000000
15 198 4 18 1.000000 0.415385 0.394043 1.036020 1.035343 0.394043 799.000000 260.000000
15 199 4 19 0.950000 0.176026 0.161375 1.219690 1.219037 0.161375 755.000000 235.000000
15 200 4 20 0.500000 0.350653 0.147849 1.086143 1.085445 0.147849 755.000000 215.000000
15 201 4 21 1.550000 0.575412 0.448440 1.236458 1.235737 0.448440 822.000000 238.000000
15 202 4 22 1.400000 -0.070260 -0.054245 1.169650 1.168942 6.228940 708.000000 229.000000
15 203 4 23 1.550000 0.153122 0.150122 1.252982 1.252435 0.150122 756.000000 212.000000
15 204 4 24 0.950000 0.101634 0.065633 1.570382 1.569715 0.065633 734.000000 237.000000
15 205 4 25 1.300000 0.226799 0.194480 1.119567 1.118842 0.194480 759.000000 252.000000
15 206 4 26 0.600000 0.410258 0.389020 1.353306 1.352628 0.389020 811.000000 228.000000
15 207 4 27 0.600000 -0.181560 -0.490461 1.119521 1.118843 5.792724 610.000000 244.000000
15 208 4 28 0.450000 0.535722 0.422251 1.336664 1.335927 0.422251 813.000000 243.000000
15 209 4 29 1.300000 -0.354551 -0.333702 1.587183 1.586419 5.949483 642.000000 225.000000
15 210 4 30 1.550000 0.463043 0.359204 1.503464 1.502926 0.359204 815.000000 197.000000
15 211 4 31 1.000000 0.276342 0.256368 1.019287 1.018646 0.256368 774.000000 244.000000
15 212 4 32 0.300000 -0.116808 0.003817 0.752143 0.751462 0.003817 721.000000 188.000000
15 213 4 33 1.600000 0.110472 0.112427 0.902467 0.901757 0.112427 748.000000 202.000000
15 214 4 34 1.200000 -0.319741 -0.366844 22.561257 22.560526 5.916342 642.000000 247.000000
15 215 4 35 1.550000 -0.111215 -0.098337 1.503655 1.502921 6.184849 698.000000 227.000000
15 216 4 36 0.050000 0.478190 -0.017240 1.286536 1.285838 6.265946 716.000000 218.000000
15 217 4 37 0.900000 -0.586909 -0.403175 1.169667 1.168940 5.880011 630.000000 239.000000
15 218 4 38 0.750000 -0.155729 0.004202 0.885709 0.885054 0.004202 721.000000 212.000000
15 219 4 39 1.400000 0.375123 0.263844 193.894308 193.893581 0.263844 777.000000 239.000000
15 220 4 40 0.950000 0.262542 0.283601 1.152952 1.152240 0.283601 778.000000 251.000000
15 221 4 41 0.000000 0.385741 -0.545936 1.119619 1.118845 5.737250 607.000000 264.000000
15 222 4 42 0.450000 0.078827 -0.184481 1.169659 1.168942 6.098704 681.000000 241.000000
15 223 4 43 0.450000 0.090780 0.023073 1.203026 1.202338 0.023073 726.000000 190.000000
15 224 4 44 0.450000 -0.363490 0.152010 2.004617 2.003897 0.152010 756.000000 215.000000
15 225 4 45 0.400000 -0.139060 0.010489 1.703861 1.703315 0.010489 723.000000 164.000000
15 226 4 46 1.400000 0.067002 0.032910 1.470239 1.469523 0.032910 728.000000 207.000000
15 227 4 47 1.600000 -0.603180 -0.508016 43.251407 43.250754 5.775169 617.000000 265.000000
15 228 4 48 1.100000 0.716751 0.584081 1.136244 1.135540 0.584081 837.000000 273.000000
15 229 4 49 0.850000 0.120542 0.223905 1.203062 1.202340 0.223905 766.000000 248.000000
15 230 4 50 0.100000 0.363582 0.701182 1.770797 1.770105 0.701182 861.000000 283.000000
15 231 4 51 1.100000 -0.179602 -0.184164 1.069456 1.068745 6.099021 682.000000 246.000000
15 232 4 52 1.500000 0.218609 0.217437 0.885807 0.885053 0.217437 777.000000 192.000000
15 233 4 53 0.650000 -0.034425 -0.217887 1.537019 1.536321 6.065298 660.000000 179.000000
15 234 4 54 1.050000 0.436021 0.400862 1.036005 1.035346 0.400862 809.000000 240.000000
15 235 4 55 0.650000 0.045155 -0.170735 0.952544 0.951851 6.112450 680.000000 218.000000
15 236 4 56 0.700000 0.099464 0.121352 1.286559 1.285833 0.121352 745.000000 245.000000
15 237 4 57 0.850000 0.068189 0.103525 1.119565 1.118842 0.103525 744.000000 219.000000
15 238 4 58 1.250000 0.012529 0.000000 1.019336 1.018643 0.000000 720.000000 233.000000
15 239 4 59 0.000000 0.385062 -0.526336 1.603805 1.603118 5.756849 616.000000 271.000000
15 240 4 60 0.850000 -0.202612 -0.216642 1.219787 1.219038 6.066544 674.000000 241.000000
15 241 5 01 1.000000 0.128272 0.111603 1.269769 1.269140 0.111603 746.000000 218.000000
15 242 5 02 0.350000 -0.397587 -0.200954 1.203077 1.202339 6.082231 676.000000 234.000000
15 243 5 03 1.700000 0.370356 0.332620 1.019305 1.018649 0.332620 796.000000 230.000000
15 244 5 04 0.750000 -0.500502 -0.551655 1.303225 1.302530 5.731530 608.000000 268.000000
15 245 5 05 1.500000 0.245656 0.219578 1.353338 1.352629 0.219578 772.000000 217.000000
15 246 5 06 1.300000 -0.186500 -0.220009 181.870951 181.870205 6.063176 667.000000 213.000000
15 247 5 07 1.700000 -0.014587 -0.039802 1.203115 1.202339 6.243383 711.000000 224.000000
15 248 5 08 1.050000 -0.338050 -0.373335 1.186385 1.185639 5.909850 635.000000 233.000000
15 249 5 09 1.450000 0.008784 -0.019415 3.357198 3.356527 6.263770 716.000000 244.000000
15 250 5 10 0.750000 0.154237 0.212144 1.086119 1.085444 0.212144 762.000000 255.000000
15 251 5 11 1.700000 -0.072534 -0.088874 25.333287 25.332579 6.194311 702.000000 248.000000
15 252 5 12 0.250000 -0.668840 0.004854 1.319953 1.319232 0.004854 721.000000 244.000000
15 253 5 13 1.650000 0.306815 0.239342 1.303272 1.302533 0.239342 771.000000 241.000000
15 254 5 14 0.100000 -0.031194 0.009174 1.303219 1.302535 0.009174 722.000000 232.000000
15 255 5 15 0.250000 -0.098468 0.010050 1.587110 1.586418 0.010050 722.000000 251.000000
15 256 5 16 0.850000 -0.511072 -0.411294 48.478277 48.477569 5.871892 638.000000 262.000000
15 257 5 17 0.050000 0.320238 0.404330 0.768902 0.768159 0.404330 812.000000 235.000000
15 258 5 18 1.150000 0.098908 0.076464 1.253141 1.252444 0.076464 739.000000 202.000000
15 259 5 19 1.350000 -0.147437 -0.171040 1.119526 1.118843 6.112146 682.000000 230.000000
15 260 5 20 0.200000 0.651597 0.257543 0.985911 0.985249 0.257543 779.000000 226.000000
15 261 5 21 1.400000 -0.091202 -0.094545 0.935918 0.935145 6.188640 698.000000 218.000000
15 262 5 22 0.800000 0.186704 0.217393 1.403387 1.402726 0.217393 775.000000 201.000000
15 263 5 23 1.500000 0.345325 0.292234 1.319939 1.319233 0.292234 791.000000 214.000000
15 264 5 24 0.050000 0.683104 -0.042528 1.403436 1.402728 6.240658 710.000000 215.000000
15 265 5 25 0.500000 -0.250598 0.032509 1.119569 1.118845 0.032509 728.000000 204.000000
15 266 5 26 0.350000 -0.477200 -0.012986 0.885786 0.885050 6.270199 717.000000 219.000000
15 267 5 27 0.500000 -0.013598 -0.147078 0.818974 0.818257 6.136107 688.000000 234.000000
15 268 5 28 0.950000 0.595788 0.481397 1.152909 1.152241 0.481397 825.000000 249.000000
15 269 5 29 0.100000 0.185735 -0.014850 1.169596 1.168943 6.268335 717.000000 248.000000
15 270 5 30 0.100000 0.075819 -0.027020 1.052769 1.052046 6.256165 714.000000 228.000000
15 271 5 31 1.700000 -0.226300 -0.208542 2.321847 2.321173 6.074644 669.000000 209.000000
15 272 5 32 0.800000 -0.891624 -0.739975 1.704024 1.703312 5.543210 573.000000 289.000000
15 273 5 33 0.700000 0.011596 0.009756 1.386755 1.386029 0.009756 722.000000 245.000000
15 274 5 34 1.150000 -0.659057 -0.584271 1.503695 1.502922 5.698914 597.000000 264.000000
15 275 5 35 0.100000 0.000721 0.323296 1.186338 1.185639 0.323296 785.000000 256.000000
15 276 5 36 0.500000 0.690435 0.316210 1.603768 1.603120 0.316210 791.000000 233.000000
15 277 5 37 0.150000 0.487899 -0.007547 1.136270 1.135540 6.275638 718.000000 185.000000
15 278 5 38 0.000000 -0.156500 -0.015208 1.269847 1.269132 6.267977 716.000000 187.000000
15 279 5 39 0.800000 0.177908 0.176288 0.985957 0.985245 0.176288 764.000000 203.000000
15 280 5 40 1.400000 -0.329978 -0.277088 1.152949 1.152240 6.006098 658.000000 232.000000
15 281 5 41 0.600000 -0.282916 -0.262995 1.035904 1.035350 6.020191 657.000000 216.000000
15 282 5 42 1.500000 -0.139543 -0.145628 1.820936 1.820202 6.137557 687.000000 225.000000
15 283 5 43 1.650000 0.068973 0.066568 1.119544 1.118842 0.066568 734.000000 240.000000
15 284 5 44 0.900000 0.143513 0.153000 1.052696 1.052047 0.153000 753.000000 236.000000
15 285 5 45 0.550000 0.026613 -0.067980 1.670660 1.669915 6.215205 704.000000 215.000000
15 286 5 46 0.200000 0.622118 -0.029548 1.403426 1.402728 6.253637 714.000000 247.000000
15 287 5 47 0.050000 0.470211 -0.012096 0.835695 0.834961 6.271089 717.000000 202.000000
15 288 5 48 1.150000 0.037939 -0.024686 68.483803 68.483123 6.258499 714.000000 207.000000
15 289 5 49 1.650000 0.509992 0.465656 1.219795 1.219038 0.465656 820.000000 251.000000
15 290 5 50 0.100000 0.358571 0.009756 0.852396 0.851653 0.009756 722.000000 245.000000
15 291 5 51 1.000000 0.156696 0.217605 2.589037 2.588369 0.217605 764.000000 251.000000
15 292 5 52 1.150000 -0.410083 -0.372269 0.902471 0.901755 5.910916 638.000000 240.000000
15 293 5 53 0.750000 0.047298 0.152649 1.002626 1.001947 0.152649 752.000000 242.000000
15 294 5 54 1.400000 -0.307548 -0.271335 1.002702 1.001948 6.011851 646.000000 184.000000
15 295 5 55 0.550000 0.165795 0.318863 1.219741 1.219038 0.318863 823.000000 138.000000
15 296 5 56 1.350000 0.176494 0.191855 1.370055 1.369329 0.191855 774.000000 172.000000
15 297 5 57 0.450000 0.525513 0.291167 1.036088 1.035348 0.291167 815.000000 133.000000
15 298 5 58 0.750000 0.287127 0.292758 1.253136 1.252433 0.292758 805.000000 168.000000
15 299 5 59 1.000000 0.193668 0.282809 1.152972 1.152239 0.282809 788.000000 216.000000
15 300 5 60 1.600000 0.151518 0.171379 1.503644 1.502921 0.171379 765.000000 190.000000
15 301 6 01 0.900000 0.190878 0.176235 1.169647 1.168941 0.176235 759.000000 231.000000
15 302 6 02 0.350000 -0.142357 0.029778 1.119545 1.118845 0.029778 727.000000 215.000000
15 303 6 03 0.200000 -0.115142 0.021005 1.203025 1.202341 0.021005 725.000000 212.000000
15 304 6 04 0.950000 -0.069598 0.004367 1.119544 1.118841 0.004367 721.000000 221.000000
15 305 6 05 1.550000 0.764155 0.585530 47.659993 47.659312 0.585530 844.000000 263.000000
15 306 6 06 1.500000 -0.399229 -0.371355 1.102679 1.102143 5.911830 639.000000 242.000000
15 307 6 07 0.300000 0.508325 0.018955 1.236450 1.235737 0.018955 724.000000 239.000000
15 308 6 08 0.850000 -0.050809 -0.020159 1.436861 1.436125 6.263027 715.000000 202.000000
15 309 6 09 0.450000 0.189628 0.264747 0.935824 0.935153 0.264747 781.000000 225.000000
15 310 6 10 0.000000 0.142759 0.313877 0.902293 0.901753 0.313877 782.000000 259.000000
15 311 6 11 1.250000 -0.318473 -0.323054 1.336664 1.335931 5.960131 643.000000 220.000000
15 312 6 12 1.000000 -0.369669 -0.318702 1.169700 1.168939 5.964484 655.000000 253.000000
15 313 6 13 1.100000 0.280223 0.327481 1.420167 1.419426 0.327481 791.000000 241.000000
15 314 6 14 1.750000 -0.221291 -0.163808 0.885818 0.885054 6.119377 680.000000 208.000000
15 315 6 15 0.900000 0.394793 0.389635 1.036008 1.035346 0.389635 805.000000 243.000000
15 316 6 16 1.100000 -0.070322 -0.013761 0.902434 0.901755 6.269425 717.000000 232.000000
15 317 6 17 1.350000 0.444164 0.401229 1.069453 1.068745 0.401229 804.000000 252.000000
15 318 6 18 1.400000 0.142143 0.159439 1.937826 1.937096 0.159439 752.000000 251.000000
15 319 6 19 0.050000 -0.024868 0.099669 1.269880 1.269134 0.099669 745.000000 200.000000
15 320 6 20 0.200000 -0.250253 0.062679 0.969244 0.968560 0.062679 735.000000 211.000000
15 321 6 21 1.050000 -0.020521 0.000000 0.969206 0.968549 0.000000 720.000000 221.000000
15 322 6 22 0.000000 -0.527205 0.028977 1.102802 1.102146 0.028977 726.000000 243.000000
15 323 6 23 0.350000 -0.150979 0.008368 0.969284 0.968550 0.008368 722.000000 211.000000
15 324 6 24 1.450000 -0.123462 -0.135949 0.952570 0.951853 6.147237 691.000000 238.000000
15 325 6 25 1.750000 0.581053 0.467003 1.002601 1.001948 0.467003 840.000000 212.000000
15 326 6 26 0.550000 -0.024826 0.000000 0.818964 0.818259 0.000000 720.000000 213.000000
15 327 6 27 1.200000 0.180969 0.223477 2.054669 2.053993 0.223477 765.000000 252.000000
15 328 6 28 1.500000 -0.066911 -0.082066 1.303219 1.302533 6.201119 701.000000 219.000000
15 329 6 29 1.100000 -0.748843 -0.622472 1.453555 1.452824 5.660714 598.000000 280.000000
15 330 6 30 1.750000 0.079047 0.079378 1.203014 1.202338 0.079378 741.000000 186.000000
15 331 6 31 1.750000 -0.066138 -0.109850 1.119606 1.118841 6.173335 690.000000 178.000000
15 332 6 32 1.050000 -0.090152 -0.086061 1.002633 1.001950 6.197124 698.000000 195.000000
15 333 6 33 0.850000 0.108183 0.160641 1.036013 1.035348 0.160641 755.000000 234.000000
15 334 6 34 1.700000 0.246789 0.246034 0.768809 0.768160 0.246034 776.000000 227.000000
15 335 6 35 0.550000 0.253824 0.248170 0.802268 0.801559 0.248170 776.000000 229.000000
15 336 6 36 1.700000 -0.121203 -0.134553 1.219585 1.219042 6.148632 689.000000 221.000000
15 337 6 37 1.350000 0.065421 0.059504 1.069497 1.068745 0.059504 734.000000 215.000000
15 338 6 38 0.650000 0.023348 0.014999 1.570441 1.569719 0.014999 723.000000 250.000000
15 339 6 39 1.450000 -0.277558 -0.272657 1.687290 1.686611 6.010528 661.000000 239.000000
15 340 6 40 1.700000 -0.145147 -0.139362 1.637247 1.636516 6.143823 689.000000 229.000000
15 341 6 41 1.350000 0.395297 0.398064 1.036016 1.035344 0.398064 802.000000 255.000000
15 342 6 42 0.300000 -0.178806 -0.024870 1.353359 1.352631 6.258315 715.000000 249.000000
15 343 6 43 0.250000 -0.003720 -0.009662 1.353269 1.352629 6.273524 718.000000 243.000000
15 344 6 44 0.550000 -0.145705 -0.023618 1.537057 1.536320 6.259568 714.000000 196.000000
15 345 6 45 1.000000 -0.164166 -0.133067 1.203032 1.202338 6.150118 686.000000 196.000000
15 346 6 46 1.700000 -0.037760 -0.009569 1.186351 1.185639 6.273616 718.000000 241.000000
15 347 6 47 1.700000 0.380585 0.362191 1.754115 1.753407 0.362191 817.000000 194.000000
15 348 6 48 1.150000 -0.004286 0.000000 1.336669 1.335930 0.000000 720.000000 241.000000
15 349 6 49 1.200000 -0.238095 -0.221650 1.553720 1.553021 6.061536 672.000000 237.000000
15 350 6 50 0.600000 0.126983 0.036129 1.119586 1.118845 0.036129 729.000000 201.000000
15 351 6 51 0.800000 0.318967 0.240773 1.019188 1.018647 0.240773 775.000000 226.000000
15 352 6 52 0.350000 0.099661 0.258896 1.203043 1.202333 0.258896 778.000000 231.000000
15 353 6 53 0.600000 -0.121388 -0.051840 0.969249 0.968550 6.231345 709.000000 238.000000
15 354 6 54 0.150000 -0.252576 0.000000 0.902318 0.901756 0.000000 720.000000 204.000000
15 355 6 55 0.200000 0.128514 0.032775 1.119509 1.118842 0.032775 728.000000 206.000000
15 356 6 56 1.200000 -0.188652 -0.179482 1.119494 1.118847 6.103703 677.000000 213.000000
15 357 6 57 0.150000 0.007166 -0.019605 1.837664 1.836904 6.263580 716.000000 246.000000
15 358 6 58 1.400000 0.311385 0.286304 1.019396 1.018648 0.286304 783.000000 236.000000
15 359 6 59 1.600000 -0.348291 -0.336242 0.935808 0.935157 5.946943 648.000000 244.000000
15 360 6 60 0.900000 0.306749 0.298499 1.152920 1.152240 0.298499 784.000000 242.000000
