14 000 0 01 1.218102 0.399924 0.374334 3.024960 3.022544 0.374334 797.000000 254.000000
14 000 0 02 1.304448 -0.146825 -0.130706 1.687364 1.686614 6.152479 692.000000 237.000000
14 000 0 03 1.456329 -0.178500 -0.199201 1.403393 1.402729 6.083985 677.000000 237.000000
14 000 0 04 1.425209 0.344754 0.430117 1.503633 1.502923 0.430117 809.000000 256.000000
14 000 0 05 1.283579 -0.163319 -0.122195 1.403465 1.402727 6.160990 692.000000 222.000000
14 000 0 06 1.277288 0.305696 0.340838 1.453478 1.452825 0.340838 792.000000 247.000000
14 000 0 07 1.306928 -0.038642 -0.040518 1.904448 1.903700 6.242667 711.000000 228.000000
14 000 0 08 1.317897 0.461254 0.486418 1.954513 1.953798 0.486418 821.000000 259.000000
14 000 0 09 1.154116 -0.081719 -0.083549 2.004590 2.003891 6.199636 703.000000 247.000000
14 000 0 10 1.023627 0.117534 0.181553 1.904386 1.903702 0.181553 758.000000 243.000000
14 001 1 01 1.150000 -0.352481 -0.330679 1.353324 1.352630 5.952506 651.000000 249.000000
14 002 1 02 0.300000 -0.444427 0.039110 1.253100 1.252435 0.039110 729.000000 220.000000
14 003 1 03 1.500000 -0.787537 -0.800973 2.255146 2.254384 5.482212 557.000000 292.000000
14 004 1 04 1.350000 0.006259 0.000000 1.770805 1.770110 0.000000 720.000000 227.000000
14 005 1 05 0.050000 0.219120 0.525666 1.269851 1.269137 0.525666 825.000000 269.000000
14 006 1 06 0.700000 0.268791 0.340097 1.670446 1.669917 0.340097 789.000000 255.000000
14 007 1 07 1.150000 0.140080 0.239550 1.870985 1.870304 0.239550 773.000000 233.000000
14 008 1 08 0.250000 0.399343 -0.242648 2.689302 2.688559 6.040538 670.000000 248.000000
14 009 1 09 1.700000 0.095943 0.126677 1.620505 1.619817 0.126677 747.000000 238.000000
14 010 1 10 1.300000 -0.289554 -0.321751 1.837669 1.836904 5.961435 646.000000 228.000000
14 011 1 11 1.300000 0.111630 0.194552 1.804204 1.803507 0.194552 760.000000 247.000000
14 012 1 12 0.250000 0.231759 0.631779 1.754120 1.753410 0.631779 851.000000 271.000000
14 013 1 13 0.150000 -0.364309 0.291034 1.386705 1.386030 0.291034 785.000000 233.000000
14 014 1 14 1.300000 0.270243 0.284174 1.403440 1.402729 0.284174 779.000000 248.000000
14 015 1 15 0.350000 -0.515359 -0.257813 1.503612 1.502921 6.025372 667.000000 249.000000
14 016 1 16 0.450000 -0.035956 0.337134 1.219726 1.219038 0.337134 788.000000 256.000000
14 017 1 17 0.550000 -0.034571 0.042031 1.453557 1.452824 0.042031 729.000000 236.000000
14 018 1 18 1.750000 0.488168 0.482513 1.386688 1.386028 0.482513 819.000000 261.000000
14 019 1 19 0.200000 0.317903 0.399717 1.453533 1.452824 0.399717 799.000000 263.000000
14 020 1 20 0.900000 -0.262939 -0.266252 2.622476 2.621765 6.016933 690.000000 340.000000
14 021 1 21 1.750000 -0.177183 -0.168123 1.453567 1.452828 6.115063 683.000000 232.000000
14 022 1 22 1.700000 0.050371 0.083526 1.453504 1.452824 0.083526 738.000000 235.000000
14 023 1 23 0.450000 -0.354164 -0.291457 1.486921 1.486223 5.991729 657.000000 240.000000
14 024 1 24 1.100000 -0.147290 -0.149365 1.854274 1.853604 6.133821 689.000000 244.000000
14 025 1 25 1.550000 0.052747 0.130608 1.770832 1.770109 0.130608 751.000000 214.000000
14 026 1 26 0.300000 -0.133380 0.420553 1.319893 1.319231 0.420553 809.000000 251.000000
14 027 1 27 1.400000 0.277215 0.365320 1.136301 1.135538 0.365320 803.000000 233.000000
14 028 1 28 0.100000 0.179344 0.187583 1.269808 1.269131 0.187583 761.000000 234.000000
14 029 1 29 0.100000 -0.702858 -0.342726 1.319963 1.319230 5.940459 644.000000 237.000000
14 030 1 30 0.400000 -0.046393 0.067014 3.841465 3.840800 0.067014 730.000000 301.000000
14 031 1 31 0.300000 0.146920 0.483645 1.854254 1.853608 0.483645 824.000000 252.000000
14 032 1 32 1.750000 -0.351428 -0.337878 2.789465 2.788756 5.945307 668.000000 302.000000
14 033 1 33 1.250000 -0.471766 -0.493300 1.386685 1.386035 5.789885 620.000000 264.000000
14 034 1 34 0.700000 0.069335 0.132008 1.453491 1.452824 0.132008 752.000000 209.000000
14 035 1 35 0.750000 -0.274822 -0.436054 1.837654 1.836904 5.847132 631.000000 259.000000
14 036 1 36 1.750000 0.009303 0.015443 1.169615 1.168938 0.015443 724.000000 191.000000
14 037 1 37 0.700000 0.248830 0.393914 1.403472 1.402729 0.393914 821.000000 207.000000
14 038 1 38 1.700000 0.193694 0.234299 1.637282 1.636518 0.234299 778.000000 207.000000
14 039 1 39 0.250000 0.007419 -0.211958 1.136274 1.135542 6.071228 669.000000 213.000000
14 040 1 40 0.400000 0.085223 0.030603 1.670558 1.669916 0.030603 726.000000 254.000000
14 041 1 41 0.350000 0.063114 0.331352 1.720762 1.720011 0.331352 795.000000 232.000000
14 042 1 42 1.650000 -0.162702 -0.169007 1.086175 1.085436 6.114178 677.000000 198.000000
14 043 1 43 0.300000 0.105366 0.199778 1.253147 1.252434 0.199778 769.000000 208.000000
14 044 1 44 1.600000 -0.231314 -0.271859 1.303269 1.302536 6.011326 657.000000 224.000000
14 045 1 45 0.550000 -0.060490 -0.100501 1.353381 1.352631 6.182685 696.000000 212.000000
14 046 1 46 1.050000 -0.475188 -0.546030 2.121501 2.120791 5.737156 593.000000 241.000000
14 047 1 47 0.550000 -0.351081 -0.244979 1.203026 1.202338 6.038207 662.000000 218.000000
14 048 1 48 1.100000 0.104123 0.251582 1.186333 1.185640 0.251582 784.000000 201.000000
14 049 1 49 0.850000 -0.292835 -0.259006 1.587155 1.586419 6.024180 658.000000 216.000000
14 050 1 50 0.250000 -0.065785 0.398320 1.253166 1.252434 0.398320 813.000000 229.000000
14 051 1 51 0.100000 0.186631 0.013636 1.486910 1.486223 0.013636 723.000000 230.000000
14 052 1 52 0.000000 0.088342 0.256517 1.319973 1.319231 0.256517 784.000000 206.000000
14 053 1 53 1.550000 -0.096775 -0.153424 3.691196 3.690507 6.129761 705.000000 353.000000
14 054 1 54 0.150000 0.591281 -0.027643 1.486768 1.486226 6.255543 714.000000 233.000000
14 055 1 55 1.700000 -0.102200 -0.129917 1.987947 1.987197 6.153268 694.000000 251.000000
14 056 1 56 0.150000 0.297939 0.205042 1.169647 1.168940 0.205042 767.000000 224.000000
14 057 1 57 1.450000 0.092589 0.137895 1.386696 1.386030 0.137895 754.000000 205.000000
14 058 1 58 1.300000 -0.146163 -0.119429 1.319931 1.319228 6.163756 690.000000 200.000000
14 059 1 59 1.100000 0.511294 0.561663 1.336623 1.335931 0.561663 849.000000 245.000000
14 060 1 60 0.350000 -0.476772 -0.396239 1.386710 1.386029 5.886946 638.000000 254.000000
14 061 2 01 0.600000 -0.569796 -0.596199 1.537088 1.536320 5.686986 587.000000 254.000000
14 062 2 02 1.650000 -0.175425 -0.224416 2.138235 2.137491 6.058769 678.000000 266.000000
14 063 2 03 1.250000 -0.410758 -0.530216 1.353397 1.352631 5.752970 601.000000 247.000000
14 064 2 04 0.400000 0.116565 0.402069 1.537012 1.536321 0.402069 811.000000 236.000000
14 065 2 05 0.600000 0.037686 0.086365 1.052802 1.052047 0.086365 740.000000 219.000000
14 066 2 06 0.650000 0.069531 0.211093 1.019309 1.018646 0.211093 771.000000 212.000000
14 067 2 07 0.850000 -0.188935 -0.242819 1.420184 1.419426 6.040366 666.000000 232.000000
14 068 2 08 0.950000 0.028724 0.220567 1.069415 1.068744 0.220567 770.000000 227.000000
14 069 2 09 1.400000 -0.190373 -0.225092 1.036079 1.035345 6.058094 671.000000 236.000000
14 070 2 10 0.100000 0.076634 0.177398 1.052702 1.052046 0.177398 765.000000 199.000000
14 071 2 11 1.350000 0.233811 0.333082 1.086161 1.085444 0.333082 793.000000 239.000000
14 072 2 12 0.050000 0.181517 0.231865 1.436878 1.436124 0.231865 771.000000 234.000000
14 073 2 13 0.050000 0.017813 -0.246073 1.052692 1.052048 6.037113 666.000000 235.000000
14 074 2 14 1.050000 0.244886 0.404892 1.119504 1.118842 0.404892 813.000000 233.000000
14 075 2 15 1.550000 -0.126969 -0.143120 0.919124 0.918453 6.140066 687.000000 221.000000
14 076 2 16 0.100000 0.602452 -0.028428 1.353322 1.352629 6.254757 714.000000 239.000000
14 077 2 17 0.650000 -0.071485 0.307841 1.236460 1.235738 0.307841 782.000000 255.000000
14 078 2 18 1.000000 -0.117667 -0.225750 1.637060 1.636522 6.057435 672.000000 241.000000
14 079 2 19 1.250000 0.466637 0.450936 4.643095 4.642358 0.450936 766.000000 355.000000
14 080 2 20 0.750000 -0.029869 0.058492 0.985977 0.985248 0.058492 733.000000 228.000000
14 081 2 21 0.400000 0.060910 -0.153023 2.054592 2.053994 6.130162 689.000000 249.000000
14 082 2 22 1.750000 0.512682 0.512610 1.520272 1.519622 0.512610 841.000000 235.000000
14 083 2 23 0.150000 -0.151854 -0.057081 1.186318 1.185639 6.226105 708.000000 240.000000
14 084 2 24 0.800000 0.085353 0.287708 1.703974 1.703311 0.287708 778.000000 254.000000
14 085 2 25 0.200000 -0.096358 -0.137378 1.754157 1.753408 6.145807 690.000000 233.000000
14 086 2 26 0.250000 0.220200 0.171379 1.403400 1.402731 0.171379 756.000000 242.000000
14 087 2 27 1.650000 -0.388758 -0.409292 1.353374 1.352633 5.873893 625.000000 231.000000
14 088 2 28 0.950000 -0.471889 -0.513920 1.603770 1.603120 5.769266 615.000000 264.000000
14 089 2 29 1.500000 -0.245870 -0.282809 1.787538 1.786808 6.000376 652.000000 216.000000
14 090 2 30 1.500000 -0.626966 -0.634652 1.653908 1.653215 5.648534 586.000000 268.000000
14 091 2 31 0.050000 -0.273618 -0.237303 1.436804 1.436127 6.045882 668.000000 235.000000
14 092 2 32 1.000000 0.119580 0.220062 1.620569 1.619816 0.220062 771.000000 222.000000
14 093 2 33 1.150000 0.038180 0.077141 2.121551 2.120789 0.077141 736.000000 243.000000
14 094 2 34 1.050000 0.150889 0.245997 1.336628 1.335931 0.245997 778.000000 219.000000
14 095 2 35 0.450000 -0.168251 -0.018689 1.236415 1.235735 6.264496 716.000000 236.000000
14 096 2 36 0.300000 0.088587 0.074424 1.269775 1.269135 0.074424 737.000000 222.000000
14 097 2 37 1.350000 0.285067 0.327322 1.319900 1.319231 0.327322 793.000000 235.000000
14 098 2 38 1.100000 0.018283 -0.005988 3.323843 3.323128 6.277197 719.000000 283.000000
14 099 2 39 1.700000 0.327450 0.346917 3.524203 3.523518 0.346917 767.000000 320.000000
14 100 2 40 1.300000 -0.297656 -0.327481 1.770674 1.770110 5.955704 649.000000 241.000000
14 101 2 41 1.450000 -0.503006 -0.561494 1.102871 1.102143 5.721692 603.000000 264.000000
14 102 2 42 1.700000 0.512555 0.508311 1.236446 1.235735 0.508311 837.000000 240.000000
14 103 2 43 1.500000 -0.133400 -0.176546 1.386731 1.386029 6.106639 682.000000 237.000000
14 104 2 44 1.050000 0.367293 0.324552 1.186299 1.185639 0.324552 792.000000 236.000000
14 105 2 45 0.150000 -0.180016 0.009804 2.037940 2.037289 0.009804 722.000000 246.000000
14 106 2 46 0.700000 -0.070078 -0.120769 1.203035 1.202339 6.162417 695.000000 244.000000
14 107 2 47 0.950000 0.154233 0.228274 1.820919 1.820206 0.228274 766.000000 252.000000
14 108 2 48 0.250000 0.006062 0.005000 1.152925 1.152238 0.005000 721.000000 250.000000
14 109 2 49 1.550000 -0.068395 -0.106736 1.253146 1.252436 6.176450 696.000000 226.000000
14 110 2 50 1.100000 0.051957 0.074121 1.887658 1.887002 0.074121 735.000000 248.000000
14 111 2 51 0.200000 0.210424 0.008849 1.370021 1.369329 0.008849 722.000000 224.000000
14 112 2 52 1.200000 -0.305257 -0.293272 1.804216 1.803506 5.989913 659.000000 248.000000
14 113 2 53 1.600000 0.502428 0.520267 1.336570 1.335935 0.520267 830.000000 258.000000
14 114 2 54 1.200000 0.380078 0.383818 1.503677 1.502922 0.383818 804.000000 242.000000
14 115 2 55 0.800000 -0.220874 -0.155595 2.906360 2.905648 6.127590 696.000000 297.000000
14 116 2 56 1.350000 -0.031483 -0.029652 1.453575 1.452828 6.253533 713.000000 214.000000
14 117 2 57 1.350000 -0.172148 -0.176876 1.386739 1.386024 6.106309 683.000000 243.000000
14 118 2 58 0.100000 -0.186221 0.182415 1.937848 1.937100 0.182415 758.000000 244.000000
14 119 2 59 1.250000 -0.176475 -0.222349 3.490895 3.490122 6.060837 694.000000 335.000000
14 120 2 60 1.300000 -0.552510 -0.542814 1.319925 1.319235 5.740372 609.000000 266.000000
14 121 3 01 1.500000 0.185742 0.223144 1.319945 1.319232 0.223144 779.000000 190.000000
14 122 3 02 0.550000 0.338906 0.417267 1.820900 1.820206 0.417267 806.000000 256.000000
14 123 3 03 0.600000 -0.095979 0.075458 1.587079 1.586420 0.075458 742.000000 159.000000
14 124 3 04 0.900000 0.286384 0.384809 1.386711 1.386029 0.384809 801.000000 250.000000
14 125 3 05 0.000000 0.496083 -0.278300 1.770771 1.770107 6.004886 652.000000 212.000000
14 126 3 06 0.050000 -0.391077 0.218669 1.353271 1.352630 0.218669 768.000000 234.000000
14 127 3 07 0.600000 -0.072605 0.000000 1.536986 1.536320 0.000000 720.000000 245.000000
14 128 3 08 0.900000 -0.152117 -0.246073 1.503669 1.502921 6.037113 666.000000 235.000000
14 129 3 09 1.000000 0.771359 0.728059 1.203000 1.202335 0.728059 876.000000 275.000000
14 130 3 10 0.600000 0.131249 0.233126 1.019396 1.018640 0.233126 772.000000 231.000000
14 131 3 11 1.150000 -0.235286 -0.244979 4.258962 4.258278 6.038207 661.000000 214.000000
14 132 3 12 0.000000 -0.253277 -0.244979 1.036041 1.035346 6.038207 662.000000 218.000000
14 133 3 13 0.450000 0.165895 0.338832 1.303187 1.302532 0.338832 800.000000 223.000000
14 134 3 14 0.900000 -0.454846 -0.366166 2.956418 2.955747 5.917020 618.000000 184.000000
14 135 3 15 0.550000 -0.111319 0.141344 1.219797 1.219038 0.141344 756.000000 197.000000
14 136 3 16 1.150000 -0.172491 -0.188416 1.420143 1.419427 6.094769 675.000000 214.000000
14 137 3 17 1.200000 0.082818 0.144442 4.091968 4.091288 0.144442 744.000000 285.000000
14 138 3 18 0.500000 -0.782932 -0.516086 2.021317 2.020595 5.767100 640.000000 309.000000
14 139 3 19 0.600000 0.105884 0.149287 1.503607 1.502923 0.149287 757.000000 204.000000
14 140 3 20 1.400000 -0.148790 -0.132853 1.470272 1.469524 6.150332 691.000000 233.000000
14 141 3 21 1.050000 0.383935 0.335083 1.052773 1.052045 0.335083 798.000000 226.000000
14 142 3 22 0.150000 -0.357674 -0.161575 1.503643 1.502921 6.121611 683.000000 223.000000
14 143 3 23 1.600000 0.235182 0.256826 1.770832 1.770108 0.256826 772.000000 252.000000
14 144 3 24 1.000000 -0.054505 -0.061904 1.687335 1.686613 6.221281 705.000000 208.000000
14 145 3 25 1.300000 -0.287405 -0.279903 1.152988 1.152241 6.003282 649.000000 203.000000
14 146 3 26 1.450000 -0.588029 -0.641523 1.704081 1.703311 5.641662 599.000000 288.000000
14 147 3 27 0.400000 -0.445017 -0.315128 1.203036 1.202336 5.968057 646.000000 223.000000
14 148 3 28 0.700000 -0.483079 -0.599086 1.520180 1.519625 5.684099 593.000000 264.000000
14 149 3 29 1.150000 0.640120 0.552989 1.086142 1.085443 0.552989 849.000000 241.000000
14 150 3 30 0.450000 0.311691 0.111728 1.203066 1.202337 0.111728 743.000000 245.000000
14 151 3 31 0.950000 0.129585 0.200458 3.106763 3.106040 0.200458 771.000000 199.000000
14 152 3 32 0.950000 -0.842037 -0.872676 1.269852 1.269135 5.410509 546.000000 304.000000
14 153 3 33 0.900000 -0.352340 -0.492486 2.906316 2.905650 5.790700 610.000000 245.000000
14 154 3 34 0.850000 0.055729 0.150371 3.958236 3.957696 0.150371 730.000000 384.000000
14 155 3 35 1.350000 -0.211750 -0.242119 1.887689 1.887002 6.041067 659.000000 203.000000
14 156 3 36 1.150000 0.158106 0.147078 1.269787 1.269135 0.147078 752.000000 234.000000
14 157 3 37 0.200000 -0.878283 -0.267826 1.203003 1.202337 6.015360 661.000000 235.000000
14 158 3 38 0.500000 -0.202329 -0.593003 1.353357 1.352630 5.690183 596.000000 266.000000
14 159 3 39 0.450000 -0.320903 -0.265855 1.119579 1.118841 6.017331 662.000000 237.000000
14 160 3 40 1.500000 -0.018208 0.000000 1.971192 1.970497 0.000000 720.000000 189.000000
14 161 3 41 1.000000 -0.073341 -0.103525 1.754120 1.753408 6.179661 696.000000 219.000000
14 162 3 42 0.800000 -0.360872 -0.508489 1.319921 1.319232 5.774696 618.000000 267.000000
14 163 3 43 0.950000 0.255832 0.269758 1.186338 1.185638 0.269758 780.000000 233.000000
14 164 3 44 1.100000 -0.060948 0.016041 1.937626 1.937094 0.016041 723.000000 263.000000
14 165 3 45 1.050000 -0.054036 -0.061904 1.019343 1.018648 6.221281 705.000000 208.000000
14 166 3 46 0.450000 0.328211 0.366198 1.754142 1.753405 0.366198 799.000000 244.000000
14 167 3 47 1.400000 0.080625 0.087879 1.219740 1.219038 0.087879 740.000000 223.000000
14 168 3 48 1.400000 0.135404 0.156126 1.269832 1.269131 0.156126 754.000000 234.000000
14 169 3 49 1.200000 0.068061 0.089848 1.186331 1.185637 0.089848 740.000000 228.000000
14 170 3 50 0.450000 0.157324 0.440076 0.935832 0.935151 0.440076 817.000000 244.000000
14 171 3 51 0.600000 -0.255883 -0.188782 3.824868 3.824103 6.094403 673.000000 204.000000
14 172 3 52 0.250000 0.147528 -0.175450 0.902464 0.901756 6.107735 681.000000 230.000000
14 173 3 53 1.650000 -0.027848 -0.073600 2.037841 2.037297 6.209586 704.000000 233.000000
14 174 3 54 1.400000 -0.462768 -0.501604 1.286611 1.285834 5.781581 601.000000 233.000000
14 175 3 55 0.300000 -0.276577 -0.138128 1.152966 1.152243 6.145057 689.000000 227.000000
14 176 3 56 0.350000 -0.082093 -0.102921 1.453520 1.452824 6.180264 698.000000 237.000000
14 177 3 57 1.550000 -0.519354 -0.566014 1.403466 1.402722 5.717171 605.000000 269.000000
14 178 3 58 0.350000 0.030501 0.238245 1.136263 1.135542 0.238245 771.000000 240.000000
14 179 3 59 0.350000 -0.455902 -0.168390 1.269859 1.269133 6.114795 686.000000 250.000000
14 180 3 60 1.750000 -0.352089 -0.345245 1.386724 1.386029 5.937940 638.000000 222.000000
14 181 4 01 1.200000 0.477016 0.379750 2.772798 2.772055 0.379750 811.000000 222.000000
14 182 4 02 0.400000 -0.271264 -0.126706 3.106753 3.106036 6.156479 700.000000 293.000000
14 183 4 03 0.000000 0.929982 0.358771 1.253157 1.252435 0.358771 795.000000 250.000000
14 184 4 04 1.350000 0.149706 0.196544 0.985941 0.985248 0.196544 765.000000 224.000000
14 185 4 05 1.750000 -0.023989 0.003876 1.169629 1.168939 0.003876 721.000000 192.000000
14 186 4 06 1.550000 0.459324 0.484283 1.453461 1.452830 0.484283 831.000000 239.000000
14 187 4 07 1.450000 -0.152128 -0.145748 3.908307 3.907597 6.137437 704.000000 341.000000
14 188 4 08 0.200000 0.000065 -0.086738 4.091977 4.091284 6.196447 716.000000 404.000000
14 189 4 09 1.100000 -0.274913 -0.263844 1.069478 1.068741 6.019341 663.000000 239.000000
14 190 4 10 1.000000 0.358615 0.354380 1.219755 1.219033 0.354380 794.000000 250.000000
14 191 4 11 0.200000 0.124606 0.148433 1.119378 1.118845 0.148433 752.000000 236.000000
14 192 4 12 1.450000 -0.011788 -0.013761 0.952559 0.951852 6.269425 717.000000 232.000000
14 193 4 13 0.700000 0.751699 0.623076 1.303199 1.302532 0.623076 840.000000 283.000000
14 194 4 14 1.600000 0.035191 0.040179 1.353341 1.352629 0.040179 728.000000 251.000000
14 195 4 15 1.200000 -0.135162 -0.155230 1.787523 1.786807 6.127956 679.000000 188.000000
14 196 4 16 0.650000 -0.129410 -0.127385 1.320002 1.319231 6.155800 694.000000 247.000000
14 197 4 17 1.500000 0.314546 0.321751 1.069411 1.068744 0.321751 793.000000 231.000000
14 198 4 18 0.950000 -0.029003 0.083506 1.253188 1.252436 0.083506 739.000000 223.000000
14 199 4 19 0.500000 -0.350550 -0.270436 0.885696 0.885059 6.012749 664.000000 248.000000
14 200 4 20 1.650000 0.816450 0.766170 1.737453 1.736712 0.766170 873.000000 291.000000
14 201 4 21 0.650000 -0.122166 0.192701 1.052785 1.052044 0.192701 760.000000 245.000000
14 202 4 22 0.500000 0.197272 0.223268 1.236253 1.235725 0.223268 767.000000 243.000000
14 203 4 23 1.650000 -0.274244 -0.251955 1.303214 1.302531 6.031230 668.000000 248.000000
14 204 4 24 0.000000 0.724312 -0.169220 1.370008 1.369328 6.113965 686.000000 251.000000
14 205 4 25 0.850000 -0.002702 0.098913 4.108693 4.107986 0.098913 733.000000 319.000000
14 206 4 26 0.800000 0.291292 0.515148 1.186343 1.185639 0.515148 827.000000 261.000000
14 207 4 27 0.550000 -0.525578 -0.254625 2.338585 2.337877 6.028561 663.000000 231.000000
14 208 4 28 0.800000 -0.254897 -0.415867 1.002672 1.001947 5.867318 633.000000 253.000000
14 209 4 29 0.650000 -0.104248 -0.188683 2.188282 2.187588 6.094502 682.000000 251.000000
14 210 4 30 0.150000 0.814260 0.173246 1.002692 1.001947 0.173246 762.000000 210.000000
14 211 4 31 1.250000 -0.154593 -0.126025 1.186290 1.185652 6.157160 692.000000 229.000000
14 212 4 32 0.750000 -0.340842 -0.416358 1.754132 1.753409 5.866828 632.000000 251.000000
14 213 4 33 1.000000 -0.359531 -0.391889 1.036070 1.035348 5.891296 639.000000 254.000000
14 214 4 34 0.950000 0.073220 0.147568 1.904416 1.903700 0.147568 753.000000 228.000000
14 215 4 35 0.850000 0.118691 0.320328 1.019332 1.018648 0.320328 790.000000 239.000000
14 216 4 36 0.700000 -0.211831 -0.041643 1.019338 1.018641 6.241543 709.000000 186.000000
14 217 4 37 1.350000 -0.276308 -0.279563 1.386773 1.386027 6.003622 660.000000 241.000000
14 218 4 38 0.300000 -0.163954 0.354871 0.985971 0.985249 0.354871 793.000000 253.000000
14 219 4 39 1.000000 -0.283608 -0.271716 1.720711 1.720015 6.011469 664.000000 249.000000
14 220 4 40 0.400000 -0.147344 0.108068 1.720686 1.720012 0.108068 743.000000 238.000000
14 221 4 41 1.750000 -0.143543 -0.131315 1.653883 1.653214 6.151870 692.000000 238.000000
14 222 4 42 0.300000 -0.070110 0.100621 1.336587 1.335931 0.100621 741.000000 242.000000
14 223 4 43 1.600000 0.554022 0.528074 1.386700 1.386027 0.528074 839.000000 246.000000
14 224 4 44 1.300000 0.036579 0.094738 1.353293 1.352632 0.094738 741.000000 229.000000
14 225 4 45 0.550000 0.087013 0.244979 0.952522 0.951852 0.244979 771.000000 246.000000
14 226 4 46 0.450000 -0.071059 0.045015 1.136275 1.135544 0.045015 730.000000 228.000000
14 227 4 47 0.900000 0.257182 0.337761 1.486920 1.486222 0.337761 792.000000 245.000000
14 228 4 48 0.850000 -0.523270 -0.737511 1.620581 1.619816 5.545674 571.000000 286.000000
14 229 4 49 1.150000 -0.013256 -0.075553 4.359124 4.358477 6.207632 701.000000 199.000000
14 230 4 50 0.750000 -0.295724 -0.481224 1.720553 1.720013 5.801961 614.000000 247.000000
14 231 4 51 0.900000 -0.046435 -0.057971 1.453366 1.452828 6.225215 707.000000 226.000000
14 232 4 52 0.650000 -0.251050 -0.581807 1.453513 1.452822 5.701378 597.000000 263.000000
14 233 4 53 0.500000 0.024235 0.201970 2.889645 2.888952 0.201970 763.000000 240.000000
14 234 4 54 0.000000 0.106172 -0.187106 1.219742 1.219037 6.096079 681.000000 244.000000
14 235 4 55 0.400000 -0.265618 0.148654 1.319938 1.319231 0.148654 751.000000 243.000000
14 236 4 56 1.750000 0.166904 0.145395 2.839584 2.838851 0.145395 761.000000 170.000000
14 237 4 57 0.100000 0.199717 -0.200653 1.052799 1.052046 6.082532 672.000000 214.000000
14 238 4 58 0.700000 0.003105 -0.004785 1.203038 1.202343 6.278401 719.000000 241.000000
14 239 4 59 1.450000 0.496354 0.492766 1.420074 1.419423 0.492766 829.000000 247.000000
14 240 4 60 1.250000 -0.412136 -0.500544 3.791245 3.790705 5.782642 656.000000 333.000000
14 241 5 01 1.300000 0.051812 0.078784 4.092021 4.091285 0.078784 729.000000 336.000000
14 242 5 02 1.550000 -0.877476 -0.823631 5.361075 5.360420 5.459554 625.000000 362.000000
14 243 5 03 1.100000 0.364907 0.360244 1.303209 1.302533 0.360244 804.000000 227.000000
14 244 5 04 0.800000 -0.444296 -0.620799 2.572356 2.571670 5.662386 597.000000 278.000000
14 245 5 05 1.700000 -0.698721 -0.701051 1.603833 1.603118 5.582135 563.000000 264.000000
14 246 5 06 1.100000 0.460208 0.461750 0.969219 0.968544 0.461750 825.000000 239.000000
14 247 5 07 1.050000 0.401720 0.366844 1.169625 1.168939 0.366844 798.000000 247.000000
14 248 5 08 0.200000 -0.115150 -0.226462 1.203086 1.202338 6.056723 670.000000 233.000000
14 249 5 09 0.400000 -0.137714 -0.058187 1.219749 1.219035 6.224999 708.000000 244.000000
14 250 5 10 1.550000 0.129370 0.168490 2.104621 2.104093 0.168490 753.000000 256.000000
14 251 5 11 1.700000 -0.212552 -0.217887 1.069285 1.068746 6.065298 660.000000 179.000000
14 252 5 12 0.550000 -0.191333 -0.382899 1.186329 1.185639 5.900287 633.000000 234.000000
14 253 5 13 0.750000 -0.059229 -0.088007 1.036099 1.035347 6.195178 702.000000 246.000000
14 254 5 14 0.900000 0.156254 0.187106 1.503633 1.502921 0.187106 759.000000 244.000000
14 255 5 15 1.250000 -0.637303 -0.684695 1.520377 1.519622 5.598491 591.000000 292.000000
14 256 5 16 1.450000 0.163194 0.186820 3.557585 3.556917 0.186820 751.000000 286.000000
14 257 5 17 1.200000 0.062971 0.093963 1.754093 1.753409 0.093963 738.000000 259.000000
14 258 5 18 1.550000 -0.119673 -0.076158 0.985945 0.985249 6.207028 701.000000 201.000000
14 259 5 19 0.600000 -0.674878 -0.659486 1.052745 1.052046 5.623700 582.000000 272.000000
14 260 5 20 0.050000 0.464492 0.184481 1.152951 1.152240 0.184481 759.000000 241.000000
14 261 5 21 0.200000 -0.087366 0.135745 1.152918 1.152240 0.135745 748.000000 245.000000
14 262 5 22 0.600000 -0.046602 0.091118 3.373918 3.373223 0.091118 738.000000 253.000000
14 263 5 23 1.250000 0.139293 0.220647 0.919200 0.918451 0.220647 768.000000 236.000000
14 264 5 24 1.350000 0.312415 0.237978 1.236376 1.235741 0.237978 769.000000 248.000000
14 265 5 25 0.300000 -0.161169 -0.182771 1.370001 1.369330 6.100414 681.000000 239.000000
14 266 5 26 0.450000 -0.499242 -0.315354 2.939787 2.939047 5.967831 674.000000 309.000000
14 267 5 27 0.800000 0.459663 0.436905 1.136202 1.135541 0.436905 812.000000 253.000000
14 268 5 28 1.600000 0.115124 0.116836 1.186387 1.185638 0.116836 745.000000 237.000000
14 269 5 29 0.050000 0.677556 0.172191 1.219745 1.219038 0.172191 756.000000 243.000000
14 270 5 30 1.050000 0.133572 0.222082 1.687262 1.686613 0.222082 762.000000 264.000000
14 271 5 31 0.500000 0.319741 0.128182 1.152973 1.152242 0.128182 749.000000 225.000000
14 272 5 32 1.650000 0.146612 0.149888 0.919088 0.918453 0.149888 757.000000 205.000000
14 273 5 33 0.500000 -0.186172 -0.216642 1.537090 1.536317 6.066544 674.000000 241.000000
14 274 5 34 0.100000 -0.271059 0.168096 3.223584 3.222931 0.168096 748.000000 285.000000
14 275 5 35 0.550000 0.341081 0.287281 3.223664 3.222930 0.287281 759.000000 318.000000
14 276 5 36 1.000000 0.061734 0.079478 2.989844 2.989146 0.079478 729.000000 337.000000
14 277 5 37 1.250000 -0.284760 -0.205928 1.119558 1.118843 6.077258 673.000000 225.000000
14 278 5 38 0.500000 -0.305798 -0.266665 1.370084 1.369329 6.016521 664.000000 245.000000
14 279 5 39 0.900000 -0.221572 -0.217001 2.739200 2.738661 6.066184 692.000000 323.000000
14 280 5 40 0.850000 -0.309862 -0.287750 1.453528 1.452827 5.995435 654.000000 227.000000
14 281 5 41 1.150000 -0.297539 -0.264310 1.403444 1.402728 6.018875 661.000000 232.000000
14 282 5 42 1.250000 -0.219052 -0.198338 1.904357 1.903708 6.084847 679.000000 246.000000
14 283 5 43 0.500000 0.175049 0.153424 2.021330 2.020595 0.153424 750.000000 256.000000
14 284 5 44 0.050000 -0.051476 -0.190143 0.919151 0.918455 6.093042 674.000000 211.000000
14 285 5 45 1.100000 0.363780 0.381319 1.136183 1.135531 0.381319 805.000000 238.000000
14 286 5 46 0.250000 -0.031902 0.099669 1.720732 1.720011 0.099669 738.000000 270.000000
14 287 5 47 1.700000 0.283275 0.293980 1.186376 1.185638 0.293980 786.000000 232.000000
14 288 5 48 1.400000 -0.003238 0.022023 1.403409 1.402728 0.022023 725.000000 223.000000
14 289 5 49 1.400000 -0.119598 -0.117382 1.102908 1.102144 6.165803 695.000000 238.000000
14 290 5 50 0.950000 -0.117765 -0.121941 1.136227 1.135542 6.161244 695.000000 246.000000
14 291 5 51 0.650000 -0.187133 -0.302026 0.935854 0.935152 5.981159 658.000000 251.000000
14 292 5 52 0.850000 0.204264 0.385158 4.442623 4.441969 0.385158 795.000000 265.000000
14 293 5 53 0.650000 0.050116 0.177825 1.052713 1.052046 0.177825 759.000000 233.000000
14 294 5 54 0.500000 0.438933 0.498191 1.353295 1.352629 0.498191 819.000000 268.000000
14 295 5 55 0.050000 -0.323600 0.357566 1.720650 1.720009 0.357566 788.000000 268.000000
14 296 5 56 0.750000 0.590017 0.270736 1.169701 1.168939 0.270736 788.000000 205.000000
14 297 5 57 0.150000 0.169344 0.331910 1.052691 1.052046 0.331910 791.000000 244.000000
14 298 5 58 1.450000 0.237811 0.250343 0.902463 0.901755 0.250343 776.000000 231.000000
14 299 5 59 0.000000 -0.202197 0.425543 1.987855 1.987197 0.425543 783.000000 311.000000
14 300 5 60 1.450000 0.032364 0.083487 1.637178 1.636515 0.083487 740.000000 211.000000
14 301 6 01 1.200000 0.277842 0.267910 1.236418 1.235734 0.267910 776.000000 246.000000
14 302 6 02 0.850000 -0.396291 -0.433455 2.655909 2.655159 5.849730 664.000000 329.000000
14 303 6 03 0.750000 -0.179941 -0.196462 1.370029 1.369325 6.086723 679.000000 244.000000
14 304 6 04 0.250000 -0.485224 -0.172861 1.203018 1.202339 6.110325 676.000000 198.000000
14 305 6 05 1.600000 -0.428827 -0.455451 1.203024 1.202339 5.827734 624.000000 254.000000
14 306 6 06 0.350000 -0.946087 -0.175738 1.153002 1.152240 6.107447 682.000000 236.000000
14 307 6 07 0.150000 0.140130 0.190639 1.854341 1.853602 0.190639 753.000000 279.000000
14 308 6 08 0.700000 -0.043538 -0.121352 1.086155 1.085437 6.161833 690.000000 204.000000
14 309 6 09 1.050000 -0.044445 -0.048742 0.985797 0.985248 6.234443 708.000000 204.000000
14 310 6 10 0.650000 0.087865 -0.059022 1.069497 1.068749 6.224163 707.000000 230.000000
14 311 6 11 1.600000 -0.067782 -0.090660 1.336610 1.335931 6.192525 700.000000 230.000000
14 312 6 12 0.250000 -0.047511 0.230834 1.353287 1.352629 0.230834 771.000000 233.000000
14 313 6 13 1.650000 -0.065664 -0.066568 2.088169 2.087388 6.216617 708.000000 270.000000
14 314 6 14 1.350000 0.023457 0.103627 1.052787 1.052047 0.103627 746.000000 200.000000
14 315 6 15 0.000000 0.230180 0.169894 1.152991 1.152242 0.169894 761.000000 211.000000
14 316 6 16 0.100000 0.363477 -0.239648 1.720754 1.720010 6.043537 666.000000 229.000000
14 317 6 17 0.000000 0.716497 -0.043623 0.852333 0.851656 6.239562 709.000000 198.000000
14 318 6 18 0.600000 0.200080 0.432662 1.236488 1.235737 0.432662 835.000000 201.000000
14 319 6 19 1.500000 0.222964 0.237836 1.453553 1.452825 0.237836 768.000000 252.000000
14 320 6 20 0.800000 0.130892 0.145748 1.219775 1.219037 0.145748 752.000000 232.000000
14 321 6 21 0.300000 -0.446977 -0.200181 3.557578 3.556913 6.083004 692.000000 312.000000
14 322 6 22 1.500000 -0.147700 -0.123338 1.203031 1.202338 6.159848 690.000000 208.000000
14 323 6 23 0.700000 -0.174273 -0.199388 1.286595 1.285833 6.083798 681.000000 257.000000
14 324 6 24 0.550000 -0.524478 -0.618144 0.902456 0.901752 5.665041 592.000000 270.000000
14 325 6 25 0.200000 0.119140 -0.229371 2.138187 2.137487 6.053814 667.000000 223.000000
14 326 6 26 0.200000 -0.119533 -0.088439 1.119571 1.118843 6.194747 702.000000 247.000000
14 327 6 27 0.950000 -0.343421 -0.438601 1.503659 1.502923 5.844585 629.000000 256.000000
14 328 6 28 0.750000 -0.172306 -0.119092 2.121530 2.120788 6.164093 706.000000 333.000000
14 329 6 29 1.400000 0.155411 0.221047 3.340485 3.339828 0.221047 740.000000 361.000000
14 330 6 30 0.100000 0.082084 -0.365201 1.069474 1.068747 5.917984 642.000000 246.000000
14 331 6 31 1.500000 -0.337175 -0.385883 1.036094 1.035347 5.897303 642.000000 258.000000
14 332 6 32 1.700000 -0.117934 -0.100166 3.390676 3.389921 6.183019 700.000000 251.000000
14 333 6 33 1.200000 0.027188 0.090660 1.587077 1.586423 0.090660 738.000000 252.000000
14 334 6 34 0.800000 -0.478090 -0.635027 0.969277 0.968550 5.648159 594.000000 279.000000
14 335 6 35 1.000000 -0.789063 -0.834140 3.390654 3.389923 5.449045 591.000000 333.000000
14 336 6 36 0.650000 0.465843 0.403419 1.386774 1.386027 0.403419 790.000000 286.000000
14 337 6 37 0.750000 0.475972 0.367981 1.186357 1.185640 0.367981 816.000000 201.000000
14 338 6 38 1.450000 -0.162052 -0.137736 2.672600 2.671860 6.145449 706.000000 349.000000
14 339 6 39 0.400000 0.385853 0.267472 0.952588 0.951853 0.267472 777.000000 242.000000
14 340 6 40 0.350000 -0.396800 0.020159 1.219707 1.219034 0.020159 725.000000 202.000000
14 341 6 41 1.550000 0.206742 0.220494 3.424008 3.423323 0.220494 733.000000 392.000000
14 342 6 42 1.750000 0.114917 0.146426 2.021303 2.020594 0.146426 761.000000 172.000000
14 343 6 43 0.350000 -0.156809 -0.139362 1.002693 1.001948 6.143823 689.000000 229.000000
14 344 6 44 1.600000 0.000031 -0.008733 1.419975 1.419431 6.274452 718.000000 221.000000
14 345 6 45 0.800000 -0.243308 -0.129275 1.370042 1.369329 6.153910 694.000000 250.000000
14 346 6 46 1.150000 -0.187376 -0.187842 1.370039 1.369327 6.095344 674.000000 208.000000
14 347 6 47 0.000000 0.169635 0.097648 0.885801 0.885057 0.097648 744.000000 205.000000
14 348 6 48 1.050000 -0.144287 -0.080543 1.403403 1.402727 6.202642 702.000000 227.000000
14 349 6 49 1.300000 -0.405549 -0.461675 1.603815 1.603117 5.821510 619.000000 247.000000
14 350 6 50 0.150000 0.245125 0.309907 1.520359 1.519622 0.309907 777.000000 272.000000
14 351 6 51 1.650000 -0.251557 -0.202322 0.935893 0.935153 6.080864 672.000000 216.000000
14 352 6 52 0.900000 0.260578 0.264342 3.023237 3.022553 0.264342 756.000000 317.000000
14 353 6 53 0.350000 0.078811 -0.239448 1.269805 1.269133 6.043738 668.000000 237.000000
14 354 6 54 1.400000 0.094395 0.135094 1.102889 1.102142 0.135094 748.000000 244.000000
14 355 6 55 0.850000 -0.059890 0.000000 0.885748 0.885055 0.000000 720.000000 209.000000
14 356 6 56 1.650000 0.338623 0.351573 1.586950 1.586421 0.351573 804.000000 221.000000
14 357 6 57 1.600000 0.565627 0.546087 2.088072 2.087393 0.546087 830.000000 269.000000
14 358 6 58 1.200000 0.304896 0.273188 1.369996 1.369330 0.273188 778.000000 243.000000
14 359 6 59 0.750000 -0.022162 -0.140375 2.806226 2.805453 6.142810 694.000000 266.000000
14 360 6 60 0.050000 0.246010 -0.004149 1.036003 1.035348 6.279036 719.000000 209.000000
