07 000 0 01 1.003836 -0.069268 -0.052583 1.871954 1.870304 6.230602 708.000000 222.000000
07 000 0 02 1.439494 -0.015926 -0.069756 2.021266 2.020594 6.213430 704.000000 221.000000
07 000 0 03 1.167845 -0.575805 -0.673476 1.303210 1.302534 5.609709 566.000000 257.000000
07 000 0 04 1.073268 0.420381 0.438786 1.553772 1.553020 0.438786 827.000000 222.000000
07 000 0 05 1.052894 -0.128401 -0.225915 1.370049 1.369339 6.057270 663.000000 202.000000
07 000 0 06 1.448331 -0.041031 -0.133100 1.904432 1.903701 6.150086 688.000000 211.000000
07 000 0 07 1.368013 0.185693 0.214061 1.570440 1.569718 0.214061 780.000000 174.000000
07 000 0 08 1.424232 0.332124 0.302457 6.747190 6.746450 0.302457 803.000000 184.000000
07 000 0 09 1.055635 0.971986 0.845566 1.386677 1.386027 0.845566 940.000000 255.000000
07 000 0 10 1.455893 -0.001277 -0.031680 1.353334 1.352631 6.251506 711.000000 166.000000
07 001 1 01 0.000000 -0.501397 -0.015479 1.269874 1.269141 6.267707 715.000000 127.000000
07 002 1 02 0.450000 -0.609321 -0.758667 1.269866 1.269138 5.524519 538.000000 258.000000
07 003 1 03 1.700000 -0.027419 -0.071307 1.186308 1.185638 6.211878 699.000000 156.000000
07 004 1 04 1.500000 -0.272552 -0.369644 1.470205 1.469525 5.913541 615.000000 179.000000
07 005 1 05 0.350000 0.230607 -0.054690 1.370046 1.369329 6.228495 705.000000 176.000000
07 006 1 06 0.300000 0.027188 -0.031240 1.436790 1.436127 6.251945 711.000000 162.000000
07 007 1 07 1.400000 -0.009973 -0.021124 1.470242 1.469525 6.262062 714.000000 166.000000
07 008 1 08 1.050000 -0.152166 -0.257324 1.186322 1.185633 6.025862 655.000000 203.000000
07 009 1 09 1.300000 0.074965 0.100703 1.386793 1.386030 0.100703 749.000000 163.000000
07 010 1 10 0.100000 0.028086 -0.027444 1.403476 1.402725 6.255741 713.000000 195.000000
07 011 1 11 1.200000 0.281383 0.233743 1.837571 1.836905 0.233743 780.000000 198.000000
07 012 1 12 1.150000 -0.611818 -0.636641 1.219710 1.219039 5.646544 564.000000 239.000000
07 013 1 13 1.100000 -0.541371 -0.623777 1.086018 1.085444 5.659408 566.000000 236.000000
07 014 1 14 0.750000 0.194043 0.154753 1.520270 1.519620 0.154753 759.000000 200.000000
07 015 1 15 1.750000 -0.376114 -0.390823 1.336673 1.335930 5.892362 624.000000 217.000000
07 016 1 16 1.700000 0.248026 0.244979 1.269849 1.269134 0.244979 784.000000 194.000000
07 017 1 17 1.450000 -0.753937 -0.803299 1.336690 1.335933 5.479886 521.000000 258.000000
07 018 1 18 1.150000 -0.138769 -0.214395 1.470092 1.469524 6.068790 666.000000 202.000000
07 019 1 19 1.150000 0.260261 0.236173 1.520318 1.519623 0.236173 778.000000 209.000000
07 020 1 20 0.050000 -0.424623 0.204926 1.436861 1.436125 0.204926 773.000000 195.000000
07 021 1 21 1.100000 0.429586 0.395378 1.319927 1.319231 0.395378 821.000000 208.000000
07 022 1 22 1.400000 0.102378 0.108661 1.086103 1.085444 0.108661 750.000000 175.000000
07 023 1 23 0.900000 0.295096 0.260129 1.537013 1.536321 0.260129 790.000000 187.000000
07 024 1 24 0.600000 0.301920 0.391992 1.303230 1.302533 0.391992 825.000000 196.000000
07 025 1 25 0.500000 -0.086778 0.197396 1.854335 1.853604 0.197396 776.000000 170.000000
07 026 1 26 0.800000 -0.109406 -0.327589 2.655855 2.655161 5.955597 598.000000 91.000000
07 027 1 27 1.450000 -0.158012 -0.236618 0.969265 0.968550 6.046568 652.000000 168.000000
07 028 1 28 1.150000 -0.112570 -0.230351 1.002660 1.001949 6.052835 667.000000 224.000000
07 029 1 29 0.250000 -0.377314 -0.470592 1.236451 1.235732 5.812593 574.000000 163.000000
07 030 1 30 0.150000 0.412604 -0.070423 1.269820 1.269135 6.212763 703.000000 209.000000
07 031 1 31 1.250000 -0.193272 -0.236245 1.353341 1.352630 6.046940 655.000000 180.000000
07 032 1 32 0.550000 -0.188424 -0.231253 0.935876 0.935153 6.051933 639.000000 106.000000
07 033 1 33 0.300000 -0.331917 -0.334096 0.802235 0.801559 5.949090 636.000000 208.000000
07 034 1 34 1.500000 0.008443 -0.011363 1.102867 1.102144 6.271822 717.000000 186.000000
07 035 1 35 1.000000 0.074319 0.080149 1.002647 1.001949 0.080149 740.000000 201.000000
07 036 1 36 0.400000 0.254676 0.109451 1.119538 1.118843 0.109451 750.000000 177.000000
07 037 1 37 0.200000 0.308761 -0.108740 0.952561 0.951849 6.174446 695.000000 221.000000
07 038 1 38 0.550000 0.102711 0.152010 0.969202 0.968556 0.152010 756.000000 215.000000
07 039 1 39 0.350000 0.102328 -0.035541 1.253178 1.252435 6.247645 712.000000 225.000000
07 040 1 40 1.350000 0.072188 0.047283 1.704059 1.703310 0.047283 735.000000 133.000000
07 041 1 41 0.150000 0.457112 -0.065361 1.052796 1.052044 6.217824 702.000000 175.000000
07 042 1 42 1.650000 0.364702 0.309358 4.843477 4.842749 0.309358 821.000000 134.000000
07 043 1 43 1.550000 -0.676018 -0.589065 1.904444 1.903704 5.694120 575.000000 233.000000
07 044 1 44 0.350000 -0.126425 -0.499083 2.171567 2.170886 5.784102 575.000000 184.000000
07 045 1 45 1.400000 0.283590 0.311113 1.603645 1.603119 0.311113 811.000000 167.000000
07 046 1 46 1.450000 -0.244110 -0.351817 2.071382 2.070696 5.931369 633.000000 213.000000
07 047 1 47 1.600000 -0.531280 -0.565075 1.236400 1.235737 5.718110 571.000000 215.000000
07 048 1 48 0.650000 -0.219939 -0.431856 1.453518 1.452826 5.851329 614.000000 220.000000
07 049 1 49 1.300000 -0.049950 -0.184857 1.336603 1.335930 6.098328 674.000000 204.000000
07 050 1 50 1.000000 -0.322352 -0.393698 1.637249 1.636516 5.889487 585.000000 125.000000
07 051 1 51 0.250000 0.341577 -0.504047 0.819003 0.818258 5.779138 597.000000 227.000000
07 052 1 52 1.550000 -0.299656 -0.335575 0.952537 0.951850 5.947611 607.000000 126.000000
07 053 1 53 0.050000 -0.032851 -0.226219 0.869078 0.868357 6.056966 662.000000 198.000000
07 054 1 54 1.700000 0.829099 0.691850 1.937802 1.937099 0.691850 918.000000 211.000000
07 055 1 55 0.500000 -0.217489 -0.278920 1.169628 1.168941 6.004266 659.000000 237.000000
07 056 1 56 1.600000 -0.154760 -0.150665 1.186376 1.185640 6.132521 674.000000 147.000000
07 057 1 57 0.200000 0.158169 0.631763 1.002601 1.001950 0.631763 881.000000 230.000000
07 058 1 58 0.000000 -0.447554 0.249736 0.885741 0.885051 0.249736 783.000000 203.000000
07 059 1 59 1.200000 0.348063 0.336363 1.286480 1.285834 0.336363 820.000000 164.000000
07 060 1 60 1.100000 -0.106064 -0.168278 1.152971 1.152239 6.114908 676.000000 191.000000
07 061 2 01 0.300000 -0.488769 -0.415684 1.303246 1.302532 5.867501 607.000000 194.000000
07 062 2 02 0.150000 -0.104421 -0.447157 1.169651 1.168938 5.836028 591.000000 181.000000
07 063 2 03 0.050000 -0.058995 -0.281232 1.186334 1.185640 6.001953 655.000000 225.000000
07 064 2 04 0.800000 -0.481351 -0.578807 0.985926 0.985250 5.704378 588.000000 248.000000
07 065 2 05 0.900000 -0.024933 -0.199371 1.236481 1.235734 6.083815 661.000000 158.000000
07 066 2 06 0.750000 0.815731 0.807741 1.152932 1.152242 0.807741 903.000000 275.000000
07 067 2 07 0.900000 -0.007365 -0.015093 1.453378 1.452828 6.268092 716.000000 185.000000
07 068 2 08 0.400000 0.206786 0.276044 1.236464 1.235734 0.276044 803.000000 157.000000
07 069 2 09 0.400000 -0.164975 0.098803 1.336624 1.335930 0.098803 754.000000 107.000000
07 070 2 10 1.250000 0.432066 0.398686 1.470174 1.469525 0.398686 835.000000 177.000000
07 071 2 11 1.100000 0.156241 0.188222 1.136173 1.135548 0.188222 772.000000 177.000000
07 072 2 12 1.450000 0.365829 0.391018 1.386759 1.386027 0.391018 821.000000 205.000000
07 073 2 13 0.950000 0.422040 0.418224 1.002606 1.001950 0.418224 836.000000 189.000000
07 074 2 14 0.700000 -0.284473 -0.408687 1.036007 1.035347 5.874498 610.000000 196.000000
07 075 2 15 0.350000 -0.060675 -0.439170 1.069439 1.068744 5.844015 619.000000 235.000000
07 076 2 16 1.350000 -0.176020 -0.185348 1.169668 1.168941 6.097837 672.000000 194.000000
07 077 2 17 0.000000 0.230524 -0.674095 1.186348 1.185638 5.609090 569.000000 261.000000
07 078 2 18 0.500000 0.100876 -0.382607 1.036028 1.035345 5.900578 621.000000 204.000000
07 079 2 19 1.200000 0.387074 0.384226 1.219780 1.219035 0.384226 851.000000 126.000000
07 080 2 20 0.900000 -0.368548 -0.477633 1.269857 1.269133 5.805553 573.000000 166.000000
07 081 2 21 0.300000 -0.358181 -0.751976 0.919148 0.918448 5.531209 561.000000 280.000000
07 082 2 22 0.050000 0.436073 -0.010101 0.835635 0.834958 6.273085 717.000000 153.000000
07 083 2 23 0.300000 -0.171555 -0.291781 0.752171 0.751465 5.991404 635.000000 167.000000
07 084 2 24 0.850000 0.566641 0.512595 1.136192 1.135545 0.512595 850.000000 219.000000
07 085 2 25 1.050000 -0.637726 -0.689483 1.019398 1.018647 5.593702 565.000000 262.000000
07 086 2 26 1.300000 0.074590 0.100467 1.253119 1.252435 0.100467 745.000000 202.000000
07 087 2 27 0.750000 -0.171732 -0.257894 0.835697 0.834958 6.025291 629.000000 105.000000
07 088 2 28 0.750000 0.099609 0.061904 1.102865 1.102141 0.061904 735.000000 208.000000
07 089 2 29 0.550000 0.283491 0.138640 1.436815 1.436129 0.138640 756.000000 192.000000
07 090 2 30 0.250000 0.626402 0.137777 0.768815 0.768162 0.137777 753.000000 212.000000
07 091 2 31 1.300000 0.130777 0.138186 1.670624 1.669914 0.138186 762.000000 148.000000
07 092 2 32 0.500000 0.067945 -0.052583 0.718794 0.718064 6.230602 708.000000 222.000000
07 093 2 33 0.250000 -0.314805 0.178473 1.370033 1.369330 0.178473 766.000000 195.000000
07 094 2 34 1.300000 -0.485579 -0.471778 1.219737 1.219036 5.811408 620.000000 254.000000
07 095 2 35 1.400000 -0.158888 -0.184721 1.236434 1.235734 6.098464 666.000000 161.000000
07 096 2 36 0.800000 -0.297570 -0.384919 0.885796 0.885055 5.898266 641.000000 255.000000
07 097 2 37 0.950000 0.337857 0.244979 1.236425 1.235735 0.244979 801.000000 126.000000
07 098 2 38 0.350000 -0.243371 0.018937 1.503592 1.502922 0.018937 725.000000 186.000000
07 099 2 39 0.100000 -0.537898 0.374334 0.885719 0.885056 0.374334 819.000000 198.000000
07 100 2 40 0.000000 -0.238718 0.478628 1.987938 1.987195 0.478628 830.000000 238.000000
07 101 2 41 1.000000 -0.034479 -0.020658 0.835646 0.834957 6.262527 715.000000 208.000000
07 102 2 42 0.050000 -0.124854 -0.693593 0.852364 0.851657 5.589592 577.000000 278.000000
07 103 2 43 0.900000 0.365316 0.404892 1.002627 1.001952 0.404892 804.000000 254.000000
07 104 2 44 1.050000 -0.009673 -0.020687 0.935881 0.935151 6.262499 714.000000 160.000000
07 105 2 45 1.200000 0.637900 0.604442 1.019314 1.018648 0.604442 883.000000 214.000000
07 106 2 46 0.500000 0.035980 -0.296278 0.785592 0.784861 5.986907 633.000000 165.000000
07 107 2 47 1.050000 0.739314 0.500280 1.303272 1.302532 0.500280 843.000000 225.000000
07 108 2 48 0.100000 -0.015848 -0.326892 1.219749 1.219036 5.956293 641.000000 217.000000
07 109 2 49 0.950000 -0.376873 -0.311280 0.768841 0.768162 5.971906 646.000000 220.000000
07 110 2 50 0.800000 -0.367550 -0.374192 1.136236 1.135541 5.908993 634.000000 231.000000
07 111 2 51 1.750000 0.075119 0.101689 1.303062 1.302536 0.101689 745.000000 205.000000
07 112 2 52 0.600000 -0.032581 0.045582 1.219717 1.219038 0.045582 733.000000 165.000000
07 113 2 53 0.800000 -0.082280 -0.180552 1.019359 1.018651 6.102633 674.000000 198.000000
07 114 2 54 1.200000 0.110712 0.107912 0.852355 0.851651 0.107912 746.000000 210.000000
07 115 2 55 1.600000 -0.070523 -0.089953 1.286569 1.285835 6.193233 697.000000 195.000000
07 116 2 56 0.250000 0.467706 -0.086541 0.952595 0.951851 6.196644 701.000000 231.000000
07 117 2 57 1.550000 -0.024228 -0.032018 0.919184 0.918453 6.251168 711.000000 169.000000
07 118 2 58 1.500000 -0.251698 -0.285060 0.935908 0.935153 5.998126 640.000000 177.000000
07 119 2 59 1.500000 0.222185 0.226799 2.288530 2.287781 0.226799 777.000000 203.000000
07 120 2 60 0.050000 0.285226 0.508215 0.919127 0.918451 0.508215 847.000000 222.000000
07 121 3 01 0.900000 -0.581636 -0.546789 1.286567 1.285834 5.736396 566.000000 197.000000
07 122 3 02 0.600000 0.134650 -0.059788 1.002640 1.001949 6.223397 703.000000 166.000000
07 123 3 03 1.200000 0.240108 0.203261 0.869031 0.868357 0.203261 774.000000 188.000000
07 124 3 04 0.650000 0.129562 0.142488 0.802263 0.801560 0.142488 754.000000 213.000000
07 125 3 05 1.400000 0.038973 0.070637 1.219755 1.219037 0.070637 735.000000 238.000000
07 126 3 06 1.750000 0.002269 -0.003922 1.052789 1.052045 6.279264 719.000000 195.000000
07 127 3 07 1.050000 -0.324856 -0.369989 1.236437 1.235739 5.913196 637.000000 236.000000
07 128 3 08 1.450000 -0.276408 -0.290182 1.169679 1.168941 5.993003 634.000000 162.000000
07 129 3 09 0.550000 0.135142 -0.241464 1.036077 1.035347 6.041722 654.000000 182.000000
07 130 3 10 1.000000 0.200341 0.244104 0.935859 0.935153 0.244104 787.000000 181.000000
07 131 3 11 0.350000 0.230634 0.221781 1.119568 1.118841 0.221781 789.000000 144.000000
07 132 3 12 0.750000 -0.400020 -0.569463 1.019309 1.018646 5.713722 599.000000 261.000000
07 133 3 13 1.550000 0.204761 0.234723 1.236442 1.235734 0.234723 786.000000 174.000000
07 134 3 14 0.500000 0.216353 -0.209828 1.152981 1.152237 6.073357 674.000000 234.000000
07 135 3 15 0.650000 0.313111 0.307165 1.269873 1.269136 0.307165 838.000000 78.000000
07 136 3 16 0.650000 -0.199354 -0.355342 1.203085 1.202339 5.927844 625.000000 194.000000
07 137 3 17 0.450000 0.262216 -0.014492 1.019379 1.018647 6.268694 716.000000 174.000000
07 138 3 18 0.500000 -0.235416 -0.189441 1.119555 1.118842 6.093744 655.000000 111.000000
07 139 3 19 1.150000 -0.201232 -0.252344 1.085991 1.085447 6.030842 646.000000 163.000000
07 140 3 20 1.750000 -0.115893 -0.158384 0.902427 0.901753 6.124801 674.000000 162.000000
07 141 3 21 1.250000 0.202350 0.207704 0.885797 0.885054 0.207704 771.000000 208.000000
07 142 3 22 1.050000 -0.053408 -0.073796 0.885714 0.885043 6.209390 701.000000 193.000000
07 143 3 23 1.400000 -0.073408 -0.069333 0.902515 0.901754 6.213852 700.000000 162.000000
07 144 3 24 0.850000 -0.083910 -0.169007 1.219782 1.219039 6.114178 677.000000 198.000000
07 145 3 25 0.550000 -0.437732 -0.572619 0.902295 0.901756 5.710566 593.000000 253.000000
07 146 3 26 0.900000 -0.351111 -0.414056 0.952534 0.951853 5.869129 622.000000 227.000000
07 147 3 27 1.100000 0.211200 0.218190 1.303269 1.302532 0.218190 769.000000 229.000000
07 148 3 28 1.350000 0.100686 0.094061 0.768837 0.768166 0.094061 745.000000 185.000000
07 149 3 29 1.100000 -0.112736 -0.149446 0.885813 0.885055 6.133740 667.000000 98.000000
07 150 3 30 0.250000 -0.264710 -0.180210 0.952587 0.951852 6.102976 675.000000 203.000000
07 151 3 31 0.600000 -0.381985 -0.576548 1.169698 1.168941 5.706637 588.000000 247.000000
07 152 3 32 1.650000 -0.693790 -0.678371 0.952557 0.951853 5.604815 558.000000 249.000000
07 153 3 33 1.750000 -0.029555 -0.051050 1.169643 1.168941 6.232135 706.000000 176.000000
07 154 3 34 0.850000 -0.607237 -0.714720 2.121512 2.120791 5.568466 510.000000 208.000000
07 155 3 35 1.300000 0.054298 0.084259 0.969197 0.968556 0.084259 745.000000 154.000000
07 156 3 36 1.100000 -0.165839 -0.290314 1.453507 1.452827 5.992871 648.000000 209.000000
07 157 3 37 0.450000 -0.234594 -0.189856 0.852454 0.851658 6.093329 666.000000 169.000000
07 158 3 38 1.150000 0.005508 0.074860 0.802311 0.801560 0.074860 741.000000 170.000000
07 159 3 39 0.700000 0.260989 0.004310 0.802311 0.801556 0.004310 721.000000 218.000000
07 160 3 40 0.550000 0.222346 0.120520 1.286577 1.285834 0.120520 755.000000 161.000000
07 161 3 41 1.150000 0.160546 0.170490 1.102831 1.102145 0.170490 767.000000 177.000000
07 162 3 42 1.500000 0.135114 0.172191 1.169689 1.168938 0.172191 764.000000 197.000000
07 163 3 43 0.000000 -0.106744 0.122884 1.253171 1.252437 0.122884 751.000000 199.000000
07 164 3 44 1.000000 0.113502 0.140904 0.802312 0.801559 0.140904 760.000000 168.000000
07 165 3 45 0.150000 0.203356 0.239499 1.269869 1.269135 0.239499 783.000000 192.000000
07 166 3 46 1.350000 -0.521170 -0.421189 0.935905 0.935153 5.861996 608.000000 200.000000
07 167 3 47 1.150000 0.005630 0.077909 1.203038 1.202337 0.077909 741.000000 181.000000
07 168 3 48 1.000000 0.021234 0.028681 0.952518 0.951849 0.028681 727.000000 206.000000
07 169 3 49 0.750000 -0.286268 -0.402321 0.935882 0.935154 5.880864 620.000000 215.000000
07 170 3 50 0.850000 -0.167142 -0.182076 0.902508 0.901757 6.101109 669.000000 173.000000
07 171 3 51 1.450000 -0.115628 -0.131972 1.152961 1.152240 6.151213 690.000000 224.000000
07 172 3 52 0.250000 0.218879 -0.393451 0.902452 0.901755 5.889735 610.000000 185.000000
07 173 3 53 1.550000 -0.279330 -0.352811 0.919123 0.918453 5.930375 625.000000 192.000000
07 174 3 54 1.700000 -0.428290 -0.426627 1.269875 1.269136 5.856558 625.000000 241.000000
07 175 3 55 0.750000 0.111429 0.151692 0.852323 0.851654 0.151692 768.000000 136.000000
07 176 3 56 1.100000 0.212431 0.210510 1.002686 1.001950 0.210510 770.000000 216.000000
07 177 3 57 0.950000 0.187979 0.179095 0.919141 0.918455 0.179095 762.000000 218.000000
07 178 3 58 1.300000 -0.581007 -0.593503 0.818945 0.818259 5.689682 579.000000 241.000000
07 179 3 59 1.200000 0.493520 0.393154 1.002663 1.001951 0.393154 810.000000 233.000000
07 180 3 60 0.400000 -0.651011 0.278300 1.253156 1.252437 0.278300 788.000000 212.000000
07 181 4 01 1.750000 -0.492025 -0.524180 1.086141 1.085444 5.759006 609.000000 258.000000
07 182 4 02 0.650000 -0.202132 -0.319070 0.852413 0.851658 5.964116 646.000000 226.000000
07 183 4 03 0.250000 0.160444 -0.465424 0.818804 0.818261 5.817762 607.000000 225.000000
07 184 4 04 0.350000 0.168514 -0.079378 1.219779 1.219039 6.203807 699.000000 186.000000
07 185 4 05 1.100000 -0.039594 -0.053447 0.852323 0.851655 6.229738 707.000000 207.000000
07 186 4 06 0.000000 0.024996 -0.249909 0.919191 0.918454 6.033277 647.000000 164.000000
07 187 4 07 0.400000 0.212932 -0.051338 0.885749 0.885058 6.231847 707.000000 197.000000
07 188 4 08 1.650000 0.070971 0.093603 1.637277 1.636517 0.093603 743.000000 205.000000
07 189 4 09 0.200000 -0.291729 -0.623199 0.768916 0.768159 5.659986 559.000000 226.000000
07 190 4 10 0.400000 0.517999 -0.266252 0.835666 0.834956 6.016933 651.000000 197.000000
07 191 4 11 0.600000 0.258091 0.190518 1.236408 1.235736 0.190518 774.000000 170.000000
07 192 4 12 0.150000 -0.105239 -0.551393 1.036127 1.035348 5.731792 589.000000 237.000000
07 193 4 13 1.750000 0.063323 0.072522 0.902504 0.901754 0.072522 737.000000 216.000000
07 194 4 14 1.450000 0.101280 0.067274 1.236454 1.235736 0.067274 739.000000 168.000000
07 195 4 15 0.200000 -0.015681 -0.200286 0.885735 0.885057 6.082900 666.000000 184.000000
07 196 4 16 0.150000 0.230401 0.199730 1.269859 1.269135 0.199730 770.000000 203.000000
07 197 4 17 1.450000 0.502803 0.396852 1.219708 1.219037 0.396852 821.000000 209.000000
07 198 4 18 1.350000 -0.234939 -0.285424 0.985987 0.985250 5.997761 644.000000 191.000000
07 199 4 19 1.050000 0.358434 0.312272 1.069416 1.068748 0.312272 802.000000 196.000000
07 200 4 20 0.650000 0.043109 0.018313 1.069420 1.068745 0.018313 725.000000 177.000000
07 201 4 21 1.700000 -0.258315 -0.293109 1.152983 1.152239 5.990076 653.000000 228.000000
07 202 4 22 0.600000 -0.119678 -0.014387 0.902456 0.901752 6.268798 716.000000 172.000000
07 203 4 23 0.500000 0.105465 -0.180265 1.236511 1.235738 6.102921 681.000000 236.000000
07 204 4 24 1.600000 -0.201975 -0.204926 1.002686 1.001950 6.078260 667.000000 195.000000
07 205 4 25 1.700000 0.054475 0.084739 0.985983 0.985248 0.084739 742.000000 191.000000
07 206 4 26 1.550000 0.675605 0.585644 1.202989 1.202338 0.585644 850.000000 254.000000
07 207 4 27 0.550000 -0.259354 -0.274627 1.119590 1.118846 6.008558 649.000000 198.000000
07 208 4 28 0.100000 -0.001381 0.710824 0.835681 0.834962 0.710824 881.000000 263.000000
07 209 4 29 0.500000 -0.201946 -0.283253 0.835665 0.834957 5.999932 658.000000 237.000000
07 210 4 30 0.100000 0.508770 0.510488 1.119537 1.118841 0.510488 846.000000 225.000000
07 211 4 31 0.700000 0.165995 0.145876 1.303286 1.302532 0.145876 751.000000 239.000000
07 212 4 32 1.000000 0.163273 0.147770 0.952510 0.951851 0.147770 759.000000 188.000000
07 213 4 33 0.350000 -0.220164 0.262995 0.869110 0.868352 0.262995 776.000000 242.000000
07 214 4 34 0.850000 -0.112935 -0.201021 1.069295 1.068752 6.082164 666.000000 185.000000
07 215 4 35 1.550000 0.143257 0.133681 0.985982 0.985249 0.133681 759.000000 160.000000
07 216 4 36 1.750000 -0.150059 -0.155108 1.219792 1.219037 6.128078 677.000000 175.000000
07 217 4 37 0.450000 0.293885 -0.187583 1.002683 1.001953 6.095602 679.000000 234.000000
07 218 4 38 0.700000 -0.777608 -0.805114 0.835628 0.834959 5.478071 539.000000 276.000000
07 219 4 39 0.900000 -0.220799 -0.265043 0.919171 0.918454 6.018142 644.000000 170.000000
07 220 4 40 0.450000 -0.655705 -0.721061 0.985949 0.985252 5.562124 553.000000 260.000000
07 221 4 41 0.750000 0.140462 0.041911 1.152946 1.152241 0.041911 733.000000 140.000000
07 222 4 42 0.650000 0.132319 -0.004630 1.152986 1.152242 6.278556 719.000000 234.000000
07 223 4 43 0.800000 0.061439 0.058756 1.052732 1.052047 0.058756 735.000000 195.000000
07 224 4 44 1.350000 0.129842 0.155108 1.102818 1.102145 0.155108 763.000000 175.000000
07 225 4 45 1.400000 0.080613 0.078072 1.319900 1.319234 0.078072 743.000000 156.000000
07 226 4 46 1.250000 0.276113 0.236849 1.236446 1.235737 0.236849 776.000000 218.000000
07 227 4 47 0.050000 0.216032 0.123808 0.869044 0.868356 0.123808 748.000000 225.000000
07 228 4 48 0.950000 -0.516844 -0.508992 0.902498 0.901752 5.774194 595.000000 226.000000
07 229 4 49 0.450000 0.172176 0.016876 1.019313 1.018648 0.016876 724.000000 213.000000
07 230 4 50 0.450000 0.059617 -0.334250 0.835709 0.834957 5.948935 637.000000 211.000000
07 231 4 51 0.950000 0.468089 0.175940 1.286559 1.285836 0.175940 760.000000 225.000000
07 232 4 52 1.600000 0.473860 0.391811 1.219717 1.219038 0.391811 858.000000 116.000000
07 233 4 53 1.250000 0.347763 0.339123 1.136256 1.135543 0.339123 829.000000 141.000000
07 234 4 54 0.300000 -0.989595 -0.309986 0.835652 0.834957 5.973199 638.000000 194.000000
07 235 4 55 1.500000 0.015950 0.033569 0.952554 0.951849 0.033569 729.000000 182.000000
07 236 4 56 1.650000 0.102630 0.103792 1.002669 1.001947 0.103792 745.000000 210.000000
07 237 4 57 0.100000 -0.114895 0.101971 1.052797 1.052045 0.101971 742.000000 235.000000
07 238 4 58 1.050000 0.289219 0.170333 1.136236 1.135542 0.170333 763.000000 200.000000
07 239 4 59 0.600000 0.410479 0.077909 0.852331 0.851655 0.077909 741.000000 181.000000
07 240 4 60 0.200000 -0.193398 -0.352128 0.718822 0.718063 5.931057 641.000000 235.000000
07 241 5 01 1.500000 -0.098985 -0.144363 0.985947 0.985250 6.138822 687.000000 223.000000
07 242 5 02 1.700000 0.281555 0.269589 0.935852 0.935153 0.269589 804.000000 146.000000
07 243 5 03 1.300000 0.244695 0.216194 1.119535 1.118842 0.216194 767.000000 236.000000
07 244 5 04 0.650000 0.012000 -0.129198 0.885808 0.885055 6.153988 687.000000 196.000000
07 245 5 05 1.600000 -0.045594 -0.065983 1.086151 1.085444 6.217202 705.000000 223.000000
07 246 5 06 1.700000 0.212274 0.209307 0.952581 0.951853 0.209307 785.000000 144.000000
07 247 5 07 0.700000 0.259495 0.094952 1.136230 1.135537 0.094952 744.000000 198.000000
07 248 5 08 0.300000 -0.765741 -0.619819 0.985932 0.985250 5.663366 563.000000 230.000000
07 249 5 09 1.650000 -0.127766 -0.164537 0.902440 0.901754 6.118649 676.000000 185.000000
07 250 5 10 1.650000 -0.141531 -0.184823 0.902502 0.901746 6.098362 677.000000 220.000000
07 251 5 11 0.150000 -0.286762 -0.423669 0.935868 0.935151 5.859516 628.000000 246.000000
07 252 5 12 0.850000 -0.189638 -0.284320 1.152958 1.152241 5.998865 656.000000 231.000000
07 253 5 13 0.700000 0.016006 0.024906 1.052790 1.052045 0.024906 727.000000 169.000000
07 254 5 14 1.400000 -0.058835 -0.044415 0.869048 0.868352 6.238770 706.000000 135.000000
07 255 5 15 1.100000 -0.025114 -0.037296 1.069445 1.068748 6.245889 710.000000 182.000000
07 256 5 16 1.200000 0.386597 0.288055 1.169680 1.168940 0.288055 784.000000 234.000000
07 257 5 17 0.500000 0.037499 -0.096193 1.052773 1.052056 6.186992 698.000000 222.000000
07 258 5 18 0.150000 -0.307659 -0.343024 0.952512 0.951859 5.940161 640.000000 226.000000
07 259 5 19 0.600000 -0.075504 -0.263844 1.086174 1.085446 6.019341 663.000000 239.000000
07 260 5 20 1.250000 -0.000576 -0.040628 0.785580 0.784862 6.242557 710.000000 204.000000
07 261 5 21 1.500000 -0.181920 -0.177698 0.969317 0.968550 6.105488 676.000000 205.000000
07 262 5 22 0.200000 -0.385837 -0.324439 0.902415 0.901754 5.958747 645.000000 227.000000
07 263 5 23 0.200000 0.169120 -0.465676 1.269798 1.269135 5.817509 621.000000 253.000000
07 264 5 24 0.650000 -0.304406 -0.485732 1.603872 1.603117 5.797453 616.000000 253.000000
07 265 5 25 0.150000 -0.062818 0.557743 0.802287 0.801559 0.557743 851.000000 240.000000
07 266 5 26 0.200000 -0.055094 -0.352990 0.768865 0.768165 5.930195 643.000000 241.000000
07 267 5 27 0.600000 0.168413 -0.003891 0.969315 0.968552 6.279294 719.000000 193.000000
07 268 5 28 0.900000 -0.436509 -0.459558 1.152991 1.152242 5.823628 623.000000 254.000000
07 269 5 29 1.600000 -0.132937 -0.143452 0.902515 0.901754 6.139733 681.000000 180.000000
07 270 5 30 0.200000 -0.379146 -0.451070 0.852337 0.851655 5.832116 627.000000 258.000000
07 271 5 31 0.550000 0.017942 -0.076188 0.785563 0.784861 6.206997 700.000000 188.000000
07 272 5 32 0.350000 0.524371 -0.230086 0.985964 0.985251 6.053099 668.000000 228.000000
07 273 5 33 1.400000 -0.346449 -0.389548 2.288502 2.287780 5.893638 642.000000 260.000000
07 274 5 34 1.750000 0.266515 0.265294 1.336666 1.335930 0.265294 792.000000 185.000000
07 275 5 35 0.300000 0.382285 -0.243853 0.802213 0.801559 6.039333 668.000000 241.000000
07 276 5 36 0.300000 -0.403145 -0.608910 0.818962 0.818259 5.674276 591.000000 265.000000
07 277 5 37 1.350000 -0.501185 -0.544494 1.052742 1.052047 5.738691 611.000000 270.000000
07 278 5 38 1.450000 -0.347182 -0.416513 0.986019 0.985248 5.866673 624.000000 233.000000
07 279 5 39 0.450000 -0.083708 -0.341950 0.885785 0.885055 5.941235 636.000000 214.000000
07 280 5 40 1.300000 -0.123629 -0.140576 1.203043 1.202338 6.142609 690.000000 238.000000
07 281 5 41 0.750000 0.000383 -0.041788 0.919137 0.918449 6.241398 708.000000 163.000000
07 282 5 42 0.400000 -0.579095 -0.496762 0.935872 0.935151 5.786424 617.000000 260.000000
07 283 5 43 0.800000 0.030220 0.087879 0.935844 0.935153 0.087879 740.000000 223.000000
07 284 5 44 1.650000 0.187203 0.209127 1.119564 1.118841 0.209127 779.000000 172.000000
07 285 5 45 1.550000 0.071629 0.062142 1.036005 1.035348 0.062142 734.000000 225.000000
07 286 5 46 1.550000 -0.227859 -0.283253 1.102896 1.102143 5.999932 658.000000 237.000000
07 287 5 47 1.250000 0.106305 0.144034 0.902296 0.901759 0.144034 758.000000 188.000000
07 288 5 48 1.000000 0.511543 0.433455 1.086144 1.085445 0.433455 832.000000 208.000000
07 289 5 49 1.300000 -0.169604 -0.221821 1.119501 1.118841 6.061365 667.000000 215.000000
07 290 5 50 1.400000 -0.050925 -0.114392 1.253131 1.252433 6.168793 693.000000 215.000000
07 291 5 51 0.450000 0.160615 0.054114 0.969249 0.968556 0.054114 733.000000 210.000000
07 292 5 52 0.700000 -0.536247 -0.559507 0.919195 0.918454 5.723679 596.000000 252.000000
07 293 5 53 1.600000 0.000492 0.000000 1.754057 1.753410 0.000000 720.000000 220.000000
07 294 5 54 1.050000 -0.388409 -0.440830 1.085994 1.085448 5.842355 628.000000 255.000000
07 295 5 55 0.200000 0.760964 -0.252678 2.923086 2.922350 6.030507 657.000000 206.000000
07 296 5 56 1.250000 -0.015921 0.016527 0.985955 0.985248 0.016527 724.000000 208.000000
07 297 5 57 1.050000 0.490461 0.408908 0.952395 0.951850 0.408908 824.000000 210.000000
07 298 5 58 1.000000 0.419478 0.375689 1.286585 1.285833 0.375689 819.000000 199.000000
07 299 5 59 0.700000 0.056718 -0.077067 1.319930 1.319231 6.206118 700.000000 191.000000
07 300 5 60 0.750000 -0.147419 -0.243182 1.019355 1.018648 6.040004 655.000000 188.000000
07 301 6 01 1.200000 0.185235 0.129839 1.102799 1.102143 0.129839 761.000000 136.000000
07 302 6 02 1.650000 0.237485 0.254078 0.935879 0.935151 0.254078 787.000000 192.000000
07 303 6 03 0.800000 -0.470638 -0.512628 1.303257 1.302532 5.770557 608.000000 251.000000
07 304 6 04 0.950000 0.191789 0.098655 0.818984 0.818258 0.098655 749.000000 157.000000
07 305 6 05 1.500000 -0.143748 -0.268157 1.052795 1.052046 6.015028 659.000000 228.000000
07 306 6 06 1.650000 0.055127 0.061075 1.119547 1.118844 0.061075 737.000000 172.000000
07 307 6 07 1.000000 -0.160440 -0.187997 1.152783 1.152245 6.095188 681.000000 245.000000
07 308 6 08 0.350000 -0.179100 -0.563316 0.785595 0.784859 5.719869 600.000000 260.000000
07 309 6 09 0.050000 -0.296954 0.004184 0.802201 0.801560 0.004184 721.000000 211.000000
07 310 6 10 1.600000 0.302450 0.249252 1.019308 1.018650 0.249252 776.000000 230.000000
07 311 6 11 1.350000 -0.195795 -0.221747 1.219778 1.219038 6.061438 658.000000 175.000000
07 312 6 12 1.250000 0.278731 0.251003 1.219758 1.219040 0.251003 790.000000 177.000000
07 313 6 13 0.950000 0.102379 0.069979 1.119564 1.118845 0.069979 735.000000 236.000000
07 314 6 14 0.450000 -0.031222 -0.195838 0.902521 0.901756 6.087347 671.000000 203.000000
07 315 6 15 0.550000 -0.145298 -0.326431 0.969287 0.968551 5.956755 655.000000 258.000000
07 316 6 16 0.000000 0.404423 -0.507513 0.969274 0.968549 5.775673 606.000000 245.000000
07 317 6 17 1.350000 0.137501 0.084307 1.186334 1.185637 0.084307 738.000000 237.000000
07 318 6 18 1.150000 0.514391 0.402466 0.952515 0.951852 0.402466 826.000000 201.000000
07 319 6 19 0.850000 0.244489 0.121842 1.002617 1.001949 0.121842 756.000000 156.000000
07 320 6 20 0.900000 0.021210 -0.003425 0.768904 0.768161 6.279761 719.000000 158.000000
07 321 6 21 0.800000 -0.390499 -0.393370 0.718776 0.718062 5.889815 637.000000 250.000000
07 322 6 22 1.600000 0.564497 0.473647 1.152898 1.152241 0.473647 822.000000 251.000000
07 323 6 23 1.250000 0.114341 0.089647 0.869079 0.868354 0.089647 744.000000 183.000000
07 324 6 24 0.100000 -0.131041 -0.201484 0.785572 0.784860 6.081701 672.000000 215.000000
07 325 6 25 0.250000 -0.148920 -0.525011 0.935895 0.935152 5.758174 614.000000 267.000000
07 326 6 26 0.650000 -0.334204 -0.494827 0.969268 0.968552 5.788359 611.000000 248.000000
07 327 6 27 0.400000 -0.014678 -0.579361 0.986020 0.985250 5.703824 597.000000 262.000000
07 328 6 28 0.300000 -0.762022 -0.529912 0.434882 0.434183 5.753273 621.000000 281.000000
07 329 6 29 1.200000 0.595090 0.588003 1.052778 1.052047 0.588003 842.000000 267.000000
07 330 6 30 0.850000 -0.142809 -0.274167 1.319905 1.319230 6.009018 648.000000 194.000000
07 331 6 31 1.150000 -0.237689 -0.275667 1.019390 1.018647 6.007519 649.000000 199.000000
07 332 6 32 0.100000 -0.586785 0.135528 1.319914 1.319233 0.135528 762.000000 142.000000
07 333 6 33 1.650000 -0.163896 -0.190953 1.002678 1.001947 6.092232 668.000000 181.000000
07 334 6 34 0.000000 -0.068668 0.240773 1.670597 1.669914 0.240773 775.000000 226.000000
07 335 6 35 0.850000 0.378713 0.323562 0.768876 0.768160 0.323562 831.000000 119.000000
07 336 6 36 0.000000 -0.238498 -0.273892 1.036082 1.035347 6.009294 661.000000 240.000000
07 337 6 37 1.500000 -0.090404 -0.097151 1.136308 1.135541 6.186034 697.000000 214.000000
07 338 6 38 0.400000 -0.388905 -0.413999 0.885836 0.885058 5.869186 604.000000 186.000000
07 339 6 39 0.100000 -0.129440 0.112536 1.119509 1.118841 0.112536 753.000000 158.000000
07 340 6 40 0.250000 -0.148253 -0.209795 1.052794 1.052049 6.073391 664.000000 187.000000
07 341 6 41 0.700000 0.269050 0.362419 1.019331 1.018646 0.362419 811.000000 210.000000
07 342 6 42 1.700000 0.753227 0.634383 1.036069 1.035346 0.634383 876.000000 238.000000
07 343 6 43 0.050000 0.052852 -0.397079 1.119556 1.118841 5.886106 629.000000 233.000000
07 344 6 44 1.350000 -0.735417 -0.594759 0.902466 0.901757 5.688426 582.000000 246.000000
07 345 6 45 1.550000 0.237643 0.239232 0.952514 0.951854 0.239232 780.000000 204.000000
07 346 6 46 0.550000 -0.407354 -0.565414 1.186388 1.185638 5.717771 595.000000 253.000000
07 347 6 47 1.450000 0.336805 0.306523 0.835669 0.834958 0.306523 814.000000 153.000000
07 348 6 48 1.700000 0.044120 0.078906 1.921037 1.920405 0.078906 737.000000 235.000000
07 349 6 49 0.150000 0.465693 0.068270 0.985984 0.985249 0.068270 736.000000 216.000000
07 350 6 50 0.950000 0.000148 0.030964 1.119588 1.118843 0.030964 727.000000 224.000000
07 351 6 51 0.950000 0.120710 0.155364 1.386722 1.386031 0.155364 759.000000 201.000000
07 352 6 52 1.750000 0.366343 0.298780 1.336659 1.335931 0.298780 797.000000 200.000000
07 353 6 53 0.600000 0.332097 0.161575 1.002602 1.001949 0.161575 757.000000 223.000000
07 354 6 54 0.050000 -0.153247 -0.008000 0.935846 0.935152 6.275185 718.000000 200.000000
07 355 6 55 0.400000 -0.300533 -0.407632 0.802273 0.801559 5.875554 606.000000 186.000000
07 356 6 56 0.700000 -0.130727 -0.245997 0.985950 0.985251 6.037188 662.000000 219.000000
07 357 6 57 0.800000 0.174352 0.110657 1.086155 1.085446 0.110657 748.000000 198.000000
07 358 6 58 0.850000 0.437683 0.352780 1.486880 1.486224 0.352780 801.000000 230.000000
07 359 6 59 0.100000 -0.586079 0.313365 1.052798 1.052047 0.313365 813.000000 163.000000
07 360 6 60 0.000000 0.348180 0.222995 0.969200 0.968550 0.222995 781.000000 181.000000
