12 000 0 01 1.343353 0.842386 0.576933 1.975219 1.972714 0.576933 843.000000 261.000000
12 000 0 02 1.215112 -0.543525 -0.728136 2.090511 2.089740 5.555049 572.000000 284.000000
12 000 0 03 1.043243 0.518828 0.410600 2.424820 2.424097 0.410600 821.000000 218.000000
12 000 0 04 1.437734 0.538573 0.551655 1.839722 1.838970 0.551655 864.000000 216.000000
12 000 0 05 1.457625 0.186527 0.193054 1.421688 1.421023 0.193054 772.000000 184.000000
12 000 0 06 1.352731 -0.119894 -0.282555 1.990145 1.989434 6.000630 657.000000 233.000000
12 000 0 07 1.081163 -0.078055 -0.139709 1.338136 1.337434 6.143476 684.000000 194.000000
12 000 0 08 1.407798 0.497670 0.612152 2.424699 2.424099 0.612152 852.000000 262.000000
12 000 0 09 1.122197 0.476325 0.517740 1.772739 1.772100 0.517740 851.000000 220.000000
12 000 0 10 1.185297 0.537105 0.574670 2.692249 2.691585 0.574670 867.000000 223.000000
12 001 1 01 0.750000 0.289185 0.194534 1.488606 1.487894 0.194534 773.000000 181.000000
12 002 1 02 0.450000 -0.331380 -0.225534 1.789535 1.788816 6.057651 667.000000 219.000000
12 003 1 03 1.350000 -0.286646 -0.226219 1.237879 1.237115 6.056966 662.000000 198.000000
12 004 1 04 0.600000 0.063614 0.023805 1.405015 1.404307 0.023805 726.000000 198.000000
12 005 1 05 1.200000 0.057326 0.010050 2.190766 2.190040 0.010050 722.000000 251.000000
12 006 1 06 0.650000 0.241034 0.135338 1.204342 1.203691 0.135338 752.000000 215.000000
12 007 1 07 0.600000 0.435543 0.133067 1.287951 1.287280 0.133067 754.000000 196.000000
12 008 1 08 0.350000 -0.158178 -0.151015 2.608721 2.607985 6.132170 678.000000 174.000000
12 009 1 09 1.450000 0.075670 0.076479 1.455188 1.454458 0.076479 740.000000 189.000000
12 010 1 10 1.750000 0.066797 0.061398 1.488618 1.487895 0.061398 735.000000 206.000000
12 011 1 11 1.050000 0.338795 0.269688 1.137577 1.136817 0.269688 788.000000 204.000000
12 012 1 12 0.700000 0.203893 0.174672 1.053981 1.053225 0.174672 762.000000 212.000000
12 013 1 13 0.150000 -0.227823 -0.062679 1.455230 1.454457 6.220506 705.000000 211.000000
12 014 1 14 1.250000 -0.458000 -0.356847 1.873083 1.872408 5.926339 635.000000 222.000000
12 015 1 15 0.600000 0.355796 0.212938 0.920199 0.919475 0.212938 776.000000 191.000000
12 016 1 16 1.600000 0.012749 0.004065 1.037276 1.036514 0.004065 721.000000 204.000000
12 017 1 17 0.100000 -0.121465 -0.008772 1.722682 1.721946 6.274414 718.000000 222.000000
12 018 1 18 1.300000 -0.395931 -0.293494 1.856467 1.855690 5.989691 652.000000 225.000000
12 019 1 19 0.800000 -0.396536 -0.411901 1.037287 1.036513 5.871284 630.000000 244.000000
12 020 1 20 1.150000 -0.188201 -0.293768 0.953697 0.952923 5.989417 648.000000 212.000000
12 021 1 21 0.600000 -0.456743 -0.199159 0.970336 0.969641 6.084026 676.000000 232.000000
12 022 1 22 1.400000 0.516646 0.522613 1.588920 1.588202 0.522613 845.000000 233.000000
12 023 1 23 1.500000 0.090848 0.123917 1.371586 1.370868 0.123917 755.000000 169.000000
12 024 1 24 1.250000 -0.213068 -0.199936 1.154275 1.153537 6.083250 674.000000 223.000000
12 025 1 25 1.700000 0.442716 0.347208 1.137560 1.136818 0.347208 813.000000 193.000000
12 026 1 26 1.600000 -0.025128 -0.190128 3.678656 3.677941 6.093057 669.000000 185.000000
12 027 1 27 1.550000 -0.478402 -0.397706 1.706041 1.705226 5.885480 628.000000 231.000000
12 028 1 28 1.700000 0.149278 0.219055 1.304727 1.303998 0.219055 781.000000 176.000000
12 029 1 29 0.450000 0.850411 0.268760 1.037170 1.036512 0.268760 785.000000 214.000000
12 030 1 30 1.500000 -0.130928 -0.219578 1.254519 1.253845 6.063608 668.000000 217.000000
12 031 1 31 1.600000 -0.168396 -0.192603 1.271241 1.270555 6.090582 673.000000 209.000000
12 032 1 32 0.950000 0.442109 0.393656 1.739336 1.738663 0.393656 850.000000 137.000000
12 033 1 33 1.600000 -0.404763 -0.431285 1.822995 1.822254 5.851900 616.000000 224.000000
12 034 1 34 1.200000 -0.032278 -0.128780 1.605611 1.604921 6.154406 684.000000 172.000000
12 035 1 35 1.500000 -0.112719 -0.124870 1.120786 1.120102 6.158315 690.000000 211.000000
12 036 1 36 1.700000 -0.031920 -0.052583 2.123856 2.123177 6.230602 707.000000 203.000000
12 037 1 37 0.050000 0.114585 -0.012096 1.187652 1.186975 6.271089 717.000000 202.000000
12 038 1 38 1.550000 -0.103625 -0.112728 1.170972 1.170256 6.170458 690.000000 185.000000
12 039 1 39 1.400000 0.012410 0.019155 1.689239 1.688507 0.019155 725.000000 189.000000
12 040 1 40 1.100000 -0.284452 -0.245947 1.104082 1.103383 6.037239 659.000000 207.000000
12 041 1 41 0.900000 0.352494 0.396205 2.240923 2.240202 0.396205 825.000000 199.000000
12 042 1 42 1.350000 0.089948 0.159678 1.488586 1.487895 0.159678 763.000000 183.000000
12 043 1 43 1.300000 -0.040906 -0.112480 1.070627 1.069958 6.170705 686.000000 149.000000
12 044 1 44 0.700000 -0.071594 -0.207496 1.221107 1.220400 6.075689 668.000000 203.000000
12 045 1 45 1.100000 -0.286026 -0.284101 0.936877 0.936204 5.999084 647.000000 200.000000
12 046 1 46 1.750000 -0.032982 -0.094579 1.639087 1.638354 6.188607 696.000000 197.000000
12 047 1 47 0.200000 -0.288705 -0.166478 1.254530 1.253845 6.116708 679.000000 206.000000
12 048 1 48 0.800000 0.776461 0.521758 1.522056 1.521329 0.521758 862.000000 203.000000
12 049 1 49 1.200000 -0.232057 -0.228400 0.836493 0.835899 6.054785 667.000000 222.000000
12 050 1 50 1.550000 0.427644 0.407193 1.622307 1.621640 0.407193 833.000000 188.000000
12 051 1 51 1.300000 -0.125308 -0.283959 1.304773 1.303999 5.999226 652.000000 217.000000
12 052 1 52 0.150000 0.201916 -0.003546 1.037244 1.036511 6.279639 719.000000 168.000000
12 053 1 53 0.150000 0.199916 -0.145310 0.886827 0.886051 6.137875 684.000000 204.000000
12 054 1 54 0.400000 -0.006051 0.213243 0.936902 0.936205 0.213243 775.000000 196.000000
12 055 1 55 0.650000 -0.163635 -0.221704 1.254632 1.253843 6.061481 665.000000 206.000000
12 056 1 56 1.550000 0.349510 0.374454 0.953602 0.952922 0.374454 821.000000 193.000000
12 057 1 57 1.300000 0.013252 0.045051 0.920188 0.919487 0.045051 731.000000 206.000000
12 058 1 58 1.650000 -0.005294 -0.003509 1.789499 1.788814 6.279677 719.000000 165.000000
12 059 1 59 0.150000 -0.008465 0.030180 1.488604 1.487895 0.030180 728.000000 185.000000
12 060 1 60 1.550000 0.163766 0.163366 1.254585 1.253843 0.163366 765.000000 177.000000
12 061 2 01 1.300000 0.051695 0.083697 0.970310 0.969640 0.083697 745.000000 152.000000
12 062 2 02 0.400000 0.039206 0.042169 1.221064 1.220409 0.042169 730.000000 213.000000
12 063 2 03 1.150000 0.276274 0.219114 1.522034 1.521332 0.219114 773.000000 212.000000
12 064 2 04 0.800000 0.248417 0.320440 0.786423 0.785743 0.320440 796.000000 221.000000
12 065 2 05 0.850000 -0.073832 -0.101405 0.786508 0.785742 6.181780 691.000000 165.000000
12 066 2 06 0.500000 0.319774 0.045051 0.903523 0.902767 0.045051 731.000000 206.000000
12 067 2 07 0.550000 0.250450 0.236706 0.886729 0.886050 0.236706 775.000000 222.000000
12 068 2 08 0.450000 0.095497 0.027771 1.455175 1.454459 0.027771 727.000000 198.000000
12 069 2 09 1.750000 0.029956 0.066020 2.157309 2.156612 0.066020 736.000000 208.000000
12 070 2 10 0.450000 -0.008863 0.011952 1.053890 1.053230 0.011952 723.000000 199.000000
12 071 2 11 0.900000 -0.240126 -0.252554 1.538707 1.538053 6.030631 656.000000 202.000000
12 072 2 12 0.700000 -0.085188 -0.139647 1.639070 1.638356 6.143538 685.000000 201.000000
12 073 2 13 0.800000 0.779951 0.528074 0.736276 0.735590 0.528074 846.000000 234.000000
12 074 2 14 0.100000 -0.186271 -0.379677 1.421712 1.421024 5.903508 637.000000 242.000000
12 075 2 15 1.050000 -0.593452 -0.441592 1.020508 1.019794 5.841593 616.000000 230.000000
12 076 2 16 1.050000 -0.247018 -0.281061 0.853308 0.852616 6.002125 651.000000 211.000000
12 077 2 17 1.050000 0.163880 0.190572 1.120827 1.120101 0.190572 769.000000 196.000000
12 078 2 18 0.100000 -0.303260 -0.089886 0.853342 0.852614 6.193299 699.000000 217.000000
12 079 2 19 0.150000 0.124759 -0.115916 1.923271 1.922561 6.167269 686.000000 158.000000
12 080 2 20 0.050000 0.065194 -0.040568 1.455148 1.454458 6.242617 709.000000 179.000000
12 081 2 21 0.200000 -0.270764 -0.006536 2.107148 2.106458 6.276649 718.000000 144.000000
12 082 2 22 0.550000 0.090333 0.000000 1.321380 1.320707 0.000000 720.000000 168.000000
12 083 2 23 0.150000 0.075139 0.019605 1.254551 1.253846 0.019605 725.000000 195.000000
12 084 2 24 1.100000 0.356673 0.242293 0.870001 0.869332 0.242293 785.000000 187.000000
12 085 2 25 0.950000 0.000205 0.012307 0.903436 0.902776 0.012307 724.000000 125.000000
12 086 2 26 1.000000 -0.121155 -0.137208 1.237800 1.237126 6.145978 687.000000 211.000000
12 087 2 27 0.400000 -0.038857 -0.063913 0.786418 0.785743 6.219272 704.000000 200.000000
12 088 2 28 1.400000 0.444671 0.316515 1.455139 1.454460 0.316515 814.000000 163.000000
12 089 2 29 0.250000 0.116921 -0.006097 1.371607 1.370870 6.277088 718.000000 122.000000
12 090 2 30 1.300000 -0.516443 -0.373134 1.973421 1.972713 5.910051 619.000000 192.000000
12 091 2 31 1.350000 -0.036276 -0.153391 1.404994 1.404305 6.129795 673.000000 146.000000
12 092 2 32 1.200000 0.098682 0.129275 0.953662 0.952920 0.129275 759.000000 150.000000
12 093 2 33 0.700000 -0.374333 -0.277754 0.886728 0.886050 6.005431 651.000000 208.000000
12 094 2 34 0.300000 -0.244950 -0.007874 1.304757 1.304000 6.275311 718.000000 196.000000
12 095 2 35 1.200000 -0.118676 -0.239232 1.756032 1.755381 6.043954 660.000000 204.000000
12 096 2 36 0.350000 -0.566938 -0.505902 0.853332 0.852614 5.777283 602.000000 237.000000
12 097 2 37 0.300000 0.415382 -0.034796 2.023583 2.022869 6.248389 709.000000 134.000000
12 098 2 38 1.400000 -0.485376 -0.468082 1.354826 1.354153 5.815103 629.000000 270.000000
12 099 2 39 0.100000 -0.093050 0.025730 0.870036 0.869323 0.025730 727.000000 178.000000
12 100 2 40 0.050000 0.290011 0.013605 1.187729 1.186972 0.013605 724.000000 156.000000
12 101 2 41 1.150000 -0.439850 -0.440241 1.538760 1.538041 5.842945 606.000000 208.000000
12 102 2 42 1.500000 -0.512408 -0.426314 0.987062 0.986358 5.856872 611.000000 210.000000
12 103 2 43 0.000000 -0.305179 0.091271 1.254507 1.253847 0.091271 747.000000 155.000000
12 104 2 44 1.650000 0.467084 0.410557 1.639099 1.638356 0.410557 831.000000 195.000000
12 105 2 45 1.100000 -0.574538 -0.612081 1.170954 1.170255 5.671105 581.000000 252.000000
12 106 2 46 1.400000 -0.432384 -0.443946 1.304718 1.303994 5.839240 603.000000 204.000000
12 107 2 47 1.050000 -0.072289 -0.006711 1.438445 1.437730 6.276474 718.000000 152.000000
12 108 2 48 0.000000 0.169245 0.123506 0.753044 0.752306 0.123506 756.000000 160.000000
12 109 2 49 1.600000 -0.099327 -0.115002 1.003817 1.003076 6.168183 685.000000 147.000000
12 110 2 50 0.950000 0.321163 0.260602 0.953584 0.952922 0.260602 800.000000 150.000000
12 111 2 51 0.750000 -0.131603 -0.245947 1.020541 1.019792 6.037239 659.000000 207.000000
12 112 2 52 1.150000 -0.084881 -0.078410 1.154303 1.153534 6.204775 698.000000 170.000000
12 113 2 53 1.700000 0.690305 0.597078 1.020436 1.019797 0.597078 909.000000 172.000000
12 114 2 54 1.200000 -0.085357 -0.152649 1.070636 1.069949 6.130536 678.000000 177.000000
12 115 2 55 0.750000 -0.126765 -0.081531 1.288043 1.287269 6.201654 699.000000 193.000000
12 116 2 56 0.650000 -0.489301 -0.393058 1.338192 1.337432 5.890127 635.000000 245.000000
12 117 2 57 0.950000 -0.503477 -0.422084 1.388303 1.387587 5.861102 623.000000 234.000000
12 118 2 58 0.200000 -0.223724 -0.324513 1.137525 1.136820 5.958672 647.000000 233.000000
12 119 2 59 0.500000 -0.606670 -0.477083 0.769791 0.769016 5.806103 613.000000 243.000000
12 120 2 60 1.150000 0.260180 0.290734 0.953625 0.952922 0.290734 796.000000 196.000000
12 121 3 01 1.450000 0.017862 0.014980 0.953686 0.952923 0.014980 724.000000 183.000000
12 122 3 02 1.400000 -0.475091 -0.345875 1.221161 1.220406 5.937311 640.000000 228.000000
12 123 3 03 1.050000 -0.175961 -0.206536 1.271298 1.270554 6.076649 676.000000 240.000000
12 124 3 04 0.950000 0.103229 0.180926 0.786433 0.785743 0.180926 765.000000 204.000000
12 125 3 05 0.200000 0.048301 -0.114877 0.987096 0.986357 6.168309 693.000000 216.000000
12 126 3 06 0.800000 -0.239520 -0.301047 1.388271 1.387588 5.982138 643.000000 202.000000
12 127 3 07 0.500000 0.146226 0.244979 1.020443 1.019793 0.244979 786.000000 186.000000
12 128 3 08 0.500000 0.277185 0.335727 1.287943 1.287279 0.335727 802.000000 215.000000
12 129 3 09 1.350000 -0.233946 -0.278848 0.970312 0.969642 6.004338 651.000000 209.000000
12 130 3 10 1.500000 -0.376121 -0.344556 1.254621 1.253844 5.938630 631.000000 202.000000
12 131 3 11 0.050000 0.527544 -0.106492 1.338135 1.337434 6.176693 689.000000 160.000000
12 132 3 12 1.250000 -0.519509 -0.405983 0.987112 0.986356 5.877202 625.000000 229.000000
12 133 3 13 0.700000 0.284123 0.325427 0.936852 0.936204 0.325427 830.000000 124.000000
12 134 3 14 0.750000 -0.027385 -0.026509 0.869993 0.869338 6.256676 713.000000 186.000000
12 135 3 15 1.200000 0.187972 0.221082 1.120797 1.120102 0.221082 789.000000 143.000000
12 136 3 16 1.200000 -0.254686 -0.381948 1.354890 1.354151 5.901237 624.000000 211.000000
12 137 3 17 0.900000 -0.641817 -0.638914 1.522080 1.521332 5.644271 564.000000 240.000000
12 138 3 18 0.250000 0.632231 -0.007326 0.719586 0.718872 6.275859 718.000000 177.000000
12 139 3 19 0.550000 0.481725 0.358771 0.970371 0.969641 0.358771 795.000000 250.000000
12 140 3 20 0.700000 -0.045327 -0.131807 0.870063 0.869332 6.151378 685.000000 186.000000
12 141 3 21 0.950000 -0.286614 -0.221232 1.288002 1.287280 6.061953 655.000000 161.000000
12 142 3 22 0.250000 -0.181770 0.172362 0.936906 0.936204 0.172362 763.000000 203.000000
12 143 3 23 0.650000 -0.298983 -0.245916 1.053987 1.053230 6.037269 657.000000 199.000000
12 144 3 24 1.650000 -0.494418 -0.402037 1.371631 1.370858 5.881148 612.000000 196.000000
12 145 3 25 0.300000 0.045240 0.154242 0.953623 0.952921 0.154242 764.000000 167.000000
12 146 3 26 0.800000 0.045396 0.210138 0.753044 0.752309 0.210138 781.000000 164.000000
12 147 3 27 0.050000 0.404000 0.088984 1.187630 1.186962 0.088984 744.000000 181.000000
12 148 3 28 1.400000 -0.349986 -0.308764 0.920162 0.919485 5.974421 646.000000 218.000000
12 149 3 29 1.650000 0.157589 0.236735 0.903443 0.902768 0.236735 789.000000 164.000000
12 150 3 30 0.100000 0.037029 0.173801 1.137503 1.136819 0.173801 766.000000 188.000000
12 151 3 31 0.850000 -0.405734 -0.277255 1.254520 1.253847 6.005930 648.000000 197.000000
12 152 3 32 0.850000 -0.190798 -0.083141 1.104176 1.103383 6.200044 697.000000 174.000000
12 153 3 33 0.200000 0.090925 -0.033968 1.321424 1.320716 6.249218 713.000000 244.000000
12 154 3 34 1.200000 0.145329 0.211627 1.471887 1.471176 0.211627 775.000000 194.000000
12 155 3 35 0.650000 0.440463 0.330548 1.120760 1.120099 0.330548 825.000000 144.000000
12 156 3 36 0.700000 -0.174832 -0.246721 0.987131 0.986353 6.036464 652.000000 180.000000
12 157 3 37 0.300000 0.307992 -0.027943 1.003813 1.003076 6.255242 711.000000 128.000000
12 158 3 38 0.000000 0.188386 0.272870 1.053965 1.053229 0.272870 795.000000 182.000000
12 159 3 39 0.250000 -0.152400 0.000000 0.853264 0.852613 0.000000 720.000000 84.000000
12 160 3 40 0.350000 -0.667719 0.186277 1.588854 1.588207 0.186277 769.000000 190.000000
12 161 3 41 0.250000 0.335812 -0.004237 1.187652 1.186974 6.278948 719.000000 214.000000
12 162 3 42 1.700000 0.295808 0.258771 0.786472 0.785743 0.258771 801.000000 144.000000
12 163 3 43 1.100000 0.074869 0.118575 1.288029 1.287280 0.118575 753.000000 173.000000
12 164 3 44 0.650000 0.222195 0.261582 0.803201 0.802460 0.261582 788.000000 196.000000
12 165 3 45 0.050000 0.007709 0.071307 1.003790 1.003075 0.071307 741.000000 156.000000
12 166 3 46 0.850000 0.260076 0.256331 0.870061 0.869334 0.256331 785.000000 202.000000
12 167 3 47 1.350000 0.156777 0.197396 1.120783 1.120102 0.197396 770.000000 200.000000
12 168 3 48 1.450000 0.640783 0.526392 1.806285 1.805536 0.526392 892.000000 154.000000
12 169 3 49 0.600000 -0.320532 -0.331486 0.936928 0.936205 5.951699 646.000000 235.000000
12 170 3 50 0.750000 -0.195038 -0.205565 0.987083 0.986354 6.077620 671.000000 215.000000
12 171 3 51 1.250000 -0.079675 -0.028448 0.736344 0.735588 6.254738 713.000000 204.000000
12 172 3 52 1.150000 1.014630 0.748765 2.224238 2.223483 0.748765 904.000000 252.000000
12 173 3 53 1.000000 -0.026648 0.009804 0.736327 0.735588 0.009804 723.000000 144.000000
12 174 3 54 0.200000 -0.369674 0.284268 0.786400 0.785743 0.284268 791.000000 207.000000
12 175 3 55 0.900000 0.619890 0.455518 1.521995 1.521331 0.455518 841.000000 203.000000
12 176 3 56 0.250000 0.117884 -0.165149 0.719569 0.718872 6.118037 678.000000 198.000000
12 177 3 57 0.500000 -0.354312 -0.281232 0.836584 0.835897 6.001953 655.000000 225.000000
12 178 3 58 0.300000 0.364916 0.214685 0.619279 0.618555 0.214685 778.000000 184.000000
12 179 3 59 0.450000 0.113738 0.319238 1.388250 1.387578 0.319238 799.000000 211.000000
12 180 3 60 1.350000 0.701992 0.555147 1.288000 1.287276 0.555147 898.000000 163.000000
12 181 4 01 0.600000 -0.134690 -0.167254 0.786448 0.785733 6.115931 681.000000 219.000000
12 182 4 02 0.350000 0.028836 -0.120173 0.836594 0.835896 6.163012 688.000000 185.000000
12 183 4 03 0.150000 -0.461321 0.058756 1.120813 1.120101 0.058756 737.000000 161.000000
12 184 4 04 1.350000 -0.187510 -0.251887 1.605676 1.604927 6.031298 650.000000 178.000000
12 185 4 05 0.300000 -0.264332 -0.117109 0.886702 0.886054 6.166077 688.000000 178.000000
12 186 4 06 1.000000 0.149763 0.152946 0.769752 0.769025 0.152946 759.000000 197.000000
12 187 4 07 0.500000 0.430463 0.304323 1.087322 1.086665 0.304323 807.000000 173.000000
12 188 4 08 1.500000 -0.162668 -0.169894 1.154295 1.153535 6.113291 679.000000 211.000000
12 189 4 09 1.100000 -0.119563 -0.133652 0.886766 0.886048 6.149533 688.000000 212.000000
12 190 4 10 1.500000 -0.239420 -0.255363 0.786462 0.785736 6.027823 661.000000 224.000000
12 191 4 11 0.150000 0.269949 0.000000 0.619230 0.618565 0.000000 720.000000 165.000000
12 192 4 12 1.550000 0.277167 0.316501 0.853333 0.852615 0.316501 795.000000 221.000000
12 193 4 13 1.450000 0.260345 0.354706 1.087348 1.086666 0.354706 800.000000 234.000000
12 194 4 14 0.550000 -0.412837 -0.259569 0.886781 0.886053 6.023616 656.000000 209.000000
12 195 4 15 1.650000 -0.277814 -0.204877 1.037190 1.036510 6.078309 672.000000 219.000000
12 196 4 16 1.300000 1.012776 0.780614 1.037209 1.036512 0.780614 928.000000 240.000000
12 197 4 17 0.250000 0.075845 -0.105768 0.769584 0.769027 6.177417 689.000000 158.000000
12 198 4 18 1.000000 0.007416 0.008889 0.903480 0.902767 0.008889 722.000000 225.000000
12 199 4 19 0.850000 0.351508 0.354308 1.187681 1.186974 0.354308 811.000000 204.000000
12 200 4 20 0.250000 0.281595 -0.038198 0.970395 0.969639 6.244987 708.000000 136.000000
12 201 4 21 0.350000 0.020169 -0.269849 0.853316 0.852614 6.013336 642.000000 168.000000
12 202 4 22 0.100000 0.096350 0.035242 0.853310 0.852615 0.035242 731.000000 138.000000
12 203 4 23 0.850000 0.237191 0.186338 0.936871 0.936204 0.186338 766.000000 206.000000
12 204 4 24 1.450000 0.059854 0.073461 0.870006 0.869333 0.073461 737.000000 219.000000
12 205 4 25 0.750000 0.083172 0.069453 0.803149 0.802462 0.069453 736.000000 220.000000
12 206 4 26 0.050000 -0.242034 0.224594 1.455125 1.454457 0.224594 773.000000 218.000000
12 207 4 27 0.550000 -0.148707 -0.175450 0.752997 0.752308 6.107735 681.000000 230.000000
12 208 4 28 1.300000 -0.205410 -0.209141 0.970391 0.969638 6.074044 668.000000 205.000000
12 209 4 29 1.750000 0.102973 0.121447 0.987073 0.986358 0.121447 751.000000 196.000000
12 210 4 30 0.350000 -0.012210 0.122310 1.338126 1.337436 0.122310 757.000000 149.000000
12 211 4 31 0.950000 0.647958 0.476852 0.903525 0.902770 0.476852 891.000000 119.000000
12 212 4 32 0.650000 -0.147431 -0.219131 1.003809 1.003074 6.064054 669.000000 221.000000
12 213 4 33 0.450000 0.840442 0.512389 0.953652 0.952915 0.512389 864.000000 194.000000
12 214 4 34 1.750000 0.089381 0.090320 0.853278 0.852618 0.090320 744.000000 185.000000
12 215 4 35 0.050000 0.338284 -0.262521 1.304727 1.303995 6.020665 659.000000 223.000000
12 216 4 36 0.850000 -0.033284 -0.078132 0.970212 0.969641 6.205053 698.000000 169.000000
12 217 4 37 1.250000 -0.364324 -0.376669 1.304741 1.304001 5.906516 631.000000 225.000000
12 218 4 38 0.400000 0.732652 0.396205 0.686149 0.685434 0.396205 825.000000 199.000000
12 219 4 39 0.800000 -0.658594 -0.554996 0.886743 0.886048 5.728190 596.000000 250.000000
12 220 4 40 0.400000 0.104733 0.307348 0.769745 0.769025 0.307348 813.000000 157.000000
12 221 4 41 0.900000 0.010337 0.079080 0.636028 0.635282 0.079080 741.000000 185.000000
12 222 4 42 1.250000 0.043050 0.123303 1.120817 1.120101 0.123303 749.000000 216.000000
12 223 4 43 0.400000 0.700962 0.362884 0.636038 0.635275 0.362884 821.000000 184.000000
12 224 4 44 0.850000 -0.006877 -0.012711 0.870042 0.869332 6.270474 717.000000 214.000000
12 225 4 45 1.550000 -0.423294 -0.349758 0.870044 0.869331 5.933427 631.000000 206.000000
12 226 4 46 0.300000 0.055712 -0.198946 0.652670 0.652000 6.084239 670.000000 202.000000
12 227 4 47 0.250000 0.229373 0.008032 0.702809 0.702152 0.008032 722.000000 201.000000
12 228 4 48 1.450000 0.189007 0.204254 0.635974 0.635283 0.204254 778.000000 170.000000
12 229 4 49 1.350000 -0.165343 -0.279414 0.836629 0.835897 6.003771 652.000000 213.000000
12 230 4 50 1.250000 0.529674 0.419720 1.070662 1.069946 0.419720 886.000000 78.000000
12 231 4 51 0.300000 -0.499810 -0.111535 2.123935 2.123167 6.171650 692.000000 200.000000
12 232 4 52 0.600000 -0.712185 -0.503779 0.903456 0.902768 5.779406 607.000000 245.000000
12 233 4 53 0.400000 0.394318 0.429887 0.936897 0.936206 0.429887 847.000000 173.000000
12 234 4 54 1.400000 0.061012 0.151181 0.836554 0.835898 0.151181 759.000000 194.000000
12 235 4 55 1.600000 0.161159 0.248290 1.037242 1.036510 0.248290 792.000000 166.000000
12 236 4 56 0.450000 -0.171383 0.112203 0.870080 0.869332 0.112203 752.000000 166.000000
12 237 4 57 0.850000 -0.259204 -0.204926 0.987068 0.986359 6.078260 667.000000 195.000000
12 238 4 58 0.450000 -0.006202 -0.022009 0.652737 0.651999 6.261176 713.000000 132.000000
12 239 4 59 1.100000 -0.140676 -0.159783 1.070699 1.069947 6.123402 681.000000 208.000000
12 240 4 60 0.750000 -0.402751 -0.303734 0.652776 0.652001 5.979451 636.000000 182.000000
12 241 5 01 1.100000 0.192668 0.221496 1.037245 1.036510 0.221496 779.000000 188.000000
12 242 5 02 1.150000 -0.235968 -0.255182 0.936948 0.936206 6.028003 648.000000 174.000000
12 243 5 03 0.450000 0.290356 0.306826 0.803204 0.802460 0.306826 816.000000 147.000000
12 244 5 04 0.100000 -0.518953 -0.195158 0.702890 0.702151 6.088027 669.000000 192.000000
12 245 5 05 1.050000 0.572589 0.505003 0.769690 0.769024 0.505003 877.000000 166.000000
12 246 5 06 0.100000 -0.172181 -0.127216 0.836648 0.835897 6.155969 687.000000 192.000000
12 247 5 07 0.850000 -0.198706 -0.142957 0.903448 0.902767 6.140228 682.000000 186.000000
12 248 5 08 0.000000 -0.152058 0.006349 0.719614 0.718866 0.006349 722.000000 135.000000
12 249 5 09 0.000000 0.146817 -0.255332 0.987062 0.986360 6.027853 649.000000 178.000000
12 250 5 10 0.100000 -0.083855 -0.025311 0.619281 0.618563 6.257874 712.000000 134.000000
12 251 5 11 0.900000 -0.440055 -0.306440 0.987088 0.986359 5.976746 639.000000 194.000000
12 252 5 12 0.900000 -0.047174 -0.064687 0.987082 0.986359 6.218498 704.000000 203.000000
12 253 5 13 1.600000 0.214135 0.215642 0.803199 0.802464 0.215642 789.000000 135.000000
12 254 5 14 0.200000 -0.154114 -0.115587 0.803186 0.802460 6.167598 689.000000 183.000000
12 255 5 15 0.050000 -0.350864 0.147361 0.886723 0.886050 0.147361 758.000000 194.000000
12 256 5 16 1.000000 -0.207951 -0.214815 1.037267 1.036512 6.068370 672.000000 230.000000
12 257 5 17 1.750000 -0.065128 -0.096971 0.886754 0.886051 6.186214 695.000000 193.000000
12 258 5 18 1.400000 -0.543496 -0.447839 0.836633 0.835895 5.835347 622.000000 246.000000
12 259 5 19 0.550000 -0.269687 -0.230086 0.686166 0.685438 6.053099 668.000000 228.000000
12 260 5 20 1.500000 0.180957 0.220552 0.870072 0.869336 0.220552 783.000000 169.000000
12 261 5 21 0.200000 0.087410 0.124355 1.354838 1.354146 0.124355 753.000000 186.000000
12 262 5 22 1.400000 -0.468303 -0.377711 0.636047 0.635280 5.905474 622.000000 203.000000
12 263 5 23 1.200000 0.287739 0.355281 1.789548 1.788819 0.355281 825.000000 167.000000
12 264 5 24 0.750000 0.316477 0.378101 0.669469 0.668717 0.378101 834.000000 163.000000
12 265 5 25 1.700000 -0.500610 -0.432408 1.137553 1.136822 5.850778 606.000000 203.000000
12 266 5 26 0.600000 0.061018 0.321751 0.635987 0.635280 0.321751 841.000000 87.000000
12 267 5 27 0.900000 0.016429 0.090660 0.636023 0.635280 0.090660 745.000000 175.000000
12 268 5 28 0.550000 -0.370388 -0.307521 1.087435 1.086667 5.975664 646.000000 217.000000
12 269 5 29 1.150000 0.146092 0.268274 0.819829 0.819183 0.268274 789.000000 199.000000
12 270 5 30 1.000000 -0.122415 -0.153230 0.719561 0.718871 6.129956 680.000000 191.000000
12 271 5 31 1.300000 0.490406 0.501508 0.870086 0.869333 0.501508 862.000000 191.000000
12 272 5 32 0.000000 0.647969 -0.284518 1.037237 1.036507 5.998667 658.000000 238.000000
12 273 5 33 1.550000 0.039834 0.103436 1.287964 1.287281 0.103436 750.000000 161.000000
12 274 5 34 1.750000 0.627561 0.561092 1.672453 1.671792 0.561092 901.000000 162.000000
12 275 5 35 1.450000 0.443323 0.520615 1.104091 1.103383 0.520615 888.000000 157.000000
12 276 5 36 0.950000 0.405620 0.448599 0.786468 0.785742 0.448599 836.000000 209.000000
12 277 5 37 0.350000 0.276613 0.438701 1.137534 1.136818 0.438701 819.000000 239.000000
12 278 5 38 1.000000 -0.288843 -0.311801 0.753002 0.752303 5.971385 642.000000 208.000000
12 279 5 39 1.600000 0.059550 0.051074 1.455202 1.454459 0.051074 736.000000 137.000000
12 280 5 40 1.550000 0.018113 0.000000 0.987049 0.986358 0.000000 720.000000 220.000000
12 281 5 41 0.150000 0.497237 0.179189 0.936926 0.936206 0.179189 768.000000 185.000000
12 282 5 42 1.050000 -0.387987 -0.282180 1.053906 1.053218 6.001005 651.000000 212.000000
12 283 5 43 0.000000 -0.186821 0.000000 0.602563 0.601846 0.000000 720.000000 184.000000
12 284 5 44 0.750000 0.049085 -0.144442 1.003781 1.003075 6.138744 688.000000 230.000000
12 285 5 45 0.650000 0.094190 -0.028218 0.870027 0.869331 6.254967 713.000000 202.000000
12 286 5 46 0.500000 0.484813 0.392969 0.719552 0.718871 0.392969 817.000000 216.000000
12 287 5 47 1.100000 0.260835 0.347468 1.020498 1.019789 0.347468 787.000000 265.000000
12 288 5 48 1.100000 -0.030379 0.007968 0.970326 0.969640 0.007968 722.000000 199.000000
12 289 5 49 0.350000 -0.106450 -0.116084 0.936935 0.936200 6.167102 687.000000 167.000000
12 290 5 50 1.550000 0.101278 0.101405 0.769635 0.769026 0.101405 749.000000 165.000000
12 291 5 51 1.450000 0.473384 0.403890 1.087413 1.086666 0.403890 823.000000 209.000000
12 292 5 52 0.650000 -0.032957 -0.027231 0.702832 0.702153 6.255955 713.000000 193.000000
12 293 5 53 1.050000 -0.215755 -0.200874 0.936892 0.936204 6.082312 675.000000 229.000000
12 294 5 54 0.250000 0.138253 -0.024995 0.786421 0.785740 6.258191 714.000000 210.000000
12 295 5 55 0.300000 0.296377 0.026899 0.836547 0.835897 0.026899 726.000000 227.000000
12 296 5 56 0.950000 0.303716 0.310387 0.953583 0.952922 0.310387 805.000000 185.000000
12 297 5 57 1.650000 -0.868971 -0.860402 0.870012 0.869334 5.422784 534.000000 290.000000
12 298 5 58 0.300000 -0.227960 -0.576013 0.769706 0.769025 5.707173 594.000000 256.000000
12 299 5 59 0.700000 -0.016858 -0.255645 1.973389 1.972715 6.027540 651.000000 186.000000
12 300 5 60 1.500000 -0.071645 -0.104457 0.669406 0.668719 6.178728 694.000000 202.000000
12 301 6 01 0.900000 -0.134505 -0.238189 0.753062 0.752307 6.044996 661.000000 207.000000
12 302 6 02 0.550000 -0.024752 -0.148032 0.719586 0.718870 6.135153 686.000000 222.000000
12 303 6 03 0.800000 -0.268372 -0.130263 1.438458 1.437731 6.152923 690.000000 221.000000
12 304 6 04 1.350000 -0.139645 -0.146012 1.170925 1.170255 6.137173 685.000000 212.000000
12 305 6 05 0.500000 -0.364822 -0.253364 1.154276 1.153537 6.029821 662.000000 226.000000
12 306 6 06 0.200000 0.151569 -0.146356 0.936965 0.936206 6.136829 683.000000 199.000000
12 307 6 07 1.050000 -0.040255 -0.080471 1.321407 1.320715 6.202714 700.000000 202.000000
12 308 6 08 1.750000 -0.272592 -0.275806 0.936940 0.936206 6.007379 645.000000 185.000000
12 309 6 09 0.400000 0.117773 -0.045743 0.619316 0.618565 6.237443 707.000000 166.000000
12 310 6 10 1.250000 0.265635 0.262402 1.388310 1.387587 0.262402 785.000000 208.000000
12 311 6 11 0.950000 0.339339 0.330679 0.853275 0.852615 0.330679 812.000000 182.000000
12 312 6 12 1.150000 -0.503170 -0.418668 0.920233 0.919483 5.864517 627.000000 241.000000
12 313 6 13 0.700000 -0.020463 -0.011406 0.719547 0.718868 6.271779 717.000000 187.000000
12 314 6 14 1.250000 -0.037837 -0.008403 1.120799 1.120096 6.274782 718.000000 212.000000
12 315 6 15 1.500000 -0.079403 -0.085854 1.154218 1.153541 6.197331 699.000000 206.000000
12 316 6 16 0.050000 -0.061477 0.049203 0.686201 0.685436 0.049203 733.000000 186.000000
12 317 6 17 0.000000 0.456506 -0.007752 0.569090 0.568410 6.275434 718.000000 192.000000
12 318 6 18 1.650000 -0.186095 -0.197396 0.669483 0.668717 6.085790 660.000000 150.000000
12 319 6 19 1.300000 -0.006693 0.029597 0.719586 0.718869 0.029597 729.000000 146.000000
12 320 6 20 0.650000 0.120602 0.218169 0.936931 0.936203 0.218169 767.000000 238.000000
12 321 6 21 1.600000 -0.263852 -0.211370 0.970403 0.969637 6.071816 667.000000 203.000000
12 322 6 22 1.000000 0.360967 0.332686 0.987018 0.986353 0.332686 805.000000 204.000000
12 323 6 23 0.400000 0.278452 0.339515 0.719536 0.718861 0.339515 803.000000 215.000000
12 324 6 24 0.400000 -0.577738 -0.336242 0.987112 0.986357 5.946943 648.000000 244.000000
12 325 6 25 0.800000 -0.429596 -0.364735 1.037272 1.036511 5.918450 636.000000 230.000000
12 326 6 26 0.550000 0.319530 0.249031 0.803124 0.802461 0.249031 779.000000 218.000000
12 327 6 27 1.650000 -0.106852 -0.154228 1.037277 1.036510 6.128958 683.000000 212.000000
12 328 6 28 1.450000 0.402529 0.432913 0.886722 0.886050 0.432913 836.000000 199.000000
12 329 6 29 1.650000 0.007953 0.003891 1.037257 1.036511 0.003891 721.000000 193.000000
12 330 6 30 0.100000 -0.693661 0.082422 0.719579 0.718871 0.082422 739.000000 220.000000
12 331 6 31 0.900000 0.151673 0.204781 1.505308 1.504614 0.204781 774.000000 190.000000
12 332 6 32 1.250000 -0.452537 -0.440967 1.438477 1.437731 5.842218 619.000000 236.000000
12 333 6 33 1.700000 0.084339 0.113481 0.970374 0.969628 0.113481 751.000000 178.000000
12 334 6 34 1.450000 -0.353882 -0.333082 1.204401 1.203692 5.950104 647.000000 239.000000
12 335 6 35 0.800000 -0.019822 -0.012195 1.003786 1.003075 6.270991 717.000000 204.000000
12 336 6 36 1.650000 0.277378 0.230883 1.137553 1.136813 0.230883 783.000000 182.000000
12 337 6 37 0.700000 0.594523 0.491016 1.404960 1.404304 0.491016 851.000000 205.000000
12 338 6 38 0.550000 0.243693 0.348123 0.819869 0.819178 0.348123 810.000000 202.000000
12 339 6 39 0.750000 -0.177474 -0.217768 0.803193 0.802461 6.065418 668.000000 215.000000
12 340 6 40 1.700000 0.258198 0.243260 0.870003 0.869333 0.243260 788.000000 176.000000
12 341 6 41 1.000000 0.254964 0.388483 0.853351 0.852616 0.388483 817.000000 213.000000
12 342 6 42 1.750000 0.286917 0.280957 0.953584 0.952922 0.280957 806.000000 152.000000
12 343 6 43 0.350000 -0.089445 0.082855 0.602703 0.601849 0.082855 744.000000 161.000000
12 344 6 44 0.500000 0.433753 0.324403 0.886775 0.886051 0.324403 796.000000 224.000000
12 345 6 45 0.150000 -0.725221 -0.377530 0.736291 0.735589 5.905655 628.000000 218.000000
12 346 6 46 1.000000 0.081147 0.087115 1.087359 1.086662 0.087115 740.000000 221.000000
12 347 6 47 1.350000 -0.273646 -0.248006 1.070710 1.069948 6.035179 661.000000 217.000000
12 348 6 48 0.350000 -0.146150 -0.330061 0.702903 0.702156 5.953125 646.000000 234.000000
12 349 6 49 0.000000 -0.350898 -0.139582 1.137547 1.136819 6.143603 686.000000 208.000000
12 350 6 50 1.150000 0.232966 0.330548 0.669429 0.668708 0.330548 825.000000 144.000000
12 351 6 51 1.700000 -0.012768 -0.012244 1.187660 1.186971 6.270941 717.000000 205.000000
12 352 6 52 1.700000 0.257952 0.347138 0.752965 0.752303 0.347138 809.000000 204.000000
12 353 6 53 0.200000 0.066978 0.009708 1.104106 1.103383 0.009708 722.000000 244.000000
12 354 6 54 0.000000 -0.076188 -0.098494 0.819859 0.819179 6.184691 695.000000 197.000000
12 355 6 55 0.600000 0.410994 0.340658 1.404979 1.404305 0.340658 815.000000 182.000000
12 356 6 56 1.600000 -0.109972 -0.183518 0.753071 0.752306 6.099668 671.000000 186.000000
12 357 6 57 1.750000 0.201975 0.268143 0.869986 0.869334 0.268143 806.000000 137.000000
12 358 6 58 0.600000 -0.149736 -0.262813 0.853325 0.852611 6.020373 667.000000 253.000000
12 359 6 59 0.500000 0.672469 0.470462 1.070666 1.069947 0.470462 839.000000 216.000000
12 360 6 60 0.450000 -0.215735 -0.297916 0.769699 0.769025 5.985270 646.000000 209.000000
