16 000 0 01 1.116161 -0.079477 -0.069949 6.973900 6.971370 6.213236 709.000000 293.000000
16 000 0 02 1.279910 0.424874 0.336242 2.558497 2.557841 0.336242 792.000000 244.000000
16 000 0 03 1.384060 -0.129487 -0.195581 2.625484 2.624714 6.087605 678.000000 238.000000
16 000 0 04 1.486479 0.138141 0.185072 1.756025 1.755371 0.185072 761.000000 231.000000
16 000 0 05 1.150565 0.361559 0.130102 2.491633 2.490970 0.130102 748.000000 236.000000
16 000 0 06 1.069214 -0.256609 -0.207743 3.578410 3.577637 6.075442 677.000000 246.000000
16 000 0 07 1.425979 -0.384889 -0.388127 2.307744 2.307071 5.895058 637.000000 247.000000
16 000 0 08 1.163690 -0.026067 -0.013452 2.090475 2.089739 6.269733 717.000000 227.000000
16 000 0 09 1.034262 -0.292112 -0.185072 3.778953 3.778249 6.098113 679.000000 231.000000
16 000 0 10 1.155522 0.841056 0.697785 2.324447 2.323782 0.697785 855.000000 289.000000
16 001 1 01 1.750000 -0.227013 -0.160763 2.541835 2.541123 6.122423 684.000000 228.000000
16 002 1 02 1.200000 0.095570 0.269473 1.739330 1.738666 0.269473 778.000000 240.000000
16 003 1 03 1.200000 -0.112476 -0.124355 1.823024 1.822253 6.158830 692.000000 226.000000
16 004 1 04 1.500000 0.338400 0.377249 1.555427 1.554767 0.377249 804.000000 238.000000
16 005 1 05 1.050000 -0.103267 -0.167432 1.371617 1.370869 6.115754 684.000000 237.000000
16 006 1 06 0.450000 -0.291915 0.019321 2.959796 2.959072 0.019321 724.000000 243.000000
16 007 1 07 1.450000 0.335412 0.428172 2.157284 2.156613 0.428172 809.000000 255.000000
16 008 1 08 1.000000 0.276166 0.368194 2.006868 2.006151 0.368194 796.000000 253.000000
16 009 1 09 1.450000 0.177781 0.265833 2.441524 2.440818 0.265833 775.000000 248.000000
16 010 1 10 1.400000 0.282487 0.195581 2.240883 2.240202 0.195581 762.000000 238.000000
16 011 1 11 1.100000 0.440164 0.259249 1.522008 1.521331 0.259249 781.000000 220.000000
16 012 1 12 0.550000 -0.443435 -0.276569 1.923287 1.922560 6.006617 655.000000 221.000000
16 013 1 13 0.650000 -0.603338 -0.363147 1.438517 1.437738 5.920038 625.000000 200.000000
16 014 1 14 0.200000 0.127481 0.000000 1.839653 1.838971 0.000000 720.000000 241.000000
16 015 1 15 0.800000 0.198185 0.165924 2.207419 2.206766 0.165924 755.000000 241.000000
16 016 1 16 0.250000 -0.453974 0.000000 2.257621 2.256918 0.000000 720.000000 219.000000
16 017 1 17 1.600000 -0.450425 -0.455695 1.505400 1.504614 5.827490 621.000000 248.000000
16 018 1 18 0.500000 0.387890 0.144900 2.558496 2.557847 0.144900 754.000000 217.000000
16 019 1 19 0.750000 0.459445 0.377249 1.956654 1.955996 0.377249 804.000000 238.000000
16 020 1 20 0.100000 0.724079 0.238722 1.588904 1.588204 0.238722 775.000000 224.000000
16 021 1 21 1.650000 -0.036321 0.036183 2.274369 2.273639 0.036183 728.000000 229.000000
16 022 1 22 1.350000 0.047046 0.079643 2.056988 2.056293 0.079643 737.000000 237.000000
16 023 1 23 0.850000 -0.634910 -0.404892 1.371625 1.370868 5.878294 633.000000 247.000000
16 024 1 24 0.800000 0.546512 0.530350 2.073758 2.073023 0.530350 832.000000 259.000000
16 025 1 25 1.250000 0.698020 0.590620 1.254572 1.253843 0.590620 838.000000 274.000000
16 026 1 26 0.250000 -0.165729 0.170735 2.357947 2.357226 0.170735 755.000000 247.000000
16 027 1 27 1.300000 -0.669696 -0.342097 1.822962 1.822255 5.941089 647.000000 245.000000
16 028 1 28 0.500000 -0.503989 -0.140658 1.522074 1.521332 6.142527 688.000000 224.000000
16 029 1 29 0.300000 0.274694 -0.169914 2.525151 2.524406 6.113271 685.000000 246.000000
16 030 1 30 1.050000 -0.221793 -0.330421 1.471959 1.471177 5.952764 649.000000 243.000000
16 031 1 31 1.250000 -0.174419 -0.142545 1.622404 1.621638 6.140640 689.000000 234.000000
16 032 1 32 0.950000 0.202090 0.283978 1.555473 1.554769 0.283978 781.000000 241.000000
16 033 1 33 0.400000 -0.372761 -0.661892 1.421769 1.421020 5.621293 593.000000 287.000000
16 034 1 34 0.800000 -0.065118 0.013513 1.672498 1.671792 0.013513 723.000000 228.000000
16 035 1 35 0.900000 -0.095460 -0.031807 2.943021 2.942342 6.251378 713.000000 230.000000
16 036 1 36 0.700000 -0.322252 -0.247354 1.338212 1.337433 6.035831 670.000000 252.000000
16 037 1 37 1.150000 0.543899 0.552841 1.254594 1.253845 0.552841 836.000000 262.000000
16 038 1 38 0.700000 0.580949 0.485956 1.137535 1.136818 0.485956 823.000000 255.000000
16 039 1 39 0.500000 0.636417 0.395850 1.939918 1.939277 0.395850 804.000000 249.000000
16 040 1 40 1.350000 0.237543 0.302885 1.154270 1.153534 0.302885 790.000000 226.000000
16 041 1 41 1.550000 -0.030069 0.021548 1.906553 1.905842 0.021548 725.000000 218.000000
16 042 1 42 0.350000 0.298971 -0.339821 1.522008 1.521328 5.943364 650.000000 252.000000
16 043 1 43 0.250000 -0.137651 -0.004808 1.338181 1.337434 6.278378 719.000000 242.000000
16 044 1 44 0.150000 -0.032321 0.506632 1.588960 1.588201 0.506632 821.000000 268.000000
16 045 1 45 0.900000 -0.198114 -0.168207 1.655814 1.655068 6.114979 684.000000 238.000000
16 046 1 46 1.300000 0.113579 0.171805 1.321458 1.320715 0.171805 758.000000 231.000000
16 047 1 47 1.700000 -0.110955 -0.112203 1.271263 1.270562 6.170982 696.000000 237.000000
16 048 1 48 0.850000 -0.015626 -0.059336 3.310863 3.310148 6.223849 708.000000 248.000000
16 049 1 49 0.550000 0.046020 -0.099221 2.240977 2.240200 6.183965 698.000000 229.000000
16 050 1 50 0.500000 0.096413 0.191184 1.622304 1.621639 0.191184 762.000000 233.000000
16 051 1 51 1.500000 0.128843 0.227795 1.221148 1.220407 0.227795 771.000000 230.000000
16 052 1 52 0.850000 0.169215 0.177923 1.354892 1.354153 0.177923 761.000000 222.000000
16 053 1 53 1.250000 0.024317 0.031521 2.508352 2.507689 0.031521 727.000000 228.000000
16 054 1 54 1.650000 -0.041724 -0.054491 1.538716 1.538041 6.228694 708.000000 230.000000
16 055 1 55 1.550000 -0.050895 -0.106082 1.154263 1.153538 6.177104 697.000000 234.000000
16 056 1 56 0.250000 0.714979 0.000000 2.458187 2.457538 0.000000 720.000000 237.000000
16 057 1 57 1.550000 -0.089476 -0.162926 1.806305 1.805534 6.120259 684.000000 231.000000
16 058 1 58 1.150000 -0.481106 -0.269312 1.354860 1.354144 6.013873 659.000000 229.000000
16 059 1 59 0.550000 -0.294224 0.028564 1.404967 1.404297 0.028564 726.000000 240.000000
16 060 1 60 0.800000 0.113846 0.298156 1.956656 1.955988 0.298156 783.000000 245.000000
16 061 2 01 1.100000 0.010153 0.017935 2.123865 2.123176 0.017935 724.000000 227.000000
16 062 2 02 0.300000 0.209350 0.140046 2.073773 2.073022 0.140046 752.000000 223.000000
16 063 2 03 1.600000 -0.266828 -0.349562 1.354844 1.354151 5.933623 646.000000 247.000000
16 064 2 04 0.100000 -0.202575 0.220567 1.455123 1.454459 0.220567 770.000000 227.000000
16 065 2 05 0.950000 0.273299 0.255182 2.040341 2.039585 0.255182 774.000000 243.000000
16 066 2 06 0.000000 -0.410626 -0.046774 5.450722 5.450038 6.236411 709.000000 215.000000
16 067 2 07 0.300000 -0.260899 -0.664371 1.572145 1.571475 5.618814 590.000000 284.000000
16 068 2 08 0.450000 0.592269 0.181468 1.555496 1.554767 0.181468 760.000000 232.000000
16 069 2 09 0.200000 0.105223 0.013698 3.193777 3.193117 0.013698 723.000000 231.000000
16 070 2 10 1.750000 0.130477 0.200053 2.190797 2.190049 0.200053 764.000000 233.000000
16 071 2 11 0.700000 0.096479 0.172578 2.056908 2.056303 0.172578 758.000000 232.000000
16 072 2 12 0.150000 0.507142 -0.025247 2.709022 2.708306 6.257938 715.000000 252.000000
16 073 2 13 0.600000 -0.241172 -0.126229 2.023588 2.022868 6.156956 695.000000 253.000000
16 074 2 14 1.200000 -0.229549 -0.290265 2.709058 2.708302 5.992920 651.000000 219.000000
16 075 2 15 0.700000 0.173164 0.321751 1.605658 1.604921 0.321751 786.000000 252.000000
16 076 2 16 0.850000 0.594043 0.546087 1.739320 1.738664 0.546087 830.000000 269.000000
16 077 2 17 1.650000 -0.888080 -0.733897 2.491751 2.490971 5.549288 582.000000 297.000000
16 078 2 18 1.400000 0.194398 0.469112 1.956693 1.955996 0.469112 831.000000 231.000000
16 079 2 19 1.650000 0.203242 0.304161 1.053926 1.053229 0.304161 790.000000 227.000000
16 080 2 20 1.100000 0.256713 0.209548 2.240874 2.240201 0.209548 767.000000 229.000000
16 081 2 21 0.650000 0.366688 0.333393 1.956651 1.955992 0.333393 800.000000 219.000000
16 082 2 22 1.550000 0.250344 0.192048 2.708997 2.708303 0.192048 762.000000 234.000000
16 083 2 23 1.200000 -0.224189 -0.227928 1.906520 1.905844 6.055257 675.000000 256.000000
16 084 2 24 1.750000 -0.390568 -0.501478 2.257592 2.256920 5.781707 612.000000 253.000000
16 085 2 25 1.250000 -0.415015 -0.536040 1.990201 1.989424 5.747145 600.000000 248.000000
16 086 2 26 0.650000 0.015959 -0.018516 1.538786 1.538045 6.264669 716.000000 234.000000
16 087 2 27 1.000000 0.132659 0.308764 1.756137 1.755383 0.308764 794.000000 218.000000
16 088 2 28 1.350000 -0.425955 -0.378871 2.458256 2.457535 5.904314 636.000000 239.000000
16 089 2 29 1.550000 -0.292227 -0.243914 2.608678 2.607995 6.039272 665.000000 229.000000
16 090 2 30 0.700000 -0.416097 -0.491809 2.174001 2.173324 5.791376 615.000000 254.000000
16 091 2 31 0.500000 -0.310697 -0.213447 2.675535 2.674869 6.069738 676.000000 247.000000
16 092 2 32 1.500000 0.350825 0.314416 3.060074 3.059377 0.314416 800.000000 204.000000
16 093 2 33 1.050000 0.049888 0.209905 1.839531 1.838971 0.209905 769.000000 220.000000
16 094 2 34 0.750000 -0.024419 0.111683 1.756112 1.755383 0.111683 744.000000 236.000000
16 095 2 35 1.000000 -0.755168 -0.654212 2.408144 2.407378 5.628974 595.000000 287.000000
16 096 2 36 0.500000 0.544410 0.130263 4.129963 4.129324 0.130263 750.000000 221.000000
16 097 2 37 0.650000 0.357788 0.338556 1.889813 1.889125 0.338556 795.000000 237.000000
16 098 2 38 0.350000 -0.518950 -0.275629 1.588974 1.588202 6.007556 664.000000 252.000000
16 099 2 39 1.100000 0.044819 0.023919 1.689224 1.688510 0.023919 725.000000 241.000000
16 100 2 40 0.450000 -0.418827 -0.232437 1.304670 1.304000 6.050749 671.000000 243.000000
16 101 2 41 1.700000 -0.253612 -0.195442 1.471962 1.471175 6.087743 681.000000 253.000000
16 102 2 42 0.900000 0.447656 0.305407 1.689263 1.688511 0.305407 784.000000 247.000000
16 103 2 43 0.200000 -0.723342 -0.686743 1.505318 1.504611 5.596442 588.000000 289.000000
16 104 2 44 1.500000 -0.061659 0.021926 2.424752 2.424098 0.021926 725.000000 222.000000
16 105 2 45 0.250000 -0.004667 -0.358771 1.990126 1.989432 5.924415 645.000000 250.000000
16 106 2 46 1.450000 -0.064698 -0.124950 2.508457 2.507689 6.158236 694.000000 243.000000
16 107 2 47 0.800000 -0.114751 -0.117680 1.404984 1.404306 6.165505 696.000000 247.000000
16 108 2 48 0.150000 0.306312 0.359855 2.140586 2.139895 0.359855 796.000000 248.000000
16 109 2 49 0.350000 -0.305499 0.017166 2.107135 2.106457 0.017166 724.000000 217.000000
16 110 2 50 1.150000 -0.277903 -0.247060 2.959762 2.959071 6.036125 663.000000 224.000000
16 111 2 51 1.350000 0.171204 0.275629 2.274273 2.273637 0.275629 776.000000 252.000000
16 112 2 52 0.350000 0.614582 0.310055 2.374658 2.373941 0.310055 786.000000 244.000000
16 113 2 53 0.650000 0.097759 0.212597 1.822993 1.822252 0.212597 769.000000 223.000000
16 114 2 54 1.350000 -0.225182 -0.078542 1.388307 1.387587 6.204644 703.000000 234.000000
16 115 2 55 0.300000 0.014571 0.403758 1.772851 1.772103 0.403758 811.000000 237.000000
16 116 2 56 0.900000 -0.044778 -0.037366 1.588907 1.588193 6.245820 712.000000 236.000000
16 117 2 57 0.700000 0.410219 0.398320 1.722692 1.721944 0.398320 813.000000 229.000000
16 118 2 58 0.600000 0.457388 0.417267 1.221146 1.220408 0.417267 806.000000 256.000000
16 119 2 59 0.750000 0.242300 0.402580 2.056966 2.056303 0.402580 809.000000 241.000000
16 120 2 60 1.050000 0.065020 0.066568 2.307728 2.307069 0.066568 734.000000 240.000000
16 121 3 01 1.000000 0.086567 0.169304 1.856412 1.855688 0.169304 760.000000 216.000000
16 122 3 02 0.550000 0.003816 0.004630 1.639018 1.638351 0.004630 721.000000 234.000000
16 123 3 03 0.350000 -0.261606 0.076406 1.722694 1.721945 0.076406 736.000000 241.000000
16 124 3 04 0.150000 0.063755 0.050590 1.605619 1.604921 0.050590 732.000000 213.000000
16 125 3 05 0.000000 -0.497349 0.295752 1.171006 1.170251 0.295752 798.000000 194.000000
16 126 3 06 0.950000 -0.133872 -0.118168 2.157367 2.156612 6.165017 694.000000 231.000000
16 127 3 07 1.700000 -0.328498 -0.363226 1.505370 1.504613 5.919959 636.000000 229.000000
16 128 3 08 1.700000 -0.160071 -0.181649 2.909602 2.908917 6.101536 675.000000 205.000000
16 129 3 09 1.450000 -0.124917 -0.130694 4.263785 4.263069 6.152491 669.000000 62.000000
16 130 3 10 0.500000 0.160318 -0.188222 2.374697 2.373944 6.094964 680.000000 240.000000
16 131 3 11 1.700000 -0.153863 -0.193798 2.023603 2.022869 6.089387 678.000000 236.000000
16 132 3 12 1.650000 -0.086482 -0.110657 1.555521 1.554767 6.172528 693.000000 207.000000
16 133 3 13 0.100000 -0.218435 0.198254 2.123863 2.123175 0.198254 765.000000 226.000000
16 134 3 14 1.400000 0.171650 0.215195 2.324479 2.323786 0.215195 760.000000 267.000000
16 135 3 15 1.350000 -0.219022 -0.172379 1.806251 1.805534 6.110806 681.000000 226.000000
16 136 3 16 1.400000 0.353386 0.425127 1.354908 1.354151 0.425127 811.000000 249.000000
16 137 3 17 1.500000 -0.329334 -0.324552 1.187681 1.186968 5.958634 648.000000 236.000000
16 138 3 18 1.650000 -0.245935 -0.225750 1.956753 1.955996 6.057435 672.000000 241.000000
16 139 3 19 0.000000 -0.413261 0.470404 1.739364 1.738662 0.470404 810.000000 273.000000
16 140 3 20 0.050000 0.114431 0.362087 1.388287 1.387586 0.362087 795.000000 252.000000
16 141 3 21 1.250000 0.731972 0.451200 1.405044 1.404303 0.451200 814.000000 256.000000
16 142 3 22 0.600000 0.063277 0.013761 1.990180 1.989430 0.013761 723.000000 232.000000
16 143 3 23 1.700000 -0.249296 -0.113663 2.140633 2.139888 6.169522 695.000000 231.000000
16 144 3 24 0.900000 0.293131 0.280168 1.304743 1.303998 0.280168 781.000000 238.000000
16 145 3 25 1.050000 0.108816 0.215358 1.672493 1.671792 0.215358 769.000000 226.000000
16 146 3 26 1.500000 0.436674 0.236515 1.739343 1.738663 0.236515 767.000000 255.000000
16 147 3 27 0.450000 -0.005627 0.000000 2.692226 2.691580 0.000000 720.000000 243.000000
16 148 3 28 1.600000 0.326079 0.281772 2.341219 2.340509 0.281772 786.000000 222.000000
16 149 3 29 0.650000 -0.433837 -0.285513 1.271316 1.270561 5.997673 661.000000 249.000000
16 150 3 30 0.750000 -0.491444 -0.504166 1.455140 1.454460 5.779019 624.000000 276.000000
16 151 3 31 1.000000 0.292558 0.446842 1.371612 1.370870 0.446842 812.000000 258.000000
16 152 3 32 0.600000 0.232595 0.334329 1.722629 1.721944 0.334329 786.000000 260.000000
16 153 3 33 1.400000 -0.263375 -0.194620 1.338199 1.337434 6.088565 679.000000 242.000000
16 154 3 34 0.950000 0.103465 0.208737 1.973411 1.972715 0.208737 763.000000 247.000000
16 155 3 35 0.400000 -0.280104 0.043662 1.538804 1.538043 0.043662 729.000000 244.000000
16 156 3 36 0.000000 0.065829 0.266252 1.789506 1.788817 0.266252 771.000000 263.000000
16 157 3 37 0.100000 0.158734 0.116355 1.705931 1.705228 0.116355 747.000000 219.000000
16 158 3 38 0.150000 0.584919 0.096474 2.073711 2.073015 0.096474 741.000000 233.000000
16 159 3 39 1.650000 0.258180 0.193881 1.321443 1.320715 0.193881 763.000000 231.000000
16 160 3 40 1.200000 0.076948 0.107806 1.956651 1.956001 0.107806 745.000000 219.000000
16 161 3 41 1.550000 -0.082244 -0.083141 1.655761 1.655073 6.200044 700.000000 210.000000
16 162 3 42 0.700000 0.420252 0.649870 2.809362 2.808608 0.649870 853.000000 275.000000
16 163 3 43 0.650000 0.778289 0.652610 1.438446 1.437741 0.652610 840.000000 293.000000
16 164 3 44 0.550000 -0.737817 -0.844154 1.973385 1.972710 5.439031 567.000000 314.000000
16 165 3 45 0.050000 0.449123 0.028700 2.458248 2.457525 0.028700 726.000000 241.000000
16 166 3 46 0.350000 0.065154 -0.216642 2.357958 2.357225 6.066544 674.000000 241.000000
16 167 3 47 0.750000 0.191881 0.098274 1.722582 1.721946 0.098274 741.000000 237.000000
16 168 3 48 1.600000 0.314571 0.260290 1.756071 1.755382 0.260290 773.000000 251.000000
16 169 3 49 1.550000 0.014954 0.034029 2.357894 2.357226 0.034029 728.000000 215.000000
16 170 3 50 0.250000 -0.190615 -0.363147 1.070616 1.069947 5.920038 644.000000 250.000000
16 171 3 51 1.250000 0.262624 0.173246 2.357957 2.357222 0.173246 755.000000 250.000000
16 172 3 52 1.600000 0.310549 0.239117 2.073556 2.073025 0.239117 769.000000 249.000000
16 173 3 53 1.150000 -0.291351 -0.308418 1.204232 1.203695 5.974767 648.000000 224.000000
16 174 3 54 0.050000 0.283255 -0.986586 2.625446 2.624716 5.296599 537.000000 329.000000
16 175 3 55 1.200000 -0.096197 -0.168597 1.572174 1.571484 6.114588 680.000000 215.000000
16 176 3 56 0.100000 0.125363 -0.015685 2.926372 2.925627 6.267500 716.000000 195.000000
16 177 3 57 1.450000 0.149363 0.113435 1.354831 1.354153 0.113435 747.000000 213.000000
16 178 3 58 1.600000 0.432526 0.200585 3.193874 3.193123 0.200585 769.000000 209.000000
16 179 3 59 0.850000 0.152896 0.154997 1.672548 1.671794 0.154997 755.000000 226.000000
16 180 3 60 0.950000 0.221062 0.157562 1.421739 1.421022 0.157562 754.000000 236.000000
16 181 4 01 1.600000 0.033737 0.051953 2.976466 2.975793 0.051953 733.000000 200.000000
16 182 4 02 1.750000 -0.093305 -0.040464 2.057066 2.056304 6.242722 710.000000 203.000000
16 183 4 03 0.750000 0.089148 0.083141 1.170915 1.170254 0.083141 737.000000 246.000000
16 184 4 04 1.150000 0.302710 0.278941 2.090390 2.089739 0.278941 779.000000 244.000000
16 185 4 05 0.000000 -0.237167 0.716065 1.187692 1.186969 0.716065 854.000000 296.000000
16 186 4 06 1.250000 0.339513 0.432752 1.438439 1.437745 0.432752 805.000000 266.000000
16 187 4 07 1.600000 0.185012 0.272255 1.204357 1.203693 0.272255 775.000000 253.000000
16 188 4 08 0.500000 -0.256684 -0.179015 1.053908 1.053234 6.104170 682.000000 240.000000
16 189 4 09 0.800000 -0.364796 -0.529486 1.588871 1.588202 5.753699 617.000000 274.000000
16 190 4 10 0.550000 -0.372177 -0.607973 1.237861 1.237126 5.675212 601.000000 279.000000
16 191 4 11 1.500000 0.432725 0.537978 2.324452 2.323791 0.537978 828.000000 269.000000
16 192 4 12 0.350000 -0.371025 -0.206210 2.725795 2.725022 6.076975 679.000000 254.000000
16 193 4 13 0.250000 0.030631 -0.009434 1.655716 1.655064 6.273752 718.000000 238.000000
16 194 4 14 0.500000 0.005742 0.043451 1.622346 1.621639 0.043451 729.000000 243.000000
16 195 4 15 0.100000 0.091745 0.024626 2.725710 2.725018 0.024626 725.000000 247.000000
16 196 4 16 1.750000 0.190974 0.137378 2.357975 2.357226 0.137378 750.000000 233.000000
16 197 4 17 1.300000 0.644365 0.555630 1.856359 1.855689 0.555630 833.000000 268.000000
16 198 4 18 0.200000 -0.338480 0.004651 1.622336 1.621641 0.004651 721.000000 235.000000
16 199 4 19 0.050000 0.364503 0.014562 2.424825 2.424098 0.014562 723.000000 244.000000
16 200 4 20 0.950000 -0.066307 -0.060673 1.053977 1.053226 6.222512 707.000000 236.000000
16 201 4 21 1.650000 -0.159532 -0.140531 1.505378 1.504612 6.142654 691.000000 245.000000
16 202 4 22 0.350000 0.789279 0.157342 1.237789 1.237127 0.157342 753.000000 242.000000
16 203 4 23 0.150000 0.308660 0.000000 1.555474 1.554767 0.000000 720.000000 249.000000
16 204 4 24 0.150000 0.141308 0.252997 1.471877 1.471177 0.252997 773.000000 245.000000
16 205 4 25 0.000000 0.326756 0.275531 1.271237 1.270562 0.275531 774.000000 259.000000
16 206 4 26 0.400000 -0.204844 0.333059 1.538772 1.538049 0.333059 784.000000 265.000000
16 207 4 27 0.550000 -0.224405 -0.269334 1.053946 1.053226 6.013851 667.000000 258.000000
16 208 4 28 0.300000 0.208140 0.504310 1.839624 1.838971 0.504310 821.000000 267.000000
16 209 4 29 0.250000 -0.387332 0.014285 1.990135 1.989432 0.014285 723.000000 240.000000
16 210 4 30 0.600000 -0.136096 -0.206536 1.170943 1.170255 6.076649 676.000000 240.000000
16 211 4 31 0.750000 0.417686 0.205215 2.742451 2.741739 0.205215 766.000000 229.000000
16 212 4 32 1.100000 -0.104186 -0.131654 1.087332 1.086665 6.151531 691.000000 231.000000
16 213 4 33 0.150000 -0.075021 -0.636508 1.639065 1.638356 5.646677 601.000000 289.000000
16 214 4 34 1.100000 -0.208902 -0.157655 1.772806 1.772103 6.125530 689.000000 255.000000
16 215 4 35 0.400000 0.081088 -0.014018 3.377771 3.377023 6.269168 717.000000 236.000000
16 216 4 36 0.050000 -0.491825 0.120624 1.806260 1.805536 0.120624 744.000000 252.000000
16 217 4 37 1.750000 -0.266026 -0.161152 2.190724 2.190053 6.122033 687.000000 247.000000
16 218 4 38 1.200000 -0.221042 -0.252696 2.541799 2.541113 6.030489 665.000000 237.000000
16 219 4 39 0.150000 -0.169112 0.040587 2.157351 2.156610 0.040587 728.000000 253.000000
16 220 4 40 1.250000 -0.075260 -0.165149 1.806309 1.805538 6.118037 684.000000 234.000000
16 221 4 41 0.650000 0.283310 0.158655 2.993207 2.992508 0.158655 756.000000 225.000000
16 222 4 42 0.800000 0.134373 0.139096 1.822916 1.822253 0.139096 748.000000 250.000000
16 223 4 43 0.850000 0.231443 0.181733 2.107114 2.106458 0.181733 763.000000 216.000000
16 224 4 44 0.900000 -0.199922 -0.387604 1.271261 1.270563 5.895581 631.000000 232.000000
16 225 4 45 1.300000 0.052919 0.024385 1.204404 1.203691 0.024385 725.000000 245.000000
16 226 4 46 0.650000 0.119579 0.004464 2.224121 2.223483 0.004464 721.000000 226.000000
16 227 4 47 0.550000 -0.072544 0.213062 1.204405 1.203689 0.213062 765.000000 242.000000
16 228 4 48 0.650000 -0.285771 -0.397809 1.655809 1.655074 5.885376 641.000000 262.000000
16 229 4 49 0.400000 0.523067 0.377692 1.522031 1.521331 0.377692 793.000000 266.000000
16 230 4 50 0.400000 0.520025 0.321751 3.912696 3.911994 0.321751 803.000000 201.000000
16 231 4 51 0.700000 -0.061447 -0.165972 1.488633 1.487894 6.117214 687.000000 253.000000
16 232 4 52 1.450000 -0.047972 0.021050 1.739386 1.738667 0.021050 726.000000 165.000000
16 233 4 53 0.800000 0.066585 0.122929 0.886719 0.886046 0.122929 752.000000 191.000000
16 234 4 54 1.750000 -0.590320 -0.380506 3.427922 3.427175 5.902679 646.000000 265.000000
16 235 4 55 1.200000 0.263088 0.301158 0.903521 0.902772 0.301158 802.000000 186.000000
16 236 4 56 0.600000 0.271857 0.436343 1.873158 1.872405 0.436343 810.000000 257.000000
16 237 4 57 0.300000 0.129196 0.004310 2.107210 2.106454 0.004310 721.000000 218.000000
16 238 4 58 0.300000 0.366148 0.194424 1.003811 1.003078 0.194424 771.000000 191.000000
16 239 4 59 1.450000 0.483910 0.529790 1.371575 1.370869 0.529790 826.000000 269.000000
16 240 4 60 0.950000 -0.132165 -0.278941 0.886706 0.886051 6.004245 661.000000 244.000000
16 241 5 01 1.100000 -0.178068 -0.161837 1.672498 1.671792 6.121348 680.000000 205.000000
16 242 5 02 1.700000 -0.054524 -0.093187 0.953637 0.952923 6.189998 700.000000 236.000000
16 243 5 03 1.200000 0.113632 0.137736 1.354829 1.354152 0.137736 748.000000 248.000000
16 244 5 04 1.300000 -0.194017 -0.111979 0.970382 0.969640 6.171206 692.000000 201.000000
16 245 5 05 0.200000 0.128892 0.061244 1.421769 1.421013 0.061244 733.000000 238.000000
16 246 5 06 1.450000 0.171286 0.120624 1.371522 1.370865 0.120624 744.000000 252.000000
16 247 5 07 0.300000 0.268498 0.490781 1.087400 1.086665 0.490781 821.000000 261.000000
16 248 5 08 1.050000 -0.307072 -0.345723 0.970398 0.969640 5.937462 644.000000 239.000000
16 249 5 09 0.750000 0.475526 0.379657 1.873094 1.872407 0.379657 801.000000 247.000000
16 250 5 10 0.900000 -0.339491 -0.568728 2.341198 2.340510 5.714457 596.000000 256.000000
16 251 5 11 1.700000 -0.251942 -0.256593 1.221096 1.220406 6.026593 667.000000 248.000000
16 252 5 12 1.300000 -0.241259 -0.129504 1.338116 1.337433 6.153682 692.000000 235.000000
16 253 5 13 1.150000 0.138561 0.248559 1.471899 1.471176 0.248559 770.000000 253.000000
16 254 5 14 1.000000 0.225309 0.234201 1.923202 1.922552 0.234201 767.000000 253.000000
16 255 5 15 1.450000 -0.309039 -0.218123 1.404982 1.404306 6.065062 677.000000 256.000000
16 256 5 16 1.400000 -0.361696 -0.308053 0.920176 0.919486 5.975133 650.000000 230.000000
16 257 5 17 0.050000 0.142172 0.000000 2.006849 2.006153 0.000000 720.000000 236.000000
16 258 5 18 1.350000 0.130934 0.141294 1.204368 1.203692 0.141294 753.000000 218.000000
16 259 5 19 0.750000 0.117672 0.164380 1.354875 1.354151 0.164380 755.000000 239.000000
16 260 5 20 0.700000 0.084651 0.119794 1.170947 1.170245 0.119794 746.000000 234.000000
16 261 5 21 0.200000 0.189816 0.492095 1.288018 1.287281 0.492095 824.000000 256.000000
16 262 5 22 0.400000 -0.075013 0.000000 1.789529 1.788817 0.000000 720.000000 221.000000
16 263 5 23 0.500000 0.085774 0.101502 1.522066 1.521326 0.101502 742.000000 234.000000
16 264 5 24 1.750000 0.047784 0.083526 1.204411 1.203680 0.083526 738.000000 235.000000
16 265 5 25 0.000000 -0.357433 -0.081636 1.923311 1.922561 6.201549 702.000000 230.000000
16 266 5 26 0.450000 -0.521132 -0.384075 1.237861 1.237126 5.899111 642.000000 257.000000
16 267 5 27 0.050000 -0.464998 0.317056 1.354904 1.354151 0.317056 783.000000 258.000000
16 268 5 28 0.850000 -0.056845 0.013333 2.391394 2.390664 0.013333 723.000000 225.000000
16 269 5 29 1.250000 -0.059080 0.000000 1.906572 1.905843 0.000000 720.000000 204.000000
16 270 5 30 0.150000 -0.251089 0.000000 1.655734 1.655076 0.000000 720.000000 241.000000
16 271 5 31 0.550000 0.052898 0.010000 1.421734 1.421024 0.010000 722.000000 250.000000
16 272 5 32 0.950000 0.456199 0.320457 1.889838 1.889125 0.320457 797.000000 218.000000
16 273 5 33 1.500000 -0.815973 -0.676915 0.836562 0.835886 5.606270 585.000000 282.000000
16 274 5 34 0.900000 0.373534 0.463648 1.739349 1.738655 0.463648 815.000000 260.000000
16 275 5 35 1.100000 -0.282575 -0.334737 2.475002 2.474252 5.948448 640.000000 220.000000
16 276 5 36 1.200000 -0.433361 -0.457660 1.906492 1.905841 5.825526 621.000000 249.000000
16 277 5 37 1.400000 -0.145700 -0.144220 1.137503 1.136811 6.138965 685.000000 209.000000
16 278 5 38 0.200000 0.773011 0.135724 1.271224 1.270562 0.135724 751.000000 223.000000
16 279 5 39 1.750000 0.585462 0.450519 1.221111 1.220409 0.450519 809.000000 266.000000
16 280 5 40 1.450000 0.174843 0.269334 1.120802 1.120100 0.269334 773.000000 258.000000
16 281 5 41 1.150000 0.262431 0.115228 1.154192 1.153537 0.115228 745.000000 234.000000
16 282 5 42 0.250000 0.217187 -0.839400 1.053930 1.053230 5.443786 564.000000 310.000000
16 283 5 43 1.350000 -0.603517 -0.351031 1.923249 1.922562 5.932154 642.000000 237.000000
16 284 5 44 0.600000 0.817480 0.275721 1.388321 1.387587 0.275721 778.000000 245.000000
16 285 5 45 0.000000 -0.119848 0.009346 2.575277 2.574560 0.009346 722.000000 236.000000
16 286 5 46 0.850000 0.013630 0.004405 2.090416 2.089741 0.004405 721.000000 223.000000
16 287 5 47 0.000000 -0.251402 0.082007 1.806237 1.805529 0.082007 738.000000 231.000000
16 288 5 48 1.050000 0.860471 0.527020 1.605628 1.604921 0.527020 823.000000 273.000000
16 289 5 49 0.550000 0.042755 -0.004444 2.692307 2.691584 6.278741 719.000000 225.000000
16 290 5 50 0.400000 0.256622 0.019136 1.471856 1.471179 0.019136 724.000000 241.000000
16 291 5 51 1.300000 0.714824 0.408368 1.137483 1.136818 0.408368 810.000000 242.000000
16 292 5 52 1.750000 0.059638 0.020302 1.789545 1.788817 0.020302 724.000000 253.000000
16 293 5 53 1.300000 -0.163013 -0.144363 1.254572 1.253844 6.138822 687.000000 223.000000
16 294 5 54 1.050000 0.321359 0.261421 1.371621 1.370868 0.261421 781.000000 222.000000
16 295 5 55 0.400000 0.160705 0.197396 1.705960 1.705228 0.197396 764.000000 230.000000
16 296 5 56 0.600000 -0.522733 -0.428671 1.522097 1.521331 5.854514 619.000000 229.000000
16 297 5 57 0.800000 -0.519426 -0.615985 1.170989 1.170249 5.667200 594.000000 272.000000
16 298 5 58 0.250000 0.346899 -0.097253 2.525113 2.524405 6.185932 696.000000 204.000000
16 299 5 59 0.900000 0.152392 0.156165 2.157325 2.156612 0.156165 757.000000 215.000000
16 300 5 60 1.400000 0.361393 0.246161 1.271255 1.270558 0.246161 770.000000 251.000000
16 301 6 01 1.250000 -0.117269 0.004425 2.792543 2.791889 0.004425 721.000000 224.000000
16 302 6 02 1.150000 -0.049380 -0.086150 1.856380 1.855690 6.197035 701.000000 230.000000
16 303 6 03 0.950000 -0.193530 -0.121842 1.405009 1.404308 6.161343 696.000000 254.000000
16 304 6 04 0.200000 -0.233100 0.012499 1.405000 1.404297 0.012499 723.000000 210.000000
16 305 6 05 0.850000 -0.012979 0.015036 1.421714 1.421023 0.015036 724.000000 184.000000
16 306 6 06 1.550000 -0.005416 0.004065 1.889884 1.889124 0.004065 721.000000 204.000000
16 307 6 07 0.100000 -0.342897 0.009389 1.371600 1.370870 0.009389 722.000000 237.000000
16 308 6 08 0.600000 0.106951 0.130476 1.839712 1.838972 0.130476 749.000000 229.000000
16 309 6 09 1.650000 -0.515458 -0.307046 0.920197 0.919487 5.976140 655.000000 245.000000
16 310 6 10 0.450000 0.180197 0.191921 2.006810 2.006152 0.191921 761.000000 239.000000
16 311 6 11 0.800000 -0.316683 -0.341356 1.371577 1.370873 5.941829 639.000000 222.000000
16 312 6 12 1.650000 0.107415 0.200053 1.940028 1.939278 0.200053 764.000000 233.000000
16 313 6 13 0.600000 -0.211645 -0.128051 1.254606 1.253844 6.155134 690.000000 217.000000
16 314 6 14 1.700000 0.020033 0.081161 2.140608 2.139893 0.081161 737.000000 241.000000
16 315 6 15 1.050000 -0.278738 -0.150236 2.408098 2.407380 6.132950 687.000000 232.000000
16 316 6 16 0.900000 0.671605 0.420663 2.792589 2.791893 0.420663 805.000000 260.000000
16 317 6 17 1.600000 0.000094 0.022219 1.655810 1.655069 0.022219 725.000000 225.000000
16 318 6 18 0.050000 0.670729 0.697104 1.120768 1.120092 0.697104 859.000000 284.000000
16 319 6 19 0.450000 0.024375 -0.705430 1.605631 1.604919 5.577756 588.000000 295.000000
16 320 6 20 1.150000 -0.321682 -0.357566 2.943030 2.942355 5.925619 618.000000 177.000000
16 321 6 21 0.350000 0.180951 0.018866 1.287967 1.287276 0.018866 724.000000 238.000000
16 322 6 22 1.300000 0.082745 0.172191 1.622346 1.621640 0.172191 756.000000 243.000000
16 323 6 23 0.300000 -0.209496 0.356220 2.040262 2.039583 0.356220 800.000000 235.000000
16 324 6 24 1.050000 0.037046 0.027390 1.388287 1.387578 0.027390 726.000000 231.000000
16 325 6 25 0.450000 0.149040 0.215219 0.903425 0.902760 0.215219 767.000000 235.000000
16 326 6 26 1.700000 -0.262466 -0.243853 2.006905 2.006151 6.039333 668.000000 241.000000
16 327 6 27 0.050000 -0.063324 0.018955 2.608718 2.607988 0.018955 724.000000 239.000000
16 328 6 28 1.600000 0.068910 0.135338 1.003756 1.003075 0.135338 752.000000 215.000000
16 329 6 29 0.200000 0.508677 0.000000 1.137529 1.136821 0.000000 720.000000 246.000000
16 330 6 30 0.850000 -0.240575 -0.305879 2.006880 2.006149 5.977306 654.000000 241.000000
16 331 6 31 0.400000 0.048427 0.004926 1.806248 1.805536 0.004926 721.000000 247.000000
16 332 6 32 1.350000 -0.068695 -0.150512 1.756062 1.755382 6.132673 688.000000 239.000000
16 333 6 33 1.550000 -0.252144 -0.129198 1.839732 1.838970 6.153988 687.000000 196.000000
16 334 6 34 1.400000 0.066304 0.145876 1.137551 1.136817 0.145876 751.000000 239.000000
16 335 6 35 0.100000 -0.204396 0.009434 1.923268 1.922553 0.009434 722.000000 238.000000
16 336 6 36 0.200000 0.547121 0.014150 1.756054 1.755372 0.014150 723.000000 238.000000
16 337 6 37 0.750000 0.350688 0.383818 1.522037 1.521328 0.383818 804.000000 242.000000
16 338 6 38 0.100000 0.376552 0.009569 1.923244 1.922564 0.009569 722.000000 241.000000
16 339 6 39 1.100000 -0.254171 -0.314343 1.438467 1.437742 5.968842 654.000000 247.000000
16 340 6 40 0.450000 0.080937 0.221201 0.870042 0.869333 0.221201 767.000000 241.000000
16 341 6 41 0.350000 -0.257025 0.251444 0.903496 0.902768 0.251444 776.000000 232.000000
16 342 6 42 1.300000 -0.074389 -0.129703 2.291037 2.290355 6.153483 690.000000 220.000000
16 343 6 43 1.000000 0.290422 0.315422 1.204409 1.203691 0.315422 782.000000 260.000000
16 344 6 44 1.150000 0.333168 0.370171 1.338122 1.337432 0.370171 798.000000 249.000000
16 345 6 45 1.000000 0.285756 0.269651 1.522047 1.521331 0.269651 775.000000 251.000000
16 346 6 46 0.950000 -0.544575 -0.453844 0.853297 0.852615 5.829341 620.000000 245.000000
16 347 6 47 1.500000 0.609612 0.536325 1.003844 1.003077 0.536325 827.000000 270.000000
16 348 6 48 0.000000 -0.055551 0.009708 3.444638 3.443890 0.009708 722.000000 244.000000
16 349 6 49 1.500000 0.516646 0.310831 2.575324 2.574560 0.310831 782.000000 257.000000
16 350 6 50 1.550000 -0.106617 -0.185348 1.237870 1.237125 6.097837 675.000000 210.000000
16 351 6 51 0.700000 -0.155889 -0.143083 2.558523 2.557841 6.140102 686.000000 214.000000
16 352 6 52 1.000000 0.224279 0.186487 2.207483 2.206764 0.186487 760.000000 238.000000
16 353 6 53 0.300000 0.705536 -0.951100 1.538789 1.538047 5.332085 549.000000 328.000000
16 354 6 54 1.400000 -0.019267 0.000000 2.057045 2.056303 0.000000 720.000000 249.000000
16 355 6 55 1.000000 0.344481 0.275960 1.204393 1.203691 0.275960 784.000000 224.000000
16 356 6 56 0.100000 -0.405709 0.019605 1.772785 1.772100 0.019605 724.000000 246.000000
16 357 6 57 1.100000 -0.073317 -0.175515 2.090480 2.089731 6.107670 684.000000 247.000000
16 358 6 58 1.350000 -0.151571 -0.271433 1.020457 1.019798 6.011752 661.000000 238.000000
16 359 6 59 0.050000 0.198057 0.018777 2.056996 2.056303 0.018777 724.000000 237.000000
16 360 6 60 0.450000 0.340428 0.230834 1.304747 1.303996 0.230834 771.000000 233.000000
