10 000 0 01 1.337055 0.233871 0.287082 3.515116 3.506816 0.287082 782.000000 240.000000
10 000 0 02 1.119067 -0.018873 -0.004630 2.138187 2.137489 6.278556 719.000000 234.000000
10 000 0 03 1.415619 -0.258377 -0.419185 2.522274 2.521570 5.864000 634.000000 257.000000
10 000 0 04 1.098093 -0.004869 0.004831 3.607701 3.607014 0.004831 721.000000 243.000000
10 000 0 05 1.067333 -0.075320 -0.150027 4.392625 4.391871 6.133158 694.000000 278.000000
10 000 0 06 1.491780 -0.188194 -0.144525 1.904399 1.903702 6.138660 689.000000 237.000000
10 000 0 07 1.024315 0.155677 0.308258 2.739337 2.738662 0.308258 784.000000 249.000000
10 000 0 08 1.038016 0.091738 0.174672 1.954523 1.953799 0.174672 756.000000 246.000000
10 000 0 09 1.421601 0.369418 0.332536 2.488834 2.488170 0.332536 787.000000 256.000000
10 000 0 10 1.410307 0.881466 0.802119 2.388653 2.387976 0.802119 872.000000 303.000000
10 001 1 01 1.750000 0.290897 0.291457 1.971217 1.970499 0.291457 786.000000 230.000000
10 002 1 02 0.150000 -0.099155 0.024150 2.205027 2.204281 0.024150 725.000000 243.000000
10 003 1 03 0.950000 0.298716 0.326289 1.370040 1.369329 0.326289 787.000000 252.000000
10 004 1 04 0.350000 0.018749 0.055062 1.203046 1.202338 0.055062 734.000000 196.000000
10 005 1 05 0.950000 -0.191393 -0.201970 1.370091 1.369329 6.081215 677.000000 240.000000
10 006 1 06 1.100000 0.028562 0.081452 1.119498 1.118842 0.081452 740.000000 205.000000
10 007 1 07 0.900000 0.053066 0.077470 2.622487 2.621759 0.077470 737.000000 231.000000
10 008 1 08 1.050000 0.034700 0.065327 1.253128 1.252435 0.065327 734.000000 236.000000
10 009 1 09 0.550000 -0.110231 -0.166664 1.937658 1.937102 6.116521 684.000000 236.000000
10 010 1 10 0.300000 0.316370 0.163618 1.269875 1.269134 0.163618 755.000000 238.000000
10 011 1 11 1.200000 -0.191770 -0.265430 2.822870 2.822155 6.017755 664.000000 244.000000
10 012 1 12 0.250000 0.266439 0.139987 2.104825 2.104090 0.139987 751.000000 230.000000
10 013 1 13 0.050000 -0.160521 0.103699 0.969117 0.968551 0.103699 743.000000 229.000000
10 014 1 14 1.500000 -0.325607 -0.280168 1.152978 1.152240 6.003018 659.000000 238.000000
10 015 1 15 0.500000 -0.318684 -0.243853 1.453562 1.452823 6.039333 668.000000 241.000000
10 016 1 16 0.050000 -0.125150 0.231091 1.536981 1.536321 0.231091 768.000000 246.000000
10 017 1 17 1.150000 0.048988 0.095542 1.470205 1.469523 0.095542 743.000000 210.000000
10 018 1 18 1.500000 -0.107620 -0.184250 1.002675 1.001949 6.098935 679.000000 230.000000
10 019 1 19 1.050000 -0.517757 -0.440097 1.186409 1.185637 5.843088 631.000000 261.000000
10 020 1 20 0.350000 0.482095 0.383985 1.236456 1.235734 0.383985 800.000000 252.000000
10 021 1 21 0.850000 -0.326338 -0.317745 1.136089 1.135542 5.965440 646.000000 225.000000
10 022 1 22 0.700000 0.385725 0.434058 1.470266 1.469523 0.434058 809.000000 258.000000
10 023 1 23 0.900000 0.045911 0.092419 1.603807 1.603117 0.092419 739.000000 245.000000
10 024 1 24 0.200000 0.471145 0.256655 1.353325 1.352631 0.256655 778.000000 229.000000
10 025 1 25 1.650000 0.321975 0.354706 1.353373 1.352629 0.354706 810.000000 207.000000
10 026 1 26 0.550000 0.280567 0.434367 1.553699 1.553019 0.434367 810.000000 256.000000
10 027 1 27 0.000000 -0.090856 0.376078 1.637236 1.636516 0.376078 797.000000 255.000000
10 028 1 28 1.250000 -0.148348 -0.249679 1.470214 1.469523 6.033506 669.000000 250.000000
10 029 1 29 0.250000 -0.424134 -0.069655 1.269845 1.269135 6.213531 705.000000 235.000000
10 030 1 30 0.450000 0.880497 0.586644 1.620562 1.619815 0.586644 833.000000 280.000000
10 031 1 31 0.850000 -0.106337 -0.046380 1.787559 1.786808 6.236805 709.000000 213.000000
10 032 1 32 1.150000 0.197355 0.338241 1.587124 1.586422 0.338241 790.000000 251.000000
10 033 1 33 0.350000 0.673728 0.560056 1.370073 1.369329 0.560056 836.000000 265.000000
10 034 1 34 1.350000 0.072407 0.099240 1.102878 1.102143 0.099240 743.000000 219.000000
10 035 1 35 0.850000 -0.566648 -0.482318 1.152988 1.152239 5.800868 620.000000 259.000000
10 036 1 36 0.300000 -0.386932 -0.507575 1.537013 1.536324 5.775610 621.000000 272.000000
10 037 1 37 1.750000 0.570830 0.538044 2.856092 2.855555 0.538044 831.000000 264.000000
10 038 1 38 0.100000 0.449233 0.230606 0.919168 0.918453 0.230606 774.000000 220.000000
10 039 1 39 0.800000 -0.351221 -0.384809 1.403501 1.402728 5.898376 639.000000 250.000000
10 040 1 40 1.000000 -0.057998 -0.202199 1.319971 1.319230 6.080987 679.000000 250.000000
10 041 1 41 0.350000 0.128869 -0.046263 1.553710 1.553019 6.236922 710.000000 234.000000
10 042 1 42 1.600000 -0.236856 -0.375591 0.885704 0.885059 5.907595 623.000000 204.000000
10 043 1 43 0.250000 -0.139103 -0.097990 1.420115 1.419426 6.185195 691.000000 155.000000
10 044 1 44 1.350000 0.251178 0.261139 1.236450 1.235737 0.261139 782.000000 218.000000
10 045 1 45 1.550000 -0.007173 -0.018777 2.939758 2.939044 6.264408 716.000000 237.000000
10 046 1 46 1.550000 0.553868 0.535557 1.436826 1.436125 0.535557 828.000000 268.000000
10 047 1 47 0.900000 -0.016437 -0.078271 1.436727 1.436126 6.204914 704.000000 246.000000
10 048 1 48 1.350000 -0.071764 -0.217111 1.670617 1.669913 6.066074 675.000000 246.000000
10 049 1 49 1.700000 0.513889 0.411381 2.338506 2.337880 0.411381 809.000000 246.000000
10 050 1 50 0.800000 0.188425 0.237495 1.620513 1.619817 0.237495 781.000000 198.000000
10 051 1 51 0.850000 -0.451873 -0.482513 1.353394 1.352633 5.800672 621.000000 261.000000
10 052 1 52 0.200000 -0.584519 -0.031380 1.653884 1.653217 6.251805 713.000000 227.000000
10 053 1 53 0.100000 0.020967 0.014705 1.386732 1.386029 0.014705 723.000000 246.000000
10 054 1 54 0.100000 0.110944 -0.004762 1.369946 1.369329 6.278423 719.000000 240.000000
10 055 1 55 1.750000 0.016919 0.037541 1.921125 1.920401 0.037541 728.000000 237.000000
10 056 1 56 0.800000 0.399753 0.434831 2.371998 2.371279 0.434831 805.000000 267.000000
10 057 1 57 1.350000 -0.272113 -0.322945 1.069465 1.068746 5.960240 636.000000 199.000000
10 058 1 58 0.400000 0.283546 0.429953 1.470252 1.469524 0.429953 803.000000 269.000000
10 059 1 59 1.600000 -0.231392 -0.256368 1.336556 1.335931 6.026818 666.000000 244.000000
10 060 1 60 1.500000 -0.039754 -0.057206 2.906328 2.905653 6.225979 707.000000 223.000000
10 061 2 01 0.700000 -0.354668 -0.164380 1.987859 1.987197 6.118805 685.000000 239.000000
10 062 2 02 1.650000 -0.486150 -0.461836 1.253178 1.252426 5.821349 610.000000 229.000000
10 063 2 03 1.050000 -0.141127 -0.177485 1.336474 1.335936 6.105701 680.000000 227.000000
10 064 2 04 0.850000 -0.104460 -0.105883 1.687279 1.686613 6.177303 698.000000 243.000000
10 065 2 05 0.700000 -0.234604 -0.216194 3.056657 3.055940 6.066992 673.000000 236.000000
10 066 2 06 1.350000 -0.378666 -0.420057 2.572224 2.571673 5.863129 607.000000 197.000000
10 067 2 07 1.500000 -0.139279 -0.122032 2.104825 2.104086 6.161153 694.000000 238.000000
10 068 2 08 0.400000 -0.402345 -0.035073 2.371980 2.371277 6.248112 712.000000 222.000000
10 069 2 09 0.250000 0.261420 -0.026310 1.236429 1.235739 6.256876 714.000000 222.000000
10 070 2 10 0.400000 -0.006144 -0.032099 1.136088 1.135541 6.251086 713.000000 232.000000
10 071 2 11 0.900000 -0.058293 -0.004854 1.370064 1.369329 6.278331 719.000000 244.000000
10 072 2 12 1.400000 -0.217592 -0.291014 2.138191 2.137488 5.992172 658.000000 243.000000
10 073 2 13 1.400000 -0.547167 -0.512389 1.119588 1.118841 5.770796 594.000000 226.000000
10 074 2 14 1.250000 -0.237833 -0.269312 1.987900 1.987202 6.013873 659.000000 229.000000
10 075 2 15 1.150000 0.941814 0.873693 1.102855 1.102143 0.873693 886.000000 311.000000
10 076 2 16 1.700000 -0.228151 -0.251606 1.286528 1.285836 6.031579 638.000000 131.000000
10 077 2 17 0.450000 0.583503 0.970019 1.236467 1.235735 0.970019 917.000000 315.000000
10 078 2 18 0.800000 -0.005326 0.228964 1.002686 1.001949 0.228964 775.000000 214.000000
10 079 2 19 0.150000 -0.085013 0.738765 1.370046 1.369329 0.738765 863.000000 293.000000
10 080 2 20 1.200000 -0.187972 -0.246161 1.219790 1.219038 6.037025 670.000000 251.000000
10 081 2 21 1.050000 0.211229 0.264670 1.553708 1.553019 0.264670 778.000000 236.000000
10 082 2 22 0.200000 -0.140338 -0.065942 1.286381 1.285837 6.217243 706.000000 238.000000
10 083 2 23 0.750000 0.052443 -0.021642 1.637253 1.636515 6.261544 715.000000 219.000000
10 084 2 24 0.550000 0.569021 0.469720 1.620511 1.619826 0.469720 820.000000 253.000000
10 085 2 25 1.300000 -0.138525 -0.184481 1.520368 1.519622 6.098704 681.000000 241.000000
10 086 2 26 0.050000 -0.083627 0.080395 1.253161 1.252435 0.080395 737.000000 239.000000
10 087 2 27 0.000000 0.119420 0.064427 1.420123 1.419429 0.064427 734.000000 233.000000
10 088 2 28 0.300000 0.136946 0.168123 0.869102 0.868355 0.168123 757.000000 232.000000
10 089 2 29 1.050000 -0.119335 -0.156025 1.052737 1.052045 6.127160 678.000000 183.000000
10 090 2 30 0.450000 0.119610 0.241753 1.319890 1.319232 0.241753 774.000000 231.000000
10 091 2 31 0.600000 0.263953 0.221314 0.985939 0.985250 0.221314 783.000000 170.000000
10 092 2 32 0.950000 -0.242125 -0.201039 1.937795 1.937100 6.082147 677.000000 239.000000
10 093 2 33 1.650000 0.591178 0.537285 1.286502 1.285834 0.537285 832.000000 262.000000
10 094 2 34 1.550000 -0.070448 -0.120935 0.902301 0.901757 6.162251 685.000000 162.000000
10 095 2 35 1.300000 0.207466 0.222661 1.537079 1.536321 0.222661 768.000000 238.000000
10 096 2 36 0.050000 0.131447 0.174672 1.570425 1.569719 0.174672 756.000000 246.000000
10 097 2 37 1.100000 -0.423546 -0.389064 1.136213 1.135543 5.894121 613.000000 189.000000
10 098 2 38 0.800000 0.301464 0.421548 1.369964 1.369331 0.421548 820.000000 227.000000
10 099 2 39 1.450000 -0.023094 -0.020240 1.336637 1.335934 6.262945 715.000000 203.000000
10 100 2 40 1.400000 0.344650 0.366394 1.303276 1.302531 0.366394 819.000000 192.000000
10 101 2 41 0.350000 0.109859 0.232557 1.286491 1.285834 0.232557 774.000000 222.000000
10 102 2 42 1.350000 -0.644537 -0.559125 1.303288 1.302536 5.724061 613.000000 279.000000
10 103 2 43 0.950000 -0.261820 -0.224981 1.069477 1.068744 6.058204 674.000000 249.000000
10 104 2 44 1.000000 -0.012509 0.031904 1.219565 1.219038 0.031904 729.000000 168.000000
10 105 2 45 0.750000 0.701879 0.745419 1.119532 1.118843 0.745419 876.000000 281.000000
10 106 2 46 1.600000 0.028355 0.022120 1.353379 1.352631 0.022120 725.000000 224.000000
10 107 2 47 1.700000 0.249169 0.252806 1.704008 1.703312 0.252806 782.000000 210.000000
10 108 2 48 0.650000 -0.517812 -0.378294 1.152997 1.152241 5.904891 627.000000 216.000000
10 109 2 49 0.700000 0.081421 0.176546 1.353341 1.352630 0.176546 758.000000 237.000000
10 110 2 50 0.000000 0.106622 -0.080120 1.119620 1.118838 6.203065 698.000000 176.000000
10 111 2 51 0.400000 -0.130868 0.004504 1.102813 1.102145 0.004504 721.000000 228.000000
10 112 2 52 1.400000 0.327544 0.365425 1.102837 1.102143 0.365425 808.000000 220.000000
10 113 2 53 0.200000 -0.115834 0.277125 1.503612 1.502922 0.277125 784.000000 225.000000
10 114 2 54 0.300000 0.158973 0.030558 1.136098 1.135540 0.030558 727.000000 221.000000
10 115 2 55 1.400000 0.316904 0.354197 1.236417 1.235736 0.354197 791.000000 258.000000
10 116 2 56 1.750000 0.569257 0.518582 1.453552 1.452824 0.518582 829.000000 259.000000
10 117 2 57 1.750000 0.208166 0.227143 1.152895 1.152240 0.227143 769.000000 238.000000
10 118 2 58 1.600000 0.229751 0.241753 2.171553 2.170889 0.241753 774.000000 231.000000
10 119 2 59 0.400000 0.024656 0.009662 1.069465 1.068745 0.009662 722.000000 243.000000
10 120 2 60 1.400000 0.231003 0.249979 1.804186 1.803508 0.249979 780.000000 215.000000
10 121 3 01 1.350000 -0.305118 -0.239743 1.102864 1.102142 6.043442 665.000000 225.000000
10 122 3 02 0.250000 -0.041050 0.028294 0.969192 0.968549 0.028294 726.000000 238.000000
10 123 3 03 0.850000 0.079445 0.126806 1.286545 1.285834 0.126806 752.000000 199.000000
10 124 3 04 0.050000 -0.304656 0.078410 0.852409 0.851655 0.078410 742.000000 170.000000
10 125 3 05 0.450000 0.306539 0.244979 1.102859 1.102141 0.244979 774.000000 234.000000
10 126 3 06 0.950000 0.345442 0.364871 1.486923 1.486223 0.364871 809.000000 217.000000
10 127 3 07 1.500000 -0.514744 -0.415970 1.403507 1.402727 5.867215 629.000000 244.000000
10 128 3 08 1.500000 -0.179652 -0.141897 1.019336 1.018647 6.141288 687.000000 219.000000
10 129 3 09 0.450000 -0.485380 -0.270220 1.253200 1.252437 6.012965 661.000000 237.000000
10 130 3 10 0.300000 -0.267078 -0.308651 1.453596 1.452823 5.974534 654.000000 243.000000
10 131 3 11 1.050000 0.354093 0.387707 1.620367 1.619817 0.387707 798.000000 259.000000
10 132 3 12 0.800000 0.071899 0.174938 1.754120 1.753410 0.174938 758.000000 235.000000
10 133 3 13 0.000000 -0.146909 0.177362 1.403448 1.402727 0.177362 758.000000 238.000000
10 134 3 14 1.000000 0.110967 0.147252 1.453479 1.452825 0.147252 751.000000 241.000000
10 135 3 15 1.200000 0.185989 0.231091 1.453556 1.452820 0.231091 768.000000 246.000000
10 136 3 16 1.100000 0.966550 0.871998 1.336633 1.335931 0.871998 889.000000 308.000000
10 137 3 17 1.000000 -0.182354 -0.396648 1.837619 1.836905 5.886537 640.000000 259.000000
10 138 3 18 0.550000 0.337987 0.596056 3.206873 3.206239 0.596056 836.000000 279.000000
10 139 3 19 1.700000 0.348030 0.359249 1.653908 1.653212 0.359249 806.000000 221.000000
10 140 3 20 0.800000 0.214928 0.283622 1.386740 1.386033 0.283622 785.000000 227.000000
10 141 3 21 0.100000 -0.573531 0.293808 1.269785 1.269133 0.293808 779.000000 255.000000
10 142 3 22 1.550000 0.199274 0.189101 1.052785 1.052047 0.189101 760.000000 241.000000
10 143 3 23 0.450000 -0.158918 0.051953 1.069391 1.068745 0.051953 733.000000 200.000000
10 144 3 24 0.500000 0.089052 0.180657 0.902492 0.901754 0.180657 760.000000 231.000000
10 145 3 25 0.700000 -0.061129 0.013452 1.152974 1.152239 0.013452 723.000000 227.000000
10 146 3 26 0.900000 0.115063 0.235545 0.985980 0.985248 0.235545 774.000000 225.000000
10 147 3 27 0.350000 -0.181136 0.113151 1.136089 1.135544 0.113151 745.000000 230.000000
10 148 3 28 1.100000 -0.101164 -0.132876 1.169642 1.168943 6.150310 693.000000 248.000000
10 149 3 29 1.400000 -1.036620 -0.896757 1.520317 1.519624 5.386429 546.000000 311.000000
10 150 3 30 0.600000 -0.044740 0.186160 1.186373 1.185639 0.186160 762.000000 227.000000
10 151 3 31 1.100000 0.157899 0.175515 1.971230 1.970499 0.175515 756.000000 247.000000
10 152 3 32 0.650000 0.243007 0.570147 1.336629 1.335934 0.570147 829.000000 280.000000
10 153 3 33 0.850000 0.332218 0.616147 1.871038 1.870304 0.616147 851.000000 265.000000
10 154 3 34 0.650000 0.183718 0.381381 1.136207 1.135549 0.381381 799.000000 253.000000
10 155 3 35 0.600000 -0.276486 -0.233524 1.169614 1.168940 6.049661 671.000000 244.000000
10 156 3 36 1.250000 0.258972 0.216194 1.370072 1.369328 0.216194 767.000000 236.000000
10 157 3 37 1.150000 0.278776 0.331320 1.370030 1.369329 0.331320 806.000000 200.000000
10 158 3 38 0.750000 0.199606 0.315539 0.885728 0.885054 0.315539 799.000000 208.000000
10 159 3 39 1.750000 -0.119520 -0.106887 1.253178 1.252436 6.176298 695.000000 217.000000
10 160 3 40 0.200000 -0.259880 0.153023 1.303246 1.302533 0.153023 751.000000 249.000000
10 161 3 41 0.650000 0.210686 0.314117 1.704038 1.703311 0.314117 784.000000 253.000000
10 162 3 42 0.950000 0.025869 0.099199 0.952598 0.951850 0.099199 741.000000 239.000000
10 163 3 43 1.600000 0.330156 0.304511 1.086194 1.085442 0.304511 786.000000 240.000000
10 164 3 44 1.000000 -0.319152 -0.293693 1.152798 1.152243 5.989492 658.000000 245.000000
10 165 3 45 0.700000 0.654475 0.615985 0.902321 0.901745 0.615985 846.000000 272.000000
10 166 3 46 1.050000 -0.140087 -0.154997 1.503628 1.502922 6.128189 690.000000 258.000000
10 167 3 47 0.150000 0.147041 0.028977 1.152899 1.152239 0.028977 726.000000 243.000000
10 168 3 48 0.450000 -0.173255 0.039583 1.186313 1.185637 0.039583 728.000000 248.000000
10 169 3 49 1.550000 -0.087165 -0.135094 1.086191 1.085444 6.148091 692.000000 244.000000
10 170 3 50 1.200000 0.001170 0.119429 1.219780 1.219035 0.119429 744.000000 250.000000
10 171 3 51 0.800000 0.128587 0.273009 1.152778 1.152243 0.273009 776.000000 250.000000
10 172 3 52 1.650000 -0.027458 -0.043077 1.420132 1.419427 6.240109 710.000000 218.000000
10 173 3 53 0.300000 -0.201184 0.094716 1.319908 1.319232 0.094716 739.000000 250.000000
10 174 3 54 0.950000 0.354271 0.379697 0.852322 0.851657 0.379697 805.000000 237.000000
10 175 3 55 1.600000 0.256445 0.293328 1.002659 1.001950 0.293328 794.000000 205.000000
10 176 3 56 0.400000 -0.499799 0.316286 1.002601 1.001953 0.316286 792.000000 230.000000
10 177 3 57 1.400000 -0.145431 -0.227857 1.069421 1.068747 6.055328 672.000000 243.000000
10 178 3 58 0.900000 -0.357135 -0.294360 1.086189 1.085444 5.988825 653.000000 229.000000
10 179 3 59 0.650000 0.279846 0.443032 2.405357 2.404674 0.443032 813.000000 254.000000
10 180 3 60 0.300000 -0.035176 0.103082 1.603820 1.603114 0.103082 741.000000 247.000000
10 181 4 01 0.850000 0.026863 0.146345 0.902475 0.901754 0.146345 771.000000 104.000000
10 182 4 02 1.650000 -0.670037 -0.527146 0.902471 0.901753 5.756039 603.000000 249.000000
10 183 4 03 0.650000 0.061155 0.173453 0.752177 0.751472 0.173453 761.000000 216.000000
10 184 4 04 1.450000 -0.013178 -0.067063 0.985805 0.985253 6.216122 702.000000 182.000000
10 185 4 05 1.200000 -0.292332 -0.265430 1.036049 1.035348 6.017755 664.000000 244.000000
10 186 4 06 1.150000 -0.272525 -0.250529 0.785621 0.784861 6.032656 655.000000 196.000000
10 187 4 07 0.500000 0.160560 0.363147 1.553694 1.553015 0.363147 815.000000 200.000000
10 188 4 08 0.500000 0.640707 0.640721 0.919107 0.918453 0.640721 849.000000 277.000000
10 189 4 09 0.900000 -0.692625 -0.554682 1.019371 1.018652 5.728504 606.000000 266.000000
10 190 4 10 1.150000 0.006082 0.081636 0.985931 0.985248 0.081636 738.000000 230.000000
10 191 4 11 0.650000 -0.561890 -0.538275 1.086144 1.085443 5.744910 597.000000 244.000000
10 192 4 12 1.500000 -0.268892 -0.220614 0.835677 0.834957 6.062571 659.000000 178.000000
10 193 4 13 1.700000 0.558864 0.515441 1.336669 1.335933 0.515441 852.000000 217.000000
10 194 4 14 0.250000 -0.195084 -0.061826 1.136275 1.135538 6.221359 707.000000 240.000000
10 195 4 15 0.150000 -0.591575 -0.262331 1.035890 1.035348 6.020855 662.000000 234.000000
10 196 4 16 0.700000 -0.285392 -0.305161 1.052752 1.052049 5.978024 657.000000 250.000000
10 197 4 17 0.300000 0.220834 -0.023919 1.436892 1.436126 6.259266 715.000000 241.000000
10 198 4 18 0.000000 0.060587 -0.019605 1.202990 1.202346 6.263580 716.000000 246.000000
10 199 4 19 1.050000 0.226381 0.274522 0.735493 0.734763 0.274522 789.000000 205.000000
10 200 4 20 0.800000 0.131301 0.313119 2.188247 2.187587 0.313119 799.000000 206.000000
10 201 4 21 0.850000 0.227678 0.315708 1.319963 1.319232 0.315708 785.000000 251.000000
10 202 4 22 0.200000 -0.632412 -0.043972 0.952592 0.951850 6.239214 709.000000 200.000000
10 203 4 23 0.600000 -0.476756 -0.384903 1.520388 1.519611 5.898282 609.000000 176.000000
10 204 4 24 1.250000 -0.121220 -0.250547 1.370068 1.369341 6.032639 666.000000 239.000000
10 205 4 25 0.250000 0.158809 -0.100922 1.102903 1.102141 6.182264 696.000000 213.000000
10 206 4 26 0.000000 0.471651 -0.471696 1.069434 1.068744 5.811490 619.000000 252.000000
10 207 4 27 1.600000 0.300643 0.285772 1.336664 1.335932 0.285772 777.000000 256.000000
10 208 4 28 1.750000 -0.688985 -0.491658 0.985956 0.985253 5.791528 622.000000 267.000000
10 209 4 29 0.100000 0.021160 0.141897 1.486972 1.486224 0.141897 748.000000 254.000000
10 210 4 30 1.550000 0.060225 0.110207 1.169689 1.168938 0.110207 747.000000 206.000000
10 211 4 31 0.000000 -0.173013 0.024385 1.052732 1.052047 0.024385 725.000000 245.000000
10 212 4 32 0.500000 -0.106978 -0.113792 1.754179 1.753411 6.169393 696.000000 240.000000
10 213 4 33 1.300000 0.578659 0.576716 1.436820 1.436137 0.576716 854.000000 244.000000
10 214 4 34 0.350000 0.427685 -0.074243 1.202912 1.202341 6.208942 702.000000 208.000000
10 215 4 35 0.050000 0.388870 0.565758 1.253164 1.252434 0.565758 847.000000 250.000000
10 216 4 36 1.650000 -0.111075 -0.110657 2.154741 2.154190 6.172528 697.000000 243.000000
10 217 4 37 0.750000 0.058435 0.073129 1.420083 1.419427 0.073129 740.000000 177.000000
10 218 4 38 0.950000 -0.023088 -0.073600 1.369992 1.369330 6.209586 704.000000 233.000000
10 219 4 39 1.450000 0.396799 0.389133 0.952613 0.951851 0.389133 818.000000 211.000000
10 220 4 40 0.950000 0.748154 0.698799 1.403484 1.402730 0.698799 862.000000 281.000000
10 221 4 41 1.350000 0.255213 0.294235 1.620505 1.619817 0.294235 790.000000 219.000000
10 222 4 42 1.150000 0.022678 0.068856 1.486969 1.486222 0.068856 734.000000 247.000000
10 223 4 43 1.100000 0.906205 0.896777 1.203082 1.202334 0.896777 889.000000 315.000000
10 224 4 44 1.000000 -0.008513 0.072599 1.470171 1.469524 0.072599 736.000000 230.000000
10 225 4 45 1.300000 -0.678362 -0.580521 1.253160 1.252435 5.702664 598.000000 264.000000
10 226 4 46 1.550000 0.564962 0.508884 1.069505 1.068746 0.508884 826.000000 260.000000
10 227 4 47 0.400000 0.215429 0.246034 1.086088 1.085454 0.246034 776.000000 227.000000
10 228 4 48 0.400000 -0.657105 -0.451929 1.319947 1.319236 5.831256 620.000000 244.000000
10 229 4 49 0.350000 0.061159 0.477083 0.952594 0.951849 0.477083 827.000000 243.000000
10 230 4 50 1.500000 0.113774 0.119124 1.186282 1.185643 0.119124 751.000000 191.000000
10 231 4 51 0.450000 0.410442 0.519577 0.885760 0.885054 0.519577 863.000000 200.000000
10 232 4 52 0.250000 -0.218937 -0.131532 1.186285 1.185637 6.151653 686.000000 193.000000
10 233 4 53 0.550000 0.156600 0.223662 1.787535 1.786808 0.223662 773.000000 217.000000
10 234 4 54 0.050000 -0.052195 -0.023342 1.052816 1.052046 6.259843 714.000000 193.000000
10 235 4 55 0.400000 -0.541289 -0.405480 1.019366 1.018649 5.877705 632.000000 245.000000
10 236 4 56 0.500000 -0.013482 -0.395737 1.286397 1.285833 5.887448 626.000000 225.000000
10 237 4 57 1.650000 -0.185810 -0.238046 1.086168 1.085445 6.045139 654.000000 178.000000
10 238 4 58 1.650000 -0.203468 -0.211093 1.002635 1.001953 6.072092 666.000000 198.000000
10 239 4 59 1.200000 -0.210340 -0.155981 0.802312 0.801558 6.127205 681.000000 202.000000
10 240 4 60 1.350000 -0.366927 -0.291457 1.269858 1.269135 5.991729 660.000000 250.000000
10 241 5 01 0.150000 0.365444 -0.055912 1.403478 1.402727 6.227273 705.000000 182.000000
10 242 5 02 0.250000 -0.143266 0.180523 1.169600 1.168934 0.180523 768.000000 187.000000
10 243 5 03 1.250000 0.397664 0.344105 1.303194 1.302528 0.344105 825.000000 157.000000
10 244 5 04 0.000000 -0.355022 0.556963 0.802268 0.801559 0.556963 857.000000 230.000000
10 245 5 05 0.050000 -0.018487 -0.461819 0.852334 0.851656 5.821366 611.000000 231.000000
10 246 5 06 0.300000 -0.083141 -0.550745 1.403281 1.402732 5.732441 607.000000 266.000000
10 247 5 07 0.650000 0.529142 0.402985 1.219723 1.219041 0.402985 801.000000 260.000000
10 248 5 08 0.200000 -0.091515 -0.036681 0.835696 0.834957 6.246505 708.000000 123.000000
10 249 5 09 1.100000 -0.129551 -0.229232 1.102847 1.102145 6.053953 671.000000 240.000000
10 250 5 10 0.900000 -0.004777 -0.130827 1.202885 1.202342 6.152358 690.000000 222.000000
10 251 5 11 1.600000 -0.123212 -0.139279 1.453528 1.452825 6.143906 690.000000 236.000000
10 252 5 12 0.500000 0.193814 0.087157 0.969252 0.968549 0.087157 738.000000 244.000000
10 253 5 13 1.600000 0.147618 0.151605 0.969253 0.968553 0.151605 764.000000 162.000000
10 254 5 14 1.150000 -0.014273 0.005050 2.221661 2.220985 0.005050 721.000000 252.000000
10 255 5 15 0.150000 0.126643 -0.015543 3.340502 3.339825 6.267643 717.000000 257.000000
10 256 5 16 1.250000 0.389833 0.397079 1.169610 1.168939 0.397079 798.000000 264.000000
10 257 5 17 0.100000 -0.212266 -0.074121 1.637202 1.636514 6.209064 705.000000 248.000000
10 258 5 18 0.750000 -0.285129 -0.287384 0.952499 0.951852 5.995801 660.000000 247.000000
10 259 5 19 1.450000 -0.171216 -0.193468 1.069419 1.068745 6.089717 672.000000 205.000000
10 260 5 20 0.300000 -0.592463 -0.022219 1.653984 1.653213 6.260967 715.000000 225.000000
10 261 5 21 0.450000 0.370544 0.255714 1.136270 1.135541 0.255714 800.000000 144.000000
10 262 5 22 0.050000 0.006678 0.707574 1.019319 1.018645 0.707574 921.000000 215.000000
10 263 5 23 1.100000 -0.033748 0.014018 1.653955 1.653214 0.014018 723.000000 236.000000
10 264 5 24 0.150000 0.120133 0.656348 0.935840 0.935153 0.656348 891.000000 228.000000
10 265 5 25 0.800000 0.375691 0.422634 0.952519 0.951850 0.422634 805.000000 261.000000
10 266 5 26 1.400000 0.386767 0.347138 1.219725 1.219037 0.347138 809.000000 204.000000
10 267 5 27 1.300000 0.209859 0.142375 1.136183 1.135544 0.142375 762.000000 157.000000
10 268 5 28 0.850000 0.225185 0.227106 0.919169 0.918450 0.227106 775.000000 212.000000
10 269 5 29 1.600000 0.749626 0.733138 1.102875 1.102143 0.733138 874.000000 279.000000
10 270 5 30 1.550000 -0.223410 -0.241498 1.169608 1.168943 6.041687 670.000000 247.000000
10 271 5 31 1.300000 -0.100115 -0.150917 1.353333 1.352630 6.132268 687.000000 233.000000
10 272 5 32 0.400000 0.685074 0.598598 1.169627 1.168940 0.598598 838.000000 277.000000
10 273 5 33 0.500000 -0.171639 0.566055 1.486951 1.486223 0.566055 842.000000 258.000000
10 274 5 34 0.100000 0.022898 0.118490 1.620447 1.619816 0.118490 745.000000 240.000000
10 275 5 35 0.550000 0.394143 0.403678 1.319916 1.319231 0.403678 805.000000 251.000000
10 276 5 36 1.700000 -0.035479 -0.051136 0.919192 0.918451 6.232049 707.000000 196.000000
10 277 5 37 0.750000 -0.014381 -0.026542 1.253165 1.252429 6.256643 714.000000 224.000000
10 278 5 38 0.950000 -0.338020 -0.357066 1.236473 1.235737 5.926119 648.000000 257.000000
10 279 5 39 1.350000 0.021936 0.077891 1.102802 1.102144 0.077891 736.000000 245.000000
10 280 5 40 0.750000 -0.308803 -0.425040 1.553738 1.553020 5.858145 634.000000 260.000000
10 281 5 41 0.550000 -0.026210 -0.027390 1.119565 1.118841 6.255795 714.000000 231.000000
10 282 5 42 0.600000 -0.131804 -0.154601 0.885736 0.885055 6.128585 684.000000 219.000000
10 283 5 43 0.750000 -0.526149 -0.526722 1.286580 1.285834 5.756464 613.000000 266.000000
10 284 5 44 0.150000 -0.274687 -0.524574 1.653967 1.653211 5.758611 617.000000 272.000000
10 285 5 45 1.000000 0.373836 0.338556 1.052735 1.052045 0.338556 795.000000 237.000000
10 286 5 46 1.450000 -0.231928 -0.240987 1.119601 1.118842 6.042199 662.000000 214.000000
10 287 5 47 0.100000 -0.107104 -0.017697 1.420186 1.419427 6.265488 716.000000 224.000000
10 288 5 48 0.600000 -0.273297 -0.290705 1.102872 1.102143 5.992481 647.000000 206.000000
10 289 5 49 1.400000 0.232825 0.184324 1.052763 1.052043 0.184324 764.000000 214.000000
10 290 5 50 1.200000 -0.415691 -0.367981 1.436855 1.436124 5.915204 624.000000 201.000000
10 291 5 51 0.550000 -0.318829 -0.409607 0.802277 0.801559 5.873579 598.000000 169.000000
10 292 5 52 0.450000 -0.179148 -0.019045 1.353402 1.352630 6.264140 716.000000 240.000000
10 293 5 53 1.250000 -0.272239 -0.177425 1.169645 1.168943 6.105760 668.000000 160.000000
10 294 5 54 0.700000 -0.436080 -0.265892 1.019211 1.018648 6.017293 656.000000 215.000000
10 295 5 55 1.100000 -0.210611 -0.224148 1.336491 1.335935 6.059037 676.000000 257.000000
10 296 5 56 1.300000 -0.069226 -0.067530 2.872989 2.872252 6.215655 706.000000 243.000000
10 297 5 57 1.450000 0.296012 0.305879 1.086192 1.085443 0.305879 792.000000 222.000000
10 298 5 58 1.750000 0.418517 0.373942 1.336592 1.335938 0.373942 813.000000 213.000000
10 299 5 59 1.000000 0.683369 0.682730 1.086136 1.085443 0.682730 868.000000 268.000000
10 300 5 60 1.200000 0.161489 0.142930 1.036050 1.035345 0.142930 759.000000 179.000000
10 301 6 01 0.200000 0.112642 -0.029931 1.086196 1.085442 6.253254 710.000000 116.000000
10 302 6 02 1.050000 -0.249934 -0.278941 1.553718 1.553019 6.004245 661.000000 244.000000
10 303 6 03 0.350000 0.204057 -0.401129 0.986022 0.985247 5.882056 611.000000 193.000000
10 304 6 04 0.600000 0.354471 0.361100 1.937760 1.937100 0.361100 791.000000 262.000000
10 305 6 05 0.600000 -0.237832 -0.252096 1.486768 1.486228 6.031089 669.000000 252.000000
10 306 6 06 1.200000 -0.382898 -0.382155 1.169680 1.168937 5.901030 636.000000 241.000000
10 307 6 07 1.500000 0.105139 0.152649 1.319946 1.319233 0.152649 754.000000 229.000000
10 308 6 08 0.150000 -0.030567 -0.041643 1.102912 1.102142 6.241543 710.000000 210.000000
10 309 6 09 1.750000 0.257604 0.221821 1.002701 1.001949 0.221821 773.000000 215.000000
10 310 6 10 1.200000 0.144396 0.115228 1.420088 1.419427 0.115228 745.000000 234.000000
10 311 6 11 0.900000 -0.227031 -0.265158 1.704070 1.703312 6.018028 657.000000 218.000000
10 312 6 12 1.250000 0.465373 0.383077 1.119603 1.118843 0.383077 801.000000 249.000000
10 313 6 13 0.600000 -0.094987 -0.009259 1.403421 1.402723 6.273926 718.000000 234.000000
10 314 6 14 0.650000 -0.009003 -0.081550 1.219688 1.219037 6.201636 703.000000 242.000000
10 315 6 15 1.700000 0.404983 0.359218 1.319890 1.319233 0.359218 812.000000 205.000000
10 316 6 16 0.900000 0.113357 0.130063 1.102866 1.102143 0.130063 751.000000 213.000000
10 317 6 17 1.500000 -0.556250 -0.470113 0.919201 0.918453 5.813072 626.000000 265.000000
10 318 6 18 1.000000 0.084471 0.067163 0.869109 0.868353 0.067163 735.000000 227.000000
10 319 6 19 0.550000 0.091361 0.093187 0.735493 0.734763 0.093187 740.000000 236.000000
10 320 6 20 1.050000 -0.338643 -0.330780 1.052725 1.052046 5.952406 629.000000 185.000000
10 321 6 21 1.150000 0.550121 0.460959 1.119561 1.118842 0.460959 868.000000 152.000000
10 322 6 22 0.250000 0.222996 0.493743 1.219788 1.219036 0.493743 882.000000 149.000000
10 323 6 23 0.350000 -0.143486 0.178093 1.303237 1.302538 0.178093 765.000000 200.000000
10 324 6 24 0.650000 0.898740 0.820016 0.985936 0.985249 0.820016 959.000000 227.000000
10 325 6 25 0.700000 -0.055253 -0.092654 1.269896 1.269136 6.190531 699.000000 224.000000
10 326 6 26 0.600000 -0.251021 -0.113912 1.470356 1.469524 6.169274 693.000000 214.000000
10 327 6 27 1.550000 0.117162 0.111379 1.069489 1.068745 0.111379 754.000000 146.000000
10 328 6 28 0.100000 -0.050760 -0.024686 0.702094 0.701365 6.258499 714.000000 207.000000
10 329 6 29 1.100000 -0.327294 -0.265544 0.869093 0.868355 6.017641 655.000000 211.000000
10 330 6 30 1.150000 0.286896 0.290152 1.069480 1.068744 0.290152 783.000000 239.000000
10 331 6 31 0.000000 0.029445 -0.071991 1.219755 1.219040 6.211195 705.000000 242.000000
10 332 6 32 1.700000 -0.144274 -0.144442 1.019356 1.018648 6.138744 688.000000 230.000000
10 333 6 33 1.300000 0.305503 0.358231 0.902480 0.901752 0.358231 796.000000 247.000000
10 334 6 34 1.750000 0.266309 0.183111 0.969224 0.968552 0.183111 760.000000 234.000000
10 335 6 35 1.250000 0.172098 0.212346 1.353379 1.352631 0.212346 767.000000 232.000000
10 336 6 36 0.500000 0.024999 0.079643 1.186303 1.185639 0.079643 737.000000 237.000000
10 337 6 37 1.700000 0.187468 0.176876 1.286557 1.285835 0.176876 757.000000 243.000000
10 338 6 38 1.650000 0.591224 0.572852 0.885788 0.885056 0.572852 849.000000 250.000000
10 339 6 39 1.300000 0.026863 0.103258 1.503578 1.502919 0.103258 740.000000 257.000000
10 340 6 40 0.100000 0.135314 -0.495765 1.052762 1.052046 5.787420 614.000000 254.000000
10 341 6 41 1.450000 0.105998 0.113792 1.019371 1.018646 0.113792 744.000000 240.000000
10 342 6 42 0.750000 -0.029696 -0.059758 1.052705 1.052051 6.223427 706.000000 216.000000
10 343 6 43 0.700000 -0.418972 -0.431401 1.353396 1.352629 5.851785 633.000000 261.000000
10 344 6 44 1.300000 0.229904 0.272463 1.052712 1.052046 0.272463 777.000000 246.000000
10 345 6 45 0.150000 -0.701843 -0.183111 1.052809 1.052045 6.100074 675.000000 207.000000
10 346 6 46 0.200000 0.304466 0.550745 0.885797 0.885053 0.550745 833.000000 266.000000
10 347 6 47 0.500000 -0.051349 0.243808 1.854282 1.853604 0.243808 770.000000 249.000000
10 348 6 48 1.550000 0.071962 0.098815 1.353383 1.352632 0.098815 743.000000 218.000000
10 349 6 49 0.050000 0.331240 -0.048742 1.219740 1.219037 6.234443 708.000000 204.000000
10 350 6 50 1.450000 -0.390452 -0.329837 0.835555 0.834956 5.953349 644.000000 228.000000
10 351 6 51 1.450000 0.467777 0.405501 1.353161 1.352633 0.405501 805.000000 252.000000
10 352 6 52 1.000000 0.294369 0.232557 1.286474 1.285832 0.232557 774.000000 222.000000
10 353 6 53 1.450000 -0.023296 -0.034300 1.453593 1.452821 6.248885 713.000000 246.000000
10 354 6 54 0.000000 0.322036 0.083977 1.002707 1.001949 0.083977 745.000000 153.000000
10 355 6 55 0.200000 -0.141418 0.114541 1.219758 1.219035 0.114541 746.000000 224.000000
10 356 6 56 1.250000 0.291089 0.230522 1.253140 1.252434 0.230522 766.000000 254.000000
10 357 6 57 0.550000 0.544365 0.537145 1.086165 1.085444 0.537145 854.000000 225.000000
10 358 6 58 0.750000 -0.295812 -0.293808 1.303108 1.302532 5.989378 661.000000 255.000000
10 359 6 59 1.650000 0.700598 0.691337 1.069385 1.068745 0.691337 864.000000 276.000000
10 360 6 60 1.700000 0.182805 0.217913 1.152977 1.152241 0.217913 782.000000 170.000000
