02 000 0 01 1.368049 -0.558298 -0.502246 1.688290 1.669914 5.780939 614.000000 257.000000
02 000 0 02 1.072917 0.397183 0.445676 1.937750 1.937100 0.445676 838.000000 203.000000
02 000 0 03 1.316121 0.133387 0.196735 2.154901 2.154187 0.196735 778.000000 159.000000
02 000 0 04 1.431721 -0.485369 -0.407035 5.027179 5.026440 5.876150 526.000000 0.000000
02 000 0 05 1.040027 0.115648 0.166511 1.587155 1.586419 0.166511 780.000000 93.000000
02 000 0 06 1.013864 -0.312312 -0.449997 3.073415 3.072638 5.833189 606.000000 214.000000
02 000 0 07 1.210802 -0.075556 -0.099340 1.219675 1.219045 6.183846 690.000000 149.000000
02 000 0 08 1.325993 0.134709 0.232220 1.570394 1.569718 0.232220 790.000000 154.000000
02 000 0 09 1.132818 0.301122 0.415298 1.570255 1.569719 0.415298 832.000000 196.000000
02 000 0 10 1.206199 -0.161133 -0.176093 1.253143 1.252436 6.107092 670.000000 169.000000
02 001 1 01 0.700000 0.261437 0.306890 1.653947 1.653213 0.306890 810.000000 166.000000
02 002 1 02 0.550000 0.119138 0.146796 1.152909 1.152241 0.146796 758.000000 193.000000
02 003 1 03 1.400000 0.141660 0.145516 1.036016 1.035347 0.145516 754.000000 218.000000
02 004 1 04 0.600000 -0.085092 -0.145516 1.954499 1.953798 6.137669 686.000000 218.000000
02 005 1 05 0.150000 -0.066030 -0.006329 0.986004 0.985251 6.276856 718.000000 134.000000
02 006 1 06 0.300000 0.202249 0.013215 1.236452 1.235737 0.013215 723.000000 223.000000
02 007 1 07 0.550000 -0.467595 -0.234299 1.219731 1.219038 6.048886 662.000000 207.000000
02 008 1 08 0.950000 0.128617 0.202509 1.303241 1.302533 0.202509 774.000000 187.000000
02 009 1 09 0.700000 -0.096596 -0.222082 1.219804 1.219031 6.061103 671.000000 233.000000
02 010 1 10 0.050000 -0.452537 -0.097366 1.119509 1.118842 6.185820 699.000000 235.000000
02 011 1 11 0.900000 0.092259 0.127130 1.253095 1.252436 0.127130 754.000000 184.000000
02 012 1 12 0.400000 0.213629 0.119598 1.403455 1.402727 0.119598 748.000000 217.000000
02 013 1 13 0.950000 -0.054645 -0.128182 1.036083 1.035348 6.155003 691.000000 225.000000
02 014 1 14 0.500000 -0.180153 -0.136916 1.019383 1.018647 6.146270 689.000000 225.000000
02 015 1 15 0.100000 -0.530621 -0.023581 0.902417 0.901753 6.259605 715.000000 238.000000
02 016 1 16 0.650000 0.119874 0.178838 1.186327 1.185638 0.178838 767.000000 190.000000
02 017 1 17 1.600000 -0.870069 -0.863888 1.303241 1.302531 5.419297 528.000000 286.000000
02 018 1 18 0.650000 0.259497 0.218209 1.603831 1.603117 0.218209 771.000000 220.000000
02 019 1 19 0.700000 -0.290617 -0.361278 1.453585 1.452825 5.921907 621.000000 188.000000
02 020 1 20 1.150000 -0.148267 -0.186739 0.935888 0.935147 6.096447 679.000000 233.000000
02 021 1 21 1.400000 0.531204 0.533708 1.470244 1.469525 0.533708 850.000000 230.000000
02 022 1 22 1.750000 0.321409 0.376833 1.637212 1.636516 0.376833 813.000000 215.000000
02 023 1 23 0.950000 0.051425 0.068386 1.470217 1.469524 0.068386 735.000000 231.000000
02 024 1 24 0.750000 0.004502 0.037541 1.436845 1.436125 0.037541 728.000000 237.000000
02 025 1 25 0.500000 -0.098782 -0.172379 1.253177 1.252433 6.110806 681.000000 226.000000
02 026 1 26 0.200000 0.218753 -0.026899 0.969223 0.968550 6.256286 714.000000 227.000000
02 027 1 27 1.100000 -0.296642 -0.296657 1.036056 1.035350 5.986529 650.000000 221.000000
02 028 1 28 0.550000 0.079998 -0.085378 1.019357 1.018646 6.197808 701.000000 228.000000
02 029 1 29 0.900000 0.817980 0.801371 1.453567 1.452826 0.801371 879.000000 296.000000
02 030 1 30 0.200000 0.262073 0.008130 0.869010 0.868355 0.008130 722.000000 204.000000
02 031 1 31 0.100000 0.025816 -0.004695 1.203086 1.202337 6.278491 719.000000 237.000000
02 032 1 32 0.200000 0.235034 0.212597 1.052737 1.052045 0.212597 769.000000 223.000000
02 033 1 33 1.650000 -0.299225 -0.309372 1.787523 1.786807 5.973814 650.000000 231.000000
02 034 1 34 1.700000 0.331644 0.386876 1.704035 1.703313 0.386876 830.000000 180.000000
02 035 1 35 1.650000 -0.344525 -0.352589 1.720736 1.720011 5.930596 635.000000 219.000000
02 036 1 36 0.200000 -0.402925 -0.022810 1.436859 1.436124 6.260376 714.000000 187.000000
02 037 1 37 1.400000 0.210256 0.276218 1.653868 1.653216 0.276218 792.000000 196.000000
02 038 1 38 0.600000 -0.165702 -0.365570 1.086188 1.085445 5.917616 640.000000 241.000000
02 039 1 39 0.350000 0.268468 0.415812 1.169641 1.168940 0.415812 822.000000 219.000000
02 040 1 40 0.800000 -0.581176 -0.461656 1.253121 1.252436 5.821530 620.000000 249.000000
02 041 1 41 1.300000 0.099404 0.153544 1.520276 1.519622 0.153544 759.000000 198.000000
02 042 1 42 1.100000 -0.014976 0.000000 1.169647 1.168940 0.000000 720.000000 210.000000
02 043 1 43 0.400000 -0.008021 -0.004065 1.203011 1.202337 6.279120 719.000000 204.000000
02 044 1 44 0.000000 0.119594 0.000000 1.203122 1.202337 0.000000 720.000000 206.000000
02 045 1 45 1.000000 -0.072127 -0.201239 1.670635 1.669914 6.081947 669.000000 200.000000
02 046 1 46 0.800000 0.365958 0.463648 1.386707 1.386032 0.463648 846.000000 198.000000
02 047 1 47 1.000000 -0.092679 -0.189988 1.319978 1.319231 6.093197 675.000000 216.000000
02 048 1 48 0.750000 -0.172275 -0.206536 1.253188 1.252435 6.076649 676.000000 240.000000
02 049 1 49 1.450000 0.550692 0.550676 1.119492 1.118838 0.550676 860.000000 222.000000
02 050 1 50 1.250000 0.276751 0.286800 1.720703 1.720011 0.286800 784.000000 233.000000
02 051 1 51 1.600000 -0.045147 -0.183249 2.338544 2.337879 6.099936 672.000000 191.000000
02 052 1 52 1.500000 0.096751 0.239583 1.269863 1.269135 0.239583 784.000000 188.000000
02 053 1 53 0.600000 0.366880 0.283978 0.919167 0.918449 0.283978 781.000000 241.000000
02 054 1 54 0.900000 -0.332181 -0.430586 1.420156 1.419428 5.852600 624.000000 241.000000
02 055 1 55 0.450000 0.314448 0.244979 1.369855 1.369327 0.244979 770.000000 250.000000
02 056 1 56 0.650000 0.303543 0.243125 1.720672 1.720011 0.243125 783.000000 196.000000
02 057 1 57 1.350000 -0.331045 -0.304161 1.470250 1.469524 5.979024 650.000000 227.000000
02 058 1 58 0.300000 -0.775524 -0.291457 1.036016 1.035348 5.991729 657.000000 240.000000
02 059 1 59 0.000000 0.182045 0.013745 1.470259 1.469525 0.013745 724.000000 159.000000
02 060 1 60 0.050000 0.328290 0.008547 0.885750 0.885055 0.008547 722.000000 216.000000
02 061 2 01 0.350000 0.562240 0.044415 0.885735 0.885055 0.044415 740.000000 0.000000
02 062 2 02 1.000000 0.177200 0.150845 0.952511 0.951850 0.150845 758.000000 200.000000
02 063 2 03 0.450000 -0.522021 -0.323185 1.253144 1.252437 5.960000 650.000000 241.000000
02 064 2 04 1.150000 0.412525 0.321751 1.386781 1.386030 0.321751 814.000000 168.000000
02 065 2 05 1.400000 0.304466 0.334892 1.102814 1.102143 0.334892 807.000000 200.000000
02 066 2 06 0.400000 -0.305690 0.032716 0.852331 0.851656 0.032716 729.000000 175.000000
02 067 2 07 0.450000 -0.316576 -0.031362 1.336644 1.335934 6.251823 712.000000 195.000000
02 068 2 08 1.100000 -0.426474 -0.433310 1.420185 1.419429 5.849875 590.000000 169.000000
02 069 2 09 0.700000 0.124181 0.119429 0.802238 0.801555 0.119429 756.000000 150.000000
02 070 2 10 0.500000 -0.228265 -0.441990 1.269809 1.269135 5.841195 614.000000 226.000000
02 071 2 11 0.550000 0.012175 -0.022405 0.668636 0.667966 6.260780 712.000000 93.000000
02 072 2 12 1.750000 -0.387216 -0.383528 1.136298 1.135543 5.899658 628.000000 222.000000
02 073 2 13 1.350000 0.024403 0.043704 0.752169 0.751460 0.043704 735.000000 107.000000
02 074 2 14 0.400000 0.185550 0.105066 0.985974 0.985249 0.105066 749.000000 175.000000
02 075 2 15 0.850000 -0.006529 0.000000 1.286512 1.285834 0.000000 720.000000 157.000000
02 076 2 16 0.400000 0.132552 0.009404 0.802233 0.801559 0.009404 723.000000 131.000000
02 077 2 17 0.850000 -0.125985 -0.167586 2.071411 2.070691 6.115599 675.000000 184.000000
02 078 2 18 1.700000 -0.071050 -0.151429 1.186367 1.185649 6.131756 673.000000 142.000000
02 079 2 19 0.950000 0.188711 0.227402 1.937803 1.937099 0.227402 776.000000 208.000000
02 080 2 20 1.150000 -0.286718 -0.255515 1.820890 1.820207 6.027671 656.000000 205.000000
02 081 2 21 0.500000 -0.503638 -0.364993 1.536993 1.536319 5.918192 626.000000 204.000000
02 082 2 22 1.700000 0.294820 0.352823 1.453496 1.452824 0.352823 822.000000 173.000000
02 083 2 23 1.150000 0.469433 0.439843 1.386754 1.386028 0.439843 816.000000 246.000000
02 084 2 24 1.350000 0.286087 0.354986 0.985921 0.985247 0.354986 806.000000 218.000000
02 085 2 25 0.050000 0.526258 -0.008264 1.219769 1.219036 6.274921 718.000000 208.000000
02 086 2 26 0.800000 0.313401 0.439843 1.637252 1.636515 0.439843 816.000000 246.000000
02 087 2 27 1.100000 -0.062881 -0.121143 1.002674 1.001944 6.162042 678.000000 105.000000
02 088 2 28 0.800000 0.321448 0.203045 0.835616 0.834963 0.203045 776.000000 178.000000
02 089 2 29 1.350000 -0.286927 -0.332276 1.203071 1.202340 5.950909 622.000000 166.000000
02 090 2 30 0.050000 0.355657 -0.101469 0.818971 0.818259 6.181717 692.000000 175.000000
02 091 2 31 1.550000 0.015607 -0.010453 1.019347 1.018644 6.272733 717.000000 163.000000
02 092 2 32 0.000000 -0.314088 -0.003058 1.420192 1.419425 6.280127 719.000000 123.000000
02 093 2 33 0.600000 0.465960 0.415321 1.086187 1.085444 0.415321 847.000000 162.000000
02 094 2 34 0.050000 0.043292 0.006667 0.902423 0.901754 0.006667 723.000000 0.000000
02 095 2 35 0.550000 -0.173504 -0.239232 1.052760 1.052046 6.043954 650.000000 163.000000
02 096 2 36 0.600000 -0.194107 -0.165149 0.818967 0.818258 6.118037 677.000000 192.000000
02 097 2 37 0.050000 -0.396304 -0.049191 0.885735 0.885056 6.233994 704.000000 125.000000
02 098 2 38 0.450000 -0.558600 -0.432692 1.186336 1.185636 5.850493 617.000000 227.000000
02 099 2 39 0.800000 0.204115 0.268883 0.852422 0.851657 0.268883 844.000000 0.000000
02 100 2 40 0.000000 -0.021478 0.130354 0.768847 0.768162 0.130354 763.000000 122.000000
02 101 2 41 1.200000 -0.589581 -0.425253 1.119524 1.118842 5.857933 571.000000 121.000000
02 102 2 42 1.150000 -0.151987 -0.184620 1.804274 1.803508 6.098565 658.000000 118.000000
02 103 2 43 0.350000 -0.406422 -0.095266 1.219734 1.219037 6.187919 677.000000 0.000000
02 104 2 44 0.150000 -0.185638 -0.083745 0.885799 0.885055 6.199440 697.000000 176.000000
02 105 2 45 0.950000 0.166128 0.237943 1.370049 1.369330 0.237943 785.000000 182.000000
02 106 2 46 1.450000 0.365384 0.379256 1.653890 1.653215 0.379256 885.000000 36.000000
02 107 2 47 0.700000 0.383808 0.450403 1.152951 1.152241 0.450403 867.000000 146.000000
02 108 2 48 0.050000 -0.103030 0.014133 1.319889 1.319230 0.014133 724.000000 167.000000
02 109 2 49 0.150000 0.242266 0.003215 1.470162 1.469525 0.003215 721.000000 139.000000
02 110 2 50 0.850000 -0.013723 0.017855 1.253255 1.252435 0.017855 725.000000 170.000000
02 111 2 51 1.000000 -0.424134 -0.374017 1.653995 1.653216 5.909169 605.000000 157.000000
02 112 2 52 1.300000 0.206623 0.232814 1.286538 1.285834 0.232814 789.000000 159.000000
02 113 2 53 0.400000 0.530146 0.314827 1.253170 1.252435 0.314827 819.000000 146.000000
02 114 2 54 0.050000 -0.347671 0.089982 0.869064 0.868355 0.089982 756.000000 51.000000
02 115 2 55 1.000000 -0.381921 -0.365921 1.336638 1.335931 5.917265 597.000000 129.000000
02 116 2 56 1.550000 0.354531 0.389317 1.069409 1.068745 0.389317 832.000000 177.000000
02 117 2 57 0.300000 0.232814 0.124355 0.952608 0.951853 0.124355 752.000000 194.000000
02 118 2 58 0.650000 0.245804 0.235870 1.537008 1.536321 0.235870 776.000000 217.000000
02 119 2 59 1.350000 0.236195 0.266816 0.969261 0.968546 0.266816 843.000000 0.000000
02 120 2 60 1.050000 -0.281223 -0.311080 0.869027 0.868351 5.972105 593.000000 55.000000
02 121 3 01 0.500000 0.062534 0.020994 0.835628 0.834956 0.020994 728.000000 69.000000
02 122 3 02 0.150000 0.714259 0.019940 0.785540 0.784862 0.019940 727.000000 99.000000
02 123 3 03 0.250000 -0.393934 -0.019997 0.735433 0.734762 6.263188 711.000000 0.000000
02 124 3 04 0.400000 -0.214709 0.018380 1.069460 1.068745 0.018380 725.000000 178.000000
02 125 3 05 0.200000 0.118772 0.000000 0.685412 0.684662 0.000000 720.000000 171.000000
02 126 3 06 0.600000 -0.165100 -0.040112 1.036094 1.035348 6.243073 708.000000 151.000000
02 127 3 07 0.300000 -0.129871 0.032480 1.052796 1.052045 0.032480 729.000000 173.000000
02 128 3 08 1.200000 -0.297321 -0.228341 1.486896 1.486224 6.054844 654.000000 166.000000
02 129 3 09 1.300000 0.541727 0.571816 1.587146 1.586413 0.571816 924.000000 133.000000
02 130 3 10 1.700000 0.323705 0.325008 0.785565 0.784859 0.325008 844.000000 82.000000
02 131 3 11 1.050000 -0.289608 -0.292519 0.985969 0.985249 5.990666 642.000000 191.000000
02 132 3 12 1.450000 -0.034716 -0.077396 1.470288 1.469527 6.205789 701.000000 205.000000
02 133 3 13 1.450000 -0.240468 -0.226799 1.069413 1.068744 6.056386 657.000000 177.000000
02 134 3 14 1.650000 -0.492965 -0.501604 1.169638 1.168940 5.781581 550.000000 140.000000
02 135 3 15 1.500000 -0.170551 -0.170351 1.186323 1.185643 6.112834 645.000000 14.000000
02 136 3 16 0.300000 0.175385 0.008571 0.802300 0.801558 0.008571 723.000000 100.000000
02 137 3 17 1.100000 0.294562 0.308396 0.835673 0.834958 0.308396 835.000000 89.000000
02 138 3 18 0.100000 -0.314481 -0.065182 0.985995 0.985250 6.218004 695.000000 67.000000
02 139 3 19 1.750000 -0.056556 -0.085040 0.985905 0.985256 6.198145 694.000000 145.000000
02 140 3 20 0.100000 -0.408878 0.005917 0.685369 0.684665 0.005917 722.000000 112.000000
02 141 3 21 0.550000 -0.193634 -0.237710 0.902505 0.901752 6.045475 665.000000 223.000000
02 142 3 22 0.350000 -0.571728 -0.039979 1.203031 1.202338 6.243207 711.000000 225.000000
02 143 3 23 0.900000 -0.464687 -0.421300 1.019407 1.018648 5.861885 612.000000 209.000000
02 144 3 24 0.550000 0.701985 0.858543 1.236460 1.235737 0.858543 969.000000 235.000000
02 145 3 25 0.450000 -0.201551 -0.207496 1.086133 1.085446 6.075689 676.000000 241.000000
02 146 3 26 0.400000 0.244435 0.596860 0.935903 0.935153 0.596860 896.000000 191.000000
02 147 3 27 0.750000 0.171540 0.214884 1.069483 1.068742 0.214884 775.000000 198.000000
02 148 3 28 0.250000 -0.115296 -0.095299 1.202987 1.202343 6.187887 694.000000 178.000000
02 149 3 29 1.600000 0.124530 0.128428 1.136195 1.135538 0.128428 759.000000 148.000000
02 150 3 30 1.250000 0.003594 0.000000 1.036036 1.035346 0.000000 720.000000 161.000000
02 151 3 31 1.350000 0.345014 0.357720 1.102859 1.102142 0.357720 837.000000 137.000000
02 152 3 32 1.750000 -0.048565 -0.114877 0.869041 0.868357 6.168309 693.000000 216.000000
02 153 3 33 1.750000 0.546838 0.523405 1.353359 1.352631 0.523405 851.000000 223.000000
02 154 3 34 0.300000 -0.282129 -0.045218 1.069529 1.068745 6.237967 710.000000 229.000000
02 155 3 35 1.500000 0.405890 0.428121 1.086127 1.085445 0.428121 835.000000 198.000000
02 156 3 36 0.300000 0.474905 -0.341950 0.718742 0.718063 5.941235 636.000000 214.000000
02 157 3 37 0.500000 -0.057119 0.025968 0.651890 0.651268 0.025968 728.000000 142.000000
02 158 3 38 1.500000 -0.368014 -0.351692 0.785526 0.784853 5.931494 589.000000 93.000000
02 159 3 39 1.100000 0.539349 0.471521 1.236403 1.235736 0.471521 849.000000 197.000000
02 160 3 40 1.700000 -0.230916 -0.244979 1.102840 1.102143 6.038207 655.000000 190.000000
02 161 3 41 1.650000 -0.181796 -0.169186 1.336597 1.335929 6.114000 672.000000 169.000000
02 162 3 42 1.300000 0.256777 0.282737 1.119573 1.118843 0.282737 815.000000 123.000000
02 163 3 43 1.250000 0.584155 0.533156 1.019392 1.018646 0.533156 828.000000 267.000000
02 164 3 44 1.000000 -0.158900 -0.141897 1.152943 1.152241 6.141288 690.000000 240.000000
02 165 3 45 1.050000 -0.185192 -0.192531 1.386700 1.386026 6.090654 666.000000 173.000000
02 166 3 46 0.100000 0.201755 -0.062419 1.553730 1.553020 6.220766 706.000000 226.000000
02 167 3 47 0.800000 0.185715 0.202929 0.835671 0.834958 0.202929 770.000000 207.000000
02 168 3 48 1.650000 0.001276 -0.003289 1.820880 1.820210 6.279896 719.000000 146.000000
02 169 3 49 1.400000 -0.178989 -0.168043 0.902292 0.901758 6.115142 682.000000 226.000000
02 170 3 50 0.750000 -0.313077 -0.232104 0.885737 0.885055 6.051081 655.000000 175.000000
02 171 3 51 1.550000 0.644356 0.590240 1.503678 1.502920 0.590240 858.000000 244.000000
02 172 3 52 1.050000 0.247825 0.366057 1.420176 1.419426 0.366057 812.000000 210.000000
02 173 3 53 0.900000 0.514736 0.275511 1.219741 1.219038 0.275511 787.000000 213.000000
02 174 3 54 1.200000 0.056127 0.015383 0.685417 0.684661 0.015383 725.000000 125.000000
02 175 3 55 0.650000 0.102720 0.136725 0.935896 0.935154 0.136725 761.000000 152.000000
02 176 3 56 0.800000 -0.093768 -0.131725 1.119535 1.118842 6.151460 678.000000 133.000000
02 177 3 57 1.200000 -0.415445 -0.343024 1.036016 1.035347 5.940161 635.000000 212.000000
02 178 3 58 0.950000 0.369509 0.377711 1.887688 1.887002 0.377711 818.000000 203.000000
02 179 3 59 0.250000 0.158160 -0.015208 0.735524 0.734762 6.267977 716.000000 187.000000
02 180 3 60 1.500000 0.138665 0.189021 0.885720 0.885057 0.189021 786.000000 105.000000
02 181 4 01 1.550000 -0.082644 -0.165149 1.002600 1.001953 6.118037 656.000000 66.000000
02 182 4 02 1.600000 0.010071 0.000000 0.952544 0.951852 0.000000 720.000000 176.000000
02 183 4 03 1.250000 0.533733 0.481529 1.036064 1.035347 0.481529 859.000000 184.000000
02 184 4 04 0.800000 -0.286223 -0.388483 1.186411 1.185639 5.894702 623.000000 213.000000
02 185 4 05 0.800000 0.030784 -0.008889 1.386753 1.386029 6.274297 718.000000 225.000000
02 186 4 06 1.150000 0.020960 0.003817 0.952517 0.951846 0.003817 721.000000 188.000000
02 187 4 07 0.150000 -0.031113 -0.057491 0.935846 0.935152 6.225695 704.000000 172.000000
02 188 4 08 1.200000 -0.543774 -0.450226 0.869034 0.868355 5.832960 604.000000 210.000000
02 189 4 09 0.750000 -0.367597 -0.353587 1.236509 1.235735 5.929598 634.000000 217.000000
02 190 4 10 0.500000 0.211093 -0.163929 1.787497 1.786810 6.119256 676.000000 184.000000
02 191 4 11 0.250000 -0.277593 0.020064 0.969299 0.968550 0.020064 726.000000 151.000000
02 192 4 12 1.500000 0.020537 -0.002786 0.885731 0.885054 6.280400 719.000000 91.000000
02 193 4 13 0.100000 0.132000 0.000000 1.637153 1.636516 0.000000 720.000000 178.000000
02 194 4 14 0.650000 0.129679 0.118092 0.919186 0.918455 0.118092 762.000000 96.000000
02 195 4 15 1.200000 -0.180658 -0.253266 1.102867 1.102143 6.029920 654.000000 195.000000
02 196 4 16 1.200000 -0.995717 -0.829617 1.286551 1.285843 5.453568 543.000000 288.000000
02 197 4 17 1.350000 -0.148648 -0.175481 0.985978 0.985248 6.107704 670.000000 168.000000
02 198 4 18 0.550000 0.073993 0.016833 0.902495 0.901747 0.016833 725.000000 153.000000
02 199 4 19 0.700000 -0.027668 -0.147515 1.486973 1.486223 6.135670 683.000000 201.000000
02 200 4 20 1.350000 0.030343 0.014544 1.019359 1.018648 0.014544 724.000000 175.000000
02 201 4 21 0.900000 0.102782 0.134023 1.186361 1.185639 0.134023 756.000000 183.000000
02 202 4 22 0.750000 0.351687 0.377630 0.852409 0.851657 0.377630 839.000000 150.000000
02 203 4 23 1.550000 0.019935 0.065911 0.869065 0.868362 0.065911 740.000000 147.000000
02 204 4 24 0.850000 0.407542 0.473289 0.952520 0.951851 0.473289 868.000000 161.000000
02 205 4 25 1.650000 -0.320188 -0.329837 1.353356 1.352630 5.953349 644.000000 228.000000
02 206 4 26 0.050000 0.179885 0.008403 0.618525 0.617868 0.008403 722.000000 212.000000
02 207 4 27 0.950000 0.299283 0.271639 1.152929 1.152241 0.271639 803.000000 152.000000
02 208 4 28 0.150000 0.329110 0.013888 0.785517 0.784861 0.013888 724.000000 162.000000
02 209 4 29 1.350000 -0.115990 -0.150371 1.203006 1.202336 6.132814 680.000000 186.000000
02 210 4 30 1.300000 -0.376836 -0.385990 1.269815 1.269138 5.897196 618.000000 199.000000
02 211 4 31 1.050000 0.368646 0.295782 1.002684 1.001946 0.295782 791.000000 217.000000
02 212 4 32 0.600000 0.620273 0.646926 1.086187 1.085446 0.646926 896.000000 217.000000
02 213 4 33 0.850000 0.247833 0.272053 1.102887 1.102144 0.272053 785.000000 217.000000
02 214 4 34 0.850000 0.450940 0.434998 1.186297 1.185640 0.434998 845.000000 181.000000
02 215 4 35 0.650000 -0.351402 -0.350314 1.152934 1.152244 5.932871 625.000000 190.000000
02 216 4 36 0.600000 0.491465 0.607185 0.735433 0.734761 0.607185 852.000000 260.000000
02 217 4 37 0.150000 0.205054 -0.236245 0.768894 0.768161 6.046940 668.000000 234.000000
02 218 4 38 1.150000 -0.075979 -0.104422 1.086146 1.085444 6.178763 696.000000 221.000000
02 219 4 39 1.400000 -0.231616 -0.247218 1.253111 1.252433 6.035967 667.000000 240.000000
02 220 4 40 0.550000 0.119918 0.222900 1.102794 1.102144 0.222900 771.000000 225.000000
02 221 4 41 0.900000 -0.004731 0.012765 0.935901 0.935150 0.012765 723.000000 215.000000
02 222 4 42 1.500000 -0.170398 -0.133164 0.985924 0.985249 6.150022 677.000000 129.000000
02 223 4 43 0.550000 0.062617 -0.078271 1.537009 1.536321 6.204914 700.000000 195.000000
02 224 4 44 1.250000 -0.027934 -0.063867 0.985970 0.985246 6.219319 698.000000 106.000000
02 225 4 45 1.300000 0.066075 0.138726 1.369991 1.369334 0.138726 757.000000 185.000000
02 226 4 46 0.650000 -0.069874 -0.053520 0.969229 0.968551 6.229665 708.000000 226.000000
02 227 4 47 1.600000 -0.086311 -0.073821 0.835712 0.834956 6.209365 697.000000 139.000000
02 228 4 48 0.200000 0.557809 -0.067895 0.869029 0.868355 6.215290 703.000000 200.000000
02 229 4 49 1.150000 -0.338254 -0.321751 1.286584 1.285835 5.961435 639.000000 207.000000
02 230 4 50 0.900000 -0.495523 -0.556473 1.102883 1.102143 5.726712 562.000000 196.000000
02 231 4 51 0.350000 -0.071865 -0.025825 2.154872 2.154188 6.257361 713.000000 179.000000
02 232 4 52 0.350000 -0.136919 -0.102580 1.136275 1.135540 6.180605 692.000000 178.000000
02 233 4 53 1.550000 0.203551 0.230274 1.069415 1.068746 0.230274 784.000000 177.000000
02 234 4 54 1.550000 -0.115681 -0.131544 1.253168 1.252437 6.151642 677.000000 125.000000
02 235 4 55 0.350000 -0.464050 -0.101278 0.919188 0.918452 6.181907 695.000000 204.000000
02 236 4 56 1.750000 -0.050334 -0.062909 0.985980 0.985247 6.220276 704.000000 196.000000
02 237 4 57 0.850000 -0.317206 -0.271161 1.587190 1.586420 6.012024 653.000000 209.000000
02 238 4 58 0.150000 -0.458542 -0.007874 1.019328 1.018646 6.275311 718.000000 196.000000
02 239 4 59 1.300000 0.484728 0.425253 1.035999 1.035346 0.425253 869.000000 121.000000
02 240 4 60 0.450000 0.151175 0.014814 1.470276 1.469523 0.014814 724.000000 180.000000
02 241 5 01 1.500000 -0.023719 -0.027390 1.236482 1.235737 6.255795 712.000000 158.000000
02 242 5 02 1.050000 -0.082966 -0.111812 1.019381 1.018649 6.171373 688.000000 165.000000
02 243 5 03 1.650000 -0.107210 -0.106997 1.019355 1.018649 6.176188 691.000000 180.000000
02 244 5 04 1.450000 -0.032829 -0.031240 1.403470 1.402727 6.251945 712.000000 194.000000
02 245 5 05 0.250000 0.316522 0.205395 0.735436 0.734763 0.205395 790.000000 114.000000
02 246 5 06 1.550000 0.113604 0.140203 1.403478 1.402726 0.140203 755.000000 202.000000
02 247 5 07 0.850000 0.396488 0.442717 0.818940 0.818258 0.442717 839.000000 199.000000
02 248 5 08 0.950000 0.196623 0.240788 0.835688 0.834960 0.240788 789.000000 169.000000
02 249 5 09 0.350000 -0.255958 -0.292121 1.336595 1.335932 5.991064 637.000000 174.000000
02 250 5 10 1.100000 -0.513855 -0.711012 1.520376 1.519620 5.572173 453.000000 140.000000
02 251 5 11 1.300000 -0.115277 -0.150701 0.885755 0.885054 6.132485 679.000000 180.000000
02 252 5 12 0.500000 -0.052033 -0.121447 0.718825 0.718064 6.161739 689.000000 196.000000
02 253 5 13 0.700000 0.424964 0.535811 1.286541 1.285830 0.535811 853.000000 226.000000
02 254 5 14 1.200000 0.031296 0.099328 1.136262 1.135542 0.099328 749.000000 159.000000
02 255 5 15 1.700000 0.304861 0.286051 1.253120 1.252435 0.286051 795.000000 195.000000
02 256 5 16 1.050000 -0.215241 -0.412410 1.887739 1.887002 5.870775 601.000000 178.000000
02 257 5 17 1.600000 -0.055468 -0.073637 0.819001 0.818259 6.209548 702.000000 206.000000
02 258 5 18 0.750000 -0.107224 -0.125294 0.818951 0.818259 6.157891 687.000000 188.000000
02 259 5 19 1.400000 0.025993 0.070353 0.835651 0.834959 0.070353 741.000000 152.000000
02 260 5 20 1.400000 -0.027213 -0.060900 0.902478 0.901764 6.222285 705.000000 204.000000
02 261 5 21 1.150000 0.138158 0.159552 1.002614 1.001949 0.159552 762.000000 189.000000
02 262 5 22 0.350000 0.055922 0.195158 0.852316 0.851656 0.195158 771.000000 192.000000
02 263 5 23 0.500000 -0.474548 -0.334737 1.670613 1.669918 5.948448 640.000000 220.000000
02 264 5 24 1.450000 -0.120640 -0.133681 1.186363 1.185639 6.149505 681.000000 160.000000
02 265 5 25 0.650000 0.186793 0.214061 1.052698 1.052047 0.214061 780.000000 174.000000
02 266 5 26 1.250000 -0.306978 -0.267259 0.985985 0.985248 6.015926 651.000000 198.000000
02 267 5 27 1.200000 0.234626 0.252144 0.835652 0.834960 0.252144 796.000000 155.000000
02 268 5 28 1.600000 -0.359741 -0.355751 1.269883 1.269134 5.927434 639.000000 232.000000
02 269 5 29 1.450000 -0.126459 -0.104457 1.169671 1.168939 6.178728 694.000000 202.000000
02 270 5 30 1.000000 -0.456118 -0.409292 1.269821 1.269137 5.873893 625.000000 231.000000
02 271 5 31 0.250000 0.364949 -0.078352 0.935843 0.935155 6.204834 701.000000 208.000000
02 272 5 32 1.050000 0.051825 0.087426 1.336576 1.335930 0.087426 742.000000 199.000000
02 273 5 33 0.000000 -0.164781 -0.026484 0.752139 0.751463 6.256701 712.000000 148.000000
02 274 5 34 1.750000 -0.183360 -0.169200 1.152967 1.152240 6.113985 679.000000 210.000000
02 275 5 35 0.000000 -0.193742 -0.111079 0.702044 0.701364 6.172106 691.000000 190.000000
02 276 5 36 1.450000 0.436991 0.403611 0.802310 0.801560 0.403611 881.000000 73.000000
02 277 5 37 1.500000 -0.090047 -0.090660 1.253120 1.252435 6.192525 698.000000 208.000000
02 278 5 38 1.500000 0.455009 0.409372 0.935849 0.935152 0.409372 825.000000 208.000000
02 279 5 39 0.450000 0.563919 0.390400 0.785560 0.784860 0.390400 820.000000 207.000000
02 280 5 40 1.650000 -0.156684 -0.130608 1.353377 1.352630 6.152577 689.000000 214.000000
02 281 5 41 0.350000 -0.204063 -0.021273 0.651977 0.651268 6.261912 714.000000 168.000000
02 282 5 42 1.750000 -0.199876 -0.183716 1.069441 1.068743 6.099470 665.000000 154.000000
02 283 5 43 0.900000 -0.299668 -0.286501 1.102889 1.102142 5.996685 649.000000 209.000000
02 284 5 44 0.000000 0.325950 -0.024995 1.169652 1.168939 6.258191 714.000000 210.000000
02 285 5 45 0.250000 0.489208 0.204421 0.869048 0.868356 0.204421 771.000000 204.000000
02 286 5 46 0.100000 -0.147590 0.006472 1.453498 1.452824 0.006472 722.000000 141.000000
02 287 5 47 1.050000 -0.102060 -0.147216 1.587167 1.586413 6.135969 681.000000 187.000000
02 288 5 48 0.850000 0.276495 0.314451 1.102825 1.102148 0.314451 854.000000 38.000000
02 289 5 49 0.100000 0.172000 0.103168 1.102895 1.102143 0.103168 761.000000 54.000000
02 290 5 50 0.450000 -0.620160 -0.188942 1.269859 1.269134 6.094244 659.000000 131.000000
02 291 5 51 0.800000 0.830391 0.736486 1.136294 1.135544 0.736486 1128.000000 0.000000
02 292 5 52 0.300000 -0.525562 0.004963 1.286572 1.285834 0.004963 722.000000 47.000000
02 293 5 53 0.750000 -0.061627 -0.129589 0.985931 0.985252 6.153596 671.000000 74.000000
02 294 5 54 0.250000 -0.158865 -0.036707 1.186352 1.185639 6.246479 707.000000 96.000000
02 295 5 55 0.000000 -0.351018 -0.138305 2.138202 2.137489 6.144880 682.000000 177.000000
02 296 5 56 0.300000 -0.518039 -0.131207 0.852379 0.851656 6.151979 675.000000 109.000000
02 297 5 57 0.700000 -0.099730 -0.105937 0.969286 0.968551 6.177249 673.000000 8.000000
02 298 5 58 1.300000 0.030446 -0.019155 1.036118 1.035346 6.264031 715.000000 189.000000
02 299 5 59 0.600000 -0.407899 -0.259569 1.236418 1.235735 6.023616 656.000000 209.000000
02 300 5 60 1.200000 0.436640 0.411354 1.169665 1.168941 0.411354 850.000000 152.000000
02 301 6 01 1.050000 0.021451 0.006135 0.969256 0.968550 0.006135 722.000000 124.000000
02 302 6 02 0.200000 0.055315 -0.018748 0.969239 0.968550 6.264438 714.000000 130.000000
02 303 6 03 0.200000 0.301544 -0.038053 0.785410 0.784868 6.245133 705.000000 56.000000
02 304 6 04 0.450000 -0.009257 0.008043 0.635250 0.634568 0.008043 723.000000 77.000000
02 305 6 05 1.250000 0.033028 0.067895 0.919166 0.918453 0.067895 737.000000 200.000000
02 306 6 06 1.100000 0.064844 0.100813 1.019368 1.018646 0.100813 755.000000 104.000000
02 307 6 07 1.250000 -0.376678 -0.303136 1.102919 1.102143 5.980050 649.000000 223.000000
02 308 6 08 0.050000 0.028844 -0.390161 0.835693 0.834958 5.893025 581.000000 112.000000
02 309 6 09 0.450000 0.092984 0.000000 0.702110 0.701363 0.000000 720.000000 196.000000
02 310 6 10 1.100000 -0.419325 -0.437631 1.319975 1.319233 5.845554 618.000000 232.000000
02 311 6 11 0.100000 -0.193133 -0.006472 0.702023 0.701369 6.276713 718.000000 141.000000
02 312 6 12 1.400000 0.014191 -0.033742 0.735526 0.734763 6.249443 712.000000 213.000000
02 313 6 13 1.550000 0.336038 0.350947 0.969209 0.968553 0.350947 828.000000 155.000000
02 314 6 14 1.650000 0.379278 0.390400 1.052698 1.052050 0.390400 820.000000 207.000000
02 315 6 15 0.750000 0.319888 0.266886 1.236453 1.235736 0.266886 793.000000 183.000000
02 316 6 16 0.400000 0.086018 0.177825 0.952526 0.951852 0.177825 759.000000 233.000000
02 317 6 17 1.600000 -0.574352 -0.510062 0.702091 0.701366 5.773123 560.000000 164.000000
02 318 6 18 0.250000 -0.418006 0.000000 0.668712 0.667963 0.000000 720.000000 163.000000
02 319 6 19 0.650000 0.143314 0.054740 1.152893 1.152241 0.054740 732.000000 231.000000
02 320 6 20 0.900000 0.258585 0.293825 0.885700 0.885052 0.293825 802.000000 179.000000
02 321 6 21 1.000000 0.180482 0.154381 0.735498 0.734763 0.154381 774.000000 103.000000
02 322 6 22 0.600000 -0.312599 -0.383077 1.420171 1.419421 5.900108 612.000000 182.000000
02 323 6 23 0.200000 0.276676 -0.103203 1.236422 1.235736 6.179982 691.000000 170.000000
02 324 6 24 1.700000 0.118017 0.136643 0.869106 0.868355 0.136643 753.000000 210.000000
02 325 6 25 0.750000 0.302601 0.253914 1.403457 1.402730 0.253914 795.000000 161.000000
02 326 6 26 0.950000 0.201537 0.209342 1.203074 1.202336 0.209342 778.000000 177.000000
02 327 6 27 1.550000 0.217485 0.218669 1.503577 1.502924 0.218669 772.000000 216.000000
02 328 6 28 0.100000 -0.477837 -0.008000 1.386723 1.386025 6.275185 718.000000 200.000000
02 329 6 29 1.250000 -0.026853 -0.030425 1.219732 1.219037 6.252760 713.000000 220.000000
02 330 6 30 1.450000 0.532571 0.540420 0.852317 0.851654 0.540420 876.000000 190.000000
02 331 6 31 1.600000 -0.248980 -0.275989 1.136295 1.135544 6.007196 639.000000 164.000000
02 332 6 32 1.150000 -0.180808 -0.262693 1.086156 1.085444 6.020492 656.000000 212.000000
02 333 6 33 1.400000 0.333328 0.385586 1.386755 1.386029 0.385586 830.000000 179.000000
02 334 6 34 1.650000 0.043028 0.120814 0.818966 0.818258 0.120814 758.000000 137.000000
02 335 6 35 1.300000 0.380627 0.329140 0.969280 0.968551 0.329140 803.000000 207.000000
02 336 6 36 1.750000 0.104372 0.125581 1.086161 1.085441 0.125581 758.000000 149.000000
02 337 6 37 0.950000 -0.188351 -0.233919 1.002648 1.001947 6.049266 659.000000 194.000000
02 338 6 38 0.000000 -0.278368 -0.136756 2.071386 2.070693 6.146430 675.000000 123.000000
02 339 6 39 1.700000 0.283139 0.335639 1.687306 1.686614 0.335639 810.000000 192.000000
02 340 6 40 0.150000 0.274765 -0.006667 0.768864 0.768161 6.276519 718.000000 150.000000
02 341 6 41 0.250000 -0.805843 0.004149 0.668676 0.667966 0.004149 721.000000 209.000000
02 342 6 42 1.700000 -0.858039 -0.787996 0.952535 0.951851 5.495190 527.000000 258.000000
02 343 6 43 0.400000 0.096768 -0.031418 1.036083 1.035347 6.251767 709.000000 100.000000
02 344 6 44 0.850000 -0.173988 -0.244104 1.169680 1.168941 6.039082 653.000000 181.000000
02 345 6 45 0.700000 0.130610 0.133608 0.768917 0.768161 0.133608 770.000000 78.000000
02 346 6 46 0.300000 0.628150 0.176856 0.935863 0.935152 0.176856 762.000000 215.000000
02 347 6 47 1.600000 0.003036 0.003876 0.969275 0.968549 0.003876 721.000000 192.000000
02 348 6 48 0.500000 0.327732 0.109761 1.152992 1.152240 0.109761 747.000000 205.000000
02 349 6 49 0.700000 -0.328988 -0.316884 1.102844 1.102144 5.966301 639.000000 203.000000
02 350 6 50 1.100000 -0.199878 -0.213243 0.869072 0.868358 6.069942 665.000000 196.000000
02 351 6 51 1.450000 0.457274 0.411880 1.052763 1.052047 0.411880 893.000000 54.000000
02 352 6 52 1.750000 -0.004296 -0.014387 1.019346 1.018647 6.268798 716.000000 172.000000
02 353 6 53 0.150000 0.439539 0.015935 1.303235 1.302533 0.015935 724.000000 199.000000
02 354 6 54 1.000000 0.022935 0.008928 0.985901 0.985255 0.008928 722.000000 226.000000
02 355 6 55 0.000000 -0.113268 0.000000 1.019390 1.018647 0.000000 720.000000 175.000000
02 356 6 56 0.200000 0.450093 0.000000 1.136251 1.135540 0.000000 720.000000 188.000000
02 357 6 57 1.000000 0.623389 0.617121 1.152953 1.152240 0.617121 935.000000 147.000000
02 358 6 58 1.350000 -0.223159 -0.234255 0.969260 0.968550 6.048930 636.000000 98.000000
02 359 6 59 1.250000 0.168465 0.212732 0.952504 0.951851 0.212732 774.000000 200.000000
02 360 6 60 1.700000 0.403360 0.426314 1.336651 1.335931 0.426314 829.000000 210.000000
