08 000 0 01 1.154849 -0.710218 -0.692419 2.580929 2.554968 5.590766 579.000000 280.000000
08 000 0 02 1.027296 -0.528165 -0.585405 3.223649 3.222933 5.697780 602.000000 272.000000
08 000 0 03 1.093431 -0.594908 -0.528975 3.440682 3.440020 5.754210 599.000000 243.000000
08 000 0 04 1.375788 -0.399076 -0.425892 3.724624 3.723906 5.857293 627.000000 245.000000
08 000 0 05 1.070909 -0.516782 -0.461785 2.789443 2.788755 5.821400 613.000000 235.000000
08 000 0 06 1.202550 0.180756 0.211093 3.173547 3.172835 0.211093 771.000000 212.000000
08 000 0 07 1.102182 -0.127368 -0.139440 3.006546 3.005844 6.143745 688.000000 222.000000
08 000 0 08 1.146599 0.177796 0.163095 3.039948 3.039253 0.163095 759.000000 213.000000
08 000 0 09 1.234574 0.049102 0.051678 2.906400 2.905649 0.051678 732.000000 218.000000
08 000 0 10 1.232432 -0.891977 -0.818419 3.390685 3.389923 5.464766 548.000000 289.000000
08 001 1 01 0.700000 -0.894033 -0.619091 4.292450 4.291676 5.664094 487.000000 123.000000
08 002 1 02 1.150000 -0.890211 -0.700239 5.077285 5.076536 5.582947 570.000000 272.000000
08 003 1 03 0.950000 -0.389653 -0.384249 5.561551 5.560809 5.898936 627.000000 220.000000
08 004 1 04 0.200000 -0.170368 -0.026426 3.791439 3.790704 6.256760 714.000000 223.000000
08 005 1 05 0.300000 -0.274629 -0.173671 3.156866 3.156135 6.109514 680.000000 222.000000
08 006 1 06 0.000000 -0.697126 -0.102407 4.476076 4.475371 6.180778 694.000000 197.000000
08 007 1 07 1.300000 -0.490330 -0.412183 4.826727 4.826048 5.871002 619.000000 219.000000
08 008 1 08 0.450000 -0.232719 -0.302193 3.958358 3.957694 5.980992 643.000000 203.000000
08 009 1 09 0.750000 -0.242430 -0.180210 2.589058 2.588367 6.102976 675.000000 203.000000
08 010 1 10 0.450000 -0.366566 -0.230834 2.655891 2.655163 6.052352 669.000000 233.000000
08 011 1 11 1.000000 -0.782775 -0.643501 2.088077 2.087394 5.639684 582.000000 266.000000
08 012 1 12 1.400000 -0.857190 -0.844154 5.027181 5.026440 5.439031 540.000000 290.000000
08 013 1 13 0.450000 -0.243335 0.026917 7.181308 7.180626 0.026917 727.000000 190.000000
08 014 1 14 1.650000 -0.079117 -0.132834 2.088093 2.087394 6.150351 689.000000 218.000000
08 015 1 15 0.350000 -0.915307 -0.100121 4.676449 4.675760 6.183065 698.000000 231.000000
08 016 1 16 1.650000 0.202544 0.246093 2.923083 2.922349 0.246093 773.000000 239.000000
08 017 1 17 1.100000 -0.335444 -0.378195 2.455535 2.454772 5.904990 631.000000 226.000000
08 018 1 18 0.900000 -0.500140 -0.493051 1.937655 1.937106 5.790134 612.000000 249.000000
08 019 1 19 0.050000 -0.531158 -0.247767 2.338570 2.337880 6.035419 656.000000 197.000000
08 020 1 20 0.100000 -0.382194 -0.323054 2.822890 2.822155 5.960131 643.000000 220.000000
08 021 1 21 1.750000 0.262554 0.260100 2.321911 2.321179 0.260100 786.000000 202.000000
08 022 1 22 0.250000 -0.432524 -0.302584 0.885754 0.885056 5.980602 661.000000 261.000000
08 023 1 23 0.750000 -0.156851 -0.177398 2.371950 2.371279 6.105787 675.000000 199.000000
08 024 1 24 1.450000 -0.406686 -0.423007 1.553732 1.553020 5.860178 598.000000 179.000000
08 025 1 25 1.450000 -0.893982 -0.785398 2.188160 2.187596 5.497787 512.000000 242.000000
08 026 1 26 0.800000 0.319656 0.368696 1.937820 1.937099 0.368696 822.000000 186.000000
08 027 1 27 1.600000 0.267978 0.242209 1.921138 1.920399 0.242209 783.000000 195.000000
08 028 1 28 1.550000 -0.406913 -0.445770 2.505563 2.504871 5.837416 569.000000 134.000000
08 029 1 29 0.600000 -0.471642 -0.430831 2.405436 2.404674 5.852354 572.000000 128.000000
08 030 1 30 0.550000 -0.556069 -0.542634 1.787572 1.786805 5.740552 600.000000 251.000000
08 031 1 31 0.150000 -0.472463 0.126768 2.288496 2.287780 0.126768 759.000000 144.000000
08 032 1 32 0.850000 -0.618844 -0.545655 1.804274 1.803506 5.737530 601.000000 254.000000
08 033 1 33 0.250000 0.145526 -0.276031 2.321880 2.321179 6.007155 654.000000 217.000000
08 034 1 34 1.600000 -0.490712 -0.472822 2.739426 2.738660 5.810364 609.000000 233.000000
08 035 1 35 0.000000 0.020845 0.347767 2.104626 2.104095 0.347767 807.000000 210.000000
08 036 1 36 1.550000 -0.738473 -0.623431 2.054709 2.053994 5.659754 592.000000 272.000000
08 037 1 37 0.900000 -0.347696 -0.322764 3.357247 3.356529 5.960422 621.000000 154.000000
08 038 1 38 0.500000 -0.498401 -0.394791 1.854258 1.853603 5.888394 625.000000 222.000000
08 039 1 39 0.950000 -0.769155 -0.764253 2.088147 2.087391 5.518932 558.000000 281.000000
08 040 1 40 0.500000 -0.078640 0.251092 1.486961 1.486222 0.251092 789.000000 181.000000
08 041 1 41 0.950000 -0.160127 -0.146666 1.587149 1.586416 6.136519 681.000000 186.000000
08 042 1 42 0.850000 -0.980663 -0.897467 1.386724 1.386028 5.385718 547.000000 312.000000
08 043 1 43 0.850000 -0.073216 -0.023711 1.319956 1.319231 6.259474 714.000000 197.000000
08 044 1 44 1.200000 -0.342118 -0.348371 1.002670 1.001950 5.934814 647.000000 249.000000
08 045 1 45 0.950000 -0.615879 -0.612152 1.536988 1.536320 5.671033 588.000000 262.000000
08 046 1 46 1.100000 -0.518480 -0.519664 1.169636 1.168940 5.763522 601.000000 242.000000
08 047 1 47 0.600000 -0.398903 -0.346782 1.269684 1.269137 5.936403 647.000000 248.000000
08 048 1 48 1.150000 -0.098888 -0.101278 1.169691 1.168938 6.181907 695.000000 204.000000
08 049 1 49 0.350000 -0.274089 0.024189 1.419970 1.419432 0.024189 729.000000 78.000000
08 050 1 50 0.550000 -0.495109 -0.351943 1.453585 1.452826 5.931243 590.000000 96.000000
08 051 1 51 1.600000 -0.182243 -0.206919 1.386572 1.386032 6.076266 665.000000 188.000000
08 052 1 52 1.000000 -0.247504 -0.242410 1.620548 1.619816 6.040775 652.000000 175.000000
08 053 1 53 0.800000 -0.517964 -0.532242 1.937819 1.937101 5.750943 571.000000 197.000000
08 054 1 54 0.200000 -0.276071 -0.040271 1.620564 1.619816 6.242914 709.000000 177.000000
08 055 1 55 0.750000 -0.666994 -0.585345 1.954474 1.953798 5.697840 547.000000 189.000000
08 056 1 56 0.300000 -0.903798 -0.470580 2.238336 2.237685 5.812605 603.000000 220.000000
08 057 1 57 0.050000 -0.542449 -0.122783 2.271634 2.271086 6.160402 691.000000 215.000000
08 058 1 58 1.650000 0.065943 0.073796 1.871056 1.870303 0.073796 739.000000 193.000000
08 059 1 59 0.500000 -0.549482 -0.570583 2.188277 2.187587 5.712603 591.000000 249.000000
08 060 1 60 1.550000 -0.508530 -0.585570 1.186348 1.185639 5.697616 594.000000 260.000000
08 061 2 01 1.000000 -0.652991 -0.556166 1.486953 1.486225 5.727019 582.000000 228.000000
08 062 2 02 1.650000 -0.807632 -0.760193 1.486981 1.486221 5.522992 546.000000 267.000000
08 063 2 03 0.050000 -0.012437 -0.178461 1.152978 1.152240 6.104725 663.000000 134.000000
08 064 2 04 1.450000 -0.159343 -0.209385 1.370022 1.369330 6.073800 669.000000 210.000000
08 065 2 05 0.700000 -0.145127 -0.141311 1.620481 1.619817 6.141874 686.000000 211.000000
08 066 2 06 0.750000 -0.414212 -0.327322 1.503654 1.502924 5.955864 647.000000 235.000000
08 067 2 07 1.000000 0.577761 0.523046 1.319889 1.319229 0.523046 863.000000 202.000000
08 068 2 08 1.500000 -0.178568 -0.213918 1.336643 1.335931 6.069268 657.000000 160.000000
08 069 2 09 1.500000 -0.277168 -0.310168 1.186353 1.185640 5.973017 645.000000 216.000000
08 070 2 10 0.850000 -0.366597 -0.351965 1.119565 1.118844 5.931221 637.000000 224.000000
08 071 2 11 0.600000 -0.805004 -0.891021 1.102894 1.102143 5.392164 527.000000 294.000000
08 072 2 12 0.300000 -0.084935 -0.019839 0.885723 0.885059 6.263347 715.000000 198.000000
08 073 2 13 1.050000 -0.763829 -0.722588 1.319922 1.319233 5.560597 571.000000 281.000000
08 074 2 14 0.450000 0.018898 -0.049287 1.720687 1.720011 6.233898 709.000000 227.000000
08 075 2 15 0.600000 -0.340504 -0.438979 1.319972 1.319227 5.844206 589.000000 171.000000
08 076 2 16 0.950000 -0.755106 -0.699404 1.937802 1.937100 5.583781 561.000000 261.000000
08 077 2 17 1.150000 -0.087607 -0.099199 1.386794 1.386024 6.183986 699.000000 239.000000
08 078 2 18 1.550000 -0.868634 -0.764630 1.653903 1.653210 5.518556 555.000000 278.000000
08 079 2 19 1.050000 -0.094101 -0.117566 2.121507 2.120790 6.165620 690.000000 196.000000
08 080 2 20 1.700000 -0.053922 -0.112140 1.036115 1.035347 6.171045 695.000000 228.000000
08 081 2 21 0.650000 -0.526992 -0.423439 1.336630 1.335932 5.859746 624.000000 237.000000
08 082 2 22 1.350000 -0.541874 -0.504030 1.887749 1.887004 5.779156 613.000000 256.000000
08 083 2 23 1.150000 0.335500 0.365570 2.455487 2.454771 0.365570 800.000000 241.000000
08 084 2 24 0.050000 -0.725502 -0.035026 3.023274 3.022544 6.248159 707.000000 79.000000
08 085 2 25 0.300000 -0.349401 0.008032 2.388643 2.387977 0.008032 722.000000 201.000000
08 086 2 26 1.000000 -0.437954 -0.456000 2.004573 2.003895 5.827186 617.000000 240.000000
08 087 2 27 1.150000 0.117270 0.202541 1.553704 1.553021 0.202541 766.000000 226.000000
08 088 2 28 1.600000 -0.155727 -0.208907 1.102858 1.102143 6.074278 667.000000 200.000000
08 089 2 29 1.600000 0.133718 0.219150 1.553677 1.553020 0.219150 769.000000 230.000000
08 090 2 30 0.900000 0.494524 0.461803 1.269852 1.269136 0.461803 828.000000 233.000000
08 091 2 31 1.550000 -0.363947 -0.398350 1.370079 1.369331 5.884835 611.000000 191.000000
08 092 2 32 0.650000 -0.191147 -0.158824 1.303235 1.302532 6.124361 683.000000 219.000000
08 093 2 33 1.450000 -0.520568 -0.548549 1.169667 1.168940 5.734636 577.000000 216.000000
08 094 2 34 0.000000 -0.700393 0.146721 6.413115 6.412471 0.146721 750.000000 247.000000
08 095 2 35 0.300000 -0.712664 -0.309556 2.004609 2.003897 5.973629 641.000000 203.000000
08 096 2 36 0.650000 -0.918295 -0.817645 1.486985 1.486222 5.465540 544.000000 285.000000
08 097 2 37 0.200000 -0.809550 -0.444870 6.413012 6.412470 5.838315 597.000000 192.000000
08 098 2 38 1.600000 -0.472167 -0.504560 1.052806 1.052046 5.778625 609.000000 249.000000
08 099 2 39 0.600000 -0.811259 -0.609600 1.870972 1.870301 5.673585 595.000000 271.000000
08 100 2 40 0.550000 -0.625567 -0.541720 0.818961 0.818259 5.741465 584.000000 224.000000
08 101 2 41 0.550000 -0.296123 -0.425820 1.453584 1.452824 5.857365 593.000000 170.000000
08 102 2 42 1.200000 -0.532609 -0.488217 0.885801 0.885051 5.794968 609.000000 241.000000
08 103 2 43 0.150000 -0.105153 -0.003774 0.835686 0.834958 6.279412 719.000000 185.000000
08 104 2 44 0.900000 -0.707726 -0.643999 1.169661 1.168939 5.639186 479.000000 129.000000
08 105 2 45 0.250000 -0.572995 -0.101836 1.353342 1.352629 6.181349 678.000000 39.000000
08 106 2 46 0.750000 -0.413974 -0.291834 0.935896 0.935149 5.991351 647.000000 207.000000
08 107 2 47 0.400000 -0.854165 -0.368075 1.570406 1.569719 5.915110 634.000000 227.000000
08 108 2 48 0.000000 -0.279791 -0.031735 1.603812 1.603117 6.251450 712.000000 198.000000
08 109 2 49 0.550000 -0.940596 -0.458102 1.637296 1.636517 5.825083 613.000000 233.000000
08 110 2 50 1.200000 -0.302394 -0.311141 0.986010 0.985250 5.972044 647.000000 223.000000
08 111 2 51 1.350000 -0.664785 -0.674059 1.420160 1.419427 5.609126 577.000000 271.000000
08 112 2 52 1.500000 -0.418950 -0.426967 1.086203 1.085444 5.856218 619.000000 228.000000
08 113 2 53 0.050000 -0.485103 -0.225092 1.336659 1.335932 6.058094 671.000000 236.000000
08 114 2 54 1.700000 -0.779316 -0.707127 1.153003 1.152240 5.576058 579.000000 285.000000
08 115 2 55 0.800000 0.371312 0.320440 1.019372 1.018647 0.320440 796.000000 221.000000
08 116 2 56 1.750000 -0.377901 -0.383528 1.553799 1.553018 5.899658 605.000000 165.000000
08 117 2 57 1.000000 -0.554921 -0.521205 1.370019 1.369328 5.761981 600.000000 241.000000
08 118 2 58 1.250000 -0.832427 -0.809346 0.752223 0.751456 5.473840 549.000000 287.000000
08 119 2 59 1.400000 -0.185917 -0.201762 1.086177 1.085443 6.081423 675.000000 230.000000
08 120 2 60 0.350000 0.586493 0.423986 0.835647 0.834958 0.423986 836.000000 193.000000
08 121 3 01 1.350000 -0.849531 -0.657607 1.253148 1.252435 5.625579 564.000000 248.000000
08 122 3 02 1.700000 -0.002141 0.038774 0.702085 0.701358 0.038774 729.000000 218.000000
08 123 3 03 1.750000 0.277107 0.335448 0.551792 0.551069 0.335448 834.000000 123.000000
08 124 3 04 1.650000 -0.220203 -0.258544 0.969100 0.968555 6.024642 656.000000 208.000000
08 125 3 05 0.850000 0.253766 0.294144 0.585145 0.584471 0.294144 813.000000 143.000000
08 126 3 06 1.250000 -0.230746 -0.245776 1.253203 1.252436 6.037409 646.000000 155.000000
08 127 3 07 1.300000 -0.310391 -0.354851 0.702053 0.701365 5.928334 637.000000 226.000000
08 128 3 08 0.650000 -0.210894 -0.140203 0.952554 0.951851 6.142982 685.000000 202.000000
08 129 3 09 1.050000 0.152855 0.286286 1.253082 1.252435 0.286286 788.000000 219.000000
08 130 3 10 0.150000 -0.309333 -0.044686 0.935930 0.935152 6.238500 709.000000 204.000000
08 131 3 11 1.400000 -0.092628 -0.076772 1.570458 1.569718 6.206413 701.000000 203.000000
08 132 3 12 0.000000 -0.505682 0.510358 0.735450 0.734763 0.510358 851.000000 216.000000
08 133 3 13 1.200000 -0.045475 -0.112155 0.718736 0.718063 6.171030 687.000000 157.000000
08 134 3 14 1.400000 0.510856 0.450781 1.269827 1.269136 0.450781 826.000000 231.000000
08 135 3 15 0.400000 -0.573911 -0.656123 1.537096 1.536321 5.627062 546.000000 224.000000
08 136 3 16 0.700000 -0.599098 -0.641778 1.269877 1.269134 5.641407 581.000000 264.000000
08 137 3 17 0.850000 -0.095621 -0.051338 2.321874 2.321178 6.231847 707.000000 197.000000
08 138 3 18 0.150000 -0.358444 -0.467600 1.002614 1.001952 5.815585 618.000000 248.000000
08 139 3 19 0.600000 0.043121 0.160862 1.570351 1.569724 0.160862 763.000000 185.000000
08 140 3 20 0.800000 -0.764973 -0.769920 0.902449 0.901754 5.513266 561.000000 286.000000
08 141 3 21 0.900000 -0.240361 -0.207296 1.536987 1.536321 6.075889 667.000000 198.000000
08 142 3 22 0.000000 -0.726993 -0.324675 1.002679 1.001948 5.958511 651.000000 245.000000
08 143 3 23 1.300000 -0.585609 -0.498801 1.319779 1.319235 5.784384 580.000000 193.000000
08 144 3 24 1.400000 0.099065 0.123266 0.668683 0.667968 0.123266 748.000000 224.000000
08 145 3 25 1.100000 -0.871236 -0.712358 0.652011 0.651265 5.570828 568.000000 274.000000
08 146 3 26 1.550000 -0.559183 -0.488033 1.152925 1.152242 5.795152 591.000000 207.000000
08 147 3 27 0.400000 -0.879190 -0.265472 0.935883 0.935153 6.017713 661.000000 233.000000
08 148 3 28 1.350000 -0.613956 -0.461944 0.718770 0.718064 5.821241 603.000000 215.000000
08 149 3 29 1.500000 -0.077623 -0.047358 1.002652 1.001954 6.235827 710.000000 239.000000
08 150 3 30 0.200000 -0.494001 -0.962216 1.470191 1.469523 5.320970 532.000000 319.000000
08 151 3 31 0.100000 -0.252853 -0.566014 0.935838 0.935152 5.717171 605.000000 269.000000
08 152 3 32 1.000000 -0.635627 -0.569593 0.919162 0.918453 5.713593 590.000000 247.000000
08 153 3 33 1.350000 0.032377 0.080017 1.737365 1.736711 0.080017 737.000000 238.000000
08 154 3 34 0.500000 -0.364353 -0.213669 1.036024 1.035347 6.069516 674.000000 238.000000
08 155 3 35 0.900000 -0.557410 -0.507513 1.069412 1.068744 5.775673 606.000000 245.000000
08 156 3 36 0.050000 -0.754053 -0.147753 0.835632 0.834957 6.135433 688.000000 235.000000
08 157 3 37 1.250000 -0.066769 -0.085727 1.002679 1.001943 6.197458 698.000000 194.000000
08 158 3 38 1.700000 -0.037019 -0.032018 1.052813 1.052045 6.251168 711.000000 169.000000
08 159 3 39 1.650000 -0.421502 -0.417772 1.203058 1.202339 5.865414 629.000000 245.000000
08 160 3 40 1.450000 -0.069976 -0.050738 1.436800 1.436127 6.232448 707.000000 194.000000
08 161 3 41 0.700000 -0.358313 -0.711102 0.885726 0.885057 5.572084 577.000000 284.000000
08 162 3 42 1.050000 -0.401680 -0.407340 1.136241 1.135541 5.875846 635.000000 253.000000
08 163 3 43 0.950000 -0.526195 -0.483645 1.303294 1.302531 5.799540 616.000000 252.000000
08 164 3 44 0.250000 -0.555781 -0.738453 1.052745 1.052045 5.544732 578.000000 294.000000
08 165 3 45 0.650000 0.421870 0.474758 0.985958 0.985250 0.474758 812.000000 271.000000
08 166 3 46 1.300000 0.018480 0.055091 1.152882 1.152241 0.055091 735.000000 178.000000
08 167 3 47 1.250000 -0.492057 -0.433296 1.086109 1.085445 5.849889 621.000000 236.000000
08 168 3 48 1.650000 -0.548126 -0.569161 2.088087 2.087391 5.714025 601.000000 264.000000
08 169 3 49 1.250000 -0.928800 -0.836490 2.204992 2.204287 5.446695 535.000000 283.000000
08 170 3 50 0.150000 -0.119396 -0.685206 1.820974 1.820208 5.597980 550.000000 242.000000
08 171 3 51 1.750000 -0.300282 -0.278963 2.221754 2.220986 6.004222 663.000000 251.000000
08 172 3 52 1.300000 -0.372403 -0.380506 1.269863 1.269136 5.902679 636.000000 240.000000
08 173 3 53 0.050000 -0.616462 -0.359814 2.438815 2.438074 5.923371 641.000000 240.000000
08 174 3 54 0.300000 -0.656434 -0.445377 3.591006 3.590314 5.837808 604.000000 207.000000
08 175 3 55 1.500000 -0.882161 -0.686029 1.570404 1.569719 5.597157 571.000000 268.000000
08 176 3 56 1.450000 -0.770826 -0.705323 1.269689 1.269138 5.577862 571.000000 275.000000
08 177 3 57 1.050000 -0.880793 -0.724770 1.236443 1.235737 5.558416 573.000000 284.000000
08 178 3 58 1.450000 -0.328362 -0.343352 1.319905 1.319232 5.939833 651.000000 257.000000
08 179 3 59 1.600000 -0.425493 -0.389216 0.768932 0.768161 5.893970 631.000000 233.000000
08 180 3 60 0.350000 -0.510717 -0.381404 1.119598 1.118842 5.901781 643.000000 258.000000
08 181 4 01 0.400000 -0.237192 -0.086846 0.952530 0.951849 6.196340 685.000000 48.000000
08 182 4 02 0.200000 -0.291162 -0.667603 0.785532 0.784866 5.615582 571.000000 261.000000
08 183 4 03 0.500000 -0.410918 -0.436364 0.919158 0.918453 5.846821 623.000000 242.000000
08 184 4 04 0.000000 0.024977 -0.415608 0.952520 0.951854 5.867578 626.000000 237.000000
08 185 4 05 1.550000 -0.420514 -0.370059 1.503598 1.502924 5.913126 630.000000 218.000000
08 186 4 06 0.550000 -0.508193 -0.609326 1.219730 1.219039 5.673859 586.000000 258.000000
08 187 4 07 0.050000 -0.646074 -0.088656 1.102878 1.102144 6.194529 696.000000 180.000000
08 188 4 08 0.400000 -0.282586 -0.206050 2.288465 2.287778 6.077135 669.000000 206.000000
08 189 4 09 1.700000 -0.206037 -0.238371 1.119603 1.118842 6.044814 668.000000 236.000000
08 190 4 10 0.800000 -0.486809 -0.664371 3.140113 3.139427 5.618814 590.000000 284.000000
08 191 4 11 0.050000 -0.574479 -0.147193 0.902486 0.901754 6.135993 673.000000 133.000000
08 192 4 12 1.700000 -0.833858 -0.822615 1.720724 1.720011 5.460570 525.000000 269.000000
08 193 4 13 0.050000 0.483743 -0.149143 0.418164 0.417480 6.134042 691.000000 257.000000
08 194 4 14 0.800000 -0.692773 -0.615870 1.052806 1.052044 5.667315 582.000000 255.000000
08 195 4 15 1.200000 0.163083 0.122835 1.035978 1.035341 0.122835 750.000000 207.000000
08 196 4 16 0.000000 -0.795380 0.024485 0.718756 0.718064 0.024485 726.000000 205.000000
08 197 4 17 0.250000 0.180200 -0.164206 1.687310 1.686613 6.118980 663.000000 106.000000
08 198 4 18 0.900000 -0.730846 -0.695300 1.169693 1.168941 5.587885 574.000000 275.000000
08 199 4 19 1.500000 -0.668639 -0.674078 0.785520 0.784859 5.609107 573.000000 266.000000
08 200 4 20 0.250000 0.244870 0.185579 1.069428 1.068744 0.185579 769.000000 189.000000
08 201 4 21 0.400000 -0.291174 -0.673369 1.102809 1.102143 5.609816 578.000000 272.000000
08 202 4 22 0.650000 -0.553898 -0.461899 1.069429 1.068746 5.821286 606.000000 221.000000
08 203 4 23 0.450000 -0.673053 -0.420991 0.852553 0.851653 5.862195 630.000000 249.000000
08 204 4 24 0.650000 -0.296474 -0.237120 1.286478 1.285833 6.046065 662.000000 210.000000
08 205 4 25 0.700000 -0.620097 -0.700079 1.136246 1.135541 5.583106 581.000000 285.000000
08 206 4 26 0.850000 -0.754650 -0.669892 1.119594 1.118842 5.613293 560.000000 248.000000
08 207 4 27 0.650000 -0.588803 -0.554307 1.086155 1.085445 5.728878 590.000000 240.000000
08 208 4 28 0.800000 -0.339123 -0.308764 1.486950 1.486223 5.974421 646.000000 218.000000
08 209 4 29 0.750000 -0.059743 -0.119904 1.102904 1.102143 6.163281 690.000000 201.000000
08 210 4 30 1.050000 0.020737 -0.013333 1.370062 1.369330 6.269853 717.000000 225.000000
08 211 4 31 1.400000 0.551664 0.455191 1.704066 1.703314 0.455191 813.000000 260.000000
08 212 4 32 0.450000 -0.270127 -0.196659 1.119562 1.118844 6.086527 668.000000 189.000000
08 213 4 33 0.500000 -0.779379 -0.754422 0.902301 0.901755 5.528763 548.000000 267.000000
08 214 4 34 0.150000 -0.658143 -0.308298 1.470220 1.469529 5.974887 613.000000 114.000000
08 215 4 35 0.950000 -0.362656 -0.366539 1.219709 1.219038 5.916647 639.000000 239.000000
08 216 4 36 1.400000 -0.886392 -0.661043 0.985967 0.985250 5.622142 573.000000 261.000000
08 217 4 37 0.550000 -0.285367 -0.306231 0.768884 0.768159 5.976955 634.000000 178.000000
08 218 4 38 0.150000 -0.248449 -0.174401 1.002631 1.001949 6.108785 683.000000 240.000000
08 219 4 39 0.850000 -0.263671 -0.208257 0.952604 0.951846 6.074928 664.000000 185.000000
08 220 4 40 1.050000 0.267051 0.318702 0.484997 0.484276 0.318702 785.000000 253.000000
08 221 4 41 1.200000 -0.094679 -0.044699 0.551778 0.551072 6.238487 706.000000 137.000000
08 222 4 42 0.200000 0.084652 -0.047583 0.518452 0.517673 6.235602 708.000000 198.000000
08 223 4 43 0.400000 -0.583314 -0.441179 0.969225 0.968551 5.842006 601.000000 198.000000
08 224 4 44 0.950000 -0.476251 -0.552697 2.722692 2.721961 5.730488 588.000000 236.000000
08 225 4 45 1.650000 -0.330819 -0.282180 1.036069 1.035347 6.001005 651.000000 212.000000
08 226 4 46 0.150000 0.114381 0.375961 0.551737 0.551072 0.375961 825.000000 184.000000
08 227 4 47 0.850000 -0.676081 -0.479244 1.186334 1.185638 5.803941 601.000000 221.000000
08 228 4 48 0.100000 -0.188715 -0.365201 1.921126 1.920399 5.917984 616.000000 178.000000
08 229 4 49 0.550000 0.040160 0.114720 0.685376 0.684664 0.114720 748.000000 207.000000
08 230 4 50 1.000000 -0.004058 0.068485 0.735419 0.734762 0.068485 739.000000 173.000000
08 231 4 51 0.650000 -0.152108 -0.082855 1.269841 1.269134 6.200330 696.000000 161.000000
08 232 4 52 0.350000 -0.152848 -0.186160 0.752132 0.751462 6.097025 678.000000 227.000000
08 233 4 53 1.300000 -0.297232 -0.306826 2.288460 2.287782 5.976359 656.000000 248.000000
08 234 4 54 0.750000 -0.280049 -0.171239 0.785533 0.784860 6.111947 674.000000 184.000000
08 235 4 55 0.400000 -0.617385 -0.589236 0.818938 0.818258 5.693950 595.000000 263.000000
08 236 4 56 1.150000 -0.719016 -0.596310 1.102861 1.102141 5.686876 570.000000 229.000000
08 237 4 57 0.300000 -0.192279 -0.084012 0.635301 0.634570 6.199173 696.000000 165.000000
08 238 4 58 0.100000 -0.085400 0.343253 0.601919 0.601171 0.343253 819.000000 173.000000
08 239 4 59 1.100000 -0.190587 -0.185348 0.735500 0.734762 6.097837 678.000000 226.000000
08 240 4 60 1.500000 -0.801668 -0.623744 0.935754 0.935152 5.659441 584.000000 261.000000
08 241 5 01 0.600000 -0.627841 -0.423791 1.252978 1.252440 5.859394 600.000000 184.000000
08 242 5 02 1.200000 -0.285514 -0.331829 0.802283 0.801559 5.951357 628.000000 183.000000
08 243 5 03 1.600000 -0.334375 -0.221851 1.036044 1.035346 6.061334 660.000000 184.000000
08 244 5 04 1.100000 -0.411003 -0.223031 0.585219 0.584472 6.060154 654.000000 159.000000
08 245 5 05 0.450000 -0.416613 -0.176522 0.819005 0.818260 6.106664 654.000000 80.000000
08 246 5 06 0.100000 -0.409208 -0.151692 0.685351 0.684665 6.131493 672.000000 136.000000
08 247 5 07 0.750000 -0.078709 -0.037416 0.551797 0.551073 6.245770 706.000000 76.000000
08 248 5 08 0.700000 -0.100845 -0.043280 1.319923 1.319232 6.239905 709.000000 196.000000
08 249 5 09 1.150000 0.031596 0.130063 1.553653 1.553024 0.130063 751.000000 213.000000
08 250 5 10 0.250000 -0.410063 -0.151103 1.203115 1.202339 6.132083 683.000000 207.000000
08 251 5 11 0.350000 -0.377720 -0.406698 1.269837 1.269135 5.876487 605.000000 183.000000
08 252 5 12 0.250000 -0.508616 -0.044686 1.236440 1.235735 6.238500 709.000000 204.000000
08 253 5 13 1.450000 -0.379072 -0.370891 1.152985 1.152241 5.912294 629.000000 216.000000
08 254 5 14 0.300000 -0.247645 0.654719 1.002647 1.001949 0.654719 872.000000 252.000000
08 255 5 15 0.500000 -0.179467 -0.403794 2.405354 2.404673 5.879391 626.000000 230.000000
08 256 5 16 0.750000 0.226119 0.303734 1.486911 1.486224 0.303734 804.000000 182.000000
08 257 5 17 0.800000 0.075833 0.100824 0.785520 0.784861 0.100824 746.000000 193.000000
08 258 5 18 1.100000 -0.106986 -0.126806 0.718830 0.718062 6.156379 688.000000 199.000000
08 259 5 19 1.400000 -0.083183 -0.132853 1.019403 1.018647 6.150332 691.000000 233.000000
08 260 5 20 1.100000 -0.458897 -0.447356 0.885738 0.885055 5.835830 625.000000 252.000000
08 261 5 21 1.700000 -0.598408 -0.540420 1.019394 1.018649 5.742766 603.000000 255.000000
08 262 5 22 1.250000 0.407097 0.436885 1.203065 1.202337 0.436885 819.000000 238.000000
08 263 5 23 0.200000 0.196398 0.097253 1.169646 1.168940 0.097253 748.000000 163.000000
08 264 5 24 0.400000 -0.626933 -0.422251 1.436858 1.436126 5.860934 627.000000 243.000000
08 265 5 25 1.600000 -0.596119 -0.559756 1.871025 1.870303 5.723429 574.000000 217.000000
08 266 5 26 1.500000 0.016608 -0.022947 1.370014 1.369329 6.260239 713.000000 145.000000
08 267 5 27 0.950000 0.403714 0.380506 0.852320 0.851656 0.380506 800.000000 250.000000
08 268 5 28 1.750000 0.049174 0.064289 1.303178 1.302533 0.064289 735.000000 217.000000
08 269 5 29 0.250000 -0.619358 -0.923585 0.969290 0.968553 5.359601 548.000000 320.000000
08 270 5 30 1.250000 -0.676358 -0.603845 1.319942 1.319232 5.679341 551.000000 205.000000
08 271 5 31 1.400000 -0.830750 -0.778819 0.935875 0.935152 5.504366 569.000000 297.000000
08 272 5 32 0.950000 0.452685 0.392438 0.718783 0.718063 0.392438 845.000000 148.000000
08 273 5 33 1.700000 -0.451533 -0.412544 1.219743 1.219037 5.870641 548.000000 57.000000
08 274 5 34 1.700000 -0.758436 -0.642663 1.286591 1.285835 5.640522 577.000000 259.000000
08 275 5 35 1.350000 -0.980045 -0.847209 1.169712 1.168941 5.435977 557.000000 306.000000
08 276 5 36 0.400000 -0.118731 0.259249 1.119408 1.118842 0.259249 781.000000 220.000000
08 277 5 37 1.550000 0.216103 0.162864 2.288464 2.287776 0.162864 755.000000 237.000000
08 278 5 38 1.200000 -0.567747 -0.577192 1.720680 1.720015 5.705993 580.000000 235.000000
08 279 5 39 0.600000 -0.104467 -0.230290 1.537088 1.536320 6.052895 671.000000 241.000000
08 280 5 40 0.300000 -0.652256 -0.567070 0.869112 0.868355 5.716116 599.000000 260.000000
08 281 5 41 0.100000 0.135713 -0.021736 1.019340 1.018649 6.261450 715.000000 220.000000
08 282 5 42 0.900000 -0.840438 -0.754158 0.802303 0.801559 5.529027 565.000000 285.000000
08 283 5 43 1.550000 0.039412 0.039627 1.353273 1.352631 0.039627 729.000000 223.000000
08 284 5 44 1.650000 -0.471723 -0.530096 0.785611 0.784858 5.753089 594.000000 235.000000
08 285 5 45 1.100000 -0.393152 -0.430261 0.818977 0.818258 5.852924 625.000000 243.000000
08 286 5 46 1.350000 0.197492 0.146410 0.768898 0.768160 0.146410 752.000000 233.000000
08 287 5 47 1.000000 -0.049790 -0.073939 0.752167 0.751460 6.209246 704.000000 234.000000
08 288 5 48 1.100000 -0.691328 -0.613063 0.969261 0.968548 5.670122 599.000000 278.000000
08 289 5 49 0.150000 -0.693889 -0.013761 1.069396 1.068746 6.269425 717.000000 232.000000
08 290 5 50 0.250000 -0.594025 -0.477268 1.102896 1.102143 5.805918 539.000000 100.000000
08 291 5 51 1.250000 -0.723717 -0.622962 0.969226 0.968552 5.660223 595.000000 276.000000
08 292 5 52 1.500000 -0.750274 -0.751854 0.919046 0.918455 5.531332 576.000000 296.000000
08 293 5 53 1.650000 -0.721234 -0.723832 0.785578 0.784860 5.559353 583.000000 295.000000
08 294 5 54 0.550000 -0.350294 -0.335123 0.852392 0.851656 5.948063 650.000000 249.000000
08 295 5 55 1.750000 -0.225741 -0.205585 0.652005 0.651267 6.077601 676.000000 239.000000
08 296 5 56 0.750000 -0.354797 -0.259154 1.086208 1.085442 6.024031 663.000000 235.000000
08 297 5 57 0.700000 -0.624821 -0.676245 0.835639 0.834957 5.606941 590.000000 288.000000
08 298 5 58 1.300000 -0.770541 -0.587135 0.652026 0.651267 5.696051 543.000000 184.000000
08 299 5 59 0.450000 -0.430905 -0.246860 1.353390 1.352630 6.036325 657.000000 200.000000
08 300 5 60 0.000000 -0.609030 -0.025205 2.722506 2.721964 6.257981 714.000000 212.000000
08 301 6 01 1.350000 -0.069702 -0.147849 1.019328 1.018653 6.135336 685.000000 215.000000
08 302 6 02 0.450000 -0.320480 -0.183943 0.802229 0.801559 6.099242 680.000000 235.000000
08 303 6 03 0.600000 -0.440111 -0.355295 0.752157 0.751466 5.927890 638.000000 229.000000
08 304 6 04 1.750000 -0.613329 -0.584651 0.685457 0.684665 5.698535 583.000000 243.000000
08 305 6 05 1.350000 -0.293531 -0.266552 0.952398 0.951853 6.016633 643.000000 168.000000
08 306 6 06 1.750000 -0.609173 -0.576375 0.685370 0.684668 5.706810 590.000000 250.000000
08 307 6 07 1.700000 -0.619679 -0.596874 0.969276 0.968550 5.686311 597.000000 269.000000
08 308 6 08 0.100000 -0.131090 0.406294 0.568467 0.567771 0.406294 831.000000 192.000000
08 309 6 09 0.200000 -0.462866 -0.185107 1.086187 1.085446 6.098078 673.000000 199.000000
08 310 6 10 1.150000 -0.920867 -0.741123 1.319899 1.319235 5.542062 569.000000 285.000000
08 311 6 11 0.200000 -0.481741 0.064132 0.818964 0.818259 0.064132 734.000000 232.000000
08 312 6 12 1.350000 -0.247020 -0.282352 1.253160 1.252435 6.000833 635.000000 157.000000
08 313 6 13 1.300000 -0.195405 -0.216725 0.701903 0.701367 6.066460 672.000000 232.000000
08 314 6 14 1.300000 0.147688 0.191458 0.718816 0.718064 0.191458 764.000000 223.000000
08 315 6 15 0.500000 -0.700447 -0.817235 0.869113 0.868358 5.465951 558.000000 298.000000
08 316 6 16 1.300000 -0.138346 -0.166664 1.253163 1.252435 6.116521 684.000000 236.000000
08 317 6 17 1.550000 -0.477866 -0.473451 0.985792 0.985253 5.809734 616.000000 247.000000
08 318 6 18 1.150000 -0.201458 -0.202322 0.701908 0.701368 6.080864 672.000000 216.000000
08 319 6 19 0.100000 -0.523378 -0.444077 2.689314 2.688560 5.839108 612.000000 223.000000
08 320 6 20 0.350000 -0.026703 0.295051 0.785539 0.784860 0.295051 782.000000 246.000000
08 321 6 21 0.900000 -0.869413 -0.785398 1.102870 1.102142 5.497787 569.000000 299.000000
08 322 6 22 0.500000 -0.564826 -0.250343 0.718747 0.718064 6.032842 664.000000 231.000000
08 323 6 23 1.450000 -0.592882 -0.536146 1.186359 1.185637 5.747039 597.000000 243.000000
08 324 6 24 0.550000 -0.753366 -0.752515 0.935828 0.935152 5.530670 573.000000 293.000000
08 325 6 25 1.000000 -0.298937 -0.244979 0.902443 0.901753 6.038207 666.000000 234.000000
08 326 6 26 0.900000 -0.356403 -0.215137 0.702118 0.701363 6.068049 661.000000 180.000000
08 327 6 27 0.500000 -0.677506 -0.375725 0.618534 0.617870 5.907461 606.000000 161.000000
08 328 6 28 0.650000 -0.529857 -0.500740 0.818984 0.818259 5.782445 610.000000 249.000000
08 329 6 29 1.250000 -0.828996 -0.744604 1.136213 1.135542 5.538581 579.000000 297.000000
08 330 6 30 0.850000 -0.245915 -0.165903 0.768886 0.768161 6.117282 684.000000 235.000000
08 331 6 31 1.150000 -0.209012 -0.218209 0.818965 0.818257 6.064977 669.000000 220.000000
08 332 6 32 0.100000 -0.695623 0.053347 1.603855 1.603117 0.053347 731.000000 244.000000
08 333 6 33 0.000000 -1.006715 0.361924 0.735475 0.734764 0.361924 812.000000 207.000000
08 334 6 34 0.350000 -0.270246 -0.023805 1.653939 1.653222 6.259380 715.000000 240.000000
08 335 6 35 0.800000 -0.537070 -0.459599 1.019309 1.018646 5.823586 622.000000 252.000000
08 336 6 36 0.800000 -0.630560 -0.620799 1.186366 1.185638 5.662386 597.000000 278.000000
08 337 6 37 1.750000 -0.326533 -0.355072 1.236447 1.235738 5.928114 621.000000 183.000000
08 338 6 38 1.050000 -0.432061 -0.445468 1.036116 1.035348 5.837718 614.000000 228.000000
08 339 6 39 0.700000 -0.832012 -0.734015 1.119545 1.118842 5.549170 554.000000 266.000000
08 340 6 40 0.350000 -0.081836 0.112345 1.503602 1.502922 0.112345 742.000000 255.000000
08 341 6 41 1.750000 -0.052917 -0.088553 1.203062 1.202338 6.194632 701.000000 236.000000
08 342 6 42 0.600000 0.184164 0.295976 0.985935 0.985250 0.295976 788.000000 227.000000
08 343 6 43 1.200000 0.054041 0.040701 0.919179 0.918452 0.040701 729.000000 229.000000
08 344 6 44 0.700000 -0.408212 -0.653551 0.969287 0.968551 5.629634 599.000000 292.000000
08 345 6 45 1.450000 -0.639878 -0.567440 1.019419 1.018648 5.715745 604.000000 268.000000
08 346 6 46 1.050000 -0.070665 -0.063743 1.086186 1.085444 6.219442 702.000000 168.000000
08 347 6 47 1.500000 -0.141624 -0.200181 1.086128 1.085444 6.083004 678.000000 243.000000
08 348 6 48 1.400000 -0.164094 -0.139647 1.086175 1.085446 6.143538 685.000000 201.000000
08 349 6 49 0.700000 -0.613152 -0.668872 1.136214 1.135538 5.614314 588.000000 283.000000
08 350 6 50 0.200000 -0.751754 -0.034321 1.219707 1.219036 6.248864 712.000000 217.000000
08 351 6 51 0.300000 -0.170303 -0.470044 0.718787 0.718062 5.813141 625.000000 263.000000
08 352 6 52 1.200000 -0.951605 -0.758738 1.236464 1.235737 5.524447 574.000000 296.000000
08 353 6 53 1.050000 -0.687269 -0.627158 1.069442 1.068744 5.656027 562.000000 232.000000
08 354 6 54 0.150000 -0.324983 -0.003704 2.388635 2.387976 6.279482 719.000000 180.000000
08 355 6 55 1.250000 -0.888361 -0.672546 1.336643 1.335932 5.610639 587.000000 283.000000
08 356 6 56 1.600000 -0.623772 -0.573847 0.985936 0.985260 5.709339 603.000000 269.000000
08 357 6 57 1.100000 -0.730103 -0.665969 1.503656 1.502919 5.617216 588.000000 282.000000
08 358 6 58 0.350000 -0.759805 -0.456996 1.754144 1.753411 5.826189 631.000000 269.000000
08 359 6 59 0.100000 -0.245869 -0.354871 1.236453 1.235735 5.928314 647.000000 253.000000
08 360 6 60 0.450000 -0.879760 -0.083549 1.169618 1.168940 6.199636 703.000000 247.000000
08 000 0 01 -99.000000 -99.000000 -0.018777 4.158779 4.158083 6.264408 716.000000 237.000000
08 000 0 02 -99.000000 -99.000000 -0.028700 5.310988 5.310326 6.254485 714.000000 241.000000
08 000 0 03 -99.000000 -99.000000 -0.024995 2.238361 2.237685 6.258191 715.000000 250.000000
08 000 0 04 -99.000000 -99.000000 -0.009662 4.359130 4.358472 6.273524 718.000000 243.000000
08 000 0 05 -99.000000 -99.000000 -0.004902 4.993751 4.993042 6.278283 719.000000 246.000000
08 000 0 06 -99.000000 -99.000000 -0.019605 5.160726 5.160032 6.263580 716.000000 246.000000
08 000 0 07 -99.000000 -99.000000 -0.008849 4.325807 4.325087 6.274336 718.000000 224.000000
08 000 0 08 -99.000000 -99.000000 -0.041073 4.476046 4.475362 6.242113 711.000000 231.000000
08 000 0 09 -99.000000 -99.000000 -0.042831 2.071360 2.070692 6.240354 711.000000 240.000000
08 000 0 10 -99.000000 -99.000000 -0.039388 2.305226 2.304476 6.243797 712.000000 247.000000
08 000 0 11 -99.000000 -99.000000 -0.029842 4.158805 4.158082 6.253343 714.000000 249.000000
08 000 0 12 -99.000000 -99.000000 -0.023037 1.453554 1.452825 6.260148 715.000000 233.000000
08 000 0 13 -99.000000 -99.000000 -0.009804 1.570414 1.569713 6.273382 718.000000 246.000000
08 000 0 14 -99.000000 -99.000000 -0.019702 2.221666 2.220986 6.263483 716.000000 247.000000
08 000 0 15 -99.000000 -99.000000 -0.013888 3.173555 3.172834 6.269297 717.000000 234.000000
