02 000 0 01 1.023944 -0.500069 -0.489712 2.871087 2.855551 5.793473 607.000000 238.000000
02 000 0 02 1.254247 -0.760095 -0.776851 2.355338 2.354578 5.506334 546.000000 273.000000
02 000 0 03 1.461777 0.096994 0.150790 2.722684 2.721957 0.150790 763.000000 167.000000
02 000 0 04 1.423158 -0.317392 -0.269167 2.054758 2.053993 6.014018 656.000000 218.000000
02 000 0 05 1.198021 -0.445408 -0.501950 1.420207 1.419424 5.781235 602.000000 235.000000
02 000 0 06 1.272700 -0.423899 -0.473451 2.388699 2.387977 5.809734 616.000000 247.000000
02 000 0 07 1.490714 -0.503391 -0.574305 2.255134 2.254382 5.708880 588.000000 246.000000
02 000 0 08 1.494370 -0.716290 -0.602707 1.637211 1.636510 5.680478 581.000000 248.000000
02 000 0 09 1.141384 0.111801 0.198217 1.436865 1.436123 0.198217 767.000000 216.000000
02 000 0 10 1.138921 -0.305729 -0.218669 1.837650 1.836905 6.064516 670.000000 225.000000
02 001 1 01 0.350000 -0.521622 -0.042709 1.937814 1.937100 6.240476 710.000000 216.000000
02 002 1 02 0.550000 -0.461893 -0.531030 1.720685 1.720010 5.752155 609.000000 261.000000
02 003 1 03 0.000000 -0.434972 -0.526627 1.520339 1.519622 5.756558 595.000000 235.000000
02 004 1 04 0.800000 -0.812508 -0.562187 1.871009 1.870304 5.720999 594.000000 250.000000
02 005 1 05 1.700000 0.084041 0.074860 1.820744 1.820211 0.074860 741.000000 170.000000
02 006 1 06 1.150000 -0.971523 -0.895478 1.520280 1.519620 5.387708 509.000000 281.000000
02 007 1 07 0.250000 -0.245490 0.157342 2.238354 2.237683 0.157342 753.000000 242.000000
02 008 1 08 1.750000 -0.150653 -0.185831 1.854288 1.853604 6.097354 673.000000 200.000000
02 009 1 09 1.200000 -0.573158 -0.557344 1.319966 1.319234 5.725841 586.000000 235.000000
02 010 1 10 0.700000 -0.733545 -0.614250 1.420103 1.419426 5.668936 586.000000 260.000000
02 011 1 11 1.050000 0.372894 0.424622 1.219741 1.219037 0.424622 805.000000 262.000000
02 012 1 12 0.350000 -0.207670 -0.037797 1.369892 1.369332 6.245388 711.000000 212.000000
02 013 1 13 0.850000 -0.049050 -0.116836 1.102685 1.102146 6.166349 695.000000 237.000000
02 014 1 14 0.250000 0.081445 0.735273 1.203077 1.202338 0.735273 862.000000 293.000000
02 015 1 15 0.950000 -0.650306 -0.753358 1.887746 1.887002 5.529827 569.000000 289.000000
02 016 1 16 0.450000 -0.758184 -0.018098 1.219725 1.219038 6.265088 716.000000 229.000000
02 017 1 17 1.650000 -0.032760 -0.049509 1.470216 1.469525 6.233676 709.000000 228.000000
02 018 1 18 0.350000 -0.012840 0.000000 1.603811 1.603116 0.000000 720.000000 105.000000
02 019 1 19 1.100000 -0.080659 -0.070947 1.152980 1.152240 6.212239 706.000000 253.000000
02 020 1 20 1.550000 -0.259448 -0.269436 1.804069 1.803511 6.013750 654.000000 211.000000
02 021 1 21 0.000000 -0.376300 -0.012048 1.019369 1.018647 6.271138 717.000000 201.000000
02 022 1 22 1.000000 -0.332663 -0.298499 1.670635 1.669914 5.984686 652.000000 229.000000
02 023 1 23 1.400000 0.445393 0.413689 1.536853 1.536319 0.413689 828.000000 204.000000
02 024 1 24 0.950000 -0.350907 -0.341415 1.052785 1.052046 5.941770 650.000000 253.000000
02 025 1 25 0.500000 -0.623409 -0.299776 1.587159 1.586418 5.983409 652.000000 230.000000
02 026 1 26 1.450000 -0.305234 -0.441064 1.553784 1.553021 5.842121 627.000000 253.000000
02 027 1 27 0.100000 -0.091035 -0.004717 1.904393 1.903701 6.278468 719.000000 238.000000
02 028 1 28 0.600000 -0.591753 -0.422634 1.804284 1.803507 5.860551 635.000000 261.000000
02 029 1 29 0.950000 -0.263224 -0.289602 1.670660 1.669913 5.993583 661.000000 252.000000
02 030 1 30 0.800000 -0.203117 -0.231091 1.653754 1.653217 6.052095 672.000000 246.000000
02 031 1 31 1.550000 0.057640 0.046050 1.570401 1.569719 0.046050 730.000000 233.000000
02 032 1 32 0.500000 -0.694098 -0.629483 1.620356 1.619817 5.653702 594.000000 277.000000
02 033 1 33 0.650000 0.212361 0.380506 1.804053 1.803510 0.380506 804.000000 240.000000
02 034 1 34 1.250000 -0.341806 -0.375400 1.587188 1.586419 5.907785 640.000000 247.000000
02 035 1 35 0.350000 0.074585 -0.004785 1.653964 1.653209 6.278401 719.000000 241.000000
02 036 1 36 0.450000 -0.440683 -0.483063 1.219742 1.219038 5.800123 613.000000 246.000000
02 037 1 37 1.050000 -0.078354 -0.055220 1.203057 1.202339 6.227965 709.000000 251.000000
02 038 1 38 0.600000 -0.516679 -0.697021 1.687184 1.686613 5.586164 576.000000 278.000000
02 039 1 39 0.450000 -0.214528 -0.046914 1.370000 1.369332 6.236271 710.000000 237.000000
02 040 1 40 1.150000 -0.028329 0.034812 1.770832 1.770108 0.034812 727.000000 249.000000
02 041 1 41 0.250000 -0.322290 -0.045886 1.804185 1.803507 6.237299 711.000000 254.000000
02 042 1 42 0.300000 -0.879313 -0.081040 1.036069 1.035346 6.202145 704.000000 253.000000
02 043 1 43 0.600000 -0.302514 -0.361100 1.587119 1.586417 5.922085 649.000000 262.000000
02 044 1 44 1.700000 0.289554 0.269167 1.503675 1.502922 0.269167 776.000000 247.000000
02 045 1 45 1.000000 -0.478348 -0.456348 1.136253 1.135541 5.826837 612.000000 230.000000
02 046 1 46 1.700000 -0.763424 -0.628471 1.319943 1.319232 5.654714 587.000000 267.000000
02 047 1 47 0.650000 -0.513504 -0.453547 1.837591 1.836902 5.829638 623.000000 251.000000
02 048 1 48 1.100000 -0.282111 -0.255383 1.152933 1.152239 6.027802 667.000000 247.000000
02 049 1 49 1.000000 -0.536952 -0.366132 1.203022 1.202337 5.917054 646.000000 257.000000
02 050 1 50 0.300000 -0.132655 0.000000 1.253174 1.252435 0.000000 720.000000 231.000000
02 051 1 51 0.100000 -0.649050 0.134075 1.319913 1.319231 0.134075 749.000000 235.000000
02 052 1 52 1.500000 -0.459490 -0.484053 1.336657 1.335930 5.799132 618.000000 256.000000
02 053 1 53 1.150000 0.037542 0.145310 1.286525 1.285832 0.145310 750.000000 245.000000
02 054 1 54 0.900000 -0.289971 -0.268840 1.102843 1.102143 6.014345 666.000000 254.000000
02 055 1 55 1.350000 -0.344126 -0.375135 1.119515 1.118839 5.908050 644.000000 257.000000
02 056 1 56 0.050000 -0.357827 0.698799 1.102827 1.102144 0.698799 862.000000 281.000000
02 057 1 57 0.700000 -0.501352 -0.425040 1.019323 1.018655 5.858145 634.000000 260.000000
02 058 1 58 1.600000 -0.555366 -0.585405 1.236461 1.235736 5.697780 602.000000 272.000000
02 059 1 59 0.050000 0.003789 -0.091973 1.436825 1.436128 6.191213 701.000000 244.000000
02 060 1 60 1.350000 -0.929543 -0.837981 1.152948 1.152234 5.445204 560.000000 306.000000
02 061 2 01 0.400000 -0.131443 -0.074121 1.553716 1.553025 6.209064 705.000000 248.000000
02 062 2 02 1.600000 -0.231875 -0.345915 1.336627 1.335930 5.937270 649.000000 253.000000
02 063 2 03 0.500000 -0.540624 -0.523126 1.319794 1.319234 5.760060 611.000000 261.000000
02 064 2 04 0.700000 -0.405860 -0.492766 1.386767 1.386029 5.790420 611.000000 247.000000
02 065 2 05 1.200000 -0.998415 -0.929056 1.036078 1.035346 5.354130 538.000000 314.000000
02 066 2 06 0.750000 -0.875605 -0.952091 1.119506 1.118841 5.331094 536.000000 319.000000
02 067 2 07 0.700000 -0.683753 -0.721512 1.069474 1.068744 5.561673 581.000000 292.000000
02 068 2 08 1.050000 -0.087234 -0.108271 0.935887 0.935152 6.174915 695.000000 220.000000
02 069 2 09 0.900000 -0.536966 -0.550745 1.870856 1.870308 5.732441 607.000000 266.000000
02 070 2 10 1.200000 0.010460 0.040518 1.286483 1.285838 0.040518 729.000000 228.000000
02 071 2 11 0.500000 -0.569521 -0.353903 1.136222 1.135547 5.929282 645.000000 247.000000
02 072 2 12 1.250000 -0.302972 -0.370423 1.520301 1.519619 5.912763 640.000000 244.000000
02 073 2 13 1.000000 0.012653 0.028977 1.486912 1.486223 0.028977 726.000000 243.000000
02 074 2 14 1.750000 -0.168513 -0.223031 1.169600 1.168940 6.060154 676.000000 256.000000
02 075 2 15 1.250000 -0.219336 -0.282555 2.405383 2.404677 6.000630 648.000000 202.000000
02 076 2 16 0.150000 -1.012813 0.873693 1.637158 1.636514 0.873693 886.000000 311.000000
02 077 2 17 0.600000 -0.590239 -0.458252 1.186287 1.185638 5.824933 610.000000 227.000000
02 078 2 18 1.250000 -0.343849 -0.475817 1.219755 1.219034 5.807368 619.000000 254.000000
02 079 2 19 0.950000 -0.807841 -0.830413 1.086131 1.085445 5.452773 546.000000 291.000000
02 080 2 20 0.100000 0.183578 -0.038443 0.869068 0.868354 6.244743 711.000000 216.000000
02 081 2 21 0.200000 -0.644667 0.397213 1.186375 1.185638 0.397213 806.000000 245.000000
02 082 2 22 1.750000 -0.594301 -0.491067 1.319937 1.319233 5.792118 620.000000 263.000000
02 083 2 23 1.100000 -0.272216 -0.347156 1.871058 1.870303 5.936029 648.000000 251.000000
02 084 2 24 0.700000 -0.599621 -0.358231 1.303304 1.302533 5.924955 644.000000 247.000000
02 085 2 25 0.150000 -0.331262 -0.009259 1.119619 1.118843 6.273926 718.000000 234.000000
02 086 2 26 0.050000 0.165389 -0.094061 0.952389 0.951854 6.189124 700.000000 238.000000
02 087 2 27 0.550000 -0.689872 -0.510648 1.286547 1.285834 5.772538 613.000000 259.000000
02 088 2 28 0.750000 -0.354032 -0.373556 1.002663 1.001948 5.909629 642.000000 251.000000
02 089 2 29 0.650000 -0.302161 -0.317198 1.353339 1.352633 5.965987 655.000000 252.000000
02 090 2 30 1.200000 0.584339 0.329624 1.219785 1.219037 0.329624 798.000000 222.000000
02 091 2 31 1.500000 -0.725584 -0.463648 1.169489 1.168939 5.819538 616.000000 242.000000
02 092 2 32 1.450000 -0.165597 -0.124950 1.386737 1.386024 6.158236 694.000000 243.000000
02 093 2 33 1.550000 0.114226 0.074424 1.319875 1.319233 0.074424 737.000000 222.000000
02 094 2 34 1.300000 -0.442851 -0.353640 1.403323 1.402725 5.929545 641.000000 236.000000
02 095 2 35 1.750000 -0.340878 -0.259989 1.069407 1.068745 6.023196 666.000000 247.000000
02 096 2 36 0.800000 -0.348550 -0.328020 1.286555 1.285833 5.955165 655.000000 259.000000
02 097 2 37 0.050000 -0.742573 0.384809 1.236425 1.235736 0.384809 801.000000 250.000000
02 098 2 38 1.250000 -0.384802 -0.307623 1.152784 1.152244 5.975563 659.000000 258.000000
02 099 2 39 1.150000 -0.171889 -0.096474 1.286585 1.285833 6.186712 699.000000 233.000000
02 100 2 40 1.600000 -0.697374 -0.408255 1.119587 1.118841 5.874930 627.000000 235.000000
02 101 2 41 0.200000 0.298584 -0.009804 1.336605 1.335931 6.273382 718.000000 246.000000
02 102 2 42 0.000000 -0.490981 0.267540 1.002691 1.001948 0.267540 774.000000 253.000000
02 103 2 43 0.500000 -0.611870 -0.483612 0.752179 0.751462 5.799574 595.000000 212.000000
02 104 2 44 0.550000 0.106926 0.473451 1.486866 1.486220 0.473451 824.000000 247.000000
02 105 2 45 0.850000 -0.861592 -0.685429 1.453500 1.452830 5.597757 572.000000 269.000000
02 106 2 46 1.000000 -0.210550 -0.171760 0.935853 0.935151 6.111425 686.000000 254.000000
02 107 2 47 1.100000 -0.437235 -0.390345 1.587201 1.586418 5.892840 641.000000 258.000000
02 108 2 48 0.400000 -0.472337 -0.231616 1.971197 1.970498 6.051569 670.000000 238.000000
02 109 2 49 0.250000 0.472902 0.365067 1.169597 1.168938 0.365067 793.000000 259.000000
02 110 2 50 0.550000 -0.475196 -0.305879 1.086202 1.085438 5.977306 660.000000 260.000000
02 111 2 51 0.450000 -0.574025 0.333762 0.985996 0.985247 0.333762 789.000000 251.000000
02 112 2 52 1.600000 -0.188609 -0.317996 1.203056 1.202341 5.965189 641.000000 210.000000
02 113 2 53 0.900000 0.497348 0.294498 1.303216 1.302533 0.294498 784.000000 239.000000
02 114 2 54 1.650000 -0.030965 0.034870 2.171634 2.170887 0.034870 729.000000 192.000000
02 115 2 55 1.350000 -0.288419 -0.266252 1.804234 1.803505 6.016933 660.000000 230.000000
02 116 2 56 0.550000 -0.533938 -0.418224 1.119568 1.118842 5.864961 620.000000 225.000000
02 117 2 57 0.900000 -0.584170 -0.489672 1.603825 1.603118 5.793513 623.000000 268.000000
02 118 2 58 0.900000 -0.731180 -0.600855 1.570396 1.569718 5.682330 598.000000 272.000000
02 119 2 59 1.000000 -0.217605 -0.215068 1.136230 1.135543 6.068117 675.000000 244.000000
02 120 2 60 0.100000 -0.322943 0.168883 1.136254 1.135542 0.168883 757.000000 233.000000
02 121 3 01 0.150000 0.103850 0.372988 1.069448 1.068746 0.372988 792.000000 266.000000
02 122 3 02 0.100000 -0.666861 -0.371152 1.169640 1.168936 5.912033 648.000000 265.000000
02 123 3 03 0.300000 0.206655 0.419720 0.969279 0.968549 0.419720 803.000000 264.000000
02 124 3 04 1.300000 -0.340968 -0.299246 1.102832 1.102139 5.983939 662.000000 262.000000
02 125 3 05 1.300000 0.038287 0.034300 1.303243 1.302533 0.034300 727.000000 246.000000
02 126 3 06 0.950000 -0.743868 -0.692573 1.319924 1.319234 5.590613 569.000000 268.000000
02 127 3 07 1.650000 -0.456553 -0.453844 1.720745 1.720011 5.829341 620.000000 245.000000
02 128 3 08 1.650000 -0.653723 -0.610998 1.570470 1.569719 5.672188 547.000000 203.000000
02 129 3 09 0.600000 -0.198932 -0.009662 0.952630 0.951851 6.273524 718.000000 243.000000
02 130 3 10 0.950000 -0.685602 -0.704326 1.219792 1.219036 5.578859 573.000000 277.000000
02 131 3 11 1.600000 -0.124166 -0.046695 0.952607 0.951848 6.236490 710.000000 236.000000
02 132 3 12 0.450000 -0.352644 -0.004950 0.952582 0.951854 6.278235 719.000000 248.000000
02 133 3 13 0.150000 -0.039468 0.484880 0.785591 0.784860 0.484880 828.000000 245.000000
02 134 3 14 0.200000 -0.360491 -0.009756 1.036062 1.035346 6.273430 718.000000 245.000000
02 135 3 15 0.750000 -0.065221 -0.034469 1.002617 1.001948 6.248716 713.000000 247.000000
02 136 3 16 0.250000 -0.778001 -0.012244 2.171613 2.170887 6.270941 717.000000 205.000000
02 137 3 17 1.600000 -0.182847 -0.207704 0.919147 0.918453 6.075481 669.000000 208.000000
02 138 3 18 0.400000 -0.805325 -0.047175 1.436697 1.436126 6.236010 709.000000 217.000000
02 139 3 19 1.400000 -0.251505 -0.312788 1.253171 1.252436 5.970397 644.000000 215.000000
02 140 3 20 1.500000 -0.349259 -0.324763 1.086166 1.085446 5.958423 653.000000 251.000000
02 141 3 21 1.500000 0.252120 0.202929 1.202994 1.202337 0.202929 770.000000 207.000000
02 142 3 22 0.250000 -0.631379 -0.043797 1.503626 1.502923 6.239389 709.000000 199.000000
02 143 3 23 0.250000 -0.605498 0.025449 1.904423 1.903702 0.025449 727.000000 175.000000
02 144 3 24 0.400000 -0.408342 -0.750269 1.653888 1.653214 5.532916 569.000000 288.000000
02 145 3 25 0.900000 -0.102331 0.022219 1.269824 1.269135 0.022219 726.000000 180.000000
02 146 3 26 1.650000 -0.675994 -0.598598 1.119564 1.118844 5.684587 602.000000 277.000000
02 147 3 27 1.700000 0.310350 0.285118 1.403393 1.402727 0.285118 788.000000 218.000000
02 148 3 28 0.000000 -0.889573 0.082066 1.052755 1.052046 0.082066 739.000000 219.000000
02 149 3 29 0.800000 -0.521873 -0.477345 0.802263 0.801558 5.805840 615.000000 247.000000
02 150 3 30 1.400000 -0.331186 -0.295622 1.069462 1.068745 5.987564 653.000000 230.000000
02 151 3 31 1.350000 -0.086435 -0.166478 1.169696 1.168941 6.116708 679.000000 206.000000
02 152 3 32 1.150000 -0.138472 -0.060957 1.002614 1.001948 6.222228 707.000000 237.000000
02 153 3 33 0.600000 -0.711678 0.008695 0.885737 0.885055 0.008695 722.000000 220.000000
02 154 3 34 0.300000 -0.358392 -0.817235 1.369999 1.369329 5.465951 558.000000 298.000000
02 155 3 35 0.400000 -0.536881 -0.594298 1.019414 1.018648 5.688887 572.000000 231.000000
02 156 3 36 1.350000 -0.689323 -0.588003 0.869022 0.868354 5.695183 602.000000 273.000000
02 157 3 37 0.600000 0.129866 0.384919 1.169693 1.168940 0.384919 799.000000 255.000000
02 158 3 38 1.250000 0.022176 0.098735 0.935829 0.935152 0.098735 741.000000 238.000000
02 159 3 39 0.350000 -0.138140 -0.560193 0.835684 0.834963 5.722992 614.000000 281.000000
02 160 3 40 1.450000 -0.122440 -0.233095 0.802231 0.801561 6.050091 654.000000 172.000000
02 161 3 41 0.100000 -0.327018 -0.644385 0.902466 0.901754 5.638801 584.000000 269.000000
02 162 3 42 1.600000 -0.667834 -0.548160 1.169598 1.168950 5.735025 593.000000 242.000000
02 163 3 43 1.550000 -0.022473 -0.068076 0.885764 0.885054 6.215109 705.000000 230.000000
02 164 3 44 1.300000 -0.705846 -0.743756 0.919113 0.918458 5.539430 559.000000 275.000000
02 165 3 45 0.350000 -0.382139 0.136792 0.852347 0.851656 0.136792 754.000000 203.000000
02 166 3 46 0.850000 -0.397500 -0.491067 1.052795 1.052047 5.792118 620.000000 263.000000
02 167 3 47 0.200000 -0.848747 0.234821 0.802203 0.801563 0.234821 770.000000 241.000000
02 168 3 48 0.500000 -0.131242 -0.507099 0.985787 0.985253 5.776087 615.000000 261.000000
02 169 3 49 1.750000 -0.615128 -0.501746 1.002659 1.001948 5.781440 624.000000 275.000000
02 170 3 50 1.350000 -0.570373 -0.472697 1.737253 1.736708 5.810488 630.000000 274.000000
02 171 3 51 0.800000 -0.721655 -0.555494 1.086119 1.085444 5.727692 612.000000 276.000000
02 172 3 52 1.400000 -0.692190 -0.477481 1.319903 1.319231 5.805705 616.000000 249.000000
02 173 3 53 0.450000 0.278764 -0.141255 1.052795 1.052047 6.141931 689.000000 232.000000
02 174 3 54 0.950000 -0.502511 -0.450936 0.852385 0.851656 5.832249 628.000000 260.000000
02 175 3 55 0.150000 0.006478 -0.064169 1.370008 1.369328 6.219016 704.000000 201.000000
02 176 3 56 0.850000 -0.189073 -0.215358 1.119392 1.118848 6.067828 671.000000 226.000000
02 177 3 57 1.350000 -0.426342 -0.386133 1.002492 1.001953 5.897052 633.000000 236.000000
02 178 3 58 0.850000 -0.085028 -0.123136 0.802306 0.801559 6.160049 695.000000 248.000000
02 179 3 59 1.100000 -0.896769 -0.676915 0.985962 0.985250 5.606270 585.000000 282.000000
02 180 3 60 0.650000 0.325725 0.416358 1.002588 1.001948 0.416358 808.000000 251.000000
02 181 4 01 0.950000 -0.697220 -0.365396 1.086162 1.085445 5.917789 619.000000 186.000000
02 182 4 02 1.500000 -0.594455 -0.421284 1.136206 1.135539 5.861902 625.000000 238.000000
02 183 4 03 1.100000 -0.534631 -0.382744 1.019324 1.018648 5.900442 627.000000 219.000000
02 184 4 04 1.550000 0.408359 0.305666 1.152944 1.152242 0.305666 791.000000 225.000000
02 185 4 05 0.650000 -0.755385 -0.393240 0.952535 0.951852 5.889946 625.000000 221.000000
02 186 4 06 0.200000 -0.635878 -0.744880 1.119590 1.118843 5.538305 578.000000 296.000000
02 187 4 07 0.800000 -0.188611 -0.060229 0.802330 0.801559 6.222957 708.000000 251.000000
02 188 4 08 1.550000 -0.165475 -0.268256 1.119532 1.118846 6.014929 662.000000 239.000000
02 189 4 09 1.500000 -0.660396 -0.445394 0.919222 0.918449 5.837791 625.000000 251.000000
02 190 4 10 1.500000 -0.033830 0.004902 0.919126 0.918453 0.004902 721.000000 246.000000
02 191 4 11 0.300000 -0.609973 0.101689 1.136263 1.135541 0.101689 750.000000 156.000000
02 192 4 12 0.550000 -0.701159 -0.037271 1.136227 1.135541 6.245914 709.000000 155.000000
02 193 4 13 0.300000 -0.264149 -0.707188 1.136254 1.135541 5.575997 573.000000 278.000000
02 194 4 14 0.400000 -0.739326 -0.541024 0.869036 0.868357 5.742161 574.000000 207.000000
02 195 4 15 0.300000 -0.208823 -0.634023 0.852359 0.851655 5.649163 595.000000 280.000000
02 196 4 16 0.150000 0.111231 -0.497343 0.835650 0.834957 5.785843 625.000000 275.000000
02 197 4 17 1.350000 -0.582308 -0.459757 0.685399 0.684668 5.823429 618.000000 244.000000
02 198 4 18 1.150000 -0.381987 -0.428778 0.985999 0.985249 5.854407 624.000000 240.000000
02 199 4 19 0.900000 0.116538 0.214884 0.835681 0.834956 0.214884 775.000000 198.000000
02 200 4 20 1.400000 0.030231 0.049605 0.735449 0.734763 0.049605 734.000000 168.000000
02 201 4 21 0.150000 -0.429328 -0.523605 0.768855 0.768161 5.759580 567.000000 185.000000
02 202 4 22 1.100000 0.060496 0.051150 0.635285 0.634566 0.051150 735.000000 157.000000
02 203 4 23 0.600000 -0.255882 -0.335324 0.468239 0.467578 5.947861 628.000000 186.000000
02 204 4 24 1.500000 -0.702963 -0.696298 0.535111 0.534372 5.586888 562.000000 261.000000
02 205 4 25 1.400000 0.437657 0.486899 0.384785 0.384079 0.486899 810.000000 280.000000
02 206 4 26 0.650000 -0.529121 -0.523640 1.019373 1.018649 5.759545 582.000000 211.000000
02 207 4 27 1.000000 0.012181 0.093926 0.484814 0.484281 0.093926 746.000000 174.000000
02 208 4 28 0.350000 -0.033777 -0.509592 0.752008 0.751466 5.773593 606.000000 246.000000
02 209 4 29 1.200000 -0.823350 -0.647591 0.568499 0.567771 5.635594 543.000000 216.000000
02 210 4 30 0.400000 -0.055425 0.076772 0.618564 0.617869 0.076772 743.000000 151.000000
02 211 4 31 1.150000 -0.630008 -0.556599 0.535038 0.534373 5.726586 552.000000 180.000000
02 212 4 32 0.800000 -0.520682 -0.581038 0.618615 0.617869 5.702148 567.000000 217.000000
02 213 4 33 0.900000 -0.395467 -0.531724 0.484954 0.484275 5.751461 590.000000 229.000000
02 214 4 34 0.050000 -0.346374 0.689277 1.470276 1.469524 0.689277 884.000000 251.000000
02 215 4 35 1.450000 -0.373152 -0.290542 0.802284 0.801559 5.992643 630.000000 149.000000
02 216 4 36 0.450000 -0.738543 -0.648642 0.568548 0.567771 5.634543 579.000000 264.000000
02 217 4 37 1.200000 -0.114551 -0.059253 0.585195 0.584471 6.223933 706.000000 214.000000
02 218 4 38 1.700000 -0.835557 -0.654498 0.551762 0.551072 5.628687 565.000000 248.000000
02 219 4 39 0.700000 0.332552 0.455835 0.535067 0.534377 0.455835 846.000000 193.000000
02 220 4 40 1.650000 -0.212569 -0.229440 0.518441 0.517673 6.053745 649.000000 146.000000
02 221 4 41 1.400000 -0.860964 -0.719213 0.985977 0.985249 5.563973 558.000000 265.000000
02 222 4 42 0.850000 -0.598468 -0.607953 0.785418 0.784862 5.675232 585.000000 256.000000
02 223 4 43 0.200000 -0.895334 -0.354158 0.568513 0.567768 5.929027 632.000000 212.000000
02 224 4 44 1.400000 -0.582330 -0.461732 1.052819 1.052041 5.821453 616.000000 241.000000
02 225 4 45 1.450000 -0.152584 -0.160577 0.635326 0.634568 6.122608 674.000000 166.000000
02 226 4 46 1.100000 -0.010465 0.023644 0.652003 0.651274 0.023644 727.000000 154.000000
02 227 4 47 1.100000 -0.988741 -0.816444 0.518404 0.517673 5.466741 554.000000 294.000000
02 228 4 48 1.150000 0.100532 0.242333 1.102788 1.102150 0.242333 786.000000 183.000000
02 229 4 49 1.250000 -0.361027 -0.191788 1.119569 1.118842 6.091397 680.000000 244.000000
02 230 4 50 1.300000 -0.302897 -0.224347 0.718765 0.718062 6.058839 652.000000 152.000000
02 231 4 51 0.700000 -0.251814 -0.439843 0.585168 0.584469 5.843343 584.000000 161.000000
02 232 4 52 1.050000 0.294789 0.359814 1.186383 1.185639 0.359814 799.000000 240.000000
02 233 4 53 1.550000 -0.514574 -0.355858 0.651980 0.651270 5.927327 636.000000 224.000000
02 234 4 54 0.800000 -0.434485 -0.442374 0.785587 0.784859 5.840811 630.000000 260.000000
02 235 4 55 0.800000 -0.381786 -0.437510 0.818956 0.818257 5.845676 633.000000 264.000000
02 236 4 56 1.050000 -0.652683 -0.539653 0.819024 0.818257 5.743532 605.000000 258.000000
02 237 4 57 0.750000 0.099489 0.074121 0.802205 0.801553 0.074121 735.000000 248.000000
02 238 4 58 0.400000 -0.382700 0.008032 1.186301 1.185638 0.008032 722.000000 201.000000
02 239 4 59 0.300000 -0.485231 -0.029731 0.852324 0.851655 6.253454 712.000000 181.000000
02 240 4 60 0.450000 -0.701560 -0.758083 1.453585 1.452825 5.525103 542.000000 262.000000
02 241 5 01 1.200000 -0.593179 -0.459867 0.919124 0.918449 5.823318 615.000000 238.000000
02 242 5 02 0.350000 0.063198 0.423072 0.919110 0.918452 0.423072 806.000000 259.000000
02 243 5 03 0.900000 -0.284180 -0.217732 1.353352 1.352636 6.065454 670.000000 224.000000
02 244 5 04 0.900000 -0.927878 -0.698030 0.601910 0.601171 5.585155 595.000000 301.000000
02 245 5 05 1.000000 -0.352225 -0.168296 0.986015 0.985249 6.114890 685.000000 244.000000
02 246 5 06 1.600000 -0.224348 -0.341122 1.152986 1.152240 5.942063 649.000000 250.000000
02 247 5 07 1.300000 -0.352013 -0.238075 0.785566 0.784856 6.045110 662.000000 211.000000
02 248 5 08 0.750000 -0.453560 -0.339293 1.036032 1.035347 5.943893 642.000000 229.000000
02 249 5 09 0.600000 -0.748450 -0.414352 0.952614 0.951850 5.868834 625.000000 234.000000
02 250 5 10 1.750000 -0.451107 -0.424064 1.086149 1.085443 5.859121 627.000000 244.000000
02 251 5 11 0.300000 0.175636 0.076493 1.002674 1.001959 0.076493 741.000000 176.000000
02 252 5 12 1.050000 0.081675 0.231338 1.236473 1.235734 0.231338 773.000000 225.000000
02 253 5 13 1.750000 -0.634724 -0.545064 1.069511 1.068746 5.738121 586.000000 229.000000
02 254 5 14 0.200000 -0.585590 0.302235 0.835705 0.834957 0.302235 802.000000 187.000000
02 255 5 15 1.300000 -0.589795 -0.574939 0.985992 0.985252 5.708246 593.000000 254.000000
02 256 5 16 1.350000 -0.365016 -0.382696 0.752165 0.751463 5.900489 625.000000 214.000000
02 257 5 17 1.450000 -0.003005 -0.012986 1.136305 1.135540 6.270199 717.000000 219.000000
02 258 5 18 0.400000 -0.617103 -0.015074 1.436852 1.436125 6.268111 717.000000 251.000000
02 259 5 19 1.450000 -0.572483 -0.467245 0.969251 0.968551 5.815941 608.000000 228.000000
02 260 5 20 1.700000 -0.655164 -0.571122 1.119508 1.118844 5.712063 569.000000 215.000000
02 261 5 21 0.950000 -0.816058 -0.648873 1.102827 1.102144 5.634313 585.000000 272.000000
02 262 5 22 0.150000 -0.012368 -0.063639 1.052753 1.052046 6.219546 707.000000 246.000000
02 263 5 23 0.650000 -0.659122 -0.596326 0.819035 0.818258 5.686859 589.000000 257.000000
02 264 5 24 0.050000 -0.010560 0.348771 0.885714 0.885055 0.348771 792.000000 252.000000
02 265 5 25 0.850000 -0.372384 -0.215642 1.102836 1.102143 6.067544 674.000000 240.000000
02 266 5 26 1.650000 -0.288407 -0.342397 1.186374 1.185638 5.940789 648.000000 248.000000
02 267 5 27 0.550000 -0.117296 -0.121465 0.802306 0.801558 6.161720 694.000000 237.000000
02 268 5 28 1.600000 -0.132131 -0.150371 1.587143 1.586418 6.132814 685.000000 219.000000
02 269 5 29 1.550000 -0.010394 -0.049958 1.286575 1.285831 6.233227 709.000000 230.000000
02 270 5 30 0.250000 0.191226 -0.029906 1.002592 1.001949 6.253280 713.000000 216.000000
02 271 5 31 0.350000 -0.185299 -0.216874 1.119604 1.118843 6.066312 668.000000 214.000000
02 272 5 32 0.050000 -0.137008 -0.035383 1.052795 1.052046 6.247802 712.000000 224.000000
02 273 5 33 1.600000 -0.244813 -0.221650 1.169664 1.168940 6.061536 672.000000 237.000000
02 274 5 34 1.200000 -0.724528 -0.693010 1.336683 1.335927 5.590175 578.000000 279.000000
02 275 5 35 1.150000 -0.359843 -0.368591 1.052591 1.052048 5.914594 647.000000 261.000000
02 276 5 36 1.050000 -0.190522 -0.162277 1.403452 1.402727 6.120908 683.000000 224.000000
02 277 5 37 0.750000 -0.579853 -0.437791 0.885798 0.885055 5.845394 610.000000 215.000000
02 278 5 38 0.850000 -0.679708 -0.685387 1.269830 1.269133 5.597798 590.000000 291.000000
02 279 5 39 0.700000 -0.523830 -0.456213 1.119594 1.118843 5.826973 614.000000 234.000000
02 280 5 40 0.100000 0.439746 0.412410 0.952526 0.951852 0.412410 818.000000 226.000000
02 281 5 41 1.750000 -0.458891 -0.443848 0.869116 0.868356 5.839337 623.000000 246.000000
02 282 5 42 1.650000 -0.772135 -0.728855 1.403479 1.402723 5.554331 570.000000 282.000000
02 283 5 43 0.250000 -0.671957 0.284918 1.203038 1.202337 0.284918 790.000000 211.000000
02 284 5 44 1.500000 0.141562 0.185072 1.403428 1.402726 0.185072 761.000000 231.000000
02 285 5 45 1.100000 -0.159810 -0.027643 0.818940 0.818258 6.255543 714.000000 233.000000
02 286 5 46 1.700000 -0.042906 0.029652 0.802292 0.801558 0.029652 727.000000 214.000000
02 287 5 47 0.600000 -0.758428 -0.513320 0.852366 0.851658 5.769865 605.000000 246.000000
02 288 5 48 0.850000 -0.571691 -0.645426 1.353316 1.352631 5.637759 595.000000 284.000000
02 289 5 49 1.650000 -0.579521 -0.488934 1.052702 1.052051 5.794251 612.000000 247.000000
02 290 5 50 0.050000 -0.563501 0.370520 0.969083 0.968555 0.370520 821.000000 190.000000
02 291 5 51 0.400000 0.034612 -0.455451 1.319925 1.319234 5.827734 624.000000 254.000000
02 292 5 52 1.200000 -0.409181 -0.428538 1.520359 1.519622 5.854647 630.000000 253.000000
02 293 5 53 0.200000 -0.453502 -0.038987 1.453570 1.452823 6.244198 709.000000 168.000000
02 294 5 54 1.150000 -0.517116 -0.301449 1.370083 1.369329 5.981737 646.000000 212.000000
02 295 5 55 0.000000 -0.137108 0.008474 1.219572 1.219041 0.008474 722.000000 214.000000
02 296 5 56 0.150000 -0.513156 -0.053330 0.902478 0.901754 6.229855 705.000000 169.000000
02 297 5 57 0.550000 -0.474298 -0.076406 0.818935 0.818257 6.206779 704.000000 241.000000
02 298 5 58 0.500000 -0.163533 -0.279859 0.651955 0.651267 6.003326 647.000000 196.000000
02 299 5 59 1.550000 0.192670 0.125464 0.969264 0.968552 0.125464 748.000000 228.000000
02 300 5 60 0.450000 -0.532816 -0.114877 1.052719 1.052045 6.168309 693.000000 216.000000
02 301 6 01 0.650000 -0.014280 0.081636 1.119531 1.118841 0.081636 738.000000 230.000000
02 302 6 02 1.250000 -0.814378 -0.469911 1.236443 1.235734 5.813275 623.000000 259.000000
02 303 6 03 1.450000 -0.579008 -0.404892 1.086145 1.085444 5.878294 642.000000 268.000000
02 304 6 04 0.100000 -0.762243 0.433296 0.835626 0.834958 0.433296 819.000000 236.000000
02 305 6 05 1.500000 0.127550 0.169347 0.986007 0.985249 0.169347 753.000000 257.000000
02 306 6 06 1.350000 -0.494891 -0.380506 1.119570 1.118842 5.902679 626.000000 215.000000
02 307 6 07 1.750000 -0.705768 -0.525244 1.152996 1.152239 5.757942 618.000000 274.000000
02 308 6 08 0.750000 -0.289528 -0.125727 0.702069 0.701363 6.157458 686.000000 181.000000
02 309 6 09 0.500000 -0.441371 0.004348 0.618598 0.617868 0.004348 721.000000 220.000000
02 310 6 10 0.750000 -0.694108 -0.537108 0.952621 0.951851 5.746077 614.000000 272.000000
02 311 6 11 1.450000 -0.861266 -0.661808 0.752132 0.751457 5.621378 579.000000 269.000000
02 312 6 12 0.000000 -0.156542 0.543298 0.702046 0.701363 0.543298 874.000000 195.000000
02 313 6 13 0.750000 -0.188249 -0.099316 1.253115 1.252435 6.183869 692.000000 169.000000
02 314 6 14 1.050000 -0.771722 -0.747822 1.086077 1.085442 5.535363 528.000000 243.000000
02 315 6 15 1.650000 -0.534045 -0.433581 0.752168 0.751467 5.849604 620.000000 234.000000
02 316 6 16 0.550000 -0.166839 0.004651 1.336666 1.335931 0.004651 721.000000 235.000000
02 317 6 17 0.500000 -0.809857 -0.383740 0.952537 0.951850 5.899445 634.000000 237.000000
02 318 6 18 0.050000 -0.505621 0.009009 0.885702 0.885052 0.009009 722.000000 228.000000
02 319 6 19 0.200000 -0.268887 -0.217345 0.919160 0.918454 6.065840 667.000000 210.000000
02 320 6 20 1.400000 -0.507149 -0.400241 1.336578 1.335927 5.882945 610.000000 190.000000
02 321 6 21 1.050000 0.337625 0.177162 1.052769 1.052046 0.177162 761.000000 221.000000
02 322 6 22 0.850000 -0.195308 -0.054990 0.785587 0.784860 6.228195 708.000000 232.000000
02 323 6 23 0.050000 0.100766 0.004425 1.253090 1.252436 0.004425 721.000000 224.000000
02 324 6 24 0.650000 -0.441111 -0.171149 0.869045 0.868356 6.112037 678.000000 207.000000
02 325 6 25 1.000000 -0.109237 0.046841 0.752166 0.751462 0.046841 732.000000 194.000000
02 326 6 26 1.750000 -0.367741 -0.273188 0.885771 0.885052 6.009997 662.000000 243.000000
02 327 6 27 0.750000 -0.717243 -0.608460 0.985925 0.985250 5.674725 596.000000 272.000000
02 328 6 28 0.100000 -0.695963 -0.007782 0.768900 0.768160 6.275403 718.000000 193.000000
02 329 6 29 0.000000 -0.335957 -0.096637 1.119552 1.118842 6.186548 701.000000 254.000000
02 330 6 30 0.000000 -0.035089 -0.430991 0.718817 0.718063 5.852194 617.000000 226.000000
02 331 6 31 0.500000 -0.193727 -0.465524 0.735514 0.734762 5.817662 613.000000 237.000000
02 332 6 32 0.000000 -0.517887 -0.078542 0.718600 0.718060 6.204644 703.000000 234.000000
02 333 6 33 1.250000 -0.029759 -0.059045 1.269850 1.269134 6.224141 708.000000 247.000000
02 334 6 34 0.300000 -0.556254 -0.046299 1.069456 1.068745 6.236886 708.000000 191.000000
02 335 6 35 1.200000 -0.339770 -0.345390 1.403428 1.402728 5.937795 643.000000 236.000000
02 336 6 36 0.650000 -0.434851 -0.368916 1.186403 1.185640 5.914269 616.000000 181.000000
02 337 6 37 1.250000 -0.294339 -0.376490 1.036069 1.035348 5.906695 635.000000 235.000000
02 338 6 38 0.800000 -0.731686 -0.534806 1.453561 1.452823 5.748379 611.000000 266.000000
02 339 6 39 1.450000 -0.477914 -0.372236 1.052790 1.052046 5.910949 622.000000 199.000000
02 340 6 40 0.550000 -0.840306 -0.508133 1.036013 1.035346 5.775052 583.000000 204.000000
02 341 6 41 0.950000 -0.290080 -0.345723 0.952606 0.951850 5.937462 644.000000 239.000000
02 342 6 42 1.300000 -0.729921 -0.620591 1.152940 1.152241 5.662594 522.000000 173.000000
02 343 6 43 0.000000 -0.627669 0.394451 0.819014 0.818258 0.394451 807.000000 241.000000
02 344 6 44 1.400000 -0.268737 -0.339059 0.885802 0.885055 5.944126 641.000000 226.000000
02 345 6 45 0.150000 -0.240741 0.132116 0.902385 0.901753 0.132116 760.000000 149.000000
02 346 6 46 0.250000 0.181860 0.407956 0.952385 0.951855 0.407956 822.000000 214.000000
02 347 6 47 1.700000 -0.513655 -0.476069 0.902417 0.901754 5.807116 621.000000 258.000000
02 348 6 48 0.200000 -0.778656 0.124853 0.885715 0.885054 0.124853 751.000000 203.000000
02 349 6 49 0.350000 -0.352791 0.038309 0.702010 0.701363 0.038309 731.000000 163.000000
02 350 6 50 1.700000 -0.349477 -0.371355 0.768834 0.768159 5.911830 639.000000 242.000000
02 351 6 51 1.000000 -0.321496 -0.288650 0.819015 0.818257 5.994535 652.000000 221.000000
02 352 6 52 1.700000 -0.882873 -0.563547 0.902407 0.901758 5.719638 514.000000 124.000000
02 353 6 53 0.450000 -0.496312 0.102762 0.919129 0.918454 0.102762 753.000000 130.000000
02 354 6 54 0.100000 -0.494137 0.342397 0.752173 0.751462 0.342397 792.000000 248.000000
02 355 6 55 1.550000 -0.715140 -0.598419 0.935875 0.935152 5.684766 540.000000 186.000000
02 356 6 56 1.050000 -0.608441 -0.623909 0.869081 0.868355 5.659276 553.000000 218.000000
02 357 6 57 1.300000 -0.443009 -0.521932 0.869114 0.868354 5.761254 609.000000 257.000000
02 358 6 58 0.700000 0.117835 0.150236 0.869061 0.868355 0.150236 753.000000 232.000000
02 359 6 59 1.300000 -0.884811 -0.708133 0.819003 0.818258 5.575052 577.000000 283.000000
02 360 6 60 0.700000 -0.045913 -0.010050 0.969232 0.968551 6.273135 718.000000 251.000000
02 000 0 01 -99.000000 -99.000000 -0.077664 2.238373 2.237682 6.205521 700.000000 193.000000
02 000 0 02 -99.000000 -99.000000 0.647550 1.704011 1.703311 0.647550 869.000000 253.000000
02 000 0 03 -99.000000 -99.000000 -0.105080 0.985962 0.985249 6.178105 693.000000 194.000000
02 000 0 04 -99.000000 -99.000000 -1.067785 0.885759 0.885055 5.215400 491.000000 324.000000
02 000 0 05 -99.000000 -99.000000 -0.546360 0.785564 0.784861 5.736825 585.000000 228.000000
02 000 0 06 -99.000000 -99.000000 -0.866453 0.869008 0.868352 5.416733 527.000000 286.000000
02 000 0 07 -99.000000 -99.000000 0.000000 0.001649 -1.035344 0.000000 720.000000 450.000000
02 000 0 08 -99.000000 -99.000000 -0.285368 1.152794 1.152245 5.997817 627.000000 133.000000
02 000 0 09 -99.000000 -99.000000 0.284957 0.618576 0.617869 0.284957 778.000000 252.000000
02 000 0 10 -99.000000 -99.000000 -1.570796 1.152998 1.152240 4.712389 506.000000 587.000000
02 000 0 11 -99.000000 -99.000000 -0.027020 0.702067 0.701365 6.256165 712.000000 154.000000
02 000 0 12 -99.000000 -99.000000 0.550676 0.568404 0.567772 0.550676 825.000000 279.000000
02 000 0 13 -99.000000 -99.000000 -0.709094 0.585201 0.584471 5.574091 569.000000 274.000000
02 000 0 14 -99.000000 -99.000000 -1.283858 0.835677 0.834957 4.999328 476.000000 378.000000
02 000 0 15 -99.000000 -99.000000 -0.936414 0.802255 0.801556 5.346772 508.000000 294.000000
