  4   1 0 43 2 2 LL 1  4  5  5  4 1 1 17.095277 0 0 2272.380302 2272.881273 2272.881273 2272.881273 2274.885166 2291.980442 0 C 
  4   2 0 44 3 1 HN 0  5  5  2  5 0 1 6.351966 0 0 2293.254212 2293.755178 2293.755178 2293.755178 2295.759076 2302.111043 0 C 
  4   3 0 45 1 2 NL 0  5  5  5  4 1 0 10.786912 0 0 2303.373885 2303.874851 2303.874851 2303.874851 2305.878748 2316.665660 0 E 
  4   4 0 46 1 1 NN 0  5  6  5  6 0 1 11.016850 0 0 2317.935529 2318.436489 2318.436489 2318.436489 2320.440388 2331.457237 0 C 
  4   5 0 47 1 2 NL 0  5  6  5  5 0 1 9.157499 0 0 2332.730953 2333.231918 2333.231918 2333.231918 2335.235815 2344.393315 0 C 
  4   6 0 48 2 2 LL 1  6  4  5  5 1 1 3.398961 0 0 2345.656075 2346.157045 2346.157045 2346.157045 2348.160946 2351.559908 0 C 
  4   7 0 49 2 2 LL 1  5  4  4  5 1 1 2.082621 0 0 2352.820006 2353.320972 2353.320972 2353.320972 2355.324866 2357.407487 0 C 
  4   8 0 50 2 1 LN 0  4  4  5  4 1 0 1.926931 0 0 2358.681396 2359.182365 2359.182365 2359.182365 2361.186261 2363.113191 0 E 
  4   9 0 51 2 3 LH 1  5  4  6  7 1 1 1.992841 0 0 2364.375801 2364.876766 2364.876766 2364.876766 2366.880663 2368.873504 0 C 
  4  10 0 52 1 3 NH 0  5  6  5  9 0 1 3.702606 0 0 2370.137002 2370.637971 2370.637971 2370.637971 2372.641863 2376.344468 0 C 
  4  11 0 53 3 2 HL 1  6  6  9  5 1 1 1.581677 0 0 2377.618216 2378.119176 2378.119176 2378.119176 2380.123072 2381.704749 0 C 
  4  12 0 54 2 2 LL 1  6  4  5  5 1 1 1.787924 0 0 2382.978630 2383.479596 2383.479596 2383.479596 2385.483493 2387.271416 0 C 
  4  13 0 55 3 2 HL 1  4  6  1  5 1 1 1.190031 0 0 2388.539438 2389.040408 2389.040408 2389.040408 2391.044302 2392.234334 0 C 
  4  14 0 56 1 1 NN 0  6  6  6  6 0 1 4.275822 0 0 2393.499081 2394.000047 2394.000047 2394.000047 2396.003943 2400.279765 0 C 
  4  15 0 57 2 1 LN 0  6  4  5  4 0 1 2.629498 0 0 2401.548071 2402.049028 2402.049028 2402.049028 2404.052926 2406.682425 0 C 
  4  16 0 58 3 3 HH 1  5  6  2  3 1 1 1.459400 0 0 2407.943824 2408.444794 2408.444794 2408.444794 2410.448689 2411.908089 0 C 
  4  17 0 59 3 3 HH 1  4  4  7  7 1 1 2.277573 0 0 2413.170654 2413.671620 2413.671620 2413.671620 2415.675517 2417.953090 0 C 
  4  18 0 60 2 3 LH 1  6  5  5  2 1 1 6.683179 0 0 2419.215742 2419.716706 2419.716706 2419.716706 2421.720601 2428.403781 0 C 
  4  19 1  1 2 2 LL 1  5  6  4  5 0 0 4.481786 0 0 2439.288085 2439.789059 2439.789059 2439.789059 2441.792953 2446.274740 0 E 
  4  20 1  2 3 3 HH 1  5  6  2  3 1 1 3.176191 0 0 2447.537464 2448.038427 2448.038427 2448.038427 2450.042323 2453.218513 0 C 
  4  21 1  3 3 3 HH 1  5  4  8  1 1 1 3.143706 0 0 2454.484294 2454.985270 2454.985270 2454.985270 2456.989160 2460.132867 0 C 
  4  22 1  4 2 1 LN 0  4  4  5  4 0 1 1.815570 0 0 2461.397738 2461.898707 2461.898707 2461.898707 2463.902599 2465.718169 0 C 
  4  23 1  5 3 2 HL 1  6  5  9  4 1 1 1.276973 0 0 2466.991945 2467.492911 2467.492911 2467.492911 2469.496809 2470.773783 0 C 
  4  24 1  6 1 2 NL 0  6  4  6  5 0 1 1.610733 0 0 2472.035081 2472.536050 2472.536050 2472.536050 2474.539944 2476.150678 0 C 
  4  25 1  7 3 1 HN 0  5  4  8  4 1 0 0.774685 0 0 2477.412197 2477.913168 2477.913168 2477.913168 2479.917063 2480.691748 0 E 
  4  26 1  8 2 1 LN 0  6  4  5  4 0 1 2.650564 0 0 2481.954363 2482.455330 2482.455330 2482.455330 2484.459226 2487.109790 0 C 
  4  27 1  9 3 2 HL 1  4  4  1  5 1 1 2.138590 0 0 2488.383529 2488.884497 2488.884497 2488.884497 2490.888390 2493.026980 0 C 
  4  28 1 10 1 1 NN 0  5  5  5  5 0 1 2.711720 0 0 2494.295016 2494.795987 2494.795987 2494.795987 2496.799882 2499.511601 0 C 
  4  29 1 11 2 3 LH 1  6  6  5  3 1 1 7.137134 0 0 2500.774282 2501.275252 2501.275252 2501.275252 2503.279143 2510.416277 0 C 
  4  30 1 12 1 2 NL 0  5  4  5  5 0 1 1.911780 0 0 2511.678812 2512.179779 2512.179779 2512.179779 2514.183674 2516.095454 0 C 
  4  31 1 13 2 2 LL 1  5  4  6  5 0 0 4.487206 0 0 2517.356516 2517.857481 2517.857481 2517.857481 2519.861378 2524.348584 0 E 
  4  32 1 14 3 1 HN 0  5  5  2  5 0 1 3.406846 0 0 2525.622585 2526.123551 2526.123551 2526.123551 2528.127447 2531.534293 0 C 
  4  33 1 15 1 3 NH 0  5  4  5  1 0 1 1.136183 0 0 2532.803205 2533.304177 2533.304177 2533.304177 2535.308072 2536.444255 0 C 
  4  34 1 16 3 3 HH 1  6  4  3  1 1 1 3.339356 0 0 2537.712754 2538.213724 2538.213724 2538.213724 2540.217615 2543.556971 0 C 
  4  35 1 17 3 1 HN 0  5  4  2  4 0 1 2.811975 0 0 2544.826578 2545.327549 2545.327549 2545.327549 2547.331456 2550.143431 0 C 
  4  36 1 18 1 3 NH 0  6  5  6  8 0 1 1.231178 0 0 2551.406039 2551.907005 2551.907005 2551.907005 2553.910902 2555.142080 0 C 
  4  37 1 19 1 1 NN 0  6  4  6  4 0 1 1.261215 0 0 2556.415778 2556.916742 2556.916742 2556.916742 2558.920640 2560.181855 0 C 
  4  38 1 20 3 2 HL 1  4  5  7  6 1 1 1.370218 0 0 2561.442215 2561.943182 2561.943182 2561.943182 2563.947077 2565.317295 0 C 
  4  39 1 21 1 1 NN 0  4  5  4  5 0 1 1.005944 0 0 2566.585542 2567.086512 2567.086512 2567.086512 2569.090407 2570.096351 0 C 
  4  40 1 22 3 2 HL 1  4  6  1  5 1 1 1.837816 0 0 2571.361493 2571.862465 2571.862465 2571.862465 2573.866359 2575.704175 0 C 
  4  41 1 23 3 3 HH 1  4  4  1  1 1 1 2.164784 0 0 2576.972399 2577.473375 2577.473375 2577.473375 2579.477267 2581.642051 0 C 
  4  42 1 24 1 1 NN 0  4  4  4  4 0 1 2.027192 0 0 2582.917295 2583.418261 2583.418261 2583.418261 2585.422156 2587.449348 0 C 
  4  43 1 25 1 2 NL 0  5  4  5  5 0 1 1.520520 0 0 2588.711888 2589.212858 2589.212858 2589.212858 2591.216753 2592.737274 0 C 
  4  44 1 26 3 2 HL 1  4  4  1  5 1 1 0.939497 0 0 2594.005516 2594.506482 2594.506482 2594.506482 2596.510377 2597.449874 0 C 
  4  45 1 27 1 1 NN 0  4  5  4  5 0 1 1.190886 0 0 2598.714669 2599.215639 2599.215639 2599.215639 2601.219531 2602.410417 0 C 
  4  46 1 28 2 3 LH 1  6  4  5  1 1 1 1.037187 0 0 2603.674307 2604.175276 2604.175276 2604.175276 2606.179172 2607.216359 0 C 
  4  47 1 29 2 1 LN 0  5  6  4  6 1 0 1.139337 0 0 2608.483659 2608.984626 2608.984626 2608.984626 2610.988522 2612.127859 0 E 
  4  48 1 30 3 2 HL 1  6  6  3  5 1 1 1.682015 0 0 2613.393202 2613.894169 2613.894169 2613.894169 2615.898065 2617.580080 0 C 
  4  49 1 31 3 2 HL 1  6  4  3  5 1 1 1.481677 0 0 2618.853814 2619.354785 2619.354785 2619.354785 2621.358680 2622.840357 0 C 
  4  50 1 32 2 2 LL 1  5  5  6  6 1 1 2.909092 0 0 2624.114044 2624.615010 2624.615010 2624.615010 2626.618906 2629.527998 0 C 
  4  51 1 33 1 1 NN 0  6  5  6  5 0 1 1.350813 0 0 2630.793690 2631.294663 2631.294663 2631.294663 2633.298557 2634.649370 0 C 
  4  52 1 34 3 3 HH 1  4  5  1  8 1 1 0.810166 0 0 2635.920328 2636.421298 2636.421298 2636.421298 2638.425189 2639.235355 0 C 
  4  53 1 35 3 3 HH 1  6  6  3  9 1 1 2.035079 0 0 2640.495884 2640.996853 2640.996853 2640.996853 2643.000751 2645.035830 0 C 
  4  54 1 36 3 3 HH 1  6  5  3  8 1 1 1.999300 0 0 2646.307186 2646.808155 2646.808155 2646.808155 2648.812046 2650.811346 0 C 
  4  55 1 37 1 2 NL 0  5  5  5  6 0 1 1.023033 0 0 2652.085082 2652.586050 2652.586050 2652.586050 2654.589945 2655.612978 0 C 
  4  56 1 38 3 2 HL 1  4  6  7  5 1 1 0.867560 0 0 2656.877735 2657.378704 2657.378704 2657.378704 2659.382595 2660.250155 0 C 
  4  57 1 39 1 3 NH 0  5  5  5  8 0 1 1.121073 0 0 2661.520090 2662.021057 2662.021057 2662.021057 2664.024953 2665.146025 0 C 
  4  58 1 40 2 1 LN 0  5  5  6  5 0 1 2.805320 0 0 2666.412932 2666.913905 2666.913905 2666.913905 2668.917797 2671.723117 0 C 
  4  59 1 41 3 3 HH 1  5  5  8  2 1 1 0.935957 0 0 2672.992391 2673.493359 2673.493359 2673.493359 2675.497254 2676.433211 0 C 
  4  60 1 42 3 1 HN 0  6  4  9  4 1 0 1.077270 0 0 2677.701547 2678.202517 2678.202517 2678.202517 2680.206411 2681.283681 0 E 
  4  61 1 43 2 3 LH 1  6  5  5  2 1 1 2.484996 0 0 2682.544295 2683.045260 2683.045260 2683.045260 2685.049155 2687.534151 0 C 
  4  62 1 44 3 2 HL 1  5  6  2  5 1 1 1.570648 0 0 2688.806467 2689.307437 2689.307437 2689.307437 2691.311331 2692.881979 0 C 
  4  63 1 45 2 2 LL 1  6  5  5  4 1 1 1.862158 0 0 2694.150187 2694.651154 2694.651154 2694.651154 2696.655050 2698.517207 0 C 
  4  64 1 46 2 3 LH 1  5  5  4  2 1 1 1.399588 0 0 2699.777797 2700.278760 2700.278760 2700.278760 2702.282656 2703.682243 0 C 
  4  65 1 47 2 2 LL 1  6  5  5  6 1 1 2.969547 0 0 2704.954524 2705.455491 2705.455491 2705.455491 2707.459383 2710.428931 0 C 
  4  66 1 48 3 2 HL 1  5  4  8  5 1 1 1.365519 0 0 2711.700971 2712.201942 2712.201942 2712.201942 2714.205834 2715.571353 0 C 
  4  67 1 49 3 1 HN 0  5  4  8  4 0 1 1.232007 0 0 2716.844303 2717.345273 2717.345273 2717.345273 2719.349165 2720.581172 0 C 
  4  68 1 50 3 1 HN 0  5  5  8  5 0 1 3.711387 0 0 2721.854041 2722.355009 2722.355009 2722.355009 2724.358903 2728.070290 0 C 
  4  69 1 51 2 3 LH 1  6  5  5  8 1 1 1.518965 0 0 2729.335249 2729.836217 2729.836217 2729.836217 2731.840113 2733.359078 0 C 
  4  70 1 52 1 3 NH 0  6  4  6  7 1 0 1.081564 0 0 2734.628875 2735.129842 2735.129842 2735.129842 2737.133736 2738.215300 0 E 
  4  71 1 53 3 1 HN 0  5  6  2  6 0 1 1.420284 0 0 2739.488320 2739.989287 2739.989287 2739.989287 2741.993183 2743.413467 0 C 
  4  72 1 54 2 3 LH 1  5  4  4  7 1 1 1.083482 0 0 2744.681745 2745.182716 2745.182716 2745.182716 2747.186610 2748.270092 0 C 
  4  73 1 55 3 3 HH 1  5  6  8  9 1 1 1.750211 0 0 2749.541192 2750.042164 2750.042164 2750.042164 2752.046062 2753.796273 0 C 
  4  74 1 56 1 2 NL 0  6  6  6  5 0 1 1.935986 0 0 2755.068611 2755.569574 2755.569574 2755.569574 2757.573470 2759.509456 0 C 
  4  75 1 57 2 3 LH 1  5  6  4  9 1 1 1.247827 0 0 2760.779710 2761.280677 2761.280677 2761.280677 2763.284572 2764.532399 0 C 
  4  76 1 58 2 2 LL 1  4  6  5  5 1 1 2.529871 0 0 2765.806145 2766.307114 2766.307114 2766.307114 2768.311009 2770.840880 0 C 
  4  77 1 59 1 1 NN 0  4  4  4  4 0 1 1.077490 0 0 2772.101717 2772.602686 2772.602686 2772.602686 2774.606579 2775.684069 0 C 
  4  78 1 60 3 1 HN 0  6  4  3  4 0 1 1.786577 0 0 2776.944467 2777.445437 2777.445437 2777.445437 2779.449329 2781.235906 0 C 
  4  79 2  1 1 3 NH 0  5  4  5  7 0 1 4.398386 0 0 2815.769935 2816.270905 2816.270905 2816.270905 2818.274800 2822.673186 0 C 
  4  80 2  2 2 3 LH 1  6  4  5  7 1 1 5.301072 0 0 2823.935813 2824.436780 2824.436780 2824.436780 2826.440675 2831.741747 0 C 
  4  81 2  3 3 3 HH 1  5  5  8  2 1 1 1.037155 0 0 2833.003439 2833.504408 2833.504408 2833.504408 2835.508302 2836.545457 0 C 
  4  82 2  4 3 1 HN 0  5  4  8  4 0 1 1.364645 0 0 2837.812789 2838.313756 2838.313756 2838.313756 2840.317650 2841.682295 0 C 
  4  83 2  5 3 2 HL 1  6  6  3  5 1 1 1.258861 0 0 2842.956120 2843.457087 2843.457087 2843.457087 2845.460982 2846.719843 0 C 
  4  84 2  6 2 3 LH 1  5  4  4  1 1 1 3.307308 0 0 2847.982558 2848.483524 2848.483524 2848.483524 2850.487420 2853.794729 0 C 
  4  85 2  7 1 3 NH 0  5  6  5  3 0 1 2.180021 0 0 2855.062987 2855.563955 2855.563955 2855.563955 2857.567850 2859.747872 0 C 
  4  86 2  8 2 1 LN 0  6  5  5  5 0 1 3.211019 0 0 2861.007875 2861.508845 2861.508845 2861.508845 2863.512738 2866.723757 0 C 
  4  87 2  9 2 1 LN 0  5  6  6  6 0 1 2.606725 0 0 2867.988109 2868.489084 2868.489084 2868.489084 2870.492976 2873.099701 0 C 
  4  88 2 10 1 1 NN 0  5  5  5  5 0 1 1.025184 0 0 2874.367179 2874.868147 2874.868147 2874.868147 2876.872043 2877.897227 0 C 
  4  89 2 11 3 2 HL 1  5  5  2  6 1 1 1.266393 0 0 2879.159830 2879.660796 2879.660796 2879.660796 2881.664693 2882.931085 0 C 
  4  90 2 12 2 2 LL 1  4  6  5  5 1 1 1.693169 0 0 2884.202963 2884.703934 2884.703934 2884.703934 2886.707828 2888.400996 0 C 
  4  91 2 13 1 2 NL 0  5  4  5  5 0 1 1.864576 0 0 2889.663583 2890.164549 2890.164549 2890.164549 2892.168444 2894.033020 0 C 
  4  92 2 14 2 1 LN 0  4  4  5  4 0 1 2.027190 0 0 2895.307889 2895.808854 2895.808854 2895.808854 2897.812750 2899.839940 0 C 
  4  93 2 15 3 3 HH 1  4  4  7  7 1 1 1.075081 0 0 2901.102482 2901.603452 2901.603452 2901.603452 2903.607346 2904.682428 0 C 
  4  94 2 16 3 2 HL 1  4  6  1  5 1 1 1.609375 0 0 2905.945233 2906.446199 2906.446199 2906.446199 2908.450094 2910.059470 0 C 
  4  95 2 17 2 1 LN 0  4  4  5  4 0 1 2.121752 0 0 2911.322352 2911.823319 2911.823319 2911.823319 2913.827214 2915.948966 0 C 
  4  96 2 18 1 3 NH 0  5  4  5  1 0 1 1.403427 0 0 2917.217144 2917.718110 2917.718110 2917.718110 2919.722006 2921.125433 0 C 
  4  97 2 19 3 3 HH 1  4  4  1  7 1 1 2.369070 0 0 2922.393874 2922.894841 2922.894841 2922.894841 2924.898735 2927.267805 0 C 
  4  98 2 20 3 2 HL 1  4  5  1  6 1 1 2.040637 0 0 2928.539153 2929.040119 2929.040119 2929.040119 2931.044015 2933.084652 0 C 
  4  99 2 21 3 3 HH 1  5  5  8  2 1 1 1.099847 0 0 2934.350459 2934.851416 2934.851416 2934.851416 2936.855314 2937.955161 0 C 
  4 100 2 22 2 1 LN 0  5  4  4  4 0 1 2.249764 0 0 2939.226589 2939.727562 2939.727562 2939.727562 2941.731458 2943.981221 0 C 
  4 101 2 23 3 3 HH 1  5  4  8  7 1 1 1.212750 0 0 2945.254981 2945.755947 2945.755947 2945.755947 2947.759842 2948.972592 0 C 
  4 102 2 24 1 3 NH 0  4  6  4  9 0 1 1.117977 0 0 2950.248020 2950.748987 2950.748987 2950.748987 2952.752882 2953.870858 0 C 
  4 103 2 25 3 3 HH 1  6  4  9  7 1 1 1.156552 0 0 2955.140870 2955.641831 2955.641831 2955.641831 2957.645727 2958.802279 0 C 
  4 104 2 26 3 2 HL 1  4  4  1  5 1 1 1.006233 0 0 2960.067103 2960.568074 2960.568074 2960.568074 2962.571970 2963.578203 0 C 
  4 105 2 27 3 2 HL 1  4  6  1  5 1 1 0.833438 0 0 2964.843057 2965.344025 2965.344025 2965.344025 2967.347920 2968.181358 0 C 
  4 106 2 28 2 3 LH 1  4  5  5  8 1 1 2.271816 0 0 2969.452020 2969.952983 2969.952983 2969.952983 2971.956879 2974.228695 0 C 
  4 107 2 29 2 1 LN 0  6  4  5  4 0 1 1.793168 0 0 2975.497102 2975.998068 2975.998068 2975.998068 2978.001964 2979.795132 0 C 
  4 108 2 30 2 3 LH 1  6  6  5  9 1 1 1.693239 0 0 2981.057913 2981.558878 2981.558878 2981.558878 2983.562772 2985.256011 0 C 
  4 109 2 31 1 2 NL 0  6  4  6  5 0 1 1.182694 0 0 2986.518527 2987.019492 2987.019492 2987.019492 2989.023389 2990.206083 0 C 
  4 110 2 32 2 1 LN 0  6  6  5  6 0 1 3.494136 0 0 2991.478167 2991.979134 2991.979134 2991.979134 2993.983032 2997.477168 0 C 
  4 111 2 33 2 2 LL 1  6  6  5  5 1 1 2.476664 0 0 2998.742285 2999.243255 2999.243255 2999.243255 3001.247162 3003.723825 0 C 
  4 112 2 34 3 2 HL 1  6  5  9  6 1 1 2.505763 0 0 3004.987763 3005.488729 3005.488729 3005.488729 3007.492624 3009.998388 0 C 
  4 113 2 35 2 3 LH 1  4  4  5  7 1 1 5.426970 0 0 3011.266631 3011.767601 3011.767601 3011.767601 3013.771500 3019.198471 0 C 
  4 114 2 36 3 1 HN 0  5  6  2  6 0 1 3.273861 0 0 3020.467854 3020.968826 3020.968826 3020.968826 3022.972716 3026.246577 0 C 
  4 115 2 37 1 2 NL 0  6  6  6  5 0 1 3.509085 0 0 3027.514885 3028.015853 3028.015853 3028.015853 3030.019748 3033.528833 0 C 
  4 116 2 38 2 2 LL 1  5  5  6  6 1 1 1.904592 0 0 3034.795706 3035.296675 3035.296675 3035.296675 3037.300569 3039.205161 0 C 
  4 117 2 39 3 1 HN 0  5  5  8  5 0 1 1.414789 0 0 3040.473410 3040.974376 3040.974376 3040.974376 3042.978273 3044.393061 0 C 
  4 118 2 40 3 3 HH 1  6  6  9  9 1 1 1.082120 0 0 3045.666840 3046.167806 3046.167806 3046.167806 3048.171701 3049.253821 0 C 
  4 119 2 41 3 2 HL 1  6  6  9  5 1 1 1.935355 0 0 3050.526286 3051.027253 3051.027253 3051.027253 3053.031148 3054.966502 0 C 
  4 120 2 42 3 3 HH 1  4  5  1  8 1 1 1.472079 0 0 3056.237388 3056.738354 3056.738354 3056.738354 3058.742250 3060.214328 0 C 
  4 121 2 43 3 3 HH 1  5  6  8  3 1 1 1.677477 0 0 3061.480914 3061.981880 3061.981880 3061.981880 3063.985776 3065.663253 0 C 
  4 122 2 44 3 1 HN 0  6  5  9  5 0 1 1.936587 0 0 3066.924829 3067.425797 3067.425797 3067.425797 3069.429692 3071.366279 0 C 
  4 123 2 45 2 3 LH 1  5  4  4  1 1 1 1.549271 0 0 3072.635932 3073.136897 3073.136897 3073.136897 3075.140791 3076.690063 0 C 
  4 124 2 46 3 3 HH 1  6  4  3  1 1 1 2.174417 0 0 3077.962953 3078.463920 3078.463920 3078.463920 3080.467815 3082.642233 0 C 
  4 125 2 47 1 1 NN 0  6  6  6  6 0 1 1.526146 0 0 3083.907839 3084.408810 3084.408810 3084.408810 3086.412705 3087.938851 0 C 
  4 126 2 48 2 3 LH 1  4  5  5  8 1 1 1.958751 0 0 3089.201467 3089.702433 3089.702433 3089.702433 3091.706328 3093.665079 0 C 
  4 127 2 49 1 1 NN 0  6  4  6  4 0 1 1.484413 0 0 3094.929267 3095.430234 3095.430234 3095.430234 3097.434130 3098.918542 0 C 
  4 128 2 50 2 3 LH 1  6  5  5  8 1 1 2.155131 0 0 3100.189494 3100.690460 3100.690460 3100.690460 3102.694354 3104.849485 0 C 
  4 129 2 51 1 3 NH 0  5  5  5  2 0 1 1.906273 0 0 3106.117683 3106.618650 3106.618650 3106.618650 3108.622555 3110.528828 0 C 
  4 130 2 52 2 1 LN 0  6  6  5  6 0 1 3.341991 0 0 3111.795387 3112.296354 3112.296354 3112.296354 3114.300250 3117.642240 0 C 
  4 131 2 53 2 3 LH 1  6  6  5  9 1 1 1.610900 0 0 3118.909217 3119.410183 3119.410183 3119.410183 3121.414088 3123.024988 0 C 
  4 132 2 54 2 2 LL 1  6  5  5  4 1 1 4.881452 0 0 3124.286336 3124.787302 3124.787302 3124.787302 3126.791198 3131.672650 0 C 
  4 133 2 55 2 2 LL 1  6  5  5  4 1 1 4.186974 0 0 3132.936480 3133.437450 3133.437450 3133.437450 3135.441346 3139.628320 0 C 
  4 134 2 56 1 1 NN 0  4  6  4  6 0 1 1.197720 0 0 3140.901968 3141.402935 3141.402935 3141.402935 3143.406831 3144.604551 0 C 
  4 135 2 57 2 2 LL 1  4  4  5  5 1 1 4.988368 0 0 3145.878307 3146.379275 3146.379275 3146.379275 3148.383179 3153.371547 0 C 
  4 136 2 58 2 2 LL 1  4  4  5  5 1 1 2.276791 0 0 3154.645349 3155.146317 3155.146317 3155.146317 3157.150213 3159.427004 0 C 
  4 137 2 59 3 2 HL 1  5  5  2  6 1 1 2.470400 0 0 3160.690432 3161.191402 3161.191402 3161.191402 3163.195298 3165.665698 0 C 
  4 138 2 60 3 3 HH 1  5  5  2  8 1 1 4.257941 0 0 3166.935908 3167.436876 3167.436876 3167.436876 3169.440771 3173.698712 0 C 
  4 139 3  1 1 3 NH 0  5  6  5  3 0 1 1.499567 0 0 3220.456614 3220.957581 3220.957581 3220.957581 3222.961477 3224.461044 0 C 
  4 140 3  2 2 2 LL 1  6  6  5  5 1 1 3.182108 0 0 3225.733539 3226.234506 3226.234506 3226.234506 3228.238401 3231.420509 0 C 
  4 141 3  3 1 2 NL 0  5  5  5  6 0 1 1.826580 0 0 3232.680373 3233.181344 3233.181344 3233.181344 3235.185239 3237.011819 0 C 
  4 142 3  4 3 1 HN 0  5  5  8  5 0 1 3.212573 0 0 3238.274582 3238.775552 3238.775552 3238.775552 3240.779445 3243.992018 0 C 
  4 143 3  5 1 2 NL 0  6  6  6  5 0 1 1.559550 0 0 3245.254822 3245.755788 3245.755788 3245.755788 3247.759683 3249.319233 0 C 
  4 144 3  6 2 2 LL 1  5  4  6  5 1 1 1.704227 0 0 3250.581843 3251.082813 3251.082813 3251.082813 3253.086705 3254.790932 0 C 
  4 145 3  7 3 1 HN 0  4  4  7  4 0 1 1.492907 0 0 3256.059158 3256.560127 3256.560127 3256.560127 3258.564020 3260.056926 0 C 
  4 146 3  8 3 2 HL 1  4  6  7  5 1 1 1.061599 0 0 3261.319382 3261.820349 3261.820349 3261.820349 3263.824249 3264.885848 0 C 
  4 147 3  9 1 3 NH 0  5  4  5  1 0 1 0.860648 0 0 3266.145426 3266.646398 3266.646398 3266.646398 3268.650290 3269.510938 0 C 
  4 148 3 10 2 3 LH 1  4  5  5  8 1 1 1.737644 0 0 3270.771089 3271.272058 3271.272058 3271.272058 3273.275951 3275.013596 0 C 
  4 149 3 11 3 1 HN 0  5  4  8  4 0 1 3.213264 0 0 3276.281799 3276.782768 3276.782768 3276.782768 3278.786664 3281.999928 0 C 
  4 150 3 12 1 3 NH 0  6  5  6  8 0 1 2.377808 0 0 3283.262037 3283.763004 3283.763004 3283.763004 3285.766899 3288.144707 0 C 
  4 151 3 13 3 3 HH 1  4  6  1  9 1 1 1.549179 0 0 3289.407312 3289.908283 3289.908283 3289.908283 3291.912178 3293.461357 0 C 
  4 152 3 14 1 2 NL 0  5  4  5  5 0 1 1.270491 0 0 3294.734334 3295.235305 3295.235305 3295.235305 3297.239199 3298.509690 0 C 
  4 153 3 15 2 2 LL 1  6  6  5  5 1 1 1.459996 0 0 3299.777472 3300.278442 3300.278442 3300.278442 3302.282338 3303.742334 0 C 
  4 154 3 16 1 3 NH 0  4  5  4  8 0 1 2.210803 0 0 3305.004297 3305.505269 3305.505269 3305.505269 3307.509168 3309.719971 0 C 
  4 155 3 17 3 2 HL 1  4  6  1  5 1 1 0.960552 0 0 3310.982594 3311.483561 3311.483561 3311.483561 3313.487460 3314.448012 0 C 
  4 156 3 18 2 2 LL 1  4  6  5  5 1 1 2.536308 0 0 3315.708439 3316.209410 3316.209410 3316.209410 3318.213316 3320.749624 0 C 
  4 157 3 19 3 3 HH 1  4  5  1  8 1 1 0.993892 0 0 3322.020712 3322.521681 3322.521681 3322.521681 3324.525576 3325.519468 0 C 
  4 158 3 20 2 3 LH 1  5  5  4  2 1 1 1.754314 0 0 3326.779961 3327.280934 3327.280934 3327.280934 3329.284828 3331.039142 0 C 
  4 159 3 21 3 2 HL 1  4  4  7  5 1 1 1.093541 0 0 3332.307378 3332.808344 3332.808344 3332.808344 3334.812239 3335.905780 0 C 
  4 160 3 22 2 3 LH 1  4  4  5  7 1 1 3.162515 0 0 3337.166821 3337.667792 3337.667792 3337.667792 3339.671686 3342.834200 0 C 
  4 161 3 23 1 2 NL 0  6  4  6  5 0 1 1.175380 0 0 3344.096964 3344.597928 3344.597928 3344.597928 3346.601824 3347.777204 0 C 
  4 162 3 24 3 2 HL 1  6  5  9  6 1 1 1.530226 0 0 3349.039902 3349.540871 3349.540871 3349.540871 3351.544764 3353.074991 0 C 
  4 163 3 25 1 2 NL 0  6  6  6  5 0 1 1.383788 0 0 3354.350222 3354.851192 3354.851192 3354.851192 3356.855088 3358.238876 0 C 
  4 164 3 26 3 2 HL 1  4  5  7  6 1 1 0.904040 0 0 3359.510256 3360.011223 3360.011223 3360.011223 3362.015119 3362.919160 0 C 
  4 165 3 27 1 1 NN 0  4  4  4  4 0 1 1.992338 0 0 3364.186010 3364.686980 3364.686980 3364.686980 3366.690875 3368.683213 0 C 
  4 166 3 28 3 2 HL 1  4  5  7  4 1 1 2.179125 0 0 3369.947209 3370.448179 3370.448179 3370.448179 3372.452075 3374.631199 0 C 
  4 167 3 29 1 2 NL 0  6  6  6  5 0 1 1.531730 0 0 3375.892103 3376.393069 3376.393069 3376.393069 3378.396963 3379.928694 0 C 
  4 168 3 30 3 2 HL 1  6  6  9  5 1 1 1.668411 0 0 3381.202425 3381.703391 3381.703391 3381.703391 3383.707286 3385.375697 0 C 
  4 169 3 31 1 3 NH 0  6  6  6  3 0 1 1.281950 0 0 3386.646339 3387.147308 3387.147308 3387.147308 3389.151206 3390.433157 0 C 
  4 170 3 32 1 3 NH 0  6  5  6  2 0 1 0.873746 0 0 3391.706173 3392.207143 3392.207143 3392.207143 3394.211038 3395.084784 0 C 
  4 171 3 33 3 1 HN 0  5  4  2  4 0 1 1.988227 0 0 3396.348534 3396.849502 3396.849502 3396.849502 3398.853396 3400.841623 0 C 
  4 172 3 34 1 1 NN 0  6  4  6  4 0 1 0.913869 0 0 3402.109734 3402.610706 3402.610706 3402.610706 3404.614595 3405.528464 0 C 
  4 173 3 35 2 1 LN 0  5  4  4  4 0 1 1.887936 0 0 3406.802190 3407.303153 3407.303153 3407.303153 3409.307054 3411.194990 0 C 
  4 174 3 36 2 2 LL 1  5  4  6  5 1 1 1.572988 0 0 3412.463191 3412.964159 3412.964159 3412.964159 3414.968055 3416.541043 0 C 
  4 175 3 37 3 2 HL 1  6  5  3  4 1 1 2.193926 0 0 3417.806910 3418.307883 3418.307883 3418.307883 3420.311775 3422.505701 0 C 
  4 176 3 38 2 2 LL 1  6  6  5  5 1 1 2.116187 0 0 3423.768503 3424.269469 3424.269469 3424.269469 3426.273365 3428.389552 0 C 
  4 177 3 39 2 3 LH 1  4  6  5  3 1 1 0.898677 0 0 3429.663295 3430.164266 3430.164266 3430.164266 3432.168157 3433.066833 0 C 
  4 178 3 40 3 3 HH 1  5  6  8  9 1 1 1.670093 0 0 3434.339051 3434.840017 3434.840017 3434.840017 3436.843915 3438.514009 0 C 
  4 179 3 41 3 1 HN 0  4  6  7  6 0 1 2.069146 0 0 3439.782967 3440.283934 3440.283934 3440.283934 3442.287827 3444.356972 0 C 
  4 180 3 42 2 3 LH 1  5  6  4  3 1 1 1.088621 0 0 3445.627661 3446.128628 3446.128628 3446.128628 3448.132523 3449.221144 0 C 
  4 181 3 43 3 2 HL 1  6  6  9  5 1 1 1.164650 0 0 3450.487106 3450.988074 3450.988074 3450.988074 3452.991971 3454.156621 0 C 
  4 182 3 44 1 3 NH 0  6  6  6  3 0 1 0.997149 0 0 3455.430049 3455.931015 3455.931015 3455.931015 3457.934912 3458.932061 0 C 
  4 183 3 45 1 1 NN 0  6  4  6  4 0 1 1.244930 0 0 3460.206001 3460.706968 3460.706968 3460.706968 3462.710860 3463.955790 0 C 
  4 184 3 46 2 1 LN 0  6  4  5  4 0 1 3.251506 0 0 3465.215735 3465.716706 3465.716706 3465.716706 3467.720601 3470.972108 0 C 
  4 185 3 47 2 2 LL 1  6  6  5  5 1 1 1.296458 0 0 3472.246072 3472.747038 3472.747038 3472.747038 3474.750933 3476.047391 0 C 
  4 186 3 48 1 3 NH 0  6  6  6  3 0 1 1.019619 0 0 3477.322608 3477.823576 3477.823576 3477.823576 3479.827470 3480.847088 0 C 
  4 187 3 49 2 1 LN 0  5  6  6  6 0 1 1.955329 0 0 3482.115257 3482.616224 3482.616224 3482.616224 3484.620120 3486.575448 0 C 
  4 188 3 50 2 1 LN 0  4  5  5  5 0 1 2.767403 0 0 3487.843055 3488.344025 3488.344025 3488.344025 3490.347921 3493.115324 0 C 
  4 189 3 51 1 1 NN 0  5  6  5  6 0 1 1.416589 0 0 3494.389116 3494.890084 3494.890084 3494.890084 3496.893978 3498.310567 0 C 
  4 190 3 52 2 3 LH 1  4  5  5  2 1 1 1.420381 0 0 3499.582544 3500.083511 3500.083511 3500.083511 3502.087408 3503.507789 0 C 
  4 191 3 53 2 3 LH 1  4  6  5  9 0 0 1.325671 0 0 3504.775970 3505.276940 3505.276940 3505.276940 3507.280837 3508.606508 0 E 
  4 192 3 54 1 2 NL 0  4  5  4  6 0 1 1.865818 0 0 3509.869208 3510.370175 3510.370175 3510.370175 3512.374070 3514.239888 0 C 
  4 193 3 55 2 2 LL 1  5  4  4  5 1 1 1.925996 0 0 3515.513513 3516.014484 3516.014484 3516.014484 3518.018376 3519.944372 0 C 
  4 194 3 56 3 1 HN 0  5  4  8  4 0 1 4.008796 0 0 3521.207913 3521.708884 3521.708884 3521.708884 3523.712779 3527.721575 0 C 
  4 195 3 57 1 3 NH 0  5  5  5  8 0 1 0.974147 0 0 3528.989710 3529.490676 3529.490676 3529.490676 3531.494572 3532.468719 0 C 
  4 196 3 58 2 1 LN 0  6  5  5  5 0 1 1.681960 0 0 3533.732276 3534.233229 3534.233229 3534.233229 3536.237124 3537.919085 0 C 
  4 197 3 59 1 3 NH 0  5  4  5  7 0 1 1.515064 0 0 3539.192877 3539.693844 3539.693844 3539.693844 3541.697743 3543.212807 0 C 
  4 198 3 60 3 2 HL 1  4  6  1  5 1 1 1.645742 0 0 3544.486501 3544.987471 3544.987471 3544.987471 3546.991364 3548.637106 0 C 
  4 199 4  1 2 3 LH 1  4  5  5  8 1 1 1.785141 0 0 3602.265484 3602.766452 3602.766452 3602.766452 3604.770347 3606.555488 0 C 
  4 200 4  2 3 1 HN 0  5  4  8  4 0 1 1.360193 0 0 3607.826295 3608.327262 3608.327262 3608.327262 3610.331157 3611.691349 0 C 
  4 201 4  3 2 1 LN 0  6  6  5  6 0 1 1.495335 0 0 3612.952927 3613.453896 3613.453896 3613.453896 3615.457790 3616.953125 0 C 
  4 202 4  4 3 1 HN 0  5  6  2  6 0 1 1.149268 0 0 3618.213153 3618.714120 3618.714120 3618.714120 3620.718015 3621.867283 0 C 
  4 203 4  5 3 2 HL 1  4  4  7  5 1 1 4.374027 0 0 3623.139396 3623.640362 3623.640362 3623.640362 3625.644268 3630.018295 0 C 
  4 204 4  6 2 2 LL 1  6  5  5  6 1 1 2.511288 0 0 3631.288567 3631.789538 3631.789538 3631.789538 3633.793436 3636.304724 0 C 
  4 205 4  7 3 3 HH 1  5  5  8  2 1 1 2.675776 0 0 3637.567439 3638.068409 3638.068409 3638.068409 3640.072303 3642.748079 0 C 
  4 206 4  8 1 2 NL 0  4  6  4  5 0 1 1.059406 0 0 3644.013304 3644.514273 3644.514273 3644.514273 3646.518169 3647.577575 0 C 
  4 207 4  9 2 2 LL 1  4  5  5  4 1 1 4.392844 0 0 3648.839358 3649.340321 3649.340321 3649.340321 3651.344216 3655.737060 0 C 
  4 208 4 10 2 1 LN 0  5  4  4  4 0 1 2.549596 0 0 3657.005227 3657.506195 3657.506195 3657.506195 3659.510090 3662.059686 0 C 
  4 209 4 11 1 2 NL 0  6  4  6  5 0 1 1.676503 0 0 3663.334194 3663.835168 3663.835168 3663.835168 3665.839060 3667.515563 0 C 
  4 210 4 12 1 1 NN 0  6  5  6  5 0 1 1.431511 0 0 3668.778109 3669.279080 3669.279080 3669.279080 3671.282975 3672.714486 0 C 
  4 211 4 13 3 1 HN 0  6  5  9  5 1 0 1.344607 0 0 3673.988241 3674.489209 3674.489209 3674.489209 3676.493107 3677.837714 0 E 
  4 212 4 14 1 3 NH 0  6  5  6  8 0 1 2.803073 0 0 3679.098178 3679.599141 3679.599141 3679.599141 3681.603037 3684.406110 0 C 
  4 213 4 15 1 3 NH 0  6  4  6  7 0 1 1.454119 0 0 3685.677628 3686.178602 3686.178602 3686.178602 3688.182494 3689.636613 0 C 
  4 214 4 16 1 1 NN 0  6  6  6  6 0 1 0.682500 0 0 3690.904466 3691.405425 3691.405425 3691.405425 3693.409324 3694.091824 0 C 
  4 215 4 17 1 1 NN 0  4  5  4  5 0 1 0.782000 0 0 3695.363122 3695.864092 3695.864092 3695.864092 3697.867985 3698.649985 0 C 
  4 216 4 18 1 1 NN 0  5  6  5  6 0 1 0.743689 0 0 3699.921985 3700.422955 3700.422955 3700.422955 3702.426851 3703.170540 0 C 
  4 217 4 19 1 1 NN 0  4  5  4  5 0 1 0.815077 0 0 3704.430755 3704.931720 3704.931720 3704.931720 3706.935615 3707.750692 0 C 
  4 218 4 20 2 3 LH 1  6  4  5  7 1 1 1.743240 0 0 3709.023011 3709.523979 3709.523979 3709.523979 3711.527876 3713.271116 0 C 
  4 219 4 21 2 2 LL 1  6  6  5  5 1 1 3.324077 0 0 3714.533724 3715.034692 3715.034692 3715.034692 3717.038598 3720.362675 0 C 
  4 220 4 22 1 1 NN 0  5  6  5  6 0 1 1.549801 0 0 3721.630850 3722.131822 3722.131822 3722.131822 3724.135717 3725.685518 0 C 
  4 221 4 23 2 1 LN 0  5  4  6  4 0 1 1.869666 0 0 3726.957874 3727.458843 3727.458843 3727.458843 3729.462739 3731.332404 0 C 
  4 222 4 24 1 3 NH 0  6  4  6  1 0 1 3.491723 0 0 3732.602182 3733.103148 3733.103148 3733.103148 3735.107053 3738.598776 0 C 
  4 223 4 25 2 1 LN 0  6  4  5  4 0 1 3.792768 0 0 3739.866301 3740.367269 3740.367269 3740.367269 3742.371165 3746.163933 0 C 
  4 224 4 26 3 2 HL 1  4  6  1  5 1 1 1.582759 0 0 3747.431006 3747.931974 3747.931974 3747.931974 3749.935869 3751.518628 0 C 
  4 225 4 27 2 3 LH 1  4  5  5  8 1 1 3.596792 0 0 3752.791431 3753.292395 3753.292395 3753.292395 3755.296291 3758.893082 0 C 
  4 226 4 28 2 1 LN 0  4  5  5  5 0 1 4.921583 0 0 3760.155741 3760.656710 3760.656710 3760.656710 3762.660605 3767.582188 0 C 
  4 227 4 29 3 3 HH 1  6  5  9  8 1 1 1.676454 0 0 3768.855992 3769.356955 3769.356955 3769.356955 3771.360852 3773.037306 0 C 
  4 228 4 30 1 2 NL 0  5  5  5  4 0 1 2.097634 0 0 3774.299907 3774.800871 3774.800871 3774.800871 3776.804768 3778.902401 0 C 
  4 229 4 31 1 1 NN 0  4  5  4  5 0 1 3.591233 0 0 3780.161299 3780.662270 3780.662270 3780.662270 3782.666161 3786.257394 0 C 
  4 230 4 32 2 2 LL 1  6  6  5  5 1 1 3.992007 0 0 3787.525612 3788.026582 3788.026582 3788.026582 3790.030477 3794.022485 0 C 
  4 231 4 33 2 1 LN 0  4  4  5  4 0 1 1.765528 0 0 3795.290709 3795.791680 3795.791680 3795.791680 3797.795570 3799.561099 0 C 
  4 232 4 34 3 3 HH 1  5  6  8  3 1 1 1.651851 0 0 3800.834822 3801.335790 3801.335790 3801.335790 3803.339682 3804.991533 0 C 
  4 233 4 35 3 2 HL 1  4  5  7  6 1 1 1.793322 0 0 3806.262037 3806.763003 3806.763003 3806.763003 3808.766899 3810.560222 0 C 
  4 234 4 36 1 3 NH 0  4  5  4  2 0 1 3.531287 0 0 3811.822844 3812.323814 3812.323814 3812.323814 3814.327709 3817.858997 0 C 
  4 235 4 37 1 2 NL 0  6  6  6  5 0 1 3.385298 0 0 3819.120367 3819.621333 3819.621333 3819.621333 3821.625228 3825.010526 0 C 
  4 236 4 38 3 1 HN 0  6  4  3  4 0 1 2.012277 0 0 3826.284293 3826.785258 3826.785258 3826.785258 3828.789155 3830.801432 0 C 
  4 237 4 39 1 1 NN 0  6  6  6  6 0 1 1.783990 0 0 3832.062195 3832.563161 3832.563161 3832.563161 3834.567052 3836.351042 0 C 
  4 238 4 40 1 2 NL 0  5  6  5  5 0 1 3.575328 0 0 3837.622996 3838.123967 3838.123967 3838.123967 3840.127862 3843.703190 0 C 
  4 239 4 41 1 2 NL 0  5  5  5  6 0 1 3.452110 0 0 3844.970618 3845.471583 3845.471583 3845.471583 3847.475479 3850.927589 0 C 
  4 240 4 42 1 1 NN 0  5  6  5  6 0 1 1.961783 0 0 3852.201339 3852.702306 3852.702306 3852.702306 3854.706201 3856.667984 0 C 
  4 241 4 43 3 3 HH 1  5  4  2  1 1 1 2.511369 0 0 3857.929151 3858.430105 3858.430105 3858.430105 3860.434003 3862.945372 0 C 
  4 242 4 44 2 1 LN 0  6  5  5  5 0 1 3.191899 0 0 3864.208012 3864.708980 3864.708980 3864.708980 3866.712875 3869.904774 0 C 
  4 243 4 45 3 3 HH 1  5  5  2  2 1 1 1.743158 0 0 3871.171547 3871.672516 3871.672516 3871.672516 3873.676415 3875.419573 0 C 
  4 244 4 46 1 1 NN 0  5  5  5  5 0 1 2.288467 0 0 3876.682258 3877.183228 3877.183228 3877.183228 3879.187123 3881.475591 0 C 
  4 245 4 47 1 1 NN 0  5  5  5  5 0 1 2.873148 0 0 3882.744042 3883.245011 3883.245011 3883.245011 3885.248906 3888.122053 0 C 
  4 246 4 48 2 3 LH 1  6  4  5  1 1 1 3.041325 0 0 3889.390296 3889.891265 3889.891265 3889.891265 3891.895160 3894.936485 0 C 
  4 247 4 49 3 3 HH 1  4  5  1  2 1 1 1.303282 0 0 3896.203543 3896.704509 3896.704509 3896.704509 3898.708409 3900.011692 0 C 
  4 248 4 50 2 1 LN 0  4  6  5  6 0 1 2.352366 0 0 3901.280077 3901.781044 3901.781044 3901.781044 3903.784946 3906.137312 0 C 
  4 249 4 51 3 2 HL 1  6  4  9  5 1 1 0.961163 0 0 3907.408657 3907.909625 3907.909625 3907.909625 3909.913520 3910.874683 0 C 
  4 250 4 52 1 2 NL 0  6  5  6  4 0 1 2.238601 0 0 3912.134510 3912.635477 3912.635477 3912.635477 3914.639373 3916.877974 0 C 
  4 251 4 53 2 2 LL 1  6  6  5  5 0 0 2.623604 0 0 3918.146199 3918.647164 3918.647164 3918.647164 3920.651059 3923.274664 0 E 
  4 252 4 54 1 1 NN 0  5  6  5  6 0 1 1.964830 0 0 3924.541962 3925.042927 3925.042927 3925.042927 3927.046836 3929.011666 0 C 
  4 253 4 55 1 2 NL 0  6  6  6  5 0 1 1.395131 0 0 3930.286459 3930.787433 3930.787433 3930.787433 3932.791325 3934.186456 0 C 
  4 254 4 56 1 3 NH 0  6  6  6  9 0 1 1.997898 0 0 3935.446490 3935.947460 3935.947460 3935.947460 3937.951356 3939.949254 0 C 
  4 255 4 57 2 2 LL 1  4  5  5  6 1 1 1.720593 0 0 3941.224390 3941.725361 3941.725361 3941.725361 3943.729254 3945.449847 0 C 
  4 256 4 58 3 3 HH 1  4  4  7  7 1 1 1.355391 0 0 3946.718405 3947.219373 3947.219373 3947.219373 3949.223270 3950.578661 0 C 
  4 257 4 59 3 3 HH 1  4  4  7  7 1 1 1.231653 0 0 3951.845036 3952.346004 3952.346004 3952.346004 3954.349901 3955.581554 0 C 
  4 258 4 60 2 1 LN 0  5  6  6  6 0 1 3.324029 0 0 3956.854775 3957.355744 3957.355744 3957.355744 3959.359641 3962.683670 0 C 
  4 259 5  1 2 3 LH 1  5  4  6  7 1 1 3.487656 0 0 3984.558632 3985.059597 3985.059597 3985.059597 3987.063493 3990.551149 0 C 
  4 260 5  2 1 1 NN 0  6  6  6  6 0 1 0.838527 0 0 3991.822751 3992.323719 3992.323719 3992.323719 3994.327614 3995.166141 0 C 
  4 261 5  3 3 1 HN 0  4  5  1  5 1 0 1.014989 0 0 3996.431710 3996.932680 3996.932680 3996.932680 3998.936572 3999.951562 0 E 
  4 262 5  4 2 3 LH 1  6  6  5  9 1 1 1.279440 0 0 4001.224361 4001.725328 4001.725328 4001.725328 4003.729222 4005.008662 0 C 
  4 263 5  5 3 1 HN 0  6  6  9  6 0 1 1.378318 0 0 4006.284193 4006.785163 4006.785163 4006.785163 4008.789058 4010.167376 0 C 
  4 264 5  6 1 2 NL 0  4  5  4  4 0 1 3.259479 0 0 4011.427528 4011.928495 4011.928495 4011.928495 4013.932390 4017.191869 0 C 
  4 265 5  7 1 3 NH 0  6  6  6  9 0 1 1.462879 0 0 4018.457862 4018.958828 4018.958828 4018.958828 4020.962723 4022.425601 0 C 
  4 266 5  8 1 2 NL 0  4  5  4  4 0 1 5.289188 0 0 4023.684688 4024.185655 4024.185655 4024.185655 4026.189550 4031.478738 0 C 
  4 267 5  9 2 2 LL 1  6  5  5  4 1 1 4.565316 0 0 4032.752315 4033.253282 4033.253282 4033.253282 4035.257177 4039.822493 0 C 
  4 268 5 10 3 1 HN 0  6  4  3  4 0 1 1.778328 0 0 4041.085180 4041.586146 4041.586146 4041.586146 4043.590041 4045.368369 0 C 
  4 269 5 11 2 3 LH 1  4  4  5  7 1 1 2.695172 0 0 4046.629289 4047.130256 4047.130256 4047.130256 4049.134152 4051.829324 0 C 
  4 270 5 12 3 3 HH 1  4  6  1  3 1 1 1.962614 0 0 4053.091849 4053.592819 4053.592819 4053.592819 4055.596715 4057.559329 0 C 
  4 271 5 13 3 1 HN 0  4  6  7  6 0 1 2.877006 0 0 4058.819655 4059.320621 4059.320621 4059.320621 4061.324517 4064.201522 0 C 
  4 272 5 14 2 3 LH 1  4  6  5  9 1 1 2.188567 0 0 4065.465912 4065.966875 4065.966875 4065.966875 4067.970770 4070.159337 0 C 
  4 273 5 15 2 3 LH 1  5  5  4  2 0 0 1.709845 0 0 4071.427493 4071.928463 4071.928463 4071.928463 4073.932358 4075.642203 0 E 
  4 274 5 16 1 3 NH 0  5  4  5  1 0 1 1.505442 0 0 4076.904809 4077.405778 4077.405778 4077.405778 4079.409672 4080.915114 0 C 
  4 275 5 17 3 1 HN 0  6  4  9  4 0 1 2.828804 0 0 4082.181733 4082.682701 4082.682701 4082.682701 4084.686597 4087.515401 0 C 
  4 276 5 18 2 2 LL 1  6  4  5  5 1 1 1.262247 0 0 4088.777890 4089.278857 4089.278857 4089.278857 4091.282753 4092.545000 0 C 
  4 277 5 19 2 1 LN 0  5  4  6  4 0 1 2.585768 0 0 4093.804329 4094.305295 4094.305295 4094.305295 4096.309193 4098.894960 0 C 
  4 278 5 20 2 2 LL 1  4  5  5  6 0 0 1.754349 0 0 4100.166695 4100.667662 4100.667662 4100.667662 4102.671558 4104.425907 0 E 
  4 279 5 21 3 3 HH 1  5  6  2  9 0 0 1.770935 0 0 4105.694108 4106.195074 4106.195074 4106.195074 4108.198968 4109.969903 0 E 
  4 280 5 22 2 3 LH 1  4  4  5  1 1 1 0.980539 0 0 4111.238217 4111.739185 4111.739185 4111.739185 4113.743080 4114.723619 0 C 
  4 281 5 23 3 1 HN 0  4  5  7  5 0 1 1.558556 0 0 4115.997465 4116.498436 4116.498436 4116.498436 4118.502332 4120.060888 0 C 
  4 282 5 24 2 2 LL 1  4  4  5  5 1 1 3.091073 0 0 4121.324498 4121.825457 4121.825457 4121.825457 4123.829354 4126.920427 0 C 
  4 283 5 25 3 1 HN 0  6  4  9  4 0 1 1.142021 0 0 4128.187834 4128.688800 4128.688800 4128.688800 4130.692695 4131.834716 0 C 
  4 284 5 26 3 2 HL 1  6  6  9  5 1 1 1.189602 0 0 4133.097374 4133.598344 4133.598344 4133.598344 4135.602238 4136.791840 0 C 
  4 285 5 27 3 3 HH 1  4  6  7  3 1 1 1.815605 0 0 4138.057016 4138.557984 4138.557984 4138.557984 4140.561880 4142.377486 0 C 
  4 286 5 28 2 3 LH 1  4  5  5  8 1 1 1.593162 0 0 4143.651226 4144.152192 4144.152192 4144.152192 4146.156088 4147.749250 0 C 
  4 287 5 29 2 1 LN 0  6  5  5  5 0 1 1.381350 0 0 4149.011646 4149.512613 4149.512613 4149.512613 4151.516508 4152.897858 0 C 
  4 288 5 30 3 2 HL 1  4  6  7  5 1 1 1.215556 0 0 4154.171674 4154.672644 4154.672644 4154.672644 4156.676539 4157.892095 0 C 
  4 289 5 31 3 3 HH 1  4  5  1  8 1 1 1.148070 0 0 4159.164716 4159.665684 4159.665684 4159.665684 4161.669583 4162.817653 0 C 
  4 290 5 32 2 3 LH 1  4  6  5  9 1 1 1.488501 0 0 4164.090958 4164.591925 4164.591925 4164.591925 4166.595819 4168.084320 0 C 
  4 291 5 33 2 1 LN 0  6  4  5  4 0 1 0.980525 0 0 4169.351180 4169.852155 4169.852155 4169.852155 4171.856047 4172.836572 0 C 
  4 292 5 34 1 2 NL 0  6  5  6  4 0 1 1.386296 0 0 4174.110434 4174.611403 4174.611403 4174.611403 4176.615298 4178.001594 0 C 
  4 293 5 35 2 2 LL 1  5  6  4  5 1 1 1.702757 0 0 4179.270467 4179.771433 4179.771433 4179.771433 4181.775329 4183.478086 0 C 
  4 294 5 36 2 1 LN 0  5  5  6  5 0 1 2.906150 0 0 4184.747774 4185.248748 4185.248748 4185.248748 4187.252643 4190.158793 0 C 
  4 295 5 37 3 1 HN 0  6  6  9  6 0 1 4.097721 0 0 4191.427433 4191.928400 4191.928400 4191.928400 4193.932294 4198.030015 0 C 
  4 296 5 38 3 3 HH 1  6  6  9  3 1 1 1.392555 0 0 4199.292718 4199.793688 4199.793688 4199.793688 4201.797584 4203.190139 0 C 
  4 297 5 39 2 3 LH 1  4  5  5  2 1 1 2.789711 0 0 4204.452752 4204.953723 4204.953723 4204.953723 4206.957614 4209.747325 0 C 
  4 298 5 40 1 3 NH 0  6  5  6  8 0 1 1.108641 0 0 4211.015510 4211.516476 4211.516476 4211.516476 4213.520372 4214.629013 0 C 
  4 299 5 41 3 3 HH 1  6  4  9  1 1 1 1.064792 0 0 4215.891655 4216.392621 4216.392621 4216.392621 4218.396517 4219.461309 0 C 
  4 300 5 42 1 2 NL 0  4  5  4  6 0 1 0.845188 0 0 4220.734402 4221.235369 4221.235369 4221.235369 4223.239264 4224.084452 0 C 
  4 301 5 43 2 1 LN 0  6  4  5  4 0 1 1.404835 0 0 4225.343358 4225.844332 4225.844332 4225.844332 4227.848224 4229.253058 0 C 
  4 302 5 44 1 2 NL 0  6  4  6  5 0 1 1.698712 0 0 4230.520088 4231.021058 4231.021058 4231.021058 4233.024954 4234.723666 0 C 
  4 303 5 45 2 1 LN 0  5  5  6  5 0 1 3.663618 0 0 4235.997406 4236.498371 4236.498371 4236.498371 4238.502270 4242.165888 0 C 
  4 304 5 46 2 3 LH 1  5  5  4  8 1 1 1.553976 0 0 4243.428514 4243.929484 4243.929484 4243.929484 4245.933380 4247.487356 0 C 
  4 305 5 47 3 2 HL 1  4  6  1  5 1 1 1.392226 0 0 4248.755539 4249.256506 4249.256506 4249.256506 4251.260402 4252.652628 0 C 
  4 306 5 48 1 2 NL 0  5  4  5  5 0 1 1.402716 0 0 4253.915571 4254.416538 4254.416538 4254.416538 4256.420433 4257.823149 0 C 
  4 307 5 49 3 1 HN 0  6  5  3  5 0 1 1.426025 0 0 4259.092301 4259.593267 4259.593267 4259.593267 4261.597160 4263.023185 0 C 
  4 308 5 50 1 3 NH 0  5  5  5  2 0 1 0.815622 0 0 4264.285729 4264.786696 4264.786696 4264.786696 4266.790592 4267.606214 0 C 
  4 309 5 51 1 1 NN 0  6  6  6  6 0 1 0.694517 0 0 4268.877985 4269.378956 4269.378956 4269.378956 4271.382851 4272.077369 0 C 
  4 310 5 52 3 3 HH 1  4  4  1  1 1 1 1.075999 0 0 4273.336653 4273.837623 4273.837623 4273.837623 4275.841522 4276.917521 0 C 
  4 311 5 53 1 3 NH 0  4  4  4  1 0 1 1.403789 0 0 4278.179405 4278.680371 4278.680371 4278.680371 4280.684265 4282.088055 0 C 
  4 312 5 54 2 2 LL 1  4  5  5  4 1 1 1.771642 0 0 4283.356129 4283.857101 4283.857101 4283.857101 4285.860996 4287.632638 0 C 
  4 313 5 55 1 2 NL 0  4  5  4  6 0 1 1.444419 0 0 4288.900243 4289.401210 4289.401210 4289.401210 4291.405106 4292.849526 0 C 
  4 314 5 56 3 1 HN 0  6  5  3  5 0 1 1.665275 0 0 4294.110373 4294.611339 4294.611339 4294.611339 4296.615235 4298.280510 0 C 
  4 315 5 57 2 2 LL 1  5  4  4  5 1 1 2.643137 0 0 4299.554286 4300.055256 4300.055256 4300.055256 4302.059151 4304.702288 0 C 
  4 316 5 58 1 1 NN 0  5  5  5  5 0 1 1.176634 0 0 4305.966754 4306.467720 4306.467720 4306.467720 4308.471616 4309.648250 0 C 
  4 317 5 59 3 1 HN 0  5  6  2  6 0 1 2.847473 0 0 4310.909691 4311.410662 4311.410662 4311.410662 4313.414557 4316.262031 0 C 
  4 318 5 60 2 3 LH 1  4  6  5  3 0 0 2.524525 0 0 4317.522547 4318.023516 4318.023516 4318.023516 4320.027418 4322.551944 0 E 
  4 319 6  1 3 2 HL 1  6  5  9  6 1 1 4.295141 0 0 4348.248941 4348.749913 4348.749913 4348.749913 4350.753812 4355.048953 0 C 
  4 320 6  2 3 1 HN 0  4  5  1  5 0 1 2.388868 0 0 4356.314621 4356.815592 4356.815592 4356.815592 4358.819488 4361.208356 0 C 
  4 321 6  3 3 2 HL 1  5  4  8  5 1 1 1.430344 0 0 4362.476604 4362.977571 4362.977571 4362.977571 4364.981466 4366.411810 0 C 
  4 322 6  4 1 1 NN 0  5  6  5  6 0 1 1.416679 0 0 4367.686728 4368.187696 4368.187696 4368.187696 4370.191594 4371.608273 0 C 
  4 323 6  5 2 3 LH 1  4  4  5  7 1 1 1.865553 0 0 4372.880160 4373.381127 4373.381127 4373.381127 4375.385022 4377.250575 0 C 
  4 324 6  6 3 2 HL 1  4  5  1  6 1 1 1.150503 0 0 4378.524468 4379.025433 4379.025433 4379.025433 4381.029328 4382.179830 0 C 
  4 325 6  7 1 3 NH 0  4  6  4  9 0 1 1.392494 0 0 4383.450709 4383.951675 4383.951675 4383.951675 4385.955572 4387.348066 0 C 
  4 326 6  8 2 2 LL 1  5  5  6  4 1 1 1.086371 0 0 4388.610741 4389.111707 4389.111707 4389.111707 4391.115602 4392.201973 0 C 
  4 327 6  9 1 2 NL 0  4  4  4  5 0 1 1.298787 0 0 4393.470186 4393.971151 4393.971151 4393.971151 4395.975047 4397.273834 0 C 
  4 328 6 10 2 3 LH 1  6  5  5  2 1 1 2.494641 0 0 4398.546721 4399.047688 4399.047688 4399.047688 4401.051582 4403.546224 0 C 
  4 329 6 11 2 3 LH 1  4  5  5  8 1 1 3.424273 0 0 4404.808893 4405.309861 4405.309861 4405.309861 4407.313756 4410.738029 0 C 
  4 330 6 12 1 3 NH 0  5  5  5  8 0 1 1.763081 0 0 4412.006217 4412.507185 4412.507185 4412.507185 4414.511080 4416.274161 0 C 
  4 331 6 13 1 2 NL 0  5  6  5  5 0 1 1.659760 0 0 4417.533630 4418.034597 4418.034597 4418.034597 4420.038492 4421.698252 0 C 
  4 332 6 14 2 2 LL 1  4  6  5  5 1 1 2.258880 0 0 4422.960849 4423.461823 4423.461823 4423.461823 4425.465710 4427.724590 0 C 
  4 333 6 15 1 1 NN 0  5  6  5  6 0 1 1.504174 0 0 4428.989232 4429.490197 4429.490197 4429.490197 4431.494094 4432.998269 0 C 
  4 334 6 16 2 2 LL 1  6  5  5  6 1 1 4.819814 0 0 4434.266156 4434.767127 4434.767127 4434.767127 4436.771019 4441.590833 0 C 
  4 335 6 17 2 2 LL 1  6  4  5  5 1 1 3.122907 0 0 4442.866207 4443.367174 4443.367174 4443.367174 4445.371070 4448.493977 0 C 
  4 336 6 18 1 1 NN 0  6  4  6  4 0 1 0.978939 0 0 4449.762946 4450.263916 4450.263916 4450.263916 4452.267809 4453.246748 0 C 
  4 337 6 19 3 2 HL 1  6  5  9  6 1 1 1.738708 0 0 4454.522199 4455.023166 4455.023166 4455.023166 4457.027061 4458.765769 0 C 
  4 338 6 20 2 2 LL 1  5  4  6  5 1 1 2.781059 0 0 4460.032911 4460.533878 4460.533878 4460.533878 4462.537774 4465.318832 0 C 
  4 339 6 21 2 2 LL 1  5  5  4  6 1 1 1.503819 0 0 4466.578972 4467.079937 4467.079937 4467.079937 4469.083833 4470.587651 0 C 
  4 340 6 22 2 2 LL 1  5  5  6  4 1 1 2.655231 0 0 4471.855895 4472.356861 4472.356861 4472.356861 4474.360756 4477.015988 0 C 
  4 341 6 23 2 2 LL 1  5  5  6  6 1 1 2.494733 0 0 4478.285058 4478.786025 4478.786025 4478.786025 4480.789932 4483.284665 0 C 
  4 342 6 24 3 1 HN 0  6  5  3  5 0 1 2.188476 0 0 4484.547229 4485.048196 4485.048196 4485.048196 4487.052094 4489.240571 0 C 
  4 343 6 25 1 3 NH 0  6  6  6  3 0 1 2.567030 0 0 4490.508821 4491.009787 4491.009787 4491.009787 4493.013682 4495.580711 0 C 
  4 344 6 26 1 2 NL 0  5  4  5  5 0 1 1.793342 0 0 4496.854489 4497.355455 4497.355455 4497.355455 4499.359350 4501.152692 0 C 
  4 345 6 27 3 3 HH 1  5  4  2  1 1 1 1.301772 0 0 4502.415299 4502.916265 4502.916265 4502.916265 4504.920162 4506.221934 0 C 
  4 346 6 28 2 1 LN 0  6  5  5  5 0 1 3.580186 0 0 4507.491831 4507.992801 4507.992801 4507.992801 4509.996696 4513.576883 0 C 
  4 347 6 29 3 3 HH 1  6  4  9  1 1 1 1.280453 0 0 4514.839452 4515.340417 4515.340417 4515.340417 4517.344313 4518.624766 0 C 
  4 348 6 30 2 1 LN 0  5  4  4  4 0 1 1.620788 0 0 4519.899283 4520.400253 4520.400253 4520.400253 4522.404155 4524.024943 0 C 
  4 349 6 31 1 2 NL 0  4  5  4  6 0 1 2.290819 0 0 4525.293107 4525.794072 4525.794072 4525.794072 4527.797967 4530.088786 0 C 
  4 350 6 32 2 2 LL 1  6  4  5  5 1 1 1.949959 0 0 4531.354884 4531.855855 4531.855855 4531.855855 4533.859751 4535.809710 0 C 
  4 351 6 33 2 3 LH 1  6  6  5  3 1 1 1.331225 0 0 4537.082691 4537.583661 4537.583661 4537.583661 4539.587552 4540.918777 0 C 
  4 352 6 34 1 3 NH 0  5  5  5  2 0 1 1.520592 0 0 4542.192623 4542.693590 4542.693590 4542.693590 4544.697485 4546.218077 0 C 
  4 353 6 35 1 3 NH 0  4  6  4  3 0 1 1.418903 0 0 4547.486245 4547.987212 4547.987212 4547.987212 4549.991108 4551.410011 0 C 
  4 354 6 36 1 3 NH 0  5  5  5  8 0 1 1.222422 0 0 4552.679675 4553.180642 4553.180642 4553.180642 4555.184537 4556.406959 0 C 
  4 355 6 37 1 3 NH 0  5  6  5  3 0 1 1.348336 0 0 4557.672714 4558.173681 4558.173681 4558.173681 4560.177577 4561.525913 0 C 
  4 356 6 38 2 2 LL 1  5  4  4  5 1 1 2.672808 0 0 4562.799344 4563.300314 4563.300314 4563.300314 4565.304210 4567.977017 0 C 
  4 357 6 39 2 2 LL 1  5  5  4  6 1 1 0.993955 0 0 4569.245208 4569.746178 4569.746178 4569.746178 4571.750073 4572.744028 0 C 
  4 358 6 40 1 2 NL 0  4  4  4  5 0 1 1.461586 0 0 4574.004460 4574.505428 4574.505428 4574.505428 4576.509325 4577.970911 0 C 
  4 359 6 41 3 3 HH 1  6  4  9  7 1 1 1.214367 0 0 4579.231289 4579.732256 4579.732256 4579.732256 4581.736151 4582.950518 0 C 
  4 360 6 42 2 3 LH 1  5  4  4  7 1 1 2.562373 0 0 4584.224329 4584.725295 4584.725295 4584.725295 4586.729191 4589.291564 0 C 
  4 361 6 43 1 2 NL 0  5  4  5  5 0 1 2.065102 0 0 4590.553298 4591.054269 4591.054269 4591.054269 4593.058168 4595.123270 0 C 
  4 362 6 44 1 1 NN 0  5  5  5  5 0 1 1.297642 0 0 4596.397996 4596.898960 4596.898960 4596.898960 4598.902855 4600.200497 0 C 
  4 363 6 45 3 3 HH 1  4  5  7  8 1 1 0.790371 0 0 4601.474529 4601.975495 4601.975495 4601.975495 4603.979391 4604.769762 0 C 
  4 364 6 46 3 2 HL 1  5  5  2  4 1 1 1.561025 0 0 4606.033396 4606.534358 4606.534358 4606.534358 4608.538253 4610.099278 0 C 
  4 365 6 47 2 3 LH 1  5  6  6  3 1 1 2.223854 0 0 4611.360412 4611.861380 4611.861380 4611.861380 4613.865275 4616.089128 0 C 
  4 366 6 48 3 1 HN 0  5  5  2  5 0 1 3.656459 0 0 4617.355406 4617.856365 4617.856365 4617.856365 4619.860262 4623.516721 0 C 
  4 367 6 49 3 2 HL 1  5  6  8  5 1 1 2.177456 0 0 4624.786512 4625.287477 4625.287477 4625.287477 4627.291373 4629.468830 0 C 
  4 368 6 50 2 1 LN 0  5  4  6  4 0 1 2.036416 0 0 4630.731400 4631.232367 4631.232367 4631.232367 4633.236264 4635.272679 0 C 
  4 369 6 51 3 2 HL 1  6  6  3  5 1 1 2.027154 0 0 4636.542698 4637.043664 4637.043664 4637.043664 4639.047571 4641.074725 0 C 
  4 370 6 52 3 2 HL 1  5  4  2  5 1 1 1.594221 0 0 4642.337292 4642.838262 4642.838262 4642.838262 4644.842157 4646.436378 0 C 
  4 371 6 53 3 3 HH 1  4  4  7  7 1 1 1.027481 0 0 4647.697717 4648.198684 4648.198684 4648.198684 4650.202576 4651.230058 0 C 
  4 372 6 54 2 1 LN 0  6  4  5  4 0 1 1.461690 0 0 4652.490362 4652.991332 4652.991332 4652.991332 4654.995228 4656.456918 0 C 
  4 373 6 55 3 2 HL 1  6  5  9  6 1 1 1.133394 0 0 4657.717197 4658.218159 4658.218159 4658.218159 4660.222061 4661.355455 0 C 
  4 374 6 56 1 1 NN 0  5  6  5  6 0 1 1.198176 0 0 4662.626736 4663.127702 4663.127702 4663.127702 4665.131599 4666.329774 0 C 
  4 375 6 57 3 3 HH 1  5  6  2  9 1 1 1.303507 0 0 4667.603077 4668.104044 4668.104044 4668.104044 4670.107939 4671.411446 0 C 
  4 376 6 58 3 3 HH 1  5  4  8  7 1 1 1.665128 0 0 4672.679611 4673.180578 4673.180578 4673.180578 4675.184471 4676.849599 0 C 
  4 377 6 59 2 3 LH 1  5  5  4  2 1 1 2.110697 0 0 4678.123527 4678.624495 4678.624495 4678.624495 4680.628390 4682.739087 0 C 
  4 378 6 60 1 1 NN 0  6  4  6  4 0 1 0.712717 0 0 4684.001628 4684.502587 4684.502587 4684.502587 4686.506487 4687.219204 0 C 
