 26   1 0 43 2 3 LH 1  6  5  5  2 1 1 15.689713 0 0 2234.570948 2235.075600 2235.075600 2235.075600 2237.077416 2252.767129 0 C 
 26   2 0 44 3 3 HH 1  6  5  3  2 1 1 2.487852 0 0 2254.033984 2254.538638 2254.538638 2254.538638 2256.540454 2259.028306 0 C 
 26   3 0 45 2 3 LH 1  6  5  5  2 1 1 1.933655 0 0 2260.291764 2260.796417 2260.796417 2260.796417 2262.798235 2264.731890 0 C 
 26   4 0 46 1 3 NH 0  5  4  5  1 0 1 1.302191 0 0 2265.994416 2266.499070 2266.499070 2266.499070 2268.500885 2269.803076 0 C 
 26   5 0 47 3 2 HL 1  6  6  3  5 1 1 1.828324 0 0 2271.074653 2271.579310 2271.579310 2271.579310 2273.581126 2275.409450 0 C 
 26   6 0 48 3 1 HN 0  6  4  3  4 0 1 0.965206 0 0 2276.676375 2277.181030 2277.181030 2277.181030 2279.182847 2280.148053 0 C 
 26   7 0 49 2 2 LL 1  5  6  6  5 1 1 1.978766 0 0 2281.420177 2281.924830 2281.924830 2281.924830 2283.926647 2285.905413 0 C 
 26   8 0 50 2 2 LL 1  4  5  5  4 1 1 1.473881 0 0 2287.173304 2287.677949 2287.677949 2287.677949 2289.679765 2291.153647 0 C 
 26   9 0 51 1 2 NL 0  5  4  5  5 0 1 1.019763 0 0 2292.421756 2292.926409 2292.926409 2292.926409 2294.928225 2295.947988 0 C 
 26  10 0 52 2 1 LN 0  6  6  5  6 0 1 1.342270 0 0 2297.216018 2297.720675 2297.720675 2297.720675 2299.722491 2301.064760 0 C 
 26  11 0 53 1 2 NL 0  5  6  5  5 0 1 1.633116 0 0 2302.329903 2302.834558 2302.834558 2302.834558 2304.836376 2306.469492 0 C 
 26  12 0 54 1 2 NL 0  5  6  5  5 0 1 1.103564 0 0 2307.746588 2308.251237 2308.251237 2308.251237 2310.253054 2311.356619 0 C 
 26  13 0 55 2 2 LL 1  4  6  5  5 1 1 1.640405 0 0 2312.624957 2313.129612 2313.129612 2313.129612 2315.131430 2316.771836 0 C 
 26  14 0 56 1 3 NH 0  6  6  6  9 0 1 1.025528 0 0 2318.041638 2318.546293 2318.546293 2318.546293 2320.548111 2321.573639 0 C 
 26  15 0 57 1 1 NN 0  6  4  6  4 0 1 0.859474 0 0 2322.835906 2323.340558 2323.340558 2323.340558 2325.342375 2326.201849 0 C 
 26  16 0 58 2 1 LN 0  6  6  5  6 0 1 0.980722 0 0 2327.478774 2327.983427 2327.983427 2327.983427 2329.985243 2330.965966 0 C 
 26  17 0 59 1 1 NN 0  4  5  4  5 1 0 0.892875 0 0 2332.239392 2332.744049 2332.744049 2332.744049 2334.745865 2335.638740 0 E 
 26  18 0 60 2 3 LH 1  5  6  4  3 1 1 2.326573 0 0 2336.915908 2337.420561 2337.420561 2337.420561 2339.422377 2341.748949 0 C 
 26  19 1  1 3 3 HH 1  5  4  8  1 1 1 1.003793 0 0 2348.943627 2349.448280 2349.448280 2349.448280 2351.450096 2352.453889 0 C 
 26  20 1  2 3 3 HH 1  4  5  1  8 1 1 0.832023 0 0 2353.721071 2354.225724 2354.225724 2354.225724 2356.227540 2357.059564 0 C 
 26  21 1  3 2 1 LN 0  6  6  5  6 0 1 1.952145 0 0 2358.330296 2358.834953 2358.834953 2358.834953 2360.836765 2362.788910 0 C 
 26  22 1  4 1 3 NH 0  5  5  5  2 0 1 0.632131 0 0 2364.049770 2364.554422 2364.554422 2364.554422 2366.556239 2367.188370 0 C 
 26  23 1  5 2 1 LN 0  5  4  4  4 0 1 0.992347 0 0 2368.457131 2368.961784 2368.961784 2368.961784 2370.963600 2371.955947 0 C 
 26  24 1  6 2 3 LH 1  5  5  6  8 1 1 1.114268 0 0 2373.217754 2373.722406 2373.722406 2373.722406 2375.724222 2376.838490 0 C 
 26  25 1  7 3 2 HL 1  5  4  8  5 1 1 1.388609 0 0 2378.112954 2378.617603 2378.617603 2378.617603 2380.619419 2382.008028 0 C 
 26  26 1  8 2 3 LH 1  6  4  5  1 1 1 1.334923 0 0 2383.277296 2383.781953 2383.781953 2383.781953 2385.783769 2387.118692 0 C 
 26  27 1  9 3 1 HN 0  5  6  8  6 0 1 1.124923 0 0 2388.391180 2388.895836 2388.895836 2388.895836 2390.897656 2392.022579 0 C 
 26  28 1 10 3 2 HL 1  6  5  9  6 1 1 1.236204 0 0 2393.286377 2393.791034 2393.791034 2393.791034 2395.792850 2397.029054 0 C 
 26  29 1 11 1 1 NN 0  4  6  4  6 0 1 1.519038 0 0 2398.299329 2398.803986 2398.803986 2398.803986 2400.805802 2402.324840 0 C 
 26  30 1 12 3 3 HH 1  5  4  8  7 1 1 0.788090 0 0 2403.598255 2404.102911 2404.102911 2404.102911 2406.104728 2406.892818 0 C 
 26  31 1 13 3 3 HH 1  4  6  1  3 1 1 0.920648 0 0 2408.157012 2408.661669 2408.661669 2408.661669 2410.663486 2411.584134 0 C 
 26  32 1 14 1 1 NN 0  4  6  4  6 0 1 0.620848 0 0 2412.850350 2413.355004 2413.355004 2413.355004 2415.356820 2415.977668 0 C 
 26  33 1 15 3 2 HL 1  5  5  2  4 1 1 1.075775 0 0 2417.240888 2417.745540 2417.745540 2417.745540 2419.747363 2420.823137 0 C 
 26  34 1 16 3 2 HL 1  4  5  7  4 1 1 1.109696 0 0 2422.085617 2422.590273 2422.590273 2422.590273 2424.592090 2425.701786 0 C 
 26  35 1 17 3 2 HL 1  4  6  7  5 1 1 1.550495 0 0 2426.963993 2427.468649 2427.468649 2427.468649 2429.470465 2431.020960 0 C 
 26  36 1 18 2 2 LL 1  6  5  5  6 1 1 1.412889 0 0 2432.296562 2432.801219 2432.801219 2432.801219 2434.803035 2436.215923 0 C 
 26  37 1 19 1 1 NN 0  4  5  4  5 0 1 1.185512 0 0 2437.477734 2437.982390 2437.982390 2437.982390 2439.984206 2441.169719 0 C 
 26  38 1 20 1 1 NN 0  4  4  4  4 0 1 0.726537 0 0 2442.440223 2442.944876 2442.944876 2442.944876 2444.946694 2445.673231 0 C 
 26  39 1 21 1 1 NN 0  4  5  4  5 0 1 0.571639 0 0 2446.948515 2447.453168 2447.453168 2447.453168 2449.454987 2450.026626 0 C 
 26  40 1 22 2 3 LH 1  5  4  6  1 1 1 0.987195 0 0 2451.288594 2451.793240 2451.793240 2451.793240 2453.795056 2454.782251 0 C 
 26  41 1 23 3 3 HH 1  5  4  8  7 1 1 0.841781 0 0 2456.049205 2456.553862 2456.553862 2456.553862 2458.555681 2459.397462 0 C 
 26  42 1 24 3 3 HH 1  6  6  3  3 1 1 0.987332 0 0 2460.658431 2461.163086 2461.163086 2461.163086 2463.164902 2464.152234 0 C 
 26  43 1 25 2 3 LH 1  5  6  4  9 1 1 0.720698 0 0 2465.419051 2465.923708 2465.923708 2465.923708 2467.925528 2468.646226 0 C 
 26  44 1 26 2 3 LH 1  5  4  4  1 1 1 0.985988 0 0 2469.910525 2470.415177 2470.415177 2470.415177 2472.416995 2473.402983 0 C 
 26  45 1 27 1 3 NH 0  6  5  6  8 1 0 0.853498 0 0 2474.671143 2475.175800 2475.175800 2475.175800 2477.177616 2478.031115 0 E 
 26  46 1 28 2 2 LL 1  6  5  5  6 1 1 1.390723 0 0 2479.297193 2479.801846 2479.801846 2479.801846 2481.803663 2483.194386 0 C 
 26  47 1 29 1 3 NH 0  6  5  6  2 0 1 0.904678 0 0 2484.461542 2484.966195 2484.966195 2484.966195 2486.968011 2487.872689 0 C 
 26  48 1 30 3 3 HH 1  6  4  3  7 1 1 2.487223 0 0 2489.138051 2489.642708 2489.642708 2489.642708 2491.644525 2494.131748 0 C 
 26  49 1 31 1 3 NH 0  6  6  6  9 0 1 1.130778 0 0 2495.395829 2495.900486 2495.900486 2495.900486 2497.902302 2499.033080 0 C 
 26  50 1 32 3 2 HL 1  4  6  7  5 1 1 0.931673 0 0 2500.307853 2500.812507 2500.812507 2500.812507 2502.814323 2503.745996 0 C 
 26  51 1 33 1 3 NH 0  6  4  6  1 0 1 1.269296 0 0 2505.018008 2505.522662 2505.522662 2505.522662 2507.524478 2508.793774 0 C 
 26  52 1 34 2 3 LH 1  4  5  5  8 1 1 2.735783 0 0 2510.064603 2510.569258 2510.569258 2510.569258 2512.571074 2515.306857 0 C 
 26  53 1 35 3 3 HH 1  5  4  8  1 1 1 1.606736 0 0 2516.574710 2517.079366 2517.079366 2517.079366 2519.081182 2520.687919 0 C 
 26  54 1 36 3 1 HN 0  5  4  8  4 0 1 1.352339 0 0 2521.957745 2522.462401 2522.462401 2522.462401 2524.464218 2525.816557 0 C 
 26  55 1 37 1 3 NH 0  5  4  5  1 0 1 1.501819 0 0 2527.088450 2527.593107 2527.593107 2527.593107 2529.594927 2531.096746 0 C 
 26  56 1 38 1 1 NN 0  4  4  4  4 0 1 0.832102 0 0 2532.370557 2532.875208 2532.875208 2532.875208 2534.877027 2535.709129 0 C 
 26  57 1 39 3 1 HN 0  5  4  8  4 0 1 1.075553 0 0 2536.979783 2537.484435 2537.484435 2537.484435 2539.486251 2540.561804 0 C 
 26  58 1 40 3 1 HN 0  5  6  2  6 0 1 1.517450 0 0 2541.824513 2542.329167 2542.329167 2542.329167 2544.330983 2545.848434 0 C 
 26  59 1 41 2 3 LH 1  4  4  5  1 1 1 1.076098 0 0 2547.123442 2547.628092 2547.628092 2547.628092 2549.629909 2550.706007 0 C 
 26  60 1 42 3 2 HL 1  4  6  1  5 1 1 3.584485 0 0 2551.968168 2552.472826 2552.472826 2552.472826 2554.474640 2558.059125 0 C 
 26  61 1 43 1 1 NN 0  5  6  5  6 0 1 1.102577 0 0 2559.336202 2559.840853 2559.840853 2559.840853 2561.842668 2562.945245 0 C 
 26  62 1 44 2 3 LH 1  6  4  5  1 1 1 2.104383 0 0 2564.214573 2564.719230 2564.719230 2564.719230 2566.721045 2568.825428 0 C 
 26  63 1 45 2 1 LN 0  5  6  4  6 0 1 1.401833 0 0 2570.102270 2570.606922 2570.606922 2570.606922 2572.608740 2574.010573 0 C 
 26  64 1 46 3 1 HN 0  5  5  8  5 0 1 1.871758 0 0 2575.283444 2575.788095 2575.788095 2575.788095 2577.789912 2579.661670 0 C 
 26  65 1 47 1 1 NN 0  6  5  6  5 0 1 1.363736 0 0 2580.935630 2581.440283 2581.440283 2581.440283 2583.442099 2584.805835 0 C 
 26  66 1 48 3 1 HN 0  4  4  7  4 0 1 3.911579 0 0 2586.083154 2586.587810 2586.587810 2586.587810 2588.589626 2592.501205 0 C 
 26  67 1 49 3 1 HN 0  5  6  8  6 0 1 1.096903 0 0 2593.770804 2594.275457 2594.275457 2594.275457 2596.277274 2597.374177 0 C 
 26  68 1 50 2 1 LN 0  4  4  5  4 0 1 3.264252 0 0 2598.649181 2599.153833 2599.153833 2599.153833 2601.155650 2604.419902 0 C 
 26  69 1 51 2 3 LH 1  5  6  6  3 1 1 2.072383 0 0 2605.680770 2606.185424 2606.185424 2606.185424 2608.187240 2610.259623 0 C 
 26  70 1 52 2 2 LL 1  4  4  5  5 1 1 1.153653 0 0 2611.534821 2612.039475 2612.039475 2612.039475 2614.041295 2615.194948 0 C 
 26  71 1 53 3 1 HN 0  4  4  7  4 0 1 1.402208 0 0 2616.463663 2616.968316 2616.968316 2616.968316 2618.970131 2620.372339 0 C 
 26  72 1 54 2 2 LL 1  6  6  5  5 1 1 0.997067 0 0 2621.644837 2622.149488 2622.149488 2622.149488 2624.151304 2625.148372 0 C 
 26  73 1 55 2 3 LH 1  4  4  5  1 1 1 0.770698 0 0 2626.422279 2626.926931 2626.926931 2626.926931 2628.928752 2629.699450 0 C 
 26  74 1 56 1 3 NH 0  4  5  4  2 0 1 1.086420 0 0 2630.964221 2631.468867 2631.468867 2631.468867 2633.470684 2634.557103 0 C 
 26  75 1 57 1 1 NN 0  5  5  5  5 0 1 0.803483 0 0 2635.825765 2636.330421 2636.330421 2636.330421 2638.332238 2639.135721 0 C 
 26  76 1 58 2 3 LH 1  4  4  5  1 1 1 0.947604 0 0 2640.401345 2640.906001 2640.906001 2640.906001 2642.907818 2643.855422 0 C 
 26  77 1 59 3 3 HH 1  6  6  9  9 1 1 1.052895 0 0 2645.128323 2645.632979 2645.632979 2645.632979 2647.634796 2648.687691 0 C 
 26  78 1 60 1 2 NL 0  5  5  5  4 0 1 0.910144 0 0 2649.956233 2650.460889 2650.460889 2650.460889 2652.462705 2653.372849 0 C 
 26  79 2  1 2 1 LN 0  4  6  5  6 0 1 1.179565 0 0 2666.256738 2666.761396 2666.761396 2666.761396 2668.763209 2669.942775 0 C 
 26  80 2  2 2 1 LN 0  6  5  5  5 0 1 1.362613 0 0 2671.219226 2671.723879 2671.723879 2671.723879 2673.725700 2675.088313 0 C 
 26  81 2  3 2 2 LL 1  6  4  5  5 1 1 0.903907 0 0 2676.349928 2676.854585 2676.854585 2676.854585 2678.856403 2679.760309 0 C 
 26  82 2  4 2 3 LH 1  5  6  4  3 1 1 1.772686 0 0 2681.026443 2681.531097 2681.531097 2681.531097 2683.532913 2685.305599 0 C 
 26  83 2  5 1 1 NN 0  4  6  4  6 0 1 0.594472 0 0 2686.577700 2687.082351 2687.082351 2687.082351 2689.084171 2689.678643 0 C 
 26  84 2  6 3 2 HL 1  5  4  8  5 1 1 1.508191 0 0 2690.951415 2691.456068 2691.456068 2691.456068 2693.457886 2694.966078 0 C 
 26  85 2  7 1 3 NH 0  5  5  5  8 0 1 0.898366 0 0 2696.233519 2696.738172 2696.738172 2696.738172 2698.739988 2699.638354 0 C 
 26  86 2  8 1 3 NH 0  6  6  6  9 0 1 0.815863 0 0 2700.910029 2701.414684 2701.414684 2701.414684 2703.416500 2704.232363 0 C 
 26  87 2  9 2 3 LH 1  6  5  5  2 1 1 1.445583 0 0 2705.502429 2706.007085 2706.007085 2706.007085 2708.008902 2709.454484 0 C 
 26  88 2 10 2 1 LN 0  4  6  5  6 0 1 1.838849 0 0 2710.717248 2711.221901 2711.221901 2711.221901 2713.223717 2715.062567 0 C 
 26  89 2 11 1 2 NL 0  6  4  6  5 0 1 1.984137 0 0 2716.335788 2716.840444 2716.840444 2716.840444 2718.842260 2720.826398 0 C 
 26  90 2 12 3 1 HN 0  5  6  2  6 0 1 1.108674 0 0 2722.088915 2722.593564 2722.593564 2722.593564 2724.595380 2725.704054 0 C 
 26  91 2 13 1 2 NL 0  6  6  6  5 0 1 0.920670 0 0 2726.967283 2727.471939 2727.471939 2727.471939 2729.473755 2730.394424 0 C 
 26  92 2 14 3 3 HH 1  4  4  1  1 1 1 2.179414 0 0 2731.660619 2732.165273 2732.165273 2732.165273 2734.167089 2736.346503 0 C 
 26  93 2 15 3 1 HN 0  6  4  9  4 0 1 1.336018 0 0 2737.615603 2738.120256 2738.120256 2738.120256 2740.122077 2741.458095 0 C 
 26  94 2 16 3 2 HL 1  6  6  9  5 1 1 0.947952 0 0 2742.729484 2743.234139 2743.234139 2743.234139 2745.235956 2746.183908 0 C 
 26  95 2 17 3 3 HH 1  5  6  2  3 1 1 1.462004 0 0 2747.456464 2747.961118 2747.961118 2747.961118 2749.962934 2751.424938 0 C 
 26  96 2 18 3 3 HH 1  5  4  8  1 1 1 2.481467 0 0 2752.688100 2753.192755 2753.192755 2753.192755 2755.194571 2757.676038 0 C 
 26  97 2 19 3 3 HH 1  4  6  7  9 1 1 6.029204 0 0 2758.945881 2759.450533 2759.450533 2759.450533 2761.452350 2767.481554 0 C 
 26  98 2 20 2 2 LL 1  4  4  5  5 1 1 0.910225 0 0 2768.753103 2769.257751 2769.257751 2769.257751 2771.259568 2772.169793 0 C 
 26  99 2 21 2 3 LH 1  5  6  6  9 1 1 1.507123 0 0 2773.446432 2773.951086 2773.951086 2773.951086 2775.952902 2777.460025 0 C 
 26 100 2 22 3 1 HN 0  6  6  9  6 0 1 1.141375 0 0 2778.728534 2779.233189 2779.233189 2779.233189 2781.235005 2782.376380 0 C 
 26 101 2 23 3 2 HL 1  5  4  2  5 1 1 1.469895 0 0 2783.640557 2784.145208 2784.145208 2784.145208 2786.147024 2787.616919 0 C 
 26 102 2 24 1 3 NH 0  5  5  5  8 0 1 0.865465 0 0 2788.889015 2789.393668 2789.393668 2789.393668 2791.395484 2792.260949 0 C 
 26 103 2 25 3 2 HL 1  4  4  7  5 1 1 1.325003 0 0 2793.531880 2794.036536 2794.036536 2794.036536 2796.038352 2797.363355 0 C 
 26 104 2 26 1 2 NL 0  5  5  5  6 0 1 0.621926 0 0 2798.628949 2799.133599 2799.133599 2799.133599 2801.135413 2801.757339 0 C 
 26 105 2 27 2 1 LN 0  5  4  4  4 0 1 0.621604 0 0 2803.019485 2803.524138 2803.524138 2803.524138 2805.525952 2806.147556 0 C 
 26 106 2 28 1 1 NN 0  6  5  6  5 0 1 1.985933 0 0 2807.410020 2807.914674 2807.914674 2807.914674 2809.916494 2811.902427 0 C 
 26 107 2 29 3 2 HL 1  5  5  8  6 1 1 0.997998 0 0 2813.179961 2813.684615 2813.684615 2813.684615 2815.686436 2816.684434 0 C 
 26 108 2 30 1 3 NH 0  5  4  5  1 0 1 3.163300 0 0 2817.957403 2818.462059 2818.462059 2818.462059 2820.463875 2823.627175 0 C 
 26 109 2 31 2 1 LN 0  6  6  5  6 0 1 1.063733 0 0 2824.888073 2825.392718 2825.392718 2825.392718 2827.394535 2828.458268 0 C 
 26 110 2 32 3 2 HL 1  5  4  2  5 1 1 1.285460 0 0 2829.732795 2830.237449 2830.237449 2830.237449 2832.239265 2833.524725 0 C 
 26 111 2 33 1 2 NL 0  6  6  6  5 0 1 1.691520 0 0 2834.796210 2835.300866 2835.300866 2835.300866 2837.302683 2838.994202 0 C 
 26 112 2 34 3 2 HL 1  5  6  8  5 1 1 1.125252 0 0 2840.263356 2840.768011 2840.768011 2840.768011 2842.769828 2843.895080 0 C 
 26 113 2 35 2 2 LL 1  4  6  5  5 1 1 1.667414 0 0 2845.158552 2845.663209 2845.663209 2845.663209 2847.665025 2849.332440 0 C 
 26 114 2 36 3 3 HH 1  5  4  2  7 1 1 2.543389 0 0 2850.608879 2851.113533 2851.113533 2851.113533 2853.115349 2855.658738 0 C 
 26 115 2 37 1 3 NH 0  6  4  6  7 0 1 0.875836 0 0 2856.933943 2857.438599 2857.438599 2857.438599 2859.440417 2860.316253 0 C 
 26 116 2 38 1 1 NN 0  5  5  5  5 0 1 0.632118 0 0 2861.593636 2862.098290 2862.098290 2862.098290 2864.100108 2864.732225 0 C 
 26 117 2 39 2 1 LN 0  6  6  5  6 0 1 1.202264 0 0 2866.000993 2866.505649 2866.505649 2866.505649 2868.507466 2869.709730 0 C 
 26 118 2 40 2 2 LL 1  6  6  5  5 1 1 0.904230 0 0 2870.980303 2871.484958 2871.484958 2871.484958 2873.486774 2874.391003 0 C 
 26 119 2 41 2 3 LH 1  5  6  6  9 1 1 1.464270 0 0 2875.656816 2876.161470 2876.161470 2876.161470 2878.163285 2879.627555 0 C 
 26 120 2 42 2 3 LH 1  5  4  6  1 1 1 2.283303 0 0 2880.888453 2881.393107 2881.393107 2881.393107 2883.394923 2885.678226 0 C 
 26 121 2 43 2 2 LL 1  4  6  5  5 1 1 0.859214 0 0 2886.944370 2887.449021 2887.449021 2887.449021 2889.450838 2890.310052 0 C 
 26 122 2 44 1 3 NH 0  6  4  6  7 0 1 0.814741 0 0 2891.587242 2892.091889 2892.091889 2892.091889 2894.093706 2894.908447 0 C 
 26 123 2 45 3 3 HH 1  5  5  2  2 1 1 0.970753 0 0 2896.179636 2896.684292 2896.684292 2896.684292 2898.686108 2899.656861 0 C 
 26 124 2 46 1 1 NN 0  4  4  4  4 0 1 0.577722 0 0 2900.923438 2901.428092 2901.428092 2901.428092 2903.429907 2904.007629 0 C 
 26 125 2 47 2 2 LL 1  4  5  5  4 1 1 1.562631 0 0 2905.280332 2905.784986 2905.784986 2905.784986 2907.786807 2909.349438 0 C 
 26 126 2 48 2 2 LL 1  6  5  5  4 1 1 2.183813 0 0 2910.612901 2911.117555 2911.117555 2911.117555 2913.119371 2915.303185 0 C 
 26 127 2 49 3 2 HL 1  6  4  3  5 1 1 1.075177 0 0 2916.567890 2917.072537 2917.072537 2917.072537 2919.074354 2920.149531 0 C 
 26 128 2 50 1 1 NN 0  4  6  4  6 0 1 1.922549 0 0 2921.412613 2921.917271 2921.917271 2921.917271 2923.919094 2925.841643 0 C 
 26 129 2 51 3 2 HL 1  5  6  8  5 1 1 1.257907 0 0 2927.115266 2927.619923 2927.619923 2927.619923 2929.621743 2930.879650 0 C 
 26 130 2 52 3 1 HN 0  5  4  8  4 0 1 1.037566 0 0 2932.145040 2932.649697 2932.649697 2932.649697 2934.651514 2935.689081 0 C 
 26 131 2 53 2 3 LH 1  5  5  6  8 1 1 1.059268 0 0 2936.956127 2937.460784 2937.460784 2937.460784 2939.462601 2940.521869 0 C 
 26 132 2 54 1 3 NH 0  5  5  5  2 0 1 0.726948 0 0 2941.784038 2942.288694 2942.288694 2942.288694 2944.290512 2945.017460 0 C 
 26 133 2 55 1 3 NH 0  4  4  4  7 0 1 0.649342 0 0 2946.292330 2946.796987 2946.796987 2946.796987 2948.798803 2949.448145 0 C 
 26 134 2 56 3 3 HH 1  4  5  7  8 1 1 0.992133 0 0 2950.716512 2951.221168 2951.221168 2951.221168 2953.222985 2954.215118 0 C 
 26 135 2 57 3 2 HL 1  5  5  8  4 1 1 1.286492 0 0 2955.477134 2955.981790 2955.981790 2955.981790 2957.983607 2959.270098 0 C 
 26 136 2 58 1 1 NN 0  6  4  6  4 0 1 0.915281 0 0 2960.540556 2961.045208 2961.045208 2961.045208 2963.047024 2963.962306 0 C 
 26 137 2 59 2 3 LH 1  4  5  5  2 1 1 1.451127 0 0 2965.233890 2965.738542 2965.738542 2965.738542 2967.740358 2969.191486 0 C 
 26 138 2 60 1 2 NL 0  4  6  4  5 0 1 1.428413 0 0 2970.465526 2970.970179 2970.970179 2970.970179 2972.971996 2974.400409 0 C 
 26 139 3  1 2 2 LL 1  5  4  4  5 1 1 1.917885 0 0 2996.775119 2997.279766 2997.279766 2997.279766 2999.281582 3001.199467 0 C 
 26 140 3  2 2 1 LN 0  5  5  4  5 0 1 1.491049 0 0 3002.460943 3002.965599 3002.965599 3002.965599 3004.967412 3006.458461 0 C 
 26 141 3  3 3 1 HN 0  4  4  1  4 0 1 2.016332 0 0 3007.726225 3008.230877 3008.230877 3008.230877 3010.232694 3012.249026 0 C 
 26 142 3  4 2 2 LL 1  6  4  5  5 1 1 0.870670 0 0 3013.512984 3014.017641 3014.017641 3014.017641 3016.019461 3016.890131 0 C 
 26 143 3  5 2 2 LL 1  4  5  5  6 1 1 0.981674 0 0 3018.155852 3018.660509 3018.660509 3018.660509 3020.662323 3021.643997 0 C 
 26 144 3  6 1 1 NN 0  5  5  5  5 0 1 0.571452 0 0 3022.916474 3023.421130 3023.421130 3023.421130 3025.422947 3025.994399 0 C 
 26 145 3  7 2 3 LH 1  4  5  5  2 1 1 0.998494 0 0 3027.256550 3027.761203 3027.761203 3027.761203 3029.763022 3030.761516 0 C 
 26 146 3  8 3 3 HH 1  5  5  2  2 1 1 0.821000 0 0 3032.033991 3032.538647 3032.538647 3032.538647 3034.540463 3035.361463 0 C 
 26 147 3  9 3 3 HH 1  6  6  3  9 1 1 1.069535 0 0 3036.626392 3037.131049 3037.131049 3037.131049 3039.132865 3040.202399 0 C 
 26 148 3 10 2 3 LH 1  6  4  5  7 1 1 0.771009 0 0 3041.471127 3041.975781 3041.975781 3041.975781 3043.977597 3044.748606 0 C 
 26 149 3 11 3 3 HH 1  6  5  3  8 1 1 1.153745 0 0 3046.013064 3046.517717 3046.517717 3046.517717 3048.519533 3049.673278 0 C 
 26 150 3 12 2 3 LH 1  4  5  5  2 1 1 1.069225 0 0 3050.941903 3051.446558 3051.446558 3051.446558 3053.448374 3054.517600 0 C 
 26 151 3 13 3 2 HL 1  5  4  2  5 1 1 1.076287 0 0 3055.786637 3056.291292 3056.291292 3056.291292 3058.293106 3059.369393 0 C 
 26 152 3 14 1 3 NH 0  6  5  6  2 0 1 1.203352 0 0 3060.631366 3061.136022 3061.136022 3061.136022 3063.137837 3064.341189 0 C 
 26 153 3 15 3 2 HL 1  5  5  8  6 1 1 0.887063 0 0 3065.610678 3066.115330 3066.115330 3066.115330 3068.117146 3069.004209 0 C 
 26 154 3 16 1 2 NL 0  5  4  5  5 0 1 1.085631 0 0 3070.270366 3070.775021 3070.775021 3070.775021 3072.776836 3073.862467 0 C 
 26 155 3 17 2 3 LH 1  6  6  5  3 1 1 0.876306 0 0 3075.131917 3075.636574 3075.636574 3075.636574 3077.638390 3078.514697 0 C 
 26 156 3 18 2 3 LH 1  6  4  5  1 1 1 1.514015 0 0 3079.791607 3080.296263 3080.296263 3080.296263 3082.298082 3083.812097 0 C 
 26 157 3 19 3 3 HH 1  4  4  7  7 1 1 0.626362 0 0 3085.073710 3085.578367 3085.578367 3085.578367 3087.580183 3088.206545 0 C 
 26 158 3 20 3 2 HL 1  4  5  1  4 1 1 1.158564 0 0 3089.481080 3089.985728 3089.985728 3089.985728 3091.987544 3093.146108 0 C 
 26 159 3 21 3 2 HL 1  6  6  3  5 1 1 1.297315 0 0 3094.409912 3094.914569 3094.914569 3094.914569 3096.916385 3098.213700 0 C 
 26 160 3 22 1 2 NL 0  4  6  4  5 0 1 1.126178 0 0 3099.490157 3099.994808 3099.994808 3099.994808 3101.996627 3103.122806 0 C 
 26 161 3 23 3 2 HL 1  4  6  1  5 1 1 1.242916 0 0 3104.385353 3104.890008 3104.890008 3104.890008 3106.891822 3108.134738 0 C 
 26 162 3 24 3 1 HN 0  5  5  8  5 0 1 1.478680 0 0 3109.398303 3109.902958 3109.902958 3109.902958 3111.904774 3113.383454 0 C 
 26 163 3 25 3 2 HL 1  5  4  8  5 1 1 1.531473 0 0 3114.646761 3115.151418 3115.151418 3115.151418 3117.153238 3118.684711 0 C 
 26 164 3 26 3 3 HH 1  4  6  7  9 1 1 1.263602 0 0 3119.945686 3120.450343 3120.450343 3120.450343 3122.452159 3123.715761 0 C 
 26 165 3 27 1 1 NN 0  6  4  6  4 0 1 1.396370 0 0 3124.992283 3125.496939 3125.496939 3125.496939 3127.498755 3128.895125 0 C 
 26 166 3 28 2 2 LL 1  4  6  5  5 1 1 1.070471 0 0 3130.156632 3130.661288 3130.661288 3130.661288 3132.663106 3133.733577 0 C 
 26 167 3 29 2 2 LL 1  4  5  5  6 1 1 1.657627 0 0 3135.001364 3135.506020 3135.506020 3135.506020 3137.507838 3139.165465 0 C 
 26 168 3 30 3 3 HH 1  5  6  8  9 1 1 1.087441 0 0 3140.434868 3140.939522 3140.939522 3140.939522 3142.941338 3144.028778 0 C 
 26 169 3 31 3 3 HH 1  5  5  8  8 1 1 1.230133 0 0 3145.296422 3145.801075 3145.801075 3145.801075 3147.802892 3149.033024 0 C 
 26 170 3 32 2 3 LH 1  5  6  6  9 1 1 1.469104 0 0 3150.309372 3150.814027 3150.814027 3150.814027 3152.815844 3154.284948 0 C 
 26 171 3 33 1 3 NH 0  6  6  6  3 0 1 2.305137 0 0 3155.557832 3156.062486 3156.062486 3156.062486 3158.064304 3160.369441 0 C 
 26 172 3 34 3 1 HN 0  4  5  1  5 1 0 1.220001 0 0 3161.630568 3162.135224 3162.135224 3162.135224 3164.137039 3165.357040 0 E 
 26 173 3 35 3 2 HL 1  4  4  7  5 1 1 1.042091 0 0 3166.626698 3167.131353 3167.131353 3167.131353 3169.133174 3170.175265 0 C 
 26 174 3 36 1 1 NN 0  5  6  5  6 0 1 1.437428 0 0 3171.437791 3171.942441 3171.942441 3171.942441 3173.944261 3175.381689 0 C 
 26 175 3 37 2 2 LL 1  6  6  5  5 1 1 1.464222 0 0 3176.652603 3177.157257 3177.157257 3177.157257 3179.159077 3180.623300 0 C 
 26 176 3 38 1 2 NL 0  4  4  4  5 0 1 1.147065 0 0 3181.884241 3182.388893 3182.388893 3182.388893 3184.390710 3185.537775 0 C 
 26 177 3 39 3 1 HN 0  4  5  1  5 0 1 1.535959 0 0 3186.813084 3187.317736 3187.317736 3187.317736 3189.319552 3190.855511 0 C 
 26 178 3 40 2 2 LL 1  4  6  5  5 1 1 0.898448 0 0 3192.128830 3192.633482 3192.633482 3192.633482 3194.635300 3195.533749 0 C 
 26 179 3 41 1 2 NL 0  5  4  5  5 0 1 0.920724 0 0 3196.805342 3197.309994 3197.309994 3197.309994 3199.311811 3200.232535 0 C 
 26 180 3 42 2 3 LH 1  4  5  5  2 1 1 1.165185 0 0 3201.498673 3202.003329 3202.003329 3202.003329 3204.005145 3205.170330 0 C 
 26 181 3 43 1 2 NL 0  4  4  4  5 0 1 0.987753 0 0 3206.444337 3206.948992 3206.948992 3206.948992 3208.950809 3209.938561 0 C 
 26 182 3 44 3 3 HH 1  4  4  1  7 1 1 0.919485 0 0 3211.204963 3211.709613 3211.709613 3211.709613 3213.711433 3214.630918 0 C 
 26 183 3 45 2 2 LL 1  5  5  4  4 1 1 0.925749 0 0 3215.898292 3216.402949 3216.402949 3216.402949 3218.404764 3219.330513 0 C 
 26 184 3 46 1 3 NH 0  6  6  6  9 0 1 1.157657 0 0 3220.591627 3221.096282 3221.096282 3221.096282 3223.098099 3224.255756 0 C 
 26 185 3 47 2 2 LL 1  6  4  5  5 1 1 1.286489 0 0 3225.520468 3226.025124 3226.025124 3226.025124 3228.026941 3229.313429 0 C 
 26 186 3 48 2 2 LL 1  5  4  6  5 1 1 1.496736 0 0 3230.583886 3231.088542 3231.088542 3231.088542 3233.090358 3234.587094 0 C 
 26 187 3 49 2 2 LL 1  5  4  6  5 1 1 1.407263 0 0 3235.849169 3236.353824 3236.353824 3236.353824 3238.355644 3239.762908 0 C 
 26 188 3 50 1 3 NH 0  5  5  5  8 0 1 1.099038 0 0 3241.030338 3241.534995 3241.534995 3241.534995 3243.536815 3244.635853 0 C 
 26 189 3 51 1 3 NH 0  4  5  4  8 1 0 0.788260 0 0 3245.908717 3246.413371 3246.413371 3246.413371 3248.415186 3249.203446 0 E 
 26 190 3 52 3 2 HL 1  4  6  7  5 1 1 1.685181 0 0 3250.467476 3250.972129 3250.972129 3250.972129 3252.973948 3254.659129 0 C 
 26 191 3 53 3 3 HH 1  4  6  7  3 1 1 2.547692 0 0 3255.934621 3256.439274 3256.439274 3256.439274 3258.441090 3260.988782 0 C 
 26 192 3 54 3 1 HN 0  5  5  8  5 0 1 1.286025 0 0 3262.259685 3262.764341 3262.764341 3262.764341 3264.766157 3266.052182 0 C 
 26 193 3 55 2 3 LH 1  6  4  5  1 1 1 3.340857 0 0 3267.323102 3267.827758 3267.827758 3267.827758 3269.829574 3273.170432 0 C 
 26 194 3 56 2 3 LH 1  5  5  4  8 1 1 5.367227 0 0 3274.438801 3274.943460 3274.943460 3274.943460 3276.945275 3282.312502 0 C 
 26 195 3 57 1 2 NL 0  4  4  4  5 0 1 0.771481 0 0 3283.589965 3284.094619 3284.094619 3284.094619 3286.096435 3286.867916 0 C 
 26 196 3 58 2 2 LL 1  5  5  6  6 1 1 2.282156 0 0 3288.131897 3288.636554 3288.636554 3288.636554 3290.638371 3292.920527 0 C 
 26 197 3 59 1 2 NL 0  5  4  5  5 0 1 2.628013 0 0 3294.187818 3294.692470 3294.692470 3294.692470 3296.694285 3299.322298 0 C 
 26 198 3 60 1 3 NH 0  5  4  5  7 0 1 2.886447 0 0 3300.596990 3301.101645 3301.101645 3301.101645 3303.103462 3305.989909 0 C 
 26 199 4  1 1 2 NL 0  6  6  6  5 0 1 0.870364 0 0 3314.643344 3315.148004 3315.148004 3315.148004 3317.149820 3318.020184 0 C 
 26 200 4  2 2 3 LH 1  5  5  4  8 1 1 1.313233 0 0 3319.286218 3319.790872 3319.790872 3319.790872 3321.792693 3323.105926 0 C 
 26 201 4  3 3 3 HH 1  4  4  1  7 1 1 1.602070 0 0 3324.383284 3324.887934 3324.887934 3324.887934 3326.889751 3328.491821 0 C 
 26 202 4  4 1 2 NL 0  6  5  6  4 0 1 0.781870 0 0 3329.766315 3330.270969 3330.270969 3330.270969 3332.272785 3333.054654 0 C 
 26 203 4  5 2 3 LH 1  5  6  4  9 1 1 1.773522 0 0 3334.325075 3334.829726 3334.829726 3334.829726 3336.831546 3338.605068 0 C 
 26 204 4  6 1 1 NN 0  6  4  6  4 0 1 0.660213 0 0 3339.876327 3340.380982 3340.380982 3340.380982 3342.382797 3343.043011 0 C 
 26 205 4  7 2 1 LN 0  4  4  5  4 0 1 1.468962 0 0 3344.317329 3344.821986 3344.821986 3344.821986 3346.823802 3348.292765 0 C 
 26 206 4  8 1 2 NL 0  5  5  5  6 0 1 1.667836 0 0 3349.565790 3350.070446 3350.070446 3350.070446 3352.072262 3353.740098 0 C 
 26 207 4  9 2 1 LN 0  5  5  6  5 0 1 0.677040 0 0 3355.016115 3355.520769 3355.520769 3355.520769 3357.522585 3358.199625 0 C 
 26 208 4 10 1 3 NH 0  4  4  4  1 0 1 0.777135 0 0 3359.473939 3359.978595 3359.978595 3359.978595 3361.980411 3362.757546 0 C 
 26 209 4 11 3 3 HH 1  4  6  7  3 1 1 0.947231 0 0 3364.032697 3364.537353 3364.537353 3364.537353 3366.539169 3367.486401 0 C 
 26 210 4 12 3 1 HN 0  5  4  2  4 0 1 1.990421 0 0 3368.759676 3369.264331 3369.264331 3369.264331 3371.266147 3373.256568 0 C 
 26 211 4 13 1 3 NH 0  5  4  5  1 0 1 1.058927 0 0 3374.529619 3375.034273 3375.034273 3375.034273 3377.036088 3378.095016 0 C 
 26 212 4 14 2 1 LN 0  5  5  4  5 0 1 0.677090 0 0 3379.357529 3379.862183 3379.862183 3379.862183 3381.863996 3382.541086 0 C 
 26 213 4 15 1 2 NL 0  6  5  6  6 0 1 1.098092 0 0 3383.815355 3384.320008 3384.320008 3384.320008 3386.321824 3387.419916 0 C 
 26 214 4 16 3 1 HN 0  5  4  8  4 0 1 1.197228 0 0 3388.693728 3389.198384 3389.198384 3389.198384 3391.200200 3392.397428 0 C 
 26 215 4 17 3 1 HN 0  4  4  7  4 0 1 1.252779 0 0 3393.673041 3394.177692 3394.177692 3394.177692 3396.179508 3397.432287 0 C 
 26 216 4 18 2 1 LN 0  6  4  5  4 0 1 0.942708 0 0 3398.702812 3399.207466 3399.207466 3399.207466 3401.209282 3402.151990 0 C 
 26 217 4 19 1 2 NL 0  5  4  5  5 0 1 0.864379 0 0 3403.412969 3403.917622 3403.917622 3403.917622 3405.919444 3406.783823 0 C 
 26 218 4 20 1 1 NN 0  6  4  6  4 0 1 0.615599 0 0 3408.055835 3408.560489 3408.560489 3408.560489 3410.562306 3411.177905 0 C 
 26 219 4 21 1 2 NL 0  5  6  5  5 0 1 0.644058 0 0 3412.446373 3412.951028 3412.951028 3412.951028 3414.952844 3415.596902 0 C 
 26 220 4 22 2 1 LN 0  6  4  5  4 0 1 1.076330 0 0 3416.870554 3417.375210 3417.375210 3417.375210 3419.377026 3420.453356 0 C 
 26 221 4 23 2 3 LH 1  5  6  4  3 1 1 1.324634 0 0 3421.715286 3422.219944 3422.219944 3422.219944 3424.221758 3425.546392 0 C 
 26 222 4 24 3 1 HN 0  5  4  2  4 0 1 1.696067 0 0 3426.812347 3427.317003 3427.317003 3427.317003 3429.318823 3431.014890 0 C 
 26 223 4 25 3 3 HH 1  5  5  2  8 1 1 1.390167 0 0 3432.279492 3432.784149 3432.784149 3432.784149 3434.785965 3436.176131 0 C 
 26 224 4 26 1 3 NH 0  6  4  6  1 0 1 0.964042 0 0 3437.443842 3437.948498 3437.948498 3437.948498 3439.950314 3440.914356 0 C 
 26 225 4 27 2 1 LN 0  5  6  6  6 0 1 1.983396 0 0 3442.187641 3442.692298 3442.692298 3442.692298 3444.694115 3446.677511 0 C 
 26 226 4 28 3 1 HN 0  4  6  7  6 0 1 0.737733 0 0 3447.940760 3448.445425 3448.445425 3448.445425 3450.447233 3451.184966 0 C 
 26 227 4 29 3 3 HH 1  5  4  2  7 1 1 0.892719 0 0 3452.449053 3452.953709 3452.953709 3452.953709 3454.955525 3455.848244 0 C 
 26 228 4 30 3 1 HN 0  5  6  8  6 0 1 0.936527 0 0 3457.125565 3457.630221 3457.630221 3457.630221 3459.632037 3460.568564 0 C 
 26 229 4 31 2 2 LL 1  5  4  4  5 1 1 1.451732 0 0 3461.835720 3462.340377 3462.340377 3462.340377 3464.342193 3465.793925 0 C 
 26 230 4 32 2 1 LN 0  4  4  5  4 0 1 0.970964 0 0 3467.067360 3467.572015 3467.572015 3467.572015 3469.573830 3470.544794 0 C 
 26 231 4 33 1 2 NL 0  6  5  6  4 0 1 1.529218 0 0 3471.811158 3472.315814 3472.315814 3472.315814 3474.317631 3475.846849 0 C 
 26 232 4 34 2 1 LN 0  6  5  5  5 0 1 0.576755 0 0 3477.110083 3477.614740 3477.614740 3477.614740 3479.616556 3480.193311 0 C 
 26 233 4 35 1 2 NL 0  5  6  5  5 0 1 0.926845 0 0 3481.466981 3481.971634 3481.971634 3481.971634 3483.973450 3484.900295 0 C 
 26 234 4 36 3 1 HN 0  6  5  3  5 0 1 0.942004 0 0 3486.177134 3486.681790 3486.681790 3486.681790 3488.683606 3489.625610 0 C 
 26 235 4 37 3 1 HN 0  5  5  2  5 0 1 0.957551 0 0 3490.887292 3491.391946 3491.391946 3491.391946 3493.393767 3494.351318 0 C 
 26 236 4 38 3 2 HL 1  5  5  8  4 1 1 1.912678 0 0 3495.614271 3496.118924 3496.118924 3496.118924 3498.120741 3500.033419 0 C 
 26 237 4 39 3 1 HN 0  6  6  9  6 0 1 1.075732 0 0 3501.300099 3501.804755 3501.804755 3501.804755 3503.806571 3504.882304 0 C 
 26 238 4 40 3 3 HH 1  5  6  8  3 1 1 0.881658 0 0 3506.144835 3506.649487 3506.649487 3506.649487 3508.651303 3509.532961 0 C 
 26 239 4 41 2 1 LN 0  5  6  4  6 0 1 0.792678 0 0 3510.804521 3511.309177 3511.309177 3511.309177 3513.310993 3514.103671 0 C 
 26 240 4 42 3 2 HL 1  6  5  9  6 1 1 1.070097 0 0 3515.380104 3515.884757 3515.884757 3515.884757 3517.886573 3518.956671 0 C 
 26 241 4 43 3 3 HH 1  4  5  1  2 1 1 0.749152 0 0 3520.224836 3520.729489 3520.729489 3520.729489 3522.731306 3523.480458 0 C 
 26 242 4 44 2 3 LH 1  4  4  5  7 1 1 1.235602 0 0 3524.749952 3525.254603 3525.254603 3525.254603 3527.256423 3528.492025 0 C 
 26 243 4 45 1 2 NL 0  5  5  5  4 0 1 0.654671 0 0 3529.762902 3530.267555 3530.267555 3530.267555 3532.269370 3532.924041 0 C 
 26 244 4 46 3 2 HL 1  5  4  2  5 1 1 1.109565 0 0 3534.187084 3534.691737 3534.691737 3534.691737 3536.693553 3537.803118 0 C 
 26 245 4 47 2 2 LL 1  4  6  5  5 1 1 0.654393 0 0 3539.065456 3539.570113 3539.570113 3539.570113 3541.571929 3542.226321 0 C 
 26 246 4 48 1 3 NH 0  4  4  4  7 0 1 0.776015 0 0 3543.489641 3543.994297 3543.994297 3543.994297 3545.996111 3546.772126 0 C 
 26 247 4 49 1 3 NH 0  6  6  6  3 0 1 0.992267 0 0 3548.048404 3548.553053 3548.553053 3548.553053 3550.554871 3551.547137 0 C 
 26 248 4 50 3 3 HH 1  6  4  9  1 1 1 1.391035 0 0 3552.809018 3553.313675 3553.313675 3553.313675 3555.315491 3556.706526 0 C 
 26 249 4 51 2 2 LL 1  5  4  6  5 1 1 1.485236 0 0 3557.973371 3558.478025 3558.478025 3558.478025 3560.479845 3561.965081 0 C 
 26 250 4 52 2 3 LH 1  6  5  5  8 1 1 1.452604 0 0 3563.238649 3563.743306 3563.743306 3563.743306 3565.745122 3567.197726 0 C 
 26 251 4 53 2 1 LN 0  4  6  5  6 0 1 1.003186 0 0 3568.470289 3568.974942 3568.974942 3568.974942 3570.976760 3571.979946 0 C 
 26 252 4 54 1 1 NN 0  5  4  5  4 0 1 1.036919 0 0 3573.247731 3573.752387 3573.752387 3573.752387 3575.754203 3576.791122 0 C 
 26 253 4 55 2 1 LN 0  5  5  4  5 0 1 1.069049 0 0 3578.058820 3578.563475 3578.563475 3578.563475 3580.565291 3581.634340 0 C 
 26 254 4 56 3 1 HN 0  4  4  7  4 0 1 0.793821 0 0 3582.903551 3583.408206 3583.408206 3583.408206 3585.410024 3586.203845 0 C 
 26 255 4 57 2 3 LH 1  5  6  4  3 1 1 0.948787 0 0 3587.479134 3587.983787 3587.983787 3587.983787 3589.985603 3590.934390 0 C 
 26 256 4 58 2 1 LN 0  4  5  5  5 0 1 0.770587 0 0 3592.206110 3592.710765 3592.710765 3592.710765 3594.712581 3595.483168 0 C 
 26 257 4 59 2 1 LN 0  6  5  5  5 0 1 1.612756 0 0 3596.748048 3597.252700 3597.252700 3597.252700 3599.254517 3600.867274 0 C 
 26 258 4 60 3 2 HL 1  6  4  9  5 1 1 2.937748 0 0 3602.131080 3602.635736 3602.635736 3602.635736 3604.637552 3607.575300 0 C 
 26 259 5  1 2 1 LN 0  4  5  5  5 0 1 2.469769 0 0 3635.219925 3635.724582 3635.724582 3635.724582 3637.726398 3640.196167 0 C 
 26 260 5  2 3 3 HH 1  4  6  1  3 1 1 1.309058 0 0 3641.460883 3641.965539 3641.965539 3641.965539 3643.967355 3645.276413 0 C 
 26 261 5  3 1 1 NN 0  4  5  4  5 0 1 1.712997 0 0 3646.541125 3647.045779 3647.045779 3647.045779 3649.047597 3650.760594 0 C 
 26 262 5  4 3 3 HH 1  6  5  3  8 1 1 1.717969 0 0 3652.025092 3652.529746 3652.529746 3652.529746 3654.531562 3656.249531 0 C 
 26 263 5  5 3 3 HH 1  5  4  8  7 1 1 3.951881 0 0 3657.525881 3658.030535 3658.030535 3658.030535 3660.032354 3663.984235 0 C 
 26 264 5  6 3 2 HL 1  4  4  7  5 1 1 2.323424 0 0 3665.247169 3665.751826 3665.751826 3665.751826 3667.753645 3670.077069 0 C 
 26 265 5  7 2 3 LH 1  6  4  5  7 1 1 2.853207 0 0 3671.353554 3671.858207 3671.858207 3671.858207 3673.860023 3676.713230 0 C 
 26 266 5  8 3 2 HL 1  5  4  2  5 1 1 1.281438 0 0 3677.981419 3678.486068 3678.486068 3678.486068 3680.487886 3681.769324 0 C 
 26 267 5  9 2 2 LL 1  6  6  5  5 1 1 1.230992 0 0 3683.044831 3683.549487 3683.549487 3683.549487 3685.551303 3686.782295 0 C 
 26 268 5 10 1 3 NH 0  6  6  6  9 0 1 0.809577 0 0 3688.057785 3688.562439 3688.562439 3688.562439 3690.564255 3691.373833 0 C 
 26 269 5 11 1 1 NN 0  6  5  6  5 0 1 1.292164 0 0 3692.650188 3693.154840 3693.154840 3693.154840 3695.156663 3696.448827 0 C 
 26 270 5 12 2 2 LL 1  6  4  5  5 1 1 3.453007 0 0 3697.713613 3698.218258 3698.218258 3698.218258 3700.220074 3703.673081 0 C 
 26 271 5 13 3 3 HH 1  6  4  3  7 1 1 1.979710 0 0 3704.947060 3705.451711 3705.451711 3705.451711 3707.453527 3709.433237 0 C 
 26 272 5 14 3 1 HN 0  6  5  3  5 0 1 1.059425 0 0 3710.700175 3711.204831 3711.204831 3711.204831 3713.206647 3714.266072 0 C 
 26 273 5 15 3 1 HN 0  4  6  7  6 0 1 1.207829 0 0 3715.528088 3716.032739 3716.032739 3716.032739 3718.034557 3719.242386 0 C 
 26 274 5 16 2 1 LN 0  4  6  5  6 0 1 1.020232 0 0 3720.507392 3721.012048 3721.012048 3721.012048 3723.013865 3724.034097 0 C 
 26 275 5 17 3 1 HN 0  5  5  2  5 0 1 1.164088 0 0 3725.301659 3725.806314 3725.806314 3725.806314 3727.808130 3728.972219 0 C 
 26 276 5 18 2 3 LH 1  6  5  5  8 1 1 0.870974 0 0 3730.247325 3730.751979 3730.751979 3730.751979 3732.753794 3733.624768 0 C 
 26 277 5 19 3 2 HL 1  6  4  9  5 1 1 1.087139 0 0 3734.890193 3735.394847 3735.394847 3735.394847 3737.396662 3738.483802 0 C 
 26 278 5 20 3 3 HH 1  5  4  2  1 1 1 1.489966 0 0 3739.751744 3740.256400 3740.256400 3740.256400 3742.258216 3743.748182 0 C 
 26 279 5 21 1 3 NH 0  5  6  5  9 0 1 0.931953 0 0 3745.017025 3745.521681 3745.521681 3745.521681 3747.523498 3748.455451 0 C 
 26 280 5 22 2 3 LH 1  6  6  5  9 1 1 0.842847 0 0 3749.727185 3750.231836 3750.231836 3750.231836 3752.233655 3753.076502 0 C 
 26 281 5 23 2 3 LH 1  6  6  5  3 1 1 0.748704 0 0 3754.353230 3754.857884 3754.857884 3754.857884 3756.859700 3757.608404 0 C 
 26 282 5 24 3 1 HN 0  4  5  1  5 0 1 3.711033 0 0 3758.878345 3759.382998 3759.382998 3759.382998 3761.384814 3765.095847 0 C 
 26 283 5 25 1 1 NN 0  6  4  6  4 0 1 0.660813 0 0 3766.364132 3766.868780 3766.868780 3766.868780 3768.870597 3769.531410 0 C 
 26 284 5 26 1 2 NL 0  4  5  4  6 0 1 0.715051 0 0 3770.805131 3771.309785 3771.309785 3771.309785 3773.311603 3774.026655 0 C 
 26 285 5 27 3 2 HL 1  5  4  2  5 1 1 1.048066 0 0 3775.296609 3775.801256 3775.801256 3775.801256 3777.803072 3778.851138 0 C 
 26 286 5 28 2 2 LL 1  5  4  6  5 1 1 1.054091 0 0 3780.124513 3780.629165 3780.629165 3780.629165 3782.630982 3783.685073 0 C 
 26 287 5 29 1 1 NN 0  6  6  6  6 0 1 0.786623 0 0 3784.952418 3785.457075 3785.457075 3785.457075 3787.458891 3788.245514 0 C 
 26 288 5 30 1 2 NL 0  4  6  4  5 0 1 0.919130 0 0 3789.511175 3790.015836 3790.015836 3790.015836 3792.017649 3792.936779 0 C 
 26 289 5 31 3 2 HL 1  5  6  8  5 1 1 0.959079 0 0 3794.204513 3794.709168 3794.709168 3794.709168 3796.710984 3797.670062 0 C 
 26 290 5 32 2 2 LL 1  4  5  5  4 1 1 1.319058 0 0 3798.931489 3799.436145 3799.436145 3799.436145 3801.437962 3802.757020 0 C 
 26 291 5 33 1 2 NL 0  5  6  5  5 0 1 0.709172 0 0 3804.028553 3804.533207 3804.533207 3804.533207 3806.535023 3807.244196 0 C 
 26 292 5 34 3 1 HN 0  5  5  8  5 0 1 1.026383 0 0 3808.520021 3809.024677 3809.024677 3809.024677 3811.026496 3812.052879 0 C 
 26 293 5 35 2 3 LH 1  6  6  5  9 1 1 1.196900 0 0 3813.314289 3813.818943 3813.818943 3813.818943 3815.820759 3817.017659 0 C 
 26 294 5 36 3 2 HL 1  5  5  8  4 1 1 0.914021 0 0 3818.293598 3818.798253 3818.798253 3818.798253 3820.800067 3821.714088 0 C 
 26 295 5 37 1 2 NL 0  5  5  5  6 0 1 1.968881 0 0 3822.986931 3823.491583 3823.491583 3823.491583 3825.493400 3827.462281 0 C 
 26 296 5 38 1 2 NL 0  5  6  5  5 0 1 0.637550 0 0 3828.723229 3829.227882 3829.227882 3829.227882 3831.229698 3831.867248 0 C 
 26 297 5 39 2 2 LL 1  5  6  4  5 1 1 1.175144 0 0 3833.130586 3833.635240 3833.635240 3833.635240 3835.637057 3836.812200 0 C 
 26 298 5 40 1 2 NL 0  4  6  4  5 0 1 2.670681 0 0 3838.076248 3838.580905 3838.580905 3838.580905 3840.582722 3843.253403 0 C 
 26 299 5 41 3 3 HH 1  4  5  1  8 1 1 0.891779 0 0 3844.519073 3845.023726 3845.023726 3845.023726 3847.025542 3847.917321 0 C 
 26 300 5 42 2 3 LH 1  6  5  5  2 1 1 1.335687 0 0 3849.178762 3849.683416 3849.683416 3849.683416 3851.685235 3853.020923 0 C 
 26 301 5 43 3 3 HH 1  5  4  2  1 1 1 1.236169 0 0 3854.292646 3854.797300 3854.797300 3854.797300 3856.799118 3858.035286 0 C 
 26 302 5 44 2 2 LL 1  6  4  5  5 1 1 0.898098 0 0 3859.305598 3859.810251 3859.810251 3859.810251 3861.812068 3862.710166 0 C 
 26 303 5 45 2 3 LH 1  4  5  5  8 1 1 0.942482 0 0 3863.982110 3864.486764 3864.486764 3864.486764 3866.488579 3867.431061 0 C 
 26 304 5 46 2 1 LN 0  6  4  5  4 0 1 0.831092 0 0 3868.692263 3869.196920 3869.196920 3869.196920 3871.198735 3872.029827 0 C 
 26 305 5 47 2 1 LN 0  6  5  5  5 0 1 1.231177 0 0 3873.301487 3873.806143 3873.806143 3873.806143 3875.807959 3877.039136 0 C 
 26 306 5 48 1 2 NL 0  5  4  5  5 0 1 1.024991 0 0 3878.314445 3878.819095 3878.819095 3878.819095 3880.820912 3881.845903 0 C 
 26 307 5 49 2 2 LL 1  5  6  6  5 1 1 2.920858 0 0 3883.108706 3883.613361 3883.613361 3883.613361 3885.615177 3888.536035 0 C 
 26 308 5 50 3 2 HL 1  5  4  8  5 1 1 0.953977 0 0 3889.803854 3890.308511 3890.308511 3890.308511 3892.310326 3893.264303 0 C 
 26 309 5 51 1 2 NL 0  5  5  5  4 0 1 0.787924 0 0 3894.530836 3895.035489 3895.035489 3895.035489 3897.037305 3897.825229 0 C 
 26 310 5 52 2 1 LN 0  5  4  4  4 0 1 0.793453 0 0 3899.089594 3899.594247 3899.594247 3899.594247 3901.596061 3902.389514 0 C 
 26 311 5 53 1 1 NN 0  6  4  6  4 0 1 1.081174 0 0 3903.665171 3904.169828 3904.169828 3904.169828 3906.171644 3907.252818 0 C 
 26 312 5 54 2 1 LN 0  4  6  5  6 0 1 0.831296 0 0 3908.526724 3909.031381 3909.031381 3909.031381 3911.033197 3911.864493 0 C 
 26 313 5 55 3 3 HH 1  5  4  2  7 1 1 0.693429 0 0 3913.135949 3913.640605 3913.640605 3913.640605 3915.642421 3916.335850 0 C 
 26 314 5 56 1 1 NN 0  4  6  4  6 0 1 0.604595 0 0 3917.610598 3918.115253 3918.115253 3918.115253 3920.117069 3920.721664 0 C 
 26 315 5 57 3 3 HH 1  5  6  2  3 1 1 2.205250 0 0 3921.984313 3922.488970 3922.488970 3922.488970 3924.490785 3926.696035 0 C 
 26 316 5 58 1 3 NH 0  6  6  6  3 0 1 0.870997 0 0 3927.972939 3928.477596 3928.477596 3928.477596 3930.479413 3931.350409 0 C 
 26 317 5 59 1 3 NH 0  5  5  5  8 0 1 0.627467 0 0 3932.615811 3933.120464 3933.120464 3933.120464 3935.122280 3935.749747 0 C 
 26 318 5 60 3 2 HL 1  5  4  8  5 1 1 1.063001 0 0 3937.023172 3937.527825 3937.527825 3937.527825 3939.529641 3940.592641 0 C 
 26 319 6  1 2 2 LL 1  6  5  5  6 1 1 1.109190 0 0 3956.738546 3957.243191 3957.243191 3957.243191 3959.245008 3960.354198 0 C 
 26 320 6  2 1 2 NL 0  5  4  5  5 0 1 0.803968 0 0 3961.616912 3962.121567 3962.121567 3962.121567 3964.123383 3964.927351 0 C 
 26 321 6  3 3 2 HL 1  5  6  2  5 1 1 0.837728 0 0 3966.192491 3966.697147 3966.697147 3966.697147 3968.698963 3969.536692 0 C 
 26 322 6  4 2 1 LN 0  6  6  5  6 0 1 0.594610 0 0 3970.801716 3971.306371 3971.306371 3971.306371 3973.308189 3973.902799 0 C 
 26 323 6  5 2 2 LL 1  5  6  6  5 0 0 0.550230 0 0 3975.175434 3975.680091 3975.680091 3975.680091 3977.681904 3978.232134 0 E 
 26 324 6  6 1 1 NN 0  6  4  6  4 0 1 0.893157 0 0 3979.498684 3980.003338 3980.003338 3980.003338 3982.005154 3982.898311 0 C 
 26 325 6  7 1 1 NN 0  5  6  5  6 0 1 0.853730 0 0 3984.175197 3984.679850 3984.679850 3984.679850 3986.681666 3987.535396 0 C 
 26 326 6  8 1 2 NL 0  6  5  6  4 0 1 1.036214 0 0 3988.801241 3989.305896 3989.305896 3989.305896 3991.307712 3992.343926 0 C 
 26 327 6  9 1 1 NN 0  4  5  4  5 0 1 1.098426 0 0 3993.612330 3994.116984 3994.116984 3994.116984 3996.118800 3997.217226 0 C 
 26 328 6 10 3 1 HN 0  4  4  7  4 0 1 1.252613 0 0 3998.490705 3998.995360 3998.995360 3998.995360 4000.997177 4002.249790 0 C 
 26 329 6 11 1 2 NL 0  4  5  4  6 0 1 2.321314 0 0 4003.520480 4004.025133 4004.025133 4004.025133 4006.026950 4008.348264 0 C 
 26 330 6 12 2 2 LL 1  4  6  5  5 1 1 0.815176 0 0 4009.610036 4010.114691 4010.114691 4010.114691 4012.116508 4012.931684 0 C 
 26 331 6 13 2 2 LL 1  6  5  5  6 1 1 1.092311 0 0 4014.202441 4014.707094 4014.707094 4014.707094 4016.708911 4017.801221 0 C 
 26 332 6 14 2 2 LL 1  5  4  4  5 1 1 1.080843 0 0 4019.063992 4019.568648 4019.568648 4019.568648 4021.570464 4022.651307 0 C 
 26 333 6 15 2 3 LH 1  5  5  6  2 1 1 0.692969 0 0 4023.925547 4024.430201 4024.430201 4024.430201 4026.432018 4027.124987 0 C 
 26 334 6 16 2 1 LN 0  4  4  5  4 0 1 1.479276 0 0 4028.400193 4028.904849 4028.904849 4028.904849 4030.906666 4032.385942 0 C 
 26 335 6 17 2 1 LN 0  5  6  4  6 0 1 1.578034 0 0 4033.648653 4034.153309 4034.153309 4034.153309 4036.155126 4037.733160 0 C 
 26 336 6 18 3 2 HL 1  4  6  7  5 1 1 1.458688 0 0 4038.998047 4039.502700 4039.502700 4039.502700 4041.504516 4042.963204 0 C 
 26 337 6 19 2 2 LL 1  5  6  6  5 1 1 1.252042 0 0 4044.229685 4044.734338 4044.734338 4044.734338 4046.736155 4047.988197 0 C 
 26 338 6 20 2 2 LL 1  6  5  5  4 1 1 1.336592 0 0 4049.259456 4049.764112 4049.764112 4049.764112 4051.765928 4053.102520 0 C 
 26 339 6 21 1 3 NH 0  6  4  6  7 0 1 0.898421 0 0 4054.373343 4054.877996 4054.877996 4054.877996 4056.879811 4057.778233 0 C 
 26 340 6 22 1 2 NL 0  4  6  4  5 0 1 1.058660 0 0 4059.049854 4059.554507 4059.554507 4059.554507 4061.556328 4062.614989 0 C 
 26 341 6 23 3 2 HL 1  5  5  2  6 1 1 0.870376 0 0 4063.877764 4064.382417 4064.382417 4064.382417 4066.384234 4067.254609 0 C 
 26 342 6 24 2 2 LL 1  6  6  5  5 1 1 1.280915 0 0 4068.520632 4069.025285 4069.025285 4069.025285 4071.027101 4072.308016 0 C 
 26 343 6 25 2 1 LN 0  4  5  5  5 0 1 1.529743 0 0 4073.584049 4074.088703 4074.088703 4074.088703 4076.090519 4077.620262 0 C 
 26 344 6 26 2 2 LL 1  5  5  6  6 1 1 1.961763 0 0 4078.882976 4079.387629 4079.387629 4079.387629 4081.389444 4083.351208 0 C 
 26 345 6 27 3 3 HH 1  4  5  1  2 1 1 1.512723 0 0 4084.619273 4085.123926 4085.123926 4085.123926 4087.125741 4088.638464 0 C 
 26 346 6 28 1 1 NN 0  6  5  6  5 0 1 1.263312 0 0 4089.901372 4090.406029 4090.406029 4090.406029 4092.407845 4093.671157 0 C 
 26 347 6 29 1 3 NH 0  4  5  4  8 0 1 0.814574 0 0 4094.947968 4095.452624 4095.452624 4095.452624 4097.454440 4098.269014 0 C 
 26 348 6 30 1 1 NN 0  4  6  4  6 0 1 0.543556 0 0 4099.540370 4100.045026 4100.045026 4100.045026 4102.046843 4102.590399 0 C 
 26 349 6 31 1 3 NH 0  4  4  4  1 0 1 0.654135 0 0 4103.863619 4104.368277 4104.368277 4104.368277 4106.370097 4107.024232 0 C 
 26 350 6 32 1 1 NN 0  4  5  4  5 0 1 0.549270 0 0 4108.287803 4108.792459 4108.792459 4108.792459 4110.794275 4111.343545 0 C 
 26 351 6 33 3 2 HL 1  4  5  1  4 1 1 0.793443 0 0 4112.611052 4113.115709 4113.115709 4113.115709 4115.117525 4115.910968 0 C 
 26 352 6 34 3 2 HL 1  6  4  9  5 1 1 1.214642 0 0 4117.186633 4117.691291 4117.691291 4117.691291 4119.693109 4120.907751 0 C 
 26 353 6 35 2 2 LL 1  4  6  5  5 1 1 1.739808 0 0 4122.182763 4122.687427 4122.687427 4122.687427 4124.689235 4126.429044 0 C 
 26 354 6 36 1 1 NN 0  5  5  5  5 0 1 1.862527 0 0 4127.700378 4128.205031 4128.205031 4128.205031 4130.206844 4132.069371 0 C 
 26 355 6 37 2 3 LH 1  4  5  5  8 1 1 3.581092 0 0 4133.335742 4133.840395 4133.840395 4133.840395 4135.842212 4139.423303 0 C 
 26 356 6 38 3 1 HN 0  6  4  9  4 0 1 2.239594 0 0 4140.686947 4141.191603 4141.191603 4141.191603 4143.193419 4145.433013 0 C 
 26 357 6 39 2 1 LN 0  6  4  5  4 0 1 1.545571 0 0 4146.709220 4147.213874 4147.213874 4147.213874 4149.215690 4150.761261 0 C 
 26 358 6 40 3 3 HH 1  6  5  3  8 1 1 1.868473 0 0 4152.024965 4152.529621 4152.529621 4152.529621 4154.531439 4156.399912 0 C 
 26 359 6 41 1 1 NN 0  5  4  5  4 0 1 0.709144 0 0 4157.677156 4158.181811 4158.181811 4158.181811 4160.183624 4160.892768 0 C 
 26 360 6 42 3 3 HH 1  5  5  2  2 1 1 0.909684 0 0 4162.168623 4162.673278 4162.673278 4162.673278 4164.675095 4165.584779 0 C 
 26 361 6 43 2 3 LH 1  6  4  5  1 1 1 0.964924 0 0 4166.861956 4167.366612 4167.366612 4167.366612 4169.368429 4170.333353 0 C 
 26 362 6 44 3 1 HN 0  4  6  1  6 0 1 0.782170 0 0 4171.605760 4172.110412 4172.110412 4172.110412 4174.112229 4174.894399 0 C 
 26 363 6 45 2 2 LL 1  6  4  5  5 1 1 0.947732 0 0 4176.164517 4176.669171 4176.669171 4176.669171 4178.670988 4179.618720 0 C 
 26 364 6 46 2 2 LL 1  4  5  5  4 1 1 2.336352 0 0 4180.891493 4181.396148 4181.396148 4181.396148 4183.397966 4185.734318 0 C 
 26 365 6 47 2 3 LH 1  5  4  6  7 1 1 2.680140 0 0 4186.997873 4187.502528 4187.502528 4187.502528 4189.504346 4192.184486 0 C 
 26 366 6 48 3 1 HN 0  5  5  8  5 0 1 1.418777 0 0 4193.457519 4193.962172 4193.962172 4193.962172 4195.963990 4197.382767 0 C 
 26 367 6 49 3 2 HL 1  4  6  1  5 1 1 1.452660 0 0 4198.655509 4199.160165 4199.160165 4199.160165 4201.161981 4202.614641 0 C 
 26 368 6 50 1 3 NH 0  6  4  6  1 0 1 0.804964 0 0 4203.887147 4204.391803 4204.391803 4204.391803 4206.393619 4207.198583 0 C 
 26 369 6 51 3 2 HL 1  6  5  3  6 0 0 1.136497 0 0 4208.462729 4208.967383 4208.967383 4208.967383 4210.969199 4212.105696 0 E 
 26 370 6 52 1 1 NN 0  5  4  5  4 0 1 1.392228 0 0 4213.374750 4213.879402 4213.879402 4213.879402 4215.881219 4217.273446 0 C 
 26 371 6 53 3 2 HL 1  5  4  2  5 1 1 1.861285 0 0 4218.539099 4219.043752 4219.043752 4219.043752 4221.045573 4222.906859 0 C 
 26 372 6 54 1 3 NH 0  5  6  5  3 0 1 1.606095 0 0 4224.174464 4224.679117 4224.679117 4224.679117 4226.680934 4228.287029 0 C 
 26 373 6 55 3 3 HH 1  5  5  8  8 1 1 2.010365 0 0 4229.557498 4230.062153 4230.062153 4230.062153 4232.063969 4234.074334 0 C 
 26 374 6 56 2 1 LN 0  4  4  5  4 0 1 1.140967 0 0 4235.344259 4235.848916 4235.848916 4235.848916 4237.850732 4238.991699 0 C 
 26 375 6 57 1 2 NL 0  5  4  5  5 0 1 0.654662 0 0 4240.256279 4240.760935 4240.760935 4240.760935 4242.762752 4243.417414 0 C 
 26 376 6 58 1 3 NH 0  6  6  6  3 0 1 1.108904 0 0 4244.680475 4245.185118 4245.185118 4245.185118 4247.186934 4248.295839 0 C 
 26 377 6 59 2 3 LH 1  5  6  4  9 1 1 2.255207 0 0 4249.558846 4250.063492 4250.063492 4250.063492 4252.065310 4254.320517 0 C 
 26 378 6 60 1 2 NL 0  4  4  4  5 0 1 0.903859 0 0 4255.597935 4256.102587 4256.102587 4256.102587 4258.104402 4259.008261 0 C 
