 15   1 0 43 2 3 LH 1  5  4  4  1 1 1 1.678838 0 0 2090.390757 2090.892487 2090.892487 2090.892487 2092.899410 2094.578248 0 C 
 15   2 0 44 2 2 LL 1  4  6  5  5 1 1 1.894174 0 0 2095.826177 2096.327905 2096.327905 2096.327905 2098.334829 2100.229003 0 C 
 15   3 0 45 3 3 HH 1  6  4  3  7 1 1 0.826252 0 0 2101.479015 2101.980744 2101.980744 2101.980744 2103.987668 2104.813920 0 C 
 15   4 0 46 2 3 LH 1  4  4  5  1 1 1 0.731943 0 0 2106.061492 2106.563215 2106.563215 2106.563215 2108.570141 2109.302084 0 C 
 15   5 0 47 2 1 LN 0  6  4  5  4 1 0 0.605858 0 0 2110.560347 2111.062072 2111.062072 2111.062072 2113.068996 2113.674854 0 E 
 15   6 0 48 3 1 HN 0  6  6  3  6 0 1 1.195996 0 0 2114.925403 2115.427131 2115.427131 2115.427131 2117.434055 2118.630050 0 C 
 15   7 0 49 1 1 NN 0  6  4  6  4 0 1 1.475449 0 0 2119.875816 2120.377547 2120.377547 2120.377547 2122.384466 2123.859915 0 C 
 15   8 0 50 1 2 NL 0  5  6  5  5 0 1 1.074447 0 0 2125.110545 2125.612268 2125.612268 2125.612268 2127.619194 2128.693641 0 C 
 15   9 0 51 1 3 NH 0  6  4  6  1 0 1 1.018716 0 0 2129.943883 2130.445611 2130.445611 2130.445611 2132.452535 2133.471252 0 C 
 15  10 0 52 1 2 NL 0  5  6  5  5 0 1 0.788467 0 0 2134.727054 2135.228783 2135.228783 2135.228783 2137.235705 2138.024171 0 C 
 15  11 0 53 3 2 HL 1  5  4  8  5 0 0 1.239052 0 0 2139.276080 2139.777821 2139.777821 2139.777821 2141.784732 2143.023783 0 E 
 15  12 0 54 1 3 NH 0  6  4  6  1 0 1 0.694806 0 0 2144.276666 2144.778393 2144.778393 2144.778393 2146.785317 2147.480122 0 C 
 15  13 0 55 1 1 NN 0  4  4  4  4 0 1 0.754979 0 0 2148.725350 2149.227079 2149.227079 2149.227079 2151.233999 2151.988978 0 C 
 15  14 0 56 1 2 NL 0  4  4  4  5 0 1 0.743425 0 0 2153.240926 2153.742656 2153.742656 2153.742656 2155.749578 2156.493003 0 C 
 15  15 0 57 2 2 LL 1  5  4  6  5 0 0 0.699955 0 0 2157.739779 2158.241508 2158.241508 2158.241508 2160.248429 2160.948384 0 E 
 15  16 0 58 2 3 LH 1  6  6  5  3 1 1 1.403866 0 0 2162.205184 2162.706916 2162.706916 2162.706916 2164.713843 2166.117708 0 C 
 15  17 0 59 2 3 LH 1  6  5  5  8 0 0 1.283074 0 0 2167.373013 2167.874745 2167.874745 2167.874745 2169.881667 2171.164741 0 E 
 15  18 0 60 3 2 HL 1  4  5  1  4 0 0 1.188654 0 0 2172.423772 2172.925503 2172.925503 2172.925503 2174.932427 2176.121081 0 E 
 15  19 1  1 1 3 NH 0  5  6  5  9 0 1 0.952765 0 0 2182.291156 2182.792879 2182.792879 2182.792879 2184.799801 2185.752566 0 C 
 15  20 1  2 1 3 NH 0  5  4  5  1 0 1 0.798098 0 0 2187.007420 2187.509155 2187.509155 2187.509155 2189.516073 2190.314171 0 C 
 15  21 1  3 2 3 LH 1  5  6  4  3 1 1 1.254936 0 0 2191.573170 2192.074897 2192.074897 2192.074897 2194.081825 2195.336761 0 C 
 15  22 1  4 3 3 HH 1  6  4  3  7 1 1 0.908670 0 0 2196.590485 2197.092213 2197.092213 2197.092213 2199.099136 2200.007806 0 C 
 15  23 1  5 3 3 HH 1  6  4  3  1 1 1 2.001621 0 0 2201.256582 2201.758309 2201.758309 2201.758309 2203.765234 2205.766855 0 C 
 15  24 1  6 2 1 LN 0  4  4  5  4 0 1 1.435744 0 0 2207.009765 2207.511488 2207.511488 2207.511488 2209.518417 2210.954160 0 C 
 15  25 1  7 3 1 HN 0  5  4  8  4 0 1 1.155316 0 0 2212.211041 2212.712768 2212.712768 2212.712768 2214.719693 2215.875008 0 C 
 15  26 1  8 1 1 NN 0  6  5  6  5 0 1 1.205237 0 0 2217.128004 2217.629735 2217.629735 2217.629735 2219.636656 2220.841893 0 C 
 15  27 1  9 3 2 HL 1  5  4  8  5 1 1 1.299002 0 0 2222.095141 2222.596871 2222.596871 2222.596871 2224.603793 2225.902795 0 C 
 15  28 1 10 1 2 NL 0  5  5  5  4 0 1 1.859467 0 0 2227.145902 2227.647625 2227.647625 2227.647625 2229.654550 2231.514017 0 C 
 15  29 1 11 3 3 HH 1  4  5  1  8 1 1 0.841713 0 0 2232.765288 2233.267016 2233.267016 2233.267016 2235.273938 2236.115652 0 C 
 15  30 1 12 2 2 LL 1  6  6  5  5 1 1 1.122711 0 0 2237.364490 2237.866212 2237.866212 2237.866212 2239.873139 2240.995850 0 C 
 15  31 1 13 2 3 LH 1  4  6  5  9 1 1 1.094502 0 0 2242.248004 2242.749732 2242.749732 2242.749732 2244.756654 2245.851156 0 C 
 15  32 1 14 1 1 NN 0  6  4  6  4 0 1 0.693322 0 0 2247.098069 2247.599801 2247.599801 2247.599801 2249.606720 2250.300042 0 C 
 15  33 1 15 2 3 LH 1  5  4  6  1 1 1 0.968951 0 0 2251.546751 2252.048477 2252.048477 2252.048477 2254.055403 2255.024355 0 C 
 15  34 1 16 3 2 HL 1  4  5  7  6 1 1 0.693530 0 0 2256.279745 2256.781473 2256.781473 2256.781473 2258.788399 2259.481928 0 C 
 15  35 1 17 3 1 HN 0  5  6  2  6 0 1 1.155855 0 0 2260.728428 2261.230154 2261.230154 2261.230154 2263.237078 2264.392933 0 C 
 15  36 1 18 1 3 NH 0  6  6  6  3 0 1 0.858949 0 0 2265.645391 2266.147118 2266.147118 2266.147118 2268.154041 2269.012990 0 C 
 15  37 1 19 1 1 NN 0  6  5  6  5 0 1 0.550743 0 0 2270.261315 2270.763046 2270.763046 2270.763046 2272.769966 2273.320710 0 C 
 15  38 1 20 1 2 NL 0  5  5  5  4 0 1 0.583546 0 0 2274.576205 2275.077931 2275.077931 2275.077931 2277.084856 2277.668402 0 C 
 15  39 1 21 3 3 HH 1  6  5  3  8 1 1 0.649627 0 0 2278.924539 2279.426263 2279.426263 2279.426263 2281.433188 2282.082815 0 C 
 15  40 1 22 2 2 LL 1  5  6  6  5 0 0 0.715894 0 0 2283.339769 2283.841500 2283.841500 2283.841500 2285.848422 2286.564316 0 E 
 15  41 1 23 3 3 HH 1  6  6  9  3 1 1 1.035120 0 0 2287.821899 2288.323624 2288.323624 2288.323624 2290.330550 2291.365670 0 C 
 15  42 1 24 2 3 LH 1  6  5  5  8 1 1 1.497326 0 0 2292.621796 2293.123517 2293.123517 2293.123517 2295.130444 2296.627769 0 C 
 15  43 1 25 3 3 HH 1  4  5  1  2 1 1 0.643757 0 0 2297.873246 2298.374968 2298.374968 2298.374968 2300.381895 2301.025652 0 C 
 15  44 1 26 2 2 LL 1  5  4  4  5 1 1 1.600338 0 0 2302.271753 2302.773489 2302.773489 2302.773489 2304.780403 2306.380741 0 C 
 15  45 1 27 1 2 NL 0  6  5  6  4 0 1 1.381428 0 0 2307.623550 2308.125277 2308.125277 2308.125277 2310.132200 2311.513629 0 C 
 15  46 1 28 3 1 HN 0  4  4  1  4 0 1 1.474326 0 0 2312.757930 2313.259657 2313.259657 2313.259657 2315.266581 2316.740906 0 C 
 15  47 1 29 2 3 LH 1  4  5  5  2 1 1 1.117099 0 0 2317.992655 2318.494385 2318.494385 2318.494385 2320.501308 2321.618406 0 C 
 15  48 1 30 2 3 LH 1  5  4  6  7 1 1 0.825873 0 0 2322.876172 2323.377905 2323.377905 2323.377905 2325.384824 2326.210697 0 C 
 15  49 1 31 1 3 NH 0  6  5  6  2 0 1 1.117181 0 0 2327.458649 2327.960375 2327.960375 2327.960375 2329.967303 2331.084484 0 C 
 15  50 1 32 2 1 LN 0  4  6  5  6 0 1 1.314981 0 0 2332.342160 2332.843889 2332.843889 2332.843889 2334.850813 2336.165794 0 C 
 15  51 1 33 2 2 LL 1  6  5  5  6 1 1 1.155899 0 0 2337.409659 2337.911372 2337.911372 2337.911372 2339.918296 2341.074195 0 C 
 15  52 1 34 3 3 HH 1  6  6  9  9 1 1 0.836144 0 0 2342.326621 2342.828338 2342.828338 2342.828338 2344.835256 2345.671401 0 C 
 15  53 1 35 1 1 NN 0  5  6  5  6 0 1 1.266148 0 0 2346.925811 2347.427545 2347.427545 2347.427545 2349.434460 2350.700608 0 C 
 15  54 1 36 2 3 LH 1  5  5  4  2 1 1 0.721534 0 0 2351.959846 2352.461571 2352.461571 2352.461571 2354.468497 2355.190031 0 C 
 15  55 1 37 2 2 LL 1  4  6  5  5 1 1 0.743285 0 0 2356.441973 2356.943698 2356.943698 2356.943698 2358.950624 2359.693910 0 C 
 15  56 1 38 3 2 HL 1  5  5  2  6 1 1 0.682845 0 0 2360.940830 2361.442555 2361.442555 2361.442555 2363.449478 2364.132323 0 C 
 15  57 1 39 3 3 HH 1  5  5  8  2 1 1 0.825920 0 0 2365.389509 2365.891239 2365.891239 2365.891239 2367.898161 2368.724080 0 C 
 15  58 1 40 2 1 LN 0  6  4  5  4 1 0 1.298477 0 0 2369.971988 2370.473716 2370.473716 2370.473716 2372.480637 2373.779113 0 E 
 15  59 1 41 2 2 LL 1  5  6  6  5 1 1 1.419640 0 0 2375.022742 2375.524482 2375.524482 2375.524482 2377.531396 2378.951036 0 C 
 15  60 1 42 1 1 NN 0  6  5  6  5 0 1 0.984306 0 0 2380.207300 2380.709026 2380.709026 2380.709026 2382.715949 2383.700255 0 C 
 15  61 1 43 3 1 HN 0  5  6  8  6 0 1 1.524160 0 0 2384.957016 2385.458744 2385.458744 2385.458744 2387.465671 2388.989831 0 C 
 15  62 1 44 3 1 HN 0  6  4  9  4 0 1 1.072877 0 0 2390.241919 2390.743645 2390.743645 2390.743645 2392.750568 2393.823445 0 C 
 15  63 1 45 2 1 LN 0  5  4  4  4 0 1 0.908122 0 0 2395.075261 2395.576987 2395.576987 2395.576987 2397.583909 2398.492031 0 C 
 15  64 1 46 1 3 NH 0  6  6  6  3 0 1 1.106224 0 0 2399.741356 2400.243088 2400.243088 2400.243088 2402.250009 2403.356233 0 C 
 15  65 1 47 3 2 HL 1  4  4  7  5 1 1 0.858629 0 0 2404.608147 2405.109872 2405.109872 2405.109872 2407.116798 2407.975427 0 C 
 15  66 1 48 2 1 LN 0  5  5  4  5 0 1 0.699377 0 0 2409.224074 2409.725798 2409.725798 2409.725798 2411.732723 2412.432100 0 C 
 15  67 1 49 3 3 HH 1  6  5  3  2 1 1 0.633727 0 0 2413.689477 2414.191206 2414.191206 2414.191206 2416.198130 2416.831856 0 C 
 15  68 1 50 2 3 LH 1  4  5  5  8 1 1 1.360554 0 0 2418.087986 2418.589717 2418.589717 2418.589717 2420.596638 2421.957193 0 C 
 15  69 1 51 1 2 NL 0  4  4  4  5 0 1 1.029239 0 0 2423.205645 2423.707376 2423.707376 2423.707376 2425.714296 2426.743535 0 C 
 15  70 1 52 1 1 NN 0  4  6  4  6 0 1 0.831404 0 0 2427.988812 2428.490543 2428.490543 2428.490543 2430.497462 2431.328866 0 C 
 15  71 1 53 2 2 LL 1  6  6  5  5 1 1 1.089396 0 0 2432.588014 2433.089745 2433.089745 2433.089745 2435.096666 2436.186061 0 C 
 15  72 1 54 1 3 NH 0  6  6  6  9 0 1 0.957353 0 0 2437.438081 2437.939808 2437.939808 2437.939808 2439.946732 2440.904085 0 C 
 15  73 1 55 2 1 LN 0  4  5  5  5 1 0 1.106252 0 0 2442.154349 2442.656077 2442.656077 2442.656077 2444.663000 2445.769252 0 E 
 15  74 1 56 1 2 NL 0  4  4  4  5 0 1 0.853829 0 0 2447.021138 2447.522868 2447.522868 2447.522868 2449.529793 2450.383622 0 C 
 15  75 1 57 1 1 NN 0  4  4  4  4 0 1 0.732890 0 0 2451.637065 2452.138791 2452.138791 2452.138791 2454.145718 2454.878608 0 C 
 15  76 1 58 2 2 LL 1  6  6  5  5 1 1 0.836666 0 0 2456.135919 2456.637647 2456.637647 2456.637647 2458.644573 2459.481239 0 C 
 15  77 1 59 3 1 HN 0  5  6  8  6 0 1 1.238562 0 0 2460.735122 2461.236847 2461.236847 2461.236847 2463.243774 2464.482335 0 C 
 15  78 1 60 3 3 HH 1  4  4  1  7 1 1 0.622382 0 0 2465.735710 2466.237433 2466.237433 2466.237433 2468.244355 2468.866738 0 C 
 15  79 2  1 3 2 HL 1  6  5  9  6 0 0 1.150390 0 0 2495.404727 2495.906459 2495.906459 2495.906459 2497.913382 2499.063771 0 E 
 15  80 2  2 1 3 NH 0  6  5  6  8 0 1 1.454136 0 0 2500.321697 2500.823419 2500.823419 2500.823419 2502.830348 2504.284484 0 C 
 15  81 2  3 3 1 HN 0  6  4  9  4 0 1 1.282882 0 0 2505.539692 2506.041423 2506.041423 2506.041423 2508.048350 2509.331232 0 C 
 15  82 2  4 3 2 HL 1  6  4  3  5 1 1 0.864747 0 0 2510.590457 2511.092184 2511.092184 2511.092184 2513.099107 2513.963854 0 C 
 15  83 2  5 2 3 LH 1  5  6  6  9 1 1 1.672456 0 0 2515.223100 2515.724832 2515.724832 2515.724832 2517.731758 2519.404214 0 C 
 15  84 2  6 3 1 HN 0  5  4  8  4 0 1 1.189149 0 0 2520.658526 2521.160252 2521.160252 2521.160252 2523.167174 2524.356323 0 C 
 15  85 2  7 3 2 HL 1  5  5  2  6 1 1 1.117244 0 0 2525.608934 2526.110666 2526.110666 2526.110666 2528.117589 2529.234833 0 C 
 15  86 2  8 2 3 LH 1  6  6  5  3 1 1 0.969144 0 0 2530.492455 2530.994178 2530.994178 2530.994178 2533.001101 2533.970245 0 C 
 15  87 2  9 1 2 NL 0  6  6  6  5 0 1 0.958008 0 0 2535.225453 2535.727176 2535.727176 2535.727176 2537.734097 2538.692105 0 C 
 15  88 2 10 2 3 LH 1  6  5  5  8 1 1 1.184916 0 0 2539.941719 2540.443444 2540.443444 2540.443444 2542.450367 2543.635283 0 C 
 15  89 2 11 2 3 LH 1  5  5  6  2 1 1 1.018299 0 0 2544.892134 2545.393857 2545.393857 2545.393857 2547.400780 2548.419078 0 C 
 15  90 2 12 1 1 NN 0  6  4  6  4 0 1 1.090501 0 0 2549.675300 2550.177028 2550.177028 2550.177028 2552.183949 2553.274451 0 C 
 15  91 2 13 2 2 LL 1  4  4  5  5 1 1 0.754498 0 0 2554.525363 2555.027092 2555.027092 2555.027092 2557.034015 2557.788513 0 C 
 15  92 2 14 3 1 HN 0  5  5  8  5 0 1 1.111529 0 0 2559.040942 2559.542670 2559.542670 2559.542670 2561.549593 2562.661122 0 C 
 15  93 2 15 3 3 HH 1  4  6  1  9 1 1 0.754795 0 0 2563.907736 2564.409461 2564.409461 2564.409461 2566.416388 2567.171183 0 C 
 15  94 2 16 1 1 NN 0  5  4  5  4 0 1 0.743594 0 0 2568.423313 2568.925043 2568.925043 2568.925043 2570.931962 2571.675556 0 C 
 15  95 2 17 1 2 NL 0  5  5  5  4 0 1 0.847589 0 0 2572.922171 2573.423896 2573.423896 2573.423896 2575.430819 2576.278408 0 C 
 15  96 2 18 3 2 HL 1  6  4  9  5 1 1 1.095497 0 0 2577.521367 2578.023097 2578.023097 2578.023097 2580.030019 2581.125516 0 C 
 15  97 2 19 1 1 NN 0  6  5  6  5 0 1 0.716950 0 0 2582.371433 2582.873161 2582.873161 2582.873161 2584.880085 2585.597034 0 C 
 15  98 2 20 2 1 LN 0  6  6  5  6 0 1 0.924807 0 0 2586.853566 2587.355290 2587.355290 2587.355290 2589.362215 2590.287023 0 C 
 15  99 2 21 1 1 NN 0  4  5  4  5 0 1 0.688273 0 0 2591.536385 2592.038118 2592.038118 2592.038118 2594.045038 2594.733311 0 C 
 15 100 2 22 3 1 HN 0  5  4  8  4 0 1 0.814593 0 0 2595.985070 2596.486795 2596.486795 2596.486795 2598.493718 2599.308311 0 C 
 15 101 2 23 2 2 LL 1  5  4  4  5 0 0 1.442071 0 0 2600.567543 2601.069272 2601.069272 2601.069272 2603.076195 2604.518265 0 E 
 15 102 2 24 1 1 NN 0  4  4  4  4 0 1 1.496986 0 0 2605.768824 2606.270550 2606.270550 2606.270550 2608.277473 2609.774460 0 C 
 15 103 2 25 2 2 LL 1  4  4  5  5 1 1 0.837549 0 0 2611.020270 2611.521999 2611.521999 2611.521999 2613.528924 2614.366473 0 C 
 15 104 2 26 1 3 NH 0  5  4  5  7 0 1 0.903552 0 0 2615.619485 2616.121198 2616.121198 2616.121198 2618.128124 2619.031676 0 C 
 15 105 2 27 3 1 HN 0  6  4  3  4 1 0 1.029067 0 0 2620.285571 2620.787298 2620.787298 2620.787298 2622.794222 2623.823290 0 E 
 15 106 2 28 1 3 NH 0  4  4  4  7 0 1 1.095234 0 0 2625.068742 2625.570464 2625.570464 2625.570464 2627.577392 2628.672625 0 C 
 15 107 2 29 1 3 NH 0  5  6  5  3 0 1 1.248612 0 0 2629.918808 2630.420539 2630.420539 2630.420539 2632.427459 2633.676071 0 C 
 15 108 2 30 2 2 LL 1  6  4  5  5 1 1 0.819665 0 0 2634.919399 2635.421117 2635.421117 2635.421117 2637.428045 2638.247710 0 C 
 15 109 2 31 2 2 LL 1  5  4  6  5 1 1 2.141194 0 0 2639.501870 2640.003598 2640.003598 2640.003598 2642.010520 2644.151713 0 C 
 15 110 2 32 1 3 NH 0  5  6  5  3 0 1 0.820363 0 0 2645.405569 2645.907297 2645.907297 2645.907297 2647.914223 2648.734586 0 C 
 15 111 2 33 1 1 NN 0  6  5  6  5 0 1 1.260548 0 0 2649.988048 2650.489775 2650.489775 2650.489775 2652.496697 2653.757245 0 C 
 15 112 2 34 2 3 LH 1  6  5  5  8 1 1 0.886430 0 0 2655.005355 2655.507090 2655.507090 2655.507090 2657.514006 2658.400437 0 C 
 15 113 2 35 3 3 HH 1  4  5  1  2 1 1 0.716232 0 0 2659.654732 2660.156457 2660.156457 2660.156457 2662.163380 2662.879612 0 C 
 15 114 2 36 1 1 NN 0  6  6  6  6 0 1 0.908206 0 0 2664.136864 2664.638587 2664.638587 2664.638587 2666.645510 2667.553716 0 C 
 15 115 2 37 2 2 LL 1  5  4  4  5 1 1 1.006369 0 0 2668.802957 2669.304686 2669.304686 2669.304686 2671.311608 2672.317976 0 C 
 15 116 2 38 3 2 HL 1  6  5  3  4 1 1 0.809400 0 0 2673.569401 2674.071132 2674.071132 2674.071132 2676.078052 2676.887453 0 C 
 15 117 2 39 1 2 NL 0  6  6  6  5 0 1 0.765192 0 0 2678.135162 2678.636885 2678.636885 2678.636885 2680.643809 2681.409001 0 C 
 15 118 2 40 1 3 NH 0  4  5  4  2 0 1 1.013289 0 0 2682.667459 2683.169183 2683.169183 2683.169183 2685.176108 2686.189397 0 C 
 15 119 2 41 2 1 LN 0  5  4  6  4 0 1 1.200875 0 0 2687.433903 2687.935638 2687.935638 2687.935638 2689.942552 2691.143427 0 C 
 15 120 2 42 1 1 NN 0  6  5  6  5 0 1 0.682531 0 0 2692.401039 2692.902769 2692.902769 2692.902769 2694.909688 2695.592219 0 C 
 15 121 2 43 2 2 LL 1  6  5  5  6 1 1 1.370401 0 0 2696.849719 2697.351449 2697.351449 2697.351449 2699.358371 2700.728772 0 C 
 15 122 2 44 2 3 LH 1  6  5  5  2 1 1 1.144877 0 0 2701.984104 2702.485827 2702.485827 2702.485827 2704.492750 2705.637627 0 C 
 15 123 2 45 3 2 HL 1  6  5  9  4 1 1 0.655313 0 0 2706.884340 2707.386069 2707.386069 2707.386069 2709.392992 2710.048305 0 C 
 15 124 2 46 1 2 NL 0  6  4  6  5 0 1 0.991212 0 0 2711.299573 2711.801297 2711.801297 2711.801297 2713.808225 2714.799437 0 C 
 15 125 2 47 1 1 NN 0  4  6  4  6 0 1 1.419942 0 0 2716.049291 2716.551018 2716.551018 2716.551018 2718.557942 2719.977885 0 C 
 15 126 2 48 1 3 NH 0  5  5  5  2 0 1 0.875675 0 0 2721.233847 2721.735573 2721.735573 2721.735573 2723.742495 2724.618170 0 C 
 15 127 2 49 1 1 NN 0  6  6  6  6 0 1 0.721280 0 0 2725.866494 2726.368224 2726.368224 2726.368224 2728.375147 2729.096426 0 C 
 15 128 2 50 2 1 LN 0  5  4  6  4 0 1 0.897669 0 0 2730.348627 2730.850354 2730.850354 2730.850354 2732.857276 2733.754945 0 C 
 15 129 2 51 3 2 HL 1  6  4  9  5 1 1 1.062130 0 0 2734.997995 2735.499725 2735.499725 2735.499725 2737.506649 2738.568779 0 C 
 15 130 2 52 2 2 LL 1  4  5  5  6 1 1 1.414215 0 0 2739.814617 2740.316341 2740.316341 2740.316341 2742.323269 2743.737485 0 C 
 15 131 2 53 3 3 HH 1  4  4  1  7 1 1 0.715908 0 0 2744.982446 2745.484168 2745.484168 2745.484168 2747.491098 2748.207007 0 C 
 15 132 2 54 3 3 HH 1  4  4  7  1 1 1 0.594286 0 0 2749.464576 2749.966300 2749.966300 2749.966300 2751.973223 2752.567509 0 C 
 15 133 2 55 2 3 LH 1  5  6  4  9 1 1 0.952559 0 0 2753.812908 2754.314634 2754.314634 2754.314634 2756.321563 2757.274122 0 C 
 15 134 2 56 2 1 LN 0  5  5  6  5 0 1 1.210308 0 0 2758.529180 2759.030909 2759.030909 2759.030909 2761.037832 2762.248140 0 C 
 15 135 2 57 1 1 NN 0  4  6  4  6 0 1 0.935408 0 0 2763.496319 2763.998048 2763.998048 2763.998048 2766.004969 2766.940377 0 C 
 15 136 2 58 2 1 LN 0  4  6  5  6 0 1 0.962864 0 0 2768.195868 2768.697595 2768.697595 2768.697595 2770.704518 2771.667382 0 C 
 15 137 2 59 3 3 HH 1  5  4  8  7 1 1 0.887214 0 0 2772.912138 2773.413862 2773.413862 2773.413862 2775.420788 2776.308002 0 C 
 15 138 2 60 3 2 HL 1  4  4  7  5 1 1 1.492360 0 0 2777.561511 2778.063238 2778.063238 2778.063238 2780.070160 2781.562521 0 C 
 15 139 3  1 1 1 NN 0  5  6  5  6 0 1 1.090330 0 0 2787.228193 2787.729922 2787.729922 2787.729922 2789.736844 2790.827174 0 C 
 15 140 3  2 3 2 HL 1  4  6  7  5 1 1 0.649962 0 0 2792.078258 2792.579987 2792.579987 2792.579987 2794.586910 2795.236871 0 C 
 15 141 3  3 2 2 LL 1  5  5  4  4 1 1 0.616452 0 0 2796.493492 2796.995224 2796.995224 2796.995224 2799.002142 2799.618594 0 C 
 15 142 3  4 1 2 NL 0  6  6  6  5 0 1 0.666685 0 0 2800.875280 2801.377006 2801.377006 2801.377006 2803.383927 2804.050612 0 C 
 15 143 3  5 3 3 HH 1  6  4  3  7 1 1 0.770945 0 0 2805.307233 2805.808964 2805.808964 2805.808964 2807.815884 2808.586829 0 C 
 15 144 3  6 1 3 NH 0  4  4  4  1 0 1 0.754219 0 0 2809.839535 2810.341266 2810.341266 2810.341266 2812.348187 2813.102406 0 C 
 15 145 3  7 1 2 NL 0  5  6  5  5 0 1 0.754259 0 0 2814.355116 2814.856842 2814.856842 2814.856842 2816.863769 2817.618028 0 C 
 15 146 3  8 2 3 LH 1  6  5  5  8 1 1 1.281929 0 0 2818.870693 2819.372420 2819.372420 2819.372420 2821.379346 2822.661274 0 C 
 15 147 3  9 2 2 LL 1  4  6  5  5 1 1 1.024276 0 0 2823.904730 2824.406455 2824.406455 2824.406455 2826.413379 2827.437655 0 C 
 15 148 3 10 1 3 NH 0  5  4  5  7 0 1 1.040293 0 0 2828.687898 2829.189624 2829.189624 2829.189624 2831.196550 2832.236843 0 C 
 15 149 3 11 1 2 NL 0  5  5  5  4 0 1 0.489933 0 0 2833.487794 2833.989518 2833.989518 2833.989518 2835.996440 2836.486374 0 C 
 15 150 3 12 1 1 NN 0  5  6  5  6 0 1 0.490192 0 0 2837.735777 2838.237502 2838.237502 2838.237502 2840.244429 2840.734620 0 C 
 15 151 3 13 2 2 LL 1  5  4  6  5 1 1 1.569211 0 0 2841.983770 2842.485497 2842.485497 2842.485497 2844.492421 2846.061631 0 C 
 15 152 3 14 3 3 HH 1  4  4  1  7 1 1 0.759203 0 0 2847.318843 2847.820570 2847.820570 2847.820570 2849.827491 2850.586694 0 C 
 15 153 3 15 3 2 HL 1  4  5  7  4 1 1 1.735630 0 0 2851.834421 2852.336146 2852.336146 2852.336146 2854.343071 2856.078700 0 C 
 15 154 3 16 3 1 HN 0  5  6  8  6 0 1 1.343067 0 0 2857.336735 2857.838463 2857.838463 2857.838463 2859.845389 2861.188456 0 C 
 15 155 3 17 1 2 NL 0  5  5  5  6 0 1 1.188516 0 0 2862.437669 2862.939398 2862.939398 2862.939398 2864.946318 2866.134833 0 C 
 15 156 3 18 1 3 NH 0  5  6  5  9 0 1 0.870032 0 0 2867.388082 2867.889808 2867.889808 2867.889808 2869.896731 2870.766763 0 C 
 15 157 3 19 3 1 HN 0  6  4  3  4 1 0 0.853384 0 0 2872.020730 2872.522457 2872.522457 2872.522457 2874.529380 2875.382764 0 E 
 15 158 3 20 3 3 HH 1  4  5  7  8 1 1 1.634835 0 0 2876.636653 2877.138381 2877.138381 2877.138381 2879.145307 2880.780142 0 C 
 15 159 3 21 2 3 LH 1  5  4  6  1 1 1 1.122831 0 0 2882.038627 2882.540353 2882.540353 2882.540353 2884.547275 2885.670106 0 C 
 15 160 3 22 3 1 HN 0  4  5  1  5 0 1 1.079045 0 0 2886.922141 2887.423868 2887.423868 2887.423868 2889.430791 2890.509835 0 C 
 15 161 3 23 2 3 LH 1  6  5  5  8 1 1 1.332120 0 0 2891.755481 2892.257205 2892.257205 2892.257205 2894.264134 2895.596254 0 C 
 15 162 3 24 3 1 HN 0  4  4  7  4 0 1 0.863977 0 0 2896.839687 2897.341420 2897.341420 2897.341420 2899.348339 2900.212315 0 C 
 15 163 3 25 2 1 LN 0  5  4  4  4 0 1 2.233546 0 0 2901.455612 2901.957343 2901.957343 2901.957343 2903.964263 2906.197810 0 C 
 15 164 3 26 2 1 LN 0  6  5  5  5 0 1 1.375801 0 0 2907.442935 2907.944663 2907.944663 2907.944663 2909.951586 2911.327387 0 C 
 15 165 3 27 3 3 HH 1  4  4  7  7 0 0 0.655612 0 0 2912.577315 2913.079043 2913.079043 2913.079043 2915.085964 2915.741576 0 E 
 15 166 3 28 2 2 LL 1  4  6  5  5 1 1 1.023690 0 0 2916.992549 2917.494277 2917.494277 2917.494277 2919.501202 2920.524892 0 C 
 15 167 3 29 1 2 NL 0  5  6  5  5 0 1 1.282911 0 0 2921.775716 2922.277443 2922.277443 2922.277443 2924.284372 2925.567283 0 C 
 15 168 3 30 2 1 LN 0  6  5  5  5 0 1 0.930852 0 0 2926.826475 2927.328203 2927.328203 2927.328203 2929.335128 2930.265979 0 C 
 15 169 3 31 3 2 HL 1  6  6  3  5 1 1 1.155781 0 0 2931.509299 2932.011023 2932.011023 2932.011023 2934.017950 2935.173732 0 C 
 15 170 3 32 2 1 LN 0  4  6  5  6 0 1 0.814687 0 0 2936.426266 2936.927992 2936.927992 2936.927992 2938.934916 2939.749603 0 C 
 15 171 3 33 3 2 HL 1  4  6  7  5 1 1 0.770840 0 0 2941.008739 2941.510468 2941.510468 2941.510468 2943.517390 2944.288230 0 C 
 15 172 3 34 3 3 HH 1  6  6  9  3 1 1 0.584044 0 0 2945.541043 2946.042769 2946.042769 2946.042769 2948.049692 2948.633736 0 C 
 15 173 3 35 3 3 HH 1  6  6  3  3 1 1 0.594589 0 0 2949.889378 2950.391106 2950.391106 2950.391106 2952.398029 2952.992618 0 C 
 15 174 3 36 1 2 NL 0  5  5  5  6 0 1 0.819783 0 0 2954.237712 2954.739440 2954.739440 2954.739440 2956.746364 2957.566148 0 C 
 15 175 3 37 3 3 HH 1  6  5  3  8 1 1 1.073665 0 0 2958.820190 2959.321916 2959.321916 2959.321916 2961.328842 2962.402508 0 C 
 15 176 3 38 1 3 NH 0  6  4  6  7 0 1 1.607099 0 0 2963.653539 2964.155259 2964.155259 2964.155259 2966.162181 2967.769280 0 C 
 15 177 3 39 2 3 LH 1  5  4  4  1 1 1 0.990665 0 0 2969.022051 2969.523779 2969.523779 2969.523779 2971.530702 2972.521367 0 C 
 15 178 3 40 2 1 LN 0  6  4  5  4 0 1 1.256101 0 0 2973.771770 2974.273507 2974.273507 2974.273507 2976.280423 2977.536524 0 C 
 15 179 3 41 1 2 NL 0  6  4  6  5 0 1 0.991336 0 0 2978.789083 2979.290809 2979.290809 2979.290809 2981.297733 2982.289069 0 C 
 15 180 3 42 3 2 HL 1  4  6  7  5 1 1 1.034590 0 0 2983.538798 2984.040528 2984.040528 2984.040528 2986.047452 2987.082042 0 C 
 15 181 3 43 3 2 HL 1  5  6  2  5 1 1 1.298743 0 0 2988.338696 2988.840422 2988.840422 2988.840422 2990.847345 2992.146088 0 C 
 15 182 3 44 2 1 LN 0  5  5  4  5 0 1 1.392806 0 0 2993.389455 2993.891179 2993.891179 2993.891179 2995.898104 2997.290910 0 C 
 15 183 3 45 2 3 LH 1  5  6  6  3 1 1 1.095638 0 0 2998.540560 2999.042285 2999.042285 2999.042285 3001.049209 3002.144846 0 C 
 15 184 3 46 1 2 NL 0  5  4  5  5 0 1 0.804520 0 0 3003.390627 3003.892351 3003.892351 3003.892351 3005.899276 3006.703796 0 C 
 15 185 3 47 3 3 HH 1  5  4  8  7 1 1 0.798865 0 0 3007.956375 3008.458105 3008.458105 3008.458105 3010.465026 3011.263891 0 C 
 15 186 3 48 3 2 HL 1  6  4  3  5 1 1 0.996683 0 0 3012.522127 3013.023854 3013.023854 3013.023854 3015.030779 3016.027462 0 C 
 15 187 3 49 2 1 LN 0  6  4  5  4 0 1 1.221343 0 0 3017.271845 3017.773572 3017.773572 3017.773572 3019.780499 3021.001842 0 C 
 15 188 3 50 3 3 HH 1  5  4  8  7 1 1 0.798083 0 0 3022.255707 3022.757437 3022.757437 3022.757437 3024.764360 3025.562443 0 C 
 15 189 3 51 1 3 NH 0  6  6  6  9 0 1 0.776514 0 0 3026.821456 3027.323184 3027.323184 3027.323184 3029.330111 3030.106625 0 C 
 15 190 3 52 2 2 LL 1  6  5  5  6 1 1 1.452872 0 0 3031.353763 3031.855493 3031.855493 3031.855493 3033.862414 3035.315286 0 C 
 15 191 3 53 3 2 HL 1  4  5  1  4 1 1 1.249328 0 0 3036.571768 3037.073495 3037.073495 3037.073495 3039.080417 3040.329745 0 C 
 15 192 3 54 2 2 LL 1  6  5  5  4 1 1 0.891585 0 0 3041.589082 3042.090803 3042.090803 3042.090803 3044.097726 3044.989312 0 C 
 15 193 3 55 2 3 LH 1  4  4  5  7 1 1 0.759921 0 0 3046.238449 3046.740179 3046.740179 3046.740179 3048.747100 3049.507022 0 C 
 15 194 3 56 2 3 LH 1  6  5  5  2 1 1 0.660778 0 0 3050.754027 3051.255754 3051.255754 3051.255754 3053.262679 3053.923457 0 C 
 15 195 3 57 3 2 HL 1  6  6  9  5 1 1 0.959110 0 0 3055.169263 3055.670989 3055.670989 3055.670989 3057.677912 3058.637022 0 C 
 15 196 3 58 3 3 HH 1  5  5  2  2 1 1 0.743450 0 0 3059.885535 3060.387262 3060.387262 3060.387262 3062.394183 3063.137633 0 C 
 15 197 3 59 1 3 NH 0  5  6  5  3 0 1 1.100774 0 0 3064.384387 3064.886125 3064.886125 3064.886125 3066.893037 3067.993811 0 C 
 15 198 3 60 3 2 HL 1  4  4  7  5 1 1 0.715437 0 0 3069.251177 3069.752901 3069.752901 3069.752901 3071.759830 3072.475267 0 C 
 15 199 4  1 1 3 NH 0  4  6  4  3 0 1 0.980436 0 0 3089.955942 3090.457671 3090.457671 3090.457671 3092.464593 3093.445029 0 C 
 15 200 4  2 2 2 LL 1  6  5  5  4 1 1 1.254808 0 0 3094.688939 3095.190666 3095.190666 3095.190666 3097.197591 3098.452399 0 C 
 15 201 4  3 2 3 LH 1  6  6  5  9 1 1 0.672264 0 0 3099.706248 3100.207973 3100.207973 3100.207973 3102.214898 3102.887162 0 C 
 15 202 4  4 1 1 NN 0  4  5  4  5 0 1 0.991297 0 0 3104.138207 3104.639941 3104.639941 3104.639941 3106.646856 3107.638153 0 C 
 15 203 4  5 1 1 NN 0  4  4  4  4 0 1 0.594898 0 0 3108.887922 3109.389651 3109.389651 3109.389651 3111.396573 3111.991471 0 C 
 15 204 4  6 1 3 NH 0  4  6  4  9 0 1 0.709798 0 0 3113.236260 3113.737995 3113.737995 3113.737995 3115.744910 3116.454708 0 C 
 15 205 4  7 1 2 NL 0  6  4  6  5 0 1 0.738252 0 0 3117.701668 3118.203395 3118.203395 3118.203395 3120.210316 3120.948568 0 C 
 15 206 4  8 2 3 LH 1  4  5  5  8 1 1 0.919067 0 0 3122.200519 3122.702244 3122.702244 3122.702244 3124.709170 3125.628237 0 C 
 15 207 4  9 1 1 NN 0  4  4  4  4 0 1 0.605053 0 0 3126.883342 3127.385069 3127.385069 3127.385069 3129.391996 3129.997050 0 C 
 15 208 4 10 1 2 NL 0  5  4  5  5 0 1 0.776475 0 0 3131.248403 3131.750135 3131.750135 3131.750135 3133.757053 3134.533528 0 C 
 15 209 4 11 3 2 HL 1  4  5  1  6 1 1 0.677814 0 0 3135.780705 3136.282435 3136.282435 3136.282435 3138.289359 3138.967172 0 C 
 15 210 4 12 2 2 LL 1  5  6  6  5 0 0 0.677242 0 0 3140.212665 3140.714394 3140.714394 3140.714394 3142.721313 3143.398554 0 E 
 15 211 4 13 1 2 NL 0  6  4  6  5 0 1 0.671652 0 0 3144.644620 3145.146344 3145.146344 3145.146344 3147.153270 3147.824921 0 C 
 15 212 4 14 3 3 HH 1  4  6  7  3 1 1 0.677557 0 0 3149.076574 3149.578303 3149.578303 3149.578303 3151.585227 3152.262783 0 C 
 15 213 4 15 1 2 NL 0  5  6  5  5 0 1 0.765693 0 0 3153.508537 3154.010260 3154.010260 3154.010260 3156.017182 3156.782875 0 C 
 15 214 4 16 2 2 LL 1  4  6  5  5 1 1 0.880413 0 0 3158.040835 3158.542567 3158.542567 3158.542567 3160.549487 3161.429900 0 C 
 15 215 4 17 2 2 LL 1  5  4  6  5 1 1 1.139022 0 0 3162.673486 3163.175210 3163.175210 3163.175210 3165.182137 3166.321158 0 C 
 15 216 4 18 3 1 HN 0  4  5  1  5 1 0 0.765799 0 0 3167.573722 3168.075457 3168.075457 3168.075457 3170.082376 3170.848175 0 E 
 15 217 4 19 1 2 NL 0  5  6  5  5 0 1 0.953300 0 0 3172.106029 3172.607754 3172.607754 3172.607754 3174.614680 3175.567980 0 C 
 15 218 4 20 3 2 HL 1  5  5  2  4 1 1 1.045407 0 0 3176.822302 3177.324027 3177.324027 3177.324027 3179.330950 3180.376357 0 C 
 15 219 4 21 2 1 LN 0  5  6  4  6 0 1 0.946531 0 0 3181.622194 3182.123917 3182.123917 3182.123917 3184.130843 3185.077374 0 C 
 15 220 4 22 3 1 HN 0  4  4  1  4 0 1 0.754001 0 0 3186.321742 3186.823477 3186.823477 3186.823477 3188.830390 3189.584391 0 C 
 15 221 4 23 3 1 HN 0  4  6  7  6 0 1 0.870337 0 0 3190.837323 3191.339046 3191.339046 3191.339046 3193.345972 3194.216309 0 C 
 15 222 4 24 1 1 NN 0  5  6  5  6 0 1 0.847639 0 0 3195.469967 3195.971696 3195.971696 3195.971696 3197.978618 3198.826256 0 C 
 15 223 4 25 1 2 NL 0  4  5  4  4 0 1 0.820492 0 0 3200.069166 3200.570898 3200.570898 3200.570898 3202.577819 3203.398311 0 C 
 15 224 4 26 3 1 HN 0  4  4  1  4 0 1 1.309702 0 0 3204.651646 3205.153373 3205.153373 3205.153373 3207.160293 3208.469995 0 C 
 15 225 4 27 2 3 LH 1  5  6  6  9 1 1 1.227647 0 0 3209.719127 3210.220859 3210.220859 3210.220859 3212.227778 3213.455425 0 C 
 15 226 4 28 1 3 NH 0  6  4  6  7 0 1 1.133769 0 0 3214.702988 3215.204716 3215.204716 3215.204716 3217.211639 3218.345408 0 C 
 15 227 4 29 3 1 HN 0  5  4  8  4 0 1 1.315537 0 0 3219.603228 3220.104957 3220.104957 3220.104957 3222.111879 3223.427417 0 C 
 15 228 4 30 1 2 NL 0  6  4  6  5 0 1 0.606387 0 0 3224.670713 3225.172447 3225.172447 3225.172447 3227.179362 3227.785749 0 C 
 15 229 4 31 3 2 HL 1  5  5  8  4 1 1 1.138976 0 0 3229.035769 3229.537497 3229.537497 3229.537497 3231.544421 3232.683397 0 C 
 15 230 4 32 2 2 LL 1  4  4  5  5 1 1 0.974141 0 0 3233.936011 3234.437738 3234.437738 3234.437738 3236.444660 3237.418801 0 C 
 15 231 4 33 2 3 LH 1  6  6  5  9 1 1 0.775743 0 0 3238.669004 3239.170732 3239.170732 3239.170732 3241.177653 3241.953396 0 C 
 15 232 4 34 2 1 LN 0  5  4  6  4 0 1 1.100067 0 0 3243.201304 3243.703035 3243.703035 3243.703035 3245.709959 3246.810025 0 C 
 15 233 4 35 3 2 HL 1  4  4  1  5 1 1 0.688518 0 0 3248.068097 3248.569827 3248.569827 3248.569827 3250.576750 3251.265268 0 C 
 15 234 4 36 3 3 HH 1  4  4  1  7 1 1 0.583838 0 0 3252.516779 3253.018503 3253.018503 3253.018503 3255.025431 3255.609268 0 C 
 15 235 4 37 3 2 HL 1  4  4  7  5 1 1 0.803876 0 0 3256.865114 3257.366843 3257.366843 3257.366843 3259.373766 3260.177642 0 C 
 15 236 4 38 3 3 HH 1  6  5  9  8 1 1 0.600660 0 0 3261.430865 3261.932595 3261.932595 3261.932595 3263.939517 3264.540177 0 C 
 15 237 4 39 1 1 NN 0  6  5  6  5 0 1 0.809010 0 0 3265.795926 3266.297654 3266.297654 3266.297654 3268.304577 3269.113587 0 C 
 15 238 4 40 1 1 NN 0  6  4  6  4 0 1 1.150203 0 0 3270.361683 3270.863404 3270.863404 3270.863404 3272.870330 3274.020533 0 C 
 15 239 4 41 3 3 HH 1  4  5  1  2 1 1 0.578072 0 0 3275.278643 3275.780368 3275.780368 3275.780368 3277.787295 3278.365367 0 C 
 15 240 4 42 1 1 NN 0  5  4  5  4 0 1 1.188564 0 0 3279.610255 3280.111977 3280.111977 3280.111977 3282.118903 3283.307467 0 C 
 15 241 4 43 3 2 HL 1  5  4  8  5 1 1 1.067658 0 0 3284.560670 3285.062392 3285.062392 3285.062392 3287.069316 3288.136974 0 C 
 15 242 4 44 3 2 HL 1  5  4  2  5 1 1 1.859849 0 0 3289.394007 3289.895733 3289.895733 3289.895733 3291.902658 3293.762507 0 C 
 15 243 4 45 2 3 LH 1  4  5  5  2 1 1 1.496494 0 0 3295.013393 3295.515123 3295.515123 3295.515123 3297.522045 3299.018539 0 C 
 15 244 4 46 3 2 HL 1  6  6  9  5 1 1 0.836713 0 0 3300.264848 3300.766570 3300.766570 3300.766570 3302.773496 3303.610209 0 C 
 15 245 4 47 2 3 LH 1  4  6  5  9 1 1 1.942835 0 0 3304.864047 3305.365775 3305.365775 3305.365775 3307.372696 3309.315532 0 C 
 15 246 4 48 3 1 HN 0  6  4  9  4 0 1 1.552071 0 0 3310.567055 3311.068781 3311.068781 3311.068781 3313.075704 3314.627776 0 C 
 15 247 4 49 2 2 LL 1  4  5  5  6 1 1 1.162209 0 0 3315.885401 3316.387130 3316.387130 3316.387130 3318.394053 3319.556262 0 C 
 15 248 4 50 1 2 NL 0  5  5  5  4 0 1 1.051128 0 0 3320.802368 3321.304091 3321.304091 3321.304091 3323.311017 3324.362144 0 C 
 15 249 4 51 3 1 HN 0  4  5  1  5 0 1 1.029691 0 0 3325.618984 3326.120716 3326.120716 3326.120716 3328.127637 3329.157329 0 C 
 15 250 4 52 2 1 LN 0  5  5  4  5 0 1 0.792490 0 0 3330.402154 3330.903884 3330.903884 3330.903884 3332.910801 3333.703291 0 C 
 15 251 4 53 3 2 HL 1  6  6  3  5 1 1 1.546065 0 0 3334.951181 3335.452910 3335.452910 3335.452910 3337.459831 3339.005896 0 C 
 15 252 4 54 3 2 HL 1  5  6  8  5 1 1 1.282444 0 0 3340.252806 3340.754528 3340.754528 3340.754528 3342.761455 3344.043899 0 C 
 15 253 4 55 2 2 LL 1  4  5  5  4 1 1 1.699883 0 0 3345.286839 3345.788572 3345.788572 3345.788572 3347.795489 3349.495372 0 C 
 15 254 4 56 1 3 NH 0  6  5  6  2 0 1 1.045245 0 0 3350.738983 3351.240712 3351.240712 3351.240712 3353.247632 3354.292877 0 C 
 15 255 4 57 3 3 HH 1  5  5  2  8 1 1 1.558261 0 0 3355.538877 3356.040604 3356.040604 3356.040604 3358.047529 3359.605790 0 C 
 15 256 4 58 2 3 LH 1  5  4  6  7 1 1 0.913899 0 0 3360.857225 3361.358950 3361.358950 3361.358950 3363.365876 3364.279774 0 C 
 15 257 4 59 3 1 HN 0  6  5  3  5 0 1 1.056090 0 0 3365.523320 3366.025046 3366.025046 3366.025046 3368.031972 3369.088063 0 C 
 15 258 4 60 2 1 LN 0  6  5  5  5 0 1 0.924630 0 0 3370.339935 3370.841669 3370.841669 3370.841669 3372.848592 3373.773222 0 C 
 15 259 5  1 1 1 NN 0  6  4  6  4 0 1 0.732002 0 0 3378.651947 3379.153685 3379.153685 3379.153685 3381.160602 3381.892604 0 C 
 15 260 5  2 3 2 HL 1  6  5  3  6 0 0 0.748933 0 0 3383.150802 3383.652529 3383.652529 3383.652529 3385.659454 3386.408388 0 E 
 15 261 5  3 1 3 NH 0  4  6  4  9 0 1 1.198417 0 0 3387.666381 3388.168108 3388.168108 3388.168108 3390.175032 3391.373449 0 C 
 15 262 5  4 2 1 LN 0  5  5  6  5 0 1 1.090212 0 0 3392.616803 3393.118523 3393.118523 3393.118523 3395.125448 3396.215660 0 C 
 15 263 5  5 3 3 HH 1  5  5  2  2 1 1 0.621949 0 0 3397.466862 3397.968589 3397.968589 3397.968589 3399.975512 3400.597461 0 C 
 15 264 5  6 3 3 HH 1  4  5  7  8 1 1 0.847425 0 0 3401.848646 3402.350373 3402.350373 3402.350373 3404.357295 3405.204721 0 C 
 15 265 5  7 1 3 NH 0  4  5  4  8 0 1 0.825250 0 0 3406.447844 3406.949568 3406.949568 3406.949568 3408.956495 3409.781745 0 C 
 15 266 5  8 3 3 HH 1  6  6  9  9 1 1 0.886581 0 0 3411.030325 3411.532059 3411.532059 3411.532059 3413.538972 3414.425553 0 C 
 15 267 5  9 3 2 HL 1  5  5  2  4 1 1 0.616735 0 0 3415.679688 3416.181421 3416.181421 3416.181421 3418.188343 3418.805077 0 C 
 15 268 5 10 3 1 HN 0  4  6  7  6 0 1 1.831780 0 0 3420.061477 3420.563209 3420.563209 3420.563209 3422.570130 3424.401910 0 C 
 15 269 5 11 1 1 NN 0  5  5  5  5 0 1 1.165822 0 0 3425.647420 3426.149144 3426.149144 3426.149144 3428.156070 3429.321892 0 C 
 15 270 5 12 1 2 NL 0  6  4  6  5 0 1 0.995909 0 0 3430.581104 3431.082832 3431.082832 3431.082832 3433.089755 3434.085664 0 C 
 15 271 5 13 2 1 LN 0  5  5  4  5 0 1 0.919298 0 0 3435.330824 3435.832549 3435.832549 3435.832549 3437.839478 3438.758776 0 C 
 15 272 5 14 2 2 LL 1  6  4  5  5 1 1 1.078591 0 0 3440.013647 3440.515375 3440.515375 3440.515375 3442.522298 3443.600889 0 C 
 15 273 5 15 2 1 LN 0  4  5  5  5 0 1 1.414709 0 0 3444.846988 3445.348722 3445.348722 3445.348722 3447.355640 3448.770349 0 C 
 15 274 5 16 1 2 NL 0  5  4  5  5 0 1 1.639465 0 0 3450.014820 3450.516545 3450.516545 3450.516545 3452.523469 3454.162935 0 C 
 15 275 5 17 2 1 LN 0  4  4  5  4 0 1 1.530524 0 0 3455.416788 3455.918513 3455.918513 3455.918513 3457.925441 3459.455965 0 C 
 15 276 5 18 2 3 LH 1  6  4  5  1 1 1 1.480290 0 0 3460.701690 3461.203412 3461.203412 3461.203412 3463.210341 3464.690631 0 C 
 15 277 5 19 2 1 LN 0  4  6  5  6 0 1 1.299227 0 0 3465.936416 3466.438142 3466.438142 3466.438142 3468.445066 3469.744292 0 C 
 15 278 5 20 1 2 NL 0  4  5  4  4 0 1 1.194288 0 0 3470.987173 3471.488900 3471.488900 3471.488900 3473.495822 3474.690109 0 C 
 15 279 5 21 2 2 LL 1  5  4  4  5 1 1 1.211354 0 0 3475.937585 3476.439316 3476.439316 3476.439316 3478.446237 3479.657591 0 C 
 15 280 5 22 2 1 LN 0  6  6  5  6 0 1 0.826786 0 0 3480.904726 3481.406451 3481.406451 3481.406451 3483.413373 3484.240158 0 C 
 15 281 5 23 2 3 LH 1  6  5  5  8 0 0 1.997576 0 0 3485.487211 3485.988923 3485.988923 3485.988923 3487.995849 3489.993425 0 E 
 15 282 5 24 1 3 NH 0  4  5  4  8 0 1 1.666895 0 0 3491.240394 3491.742104 3491.742104 3491.742104 3493.749033 3495.415928 0 C 
 15 283 5 25 2 1 LN 0  5  4  6  4 0 1 1.660954 0 0 3496.659074 3497.160798 3497.160798 3497.160798 3499.167725 3500.828679 0 C 
 15 284 5 26 3 2 HL 1  5  4  2  5 1 1 1.474062 0 0 3502.077770 3502.579499 3502.579499 3502.579499 3504.586421 3506.060483 0 C 
 15 285 5 27 1 3 NH 0  6  4  6  7 0 1 1.083072 0 0 3507.312498 3507.814226 3507.814226 3507.814226 3509.821147 3510.904219 0 C 
 15 286 5 28 1 1 NN 0  4  5  4  5 0 1 1.436238 0 0 3512.162564 3512.664291 3512.664291 3512.664291 3514.671215 3516.107453 0 C 
 15 287 5 29 3 2 HL 1  6  6  9  5 1 1 1.458391 0 0 3517.363842 3517.865567 3517.865567 3517.865567 3519.872493 3521.330884 0 C 
 15 288 5 30 3 3 HH 1  4  6  7  9 1 1 1.474366 0 0 3522.581842 3523.083566 3523.083566 3523.083566 3525.090496 3526.564862 0 C 
 15 289 5 31 1 1 NN 0  6  5  6  5 0 1 1.294282 0 0 3527.816571 3528.318298 3528.318298 3528.318298 3530.325219 3531.619502 0 C 
 15 290 5 32 2 2 LL 1  4  4  5  5 1 1 1.645548 0 0 3532.867326 3533.369056 3533.369056 3533.369056 3535.375980 3537.021528 0 C 
 15 291 5 33 3 3 HH 1  4  4  7  1 1 1 1.156024 0 0 3538.269297 3538.771022 3538.771022 3538.771022 3540.777948 3541.933972 0 C 
 15 292 5 34 3 2 HL 1  6  5  3  4 1 1 1.222516 0 0 3543.186267 3543.687985 3543.687985 3543.687985 3545.694910 3546.917426 0 C 
 15 293 5 35 2 3 LH 1  5  6  6  3 1 1 1.604627 0 0 3548.170123 3548.671850 3548.671850 3548.671850 3550.678779 3552.283407 0 C 
 15 294 5 36 3 2 HL 1  6  6  9  5 1 1 1.085047 0 0 3553.538646 3554.040372 3554.040372 3554.040372 3556.047295 3557.132342 0 C 
 15 295 5 37 2 1 LN 0  5  6  6  6 0 1 1.425473 0 0 3558.388712 3558.890437 3558.890437 3558.890437 3560.897360 3562.322833 0 C 
 15 296 5 38 3 1 HN 0  4  5  1  5 0 1 1.194058 0 0 3563.573262 3564.074990 3564.074990 3564.074990 3566.081914 3567.275972 0 C 
 15 297 5 39 1 1 NN 0  6  4  6  4 0 1 1.155300 0 0 3568.523677 3569.025403 3569.025403 3569.025403 3571.032327 3572.187627 0 C 
 15 298 5 40 3 1 HN 0  5  4  2  4 0 1 1.316577 0 0 3573.440641 3573.942364 3573.942364 3573.942364 3575.949290 3577.265867 0 C 
 15 299 5 41 2 2 LL 1  5  6  4  5 1 1 1.354481 0 0 3578.524848 3579.026574 3579.026574 3579.026574 3581.033497 3582.387978 0 C 
 15 300 5 42 1 2 NL 0  6  4  6  5 0 1 1.260601 0 0 3583.642502 3584.144230 3584.144230 3584.144230 3586.151153 3587.411754 0 C 
 15 301 5 43 2 3 LH 1  4  6  5  9 1 1 1.782520 0 0 3588.659812 3589.161536 3589.161536 3589.161536 3591.168462 3592.950982 0 C 
 15 302 5 44 3 2 HL 1  6  4  9  5 1 1 1.772234 0 0 3594.195579 3594.697305 3594.697305 3594.697305 3596.704228 3598.476462 0 C 
 15 303 5 45 1 3 NH 0  5  6  5  3 0 1 1.524224 0 0 3599.731344 3600.233071 3600.233071 3600.233071 3602.239994 3603.764218 0 C 
 15 304 5 46 1 2 NL 0  4  4  4  5 0 1 1.134704 0 0 3605.016242 3605.517968 3605.517968 3605.517968 3607.524893 3608.659597 0 C 
 15 305 5 47 2 3 LH 1  4  5  5  8 1 1 1.139530 0 0 3609.916483 3610.418212 3610.418212 3610.418212 3612.425134 3613.564664 0 C 
 15 306 5 48 1 2 NL 0  4  5  4  6 0 1 1.238266 0 0 3614.816722 3615.318448 3615.318448 3615.318448 3617.325371 3618.563637 0 C 
 15 307 5 49 1 1 NN 0  4  6  4  6 0 1 0.991000 0 0 3619.817305 3620.319033 3620.319033 3620.319033 3622.325957 3623.316956 0 C 
 15 308 5 50 3 1 HN 0  4  4  1  4 0 1 1.306202 0 0 3624.567024 3625.068755 3625.068755 3625.068755 3627.075678 3628.381880 0 C 
 15 309 5 51 1 1 NN 0  4  6  4  6 0 1 1.332266 0 0 3629.651233 3630.152963 3630.152963 3630.152963 3632.159885 3633.492151 0 C 
 15 310 5 52 2 2 LL 1  4  5  5  4 1 1 1.546576 0 0 3634.735440 3635.237170 3635.237170 3635.237170 3637.244094 3638.790670 0 C 
 15 311 5 53 1 3 NH 0  4  4  4  1 0 1 0.919313 0 0 3640.037067 3640.538791 3640.538791 3640.538791 3642.545715 3643.465028 0 C 
 15 312 5 54 2 1 LN 0  5  4  4  4 0 1 1.056936 0 0 3644.719888 3645.221616 3645.221616 3645.221616 3647.228541 3648.285477 0 C 
 15 313 5 55 2 2 LL 1  4  5  5  6 1 1 1.689612 0 0 3649.536503 3650.038233 3650.038233 3650.038233 3652.045155 3653.734767 0 C 
 15 314 5 56 1 3 NH 0  4  5  4  8 0 1 1.607259 0 0 3654.988648 3655.490377 3655.490377 3655.490377 3657.497297 3659.104556 0 C 
 15 315 5 57 1 2 NL 0  4  6  4  5 0 1 1.299191 0 0 3660.357167 3660.858898 3660.858898 3660.858898 3662.865820 3664.165012 0 C 
 15 316 5 58 2 2 LL 1  6  5  5  4 1 1 1.677644 0 0 3665.407928 3665.909653 3665.909653 3665.909653 3667.916578 3669.594222 0 C 
 15 317 5 59 3 1 HN 0  6  6  3  6 0 1 1.337512 0 0 3670.843346 3671.345077 3671.345077 3671.345077 3673.351998 3674.689510 0 C 
 15 318 5 60 2 3 LH 1  6  6  5  9 1 1 1.403864 0 0 3675.944279 3676.446006 3676.446006 3676.446006 3678.452929 3679.856794 0 C 
 15 319 6  1 3 3 HH 1  6  5  9  8 1 1 1.496653 0 0 3686.146139 3686.647869 3686.647869 3686.647869 3688.654792 3690.151445 0 C 
 15 320 6  2 2 2 LL 1  5  5  6  4 1 1 1.079034 0 0 3691.397590 3691.899322 3691.899322 3691.899322 3693.906242 3694.985275 0 C 
 15 321 6  3 3 3 HH 1  4  5  7  8 1 1 1.187887 0 0 3696.230934 3696.732663 3696.732663 3696.732663 3698.739584 3699.927472 0 C 
 15 322 6  4 3 1 HN 0  4  4  1  4 0 1 1.089280 0 0 3701.181348 3701.683074 3701.683074 3701.683074 3703.689997 3704.779277 0 C 
 15 323 6  5 1 3 NH 0  6  5  6  2 0 1 1.325254 0 0 3706.031415 3706.533140 3706.533140 3706.533140 3708.540065 3709.865320 0 C 
 15 324 6  6 2 3 LH 1  6  5  5  8 1 1 1.529317 0 0 3711.115620 3711.617347 3711.617347 3711.617347 3713.624273 3715.153590 0 C 
 15 325 6  7 1 3 NH 0  6  4  6  1 0 1 1.166501 0 0 3716.400522 3716.902245 3716.902245 3716.902245 3718.909170 3720.075672 0 C 
 15 326 6  8 3 3 HH 1  5  4  8  7 1 1 1.200353 0 0 3721.334209 3721.835938 3721.835938 3721.835938 3723.842859 3725.043212 0 C 
 15 327 6  9 1 1 NN 0  6  6  6  6 0 1 1.145524 0 0 3726.301346 3726.803073 3726.803073 3726.803073 3728.809995 3729.955520 0 C 
 15 328 6 10 2 2 LL 1  4  6  5  5 1 1 1.377023 0 0 3731.201580 3731.703308 3731.703308 3731.703308 3733.710234 3735.087258 0 C 
 15 329 6 11 2 3 LH 1  5  4  4  7 1 1 1.678132 0 0 3736.335963 3736.837693 3736.837693 3736.837693 3738.844615 3740.522747 0 C 
 15 330 6 12 3 1 HN 0  5  4  2  4 0 1 1.370162 0 0 3741.771384 3742.273113 3742.273113 3742.273113 3744.280034 3745.650196 0 C 
 15 331 6 13 3 3 HH 1  5  6  8  9 1 1 1.293385 0 0 3746.905765 3747.407490 3747.407490 3747.407490 3749.414415 3750.707800 0 C 
 15 332 6 14 3 1 HN 0  6  6  3  6 0 1 1.377097 0 0 3751.956528 3752.458249 3752.458249 3752.458249 3754.465172 3755.842270 0 C 
 15 333 6 15 1 3 NH 0  6  4  6  7 0 1 1.122505 0 0 3757.090902 3757.592627 3757.592627 3757.592627 3759.599555 3760.722061 0 C 
 15 334 6 16 2 2 LL 1  5  4  6  5 1 1 1.832288 0 0 3761.974419 3762.476145 3762.476145 3762.476145 3764.483068 3766.315357 0 C 
 15 335 6 17 2 3 LH 1  4  5  5  8 1 1 1.359103 0 0 3767.560357 3768.062083 3768.062083 3768.062083 3770.069005 3771.428108 0 C 
 15 336 6 18 2 3 LH 1  5  6  6  3 1 1 1.496866 0 0 3772.678009 3773.179736 3773.179736 3773.179736 3775.186663 3776.683529 0 C 
 15 337 6 19 3 2 HL 1  4  4  1  5 1 1 1.694267 0 0 3777.929464 3778.431192 3778.431192 3778.431192 3780.438110 3782.132378 0 C 
 15 338 6 20 3 3 HH 1  4  4  7  7 1 1 1.128483 0 0 3783.381609 3783.883338 3783.883338 3783.883338 3785.890258 3787.018741 0 C 
 15 339 6 21 2 3 LH 1  6  6  5  9 1 1 1.128229 0 0 3788.265126 3788.766856 3788.766856 3788.766856 3790.773772 3791.902000 0 C 
 15 340 6 22 2 1 LN 0  6  5  5  5 0 1 1.316430 0 0 3793.148638 3793.650360 3793.650360 3793.650360 3795.657286 3796.973716 0 C 
 15 341 6 23 2 2 LL 1  6  6  5  5 1 1 1.244067 0 0 3798.232844 3798.734566 3798.734566 3798.734566 3800.741496 3801.985563 0 C 
 15 342 6 24 2 1 LN 0  6  5  5  5 0 1 1.518476 0 0 3803.233425 3803.735161 3803.735161 3803.735161 3805.742079 3807.260555 0 C 
 15 343 6 25 2 1 LN 0  6  4  5  4 0 1 2.047267 0 0 3808.518327 3809.020063 3809.020063 3809.020063 3811.026981 3813.074248 0 C 
 15 344 6 26 2 2 LL 1  4  4  5  5 1 1 1.172906 0 0 3814.321684 3814.823409 3814.823409 3814.823409 3816.830333 3818.003240 0 C 
 15 345 6 27 3 2 HL 1  6  6  3  5 1 1 1.441395 0 0 3819.255368 3819.757098 3819.757098 3819.757098 3821.764021 3823.205416 0 C 
 15 346 6 28 2 2 LL 1  6  5  5  6 0 0 1.293649 0 0 3824.456651 3824.958378 3824.958378 3824.958378 3826.965300 3828.258948 0 E 
 15 347 6 29 1 2 NL 0  4  4  4  5 0 1 1.447289 0 0 3829.507409 3830.009139 3830.009139 3830.009139 3832.016059 3833.463347 0 C 
 15 348 6 30 3 1 HN 0  6  4  3  4 0 1 1.227347 0 0 3834.708684 3835.210414 3835.210414 3835.210414 3837.217338 3838.444685 0 C 
 15 349 6 31 3 3 HH 1  4  6  7  9 1 1 1.156071 0 0 3839.692545 3840.194271 3840.194271 3840.194271 3842.201197 3843.357268 0 C 
 15 350 6 32 1 1 NN 0  6  5  6  5 0 1 1.414966 0 0 3844.609510 3845.111237 3845.111237 3845.111237 3847.118160 3848.533126 0 C 
 15 351 6 33 2 3 LH 1  6  6  5  9 1 1 1.233292 0 0 3849.777345 3850.279066 3850.279066 3850.279066 3852.285990 3853.519282 0 C 
 15 352 6 34 1 2 NL 0  6  5  6  6 0 1 2.558407 0 0 3854.777923 3855.279652 3855.279652 3855.279652 3857.286578 3859.844985 0 C 
 15 353 6 35 3 3 HH 1  5  6  8  9 1 1 1.155943 0 0 3861.099736 3861.601463 3861.601463 3861.601463 3863.608383 3864.764327 0 C 
 15 354 6 36 2 3 LH 1  4  6  5  9 1 1 1.298977 0 0 3866.016697 3866.518429 3866.518429 3866.518429 3868.525351 3869.824328 0 C 
 15 355 6 37 3 1 HN 0  5  5  2  5 0 1 1.100865 0 0 3871.067457 3871.569179 3871.569179 3871.569179 3873.576107 3874.676972 0 C 
 15 356 6 38 2 3 LH 1  6  6  5  9 1 1 1.237856 0 0 3875.934249 3876.435976 3876.435976 3876.435976 3878.442898 3879.680754 0 C 
 15 357 6 39 2 1 LN 0  5  4  6  4 0 1 1.453513 0 0 3880.934835 3881.436560 3881.436560 3881.436560 3883.443486 3884.896999 0 C 
 15 358 6 40 2 2 LL 1  5  4  6  5 1 1 1.535010 0 0 3886.152836 3886.654562 3886.654562 3886.654562 3888.661488 3890.196497 0 C 
 15 359 6 41 3 2 HL 1  4  6  7  5 1 1 1.349113 0 0 3891.454458 3891.956194 3891.956194 3891.956194 3893.963111 3895.312225 0 C 
 15 360 6 42 2 1 LN 0  4  4  5  4 0 1 1.366477 0 0 3896.555391 3897.057117 3897.057117 3897.057117 3899.064042 3900.430519 0 C 
 15 361 6 43 3 3 HH 1  4  6  1  3 1 1 1.250054 0 0 3901.689769 3902.191497 3902.191497 3902.191497 3904.198421 3905.448475 0 C 
 15 362 6 44 2 3 LH 1  6  4  5  7 1 1 1.469658 0 0 3906.707082 3907.208807 3907.208807 3907.208807 3909.215730 3910.685389 0 C 
 15 363 6 45 3 1 HN 0  5  6  2  6 0 1 1.596305 0 0 3911.941806 3912.443537 3912.443537 3912.443537 3914.450458 3916.046763 0 C 
 15 364 6 46 3 2 HL 1  4  5  7  6 1 1 1.266976 0 0 3917.293601 3917.795331 3917.795331 3917.795331 3919.802255 3921.069231 0 C 
 15 365 6 47 1 2 NL 0  6  5  6  6 0 1 1.970716 0 0 3922.327640 3922.829367 3922.829367 3922.829367 3924.836290 3926.807006 0 C 
 15 366 6 48 1 3 NH 0  6  6  6  3 0 1 1.212004 0 0 3928.064098 3928.565826 3928.565826 3928.565826 3930.572747 3931.784750 0 C 
 15 367 6 49 3 3 HH 1  6  5  9  8 1 1 1.436711 0 0 3933.031237 3933.532956 3933.532956 3933.532956 3935.539884 3936.976594 0 C 
 15 368 6 50 1 3 NH 0  4  6  4  9 0 1 1.523368 0 0 3938.232511 3938.734239 3938.734239 3938.734239 3940.741164 3942.264532 0 C 
 15 369 6 51 1 3 NH 0  6  4  6  7 0 1 1.557936 0 0 3943.517411 3944.019148 3944.019148 3944.019148 3946.026061 3947.583997 0 C 
 15 370 6 52 3 1 HN 0  4  6  7  6 0 1 1.277899 0 0 3948.835758 3949.337486 3949.337486 3949.337486 3951.344409 3952.622308 0 C 
 15 371 6 53 3 2 HL 1  5  5  8  4 1 1 1.343086 0 0 3953.869794 3954.371526 3954.371526 3954.371526 3956.378443 3957.721529 0 C 
 15 372 6 54 2 3 LH 1  6  6  5  3 1 1 1.409358 0 0 3958.970721 3959.472451 3959.472451 3959.472451 3961.479375 3962.888733 0 C 
 15 373 6 55 2 2 LL 1  6  5  5  6 1 1 1.788804 0 0 3964.138557 3964.640277 3964.640277 3964.640277 3966.647204 3968.436007 0 C 
 15 374 6 56 3 1 HN 0  4  5  1  5 0 1 1.507286 0 0 3969.691045 3970.192773 3970.192773 3970.192773 3972.199693 3973.706979 0 C 
 15 375 6 57 3 3 HH 1  4  4  1  1 1 1 1.574705 0 0 3974.959217 3975.460943 3975.460943 3975.460943 3977.467869 3979.042574 0 C 
 15 376 6 58 2 2 LL 1  6  5  5  6 1 1 2.311733 0 0 3980.294292 3980.796020 3980.796020 3980.796020 3982.802942 3985.114675 0 C 
 15 377 6 59 3 2 HL 1  4  4  1  5 1 1 1.375025 0 0 3986.365238 3986.866963 3986.866963 3986.866963 3988.873887 3990.248911 0 C 
 15 378 6 60 1 2 NL 0  4  6  4  5 0 1 1.865720 0 0 3991.499615 3992.001343 3992.001343 3992.001343 3994.008269 3995.873989 0 C 
