 14   1 0 43 1 1 NN 0  4  4  4  4 1 0 4.047884 0 0 9398.195371 9398.696342 9398.696342 9398.696342 9400.700234 9404.748118 0 E 
 14   2 0 44 2 1 LN 0  4  5  5  5 0 1 20.776585 0 0 9406.010562 9406.511530 9406.511530 9406.511530 9408.515426 9429.292012 0 C 
 14   3 0 45 1 3 NH 0  4  5  4  8 0 1 3.118126 0 0 9430.558282 9431.059247 9431.059247 9431.059247 9433.063145 9436.181271 0 C 
 14   4 0 46 2 3 LH 1  4  6  5  9 1 1 1.294197 0 0 9437.455033 9437.955989 9437.955989 9437.955989 9439.959885 9441.254082 0 C 
 14   5 0 47 3 3 HH 1  5  6  2  9 1 1 2.257879 0 0 9442.514859 9443.015825 9443.015825 9443.015825 9445.019721 9447.277599 0 C 
 14   6 0 48 1 1 NN 0  5  6  5  6 0 1 2.422432 0 0 9448.543243 9449.044210 9449.044210 9449.044210 9451.048106 9453.470538 0 C 
 14   7 0 49 2 1 LN 0  5  4  4  4 0 1 1.537163 0 0 9454.738621 9455.239586 9455.239586 9455.239586 9457.243482 9458.780646 0 C 
 14   8 0 50 3 3 HH 1  6  4  9  1 1 1 1.038578 0 0 9460.048947 9460.549913 9460.549913 9460.549913 9462.553813 9463.592391 0 C 
 14   9 0 51 1 2 NL 0  6  6  6  5 0 1 1.514995 0 0 9464.858292 9465.359259 9465.359259 9465.359259 9467.363164 9468.878159 0 C 
 14  10 0 52 3 3 HH 1  4  6  1  3 1 1 0.875010 0 0 9470.151920 9470.652883 9470.652883 9470.652883 9472.656778 9473.531789 0 C 
 14  11 0 53 1 2 NL 0  5  4  5  5 0 1 1.003141 0 0 9474.794274 9475.295240 9475.295240 9475.295240 9477.299134 9478.302275 0 C 
 14  12 0 54 2 1 LN 0  6  6  5  6 0 1 1.074590 0 0 9479.570224 9480.071190 9480.071190 9480.071190 9482.075087 9483.149677 0 C 
 14  13 0 55 3 3 HH 1  6  6  9  3 1 1 1.095116 0 0 9484.412972 9484.913938 9484.913938 9484.913938 9486.917834 9488.012950 0 C 
 14  14 0 56 2 2 LL 1  6  6  5  5 1 1 1.646913 0 0 9489.272417 9489.773385 9489.773385 9489.773385 9491.777282 9493.424195 0 C 
 14  15 0 57 2 2 LL 1  4  4  5  5 1 1 1.066504 0 0 9494.699634 9495.200602 9495.200602 9495.200602 9497.204498 9498.271002 0 C 
 14  16 0 58 1 3 NH 0  6  4  6  7 0 1 1.081769 0 0 9499.542379 9500.043348 9500.043348 9500.043348 9502.047243 9503.129012 0 C 
 14  17 0 59 1 3 NH 0  5  4  5  1 0 1 0.894395 0 0 9504.401828 9504.902796 9504.902796 9504.902796 9506.906688 9507.801083 0 C 
 14  18 0 60 2 3 LH 1  6  4  5  1 0 0 1.048109 0 0 9509.060885 9509.561852 9509.561852 9509.561852 9511.565748 9512.613857 0 E 
 14  19 1  1 1 3 NH 0  4  6  4  3 0 1 2.166263 0 0 9516.241509 9516.742476 9516.742476 9516.742476 9518.746371 9520.912634 0 C 
 14  20 1  2 3 1 HN 0  4  4  1  4 0 1 1.165311 0 0 9522.186398 9522.687367 9522.687367 9522.687367 9524.691261 9525.856572 0 C 
 14  21 1  3 3 1 HN 0  5  5  2  5 0 1 1.006971 0 0 9527.129352 9527.630308 9527.630308 9527.630308 9529.634204 9530.641175 0 C 
 14  22 1  4 3 2 HL 1  4  4  7  5 1 1 0.950369 0 0 9531.905290 9532.406257 9532.406257 9532.406257 9534.410154 9535.360523 0 C 
 14  23 1  5 3 2 HL 1  5  5  8  4 1 1 1.538119 0 0 9536.631145 9537.132110 9537.132110 9537.132110 9539.136007 9540.674126 0 C 
 14  24 1  6 2 1 LN 0  5  4  4  4 0 1 1.049564 0 0 9541.941465 9542.442435 9542.442435 9542.442435 9544.446331 9545.495894 0 C 
 14  25 1  7 1 2 NL 0  4  4  4  5 0 1 2.567113 0 0 9546.767520 9547.268483 9547.268483 9547.268483 9549.272379 9551.839491 0 C 
 14  26 1  8 3 2 HL 1  6  6  3  5 0 0 0.861416 0 0 9553.113185 9553.614156 9553.614156 9553.614156 9555.618048 9556.479464 0 E 
 14  27 1  9 3 2 HL 1  4  4  1  5 1 1 0.732887 0 0 9557.738844 9558.239811 9558.239811 9558.239811 9560.243706 9560.976593 0 C 
 14  28 1 10 2 2 LL 1  4  4  5  5 1 1 1.150361 0 0 9562.247608 9562.748575 9562.748575 9562.748575 9564.752476 9565.902838 0 C 
 14  29 1 11 1 2 NL 0  4  4  4  5 0 1 1.609681 0 0 9567.173847 9567.674817 9567.674817 9567.674817 9569.678716 9571.288397 0 C 
 14  30 1 12 3 2 HL 1  5  6  8  5 1 1 1.292400 0 0 9572.550968 9573.051937 9573.051937 9573.051937 9575.055833 9576.348234 0 C 
 14  31 1 13 2 3 LH 1  6  5  5  2 1 1 0.924350 0 0 9577.610803 9578.111773 9578.111773 9578.111773 9580.115668 9581.040018 0 C 
 14  32 1 14 3 2 HL 1  4  5  1  4 0 0 0.984404 0 0 9582.303258 9582.804228 9582.804228 9582.804228 9584.808133 9585.792536 0 E 
 14  33 1 15 3 3 HH 1  5  4  8  7 1 1 1.794963 0 0 9587.062513 9587.563480 9587.563480 9587.563480 9589.567375 9591.362339 0 C 
 14  34 1 16 2 3 LH 1  5  4  4  7 1 1 3.914068 0 0 9592.623323 9593.124289 9593.124289 9593.124289 9595.128183 9599.042251 0 C 
 14  35 1 17 1 3 NH 0  5  4  5  1 0 1 1.311608 0 0 9600.304918 9600.805889 9600.805889 9600.805889 9602.809783 9604.121390 0 C 
 14  36 1 18 3 3 HH 1  6  6  3  3 1 1 1.509091 0 0 9605.381454 9605.882424 9605.882424 9605.882424 9607.886319 9609.395410 0 C 
 14  37 1 19 1 1 NN 0  6  6  6  6 0 1 2.065897 0 0 9610.658379 9611.159349 9611.159349 9611.159349 9613.163243 9615.229140 0 C 
 14  38 1 20 2 1 LN 0  5  6  6  6 0 1 1.673902 0 0 9616.503073 9617.004043 9617.004043 9617.004043 9619.007939 9620.681841 0 C 
 14  39 1 21 2 1 LN 0  4  6  5  6 0 1 0.877579 0 0 9621.946993 9622.447959 9622.447959 9622.447959 9624.451852 9625.329431 0 C 
 14  40 1 22 1 3 NH 0  6  5  6  2 0 1 1.483613 0 0 9626.589350 9627.090317 9627.090317 9627.090317 9629.094212 9630.577824 0 C 
 14  41 1 23 3 3 HH 1  5  6  2  9 1 1 0.865311 0 0 9631.849575 9632.350542 9632.350542 9632.350542 9634.354437 9635.219748 0 C 
 14  42 1 24 1 3 NH 0  5  5  5  2 0 1 2.276871 0 0 9636.491932 9636.992900 9636.992900 9636.992900 9638.996795 9641.273666 0 C 
 14  43 1 25 1 2 NL 0  5  5  5  4 0 1 0.969274 0 0 9642.537015 9643.037984 9643.037984 9643.037984 9645.041879 9646.011153 0 C 
 14  44 1 26 3 3 HH 1  5  5  2  8 0 0 0.946131 0 0 9647.279568 9647.780543 9647.780543 9647.780543 9649.784432 9650.730563 0 E 
 14  45 1 27 3 2 HL 1  6  4  3  5 1 1 1.403712 0 0 9652.005424 9652.506390 9652.506390 9652.506390 9654.510285 9655.913997 0 C 
 14  46 1 28 3 1 HN 0  6  6  9  6 0 1 1.684794 0 0 9657.182155 9657.683120 9657.683120 9657.683120 9659.687015 9661.371809 0 C 
 14  47 1 29 2 2 LL 1  6  6  5  5 1 1 2.867599 0 0 9662.642768 9663.143734 9663.143734 9663.143734 9665.147630 9668.015229 0 C 
 14  48 1 30 3 3 HH 1  6  6  3  3 1 1 0.772770 0 0 9669.289025 9669.789988 9669.789988 9669.789988 9671.793883 9672.566653 0 C 
 14  49 1 31 2 1 LN 0  6  5  5  5 0 1 2.014216 0 0 9673.831184 9674.332150 9674.332150 9674.332150 9676.336047 9678.350262 0 C 
 14  50 1 32 3 2 HL 1  6  5  9  6 1 1 0.952803 0 0 9679.625782 9680.126748 9680.126748 9680.126748 9682.130644 9683.083447 0 C 
 14  51 1 33 1 3 NH 0  4  4  4  1 0 1 1.071167 0 0 9684.351630 9684.852601 9684.852601 9684.852601 9686.856495 9687.927662 0 C 
 14  52 1 34 3 2 HL 1  5  5  2  4 1 1 1.314626 0 0 9689.194381 9689.695348 9689.695348 9689.695348 9691.699242 9693.013868 0 C 
 14  53 1 35 3 1 HN 0  6  4  9  4 0 1 0.791369 0 0 9694.287615 9694.788583 9694.788583 9694.788583 9696.792477 9697.583846 0 C 
 14  54 1 36 1 3 NH 0  4  6  4  3 0 1 1.319213 0 0 9698.846476 9699.347445 9699.347445 9699.347445 9701.351343 9702.670556 0 C 
 14  55 1 37 2 2 LL 1  5  5  4  6 1 1 1.065037 0 0 9703.939712 9704.440678 9704.440678 9704.440678 9706.444574 9707.509611 0 C 
 14  56 1 38 1 1 NN 0  4  5  4  5 0 1 0.912101 0 0 9708.782457 9709.283426 9709.283426 9709.283426 9711.287322 9712.199423 0 C 
 14  57 1 39 2 1 LN 0  4  4  5  4 0 1 1.472033 0 0 9713.474915 9713.975881 9713.975881 9713.975881 9715.979777 9717.451810 0 C 
 14  58 1 40 1 2 NL 0  5  6  5  5 0 1 0.943580 0 0 9718.718439 9719.219407 9719.219407 9719.219407 9721.223303 9722.166884 0 C 
 14  59 1 41 2 1 LN 0  6  6  5  6 0 1 0.920837 0 0 9723.427589 9723.928562 9723.928562 9723.928562 9725.932458 9726.853295 0 C 
 14  60 1 42 2 2 LL 1  6  5  5  4 1 1 2.007879 0 0 9728.120046 9728.621016 9728.621016 9728.621016 9730.624914 9732.632793 0 C 
 14  61 1 43 2 1 LN 0  4  4  5  4 0 1 1.042882 0 0 9733.897946 9734.398915 9734.398915 9734.398915 9736.402811 9737.445693 0 C 
 14  62 1 44 3 2 HL 1  5  6  8  5 1 1 1.212936 0 0 9738.707296 9739.208266 9739.208266 9739.208266 9741.212160 9742.425096 0 C 
 14  63 1 45 3 3 HH 1  4  5  1  8 1 1 1.084188 0 0 9743.700337 9744.201304 9744.201304 9744.201304 9746.205200 9747.289389 0 C 
 14  64 1 46 2 3 LH 1  6  4  5  7 1 1 0.839235 0 0 9748.559783 9749.060749 9749.060749 9749.060749 9751.064643 9751.903878 0 C 
 14  65 1 47 2 2 LL 1  4  5  5  6 1 1 1.283895 0 0 9753.168742 9753.669709 9753.669709 9753.669709 9755.673605 9756.957500 0 C 
 14  66 1 48 1 2 NL 0  6  5  6  4 0 1 1.247778 0 0 9758.228578 9758.729545 9758.729545 9758.729545 9760.733441 9761.981219 0 C 
 14  67 1 49 1 1 NN 0  5  5  5  5 0 1 1.247627 0 0 9763.255017 9763.755983 9763.755983 9763.755983 9765.759877 9767.007505 0 C 
 14  68 1 50 2 3 LH 1  4  4  5  1 1 1 1.003276 0 0 9768.281454 9768.782421 9768.782421 9768.782421 9770.786316 9771.789592 0 C 
 14  69 1 51 3 3 HH 1  4  5  1  8 1 1 0.971247 0 0 9773.057403 9773.558371 9773.558371 9773.558371 9775.562267 9776.533514 0 C 
 14  70 1 52 2 3 LH 1  5  5  6  8 1 1 0.813619 0 0 9777.799957 9778.300924 9778.300924 9778.300924 9780.304818 9781.118437 0 C 
 14  71 1 53 3 1 HN 0  5  4  2  4 0 1 1.953265 0 0 9782.392215 9782.893186 9782.893186 9782.893186 9784.897080 9786.850345 0 C 
 14  72 1 54 3 3 HH 1  5  4  8  7 1 1 0.833734 0 0 9788.120019 9788.620986 9788.620986 9788.620986 9790.624881 9791.458615 0 C 
 14  73 1 55 1 1 NN 0  4  4  4  4 0 1 1.335081 0 0 9792.728976 9793.229944 9793.229944 9793.229944 9795.233838 9796.568918 0 C 
 14  74 1 56 2 1 LN 0  4  4  5  4 0 1 1.843320 0 0 9797.838913 9798.339881 9798.339881 9798.339881 9800.343773 9802.187093 0 C 
 14  75 1 57 1 1 NN 0  5  4  5  4 0 1 0.718831 0 0 9803.449816 9803.950784 9803.950784 9803.950784 9805.954680 9806.673511 0 C 
 14  76 1 58 1 3 NH 0  4  5  4  8 0 1 0.874888 0 0 9807.941883 9808.442851 9808.442851 9808.442851 9810.446747 9811.321635 0 C 
 14  77 1 59 1 2 NL 0  5  6  5  5 0 1 1.047395 0 0 9812.584242 9813.085209 9813.085209 9813.085209 9815.089102 9816.136497 0 C 
 14  78 1 60 3 2 HL 1  6  6  9  5 1 1 1.119858 0 0 9817.410288 9817.911256 9817.911256 9817.911256 9819.915151 9821.035009 0 C 
 14  79 2  1 3 2 HL 1  4  5  7  6 1 1 1.103149 0 0 9826.143933 9826.644902 9826.644902 9826.644902 9828.648795 9829.751944 0 C 
 14  80 2  2 1 3 NH 0  5  6  5  3 0 1 1.206702 0 0 9831.020079 9831.521046 9831.521046 9831.521046 9833.524941 9834.731644 0 C 
 14  81 2  3 1 3 NH 0  4  5  4  8 0 1 1.762852 0 0 9835.996419 9836.497386 9836.497386 9836.497386 9838.501281 9840.264133 0 C 
 14  82 2  4 3 1 HN 0  5  4  2  4 1 0 0.534174 0 0 9841.523831 9842.024796 9842.024796 9842.024796 9844.028693 9844.562867 0 E 
 14  83 2  5 2 2 LL 1  6  4  5  5 1 1 1.135078 0 0 9845.832206 9846.333172 9846.333172 9846.333172 9848.337068 9849.472146 0 C 
 14  84 2  6 3 2 HL 1  6  6  3  5 1 1 0.745644 0 0 9850.741749 9851.242716 9851.242716 9851.242716 9853.246617 9853.992260 0 C 
 14  85 2  7 3 3 HH 1  5  5  2  2 1 1 0.613399 0 0 9855.267213 9855.768180 9855.768180 9855.768180 9857.772075 9858.385475 0 C 
 14  86 2  8 1 2 NL 0  6  4  6  5 0 1 0.518649 0 0 9859.659084 9860.160048 9860.160048 9860.160048 9862.163947 9862.682596 0 C 
 14  87 2  9 1 3 NH 0  5  4  5  7 0 1 1.142162 0 0 9863.950763 9864.451727 9864.451727 9864.451727 9866.455623 9867.597785 0 C 
 14  88 2 10 2 2 LL 1  4  6  5  5 1 1 1.069484 0 0 9868.860302 9869.361270 9869.361270 9869.361270 9871.365164 9872.434649 0 C 
 14  89 2 11 1 2 NL 0  6  4  6  5 0 1 0.813721 0 0 9873.703049 9874.204017 9874.204017 9874.204017 9876.207912 9877.021633 0 C 
 14  90 2 12 2 3 LH 1  5  6  6  9 1 1 1.309063 0 0 9878.295312 9878.796278 9878.796278 9878.796278 9880.800173 9882.109236 0 C 
 14  91 2 13 3 2 HL 1  6  4  3  5 0 0 1.070197 0 0 9883.371845 9883.872814 9883.872814 9883.872814 9885.876709 9886.946905 0 E 
 14  92 2 14 2 2 LL 1  5  4  6  5 1 1 2.580105 0 0 9888.214594 9888.715560 9888.715560 9888.715560 9890.719456 9893.299561 0 C 
 14  93 2 15 1 1 NN 0  5  4  5  4 0 1 1.016433 0 0 9894.560263 9895.061229 9895.061229 9895.061229 9897.065123 9898.081556 0 C 
 14  94 2 16 3 3 HH 1  4  5  7  8 1 1 1.427047 0 0 9899.352909 9899.853879 9899.853879 9899.853879 9901.857773 9903.284820 0 C 
 14  95 2 17 2 2 LL 1  5  4  4  5 1 1 2.454373 0 0 9904.546339 9905.047306 9905.047306 9905.047306 9907.051203 9909.505577 0 C 
 14  96 2 18 1 3 NH 0  6  4  6  1 0 1 1.181652 0 0 9910.775116 9911.276083 9911.276083 9911.276083 9913.279978 9914.461629 0 C 
 14  97 2 19 2 3 LH 1  5  5  6  2 1 1 0.910307 0 0 9915.734756 9916.235722 9916.235722 9916.235722 9918.239621 9919.149928 0 C 
 14  98 2 20 1 2 NL 0  4  4  4  5 0 1 1.107352 0 0 9920.410509 9920.911480 9920.911480 9920.911480 9922.915375 9924.022727 0 C 
 14  99 2 21 2 1 LN 0  5  5  6  5 0 1 1.343825 0 0 9925.286658 9925.787625 9925.787625 9925.787625 9927.791519 9929.135345 0 C 
 14 100 2 22 2 3 LH 1  5  5  6  8 1 1 0.654763 0 0 9930.396591 9930.897558 9930.897558 9930.897558 9932.901456 9933.556219 0 C 
 14 101 2 23 2 3 LH 1  4  6  5  3 1 1 1.104729 0 0 9934.821861 9935.322827 9935.322827 9935.322827 9937.326723 9938.431452 0 C 
 14 102 2 24 3 1 HN 0  4  5  7  5 1 0 0.697899 0 0 9939.698004 9940.198975 9940.198975 9940.198975 9942.202869 9942.900768 0 E 
 14 103 2 25 2 1 LN 0  5  5  6  5 0 1 1.088923 0 0 9944.173373 9944.674338 9944.674338 9944.674338 9946.678236 9947.767159 0 C 
 14 104 2 26 2 3 LH 1  6  4  5  1 1 1 1.747118 0 0 9949.032819 9949.533785 9949.533785 9949.533785 9951.537685 9953.284803 0 C 
 14 105 2 27 3 1 HN 0  6  5  9  5 0 1 1.461073 0 0 9954.560231 9955.061201 9955.061201 9955.061201 9957.065103 9958.526176 0 C 
 14 106 2 28 2 3 LH 1  4  5  5  2 1 1 1.492684 0 0 9959.787055 9960.288024 9960.288024 9960.288024 9962.291920 9963.784604 0 C 
 14 107 2 29 2 2 LL 1  4  6  5  5 1 1 1.254526 0 0 9965.047282 9965.548249 9965.548249 9965.548249 9967.552149 9968.806675 0 C 
 14 108 2 30 3 3 HH 1  4  4  1  1 1 1 0.596399 0 0 9970.073720 9970.574687 9970.574687 9970.574687 9972.578583 9973.174983 0 C 
 14 109 2 31 1 1 NN 0  5  6  5  6 0 1 0.882738 0 0 9974.448892 9974.949859 9974.949859 9974.949859 9976.953755 9977.836493 0 C 
 14 110 2 32 2 3 LH 1  5  6  4  9 1 1 0.671489 0 0 9979.107948 9979.608915 9979.608915 9979.608915 9981.612813 9982.284303 0 C 
 14 111 2 33 2 2 LL 1  6  5  5  6 0 0 0.017578 1 1 9983.549915 9984.050885 9984.050885 9984.050885 9986.054779 9986.072358 0 N 
 14 112 2 34 3 3 HH 1  6  4  3  7 1 1 0.898424 0 1 9989.010534 9989.511499 9989.511499 9989.511499 9991.515393 9992.413818 0 C 
 14 113 2 35 2 3 LH 1  4  6  5  9 1 1 0.830233 0 1 9993.686288 9994.187258 9994.187258 9994.187258 9996.191148 9997.021380 0 C 
 14 114 2 36 1 3 NH 0  6  5  6  2 0 1 0.993260 0 1 9998.295247 9998.796215 9998.796215 9998.796215 10000.800110 10001.793370 0 C 
 14 115 2 37 3 2 HL 1  4  6  1  5 1 1 1.301438 0 1 10003.054500 10003.555466 10003.555466 10003.555466 10005.559361 10006.860799 0 C 
 14 116 2 38 3 1 HN 0  4  6  1  6 1 0 0.757981 0 1 10008.131030 10008.632004 10008.632004 10008.632004 10010.635896 10011.393877 0 E 
 14 117 2 39 3 3 HH 1  5  4  8  1 1 1 1.148716 0 1 10012.656499 10013.157464 10013.157464 10013.157464 10015.161360 10016.310075 0 C 
 14 118 2 40 3 1 HN 0  4  5  7  5 0 1 1.080893 0 1 10017.582741 10018.083707 10018.083707 10018.083707 10020.087603 10021.168496 0 C 
 14 119 2 41 1 1 NN 0  4  6  4  6 0 1 1.855016 0 1 10022.442187 10022.943159 10022.943159 10022.943159 10024.947049 10026.802065 0 C 
 14 120 2 42 2 2 LL 1  6  6  5  5 1 1 1.281253 0 1 10028.069792 10028.570760 10028.570760 10028.570760 10030.574655 10031.855908 0 C 
 14 121 2 43 1 1 NN 0  5  5  5  5 0 1 1.132911 0 1 10033.129626 10033.630596 10033.630596 10033.630596 10035.634489 10036.767399 0 C 
 14 122 2 44 1 1 NN 0  4  5  4  5 0 1 1.922580 0 1 10038.039173 10038.540140 10038.540140 10038.540140 10040.544034 10042.466614 0 C 
 14 123 2 45 2 1 LN 0  4  6  5  6 0 1 1.954717 0 1 10043.733575 10044.234542 10044.234542 10044.234542 10046.238438 10048.193155 0 C 
 14 124 2 46 3 3 HH 1  4  6  7  9 1 1 0.960495 0 1 10049.461373 10049.962343 10049.962343 10049.962343 10051.966238 10052.926733 0 C 
 14 125 2 47 1 2 NL 0  6  6  6  5 0 1 1.398120 0 1 10054.187227 10054.688196 10054.688196 10054.688196 10056.692092 10058.090213 0 C 
 14 126 2 48 2 1 LN 0  6  4  5  4 1 0 1.187740 0 1 10059.363960 10059.864926 10059.864926 10059.864926 10061.868822 10063.056562 0 E 
 14 127 2 49 1 2 NL 0  5  5  5  6 0 1 2.127361 0 1 10064.323609 10064.824568 10064.824568 10064.824568 10066.828463 10068.955823 0 C 
 14 128 2 50 2 1 LN 0  4  4  5  4 0 1 1.804454 0 1 10070.218402 10070.719360 10070.719360 10070.719360 10072.723257 10074.527711 0 C 
 14 129 2 51 1 3 NH 0  6  6  6  9 0 1 0.878014 0 1 10075.795902 10076.296869 10076.296869 10076.296869 10078.300765 10079.178779 0 C 
 14 130 2 52 1 3 NH 0  6  6  6  9 0 1 0.728425 0 1 10080.438260 10080.939226 10080.939226 10080.939226 10082.943122 10083.671547 0 C 
 14 131 2 53 2 3 LH 1  5  5  4  8 1 1 0.957604 0 1 10084.947024 10085.447991 10085.447991 10085.447991 10087.451886 10088.409490 0 C 
 14 132 2 54 1 2 NL 0  4  5  4  6 0 1 1.296940 0 1 10089.672881 10090.173844 10090.173844 10090.173844 10092.177739 10093.474679 0 C 
 14 133 2 55 3 2 HL 1  5  6  8  5 1 1 1.353763 0 1 10094.749410 10095.250379 10095.250379 10095.250379 10097.254275 10098.608038 0 C 
 14 134 2 56 1 3 NH 0  5  5  5  2 0 1 1.198151 0 1 10099.876040 10100.377011 10100.377011 10100.377011 10102.380907 10103.579059 0 C 
 14 135 2 57 2 3 LH 1  6  5  5  2 1 1 1.453967 0 1 10104.852382 10105.353353 10105.353353 10105.353353 10107.357247 10108.811215 0 C 
 14 136 2 58 3 2 HL 1  6  6  3  5 1 1 1.108590 0 1 10110.079210 10110.580179 10110.580179 10110.580179 10112.584075 10113.692665 0 C 
 14 137 2 59 2 1 LN 0  6  4  5  4 1 0 0.880321 0 1 10114.955364 10115.456323 10115.456323 10115.456323 10117.460230 10118.340551 0 E 
 14 138 2 60 3 1 HN 0  4  4  1  4 0 1 1.206676 0 1 10119.614416 10120.115383 10120.115383 10120.115383 10122.119277 10123.325953 0 C 
 14 139 3  1 3 1 HN 0  5  5  2  5 0 1 1.243640 0 1 10182.787212 10183.288184 10183.288184 10183.288184 10185.292080 10186.535720 0 C 
 14 140 3  2 2 3 LH 1  4  4  5  1 1 1 1.351106 0 1 10187.796953 10188.297923 10188.297923 10188.297923 10190.301818 10191.652925 0 C 
 14 141 3  3 2 1 LN 0  6  4  5  4 0 1 0.960670 0 1 10192.923587 10193.424556 10193.424556 10193.424556 10195.428451 10196.389121 0 C 
 14 142 3  4 2 1 LN 0  6  4  5  4 0 1 0.956263 0 1 10197.649442 10198.150408 10198.150408 10198.150408 10200.154304 10201.110567 0 C 
 14 143 3  5 3 3 HH 1  4  4  1  1 1 1 0.766631 0 1 10202.375295 10202.876262 10202.876262 10202.876262 10204.880157 10205.646788 0 C 
 14 144 3  6 2 3 LH 1  6  4  5  7 1 1 0.989423 0 1 10206.917454 10207.418424 10207.418424 10207.418424 10209.422320 10210.411744 0 C 
 14 145 3  7 1 2 NL 0  5  4  5  5 0 1 1.654296 0 1 10211.676704 10212.177676 10212.177676 10212.177676 10214.181572 10215.835868 0 C 
 14 146 3  8 3 1 HN 0  5  5  2  5 0 1 2.563873 0 1 10217.103925 10217.604893 10217.604893 10217.604893 10219.608788 10222.172661 0 C 
 14 147 3  9 2 2 LL 1  5  4  4  5 1 1 1.371215 0 1 10223.432899 10223.933862 10223.933862 10223.933862 10225.937758 10227.308973 0 C 
 14 148 3 10 3 2 HL 1  4  4  1  5 1 1 1.116403 0 1 10228.576225 10229.077194 10229.077194 10229.077194 10231.081090 10232.197493 0 C 
 14 149 3 11 3 2 HL 1  4  4  7  5 1 1 1.102930 0 1 10233.469068 10233.970038 10233.970038 10233.970038 10235.973939 10237.076869 0 C 
 14 150 3 12 1 1 NN 0  6  5  6  5 0 1 1.219941 0 1 10238.345215 10238.846183 10238.846183 10238.846183 10240.850078 10242.070019 0 C 
 14 151 3 13 3 3 HH 1  4  4  7  1 1 1 1.011372 0 1 10243.338253 10243.839223 10243.839223 10243.839223 10245.843118 10246.854490 0 C 
 14 152 3 14 2 2 LL 1  6  6  5  5 1 1 1.405239 0 1 10248.114208 10248.615174 10248.615174 10248.615174 10250.619067 10252.024307 0 C 
 14 153 3 15 3 2 HL 1  4  5  7  4 1 1 2.325029 0 1 10253.290939 10253.791904 10253.791904 10253.791904 10255.795799 10258.120828 0 C 
 14 154 3 16 1 3 NH 0  6  4  6  7 0 1 1.493695 0 1 10259.386116 10259.887087 10259.887087 10259.887087 10261.890982 10263.384677 0 C 
 14 155 3 17 2 1 LN 0  6  5  5  5 0 1 1.320261 0 1 10264.646343 10265.147315 10265.147315 10265.147315 10267.151206 10268.471468 0 C 
 14 156 3 18 3 1 HN 0  5  5  2  5 0 1 1.566386 0 1 10269.739579 10270.240544 10270.240544 10270.240544 10272.244441 10273.810827 0 C 
 14 157 3 19 2 2 LL 1  4  6  5  5 1 1 1.114250 0 1 10275.083299 10275.584270 10275.584270 10275.584270 10277.588161 10278.702411 0 C 
 14 158 3 20 1 3 NH 0  6  4  6  1 0 1 1.470373 0 1 10279.976144 10280.477111 10280.477111 10280.477111 10282.481006 10283.951379 0 C 
 14 159 3 21 1 2 NL 0  4  5  4  6 0 1 1.353406 0 1 10285.219670 10285.720636 10285.720636 10285.720636 10287.724532 10289.077938 0 C 
 14 160 3 22 2 3 LH 1  5  6  4  3 1 1 0.901598 0 1 10290.346303 10290.847269 10290.847269 10290.847269 10292.851163 10293.752761 0 C 
 14 161 3 23 2 3 LH 1  6  6  5  3 1 1 1.521950 0 1 10295.022058 10295.523026 10295.523026 10295.523026 10297.526921 10299.048871 0 C 
 14 162 3 24 1 3 NH 0  4  6  4  3 0 1 1.381422 0 1 10300.315680 10300.816649 10300.816649 10300.816649 10302.820545 10304.201966 0 C 
 14 163 3 25 2 1 LN 0  4  4  5  4 0 1 1.565110 0 1 10305.475712 10305.976680 10305.976680 10305.976680 10307.980576 10309.545686 0 C 
 14 164 3 26 3 3 HH 1  4  5  7  8 1 1 0.839772 0 1 10310.819432 10311.320401 10311.320401 10311.320401 10313.324296 10314.164068 0 C 
 14 165 3 27 1 2 NL 0  6  6  6  5 0 1 1.570612 0 1 10315.428393 10315.929360 10315.929360 10315.929360 10317.933259 10319.503872 0 C 
 14 166 3 28 3 3 HH 1  4  6  7  3 1 1 0.862899 0 1 10320.772115 10321.273082 10321.273082 10321.273082 10323.276977 10324.139875 0 C 
 14 167 3 29 3 3 HH 1  6  5  3  2 1 1 0.811577 0 1 10325.414472 10325.915437 10325.915437 10325.915437 10327.919335 10328.730911 0 C 
 14 168 3 30 2 2 LL 1  5  6  6  5 1 1 1.531676 0 1 10329.990034 10330.491003 10330.491003 10330.491003 10332.494896 10334.026572 0 C 
 14 169 3 31 2 3 LH 1  5  4  4  7 1 1 0.771040 0 1 10335.300356 10335.801324 10335.801324 10335.801324 10337.805219 10338.576259 0 C 
 14 170 3 32 1 1 NN 0  6  4  6  4 0 1 0.860672 0 1 10339.842529 10340.343491 10340.343491 10340.343491 10342.347384 10343.208056 0 C 
 14 171 3 33 1 3 NH 0  5  6  5  9 0 1 1.275673 0 1 10344.468178 10344.969145 10344.969145 10344.969145 10346.973040 10348.248713 0 C 
 14 172 3 34 2 3 LH 1  5  6  4  9 1 1 0.989237 0 1 10349.511314 10350.012281 10350.012281 10350.012281 10352.016177 10353.005414 0 C 
 14 173 3 35 2 3 LH 1  4  5  5  2 1 1 0.997391 0 1 10354.270565 10354.771537 10354.771537 10354.771537 10356.775427 10357.772818 0 C 
 14 174 3 36 3 2 HL 1  6  4  9  5 1 1 1.034855 0 1 10359.046517 10359.547488 10359.547488 10359.547488 10361.551379 10362.586235 0 C 
 14 175 3 37 1 1 NN 0  4  4  4  4 0 1 0.521451 0 1 10363.855862 10364.356833 10364.356833 10364.356833 10366.360728 10366.882179 0 C 
 14 176 3 38 1 2 NL 0  5  6  5  5 0 1 0.828851 0 1 10368.147539 10368.648511 10368.648511 10368.648511 10370.652401 10371.481252 0 C 
 14 177 3 39 2 1 LN 0  6  6  5  6 0 1 1.103125 0 1 10372.756501 10373.257472 10373.257472 10373.257472 10375.261363 10376.364488 0 C 
 14 178 3 40 3 2 HL 1  4  4  7  5 1 1 0.841500 0 1 10377.632643 10378.133613 10378.133613 10378.133613 10380.137507 10380.979007 0 C 
 14 179 3 41 1 2 NL 0  5  5  5  6 0 1 0.858177 0 1 10382.241606 10382.742578 10382.742578 10382.742578 10384.746469 10385.604645 0 C 
 14 180 3 42 1 2 NL 0  6  4  6  5 0 1 1.241432 0 1 10386.867264 10387.368229 10387.368229 10387.368229 10389.372127 10390.613559 0 C 
 14 181 3 43 1 1 NN 0  6  5  6  5 0 1 0.743681 0 1 10391.877003 10392.377969 10392.377969 10392.377969 10394.381866 10395.125546 0 C 
 14 182 3 44 1 2 NL 0  6  6  6  5 0 1 0.635549 0 1 10396.385770 10396.886735 10396.886735 10396.886735 10398.890631 10399.526179 0 C 
 14 183 3 45 3 2 HL 1  6  4  9  5 1 1 0.947217 0 1 10400.794335 10401.295305 10401.295305 10401.295305 10403.299200 10404.246416 0 C 
 14 184 3 46 3 1 HN 0  4  5  1  5 1 0 0.666338 0 1 10405.520191 10406.021162 10406.021162 10406.021162 10408.025053 10408.691391 0 E 
 14 185 3 47 2 1 LN 0  4  5  5  5 0 1 1.336941 0 1 10409.962159 10410.463128 10410.463128 10410.463128 10412.467021 10413.803963 0 C 
 14 186 3 48 2 2 LL 1  4  5  5  4 0 0 1.234256 0 1 10415.072092 10415.573059 10415.573059 10415.573059 10417.576952 10418.811208 0 E 
 14 187 3 49 3 3 HH 1  4  5  1  8 1 1 0.607769 0 1 10420.081829 10420.582798 10420.582798 10420.582798 10422.586693 10423.194462 0 C 
 14 188 3 50 3 3 HH 1  5  4  2  1 1 1 0.724615 0 1 10424.457002 10424.957973 10424.957973 10424.957973 10426.961864 10427.686479 0 C 
 14 189 3 51 3 2 HL 1  4  4  7  5 1 1 1.969145 0 1 10428.949066 10429.450034 10429.450034 10429.450034 10431.453930 10433.423075 0 C 
 14 190 3 52 2 2 LL 1  5  4  6  5 1 1 1.239496 0 1 10434.693566 10435.194534 10435.194534 10435.194534 10437.198434 10438.437930 0 C 
 14 191 3 53 2 2 LL 1  6  4  5  5 1 1 1.492583 0 1 10439.703307 10440.204271 10440.204271 10440.204271 10442.208166 10443.700749 0 C 
 14 192 3 54 1 2 NL 0  5  5  5  4 0 1 1.145592 0 1 10444.963532 10445.464496 10445.464496 10445.464496 10447.468394 10448.613986 0 C 
 14 193 3 55 1 2 NL 0  6  4  6  5 0 1 1.628114 0 1 10449.873077 10450.374040 10450.374040 10450.374040 10452.377938 10454.006052 0 C 
 14 194 3 56 3 3 HH 1  5  4  2  7 1 1 0.729971 0 1 10455.266899 10455.767861 10455.767861 10455.767861 10457.771756 10458.501726 0 C 
 14 195 3 57 3 1 HN 0  6  5  3  5 1 0 1.397208 0 1 10459.775659 10460.276626 10460.276626 10460.276626 10462.280522 10463.677730 0 E 
 14 196 3 58 1 1 NN 0  4  4  4  4 0 1 0.766658 0 1 10464.952389 10465.453356 10465.453356 10465.453356 10467.457251 10468.223909 0 C 
 14 197 3 59 1 3 NH 0  6  5  6  2 0 1 1.503780 0 1 10469.494551 10469.995518 10469.995518 10469.995518 10471.999413 10473.503193 0 C 
 14 198 3 60 3 1 HN 0  5  5  8  5 0 1 1.682058 0 1 10474.771475 10475.272442 10475.272442 10475.272442 10477.276351 10478.958409 0 C 
 14 199 4  1 2 3 LH 1  4  5  5  2 1 1 0.930300 0 1 10482.620061 10483.121033 10483.121033 10483.121033 10485.124929 10486.055228 0 C 
 14 200 4  2 1 1 NN 0  5  5  5  5 0 1 1.437224 0 1 10487.329221 10487.830188 10487.830188 10487.830188 10489.834083 10491.271308 0 C 
 14 201 4  3 1 2 NL 0  6  4  6  5 0 1 0.802065 0 1 10492.539348 10493.040315 10493.040315 10493.040315 10495.044211 10495.846276 0 C 
 14 202 4  4 1 3 NH 0  4  5  4  8 0 1 1.331205 0 1 10497.114907 10497.615877 10497.615877 10497.615877 10499.619772 10500.950977 0 C 
 14 203 4  5 3 2 HL 1  6  6  3  5 1 1 0.989520 0 1 10502.224839 10502.725809 10502.725809 10502.725809 10504.729705 10505.719226 0 C 
 14 204 4  6 2 2 LL 1  5  5  6  4 1 1 1.748829 0 1 10506.984092 10507.485062 10507.485062 10507.485062 10509.488957 10511.237786 0 C 
 14 205 4  7 2 2 LL 1  5  4  6  5 1 1 1.938108 0 1 10512.511506 10513.012472 10513.012472 10513.012472 10515.016374 10516.954482 0 C 
 14 206 4  8 2 1 LN 0  6  6  5  6 0 1 1.298547 0 1 10518.222608 10518.723575 10518.723575 10518.723575 10520.727470 10522.026017 0 C 
 14 207 4  9 3 3 HH 1  5  6  2  9 1 1 0.734596 0 1 10523.299140 10523.800108 10523.800108 10523.800108 10525.804005 10526.538601 0 C 
 14 208 4 10 2 2 LL 1  6  5  5  6 0 0 0.969077 0 1 10527.807909 10528.308874 10528.308874 10528.308874 10530.312770 10531.281847 0 E 
 14 209 4 11 1 1 NN 0  5  4  5  4 0 1 1.089118 0 1 10532.550460 10533.051427 10533.051427 10533.051427 10535.055322 10536.144440 0 C 
 14 210 4 12 2 2 LL 1  5  4  6  5 1 1 2.678507 0 1 10537.409902 10537.910873 10537.910873 10537.910873 10539.914769 10542.593276 0 C 
 14 211 4 13 2 3 LH 1  6  4  5  7 1 1 1.542023 0 1 10543.855770 10544.356736 10544.356736 10544.356736 10546.360636 10547.902659 0 C 
 14 212 4 14 3 3 HH 1  4  4  7  7 1 1 3.481505 0 1 10549.166089 10549.667057 10549.667057 10549.667057 10551.670957 10555.152462 0 C 
 14 213 4 15 3 2 HL 1  5  5  8  6 1 1 0.804964 0 1 10556.413515 10556.914482 10556.914482 10556.914482 10558.918377 10559.723341 0 C 
 14 214 4 16 2 2 LL 1  5  6  4  5 1 1 1.242260 0 1 10560.989075 10561.490045 10561.490045 10561.490045 10563.493938 10564.736198 0 C 
 14 215 4 17 2 1 LN 0  5  5  6  5 0 1 1.280898 0 1 10565.998813 10566.499780 10566.499780 10566.499780 10568.503676 10569.784574 0 C 
 14 216 4 18 3 2 HL 1  6  4  3  5 1 1 1.503914 0 1 10571.058651 10571.559617 10571.559617 10571.559617 10573.563513 10575.067427 0 C 
 14 217 4 19 3 1 HN 0  5  6  2  6 0 1 1.839317 0 1 10576.335573 10576.836541 10576.836541 10576.836541 10578.840435 10580.679752 0 C 
 14 218 4 20 3 1 HN 0  4  5  1  5 0 1 1.142069 0 1 10581.946478 10582.447449 10582.447449 10582.447449 10584.451344 10585.593413 0 C 
 14 219 4 21 3 3 HH 1  4  6  7  3 1 1 0.742956 0 1 10586.856023 10587.356993 10587.356993 10587.356993 10589.360885 10590.103841 0 C 
 14 220 4 22 3 2 HL 1  4  6  1  5 1 1 1.087286 0 1 10591.364791 10591.865761 10591.865761 10591.865761 10593.869652 10594.956938 0 C 
 14 221 4 23 3 3 HH 1  4  4  1  7 1 1 0.699525 0 1 10596.224238 10596.725203 10596.725203 10596.725203 10598.729098 10599.428623 0 C 
 14 222 4 24 2 2 LL 1  5  4  4  5 1 1 1.159944 0 1 10600.699605 10601.200570 10601.200570 10601.200570 10603.204464 10604.364408 0 C 
 14 223 4 25 2 1 LN 0  5  6  6  6 1 0 1.070793 0 1 10605.625844 10606.126816 10606.126816 10606.126816 10608.130708 10609.201501 0 E 
 14 224 4 26 3 1 HN 0  4  6  7  6 1 0 1.342472 0 1 10610.468593 10610.969560 10610.969560 10610.969560 10612.973465 10614.315937 0 E 
 14 225 4 27 3 1 HN 0  4  5  1  5 0 1 0.936038 0 1 10615.578526 10616.079493 10616.079493 10616.079493 10618.083392 10619.019431 0 C 
 14 226 4 28 3 2 HL 1  5  4  8  5 1 1 1.380713 0 1 10620.287681 10620.788648 10620.788648 10620.788648 10622.792543 10624.173256 0 C 
 14 227 4 29 1 1 NN 0  6  4  6  4 0 1 1.129296 0 1 10625.447712 10625.948677 10625.948677 10625.948677 10627.952574 10629.081870 0 C 
 14 228 4 30 3 1 HN 0  5  6  2  6 0 1 1.515668 0 1 10630.357255 10630.858222 10630.858222 10630.858222 10632.862116 10634.377785 0 C 
 14 229 4 31 3 2 HL 1  4  4  7  5 1 1 1.382859 0 1 10635.650878 10636.151845 10636.151845 10636.151845 10638.155751 10639.538610 0 C 
 14 230 4 32 2 2 LL 1  6  5  5  4 1 1 1.709999 0 1 10640.810909 10641.311876 10641.311876 10641.311876 10643.315771 10645.025770 0 C 
 14 231 4 33 3 2 HL 1  5  5  2  4 1 1 2.461286 0 1 10646.288224 10646.789189 10646.789189 10646.789189 10648.793086 10651.254372 0 C 
 14 232 4 34 3 2 HL 1  4  5  1  4 1 1 2.447051 0 1 10652.516996 10653.017965 10653.017965 10653.017965 10655.021860 10657.468911 0 C 
 14 233 4 35 1 1 NN 0  4  6  4  6 0 1 1.413201 0 1 10658.729073 10659.230041 10659.230041 10659.230041 10661.233936 10662.647137 0 C 
 14 234 4 36 2 2 LL 1  5  6  6  5 1 1 1.495331 0 1 10663.922503 10664.423469 10664.423469 10664.423469 10666.427365 10667.922696 0 C 
 14 235 4 37 1 2 NL 0  6  5  6  4 0 1 1.766147 0 1 10669.182728 10669.683696 10669.683696 10669.683696 10671.687590 10673.453737 0 C 
 14 236 4 38 1 3 NH 0  4  6  4  9 0 1 1.187879 0 1 10674.726838 10675.227805 10675.227805 10675.227805 10677.231701 10678.419580 0 C 
 14 237 4 39 3 1 HN 0  5  4  8  4 0 1 1.509477 0 1 10679.686476 10680.187447 10680.187447 10680.187447 10682.191343 10683.700820 0 C 
 14 238 4 40 1 2 NL 0  5  5  5  4 0 1 0.942930 0 1 10684.963404 10685.464371 10685.464371 10685.464371 10687.468276 10688.411206 0 C 
 14 239 4 41 3 1 HN 0  5  6  8  6 1 0 1.058596 0 1 10689.672558 10690.173526 10690.173526 10690.173526 10692.177421 10693.236017 0 E 
 14 240 4 42 2 3 LH 1  5  5  4  8 1 1 1.444969 0 1 10694.498612 10694.999574 10694.999574 10694.999574 10697.003475 10698.448444 0 C 
 14 241 4 43 2 1 LN 0  6  4  5  4 0 1 1.193388 0 1 10699.708728 10700.209702 10700.209702 10700.209702 10702.213596 10703.406984 0 C 
 14 242 4 44 3 2 HL 1  6  6  9  5 1 1 1.810433 0 1 10704.668375 10705.169343 10705.169343 10705.169343 10707.173238 10708.983670 0 C 
 14 243 4 45 2 2 LL 1  6  4  5  5 1 1 1.790719 0 1 10710.245882 10710.746852 10710.746852 10710.746852 10712.750747 10714.541467 0 C 
 14 244 4 46 1 3 NH 0  5  5  5  2 0 1 0.791318 0 1 10715.806693 10716.307661 10716.307661 10716.307661 10718.311557 10719.102875 0 C 
 14 245 4 47 1 3 NH 0  4  4  4  7 0 1 2.151522 0 1 10720.365553 10720.866523 10720.866523 10720.866523 10722.870419 10725.021941 0 C 
 14 246 4 48 1 2 NL 0  5  6  5  5 0 1 2.266455 0 1 10726.293748 10726.794714 10726.794714 10726.794714 10728.798610 10731.065064 0 C 
 14 247 4 49 1 2 NL 0  4  5  4  4 0 1 0.843736 0 1 10732.338832 10732.839799 10732.839799 10732.839799 10734.843694 10735.687430 0 C 
 14 248 4 50 2 2 LL 1  4  6  5  5 1 1 1.504369 0 1 10736.947787 10737.448757 10737.448757 10737.448757 10739.452654 10740.957023 0 C 
 14 249 4 51 1 1 NN 0  6  6  6  6 0 1 1.077714 0 1 10742.224714 10742.725682 10742.725682 10742.725682 10744.729580 10745.807294 0 C 
 14 250 4 52 3 1 HN 0  4  6  1  6 0 1 1.148379 0 1 10747.067465 10747.568430 10747.568430 10747.568430 10749.572325 10750.720704 0 C 
 14 251 4 53 1 1 NN 0  5  4  5  4 0 1 1.431514 0 1 10751.993706 10752.494673 10752.494673 10752.494673 10754.498568 10755.930082 0 C 
 14 252 4 54 1 1 NN 0  5  6  5  6 0 1 1.825942 0 1 10757.203832 10757.704800 10757.704800 10757.704800 10759.708696 10761.534637 0 C 
 14 253 4 55 3 2 HL 1  5  5  8  4 1 1 1.007346 0 1 10762.798046 10763.299007 10763.299007 10763.299007 10765.302904 10766.310251 0 C 
 14 254 4 56 2 2 LL 1  4  4  5  5 1 1 1.018066 0 1 10767.573989 10768.074960 10768.074960 10768.074960 10770.078855 10771.096920 0 C 
 14 255 4 57 1 2 NL 0  5  6  5  5 0 1 1.137999 0 1 10772.366642 10772.867609 10772.867609 10772.867609 10774.871504 10776.009503 0 C 
 14 256 4 58 3 3 HH 1  5  4  2  7 1 1 1.004950 0 1 10777.276185 10777.777151 10777.777151 10777.777151 10779.781048 10780.785998 0 C 
 14 257 4 59 2 3 LH 1  4  6  5  9 1 1 0.899072 0 1 10782.052133 10782.553101 10782.553101 10782.553101 10784.556998 10785.456070 0 C 
 14 258 4 60 2 1 LN 0  6  6  5  6 1 0 0.965800 0 1 10786.727893 10787.228859 10787.228859 10787.228859 10789.232754 10790.198554 0 E 
 14 259 5  1 1 1 NN 0  5  4  5  4 0 1 1.394788 0 1 10824.718407 10825.219378 10825.219378 10825.219378 10827.223272 10828.618060 0 C 
 14 260 5  2 3 3 HH 1  4  4  1  7 1 1 0.972575 0 1 10829.878438 10830.379411 10830.379411 10830.379411 10832.383308 10833.355882 0 C 
 14 261 5  3 1 3 NH 0  4  6  4  9 0 1 1.537921 0 1 10834.620993 10835.121960 10835.121960 10835.121960 10837.125855 10838.663776 0 C 
 14 262 5  4 2 3 LH 1  4  5  5  8 1 1 1.748816 0 1 10839.931312 10840.432284 10840.432284 10840.432284 10842.436178 10844.184994 0 C 
 14 263 5  5 2 1 LN 0  5  4  6  4 0 1 1.528984 0 1 10845.458724 10845.959695 10845.959695 10845.959695 10847.963589 10849.492573 0 C 
 14 264 5  6 3 2 HL 1  5  4  2  5 1 1 0.839101 0 1 10850.752350 10851.253317 10851.253317 10851.253317 10853.257213 10854.096314 0 C 
 14 265 5  7 1 3 NH 0  6  5  6  2 0 1 1.336898 0 1 10855.361308 10855.862276 10855.862276 10855.862276 10857.866172 10859.203070 0 C 
 14 266 5  8 3 3 HH 1  5  5  2  8 1 1 0.909267 0 1 10860.471242 10860.972210 10860.972210 10860.972210 10862.976106 10863.885373 0 C 
 14 267 5  9 3 1 HN 0  4  5  7  5 0 1 1.096825 0 1 10865.146998 10865.647965 10865.647965 10865.647965 10867.651862 10868.748687 0 C 
 14 268 5 10 1 1 NN 0  6  5  6  5 0 1 1.051014 0 1 10870.023145 10870.524111 10870.524111 10870.524111 10872.528007 10873.579021 0 C 
 14 269 5 11 3 3 HH 1  4  5  1  2 1 1 1.383443 0 1 10874.849197 10875.350159 10875.350159 10875.350159 10877.354055 10878.737497 0 C 
 14 270 5 12 2 3 LH 1  4  4  5  1 1 1 5.748258 0 1 10880.009231 10880.510191 10880.510191 10880.510191 10882.514086 10888.262344 0 C 
 14 271 5 13 2 3 LH 1  5  4  6  7 1 1 0.899027 0 1 10889.527725 10890.028694 10890.028694 10890.028694 10892.032589 10892.931616 0 C 
 14 272 5 14 2 2 LL 1  4  6  5  5 1 1 1.297718 0 1 10894.203481 10894.704449 10894.704449 10894.704449 10896.708345 10898.006063 0 C 
 14 273 5 15 3 3 HH 1  6  4  3  1 1 1 0.830440 0 1 10899.280017 10899.780983 10899.780983 10899.780983 10901.784880 10902.615320 0 C 
 14 274 5 16 3 2 HL 1  6  4  3  5 1 1 0.985380 0 1 10903.888978 10904.389947 10904.389947 10904.389947 10906.393839 10907.379219 0 C 
 14 275 5 17 3 1 HN 0  5  4  8  4 0 1 1.041819 0 1 10908.648228 10909.149194 10909.149194 10909.149194 10911.153091 10912.194910 0 C 
 14 276 5 18 3 3 HH 1  6  6  9  9 1 1 1.045318 0 1 10913.457574 10913.958547 10913.958547 10913.958547 10915.962437 10917.007755 0 C 
 14 277 5 19 1 3 NH 0  6  4  6  1 0 1 1.244017 0 1 10918.266926 10918.767893 10918.767893 10918.767893 10920.771788 10922.015805 0 C 
 14 278 5 20 1 1 NN 0  4  4  4  4 0 1 0.802604 0 1 10923.276672 10923.777632 10923.777632 10923.777632 10925.781527 10926.584131 0 C 
 14 279 5 21 1 2 NL 0  4  5  4  4 0 1 1.016393 0 1 10927.852226 10928.353193 10928.353193 10928.353193 10930.357088 10931.373481 0 C 
 14 280 5 22 2 2 LL 1  4  4  5  5 1 1 0.949549 0 1 10932.644877 10933.145843 10933.145843 10933.145843 10935.149740 10936.099289 0 C 
 14 281 5 23 2 2 LL 1  4  5  5  4 1 1 0.769133 0 1 10937.370729 10937.871701 10937.871701 10937.871701 10939.875589 10940.644722 0 C 
 14 282 5 24 3 3 HH 1  5  6  2  9 1 1 0.563192 0 1 10941.912890 10942.413859 10942.413859 10942.413859 10944.417755 10944.980946 0 C 
 14 283 5 25 3 3 HH 1  5  6  8  9 1 1 0.702116 0 1 10946.254662 10946.755636 10946.755636 10946.755636 10948.759528 10949.461644 0 C 
 14 284 5 26 1 3 NH 0  4  5  4  2 0 1 0.579853 0 1 10950.730040 10951.230999 10951.230999 10951.230999 10953.234892 10953.814745 0 C 
 14 285 5 27 2 1 LN 0  4  4  5  4 1 0 0.618663 0 1 10955.088508 10955.589478 10955.589478 10955.589478 10957.593367 10958.212030 0 E 
 14 286 5 28 1 3 NH 0  6  6  6  9 0 1 0.932393 0 1 10959.480375 10959.981343 10959.981343 10959.981343 10961.985236 10962.917629 0 C 
 14 287 5 29 3 3 HH 1  5  5  2  8 1 1 0.897124 0 1 10964.189529 10964.690494 10964.690494 10964.690494 10966.694391 10967.591516 0 C 
 14 288 5 30 3 3 HH 1  5  4  2  1 1 1 0.674380 0 1 10968.865289 10969.366252 10969.366252 10969.366252 10971.370147 10972.044527 0 C 
 14 289 5 31 2 1 LN 0  4  5  5  5 0 1 1.331311 0 1 10973.307253 10973.808221 10973.808221 10973.808221 10975.812116 10977.143427 0 C 
 14 290 5 32 2 1 LN 0  6  4  5  4 0 1 1.988965 0 1 10978.417187 10978.918153 10978.918153 10978.918153 10980.922047 10982.911012 0 C 
 14 291 5 33 2 1 LN 0  5  4  6  4 0 1 1.170105 0 1 10984.178382 10984.679352 10984.679352 10984.679352 10986.683259 10987.853364 0 C 
 14 292 5 34 1 2 NL 0  5  6  5  5 0 1 2.156359 0 1 10989.121326 10989.622295 10989.622295 10989.622295 10991.626197 10993.782557 0 C 
 14 293 5 35 2 1 LN 0  6  4  5  4 0 1 1.133539 0 1 10995.049517 10995.550485 10995.550485 10995.550485 10997.554381 10998.687920 0 C 
 14 294 5 36 1 2 NL 0  4  6  4  5 0 1 1.263593 0 1 10999.959061 11000.460029 11000.460029 11000.460029 11002.463925 11003.727517 0 C 
 14 295 5 37 3 1 HN 0  6  5  9  5 0 1 1.251198 0 1 11005.002204 11005.503165 11005.503165 11005.503165 11007.507059 11008.758257 0 C 
 14 296 5 38 2 1 LN 0  4  6  5  6 0 1 1.304802 0 1 11010.028633 11010.529603 11010.529603 11010.529603 11012.533497 11013.838299 0 C 
 14 297 5 39 3 2 HL 1  6  4  3  5 1 1 1.653943 0 1 11015.105171 11015.606139 11015.606139 11015.606139 11017.610034 11019.263977 0 C 
 14 298 5 40 2 1 LN 0  4  6  5  6 0 1 1.225633 0 1 11020.532385 11021.033355 11021.033355 11021.033355 11023.037250 11024.262883 0 C 
 14 299 5 41 2 2 LL 1  5  5  6  4 1 1 1.435903 0 1 11025.525424 11026.026397 11026.026397 11026.026397 11028.030290 11029.466193 0 C 
 14 300 5 42 3 3 HH 1  4  4  1  1 1 1 1.477625 0 1 11030.735555 11031.236522 11031.236522 11031.236522 11033.240417 11034.718043 0 C 
 14 301 5 43 3 1 HN 0  5  4  2  4 0 1 1.003904 0 1 11035.979083 11036.480048 11036.480048 11036.480048 11038.483944 11039.487849 0 C 
 14 302 5 44 1 3 NH 0  6  5  6  8 0 1 0.903265 0 1 11040.755032 11041.256000 11041.256000 11041.256000 11043.259895 11044.163160 0 C 
 14 303 5 45 3 1 HN 0  4  5  7  5 1 0 0.665859 0 1 11045.430786 11045.931755 11045.931755 11045.931755 11047.935651 11048.601509 0 E 
 14 304 5 46 1 1 NN 0  5  5  5  5 0 1 0.838040 0 1 11049.872756 11050.373723 11050.373723 11050.373723 11052.377619 11053.215659 0 C 
 14 305 5 47 1 1 NN 0  6  4  6  4 0 1 0.909302 0 1 11054.481718 11054.982683 11054.982683 11054.982683 11056.986579 11057.895881 0 C 
 14 306 5 48 2 2 LL 1  4  6  5  5 0 0 1.820905 0 1 11059.157472 11059.658444 11059.658444 11059.658444 11061.662335 11063.483240 0 E 
 14 307 5 49 1 1 NN 0  4  6  4  6 0 1 0.975033 0 1 11064.751681 11065.252650 11065.252650 11065.252650 11067.256543 11068.231576 0 C 
 14 308 5 50 2 2 LL 1  5  6  6  5 1 1 1.995415 0 1 11069.494233 11069.995199 11069.995199 11069.995199 11071.999095 11073.994510 0 C 
 14 309 5 51 2 2 LL 1  5  4  4  5 1 1 1.471597 0 1 11075.255429 11075.756399 11075.756399 11075.756399 11077.760294 11079.231891 0 C 
 14 310 5 52 2 1 LN 0  5  5  4  5 1 0 1.336693 0 1 11080.498958 11080.999925 11080.999925 11080.999925 11083.003821 11084.340513 0 E 
 14 311 5 53 2 3 LH 1  4  4  5  1 1 1 1.282110 0 1 11085.608891 11086.109858 11086.109858 11086.109858 11088.113765 11089.395874 0 C 
 14 312 5 54 3 3 HH 1  5  5  2  2 1 1 0.674389 0 1 11090.668727 11091.169694 11091.169694 11091.169694 11093.173588 11093.847977 0 C 
 14 313 5 55 2 3 LH 1  4  5  5  2 1 1 1.747934 0 1 11095.110695 11095.611662 11095.611662 11095.611662 11097.615558 11099.363492 0 C 
 14 314 5 56 1 1 NN 0  5  6  5  6 0 1 1.427003 0 1 11100.638107 11101.139072 11101.139072 11101.139072 11103.142970 11104.569973 0 C 
 14 315 5 57 1 2 NL 0  5  6  5  5 0 1 1.514984 0 1 11105.831533 11106.332503 11106.332503 11106.332503 11108.336398 11109.851382 0 C 
 14 316 5 58 3 1 HN 0  4  6  7  6 0 1 1.381481 0 1 11111.125159 11111.626127 11111.626127 11111.626127 11113.630022 11115.011502 0 C 
 14 317 5 59 3 2 HL 1  4  5  1  6 1 1 1.316373 0 1 11116.285188 11116.786156 11116.786156 11116.786156 11118.790052 11120.106425 0 C 
 14 318 5 60 2 3 LH 1  6  6  5  9 1 1 1.291054 0 1 11121.378422 11121.879393 11121.879393 11121.879393 11123.883287 11125.174341 0 C 
 14 319 6  1 3 2 HL 1  5  4  8  5 1 1 1.891955 0 1 11128.625839 11129.126812 11129.126812 11129.126812 11131.130709 11133.022664 0 C 
 14 320 6  2 1 2 NL 0  5  5  5  6 0 1 1.114203 0 1 11134.286847 11134.787816 11134.787816 11134.787816 11136.791713 11137.905916 0 C 
 14 321 6  3 1 3 NH 0  4  4  4  7 0 1 1.192178 0 1 11139.179692 11139.680664 11139.680664 11139.680664 11141.684557 11142.876735 0 C 
 14 322 6  4 2 3 LH 1  5  4  4  1 1 1 1.328189 0 1 11144.139335 11144.640303 11144.640303 11144.640303 11146.644199 11147.972388 0 C 
 14 323 6  5 3 3 HH 1  5  4  2  7 1 1 1.416906 0 1 11149.232571 11149.733538 11149.733538 11149.733538 11151.737433 11153.154339 0 C 
 14 324 6  6 1 3 NH 0  4  5  4  8 0 1 1.249703 0 1 11154.425998 11154.926966 11154.926966 11154.926966 11156.930862 11158.180565 0 C 
 14 325 6  7 3 1 HN 0  5  6  8  6 0 1 1.520651 0 1 11159.452435 11159.953404 11159.953404 11159.953404 11161.957299 11163.477951 0 C 
 14 326 6  8 2 3 LH 1  5  5  4  8 1 1 1.587440 0 1 11164.746057 11165.247026 11165.247026 11165.247026 11167.250924 11168.838364 0 C 
 14 327 6  9 3 2 HL 1  6  6  3  5 1 1 2.049555 0 1 11170.106481 11170.607446 11170.607446 11170.607446 11172.611343 11174.660897 0 C 
 14 328 6 10 2 2 LL 1  5  4  4  5 1 1 1.508694 0 1 11175.934475 11176.435442 11176.435442 11176.435442 11178.439339 11179.948033 0 C 
 14 329 6 11 1 1 NN 0  6  5  6  5 0 1 1.275634 0 1 11181.211401 11181.712368 11181.712368 11181.712368 11183.716263 11184.991898 0 C 
 14 330 6 12 1 1 NN 0  6  6  6  6 0 1 1.860127 0 1 11186.254542 11186.755505 11186.755505 11186.755505 11188.759400 11190.619527 0 C 
 14 331 6 13 3 3 HH 1  4  6  7  9 1 1 3.468805 0 1 11191.882141 11192.383111 11192.383111 11192.383111 11194.387007 11197.855811 0 C 
 14 332 6 14 2 2 LL 1  6  5  5  6 1 1 1.844202 0 1 11199.129563 11199.630532 11199.630532 11199.630532 11201.634428 11203.478630 0 C 
 14 333 6 15 2 3 LH 1  5  6  6  3 1 1 1.618229 0 1 11204.740476 11205.241441 11205.241441 11205.241441 11207.245336 11208.863564 0 C 
 14 334 6 16 2 3 LH 1  6  4  5  1 1 1 1.265750 0 1 11210.134287 11210.635258 11210.635258 11210.635258 11212.639154 11213.904904 0 C 
 14 335 6 17 3 3 HH 1  5  6  2  9 1 1 1.148593 0 1 11215.177428 11215.678393 11215.678393 11215.678393 11217.682290 11218.830883 0 C 
 14 336 6 18 1 3 NH 0  5  5  5  8 0 1 0.837436 0 1 11220.103669 11220.604637 11220.604637 11220.604637 11222.608534 11223.445970 0 C 
 14 337 6 19 2 2 LL 1  6  6  5  5 1 1 0.920313 0 1 11224.712631 11225.213600 11225.213600 11225.213600 11227.217490 11228.137803 0 C 
 14 338 6 20 2 3 LH 1  5  4  4  1 1 1 1.075263 0 1 11229.405081 11229.906052 11229.906052 11229.906052 11231.909952 11232.985214 0 C 
 14 339 6 21 2 3 LH 1  6  4  5  1 1 1 1.359059 0 1 11234.247830 11234.748799 11234.748799 11234.748799 11236.752704 11238.111763 0 C 
 14 340 6 22 2 3 LH 1  6  5  5  2 1 1 1.086419 0 1 11239.374462 11239.875431 11239.875431 11239.875431 11241.879327 11242.965747 0 C 
 14 341 6 23 1 2 NL 0  4  6  4  5 0 1 1.071213 0 1 11244.233911 11244.734878 11244.734878 11244.734878 11246.738772 11247.809985 0 C 
 14 342 6 24 2 2 LL 1  5  4  6  5 1 1 1.235386 0 1 11249.076658 11249.577626 11249.577626 11249.577626 11251.581521 11252.816907 0 C 
 14 343 6 25 3 3 HH 1  5  4  8  1 1 1 1.631818 0 1 11254.086398 11254.587364 11254.587364 11254.587364 11256.591260 11258.223078 0 C 
 14 344 6 26 3 3 HH 1  6  5  3  8 1 1 0.792898 0 1 11259.496917 11259.997881 11259.997881 11259.997881 11262.001777 11262.794675 0 C 
 14 345 6 27 2 1 LN 0  6  4  5  4 0 1 1.686454 0 1 11264.055774 11264.556743 11264.556743 11264.556743 11266.560636 11268.247090 0 C 
 14 346 6 28 1 2 NL 0  6  5  6  4 0 1 1.481734 0 1 11269.516391 11270.017358 11270.017358 11270.017358 11272.021254 11273.502988 0 C 
 14 347 6 29 3 1 HN 0  5  4  8  4 0 1 1.765498 0 1 11274.776617 11275.277583 11275.277583 11275.277583 11277.281479 11279.046976 0 C 
 14 348 6 30 3 2 HL 1  6  5  9  6 1 1 2.270667 0 1 11280.320728 11280.821694 11280.821694 11280.821694 11282.825591 11285.096257 0 C 
 14 349 6 31 2 3 LH 1  5  6  4  9 1 1 1.429248 0 1 11286.365808 11286.866779 11286.866779 11286.866779 11288.870675 11290.299923 0 C 
 14 350 6 32 2 3 LH 1  4  4  5  7 1 1 0.999580 0 1 11291.559241 11292.060212 11292.060212 11292.060212 11294.064102 11295.063682 0 C 
 14 351 6 33 1 1 NN 0  5  5  5  5 0 1 0.955154 0 1 11296.335192 11296.836159 11296.836159 11296.836159 11298.840054 11299.795209 0 C 
 14 352 6 34 3 1 HN 0  6  6  9  6 0 1 1.809366 0 1 11301.061042 11301.562013 11301.562013 11301.562013 11303.565907 11305.375273 0 C 
 14 353 6 35 1 3 NH 0  6  5  6  8 0 1 1.448251 0 1 11306.638550 11307.139521 11307.139521 11307.139521 11309.143427 11310.591678 0 C 
 14 354 6 36 2 3 LH 1  4  4  5  7 1 1 2.066057 0 1 11311.865383 11312.366353 11312.366353 11312.366353 11314.370243 11316.436299 0 C 
 14 355 6 37 1 3 NH 0  5  6  5  3 0 1 1.203301 0 1 11317.710073 11318.211047 11318.211047 11318.211047 11320.214938 11321.418239 0 C 
 14 356 6 38 1 1 NN 0  6  5  6  5 0 1 1.258285 0 1 11322.686415 11323.187383 11323.187383 11323.187383 11325.191289 11326.449574 0 C 
 14 357 6 39 2 2 LL 1  4  4  5  5 1 1 2.539159 0 1 11327.712854 11328.213824 11328.213824 11328.213824 11330.217721 11332.756879 0 C 
 14 358 6 40 3 2 HL 1  4  6  1  5 1 1 0.888961 0 1 11334.025125 11334.526091 11334.526091 11334.526091 11336.529987 11337.418948 0 C 
 14 359 6 41 1 1 NN 0  5  5  5  5 0 1 1.547850 0 1 11338.684181 11339.185148 11339.185148 11339.185148 11341.189044 11342.736894 0 C 
 14 360 6 42 3 3 HH 1  4  6  7  9 1 1 1.647922 0 1 11344.011204 11344.512167 11344.512167 11344.512167 11346.516073 11348.163995 0 C 
 14 361 6 43 1 2 NL 0  4  5  4  6 0 1 1.438690 0 1 11349.438420 11349.939384 11349.939384 11349.939384 11351.943282 11353.381972 0 C 
 14 362 6 44 2 3 LH 1  5  5  4  8 1 1 1.442671 0 1 11354.648548 11355.149515 11355.149515 11355.149515 11357.153410 11358.596081 0 C 
 14 363 6 45 1 2 NL 0  6  5  6  6 0 1 1.214313 0 1 11359.858676 11360.359643 11360.359643 11360.359643 11362.363538 11363.577850 0 C 
 14 364 6 46 2 2 LL 1  6  4  5  5 1 1 1.997671 0 1 11364.851715 11365.352682 11365.352682 11365.352682 11367.356577 11369.354248 0 C 
 14 365 6 47 3 2 HL 1  5  5  2  6 1 1 1.470418 0 1 11370.629614 11371.130581 11371.130581 11371.130581 11373.134476 11374.604894 0 C 
 14 366 6 48 3 1 HN 0  5  4  8  4 0 1 1.907108 0 1 11375.873139 11376.374107 11376.374107 11376.374107 11378.378001 11380.285109 0 C 
 14 367 6 49 1 1 NN 0  5  4  5  4 0 1 1.386076 0 1 11381.550840 11382.051809 11382.051809 11382.051809 11384.055706 11385.441782 0 C 
 14 368 6 50 3 2 HL 1  5  5  8  4 1 1 2.484729 0 1 11386.710871 11387.211841 11387.211841 11387.211841 11389.215737 11391.700467 0 C 
 14 369 6 51 1 1 NN 0  4  4  4  4 0 1 1.605694 0 1 11392.973045 11393.474017 11393.474017 11393.474017 11395.477909 11397.083603 0 C 
 14 370 6 52 2 3 LH 1  4  5  5  2 1 1 1.189313 0 1 11398.350163 11398.851136 11398.851136 11398.851136 11400.855029 11402.044342 0 C 
 14 371 6 53 3 3 HH 1  6  6  9  9 1 1 4.231400 0 1 11403.309805 11403.810774 11403.810774 11403.810774 11405.814670 11410.046070 0 C 
 14 372 6 54 3 2 HL 1  4  5  1  4 1 1 2.607575 0 1 11411.308697 11411.809657 11411.809657 11411.809657 11413.813550 11416.421126 0 C 
 14 373 6 55 2 2 LL 1  5  6  6  5 1 1 3.157029 0 1 11417.687758 11418.188728 11418.188728 11418.188728 11420.192619 11423.349648 0 C 
 14 374 6 56 2 2 LL 1  4  4  5  5 1 1 1.320137 0 1 11424.617895 11425.118863 11425.118863 11425.118863 11427.122759 11428.442896 0 C 
 14 375 6 57 2 3 LH 1  6  5  5  2 1 1 1.175739 0 1 11429.711126 11430.212096 11430.212096 11430.212096 11432.215992 11433.391731 0 C 
 14 376 6 58 1 3 NH 0  4  6  4  9 0 1 1.284662 0 1 11434.654068 11435.155038 11435.155038 11435.155038 11437.158934 11438.443596 0 C 
 14 377 6 59 3 1 HN 0  4  5  7  5 0 1 2.004781 0 1 11439.713909 11440.214875 11440.214875 11440.214875 11442.218770 11444.223550 0 C 
 14 378 6 60 2 1 LN 0  5  5  6  5 0 1 1.075900 0 1 11445.491807 11445.992772 11445.992772 11445.992772 11447.996668 11449.072568 0 C 
