101   1  1  1 THE_T10.jpeg THE   4 1 H 1.249269 0 0
101   2  1  2 FH_T12.jpeg H   3 0 A 0.835826 0 0
101   3  1  3 THE_T10.jpeg THE   4 1 H 0.443651 0 0
101   4  1  4 FH_T12.jpeg H   3 1 H 1.051043 0 0
101   5  1  5 FA_T20.jpeg A   1 0 A 0.394347 0 0
101   6  1  6 CAT_T14.jpeg CAT   2 1 H 0.338958 0 0
101   7  1  7 THE_T10.jpeg THE   4 1 H 0.564966 0 0
101   8  1  8 FH_T20.jpeg H   1 0 A 0.305660 0 0
101   9  1  9 THE_T12.jpeg THE   3 1 H 0.255826 0 0
101  10  1 10 FH_T12.jpeg H   3 1 H 1.708760 0 0
101  11  1 11 CAT_T14.jpeg CAT   2 1 H 0.482590 0 0
101  12  1 12 FA_T14.jpeg A   2 0 A 0.283543 0 0
101  13  1 13 FA_T20.jpeg A   1 0 A 0.383815 0 0
101  14  1 14 FA_T0.jpeg A   5 1 H 0.393791 0 0
101  15  1 15 FA_T0.jpeg A   5 1 H 0.349209 0 0
101  16  1 16 FH_T10.jpeg H   4 1 H 0.294704 0 0
101  17  1 17 CAT_T10.jpeg CAT   4 1 H 0.487839 0 0
101  18  1 18 FH_T10.jpeg H   4 0 A 0.272331 0 0
101  19  1 19 FH_T0.jpeg H   5 1 H 0.377389 0 0
101  20  1 20 FA_T20.jpeg A   1 1 H 0.444211 0 0
101  21  1 21 CAT_T12.jpeg CAT   3 0 A 1.018141 0 0
101  22  1 22 THE_T20.jpeg THE   1 0 A 0.454709 0 0
101  23  1 23 FA_T10.jpeg A   4 0 A 0.835922 0 0
101  24  1 24 CAT_T10.jpeg CAT   4 0 A 0.382880 0 0
101  25  1 25 FH_T12.jpeg H   3 1 H 0.350019 0 0
101  26  1 26 FH_T0.jpeg H   5 1 H 0.422601 0 0
101  27  1 27 CAT_T0.jpeg CAT   5 1 H 0.504306 0 0
101  28  1 28 CAT_T0.jpeg CAT   5 1 H 0.361212 0 0
101  29  1 29 THE_T12.jpeg THE   3 0 A 0.416503 0 0
101  30  1 30 THE_T14.jpeg THE   2 1 H 0.266720 0 0
101  31  1 31 FA_T10.jpeg A   4 1 H 0.515527 0 0
101  32  1 32 CAT_T20.jpeg CAT   1 0 A 0.382770 0 0
101  33  1 33 CAT_T20.jpeg CAT   1 0 A 0.443378 0 0
101  34  1 34 FH_T10.jpeg H   4 0 A 0.426648 0 0
101  35  1 35 THE_T12.jpeg THE   3 0 A 0.427479 0 0
101  36  1 36 FH_T14.jpeg H   2 0 A 0.404892 0 0
101  37  1 37 THE_T14.jpeg THE   2 0 A 0.415970 0 0
101  38  1 38 THE_T0.jpeg THE   5 1 H 0.369849 0 0
101  39  1 39 FH_T0.jpeg H   5 1 H 0.294742 0 0
101  40  1 40 FA_T10.jpeg A   4 0 A 0.399409 0 0
101  41  1 41 FH_T14.jpeg H   2 1 H 0.228173 0 0
101  42  1 42 FH_T20.jpeg H   1 0 A 0.245144 0 0
101  43  1 43 FA_T10.jpeg A   4 0 A 0.438327 0 0
101  44  1 44 THE_T14.jpeg THE   2 0 A 0.499149 0 0
101  45  1 45 FA_T0.jpeg A   5 1 H 0.394295 0 0
101  46  1 46 FA_T12.jpeg A   3 1 H 0.338955 0 0
101  47  1 47 CAT_T12.jpeg CAT   3 0 A 0.554149 0 0
101  48  1 48 CAT_T14.jpeg CAT   2 0 A 0.372037 0 0
101  49  1 49 FH_T12.jpeg H   3 1 H 0.261919 0 0
101  50  1 50 THE_T10.jpeg THE   4 0 A 0.404099 0 0
101  51  1 51 CAT_T14.jpeg CAT   2 0 A 0.366446 0 0
101  52  1 52 CAT_T10.jpeg CAT   4 0 A 0.355253 0 0
101  53  1 53 THE_T12.jpeg THE   3 0 A 0.410538 0 0
101  54  1 54 FA_T12.jpeg A   3 0 A 0.454796 0 0
101  55  1 55 CAT_T14.jpeg CAT   2 0 A 0.361071 0 0
101  56  1 56 THE_T12.jpeg THE   3 0 A 0.382797 0 0
101  57  1 57 CAT_T20.jpeg CAT   1 0 A 0.250422 0 0
101  58  1 58 FH_T14.jpeg H   2 0 A 0.427431 0 0
101  59  1 59 THE_T12.jpeg THE   3 1 H 0.371954 0 0
101  60  1 60 FH_T12.jpeg H   3 0 A 0.338771 0 0
101  61  1 61 FH_T10.jpeg H   4 0 A 0.289551 0 0
101  62  1 62 THE_T10.jpeg THE   4 0 A 0.432202 0 0
101  63  1 63 FH_T12.jpeg H   3 0 A 0.278157 0 0
101  64  1 64 FA_T20.jpeg A   1 0 A 0.327283 0 0
101  65  1 65 THE_T14.jpeg THE   2 0 A 0.454594 0 0
101  66  1 66 CAT_T12.jpeg CAT   3 0 A 0.311983 0 0
101  67  1 67 FA_T20.jpeg A   1 0 A 0.311406 0 0
101  68  1 68 THE_T10.jpeg THE   4 0 A 0.438495 0 0
101  69  1 69 CAT_T12.jpeg CAT   3 0 A 0.399417 0 0
101  70  1 70 FH_T12.jpeg H   3 0 A 0.388751 0 0
101  71  1 71 FH_T10.jpeg H   4 0 A 0.372687 0 0
101  72  1 72 CAT_T14.jpeg CAT   2 0 A 0.371665 0 0
101  73  1 73 CAT_T10.jpeg CAT   4 0 A 0.261580 0 0
101  74  1 74 FA_T10.jpeg A   4 0 A 0.493950 0 0
101  75  1 75 FA_T10.jpeg A   4 1 H 0.437851 0 0
101  76  1 76 THE_T0.jpeg THE   5 1 H 0.338936 0 0
101  77  1 77 FH_T14.jpeg H   2 1 H 0.289276 0 0
101  78  1 78 CAT_T14.jpeg CAT   2 0 A 0.377416 0 0
101  79  1 79 FH_T10.jpeg H   4 1 H 0.388850 0 0
101  80  1 80 CAT_T0.jpeg CAT   5 1 H 0.548897 0 0
101  81  1 81 FH_T12.jpeg H   3 0 A 0.454780 0 0
101  82  1 82 CAT_T12.jpeg CAT   3 0 A 0.289811 0 0
101  83  1 83 THE_T0.jpeg THE   5 1 H 0.432534 0 0
101  84  1 84 FA_T14.jpeg A   2 0 A 0.266873 0 0
101  85  1 85 FH_T0.jpeg H   5 1 H 0.377824 0 0
101  86  1 86 THE_T20.jpeg THE   1 0 A 0.388475 0 0
101  87  1 87 THE_T12.jpeg THE   3 0 A 0.383620 0 0
101  88  1 88 FA_T14.jpeg A   2 0 A 0.487894 0 0
101  89  1 89 THE_T10.jpeg THE   4 0 A 0.432461 0 0
101  90  1 90 FA_T10.jpeg A   4 1 H 0.482309 0 0
101  91  1 91 FH_T20.jpeg H   1 0 A 0.383285 0 0
101  92  1 92 FH_T0.jpeg H   5 1 H 0.289059 0 0
101  93  1 93 CAT_T10.jpeg CAT   4 0 A 0.510551 0 0
101  94  1 94 THE_T12.jpeg THE   3 0 A 0.382887 0 0
101  95  1 95 FH_T10.jpeg H   4 1 H 0.311324 0 0
101  96  1 96 FA_T20.jpeg A   1 0 A 0.256335 0 0
101  97  2  1 THE_T14.jpeg THE   2 0 A 0.399502 0 0
101  98  2  2 CAT_T20.jpeg CAT   1 0 A 0.377992 0 0
101  99  2  3 THE_T0.jpeg THE   5 1 H 0.333184 0 0
101 100  2  4 FH_T0.jpeg H   5 1 H 0.366071 0 0
101 101  2  5 CAT_T12.jpeg CAT   3 0 A 0.211620 0 0
101 102  2  6 THE_T14.jpeg THE   2 1 H 0.222660 0 0
101 103  2  7 FA_T14.jpeg A   2 0 A 0.217298 0 0
101 104  2  8 THE_T10.jpeg THE   4 1 H 0.365839 0 0
101 105  2  9 CAT_T14.jpeg CAT   2 0 A 0.709094 0 0
101 106  2 10 FH_T14.jpeg H   2 0 A 0.432488 0 0
101 107  2 11 FA_T14.jpeg A   2 0 A 0.526849 0 0
101 108  2 12 FA_T12.jpeg A   3 1 H 0.261564 0 0
101 109  2 13 FH_T12.jpeg H   3 0 A 0.482440 0 0
101 110  2 14 FH_T14.jpeg H   2 1 H 0.288958 0 0
101 111  2 15 FA_T12.jpeg A   3 1 H 0.222671 0 0
101 112  2 16 FA_T10.jpeg A   4 1 H 0.537656 0 0
101 113  2 17 CAT_T0.jpeg CAT   5 1 H 0.487755 0 0
101 114  2 18 FH_T10.jpeg H   4 0 A 0.465118 0 0
101 115  2 19 THE_T20.jpeg THE   1 0 A 0.498443 0 0
101 116  2 20 FH_T14.jpeg H   2 0 A 0.476800 0 0
101 117  2 21 CAT_T14.jpeg CAT   2 0 A 0.416459 0 0
101 118  2 22 FH_T14.jpeg H   2 0 A 0.416016 0 0
101 119  2 23 THE_T0.jpeg THE   5 1 H 0.437840 0 0
101 120  2 24 FH_T12.jpeg H   3 0 A 0.471233 0 0
101 121  2 25 CAT_T10.jpeg CAT   4 1 H 0.322163 0 0
101 122  2 26 FA_T12.jpeg A   3 1 H 0.399777 0 0
101 123  2 27 FH_T10.jpeg H   4 1 H 1.029559 0 0
101 124  2 28 THE_T20.jpeg THE   1 0 A 0.366480 0 0
101 125  2 29 CAT_T0.jpeg CAT   5 1 H 0.388360 0 0
101 126  2 30 THE_T10.jpeg THE   4 0 A 0.277913 0 0
101 127  2 31 CAT_T12.jpeg CAT   3 1 H 0.195249 1 1
101 128  2 32 THE_T10.jpeg THE   4 1 H 0.548836 0 1
101 129  2 33 CAT_T10.jpeg CAT   4 0 A 0.338912 0 1
101 130  2 34 FA_T10.jpeg A   4 1 H 0.477039 0 1
101 131  2 35 CAT_T12.jpeg CAT   3 1 H 0.349756 0 1
101 132  2 36 CAT_T10.jpeg CAT   4 1 H 0.393596 0 1
101 133  2 37 CAT_T14.jpeg CAT   2 0 A 0.404887 0 1
101 134  2 38 FA_T14.jpeg A   2 1 H 0.189783 1 2
101 135  2 39 THE_T12.jpeg THE   3 1 H 0.223267 0 2
101 136  2 40 THE_T12.jpeg THE   3 1 H 0.350171 0 2
101 137  2 41 FH_T14.jpeg H   2 1 H 1.398772 0 2
101 138  2 42 THE_T20.jpeg THE   1 0 A 0.488548 0 2
101 139  2 43 FA_T10.jpeg A   4 1 H 0.311201 0 2
101 140  2 44 FA_T12.jpeg A   3 1 H 0.321636 0 2
101 141  2 45 FA_T12.jpeg A   3 1 H 0.377350 0 2
101 142  2 46 FH_T14.jpeg H   2 0 A 0.537698 0 2
101 143  2 47 FA_T12.jpeg A   3 1 H 0.493486 0 2
101 144  2 48 THE_T10.jpeg THE   4 1 H 0.433070 0 2
101 145  2 49 FA_T12.jpeg A   3 1 H 0.349652 0 2
101 146  2 50 CAT_T20.jpeg CAT   1 1 H 0.327831 0 2
101 147  2 51 THE_T0.jpeg THE   5 1 H 0.432939 0 2
101 148  2 52 CAT_T0.jpeg CAT   5 1 H 0.415739 0 2
101 149  2 53 FH_T0.jpeg H   5 1 H 0.377498 0 2
101 150  2 54 FH_T10.jpeg H   4 1 H 0.438023 0 2
101 151  2 55 THE_T0.jpeg THE   5 1 H 0.427323 0 2
101 152  2 56 THE_T20.jpeg THE   1 0 A 0.410238 0 2
101 153  2 57 FH_T10.jpeg H   4 1 H 0.564809 0 2
101 154  2 58 FA_T14.jpeg A   2 1 H 0.499462 0 2
101 155  2 59 CAT_T10.jpeg CAT   4 1 H 0.427010 0 2
101 156  2 60 THE_T10.jpeg THE   4 1 H 0.432568 0 2
101 157  2 61 FH_T12.jpeg H   3 1 H 0.349537 0 2
101 158  2 62 FH_T10.jpeg H   4 1 H 0.305588 0 2
101 159  2 63 CAT_T12.jpeg CAT   3 1 H 0.261673 0 2
101 160  2 64 CAT_T14.jpeg CAT   2 1 H 0.349675 0 2
101 161  2 65 THE_T14.jpeg THE   2 1 H 0.288911 0 2
101 162  2 66 FH_T12.jpeg H   3 1 H 0.272246 0 2
101 163  2 67 CAT_T12.jpeg CAT   3 1 H 0.310926 0 2
101 164  2 68 THE_T14.jpeg THE   2 1 H 0.394387 0 2
101 165  2 69 FA_T14.jpeg A   2 0 A 0.813989 0 2
101 166  2 70 CAT_T10.jpeg CAT   4 1 H 0.505084 0 2
101 167  2 71 FA_T20.jpeg A   1 0 A 0.393883 0 2
101 168  2 72 THE_T10.jpeg THE   4 1 H 0.421364 0 2
101 169  2 73 CAT_T12.jpeg CAT   3 1 H 0.410971 0 2
101 170  2 74 THE_T20.jpeg THE   1 1 H 0.322440 0 2
101 171  2 75 CAT_T10.jpeg CAT   4 1 H 2.094120 0 2
101 172  2 76 FH_T14.jpeg H   2 0 A 0.443644 0 2
101 173  2 77 CAT_T14.jpeg CAT   2 1 H 0.730632 0 2
101 174  2 78 FH_T10.jpeg H   4 1 H 0.399418 0 2
101 175  2 79 CAT_T12.jpeg CAT   3 1 H 0.322127 0 2
101 176  2 80 FA_T0.jpeg A   5 1 H 0.404890 0 2
101 177  2 81 CAT_T20.jpeg CAT   1 0 A 0.415785 0 2
101 178  2 82 FA_T12.jpeg A   3 1 H 0.349564 0 2
101 179  2 83 FA_T12.jpeg A   3 0 A 0.333241 0 2
101 180  2 84 CAT_T12.jpeg CAT   3 1 H 0.404862 0 2
101 181  2 85 FH_T12.jpeg H   3 1 H 0.597888 0 2
101 182  2 86 FA_T14.jpeg A   2 1 H 0.509316 0 2
101 183  2 87 THE_T14.jpeg THE   2 1 H 0.405325 0 2
101 184  2 88 FH_T12.jpeg H   3 1 H 0.316797 0 2
101 185  2 89 CAT_T12.jpeg CAT   3 1 H 0.228178 0 2
101 186  2 90 THE_T14.jpeg THE   2 1 H 0.349611 0 2
101 187  2 91 CAT_T10.jpeg CAT   4 1 H 0.333365 0 2
101 188  2 92 FH_T12.jpeg H   3 1 H 0.455296 0 2
101 189  2 93 CAT_T14.jpeg CAT   2 1 H 0.338447 0 2
101 190  2 94 THE_T10.jpeg THE   4 1 H 0.333210 0 2
101 191  2 95 FA_T12.jpeg A   3 1 H 0.305711 0 2
101 192  2 96 CAT_T10.jpeg CAT   4 1 H 0.195162 1 3
101 193  3  1 FA_T12.jpeg A   3 1 H 0.261459 0 3
101 194  3  2 CAT_T10.jpeg CAT   4 1 H 0.289271 0 3
101 195  3  3 FH_T0.jpeg H   5 1 H 0.322214 0 3
101 196  3  4 THE_T20.jpeg THE   1 0 A 2.613304 0 3
101 197  3  5 CAT_T20.jpeg CAT   1 1 H 0.261328 0 3
101 198  3  6 FH_T14.jpeg H   2 1 H 0.360900 0 3
101 199  3  7 CAT_T14.jpeg CAT   2 1 H 0.410146 0 3
101 200  3  8 FH_T14.jpeg H   2 1 H 0.365844 0 3
101 201  3  9 FA_T0.jpeg A   5 1 H 0.377418 0 3
101 202  3 10 FH_T20.jpeg H   1 1 H 0.300102 0 3
101 203  3 11 CAT_T12.jpeg CAT   3 1 H 0.239453 0 3
101 204  3 12 FH_T0.jpeg H   5 1 H 0.366292 0 3
101 205  3 13 CAT_T14.jpeg CAT   2 1 H 0.338770 0 3
101 206  3 14 FA_T10.jpeg A   4 1 H 0.459978 0 3
101 207  3 15 THE_T20.jpeg THE   1 0 A 0.371757 0 3
101 208  3 16 CAT_T12.jpeg CAT   3 1 H 0.327397 0 3
101 209  3 17 FA_T14.jpeg A   2 0 A 0.267374 0 3
101 210  3 18 FH_T20.jpeg H   1 0 A 0.476906 0 3
101 211  3 19 FH_T14.jpeg H   2 1 H 0.448868 0 3
101 212  3 20 FA_T0.jpeg A   5 1 H 0.432555 0 3
101 213  3 21 THE_T0.jpeg THE   5 1 H 0.736507 0 3
101 214  3 22 FH_T0.jpeg H   5 1 H 0.404995 0 3
101 215  3 23 THE_T20.jpeg THE   1 0 A 0.410408 0 3
101 216  3 24 CAT_T10.jpeg CAT   4 1 H 0.443255 0 3
101 217  3 25 FA_T10.jpeg A   4 0 A 0.283583 0 3
101 218  3 26 FH_T10.jpeg H   4 1 H 0.824090 0 3
101 219  3 27 THE_T14.jpeg THE   2 0 A 0.482224 0 3
101 220  3 28 CAT_T10.jpeg CAT   4 1 H 0.333469 0 3
101 221  3 29 FH_T12.jpeg H   3 1 H 0.471196 0 3
101 222  3 30 THE_T14.jpeg THE   2 0 A 0.951283 0 3
101 223  3 31 FA_T10.jpeg A   4 1 H 0.542969 0 3
101 224  3 32 THE_T14.jpeg THE   2 0 A 0.421966 0 3
101 225  3 33 FA_T14.jpeg A   2 1 H 0.311229 0 3
101 226  3 34 FA_T10.jpeg A   4 0 A 0.388275 0 3
101 227  3 35 THE_T14.jpeg THE   2 1 H 0.305736 0 3
101 228  3 36 CAT_T10.jpeg CAT   4 1 H 0.333138 0 3
101 229  3 37 THE_T14.jpeg THE   2 1 H 0.415937 0 3
101 230  3 38 CAT_T14.jpeg CAT   2 1 H 0.504774 0 3
101 231  3 39 FA_T14.jpeg A   2 1 H 0.327711 0 3
101 232  3 40 CAT_T10.jpeg CAT   4 1 H 0.266811 0 3
101 233  3 41 FA_T10.jpeg A   4 1 H 0.437880 0 3
101 234  3 42 FA_T12.jpeg A   3 1 H 0.389222 0 3
101 235  3 43 FH_T12.jpeg H   3 1 H 0.360715 0 3
101 236  3 44 THE_T0.jpeg THE   5 1 H 0.361031 0 3
101 237  3 45 CAT_T10.jpeg CAT   4 1 H 0.410543 0 3
101 238  3 46 CAT_T0.jpeg CAT   5 1 H 0.388278 0 3
101 239  3 47 CAT_T12.jpeg CAT   3 1 H 0.360466 0 3
101 240  3 48 CAT_T12.jpeg CAT   3 1 H 0.388740 0 3
101 241  3 49 FA_T14.jpeg A   2 1 H 0.327887 0 3
101 242  3 50 CAT_T14.jpeg CAT   2 1 H 0.399412 0 3
101 243  3 51 CAT_T12.jpeg CAT   3 0 A 0.428132 0 3
101 244  3 52 THE_T12.jpeg THE   3 1 H 0.410094 0 3
101 245  3 53 FA_T20.jpeg A   1 0 A 0.532133 0 3
101 246  3 54 THE_T12.jpeg THE   3 1 H 0.388875 0 3
101 247  3 55 THE_T10.jpeg THE   4 1 H 0.432555 0 3
101 248  3 56 FH_T12.jpeg H   3 1 H 0.515686 0 3
101 249  3 57 FH_T10.jpeg H   4 0 A 0.543007 0 3
101 250  3 58 THE_T20.jpeg THE   1 0 A 0.515281 0 3
101 251  3 59 CAT_T10.jpeg CAT   4 1 H 0.460835 0 3
101 252  3 60 CAT_T14.jpeg CAT   2 0 A 0.532040 0 3
101 253  3 61 FH_T10.jpeg H   4 1 H 0.360955 0 3
101 254  3 62 FA_T12.jpeg A   3 1 H 0.460468 0 3
101 255  3 63 THE_T20.jpeg THE   1 0 A 0.520822 0 3
101 256  3 64 CAT_T12.jpeg CAT   3 1 H 0.338710 0 3
101 257  3 65 THE_T10.jpeg THE   4 1 H 0.383075 0 3
101 258  3 66 THE_T10.jpeg THE   4 1 H 0.311346 0 3
101 259  3 67 FA_T12.jpeg A   3 1 H 0.206525 0 3
101 260  3 68 FH_T14.jpeg H   2 1 H 0.106865 1 4
101 261  3 69 CAT_T12.jpeg CAT   3 1 H 0.289142 0 4
101 262  3 70 THE_T0.jpeg THE   5 0 A 0.344107 0 4
101 263  3 71 FH_T0.jpeg H   5 1 H 0.311193 0 4
101 264  3 72 FH_T10.jpeg H   4 1 H 0.310705 0 4
101 265  3 73 CAT_T12.jpeg CAT   3 1 H 0.620686 0 4
101 266  3 74 THE_T12.jpeg THE   3 1 H 0.487936 0 4
101 267  3 75 FA_T12.jpeg A   3 1 H 0.371979 0 4
101 268  3 76 CAT_T20.jpeg CAT   1 0 A 0.410885 0 4
101 269  3 77 FA_T20.jpeg A   1 1 H 0.277960 0 4
101 270  3 78 FH_T12.jpeg H   3 0 A 0.393722 0 4
101 271  3 79 CAT_T10.jpeg CAT   4 1 H 0.366322 0 4
101 272  3 80 THE_T14.jpeg THE   2 0 A 0.482578 0 4
101 273  3 81 THE_T14.jpeg THE   2 0 A 0.382815 0 4
101 274  3 82 CAT_T12.jpeg CAT   3 0 A 0.344636 0 4
101 275  3 83 FA_T14.jpeg A   2 0 A 0.338809 0 4
101 276  3 84 FA_T0.jpeg A   5 1 H 0.487883 0 4
101 277  3 85 CAT_T14.jpeg CAT   2 0 A 0.421865 0 4
101 278  3 86 CAT_T14.jpeg CAT   2 0 A 0.437741 0 4
101 279  3 87 CAT_T0.jpeg CAT   5 1 H 0.438168 0 4
101 280  3 88 FA_T14.jpeg A   2 0 A 0.570429 0 4
101 281  3 89 THE_T10.jpeg THE   4 1 H 0.437941 0 4
101 282  3 90 CAT_T20.jpeg CAT   1 0 A 0.421573 0 4
101 283  3 91 FA_T12.jpeg A   3 1 H 0.636984 0 4
101 284  3 92 CAT_T14.jpeg CAT   2 0 A 0.504403 0 4
101 285  3 93 CAT_T12.jpeg CAT   3 0 A 0.477555 0 4
101 286  3 94 FH_T10.jpeg H   4 1 H 0.503673 0 4
101 287  3 95 THE_T12.jpeg THE   3 1 H 0.559334 0 4
101 288  3 96 THE_T14.jpeg THE   2 0 A 0.581926 0 4
101 289  4  1 FH_T12.jpeg H   3 1 H 0.366659 0 4
101 290  4  2 THE_T14.jpeg THE   2 0 A 0.443967 0 4
101 291  4  3 FA_T12.jpeg A   3 1 H 0.333320 0 4
101 292  4  4 THE_T10.jpeg THE   4 1 H 0.300216 0 4
101 293  4  5 CAT_T14.jpeg CAT   2 1 H 0.294684 0 4
101 294  4  6 CAT_T10.jpeg CAT   4 0 A 0.471161 0 4
101 295  4  7 THE_T10.jpeg THE   4 1 H 0.427423 0 4
101 296  4  8 THE_T10.jpeg THE   4 1 H 0.300198 0 4
101 297  4  9 CAT_T14.jpeg CAT   2 0 A 0.404849 0 4
101 298  4 10 THE_T12.jpeg THE   3 0 A 0.349742 0 4
101 299  4 11 FA_T10.jpeg A   4 1 H 0.494007 0 4
101 300  4 12 FH_T10.jpeg H   4 1 H 0.427016 0 4
101 301  4 13 FH_T20.jpeg H   1 1 H 0.355352 0 4
101 302  4 14 CAT_T10.jpeg CAT   4 0 A 0.487751 0 4
101 303  4 15 FH_T10.jpeg H   4 0 A 0.383230 0 4
101 304  4 16 FH_T12.jpeg H   3 0 A 0.405355 0 4
101 305  4 17 THE_T10.jpeg THE   4 1 H 0.669848 0 4
101 306  4 18 FH_T14.jpeg H   2 0 A 0.310847 0 4
101 307  4 19 THE_T20.jpeg THE   1 0 A 0.405502 0 4
101 308  4 20 FH_T14.jpeg H   2 0 A 0.361073 0 4
101 309  4 21 FA_T10.jpeg A   4 1 H 0.504808 0 4
101 310  4 22 THE_T12.jpeg THE   3 0 A 0.366578 0 4
101 311  4 23 FA_T20.jpeg A   1 0 A 0.339124 0 4
101 312  4 24 FA_T12.jpeg A   3 1 H 0.499236 0 4
101 313  4 25 FA_T0.jpeg A   5 0 A 0.234289 0 4
101 314  4 26 FA_T10.jpeg A   4 0 A 0.432375 0 4
101 315  4 27 THE_T12.jpeg THE   3 0 A 0.421774 0 4
101 316  4 28 FA_T10.jpeg A   4 0 A 0.454522 0 4
101 317  4 29 FA_T12.jpeg A   3 0 A 0.581980 0 4
101 318  4 30 FH_T14.jpeg H   2 0 A 0.532691 0 4
101 319  4 31 FH_T14.jpeg H   2 0 A 0.372190 0 4
101 320  4 32 CAT_T14.jpeg CAT   2 0 A 0.328256 0 4
101 321  4 33 CAT_T14.jpeg CAT   2 0 A 0.239390 0 4
101 322  4 34 FA_T14.jpeg A   2 0 A 0.261463 0 4
101 323  4 35 FA_T12.jpeg A   3 0 A 0.283409 0 4
101 324  4 36 FA_T10.jpeg A   4 0 A 1.995619 0 4
101 325  4 37 THE_T20.jpeg THE   1 0 A 0.471411 0 4
101 326  4 38 FA_T10.jpeg A   4 0 A 0.311202 0 4
101 327  4 39 THE_T20.jpeg THE   1 0 A 0.383505 0 4
101 328  4 40 CAT_T10.jpeg CAT   4 0 A 0.272808 0 4
101 329  4 41 THE_T10.jpeg THE   4 0 A 0.360459 0 4
101 330  4 42 FA_T0.jpeg A   5 0 A 0.195260 1 5
101 331  4 43 FH_T14.jpeg H   2 0 A 0.444510 0 5
101 332  4 44 FH_T14.jpeg H   2 0 A 0.421984 0 5
101 333  4 45 CAT_T12.jpeg CAT   3 0 A 0.404973 0 5
101 334  4 46 FA_T0.jpeg A   5 1 H 0.223092 0 5
101 335  4 47 THE_T10.jpeg THE   4 1 H 0.454516 0 5
101 336  4 48 CAT_T12.jpeg CAT   3 0 A 1.680906 0 5
101 337  4 49 FA_T10.jpeg A   4 1 H 0.338784 0 5
101 338  4 50 FA_T14.jpeg A   2 0 A 0.387288 0 5
101 339  4 51 FH_T12.jpeg H   3 1 H 0.206186 0 5
101 340  4 52 FH_T10.jpeg H   4 0 A 0.516160 0 5
101 341  4 53 FH_T12.jpeg H   3 0 A 0.427061 0 5
101 342  4 54 FH_T10.jpeg H   4 0 A 0.752747 0 5
101 343  4 55 CAT_T14.jpeg CAT   2 0 A 0.620200 0 5
101 344  4 56 FH_T10.jpeg H   4 0 A 0.631890 0 5
101 345  4 57 CAT_T10.jpeg CAT   4 0 A 0.448902 0 5
101 346  4 58 FH_T14.jpeg H   2 0 A 0.399778 0 5
101 347  4 59 FH_T10.jpeg H   4 0 A 0.400031 0 5
101 348  4 60 THE_T10.jpeg THE   4 0 A 0.515613 0 5
101 349  4 61 THE_T14.jpeg THE   2 0 A 0.476660 0 5
101 350  4 62 CAT_T10.jpeg CAT   4 0 A 0.548680 0 5
101 351  4 63 THE_T12.jpeg THE   3 0 A 0.471697 0 5
101 352  4 64 FA_T14.jpeg A   2 0 A 0.538364 0 5
101 353  4 65 THE_T12.jpeg THE   3 1 H 0.581427 0 5
101 354  4 66 FH_T14.jpeg H   2 0 A 0.455164 0 5
101 355  4 67 CAT_T0.jpeg CAT   5 1 H 0.399103 0 5
101 356  4 68 FA_T12.jpeg A   3 0 A 0.410381 0 5
101 357  4 69 THE_T12.jpeg THE   3 0 A 0.510220 0 5
101 358  4 70 FH_T14.jpeg H   2 0 A 0.438373 0 5
101 359  4 71 FH_T12.jpeg H   3 0 A 0.344379 0 5
101 360  4 72 CAT_T12.jpeg CAT   3 0 A 0.460400 0 5
101 361  4 73 FH_T0.jpeg H   5 1 H 0.587597 0 5
101 362  4 74 THE_T12.jpeg THE   3 0 A 0.537463 0 5
101 363  4 75 FH_T0.jpeg H   5 1 H 0.437687 0 5
101 364  4 76 THE_T12.jpeg THE   3 0 A 0.681729 0 5
101 365  4 77 FA_T14.jpeg A   2 0 A 0.415600 0 5
101 366  4 78 FH_T20.jpeg H   1 0 A 0.410447 0 5
101 367  4 79 THE_T12.jpeg THE   3 1 H 0.659057 0 5
101 368  4 80 FH_T10.jpeg H   4 0 A 0.476953 0 5
101 369  4 81 THE_T14.jpeg THE   2 0 A 0.542743 0 5
101 370  4 82 CAT_T0.jpeg CAT   5 1 H 2.901490 0 5
101 371  4 83 CAT_T10.jpeg CAT   4 0 A 0.493677 0 5
101 372  4 84 FH_T10.jpeg H   4 0 A 0.686812 0 5
101 373  4 85 FH_T20.jpeg H   1 0 A 0.742256 0 5
101 374  4 86 FH_T12.jpeg H   3 0 A 0.471664 0 5
101 375  4 87 FH_T12.jpeg H   3 0 A 0.818981 0 5
101 376  4 88 FH_T0.jpeg H   5 1 H 0.405258 0 5
101 377  4 89 FA_T20.jpeg A   1 0 A 0.432628 0 5
101 378  4 90 FA_T14.jpeg A   2 1 H 0.366533 0 5
101 379  4 91 FA_T12.jpeg A   3 1 H 0.614540 0 5
101 380  4 92 CAT_T0.jpeg CAT   5 1 H 0.498922 0 5
101 381  4 93 THE_T10.jpeg THE   4 1 H 0.489168 0 5
101 382  4 94 FH_T14.jpeg H   2 0 A 0.797001 0 5
101 383  4 95 THE_T0.jpeg THE   5 1 H 0.399265 0 5
101 384  4 96 FH_T10.jpeg H   4 0 A 0.460282 0 5
101 385  5  1 FH_T14.jpeg H   2 1 H 0.305487 0 5
101 386  5  2 FH_T14.jpeg H   2 1 H 0.283508 0 5
101 387  5  3 THE_T20.jpeg THE   1 0 A 0.399869 0 5
101 388  5  4 FA_T0.jpeg A   5 1 H 0.371820 0 5
101 389  5  5 THE_T0.jpeg THE   5 1 H 0.471855 0 5
101 390  5  6 CAT_T12.jpeg CAT   3 0 A 0.382762 0 5
101 391  5  7 THE_T10.jpeg THE   4 1 H 0.421900 0 5
101 392  5  8 FH_T14.jpeg H   2 0 A 0.399341 0 5
101 393  5  9 FA_T10.jpeg A   4 1 H 0.543501 0 5
101 394  5 10 FH_T14.jpeg H   2 0 A 0.366713 0 5
101 395  5 11 CAT_T10.jpeg CAT   4 1 H 0.344195 0 5
101 396  5 12 THE_T10.jpeg THE   4 1 H 0.526412 0 5
101 397  5 13 THE_T0.jpeg THE   5 1 H 0.394174 0 5
101 398  5 14 FH_T14.jpeg H   2 0 A 0.377594 0 5
101 399  5 15 FA_T0.jpeg A   5 1 H 0.482445 0 5
101 400  5 16 THE_T10.jpeg THE   4 1 H 2.062736 0 5
101 401  5 17 FA_T14.jpeg A   2 0 A 0.620315 0 5
101 402  5 18 FH_T10.jpeg H   4 1 H 1.189204 0 5
101 403  5 19 FH_T10.jpeg H   4 0 A 0.587197 0 5
101 404  5 20 FA_T20.jpeg A   1 0 A 0.421635 0 5
101 405  5 21 FH_T14.jpeg H   2 0 A 0.498753 0 5
101 406  5 22 CAT_T12.jpeg CAT   3 0 A 0.493344 0 5
101 407  5 23 CAT_T0.jpeg CAT   5 1 H 0.399390 0 5
101 408  5 24 FA_T12.jpeg A   3 0 A 1.006983 0 5
101 409  5 25 FH_T20.jpeg H   1 0 A 0.531580 0 5
101 410  5 26 CAT_T14.jpeg CAT   2 0 A 0.404868 0 5
101 411  5 27 FA_T0.jpeg A   5 1 H 1.547931 0 5
101 412  5 28 CAT_T10.jpeg CAT   4 0 A 0.504568 0 5
101 413  5 29 FH_T10.jpeg H   4 0 A 0.476903 0 5
101 414  5 30 FH_T12.jpeg H   3 0 A 0.659253 0 5
101 415  5 31 CAT_T20.jpeg CAT   1 0 A 0.521011 0 5
101 416  5 32 CAT_T14.jpeg CAT   2 0 A 0.360741 0 5
101 417  5 33 CAT_T14.jpeg CAT   2 1 H 0.818655 0 5
101 418  5 34 CAT_T12.jpeg CAT   3 0 A 0.327646 0 5
101 419  5 35 FH_T12.jpeg H   3 0 A 0.459997 0 5
101 420  5 36 CAT_T14.jpeg CAT   2 0 A 0.333164 0 5
101 421  5 37 THE_T10.jpeg THE   4 0 A 0.360553 0 5
101 422  5 38 FA_T14.jpeg A   2 0 A 0.432410 0 5
101 423  5 39 THE_T12.jpeg THE   3 0 A 0.509739 0 5
101 424  5 40 THE_T0.jpeg THE   5 1 H 0.372096 0 5
101 425  5 41 FH_T12.jpeg H   3 0 A 0.393933 0 5
101 426  5 42 THE_T12.jpeg THE   3 1 H 0.559924 0 5
101 427  5 43 THE_T14.jpeg THE   2 0 A 0.510086 0 5
101 428  5 44 THE_T12.jpeg THE   3 1 H 0.554111 0 5
101 429  5 45 FA_T12.jpeg A   3 1 H 0.714872 0 5
101 430  5 46 FA_T12.jpeg A   3 0 A 0.283727 0 5
101 431  5 47 FH_T14.jpeg H   2 0 A 0.505114 0 5
101 432  5 48 CAT_T20.jpeg CAT   1 0 A 0.576037 0 5
101 433  5 49 CAT_T10.jpeg CAT   4 1 H 0.399472 0 5
101 434  5 50 FH_T14.jpeg H   2 1 H 0.426907 0 5
101 435  5 51 CAT_T14.jpeg CAT   2 0 A 0.443360 0 5
101 436  5 52 FA_T10.jpeg A   4 1 H 0.598287 0 5
101 437  5 53 FH_T12.jpeg H   3 0 A 0.559836 0 5
101 438  5 54 FA_T10.jpeg A   4 1 H 0.532463 0 5
101 439  5 55 CAT_T10.jpeg CAT   4 0 A 0.349970 0 5
101 440  5 56 FA_T10.jpeg A   4 1 H 0.576108 0 5
101 441  5 57 FA_T14.jpeg A   2 1 H 0.488178 0 5
101 442  5 58 FA_T14.jpeg A   2 1 H 0.581589 0 5
101 443  5 59 CAT_T10.jpeg CAT   4 1 H 0.498966 0 5
101 444  5 60 THE_T12.jpeg THE   3 1 H 0.388387 0 5
101 445  5 61 FA_T20.jpeg A   1 0 A 0.603708 0 5
101 446  5 62 FA_T14.jpeg A   2 1 H 0.443530 0 5
101 447  5 63 THE_T10.jpeg THE   4 1 H 0.482364 0 5
101 448  5 64 THE_T12.jpeg THE   3 0 A 0.504451 0 5
101 449  5 65 CAT_T0.jpeg CAT   5 1 H 0.432394 0 5
101 450  5 66 THE_T12.jpeg THE   3 1 H 0.830224 0 5
101 451  5 67 FA_T14.jpeg A   2 1 H 2.366722 0 5
101 452  5 68 FH_T0.jpeg H   5 1 H 1.917768 0 5
101 453  5 69 FA_T14.jpeg A   2 1 H 0.526704 0 5
101 454  5 70 FA_T12.jpeg A   3 0 A 1.129073 0 5
101 455  5 71 FA_T0.jpeg A   5 1 H 0.316661 0 5
101 456  5 72 FH_T10.jpeg H   4 1 H 1.697128 0 5
101 457  5 73 FA_T12.jpeg A   3 1 H 0.465885 0 5
101 458  5 74 CAT_T12.jpeg CAT   3 1 H 0.382802 0 5
101 459  5 75 CAT_T10.jpeg CAT   4 1 H 0.383155 0 5
101 460  5 76 THE_T0.jpeg THE   5 1 H 0.415845 0 5
101 461  5 77 FH_T20.jpeg H   1 0 A 0.476950 0 5
101 462  5 78 THE_T10.jpeg THE   4 1 H 0.454734 0 5
101 463  5 79 THE_T12.jpeg THE   3 1 H 0.432754 0 5
101 464  5 80 THE_T14.jpeg THE   2 1 H 0.399926 0 5
101 465  5 81 FH_T14.jpeg H   2 1 H 0.477093 0 5
101 466  5 82 THE_T12.jpeg THE   3 0 A 0.377386 0 5
101 467  5 83 THE_T0.jpeg THE   5 0 A 0.575844 0 5
101 468  5 84 FH_T12.jpeg H   3 1 H 0.399345 0 5
101 469  5 85 FH_T0.jpeg H   5 1 H 0.471332 0 5
101 470  5 86 CAT_T12.jpeg CAT   3 0 A 0.708945 0 5
101 471  5 87 FA_T10.jpeg A   4 1 H 0.410952 0 5
101 472  5 88 THE_T14.jpeg THE   2 0 A 0.333009 0 5
101 473  5 89 FH_T14.jpeg H   2 0 A 0.211750 0 5
101 474  5 90 CAT_T10.jpeg CAT   4 1 H 0.393799 0 5
101 475  5 91 FA_T10.jpeg A   4 0 A 0.448988 0 5
101 476  5 92 FA_T14.jpeg A   2 1 H 0.858419 0 5
101 477  5 93 FH_T14.jpeg H   2 1 H 0.376643 0 5
101 478  5 94 FA_T0.jpeg A   5 1 H 0.725286 0 5
101 479  5 95 THE_T14.jpeg THE   2 0 A 0.609678 0 5
101 480  5 96 FH_T14.jpeg H   2 0 A 0.592686 0 5
101 481  6  1 CAT_T10.jpeg CAT   4 1 H 0.311307 0 5
101 482  6  2 CAT_T12.jpeg CAT   3 1 H 0.305510 0 5
101 483  6  3 FA_T12.jpeg A   3 0 A 0.377371 0 5
101 484  6  4 FA_T20.jpeg A   1 1 H 0.205999 0 5
101 485  6  5 FH_T14.jpeg H   2 1 H 1.017278 0 5
101 486  6  6 FH_T12.jpeg H   3 1 H 0.437815 0 5
101 487  6  7 THE_T10.jpeg THE   4 1 H 0.343813 0 5
101 488  6  8 THE_T0.jpeg THE   5 1 H 0.333209 0 5
101 489  6  9 THE_T12.jpeg THE   3 1 H 0.438946 0 5
101 490  6 10 FH_T10.jpeg H   4 1 H 0.322266 0 5
101 491  6 11 FA_T14.jpeg A   2 1 H 0.416324 0 5
101 492  6 12 FA_T10.jpeg A   4 1 H 0.377348 0 5
101 493  6 13 FH_T14.jpeg H   2 1 H 0.322289 0 5
101 494  6 14 CAT_T20.jpeg CAT   1 0 A 0.437721 0 5
101 495  6 15 FA_T10.jpeg A   4 1 H 0.338708 0 5
101 496  6 16 FA_T10.jpeg A   4 1 H 0.404836 0 5
101 497  6 17 CAT_T0.jpeg CAT   5 1 H 0.361053 0 5
101 498  6 18 FA_T14.jpeg A   2 0 A 0.377332 0 5
101 499  6 19 THE_T12.jpeg THE   3 1 H 0.592679 0 5
101 500  6 20 THE_T12.jpeg THE   3 1 H 0.371806 0 5
101 501  6 21 FA_T20.jpeg A   1 0 A 0.393681 0 5
101 502  6 22 FA_T10.jpeg A   4 1 H 0.493127 0 5
101 503  6 23 FH_T14.jpeg H   2 1 H 0.973512 0 5
101 504  6 24 FA_T10.jpeg A   4 0 A 0.874645 0 5
101 505  6 25 THE_T14.jpeg THE   2 1 H 0.321719 0 5
101 506  6 26 FH_T12.jpeg H   3 1 H 0.311588 0 5
101 507  6 27 FH_T0.jpeg H   5 1 H 0.532149 0 5
101 508  6 28 THE_T14.jpeg THE   2 1 H 0.371911 0 5
101 509  6 29 THE_T14.jpeg THE   2 1 H 0.355536 0 5
101 510  6 30 FA_T10.jpeg A   4 1 H 0.393685 0 5
101 511  6 31 FH_T0.jpeg H   5 1 H 0.399787 0 5
101 512  6 32 FA_T12.jpeg A   3 0 A 0.460143 0 5
101 513  6 33 FH_T20.jpeg H   1 0 A 0.614813 0 5
101 514  6 34 FA_T14.jpeg A   2 1 H 0.991370 0 5
101 515  6 35 FH_T12.jpeg H   3 1 H 0.791341 0 5
101 516  6 36 CAT_T0.jpeg CAT   5 1 H 0.487706 0 5
101 517  6 37 THE_T10.jpeg THE   4 1 H 0.492726 0 5
101 518  6 38 FH_T12.jpeg H   3 0 A 0.553826 0 5
101 519  6 39 FA_T12.jpeg A   3 1 H 0.465656 0 5
101 520  6 40 THE_T14.jpeg THE   2 1 H 0.581640 0 5
101 521  6 41 CAT_T10.jpeg CAT   4 1 H 0.653562 0 5
101 522  6 42 FH_T0.jpeg H   5 1 H 0.505057 0 5
101 523  6 43 THE_T12.jpeg THE   3 1 H 0.504292 0 5
101 524  6 44 CAT_T0.jpeg CAT   5 1 H 1.939447 0 5
101 525  6 45 CAT_T10.jpeg CAT   4 1 H 0.548456 0 5
101 526  6 46 THE_T10.jpeg THE   4 1 H 1.911580 0 5
101 527  6 47 THE_T10.jpeg THE   4 1 H 0.477005 0 5
101 528  6 48 FH_T0.jpeg H   5 1 H 0.404748 0 5
101 529  6 49 THE_T14.jpeg THE   2 1 H 0.543050 0 5
101 530  6 50 CAT_T10.jpeg CAT   4 1 H 0.266842 0 5
101 531  6 51 THE_T12.jpeg THE   3 1 H 0.344283 0 5
101 532  6 52 FH_T20.jpeg H   1 1 H 0.283137 0 5
101 533  6 53 FH_T10.jpeg H   4 1 H 0.300009 0 5
101 534  6 54 THE_T10.jpeg THE   4 1 H 0.382710 0 5
101 535  6 55 FH_T14.jpeg H   2 1 H 0.338248 0 5
101 536  6 56 CAT_T10.jpeg CAT   4 1 H 0.471171 0 5
101 537  6 57 FA_T12.jpeg A   3 1 H 0.322211 0 5
101 538  6 58 CAT_T14.jpeg CAT   2 1 H 0.526525 0 5
101 539  6 59 FH_T20.jpeg H   1 0 A 0.366821 0 5
101 540  6 60 THE_T14.jpeg THE   2 1 H 2.237525 0 5
101 541  6 61 THE_T12.jpeg THE   3 1 H 0.360947 0 5
101 542  6 62 FA_T14.jpeg A   2 1 H 0.553766 0 5
101 543  6 63 THE_T12.jpeg THE   3 1 H 0.388518 0 5
101 544  6 64 FH_T10.jpeg H   4 1 H 0.901749 0 5
101 545  6 65 FA_T14.jpeg A   2 0 A 0.565049 0 5
101 546  6 66 FA_T12.jpeg A   3 1 H 0.498603 0 5
101 547  6 67 CAT_T12.jpeg CAT   3 1 H 0.354701 0 5
101 548  6 68 CAT_T20.jpeg CAT   1 0 A 0.388754 0 5
101 549  6 69 CAT_T0.jpeg CAT   5 1 H 0.935319 0 5
101 550  6 70 FA_T12.jpeg A   3 1 H 0.476556 0 5
101 551  6 71 FH_T20.jpeg H   1 1 H 0.311191 0 5
101 552  6 72 CAT_T12.jpeg CAT   3 1 H 0.278350 0 5
101 553  6 73 FA_T20.jpeg A   1 0 A 0.387989 0 5
101 554  6 74 CAT_T14.jpeg CAT   2 1 H 0.382760 0 5
101 555  6 75 THE_T14.jpeg THE   2 0 A 1.205593 0 5
101 556  6 76 FH_T14.jpeg H   2 0 A 0.664825 0 5
101 557  6 77 FA_T10.jpeg A   4 1 H 0.990265 0 5
101 558  6 78 CAT_T0.jpeg CAT   5 0 A 0.582383 0 5
101 559  6 79 THE_T12.jpeg THE   3 1 H 0.785837 0 5
101 560  6 80 FH_T12.jpeg H   3 1 H 0.609629 0 5
101 561  6 81 CAT_T10.jpeg CAT   4 1 H 0.338394 0 5
101 562  6 82 THE_T0.jpeg THE   5 1 H 0.294702 0 5
101 563  6 83 FH_T14.jpeg H   2 1 H 0.542969 0 5
101 564  6 84 CAT_T10.jpeg CAT   4 1 H 0.322873 0 5
101 565  6 85 FH_T20.jpeg H   1 1 H 1.277378 0 5
101 566  6 86 THE_T12.jpeg THE   3 1 H 0.404834 0 5
101 567  6 87 FA_T0.jpeg A   5 1 H 1.492966 0 5
101 568  6 88 FH_T10.jpeg H   4 1 H 0.382842 0 5
101 569  6 89 THE_T14.jpeg THE   2 1 H 0.466060 0 5
101 570  6 90 FA_T20.jpeg A   1 0 A 0.526444 0 5
101 571  6 91 CAT_T14.jpeg CAT   2 1 H 0.333231 0 5
101 572  6 92 CAT_T12.jpeg CAT   3 1 H 0.327764 0 5
101 573  6 93 FA_T10.jpeg A   4 1 H 0.526012 0 5
101 574  6 94 FH_T12.jpeg H   3 1 H 0.261183 0 5
101 575  6 95 CAT_T20.jpeg CAT   1 0 A 0.355466 0 5
101 576  6 96 FA_T12.jpeg A   3 1 H 0.708656 0 5
101 577  7  1 CAT_T12.jpeg CAT   3 1 H 0.266843 0 5
101 578  7  2 THE_T10.jpeg THE   4 1 H 0.233516 0 5
101 579  7  3 FA_T12.jpeg A   3 1 H 0.189603 1 6
101 580  7  4 FA_T10.jpeg A   4 1 H 0.344150 0 6
101 581  7  5 FH_T20.jpeg H   1 1 H 0.283657 0 6
101 582  7  6 FH_T12.jpeg H   3 1 H 0.366500 0 6
101 583  7  7 FH_T12.jpeg H   3 1 H 0.366384 0 6
101 584  7  8 FA_T14.jpeg A   2 1 H 1.232567 0 6
101 585  7  9 FA_T14.jpeg A   2 1 H 1.018508 0 6
101 586  7 10 THE_T14.jpeg THE   2 1 H 1.094242 0 6
101 587  7 11 FH_T14.jpeg H   2 0 A 0.918167 0 6
101 588  7 12 THE_T10.jpeg THE   4 1 H 0.923935 0 6
101 589  7 13 CAT_T10.jpeg CAT   4 1 H 0.995206 0 6
101 590  7 14 THE_T12.jpeg THE   3 1 H 1.079317 0 6
101 591  7 15 THE_T20.jpeg THE   1 0 A 0.520546 0 6
101 592  7 16 FA_T20.jpeg A   1 0 A 0.426713 0 6
101 593  7 17 CAT_T14.jpeg CAT   2 1 H 0.344225 0 6
101 594  7 18 THE_T10.jpeg THE   4 1 H 0.360758 0 6
101 595  7 19 FA_T14.jpeg A   2 1 H 0.498628 0 6
101 596  7 20 THE_T12.jpeg THE   3 1 H 0.680738 0 6
101 597  7 21 FA_T20.jpeg A   1 0 A 0.377347 0 6
101 598  7 22 FA_T14.jpeg A   2 1 H 0.471198 0 6
101 599  7 23 CAT_T0.jpeg CAT   5 1 H 0.438073 0 6
101 600  7 24 FA_T14.jpeg A   2 0 A 0.432465 0 6
101 601  7 25 THE_T20.jpeg THE   1 1 H 0.399124 0 6
101 602  7 26 FH_T10.jpeg H   4 1 H 0.344275 0 6
101 603  7 27 THE_T10.jpeg THE   4 0 A 0.459997 0 6
101 604  7 28 CAT_T20.jpeg CAT   1 1 H 0.305268 0 6
101 605  7 29 FH_T20.jpeg H   1 0 A 0.509874 0 6
101 606  7 30 FH_T10.jpeg H   4 1 H 0.382483 0 6
101 607  7 31 CAT_T20.jpeg CAT   1 0 A 0.421541 0 6
101 608  7 32 FA_T10.jpeg A   4 1 H 0.393755 0 6
101 609  7 33 FA_T10.jpeg A   4 1 H 0.410907 0 6
101 610  7 34 THE_T20.jpeg THE   1 0 A 0.426970 0 6
101 611  7 35 CAT_T20.jpeg CAT   1 0 A 0.432552 0 6
101 612  7 36 THE_T10.jpeg THE   4 1 H 0.421479 0 6
101 613  7 37 FH_T12.jpeg H   3 0 A 0.471523 0 6
101 614  7 38 FH_T10.jpeg H   4 0 A 0.576188 0 6
101 615  7 39 THE_T12.jpeg THE   3 0 A 0.620108 0 6
101 616  7 40 THE_T0.jpeg THE   5 1 H 0.520932 0 6
101 617  7 41 FH_T12.jpeg H   3 1 H 0.344126 0 6
101 618  7 42 FH_T12.jpeg H   3 1 H 0.388387 0 6
101 619  7 43 CAT_T12.jpeg CAT   3 0 A 0.476738 0 6
101 620  7 44 THE_T20.jpeg THE   1 0 A 0.460669 0 6
101 621  7 45 THE_T12.jpeg THE   3 0 A 0.487788 0 6
101 622  7 46 FA_T12.jpeg A   3 0 A 0.697443 0 6
101 623  7 47 THE_T12.jpeg THE   3 0 A 0.499100 0 6
101 624  7 48 CAT_T12.jpeg CAT   3 0 A 0.470666 0 6
101 625  7 49 CAT_T12.jpeg CAT   3 0 A 0.399200 0 6
101 626  7 50 THE_T10.jpeg THE   4 0 A 0.526485 0 6
101 627  7 51 FH_T10.jpeg H   4 0 A 0.454414 0 6
101 628  7 52 FA_T14.jpeg A   2 0 A 0.426990 0 6
101 629  7 53 FA_T0.jpeg A   5 1 H 0.471252 0 6
101 630  7 54 FA_T14.jpeg A   2 0 A 0.404836 0 6
101 631  7 55 CAT_T14.jpeg CAT   2 0 A 0.465886 0 6
101 632  7 56 FA_T10.jpeg A   4 0 A 0.537479 0 6
101 633  7 57 CAT_T10.jpeg CAT   4 0 A 0.516052 0 6
101 634  7 58 FH_T20.jpeg H   1 0 A 0.443562 0 6
101 635  7 59 FH_T14.jpeg H   2 0 A 0.443756 0 6
101 636  7 60 CAT_T12.jpeg CAT   3 0 A 0.416257 0 6
101 637  7 61 FA_T10.jpeg A   4 1 H 0.641931 0 6
101 638  7 62 FA_T20.jpeg A   1 0 A 0.410307 0 6
101 639  7 63 CAT_T20.jpeg CAT   1 0 A 0.405286 0 6
101 640  7 64 FA_T20.jpeg A   1 0 A 0.405010 0 6
101 641  7 65 THE_T14.jpeg THE   2 0 A 0.510012 0 6
101 642  7 66 FH_T20.jpeg H   1 0 A 0.813486 0 6
101 643  7 67 THE_T10.jpeg THE   4 1 H 0.432864 0 6
101 644  7 68 THE_T10.jpeg THE   4 1 H 0.438446 0 6
101 645  7 69 FA_T14.jpeg A   2 0 A 0.570408 0 6
101 646  7 70 FH_T12.jpeg H   3 0 A 0.504054 0 6
101 647  7 71 CAT_T20.jpeg CAT   1 1 H 0.277964 0 6
101 648  7 72 FH_T20.jpeg H   1 0 A 0.371521 0 6
101 649  7 73 FH_T14.jpeg H   2 0 A 0.366034 0 6
101 650  7 74 THE_T14.jpeg THE   2 0 A 0.338355 0 6
101 651  7 75 FH_T0.jpeg H   5 1 H 0.708931 0 6
101 652  7 76 THE_T14.jpeg THE   2 0 A 0.427106 0 6
101 653  7 77 FA_T0.jpeg A   5 1 H 0.399270 0 6
101 654  7 78 FA_T10.jpeg A   4 0 A 0.399385 0 6
101 655  7 79 FA_T12.jpeg A   3 1 H 0.741577 0 6
101 656  7 80 FH_T14.jpeg H   2 0 A 0.465665 0 6
101 657  7 81 THE_T12.jpeg THE   3 1 H 0.559368 0 6
101 658  7 82 FA_T20.jpeg A   1 0 A 0.366244 0 6
101 659  7 83 FA_T12.jpeg A   3 1 H 0.394135 0 6
101 660  7 84 FH_T14.jpeg H   2 0 A 0.753089 0 6
101 661  7 85 THE_T14.jpeg THE   2 1 H 0.333177 0 6
101 662  7 86 CAT_T14.jpeg CAT   2 0 A 0.471304 0 6
101 663  7 87 CAT_T0.jpeg CAT   5 1 H 0.570557 0 6
101 664  7 88 FA_T10.jpeg A   4 1 H 0.476619 0 6
101 665  7 89 FA_T12.jpeg A   3 0 A 0.885595 0 6
101 666  7 90 CAT_T12.jpeg CAT   3 0 A 0.554123 0 6
101 667  7 91 CAT_T14.jpeg CAT   2 0 A 0.394135 0 6
101 668  7 92 FH_T12.jpeg H   3 0 A 0.526398 0 6
101 669  7 93 CAT_T12.jpeg CAT   3 0 A 0.437981 0 6
101 670  7 94 FH_T20.jpeg H   1 0 A 0.493175 0 6
101 671  7 95 FA_T0.jpeg A   5 1 H 0.636807 0 6
101 672  7 96 CAT_T0.jpeg CAT   5 1 H 0.526269 0 6
101 673  8  1 FH_T20.jpeg H   1 1 H 0.261403 0 6
101 674  8  2 CAT_T0.jpeg CAT   5 1 H 0.311279 0 6
101 675  8  3 FH_T10.jpeg H   4 0 A 0.410420 0 6
101 676  8  4 FA_T12.jpeg A   3 1 H 0.361043 0 6
101 677  8  5 THE_T20.jpeg THE   1 0 A 0.382819 0 6
101 678  8  6 FA_T20.jpeg A   1 0 A 0.360960 0 6
101 679  8  7 THE_T10.jpeg THE   4 1 H 0.327321 0 6
101 680  8  8 THE_T10.jpeg THE   4 1 H 0.399420 0 6
101 681  8  9 THE_T0.jpeg THE   5 1 H 0.344477 0 6
101 682  8 10 CAT_T0.jpeg CAT   5 1 H 0.322407 0 6
101 683  8 11 FH_T0.jpeg H   5 1 H 0.343885 0 6
101 684  8 12 FA_T0.jpeg A   5 1 H 0.593053 0 6
101 685  8 13 THE_T14.jpeg THE   2 1 H 0.454554 0 6
101 686  8 14 FH_T12.jpeg H   3 1 H 0.327815 0 6
101 687  8 15 FA_T10.jpeg A   4 1 H 0.344412 0 6
101 688  8 16 THE_T14.jpeg THE   2 1 H 0.333386 0 6
101 689  8 17 FA_T14.jpeg A   2 1 H 0.338781 0 6
101 690  8 18 CAT_T10.jpeg CAT   4 1 H 0.349709 0 6
101 691  8 19 FH_T12.jpeg H   3 1 H 0.316546 0 6
101 692  8 20 CAT_T14.jpeg CAT   2 1 H 0.349858 0 6
101 693  8 21 THE_T14.jpeg THE   2 1 H 0.327483 0 6
101 694  8 22 CAT_T10.jpeg CAT   4 1 H 0.300183 0 6
101 695  8 23 THE_T0.jpeg THE   5 1 H 0.305603 0 6
101 696  8 24 FH_T14.jpeg H   2 1 H 0.333321 0 6
101 697  8 25 THE_T14.jpeg THE   2 1 H 0.404866 0 6
101 698  8 26 THE_T10.jpeg THE   4 1 H 0.349957 0 6
101 699  8 27 CAT_T10.jpeg CAT   4 0 A 0.349442 0 6
101 700  8 28 THE_T14.jpeg THE   2 1 H 0.415796 0 6
101 701  8 29 CAT_T0.jpeg CAT   5 1 H 0.432453 0 6
101 702  8 30 FA_T14.jpeg A   2 1 H 0.587650 0 6
101 703  8 31 CAT_T12.jpeg CAT   3 1 H 0.427411 0 6
101 704  8 32 THE_T12.jpeg THE   3 1 H 0.465689 0 6
101 705  8 33 FA_T12.jpeg A   3 1 H 0.415890 0 6
101 706  8 34 CAT_T14.jpeg CAT   2 1 H 0.437970 0 6
101 707  8 35 FA_T12.jpeg A   3 1 H 0.521033 0 6
101 708  8 36 THE_T14.jpeg THE   2 1 H 0.388285 0 6
101 709  8 37 FA_T12.jpeg A   3 1 H 0.459867 0 6
101 710  8 38 THE_T14.jpeg THE   2 1 H 0.488088 0 6
101 711  8 39 FA_T0.jpeg A   5 1 H 0.404861 0 6
101 712  8 40 FH_T0.jpeg H   5 1 H 0.421516 0 6
101 713  8 41 FH_T10.jpeg H   4 1 H 0.416384 0 6
101 714  8 42 THE_T10.jpeg THE   4 1 H 0.405292 0 6
101 715  8 43 FA_T10.jpeg A   4 1 H 0.266739 0 6
101 716  8 44 THE_T12.jpeg THE   3 1 H 0.333097 0 6
101 717  8 45 THE_T20.jpeg THE   1 1 H 0.299722 0 6
101 718  8 46 THE_T14.jpeg THE   2 1 H 0.421503 0 6
101 719  8 47 FH_T10.jpeg H   4 1 H 0.355479 0 6
101 720  8 48 FH_T20.jpeg H   1 1 H 0.283660 0 6
101 721  8 49 FA_T14.jpeg A   2 1 H 0.410556 0 6
101 722  8 50 FH_T20.jpeg H   1 0 A 0.377369 0 6
101 723  8 51 CAT_T20.jpeg CAT   1 0 A 0.432203 0 6
101 724  8 52 THE_T0.jpeg THE   5 1 H 0.393926 0 6
101 725  8 53 FH_T14.jpeg H   2 0 A 0.520890 0 6
101 726  8 54 CAT_T12.jpeg CAT   3 0 A 0.504357 0 6
101 727  8 55 FH_T10.jpeg H   4 0 A 0.410536 0 6
101 728  8 56 FH_T0.jpeg H   5 1 H 0.366545 0 6
101 729  8 57 THE_T20.jpeg THE   1 0 A 0.499039 0 6
101 730  8 58 CAT_T10.jpeg CAT   4 1 H 0.300109 0 6
101 731  8 59 THE_T20.jpeg THE   1 0 A 0.487180 0 6
101 732  8 60 FH_T10.jpeg H   4 1 H 0.388315 0 6
101 733  8 61 FH_T10.jpeg H   4 0 A 0.427036 0 6
101 734  8 62 THE_T0.jpeg THE   5 1 H 0.432532 0 6
101 735  8 63 FA_T10.jpeg A   4 1 H 0.985053 0 6
101 736  8 64 FH_T10.jpeg H   4 0 A 0.736200 0 6
101 737  8 65 FH_T0.jpeg H   5 1 H 0.388155 0 6
101 738  8 66 THE_T14.jpeg THE   2 0 A 0.515419 0 6
101 739  8 67 FH_T10.jpeg H   4 1 H 0.598036 0 6
101 740  8 68 CAT_T10.jpeg CAT   4 1 H 0.399500 0 6
101 741  8 69 CAT_T14.jpeg CAT   2 1 H 0.405311 0 6
101 742  8 70 THE_T10.jpeg THE   4 1 H 0.344228 0 6
101 743  8 71 FA_T14.jpeg A   2 1 H 0.405023 0 6
101 744  8 72 CAT_T14.jpeg CAT   2 1 H 0.388321 0 6
101 745  8 73 FA_T10.jpeg A   4 1 H 0.647969 0 6
101 746  8 74 FA_T12.jpeg A   3 1 H 1.035042 0 6
101 747  8 75 CAT_T14.jpeg CAT   2 0 A 0.438063 0 6
101 748  8 76 FA_T10.jpeg A   4 1 H 0.283420 0 6
101 749  8 77 THE_T0.jpeg THE   5 1 H 0.449372 0 6
101 750  8 78 THE_T14.jpeg THE   2 1 H 0.410506 0 6
101 751  8 79 THE_T14.jpeg THE   2 1 H 0.366429 0 6
101 752  8 80 FA_T0.jpeg A   5 1 H 0.404986 0 6
101 753  8 81 FA_T14.jpeg A   2 1 H 0.509673 0 6
101 754  8 82 FH_T12.jpeg H   3 0 A 0.581504 0 6
101 755  8 83 FA_T20.jpeg A   1 0 A 0.465569 0 6
101 756  8 84 FH_T10.jpeg H   4 1 H 0.460005 0 6
101 757  8 85 FA_T0.jpeg A   5 1 H 0.686180 0 6
101 758  8 86 CAT_T12.jpeg CAT   3 0 A 0.548699 0 6
101 759  8 87 CAT_T14.jpeg CAT   2 1 H 0.615461 0 6
101 760  8 88 CAT_T12.jpeg CAT   3 0 A 0.416517 0 6
101 761  8 89 CAT_T20.jpeg CAT   1 0 A 0.443567 0 6
101 762  8 90 FA_T10.jpeg A   4 1 H 0.537432 0 6
101 763  8 91 FH_T12.jpeg H   3 0 A 0.488005 0 6
101 764  8 92 CAT_T12.jpeg CAT   3 1 H 0.404861 0 6
101 765  8 93 FH_T14.jpeg H   2 0 A 0.421682 0 6
101 766  8 94 FA_T12.jpeg A   3 1 H 0.537620 0 6
101 767  8 95 FA_T14.jpeg A   2 0 A 0.388342 0 6
101 768  8 96 THE_T14.jpeg THE   2 1 H 0.664582 0 6
101 769  9  1 FA_T0.jpeg A   5 1 H 0.294934 0 6
101 770  9  2 FH_T10.jpeg H   4 1 H 0.300057 0 6
101 771  9  3 THE_T10.jpeg THE   4 1 H 0.333173 0 6
101 772  9  4 THE_T12.jpeg THE   3 1 H 0.316666 0 6
101 773  9  5 FA_T0.jpeg A   5 0 A 0.343899 0 6
101 774  9  6 CAT_T12.jpeg CAT   3 1 H 0.300170 0 6
101 775  9  7 FH_T20.jpeg H   1 0 A 0.399541 0 6
101 776  9  8 THE_T0.jpeg THE   5 1 H 0.283873 0 6
101 777  9  9 CAT_T20.jpeg CAT   1 0 A 0.338870 0 6
101 778  9 10 FH_T10.jpeg H   4 1 H 0.222785 0 6
101 779  9 11 CAT_T14.jpeg CAT   2 1 H 0.338695 0 6
101 780  9 12 FA_T0.jpeg A   5 1 H 0.283405 0 6
101 781  9 13 CAT_T14.jpeg CAT   2 1 H 0.267324 0 6
101 782  9 14 FA_T14.jpeg A   2 1 H 0.432937 0 6
101 783  9 15 THE_T12.jpeg THE   3 1 H 0.432540 0 6
101 784  9 16 THE_T20.jpeg THE   1 0 A 0.388371 0 6
101 785  9 17 FH_T14.jpeg H   2 1 H 0.377250 0 6
101 786  9 18 CAT_T14.jpeg CAT   2 1 H 0.697498 0 6
101 787  9 19 THE_T20.jpeg THE   1 0 A 0.426982 0 6
101 788  9 20 CAT_T14.jpeg CAT   2 1 H 0.741653 0 6
101 789  9 21 FA_T12.jpeg A   3 1 H 0.774571 0 6
101 790  9 22 FA_T20.jpeg A   1 0 A 0.421585 0 6
101 791  9 23 FA_T20.jpeg A   1 0 A 0.421886 0 6
101 792  9 24 FH_T10.jpeg H   4 1 H 0.427075 0 6
101 793  9 25 CAT_T14.jpeg CAT   2 1 H 0.371774 0 6
101 794  9 26 FH_T14.jpeg H   2 0 A 0.493297 0 6
101 795  9 27 FH_T20.jpeg H   1 0 A 0.570612 0 6
101 796  9 28 FA_T10.jpeg A   4 1 H 0.642344 0 6
101 797  9 29 CAT_T20.jpeg CAT   1 0 A 0.487643 0 6
101 798  9 30 CAT_T10.jpeg CAT   4 1 H 0.416247 0 6
101 799  9 31 FH_T10.jpeg H   4 1 H 0.509915 0 6
101 800  9 32 FA_T14.jpeg A   2 1 H 0.498824 0 6
101 801  9 33 CAT_T10.jpeg CAT   4 1 H 0.454652 0 6
101 802  9 34 FA_T12.jpeg A   3 1 H 0.466200 0 6
101 803  9 35 FA_T12.jpeg A   3 1 H 0.515374 0 6
101 804  9 36 CAT_T14.jpeg CAT   2 1 H 0.592297 0 6
101 805  9 37 FA_T12.jpeg A   3 1 H 0.388397 0 6
101 806  9 38 CAT_T14.jpeg CAT   2 0 A 0.730669 0 6
101 807  9 39 FA_T10.jpeg A   4 1 H 0.471321 0 6
101 808  9 40 THE_T14.jpeg THE   2 1 H 0.769695 0 6
101 809  9 41 CAT_T10.jpeg CAT   4 1 H 0.454719 0 6
101 810  9 42 CAT_T0.jpeg CAT   5 1 H 0.393779 0 6
101 811  9 43 THE_T0.jpeg THE   5 1 H 0.349886 0 6
101 812  9 44 CAT_T14.jpeg CAT   2 1 H 0.537631 0 6
101 813  9 45 FA_T10.jpeg A   4 1 H 0.443567 0 6
101 814  9 46 FH_T12.jpeg H   3 1 H 0.361026 0 6
101 815  9 47 CAT_T20.jpeg CAT   1 0 A 0.465793 0 6
101 816  9 48 FH_T10.jpeg H   4 1 H 0.300217 0 6
101 817  9 49 FA_T0.jpeg A   5 0 A 0.399896 0 6
101 818  9 50 CAT_T14.jpeg CAT   2 1 H 0.587013 0 6
101 819  9 51 FA_T14.jpeg A   2 1 H 0.388404 0 6
101 820  9 52 FH_T10.jpeg H   4 1 H 0.300295 0 6
101 821  9 53 CAT_T0.jpeg CAT   5 1 H 0.277990 0 6
101 822  9 54 FH_T12.jpeg H   3 1 H 0.272300 0 6
101 823  9 55 CAT_T0.jpeg CAT   5 1 H 0.217139 0 6
101 824  9 56 FA_T12.jpeg A   3 1 H 0.277994 0 6
101 825  9 57 FH_T14.jpeg H   2 1 H 0.217206 0 6
101 826  9 58 FH_T12.jpeg H   3 1 H 0.371886 0 6
101 827  9 59 FH_T12.jpeg H   3 1 H 0.416412 0 6
101 828  9 60 THE_T12.jpeg THE   3 1 H 0.415871 0 6
101 829  9 61 FA_T12.jpeg A   3 1 H 0.482029 0 6
101 830  9 62 THE_T10.jpeg THE   4 1 H 0.361009 0 6
101 831  9 63 THE_T20.jpeg THE   1 0 A 0.443302 0 6
101 832  9 64 FA_T10.jpeg A   4 1 H 0.382858 0 6
101 833  9 65 FH_T14.jpeg H   2 1 H 0.404852 0 6
101 834  9 66 THE_T14.jpeg THE   2 1 H 0.377241 0 6
101 835  9 67 THE_T14.jpeg THE   2 1 H 0.360915 0 6
101 836  9 68 THE_T10.jpeg THE   4 1 H 0.421427 0 6
101 837  9 69 FA_T14.jpeg A   2 1 H 0.366393 0 6
101 838  9 70 FA_T0.jpeg A   5 1 H 0.554154 0 6
101 839  9 71 FH_T10.jpeg H   4 1 H 0.874206 0 6
101 840  9 72 FA_T20.jpeg A   1 0 A 0.443450 0 6
101 841  9 73 CAT_T20.jpeg CAT   1 0 A 0.393973 0 6
101 842  9 74 THE_T20.jpeg THE   1 0 A 0.333178 0 6
101 843  9 75 CAT_T12.jpeg CAT   3 0 A 0.377126 0 6
101 844  9 76 FH_T14.jpeg H   2 0 A 0.521304 0 6
101 845  9 77 THE_T0.jpeg THE   5 1 H 0.305506 0 6
101 846  9 78 FA_T20.jpeg A   1 0 A 0.355414 0 6
101 847  9 79 THE_T10.jpeg THE   4 1 H 0.322162 0 6
101 848  9 80 THE_T10.jpeg THE   4 1 H 0.371954 0 6
101 849  9 81 FA_T12.jpeg A   3 1 H 0.471299 0 6
101 850  9 82 THE_T14.jpeg THE   2 1 H 0.299678 0 6
101 851  9 83 FA_T14.jpeg A   2 1 H 0.349801 0 6
101 852  9 84 FA_T14.jpeg A   2 1 H 0.322239 0 6
101 853  9 85 FA_T10.jpeg A   4 1 H 0.288616 0 6
101 854  9 86 CAT_T12.jpeg CAT   3 1 H 0.300261 0 6
101 855  9 87 FH_T12.jpeg H   3 1 H 0.283144 0 6
101 856  9 88 FA_T14.jpeg A   2 1 H 0.316690 0 6
101 857  9 89 FH_T14.jpeg H   2 1 H 0.283773 0 6
101 858  9 90 THE_T12.jpeg THE   3 1 H 0.426921 0 6
101 859  9 91 THE_T14.jpeg THE   2 1 H 0.388034 0 6
101 860  9 92 FH_T0.jpeg H   5 1 H 0.377706 0 6
101 861  9 93 FA_T10.jpeg A   4 1 H 0.410265 0 6
101 862  9 94 FA_T0.jpeg A   5 1 H 0.289027 0 6
101 863  9 95 FA_T10.jpeg A   4 1 H 0.311173 0 6
101 864  9 96 CAT_T14.jpeg CAT   2 1 H 0.283558 0 6
101 865 10  1 FH_T0.jpeg H   5 1 H 0.217256 0 6
101 866 10  2 CAT_T14.jpeg CAT   2 1 H 0.283448 0 6
101 867 10  3 CAT_T14.jpeg CAT   2 1 H 0.333313 0 6
101 868 10  4 FA_T14.jpeg A   2 1 H 0.233692 0 6
101 869 10  5 FA_T14.jpeg A   2 1 H 0.343698 0 6
101 870 10  6 FH_T12.jpeg H   3 0 A 0.515403 0 6
101 871 10  7 THE_T0.jpeg THE   5 1 H 0.388903 0 6
101 872 10  8 FA_T20.jpeg A   1 0 A 0.388270 0 6
101 873 10  9 FH_T12.jpeg H   3 1 H 0.278021 0 6
101 874 10 10 FH_T20.jpeg H   1 0 A 0.305793 0 6
101 875 10 11 FH_T10.jpeg H   4 1 H 0.697466 0 6
101 876 10 12 CAT_T20.jpeg CAT   1 0 A 0.377361 0 6
101 877 10 13 FH_T14.jpeg H   2 1 H 0.322299 0 6
101 878 10 14 THE_T14.jpeg THE   2 0 A 0.664103 0 6
101 879 10 15 FH_T12.jpeg H   3 0 A 0.404822 0 6
101 880 10 16 FA_T10.jpeg A   4 0 A 0.802950 0 6
101 881 10 17 FA_T12.jpeg A   3 0 A 0.437915 0 6
101 882 10 18 FA_T14.jpeg A   2 0 A 0.316339 0 6
101 883 10 19 FA_T12.jpeg A   3 0 A 0.360612 0 6
101 884 10 20 FA_T14.jpeg A   2 0 A 0.316739 0 6
101 885 10 21 FH_T20.jpeg H   1 0 A 0.393830 0 6
101 886 10 22 FH_T0.jpeg H   5 1 H 1.205746 0 6
101 887 10 23 CAT_T10.jpeg CAT   4 1 H 1.227377 0 6
101 888 10 24 THE_T12.jpeg THE   3 1 H 1.347858 0 6
101 889 10 25 THE_T14.jpeg THE   2 0 A 0.696931 0 6
101 890 10 26 FH_T0.jpeg H   5 1 H 0.393706 0 6
101 891 10 27 CAT_T0.jpeg CAT   5 1 H 0.344312 0 6
101 892 10 28 THE_T10.jpeg THE   4 1 H 0.355219 0 6
101 893 10 29 CAT_T10.jpeg CAT   4 1 H 0.984532 0 6
101 894 10 30 CAT_T12.jpeg CAT   3 1 H 0.399413 0 6
101 895 10 31 CAT_T10.jpeg CAT   4 1 H 0.752791 0 6
101 896 10 32 CAT_T14.jpeg CAT   2 0 A 0.692246 0 6
101 897 10 33 THE_T14.jpeg THE   2 0 A 0.421351 0 6
101 898 10 34 FA_T12.jpeg A   3 0 A 0.620093 0 6
101 899 10 35 THE_T12.jpeg THE   3 0 A 0.465760 0 6
101 900 10 36 CAT_T12.jpeg CAT   3 0 A 0.305732 0 6
101 901 10 37 THE_T0.jpeg THE   5 1 H 0.487375 0 6
101 902 10 38 CAT_T10.jpeg CAT   4 0 A 0.482309 0 6
101 903 10 39 CAT_T12.jpeg CAT   3 0 A 0.482289 0 6
101 904 10 40 THE_T12.jpeg THE   3 1 H 0.824702 0 6
101 905 10 41 CAT_T20.jpeg CAT   1 0 A 0.377426 0 6
101 906 10 42 CAT_T12.jpeg CAT   3 0 A 0.515645 0 6
101 907 10 43 CAT_T12.jpeg CAT   3 0 A 0.421862 0 6
101 908 10 44 FH_T12.jpeg H   3 0 A 0.503397 0 6
101 909 10 45 FA_T12.jpeg A   3 0 A 0.509899 0 6
101 910 10 46 FH_T20.jpeg H   1 0 A 0.702673 0 6
101 911 10 47 FH_T12.jpeg H   3 0 A 0.559453 0 6
101 912 10 48 CAT_T12.jpeg CAT   3 0 A 0.438008 0 6
101 913 10 49 FA_T12.jpeg A   3 0 A 0.393826 0 6
101 914 10 50 FA_T20.jpeg A   1 1 H 1.502385 0 6
101 915 10 51 FA_T14.jpeg A   2 0 A 0.542790 0 6
101 916 10 52 CAT_T0.jpeg CAT   5 1 H 0.465787 0 6
101 917 10 53 FH_T12.jpeg H   3 0 A 0.448665 0 6
101 918 10 54 CAT_T10.jpeg CAT   4 0 A 0.493438 0 6
101 919 10 55 FA_T0.jpeg A   5 1 H 0.664499 0 6
101 920 10 56 THE_T20.jpeg THE   1 0 A 0.449219 0 6
101 921 10 57 THE_T12.jpeg THE   3 0 A 0.653358 0 6
101 922 10 58 FA_T10.jpeg A   4 1 H 0.614559 0 6
101 923 10 59 CAT_T14.jpeg CAT   2 1 H 1.392851 0 6
101 924 10 60 CAT_T20.jpeg CAT   1 0 A 0.476765 0 6
101 925 10 61 CAT_T12.jpeg CAT   3 1 H 0.598445 0 6
101 926 10 62 FH_T14.jpeg H   2 1 H 0.625745 0 6
101 927 10 63 FH_T0.jpeg H   5 1 H 0.415898 0 6
101 928 10 64 CAT_T14.jpeg CAT   2 0 A 0.465709 0 6
101 929 10 65 THE_T12.jpeg THE   3 1 H 0.421537 0 6
101 930 10 66 THE_T12.jpeg THE   3 0 A 0.416301 0 6
101 931 10 67 FH_T10.jpeg H   4 1 H 0.360596 0 6
101 932 10 68 CAT_T14.jpeg CAT   2 1 H 0.626397 0 6
101 933 10 69 CAT_T12.jpeg CAT   3 1 H 0.741671 0 6
101 934 10 70 FA_T14.jpeg A   2 0 A 0.449560 0 6
101 935 10 71 CAT_T0.jpeg CAT   5 1 H 1.023359 0 6
101 936 10 72 FH_T10.jpeg H   4 1 H 0.912669 0 6
101 937 10 73 CAT_T10.jpeg CAT   4 1 H 1.260761 0 6
101 938 10 74 FA_T10.jpeg A   4 1 H 0.371666 0 6
101 939 10 75 THE_T14.jpeg THE   2 1 H 0.509963 0 6
101 940 10 76 FH_T20.jpeg H   1 0 A 0.333539 0 6
101 941 10 77 FA_T10.jpeg A   4 1 H 0.355524 0 6
101 942 10 78 THE_T20.jpeg THE   1 0 A 0.388381 0 6
101 943 10 79 THE_T0.jpeg THE   5 1 H 0.327906 0 6
101 944 10 80 THE_T12.jpeg THE   3 0 A 0.571002 0 6
101 945 10 81 THE_T10.jpeg THE   4 1 H 0.902008 0 6
101 946 10 82 THE_T12.jpeg THE   3 1 H 0.476902 0 6
101 947 10 83 CAT_T10.jpeg CAT   4 1 H 0.360760 0 6
101 948 10 84 FH_T14.jpeg H   2 0 A 0.978269 0 6
101 949 10 85 THE_T10.jpeg THE   4 1 H 0.310713 0 6
101 950 10 86 CAT_T20.jpeg CAT   1 1 H 0.272489 0 6
101 951 10 87 THE_T10.jpeg THE   4 1 H 0.466371 0 6
101 952 10 88 FA_T12.jpeg A   3 0 A 0.449678 0 6
101 953 10 89 CAT_T12.jpeg CAT   3 0 A 0.543056 0 6
101 954 10 90 CAT_T10.jpeg CAT   4 0 A 0.482289 0 6
101 955 10 91 THE_T14.jpeg THE   2 0 A 0.581685 0 6
101 956 10 92 FH_T10.jpeg H   4 1 H 0.410720 0 6
101 957 10 93 THE_T10.jpeg THE   4 1 H 0.526712 0 6
101 958 10 94 CAT_T10.jpeg CAT   4 0 A 0.808265 0 6
101 959 10 95 CAT_T20.jpeg CAT   1 0 A 0.471077 0 6
101 960 10 96 FH_T10.jpeg H   4 1 H 1.067171 0 6
