16 001 1 01 0 4  4  107.330  88.094 -41.190  231.523 1.519622 160.0  86.0 74.0  388 388 
16 002 1 02 0 2 24  44.338 -4.885 -330.470  236.294 1.920402 23.0 -34.0 57.0  434 821 
16 003 1 03 0 3 11 -53.094 -65.693 -282.423  123.505 1.703312 -69.0 -88.0 19.0  493 1314 
16 004 1 04 0 1 40  125.182  125.068 -145.817  475.455 1.703312 125.0  204.0 79.0  373 1687 
16 005 1 05 0 2 24 -80.424 -48.156 -379.890  212.056 1.970508 -40.0 -62.0 22.0  490 2177 
16 006 1 06 0 4  4 -96.418 -114.210 -242.209  56.764 1.953786 -90.0 -15.0 75.0  385 2562 
16 007 1 07 0 1 40 -17.328 -52.187 -304.398  317.683 1.369330 -52.0 -89.0 37.0  472 3034 
16 008 1 08 0 3 11  58.076  73.748 -352.601  333.386 1.469518 56.0  44.0 12.0  497 3531 
16 009 1 09 0 3 11 -86.462 -131.720 -359.942  113.483 1.870313 -109.0 -136.0 27.0  485 4016 
16 010 1 10 0 1 40 -130.818 -147.541 -449.075  241.231 1.302532 -148.0 -131.0 17.0  494 4510 
16 011 1 11 0 2 24  65.640  37.055 -119.626  297.248 1.452826 58.0  93.0 35.0  475 4985 
16 012 1 12 0 2 24  92.641  112.230 -172.929  484.004 1.903704 85.0  158.0 73.0  391 5377 
16 013 1 13 0 2 24 -46.971 -70.297 -384.076  160.603 1.018652 -44.0 -67.0 23.0  489 5866 
16 014 1 14 0 3 11 -52.507  1.464 -191.066  219.994 0.918451 -14.0  26.0 40.0  467 6333 
16 015 1 15 0 3 11  133.566  162.868 -153.683  399.180 1.018651 151.0  187.0 36.0  474 6807 
16 016 1 16 0 3 11 -20.439 -69.916 -233.319  268.689 1.018648 -35.0 -66.0 31.0  480 7287 
16 017 1 17 0 3 11 -13.944 -48.590 -298.718  240.106 1.352636 1.0  8.0 7.0  499 7786 
16 018 1 18 0 1 40  40.660  50.631 -306.979  418.625 1.586417 51.0  82.0 31.0  480 8267 
16 019 1 19 0 2 24 -27.176 -52.508 -287.292  314.184 1.068738 -56.0 -45.0 11.0  498 8764 
16 020 1 20 0 4  4  27.534  119.221 -45.227  308.971 2.538275 59.0  129.0 70.0  400 9164 
16 021 1 21 0 3 11  55.958  178.144 -41.528  483.695 1.085442 51.0  227.0 176.0 -132 9032 
16 022 1 22 0 1 40  45.102  22.711 -334.560  217.238 1.035344 23.0  40.0 17.0  494 9526 
16 023 1 23 0 3 11 -136.310 -110.932 -423.918  146.169 1.001953 -135.0 -142.0 7.0  499 10025 
16 024 1 24 0 2 24  78.929  54.829 -402.695  293.605 2.521568 41.0  25.0 16.0  495 10520 
16 025 1 25 0 1 40 -101.541 -107.101 -349.814  283.942 1.052046 -107.0 -122.0 15.0  495 11015 
16 026 1 26 0 4  4  46.862  148.753  8.548  313.569 1.319234 73.0  156.0 83.0  359 11375 
16 027 1 27 0 1 40  115.073  116.121 -270.562  370.610 1.469525 116.0  128.0 12.0  497 11872 
16 028 1 28 0 1 40 -21.290 -11.925 -363.778  327.140 0.818276 -12.0 -21.0 9.0  498 12370 
16 029 1 29 0 3 11 -122.425 -131.025 -264.553  93.539 0.935157 -180.0 -144.0 36.0  474 12844 
16 030 1 30 0 1 40 -84.385 -107.127 -369.223  246.313 0.968549 -107.0 -84.0 23.0  489 13333 
16 031 1 31 0 2 24  99.568  112.403 -113.311  298.155 1.135539 132.0  151.0 19.0  493 13825 
16 032 1 32 0 2 24 -48.013 -50.504 -394.629  199.352 1.469527 -40.0 -129.0 89.0  338 14164 
16 033 1 33 0 1 40 -60.774 -66.143 -297.878  328.474 1.168940 -66.0 -38.0 28.0  484 14648 
16 034 1 34 0 2 24 -56.733 -52.551 -361.359  234.757 1.252434 -46.0 -56.0 10.0  498 15146 
16 035 1 35 0 2 24 -22.590 -49.885 -340.747  304.951 0.500976 -44.0  0.0 44.0  460 15606 
16 036 1 36 0 3 11 -133.327 -178.779 -403.268  87.530 1.018645 -146.0 -180.0 34.0  476 16083 
16 037 1 37 0 1 40 -21.802 -20.005 -345.533  313.477 0.968551 -20.0 -18.0 2.0  500 16582 
16 038 1 38 0 1 40 -87.638 -63.731 -277.065  166.233 0.901753 -64.0 -93.0 29.0  483 17065 
16 039 1 39 0 2 24 -95.359 -85.698 -384.843  184.545 0.734759 -106.0 -66.0 40.0  467 17533 
16 040 1 40 0 2 24 -12.020  21.179 -236.509  507.063 1.235730 4.0  74.0 70.0  400 17933 
16 041 1 41 0 4  4 -78.612 -56.323 -169.064  73.772 2.003896 -112.0 -40.0 72.0  394 18327 
16 042 1 42 0 4  4  25.786  115.387 -54.939  278.871 1.185639 -7.0  139.0 146.0  65 18392 
16 043 1 43 0 2 24 -58.572 -54.985 -355.324  305.596 0.734767 -47.0 -78.0 31.0  480 18872 
16 044 1 44 0 3 11 -100.797 -107.843 -281.309  240.783 0.834953 -128.0 -106.0 22.0  490 19362 
16 045 1 45 0 4  4  87.060  76.784 -174.328  397.613 1.603119 118.0  54.0 64.0  416 19779 
16 046 1 46 0 3 11  52.644  44.426 -97.296  300.773 1.102150 31.0  83.0 52.0  445 20224 
16 047 1 47 0 1 40  69.005  37.108 -300.953  350.113 0.768167 37.0  22.0 15.0  495 20719 
16 048 1 48 0 3 11 -115.455 -168.064 -507.030  192.949 0.918453 -149.0 -259.0 110.0  253 20972 
16 049 1 49 0 4  4 -16.756 -18.591 -296.317  129.982 0.885050 -18.0  38.0 56.0  436 21408 
16 050 1 50 0 4  4  43.793  111.829  28.975  206.321 1.469522 99.0  120.0 21.0  491 21899 
16 051 1 51 0 4  4  6.917  25.867 -123.260  316.066 0.868356 14.0 -32.0 46.0  457 22356 
16 052 1 52 0 4  4  97.541  229.906  109.171  394.136 0.901754 118.0  211.0 93.0  323 22679 
16 053 1 53 0 1 40 -49.541 -47.070 -364.416  213.145 0.901754 -47.0 -68.0 21.0  491 23170 
16 054 1 54 0 1 40 -18.816 -5.880 -334.389  325.002 0.551077 -6.0 -1.0 5.0  499 23670 
16 055 1 55 0 4  4  257.850  219.685  148.379  283.689 1.001949 309.0  160.0 149.0  47 23717 
16 056 1 56 0 4  4  76.151 -1.458 -94.111  72.814 0.901755 73.0 -5.0 78.0  376 24093 
16 057 2 01 0 3 11 -191.204 -138.063 -361.987  131.306 0.751460 -174.0 -165.0 9.0  498 24591 
16 058 2 02 0 3 11  193.223  258.722  42.733  629.366 1.219036 203.0  240.0 37.0  472 25063 
16 059 2 03 0 3 11  65.194  13.521 -244.070  346.882 0.718073 35.0  24.0 11.0  498 25561 
16 060 2 04 0 1 40  27.463  25.961 -366.046  453.005 0.467577 26.0  0.0 26.0  486 26047 
16 061 2 05 0 1 40  113.946  117.862 -250.650  412.019 1.219034 118.0  148.0 30.0  482 26528 
16 062 2 06 0 1 40  8.652 -2.879 -427.882  352.285 0.985257 -3.0 -15.0 12.0  497 27025 
16 063 2 07 0 3 11  92.286  93.914 -262.605  339.300 1.452829 114.0  125.0 11.0  498 27523 
16 064 2 08 0 4  4  129.271  93.679  15.571  230.491 0.834960 113.0  72.0 41.0  466 27989 
16 065 2 09 0 3 11 -41.155 -113.318 -347.467  81.183 1.569718 -72.0 -114.0 42.0  464 28453 
16 066 2 10 0 4  4 -41.900  65.163 -63.511  224.175 2.688560 -39.0  76.0 115.0  230 28683 
16 067 2 11 0 4  4  99.187  111.863  53.795  166.466 0.834957 111.0  16.0 95.0  316 28999 
16 068 2 12 0 4  4 -147.184 -104.646 -215.093  28.597 0.818257 -144.0 -89.0 55.0  438 29437 
16 069 2 13 0 1 40 -13.022  7.124 -495.921  311.578 0.584475 7.0  1.0 6.0  499 29936 
16 070 2 14 0 3 11 -153.559 -127.026 -251.669  55.511 1.152240 -171.0 -83.0 88.0  342 30278 
16 071 2 15 0 3 11  13.974 -73.632 -281.363  221.405 0.834963 -37.0 -40.0 3.0  500 30778 
16 072 2 16 0 2 24 -70.782 -75.689 -387.108  164.201 1.001949 -69.0 -47.0 22.0  490 31268 
16 073 2 17 0 3 11  7.762 -5.704 -462.195  303.815 1.452827 12.0 -55.0 67.0  408 31676 
16 074 2 18 0 2 24 -62.601 -130.085 -368.520  110.130 1.335932 -104.0 -101.0 3.0  500 32176 
16 075 2 19 0 4  4 -13.421  95.938 -44.609  234.584 1.001949 -21.0  70.0 91.0  331 32507 
16 076 2 20 0 4  4 -125.213 -68.795 -283.353  23.823 0.985249 -137.0 -50.0 87.0  346 32853 
16 077 2 21 0 4  4 -149.819 -208.705 -408.488 -77.908 1.118848 -148.0 -59.0 89.0  338 33191 
16 078 2 22 0 3 11 -27.239 -18.011 -243.412  227.242 0.868356 -55.0 -42.0 13.0  497 33688 
16 079 2 23 0 3 11 -182.626 -225.513 -417.591 -40.286 0.801559 -223.0 -120.0 103.0  283 33971 
16 080 2 24 0 1 40  65.561  25.706 -300.279  438.663 1.219038 26.0  71.0 45.0  459 34430 
16 081 2 25 0 3 11 -43.081 -12.895 -399.109  235.886 1.202338 -57.0 -21.0 36.0  474 34903 
16 082 2 26 0 1 40 -25.308 -9.781 -289.571  310.539 0.684666 -10.0 -13.0 3.0  500 35403 
16 083 2 27 0 4  4 -98.255 -113.033 -321.471  89.013 1.953797 -111.0  9.0 120.0  206 35609 
16 084 2 28 0 2 24  5.664 -10.779 -311.904  336.864 0.718064 -21.0 -7.0 14.0  496 36105 
16 085 2 29 0 4  4 -34.543  26.436 -79.913  136.206 1.386028 2.0 -20.0 22.0  490 36595 
16 086 2 30 0 2 24 -89.692 -104.425 -371.013  216.550 1.219037 -96.0 -40.0 56.0  436 37031 
16 087 2 31 0 3 11 -80.162 -86.386 -254.465  206.405 0.734764 -102.0 -39.0 63.0  419 37450 
16 088 2 32 0 4  4 -124.480 -102.457 -321.476  126.785 0.885055 -105.0 -81.0 24.0  488 37939 
16 089 2 33 0 4  4  112.999  88.219 -56.531  178.178 1.369324 94.0  22.0 72.0  394 38333 
16 090 2 34 0 2 24 -167.965 -177.551 -470.402  60.029 1.068745 -169.0 -186.0 17.0  494 38827 
16 091 2 35 0 1 40 -172.972 -192.949 -673.084  152.984 0.918453 -193.0 -139.0 54.0  440 39267 
16 092 2 36 0 4  4 -109.223 -180.126 -347.988 -30.166 0.784860 -91.0 -154.0 63.0  419 39686 
16 093 2 37 0 4  4  54.796 -36.438 -205.106  117.620 0.868355 45.0 -17.0 62.0  422 40108 
16 094 2 38 0 3 11  193.227  114.350 -160.481  520.237 0.818258 179.0  35.0 144.0  77 40185 
16 095 2 39 0 4  4  132.421  65.363 -64.114  139.045 1.018646 104.0  52.0 52.0  445 40630 
16 096 2 40 0 2 24  124.918  51.870 -274.963  285.704 0.885054 79.0  23.0 56.0  436 41066 
16 097 2 41 0 1 40  117.621  149.892 -48.822  599.579 0.901751 150.0  152.0 2.0  500 41566 
16 098 2 42 0 3 11  8.689  80.113 -147.964  303.056 0.985250 27.0  78.0 51.0  447 42012 
16 099 2 43 0 4  4  225.077  315.177  197.794  487.247 1.335930 219.0  258.0 39.0  469 42481 
16 100 2 44 0 2 24 -36.971  15.506 -243.204  296.026 0.784859 -29.0  39.0 68.0  406 42887 
16 101 2 45 0 2 24 -213.380 -218.762 -631.429  94.254 0.951851 -201.0 -188.0 13.0  497 43384 
16 102 2 46 0 1 40  69.559  48.685 -280.112  411.962 0.667972 49.0  40.0 9.0  498 43882 
16 103 2 47 0 3 11 -65.843 -26.250 -178.475  212.337 0.584476 -58.0  0.0 58.0  431 44313 
16 104 2 48 0 4  4  65.312  157.734  12.948  239.742 0.667971 69.0 -29.0 98.0  304 44617 
16 105 2 49 0 4  4  70.929  167.063  42.771  229.337 1.603128 102.0  64.0 38.0  471 45088 
16 106 2 50 0 3 11  11.407  7.670 -341.120  365.994 0.567776 -57.0 -24.0 33.0  478 45566 
16 107 2 51 0 1 40 -35.715 -48.019 -370.697  319.676 0.868354 -48.0 -24.0 24.0  488 46054 
16 108 2 52 0 2 24  36.485  6.069 -244.966  286.253 0.634566 39.0 -4.0 43.0  462 46516 
16 109 2 53 0 1 40 -42.734 -60.604 -467.643  181.433 0.784870 -61.0 -67.0 6.0  499 47015 
16 110 2 54 0 1 40 -38.354 -50.519 -318.711  303.919 0.818259 -51.0 -22.0 29.0  483 47498 
16 111 2 55 0 2 24  20.979 -38.062 -329.605  172.933 0.768160 2.0 -25.0 27.0  485 47983 
16 112 2 56 0 4  4  2.894  41.470 -82.822  206.934 0.684670 12.0  4.0 8.0  499 48482 
16 113 3 01 0 1 40 -30.647 -44.116 -368.491  254.856 1.001959 -44.0 -58.0 14.0  496 48978 
16 114 3 02 0 2 24 -55.260 -62.796 -452.973  285.870 0.951851 -44.0 -42.0 2.0  500 49478 
16 115 3 03 0 1 40 -117.292 -123.085 -519.384  288.443 0.868355 -123.0 -165.0 42.0  464 49942 
16 116 3 04 0 4  4  60.221  161.630  53.278  363.505 0.751461 71.0  129.0 58.0  431 50373 
16 117 3 05 0 2 24  24.005  59.672 -267.067  370.386 0.968552 59.0  31.0 28.0  484 50857 
16 118 3 06 0 3 11 -124.704 -155.578 -540.285  125.530 1.035341 -160.0 -144.0 16.0  495 51352 
16 119 3 07 0 2 24  30.255  20.995 -293.686  204.775 1.018648 29.0  30.0 1.0  500 51852 
16 120 3 08 0 1 40 -235.786 -238.503 -735.888  112.554 1.335928 -239.0 -214.0 25.0  487 52339 
16 121 3 09 0 3 11  11.898  73.670 -166.370  269.853 0.885056 -8.0  70.0 78.0  376 52715 
16 122 3 10 0 3 11  165.230  198.410 -147.960  423.859 0.851656 184.0  112.0 72.0  394 53109 
16 123 3 11 0 2 24 -64.689 -70.262 -395.208  365.545 0.935153 -40.0 -70.0 30.0  482 53591 
16 124 3 12 0 2 24  223.681  250.439 -204.717  651.578 0.968551 247.0  241.0 6.0  499 54090 
16 125 3 13 0 1 40  71.418  67.877 -262.325  262.283 0.851653 68.0  47.0 21.0  491 54581 
16 126 3 14 0 2 24 -9.252 -41.592 -305.286  280.626 0.935151 -38.0 -83.0 45.0  459 55040 
16 127 3 15 0 4  4 -39.673 -124.844 -193.836  69.962 1.803505 -31.0 -91.0 60.0  427 55466 
16 128 3 16 0 4  4 -167.732 -140.374 -212.777 -82.947 0.667966 -163.0  0.0 163.0 -42 55424 
16 129 3 17 0 4  4 -80.292 -9.243 -238.421  173.248 0.818257 -49.0 -13.0 36.0  474 55898 
16 130 3 18 0 3 11  15.415 -7.867 -192.955  223.262 1.035346 -18.0  6.0 24.0  488 56386 
16 131 3 19 0 2 24 -20.628  1.977 -300.395  295.431 0.801554 10.0  32.0 22.0  490 56876 
16 132 3 20 0 1 40 -23.787 -45.799 -321.026  195.471 2.588366 -46.0 -47.0 1.0  500 57376 
16 133 3 21 0 1 40 -131.432 -114.407 -421.915  132.915 0.935151 -114.0 -107.0 7.0  499 57875 
16 134 3 22 0 3 11  60.841  66.169 -264.614  384.793 0.985250 55.0  78.0 23.0  489 58364 
16 135 3 23 0 4  4  30.491 -104.194 -336.986  103.050 0.784860 64.0 -64.0 128.0  166 58530 
16 136 3 24 0 3 11 -100.361 -95.970 -187.831  40.050 1.235735 -107.0 -101.0 6.0  499 59029 
16 137 3 25 0 2 24  207.429  153.695 -51.586  386.683 1.152241 190.0  169.0 21.0  491 59520 
16 138 3 26 0 3 11  57.999  89.619 -33.543  280.991 0.901755 51.0  117.0 66.0  411 59931 
16 139 3 27 0 1 40 -45.133 -29.169 -454.162  201.307 1.319233 -29.0 -20.0 9.0  498 60430 
16 140 3 28 0 4  4  13.843 -74.250 -140.379 -12.029 1.786808 -25.0 -112.0 87.0  346 60775 
16 141 3 29 0 4  4  129.442  81.965 -50.257  195.241 1.419427 127.0  69.0 58.0  431 61207 
16 142 3 30 0 3 11 -112.374 -86.159 -351.450  141.340 0.818263 -104.0 -99.0 5.0  499 61706 
16 143 3 31 0 3 11  103.468  81.589 -199.232  395.545 0.968550 102.0  119.0 17.0  494 62200 
16 144 3 32 0 2 24 -46.863 -56.797 -258.971  133.563 0.718055 -60.0 -69.0 9.0  498 62699 
16 145 3 33 0 1 40 -130.281 -147.711 -515.427  81.904 1.018647 -148.0 -166.0 18.0  493 63192 
16 146 3 34 0 3 11 -179.532 -172.691 -351.373  117.344 1.085446 -174.0 -191.0 17.0  494 63686 
16 147 3 35 0 2 24  165.233  156.843 -200.626  464.291 0.718068 170.0  143.0 27.0  485 64171 
16 148 3 36 0 3 11  108.102  128.500 -188.600  322.212 0.935152 123.0  171.0 48.0  453 64624 
16 149 3 37 0 4  4 -57.488 -90.459 -203.340 -15.610 1.001949 -60.0 -70.0 10.0  498 65122 
16 150 3 38 0 4  4 -10.578 -79.737 -276.249  96.502 0.534374 -27.0  5.0 32.0  479 65601 
16 151 3 39 0 1 40 -38.179 -68.457 -415.074  382.190 0.701369 -68.0 -45.0 23.0  489 66090 
16 152 3 40 0 4  4  80.277  2.935 -293.200  239.185 0.784859 17.0 -17.0 34.0  476 66567 
16 153 3 41 0 1 40  187.324  153.665 -84.132  522.484 1.252437 154.0  178.0 24.0  488 67055 
16 154 3 42 0 3 11 -149.094 -119.700 -351.323  60.100 1.001953 -170.0 -91.0 79.0  373 67428 
16 155 3 43 0 4  4 -211.128 -356.417 -496.821 -98.628 1.302533 -235.0 -267.0 32.0  479 67907 
16 156 3 44 0 3 11  104.417  59.520 -200.601  336.967 0.968551 71.0  78.0 7.0  499 68406 
16 157 3 45 0 3 11  65.792  31.729 -433.752  355.562 1.302539 71.0  61.0 10.0  498 68904 
16 158 3 46 0 3 11  100.977  99.246 -38.341  347.375 1.235741 97.0  110.0 13.0  497 69400 
16 159 3 47 0 4  4  7.519  92.760 -2.429  165.371 1.018647 38.0  78.0 40.0  467 69868 
16 160 3 48 0 4  4  99.959  212.017  22.552  402.233 1.219036 94.0  236.0 142.0  88 69956 
16 161 3 49 0 4  4 -2.982  0.555 -71.757  79.001 0.718062 14.0  3.0 11.0  498 70454 
16 162 3 50 0 3 11  172.835  147.197 -84.568  430.690 1.319239 176.0  152.0 24.0  488 70942 
16 163 3 51 0 3 11 -143.050 -171.191 -460.921 -31.476 0.734763 -152.0 -180.0 28.0  484 71426 
16 164 3 52 0 1 40  43.524  64.512 -209.258  325.511 0.768162 65.0  71.0 6.0  499 71925 
16 165 3 53 0 1 40  175.468  134.277 -150.355  450.582 0.885054 134.0  153.0 19.0  493 72418 
16 166 3 54 0 2 24  93.343  81.712 -155.542  379.435 0.718064 91.0  88.0 3.0  500 72918 
16 167 3 55 0 3 11 -48.007 -51.605 -132.003  23.983 0.584471 -61.0 -33.0 28.0  484 73402 
16 168 3 56 0 1 40  14.126  14.561 -248.972  303.721 0.684664 15.0  24.0 9.0  498 73900 
16 169 4 01 0 1 40  44.266  12.834 -234.867  305.944 0.450880 13.0  0.0 13.0  497 74396 
16 170 4 02 0 4  4 -0.987  25.420 -134.596  152.935 0.517669 -5.0  2.0 7.0  499 74895 
16 171 4 03 0 2 24 -137.672 -109.455 -622.015  137.392 0.734760 -112.0 -128.0 16.0  495 75390 
16 172 4 04 0 3 11 -5.026 -63.054 -182.097  256.277 0.684669 -5.0  15.0 20.0  492 75882 
16 173 4 05 0 4  4  60.874  72.395  17.623  121.722 0.651268 83.0  13.0 70.0  400 76282 
16 174 4 06 0 4  4  141.346  145.072 -62.870  304.209 0.684669 150.0  42.0 108.0  262 76544 
16 175 4 07 0 3 11 -64.014 -89.254 -299.793  175.769 0.634570 -28.0 -73.0 45.0  459 77003 
16 176 4 08 0 4  4 -128.352 -141.983 -239.318  83.662 0.951850 -105.0 -121.0 16.0  495 77498 
16 177 4 09 0 4  4 -115.062 -200.753 -462.309 -31.446 0.901750 -132.0 -127.0 5.0  499 77997 
16 178 4 10 0 4  4 -131.242 -24.699 -122.869  247.564 1.636515 -104.0 -9.0 95.0  316 78313 
16 179 4 11 0 3 11  250.774  247.666  71.534  473.021 0.885055 243.0  184.0 59.0  429 78742 
16 180 4 12 0 3 11 -50.766 -87.736 -242.590  83.327 0.751467 -48.0 -117.0 69.0  403 79145 
16 181 4 13 0 4  4 -4.197  34.931 -98.185  262.217 1.118845 -19.0  31.0 50.0  449 79594 
16 182 4 14 0 2 24 -168.940 -192.877 -462.456  94.473 0.784859 -175.0 -179.0 4.0  500 80093 
16 183 4 15 0 4  4 -201.022 -146.718 -221.234 -34.311 0.885062 -219.0 -129.0 90.0  335 80428 
16 184 4 16 0 4  4 -48.648 -118.161 -372.543  152.336 0.734759 -38.0 -91.0 53.0  443 80871 
16 185 4 17 0 3 11  9.237  32.404 -256.943  254.011 0.751462 16.0  25.0 9.0  498 81369 
16 186 4 18 0 1 40  7.878 -49.962 -357.979  272.308 0.751462 -50.0 -67.0 17.0  494 81863 
16 187 4 19 0 3 11  46.036  38.241 -104.455  184.530 0.768160 65.0  79.0 14.0  496 82359 
16 188 4 20 0 2 24 -130.604 -160.263 -447.567  87.404 0.801564 -142.0 -167.0 25.0  487 82846 
16 189 4 21 0 3 11  189.284  108.392 -74.825  444.788 1.035351 202.0  206.0 4.0  500 83346 
16 190 4 22 0 2 24  53.372  101.252 -219.352  473.409 0.818259 86.0  87.0 1.0  500 83846 
16 191 4 23 0 1 40  146.759  119.032 -252.219  495.328 0.968554 119.0  138.0 19.0  493 84339 
16 192 4 24 0 3 11 -12.801 -47.206 -345.501  232.158 0.517674 -7.0  0.0 7.0  499 84838 
16 193 4 25 0 2 24 -93.134 -101.599 -369.708  97.357 0.751457 -95.0 -118.0 23.0  489 85327 
16 194 4 26 0 1 40  79.547  85.130 -342.957  380.625 0.868350 85.0  115.0 30.0  482 85808 
16 195 4 27 0 1 40 -26.223 -22.559 -353.256  340.220 1.152241 -23.0 -37.0 14.0  496 86304 
16 196 4 28 0 3 11 -80.803 -79.906 -285.817  60.658 1.085446 -76.0 -3.0 73.0  391 86696 
16 197 4 29 0 2 24 -14.906 -32.218 -277.685  262.034 1.068746 -38.0 -21.0 17.0  494 87190 
16 198 4 30 0 2 24  212.470  206.569 -93.497  431.423 1.102146 233.0  200.0 33.0  478 87668 
16 199 4 31 0 1 40  116.996  117.940 -205.852  434.290 1.135547 118.0  101.0 17.0  494 88162 
16 200 4 32 0 3 11 -23.297 -4.192 -176.275  272.892 1.085444 -29.0  37.0 66.0  411 88573 
16 201 4 33 0 4  4  73.416  183.284 -8.782  370.941 1.252435 107.0  179.0 72.0  394 88967 
16 202 4 34 0 1 40  65.124  127.195 -179.518  420.856 1.135548 127.0  155.0 28.0  484 89451 
16 203 4 35 0 4  4 -80.024 -54.793 -154.129  118.919 1.653215 -116.0  42.0 158.0 -9 89442 
16 204 4 36 0 4  4  13.139 -65.429 -166.355  55.979 0.918458 -16.0 -75.0 59.0  429 89870 
16 205 4 37 0 4  4 -21.109 -29.923 -155.651  128.306 0.801556 -1.0 -31.0 30.0  482 90352 
16 206 4 38 0 2 24  124.336  128.953 -235.557  464.552 0.901754 134.0  151.0 17.0  494 90846 
16 207 4 39 0 2 24  128.605  129.740 -63.967  469.905 1.168939 151.0  148.0 3.0  500 91346 
16 208 4 40 0 2 24 -49.715 -58.271 -295.499  159.947 0.734762 -57.0 -60.0 3.0  500 91846 
16 209 4 41 0 2 24  160.745  232.081 -70.307  461.417 1.001955 205.0  258.0 53.0  443 92289 
16 210 4 42 0 2 24  206.012  205.663 -22.283  370.016 1.035347 180.0  231.0 51.0  447 92735 
16 211 4 43 0 2 24 -102.086 -118.149 -440.201  151.943 0.718064 -128.0 -120.0 8.0  499 93234 
16 212 4 44 0 3 11 -166.429 -225.627 -458.963  9.883 0.768162 -185.0 -239.0 54.0  440 93675 
16 213 4 45 0 4  4  32.016  26.626 -76.278  109.182 0.617869 -6.0  6.0 12.0  497 94172 
16 214 4 46 0 1 40  25.929  14.013 -306.978  383.608 1.202338 14.0  22.0 8.0  499 94670 
16 215 4 47 0 2 24  5.214 -27.507 -379.222  372.340 0.718065 -9.0 -38.0 29.0  483 95153 
16 216 4 48 0 2 24  166.044  212.284 -110.443  533.688 0.818257 187.0  304.0 117.0  221 95374 
16 217 4 49 0 2 24  24.518  11.607 -343.715  487.604 0.734763 12.0  19.0 7.0  499 95873 
16 218 4 50 0 2 24  22.609  15.819 -224.940  354.537 0.718063 11.0  35.0 24.0  488 96361 
16 219 4 51 0 1 40 -91.941 -84.667 -393.959  330.803 0.951854 -85.0 -60.0 25.0  487 96848 
16 220 4 52 0 2 24  17.699  1.141 -209.439  236.572 0.918453 39.0  40.0 1.0  500 97348 
16 221 4 53 0 2 24  118.094  139.531 -107.724  451.927 0.784861 125.0  210.0 85.0  353 97701 
16 222 4 54 0 1 40  38.386  42.194 -266.532  267.977 0.751467 42.0  34.0 8.0  499 98200 
16 223 4 55 0 3 11  16.590  5.123 -181.577  244.308 0.634567 -7.0  47.0 54.0  440 98640 
16 224 4 56 0 1 40 -6.554 -11.994 -320.549  239.816 1.035346 -12.0 -19.0 7.0  499 99139 
16 225 5 01 0 1 40  158.368  146.334 -109.117  544.084 0.751460 146.0  151.0 5.0  499 99639 
16 226 5 02 0 2 24  3.101  42.487 -197.179  318.801 0.768161 13.0  74.0 61.0  424 100063 
16 227 5 03 0 3 11  28.575  93.664 -94.046  374.016 1.085445 53.0  129.0 76.0  382 100445 
16 228 5 04 0 4  4  18.260  59.102 -86.666  230.670 0.851656 51.0  19.0 32.0  479 100924 
16 229 5 05 0 1 40 -76.083 -101.308 -408.781  216.832 0.684675 -101.0 -107.0 6.0  499 101423 
16 230 5 06 0 4  4 -220.219 -221.527 -364.300 -111.963 1.102150 -196.0 -175.0 21.0  491 101914 
16 231 5 07 0 1 40 -17.254  8.523 -271.666  346.231 0.801556 9.0  13.0 4.0  500 102414 
16 232 5 08 0 2 24 -57.609 -52.388 -350.140  279.070 0.734760 -54.0  12.0 66.0  411 102825 
16 233 5 09 0 3 11  63.200  16.751 -215.714  487.557 0.567771 71.0 -27.0 98.0  304 103129 
16 234 5 10 0 2 24  31.268 -19.784 -284.572  280.552 0.684666 -10.0 -21.0 11.0  498 103626 
16 235 5 11 0 3 11 -88.268 -149.398 -343.619  35.867 1.452825 -95.0 -194.0 99.0  300 103926 
16 236 5 12 0 2 24 -88.430 -83.772 -312.459  137.542 0.784860 -94.0 -63.0 31.0  480 104407 
16 237 5 13 0 1 40  86.874  97.678 -187.011  340.585 0.868353 98.0  123.0 25.0  487 104894 
16 238 5 14 0 3 11 -61.649 -60.996 -320.463  221.754 1.569724 -62.0 -92.0 30.0  482 105376 
16 239 5 15 0 2 24  33.687  35.991 -238.919  255.838 0.801565 38.0 -8.0 46.0  457 105832 
16 240 5 16 0 4  4  206.302  246.433  177.679  317.794 1.035347 214.0  239.0 25.0  487 106320 
16 241 5 17 0 2 24  79.340  109.457 -160.429  564.067 0.885055 110.0  141.0 31.0  480 106800 
16 242 5 18 0 3 11 -149.412 -133.980 -358.480  120.828 0.701364 -156.0 -155.0 1.0  500 107300 
16 243 5 19 0 4  4 -104.313 -168.119 -320.840  44.452 1.052045 -94.0 -182.0 88.0  342 107642 
16 244 5 20 0 1 40  41.245  130.436 -212.920  424.273 0.801559 130.0  172.0 42.0  464 108106 
16 245 5 21 0 3 11  92.047  105.365 -239.364  319.957 1.068744 83.0  124.0 41.0  466 108572 
16 246 5 22 0 1 40  81.404  77.661 -266.470  446.041 0.801556 78.0  101.0 23.0  489 109061 
16 247 5 23 0 1 40 -160.947 -121.962 -381.058  314.280 0.918453 -122.0 -108.0 14.0  496 109557 
16 248 5 24 0 4  4  48.356  86.393 -26.240  227.353 0.768161 48.0  110.0 62.0  422 109978 
16 249 5 25 0 2 24  43.851  4.758 -206.150  270.158 0.851656 39.0  7.0 32.0  479 110458 
16 250 5 26 0 4  4  124.357  95.316 -9.653  256.975 1.335929 95.0  69.0 26.0  486 110944 
16 251 5 27 0 2 24 -93.057 -78.026 -312.993  272.870 0.734762 -79.0 -85.0 6.0  499 111443 
16 252 5 28 0 1 40  22.580  36.901 -431.050  362.581 0.651267 37.0  49.0 12.0  497 111940 
16 253 5 29 0 2 24 -62.573 -60.455 -340.935  216.552 0.701369 -64.0 -81.0 17.0  494 112434 
16 254 5 30 0 1 40  81.374  46.512 -297.815  449.440 0.784859 47.0  85.0 38.0  471 112905 
16 255 5 31 0 4  4 -85.757 -94.199 -294.022  115.699 1.035357 -127.0 -115.0 12.0  497 113402 
16 256 5 32 0 4  4  80.265  80.420 -65.733  211.693 0.834957 69.0  115.0 46.0  457 113859 
16 257 5 33 0 1 40  43.891  82.408 -336.846  492.046 0.784859 82.0  57.0 25.0  487 114346 
16 258 5 34 0 3 11  108.859  127.422 -67.409  273.112 0.718065 93.0  129.0 36.0  474 114819 
16 259 5 35 0 1 40  36.419  10.230 -292.787  323.552 0.567772 10.0 -5.0 15.0  495 115315 
16 260 5 36 0 1 40 -41.425 -39.084 -250.279  298.646 0.651264 -39.0 -4.0 35.0  475 115790 
16 261 5 37 0 3 11  65.100  69.626 -267.816  353.023 1.001948 31.0  99.0 68.0  406 116195 
16 262 5 38 0 2 24 -29.729 -26.173 -367.242  242.825 0.768161 -52.0 -49.0 3.0  500 116695 
16 263 5 39 0 1 40  19.805  27.666 -428.550  280.891 0.651271 28.0  57.0 29.0  483 117178 
16 264 5 40 0 2 24 -19.251 -25.034 -310.211  245.158 0.617872 0.0 -50.0 50.0  449 117627 
16 265 5 41 0 1 40  170.084  128.264 -286.368  386.291 0.918453 128.0  115.0 13.0  497 118124 
16 266 5 42 0 1 40  75.696  79.503 -151.091  386.395 0.667964 80.0  119.0 39.0  469 118593 
16 267 5 43 0 3 11  97.673  73.500 -85.510  336.848 0.734762 72.0  66.0 6.0  499 119092 
16 268 5 44 0 2 24 -102.550 -102.062 -346.707  241.176 0.868356 -109.0 -170.0 61.0  424 119516 
16 269 5 45 0 4  4  18.765 -74.302 -142.747  0.521 0.567767 14.0 -48.0 62.0  422 119937 
16 270 5 46 0 4  4 -143.318 -176.231 -394.564  59.441 0.734763 -150.0 -177.0 27.0  485 120423 
16 271 5 47 0 1 40 -20.582 -7.238 -389.956  396.231 0.985250 -7.0  62.0 69.0  403 120825 
16 272 5 48 0 2 24  74.807  89.381 -179.319  567.227 0.684663 82.0  71.0 11.0  498 121323 
16 273 5 49 0 3 11 -79.184 -91.010 -303.657  106.909 0.768161 -113.0 -65.0 48.0  453 121776 
16 274 5 50 0 4  4  64.241  45.611 -255.277  242.657 0.651265 52.0  12.0 40.0  467 122243 
16 275 5 51 0 2 24  92.114  108.169 -168.916  366.949 0.985244 117.0  139.0 22.0  490 122733 
16 276 5 52 0 2 24 -235.972 -250.829 -550.668  17.969 0.751461 -214.0 -276.0 62.0  422 123155 
16 277 5 53 0 2 24  97.929  72.938 -314.202  269.447 0.868359 69.0  49.0 20.0  492 123647 
16 278 5 54 0 1 40  108.937  88.419 -265.100  456.869 0.818258 88.0  8.0 80.0  369 124016 
16 279 5 55 0 1 40  69.434  51.309 -220.738  421.516 0.784865 51.0  87.0 36.0  474 124490 
16 280 5 56 0 1 40  51.057  68.819 -404.851  434.524 0.701364 69.0  85.0 16.0  495 124985 
