09 001 1 01 0 4  4 -124.063 -27.274 -160.625  52.855 1.135541 -77.0 -8.0 69.0  403 402 
09 002 1 02 0 3 11 -127.370 -155.833 -384.329  29.506 1.469523 -120.0 -81.0 39.0  469 871 
09 003 1 03 0 4  4 -100.238 -45.090 -195.725  26.865 1.085444 -101.0  25.0 126.0  176 1047 
09 004 1 04 0 2 24 -181.486 -184.232 -391.067  90.093 1.369329 -182.0 -214.0 32.0  479 1526 
09 005 1 05 0 4  4 -160.185 -146.673 -271.206  71.149 1.185640 -132.0 -104.0 28.0  484 2010 
09 006 1 06 0 2 24  245.373  226.184 -27.782  483.668 1.319230 222.0  222.0 0.0  500 2510 
09 007 1 07 0 4  4  151.981  187.922 -120.282  450.476 1.018645 149.0  16.0 133.0  139 2649 
09 008 1 08 0 2 24 -82.056 -99.595 -333.508  123.852 1.018648 -103.0 -163.0 60.0  427 3076 
09 009 1 09 0 4  4 -116.750 -153.527 -227.715 -39.181 1.469523 -112.0 -31.0 81.0  366 3442 
09 010 1 10 0 3 11  124.654  160.748  30.703  296.533 2.087393 155.0  97.0 58.0  431 3873 
09 011 1 11 0 1 40 -207.565 -263.569 -760.895  135.212 1.703312 -264.0 -274.0 10.0  498 4371 
09 012 1 12 0 1 40  90.055  109.620 -186.810  390.144 1.035349 110.0  72.0 38.0  471 4842 
09 013 1 13 0 2 24  108.147  89.253 -145.545  464.764 0.768160 120.0 -2.0 122.0  196 5038 
09 014 1 14 0 2 24 -73.190 -35.357 -293.176  248.215 0.834958 -28.0 -71.0 43.0  462 5500 
09 015 1 15 0 3 11 -80.771 -91.968 -337.339  132.236 0.918452 -10.0 -66.0 56.0  436 5936 
09 016 1 16 0 4  4 -140.576 -159.438 -463.603  36.029 0.901754 -129.0 -143.0 14.0  496 6432 
09 017 1 17 0 4  4 -131.636 -165.622 -402.424 -62.875 1.636518 -119.0  47.0 166.0 -62 6370 
09 018 1 18 0 4  4  147.358  63.915 -273.744  246.818 0.350688 123.0  0.0 123.0  191 6561 
09 019 1 19 0 2 24 -141.790 -183.758 -495.808  12.372 1.452827 -170.0 -215.0 45.0  459 7020 
09 020 1 20 0 1 40 -122.726 -111.556 -447.220  229.499 0.951849 -112.0 -102.0 10.0  498 7518 
09 021 1 21 0 4  4 -231.905 -409.740 -589.883 -312.208 1.052044 -259.0 -252.0 7.0  499 8017 
09 022 1 22 0 1 40 -102.068 -98.892 -425.468  127.440 1.569718 -99.0 -115.0 16.0  495 8512 
09 023 1 23 0 1 40 -69.698 -96.885 -408.229  282.556 1.102140 -97.0 -91.0 6.0  499 9011 
09 024 1 24 0 3 11 -9.364 -48.055 -193.459  83.435 0.985249 -20.0 -55.0 35.0  475 9486 
09 025 1 25 0 3 11 -86.670 -105.982 -366.977  256.114 0.768161 -94.0 -114.0 20.0  492 9978 
09 026 1 26 0 2 24  94.354  98.994 -117.225  414.816 1.536321 100.0  92.0 8.0  499 10476 
09 027 1 27 0 4  4 -160.525 -100.445 -332.543  102.342 0.768164 -149.0 -134.0 15.0  495 10972 
09 028 1 28 0 2 24 -35.929 -55.993 -354.260  261.101 0.784858 -47.0 -54.0 7.0  499 11471 
09 029 1 29 0 2 24  74.017  81.162 -171.707  509.625 1.235743 104.0  67.0 37.0  472 11943 
09 030 1 30 0 1 40  36.459  11.553 -335.755  328.812 1.252443 12.0  28.0 16.0  495 12438 
09 031 1 31 0 3 11  155.578  121.331 -207.129  387.097 1.118854 153.0  91.0 62.0  422 12859 
09 032 1 32 0 3 11  49.703  66.412 -180.447  363.508 1.386029 75.0  75.0 0.0  500 13359 
09 033 1 33 0 1 40  123.589  124.106 -106.940  468.466 1.419427 124.0  111.0 13.0  497 13856 
09 034 1 34 0 1 40 -41.326 -33.266 -304.167  301.310 1.302540 -33.0 -63.0 30.0  482 14337 
09 035 1 35 0 4  4  55.959  95.092  26.830  164.840 1.419438 63.0 -84.0 147.0  59 14396 
09 036 1 36 0 4  4  100.693  35.685 -2.130  75.651 0.617869 87.0  0.0 87.0  346 14742 
09 037 1 37 0 3 11 -66.067 -35.414 -303.860  210.563 0.868356 -81.0 -62.0 19.0  493 15235 
09 038 1 38 0 4  4 -53.285  111.533 -56.261  227.921 1.068746 -49.0 -30.0 19.0  493 15727 
09 039 1 39 0 4  4 -94.394 -31.810 -117.248  33.091 1.903704 -61.0  161.0 222.0 -506 15221 
09 040 1 40 0 1 40  48.910  2.290 -249.325  300.195 0.734772 2.0 -17.0 19.0  493 15714 
09 041 1 41 0 2 24  14.496  38.642 -289.810  368.769 0.901754 -16.0  48.0 64.0  416 16130 
09 042 1 42 0 4  4 -8.837 -65.419 -134.475  53.815 1.001954 33.0  41.0 8.0  499 16629 
09 043 1 43 0 3 11 -119.498 -95.527 -282.187  84.461 0.601176 -109.0  0.0 109.0  258 16887 
09 044 1 44 0 3 11 -29.589  55.212 -305.087  253.608 0.751462 -32.0  16.0 48.0  453 17340 
09 045 1 45 0 1 40 -30.542 -13.821 -272.115  293.866 0.534371 -14.0  0.0 14.0  496 17836 
09 046 1 46 0 1 40 -80.739 -26.761 -297.092  397.621 0.885054 -27.0 -6.0 21.0  491 18327 
09 047 1 47 0 2 24  14.447  16.520 -407.074  243.912 0.534373 14.0  0.0 14.0  496 18823 
09 048 1 48 0 4  4 -79.897  17.682 -137.915  356.842 1.152241 -115.0  97.0 212.0 -417 18405 
09 049 1 49 0 3 11  16.990  14.173 -273.316  150.169 0.734764 -41.0  1.0 42.0  464 18869 
09 050 1 50 0 4  4  211.227  218.836  166.194  277.526 0.851657 229.0  97.0 132.0  144 19014 
09 051 1 51 0 4  4 -66.692 -56.195 -209.853  42.545 0.968551 -32.0  76.0 108.0  262 19276 
09 052 1 52 0 3 11 -70.748 -30.546 -246.888  362.547 0.634575 -85.0 -22.0 63.0  419 19695 
09 053 1 53 0 1 40  174.842  172.473 -84.628  551.863 1.219036 172.0  218.0 46.0  457 20152 
09 054 1 54 0 4  4  165.602  176.998  69.940  288.833 1.452824 178.0  394.0 216.0 -452 19699 
09 055 1 55 0 2 24  20.353  58.134 -218.162  336.098 1.152240 52.0  22.0 30.0  482 20181 
09 056 1 56 0 2 24  105.260  89.286 -116.034  378.448 0.634569 78.0  83.0 5.0  499 20681 
09 057 2 01 0 4  4  34.183  39.131 -153.425  180.628 0.818263 23.0  61.0 38.0  471 21151 
09 058 2 02 0 1 40  54.797  74.388 -319.408  437.766 0.901754 74.0  35.0 39.0  469 21620 
09 059 2 03 0 4  4  154.355  226.980  97.912  328.060 1.486225 123.0  450.0 327.0 -1682 19938 
09 060 2 04 0 1 40  180.820  169.345 -240.074  512.165 1.001948 169.0  221.0 52.0  445 20383 
09 061 2 05 0 2 24 -128.672 -120.159 -504.946  62.176 0.784859 -140.0 -64.0 76.0  382 20765 
09 062 2 06 0 1 40  10.787  34.503 -238.166  262.879 0.718064 35.0  21.0 14.0  496 21261 
09 063 2 07 0 4  4  16.107  26.893 -173.967  121.026 0.751461 22.0  0.0 22.0  490 21751 
09 064 2 08 0 3 11  70.099  11.280 -202.260  503.465 2.421375 42.0  55.0 13.0  497 22247 
09 065 2 09 0 2 24  147.481  171.898 -73.084  414.473 1.001949 162.0  67.0 95.0  316 22563 
09 066 2 10 0 4  4  64.100  115.354  12.080  293.660 2.504876 98.0 -146.0 244.0 -715 21848 
09 067 2 11 0 1 40  58.050  42.485 -261.848  401.539 1.035348 42.0 -13.0 55.0  438 22287 
09 068 2 12 0 4  4  17.476 -143.993 -196.984 -62.651 0.935151 13.0  39.0 26.0  486 22773 
09 069 2 13 0 2 24  14.008  73.742 -231.698  301.285 0.885054 50.0  58.0 8.0  499 23271 
09 070 2 14 1 3 11 -69.302 -117.278 -325.812  63.203 0.016699 -99.0  0.0 99.0  300 23571 
09 071 2 15 0 4  4 -53.099 -131.388 -360.995  101.492 2.170887 -63.0 -2.0 61.0  424 23995 
09 072 2 16 0 2 24 -40.275 -67.526 -354.278  193.081 1.653214 -69.0 -33.0 36.0  474 24469 
09 073 2 17 0 1 40 -61.487 -82.415 -382.805  224.467 0.534374 -82.0  0.0 82.0  363 24832 
09 074 2 18 0 2 24 -18.947 -4.299 -400.298  513.359 0.684665 -19.0  0.0 19.0  493 25324 
09 075 2 19 0 1 40  131.027  125.302 -423.935  455.687 1.853605 125.0  42.0 83.0  359 25684 
09 076 2 20 0 1 40 -70.552 -51.436 -416.217  314.731 1.102143 -51.0 -80.0 29.0  483 26167 
09 077 2 21 0 3 11 -37.103  51.476 -215.973  338.805 0.784863 21.0  66.0 45.0  459 26625 
09 078 2 22 0 2 24 -49.365 -78.709 -363.660  163.482 1.836904 -47.0 -54.0 7.0  499 27124 
09 079 2 23 0 3 11  5.034  3.730 -335.708  287.177 0.935153 -26.0  22.0 48.0  453 27577 
09 080 2 24 0 1 40  34.473  21.686 -214.179  270.886 0.951852 22.0 -18.0 40.0  467 28045 
09 081 2 25 0 1 40  101.551  107.679 -278.167  406.868 1.085441 108.0  63.0 45.0  459 28503 
09 082 2 26 0 1 40  3.659 -8.495 -382.639  330.671 0.484276 -8.0  0.0 8.0  499 29002 
09 083 2 27 0 1 40  90.189  130.281 -231.133  412.240 1.135541 130.0  89.0 41.0  466 29468 
09 084 2 28 0 2 24  88.170  86.927 -140.707  457.232 1.152241 119.0  94.0 25.0  487 29955 
09 085 2 29 0 3 11 -93.591 -32.491 -273.531  265.033 0.584464 -94.0  0.0 94.0  320 30275 
09 086 2 30 0 4  4  136.440 -7.805 -293.416  222.118 0.951854 107.0 -25.0 132.0  144 30419 
09 087 2 31 0 1 40 -67.848 -72.222 -380.582  317.663 1.269133 -72.0 -16.0 56.0  436 30855 
09 088 2 32 0 2 24 -12.660 -27.440 -377.034  262.941 1.703311 -33.0  20.0 53.0  443 31298 
09 089 2 33 0 1 40  63.040  59.913 -232.301  434.480 0.985249 60.0  82.0 22.0  490 31788 
09 090 2 34 0 1 40  26.597  63.745 -233.210  408.113 1.252432 64.0  70.0 6.0  499 32287 
09 091 2 35 0 3 11 -52.857 -41.985 -177.670  175.007 1.469524 -67.0 -126.0 59.0  429 32716 
09 092 2 36 0 1 40  16.248 -9.353 -375.241  266.060 0.935151 -9.0 -38.0 29.0  483 33199 
09 093 2 37 0 4  4 -92.159 -170.927 -211.500 -132.514 0.734762 -112.0  0.0 112.0  244 33443 
09 094 2 38 0 2 24 -46.400 -39.838 -411.776  208.652 1.152238 -49.0 -77.0 28.0  484 33927 
09 095 2 39 0 3 11  41.826  67.656 -320.151  315.891 0.784863 29.0  35.0 6.0  499 34426 
09 096 2 40 0 2 24  69.465  73.824 -206.369  341.512 0.868356 68.0  36.0 32.0  479 34905 
09 097 2 41 0 4  4 -50.488  34.138 -180.297  138.965 1.219036 -26.0 -111.0 85.0  353 35258 
09 098 2 42 0 1 40  73.485  17.126 -367.036  290.210 1.502919 17.0  13.0 4.0  500 35758 
09 099 2 43 0 4  4  131.879  47.308 -37.132  112.244 0.684664 115.0 -37.0 152.0  28 35786 
09 100 2 44 0 3 11  16.375  130.075 -145.082  335.722 0.751462 34.0  59.0 25.0  487 36273 
09 101 2 45 0 3 11 -143.887 -105.178 -353.392  56.615 0.467577 -108.0  0.0 108.0  262 36535 
09 102 2 46 0 2 24  37.217  16.939 -252.245  237.102 1.185640 34.0 -10.0 44.0  460 36996 
09 103 2 47 0 2 24 -85.473 -95.231 -380.050  136.179 1.686612 -94.0 -73.0 21.0  491 37487 
09 104 2 48 0 4  4 -1.817 -110.284 -399.233  106.598 0.935152 -49.0 -99.0 50.0  449 37936 
09 105 2 49 0 3 11  161.805  209.771  16.289  353.232 0.935159 134.0  45.0 89.0  338 38274 
09 106 2 50 0 2 24 -48.277 -26.784 -265.080  258.564 0.951850 -25.0  1.0 26.0  486 38760 
09 107 2 51 0 4  4 -17.238  54.191 -204.428  203.419 1.569718 22.0 -30.0 52.0  445 39205 
09 108 2 52 0 4  4 -105.654 -110.306 -189.836 -3.307 3.005843 -127.0  36.0 163.0 -42 39163 
09 109 2 53 0 2 24 -43.526  50.932 -337.483  277.132 0.901755 47.0 -24.0 71.0  397 39560 
09 110 2 54 0 2 24 -113.660 -120.526 -350.198  137.354 0.818257 -116.0 -119.0 3.0  500 40060 
09 111 2 55 0 3 11  32.524  19.941 -124.929  168.195 1.252436 54.0 -31.0 85.0  353 40412 
09 112 2 56 0 1 40  23.202  24.851 -291.394  444.939 0.935157 25.0  28.0 3.0  500 40912 
09 113 3 01 0 3 11  88.641  171.972 -91.551  336.772 0.885051 74.0  80.0 6.0  499 41411 
09 114 3 02 0 3 11  2.161  13.852 -162.920  232.055 0.634572 16.0 -16.0 32.0  479 41891 
09 115 3 03 0 4  4  114.699  66.776 -60.579  198.208 0.951850 109.0 -36.0 145.0  71 41961 
09 116 3 04 0 3 11  38.071  129.665 -122.796  438.220 1.152242 35.0  70.0 35.0  475 42436 
09 117 3 05 0 2 24  90.798  61.174 -330.551  406.499 0.768159 45.0  49.0 4.0  500 42936 
09 118 3 06 0 1 40 -135.462 -108.673 -394.990  116.741 1.168939 -109.0 -128.0 19.0  493 43429 
09 119 3 07 0 2 24 -0.270 -9.841 -267.156  231.028 1.436127 -4.0  36.0 40.0  467 43896 
09 120 3 08 0 3 11 -103.552 -130.211 -300.598  108.271 0.851656 -134.0 -40.0 94.0  320 44216 
09 121 3 09 0 4  4  14.449  78.884 -44.771  230.048 0.751462 -48.0 -15.0 33.0  478 44694 
09 122 3 10 0 4  4  58.269  13.801 -151.621  132.301 0.834956 54.0  39.0 15.0  495 45189 
09 123 3 11 0 1 40 -135.008 -99.227 -403.631  156.892 1.586418 -99.0 -142.0 43.0  462 45651 
09 124 3 12 0 2 24  109.816  122.677 -174.190  487.070 1.402727 97.0  131.0 34.0  476 46128 
09 125 3 13 0 1 40 -97.539 -121.475 -368.029  232.751 1.168936 -121.0 -112.0 9.0  498 46626 
09 126 3 14 0 3 11  58.831  9.975 -234.105  398.316 1.035350 52.0  34.0 18.0  493 47119 
09 127 3 15 0 2 24 -35.927 -73.765 -450.943  236.783 0.801560 -54.0 -87.0 33.0  478 47597 
09 128 3 16 0 3 11  79.325  43.770 -170.047  379.566 0.868355 84.0  32.0 52.0  445 48042 
09 129 3 17 0 1 40 -36.916 -65.910 -440.846  264.623 0.968548 -66.0 -94.0 28.0  484 48526 
09 130 3 18 0 4  4  66.437 -59.030 -371.394  63.138 0.734762 22.0 -71.0 93.0  323 48849 
09 131 3 19 0 3 11  97.098  154.774 -144.191  444.531 1.235736 123.0  164.0 41.0  466 49315 
09 132 3 20 0 3 11 -19.038 -68.218 -436.298  283.284 0.968549 -17.0 -68.0 51.0  447 49762 
09 133 3 21 0 4  4 -36.758 -127.229 -342.752 -5.446 1.887002 -30.0 -19.0 11.0  498 50260 
09 134 3 22 0 2 24  69.027  72.488 -237.145  410.861 1.102144 91.0  97.0 6.0  499 50759 
09 135 3 23 0 2 24  13.569  89.066 -153.187  324.064 1.219037 48.0  61.0 13.0  497 51255 
09 136 3 24 0 4  4  61.738  195.648  75.953  484.708 1.102144 93.0  95.0 2.0  500 51755 
09 137 3 25 0 4  4  23.835  220.742  88.500  396.101 0.968549 64.0  64.0 0.0  500 52255 
09 138 3 26 0 2 24 -89.065 -96.342 -406.289  118.294 0.951859 -126.0 -83.0 43.0  462 52718 
09 139 3 27 0 1 40  6.780 -15.425 -405.748  192.928 1.252436 -15.0 -91.0 76.0  382 53100 
09 140 3 28 0 4  4  170.733  135.319 -189.455  334.809 1.001954 161.0  28.0 133.0  139 53239 
09 141 3 29 0 2 24 -67.004 -69.222 -390.251  242.079 1.202345 -60.0 -86.0 26.0  486 53725 
09 142 3 30 0 2 24  66.156  63.723 -268.331  386.355 0.885054 96.0  70.0 26.0  486 54211 
09 143 3 31 0 2 24  95.041  68.328 -272.976  330.401 0.768159 79.0  18.0 61.0  424 54635 
09 144 3 32 0 1 40  61.262  24.108 -299.150  418.755 0.417486 24.0  0.0 24.0  488 55123 
09 145 3 33 0 4  4  93.372  87.563 -196.117  422.315 1.018648 88.0  44.0 44.0  460 55584 
09 146 3 34 0 4  4  93.527  107.865  28.783  186.947 3.339826 67.0  187.0 120.0  206 55790 
09 147 3 35 0 3 11 -43.947 -20.397 -201.903  192.206 0.768161 -47.0 -67.0 20.0  492 56282 
09 148 3 36 0 1 40  43.930  33.476 -215.123  275.751 0.734768 33.0 -22.0 55.0  438 56720 
09 149 3 37 0 3 11 -251.078 -353.364 -507.071 -20.410 1.285835 -289.0 -247.0 42.0  464 57184 
09 150 3 38 0 3 11  126.352  124.147 -25.542  336.433 1.669913 105.0  224.0 119.0  211 57395 
09 151 3 39 0 2 24 -292.864 -359.353 -653.019 -120.947 0.801559 -338.0 -227.0 111.0  249 57644 
09 152 3 40 0 2 24 -20.319 -1.528 -361.354  215.105 1.469523 -2.0 -37.0 35.0  475 58119 
09 153 3 41 0 4  4  48.263  10.409 -170.540  176.745 0.367381 45.0  0.0 45.0  459 58577 
09 154 3 42 0 1 40  53.136  86.864 -114.291  405.366 1.152238 87.0  75.0 12.0  497 59074 
09 155 3 43 0 4  4 -89.676 -134.131 -261.594  7.152 1.052054 -70.0 -55.0 15.0  495 59570 
09 156 3 44 0 2 24  5.741  5.919 -211.544  338.211 0.384085 5.0  0.0 5.0  499 60069 
09 157 3 45 0 2 24 -100.144 -64.714 -335.273  223.094 2.070692 -94.0 -25.0 69.0  403 60472 
09 158 3 46 0 3 11  45.817  75.399 -181.497  214.333 0.868358 58.0  73.0 15.0  495 60968 
09 159 3 47 0 3 11  60.181  67.832 -148.533  321.143 0.801560 70.0  70.0 0.0  500 61468 
09 160 3 48 0 2 24 -53.777 -80.807 -291.694  245.865 0.768159 -73.0  0.0 73.0  391 61859 
09 161 3 49 0 4  4 -28.651  56.106 -169.974  246.986 1.953799 -11.0 -23.0 12.0  497 62356 
09 162 3 50 0 1 40  7.033  1.453 -340.642  230.122 0.918453 1.0  13.0 12.0  497 62853 
09 163 3 51 0 1 40  156.989  155.184 -142.368  404.567 1.202343 155.0  167.0 12.0  497 63350 
09 164 3 52 0 3 11 -155.253 -181.995 -434.981  44.125 0.935154 -195.0 -87.0 108.0  262 63612 
09 165 3 53 0 3 11  43.587 -34.988 -381.316  176.433 1.052046 39.0 -75.0 114.0  235 63847 
09 166 3 54 0 3 11  115.735  21.046 -276.529  253.702 3.189534 78.0  0.0 78.0  376 64223 
09 167 3 55 0 3 11 -17.483 -61.701 -331.119  86.325 1.252435 -53.0 -27.0 26.0  486 64709 
09 168 3 56 0 2 24 -107.720 -76.022 -410.322  235.289 1.202337 -80.0 -82.0 2.0  500 65209 
09 169 4 01 0 4  4 -110.775 -84.743 -371.200  58.209 0.667965 -145.0 -45.0 100.0  296 65505 
09 170 4 02 0 1 40 -70.467 -31.331 -253.540  272.345 0.718063 -31.0 -41.0 10.0  498 66003 
09 171 4 03 0 2 24  46.257  68.076 -107.575  241.864 0.400781 65.0  0.0 65.0  414 66416 
09 172 4 04 0 4  4  137.637  206.052  140.905  265.102 1.285834 155.0  114.0 41.0  466 66882 
09 173 4 05 0 4  4  5.905 -8.219 -180.489  200.041 0.684665 17.0  64.0 47.0  455 67337 
09 174 4 06 0 3 11 -79.255  62.906 -132.482  270.978 0.634568 -65.0 -54.0 11.0  498 67834 
09 175 4 07 0 1 40 -11.296 -0.437 -220.323  365.499 0.901748 -0.0  61.0 61.0  424 68259 
09 176 4 08 0 2 24  93.379  99.893 -105.542  410.173 0.801560 97.0  60.0 37.0  472 68731 
09 177 4 09 0 2 24  132.305  185.231 -9.907  546.721 1.068749 150.0  136.0 14.0  496 69227 
09 178 4 10 0 3 11  76.213  141.661 -71.583  369.822 0.801560 89.0  95.0 6.0  499 69726 
09 179 4 11 0 1 40 -121.206 -133.994 -537.532  162.057 1.085444 -134.0 -168.0 34.0  476 70202 
09 180 4 12 0 1 40  92.047  123.504 -209.369  415.726 1.202337 124.0  152.0 28.0  484 70686 
09 181 4 13 0 1 40 -93.662 -110.280 -485.533  143.082 0.951846 -110.0 -101.0 9.0  498 71185 
09 182 4 14 0 2 24 -136.289 -96.541 -317.026  247.064 0.951851 -117.0 -58.0 59.0  429 71614 
09 183 4 15 0 1 40 -31.786 -23.084 -304.348  352.916 0.784860 -23.0 -6.0 17.0  494 72108 
09 184 4 16 0 2 24 -91.367 -70.995 -340.682  245.611 0.718064 -63.0 -51.0 12.0  497 72605 
09 185 4 17 0 3 11  139.750  107.055 -91.482  511.010 0.901755 134.0  72.0 62.0  422 73026 
09 186 4 18 0 1 40  64.800  83.499 -220.003  393.703 0.818257 83.0  85.0 2.0  500 73526 
09 187 4 19 0 2 24 -2.139  26.562 -286.844  227.389 0.918449 16.0  55.0 39.0  469 73995 
09 188 4 20 0 3 11  97.490  119.953 -91.856  312.179 0.701366 84.0  73.0 11.0  498 74493 
09 189 4 21 0 2 24 -13.321  22.891 -311.176  427.415 0.768161 13.0  83.0 70.0  400 74893 
09 190 4 22 0 1 40  18.063  5.457 -311.088  269.820 1.736713 5.0 -16.0 21.0  491 75384 
09 191 4 23 0 2 24  63.106  39.678 -210.034  477.350 0.901749 39.0  63.0 24.0  488 75872 
09 192 4 24 0 4  4 -45.325 -32.880 -186.163  138.748 1.018649 -48.0 -30.0 18.0  493 76365 
09 193 4 25 0 4  4 -130.175 -284.765 -458.052  17.030 1.519621 -166.0 -184.0 18.0  493 76859 
09 194 4 26 0 4  4 -8.438  103.830 -81.137  369.259 1.569719 21.0  102.0 81.0  366 77225 
09 195 4 27 0 1 40 -242.553 -237.493 -630.686  76.199 2.438073 -237.0 -195.0 42.0  464 77689 
09 196 4 28 0 4  4  83.522  211.597  79.027  451.592 0.701365 80.0  0.0 80.0  369 78058 
09 197 4 29 0 4  4 -125.244 -147.312 -331.264  91.442 2.321174 -144.0  16.0 160.0 -22 78036 
09 198 4 30 0 3 11  108.559  48.576 -163.022  302.661 1.302531 100.0 -29.0 129.0  160 78196 
09 199 4 31 0 2 24  89.157  112.365 -93.131  365.875 0.784861 123.0  78.0 45.0  459 78655 
09 200 4 32 0 4  4  143.789  176.046 -152.692  316.351 1.235735 162.0  72.0 90.0  335 78990 
09 201 4 33 0 1 40  66.391  78.360 -256.302  477.885 2.070692 78.0  81.0 3.0  500 79489 
09 202 4 34 0 4  4  143.132  256.409  5.871  424.582 1.419431 139.0  93.0 46.0  457 79946 
09 203 4 35 0 3 11 -125.815 -138.731 -469.318  173.204 0.868350 -172.0 -129.0 43.0  462 80408 
09 204 4 36 0 4  4  109.168  26.737 -106.590  217.638 0.851664 90.0 -54.0 144.0  77 80485 
09 205 4 37 0 4  4 -107.949 -87.713 -348.783  37.310 0.751465 -90.0 -40.0 50.0  449 80934 
09 206 4 38 0 4  4  86.915  110.083  35.000  227.978 1.369329 83.0  61.0 22.0  490 81424 
09 207 4 39 0 2 24 -59.210 -41.387 -425.261  247.273 0.617867 -56.0 -53.0 3.0  500 81924 
09 208 4 40 0 3 11 -56.236 -5.930 -208.416  253.080 0.768161 -33.0  23.0 56.0  436 82360 
09 209 4 41 0 1 40  52.528  80.592 -313.318  335.376 1.386027 81.0  13.0 68.0  406 82766 
09 210 4 42 0 4  4 -1.911  76.625 -58.322  261.269 0.584471 -29.0  0.0 29.0  483 83249 
09 211 4 43 0 3 11 -36.685 -35.066 -358.659  237.006 0.868356 -10.0 -23.0 13.0  497 83745 
09 212 4 44 0 4  4  234.964  312.636  240.457  378.090 1.135540 237.0  208.0 29.0  483 84228 
09 213 4 45 0 1 40 -162.137 -194.818 -504.582  32.941 1.870303 -195.0 -227.0 32.0  479 84707 
09 214 4 46 0 1 40 -27.635 -6.792 -368.892  309.613 0.450876 -7.0  0.0 7.0  499 85206 
09 215 4 47 0 1 40 -3.717 -16.469 -281.859  324.401 1.168939 -16.0  17.0 33.0  478 85684 
09 216 4 48 0 3 11  123.014  71.315 -189.531  254.841 1.001949 102.0  90.0 12.0  497 86181 
09 217 4 49 0 3 11  165.601  146.549 -170.388  381.636 0.851657 172.0  91.0 81.0  366 86547 
09 218 4 50 0 2 24  80.884  140.413 -326.187  425.923 1.052044 96.0  112.0 16.0  495 87042 
09 219 4 51 0 3 11 -46.188 -43.069 -270.595  267.328 0.283897 -95.0  0.0 95.0  316 87358 
09 220 4 52 0 3 11  104.355  157.425 -19.626  382.164 1.319231 150.0  109.0 41.0  466 87823 
09 221 4 53 0 3 11  135.956  39.890 -245.867  230.187 0.417478 122.0  0.0 122.0  196 88020 
09 222 4 54 0 3 11 -220.248 -120.098 -574.241  167.146 0.985253 -212.0 -105.0 107.0  266 88286 
09 223 4 55 0 1 40 -28.211  4.076 -392.790  308.661 1.319229 4.0  28.0 24.0  488 88774 
09 224 4 56 0 3 11 -22.960 -52.371 -312.859  197.986 0.651271 -32.0 -25.0 7.0  499 89273 
09 225 5 01 0 2 24  42.230  50.909 -161.390  379.582 1.235736 47.0  89.0 42.0  464 89737 
09 226 5 02 0 3 11  121.335  109.823 -109.219  263.611 0.801559 111.0  103.0 8.0  499 90236 
09 227 5 03 0 2 24 -16.854  3.940 -164.837  313.832 0.634569 -12.0 -50.0 38.0  471 90706 
09 228 5 04 0 2 24  54.459  79.499 -165.299  292.600 0.701363 77.0  60.0 17.0  494 91200 
09 229 5 05 0 4  4 -34.859 -157.955 -303.421  39.755 0.751465 -22.0 -65.0 43.0  462 91663 
09 230 5 06 0 4  4  132.263  114.185 -74.348  248.283 0.834958 150.0  113.0 37.0  472 92135 
09 231 5 07 0 3 11  50.687  17.690 -271.502  232.040 0.935151 5.0  14.0 9.0  498 92633 
09 232 5 08 0 1 40  160.382  157.715 -83.921  436.150 0.951851 158.0  174.0 16.0  495 93128 
09 233 5 09 0 1 40  46.488  23.285 -227.060  392.119 0.768161 23.0  37.0 14.0  496 93624 
09 234 5 10 0 3 11 -90.169 -131.931 -344.255  79.653 0.734763 -118.0 -39.0 79.0  373 93997 
09 235 5 11 1 4  4  0.244 -32.206 -90.319  0.009 0.217095 9.0  0.0 9.0  498 94495 
09 236 5 12 0 1 40  102.546  82.890 -359.056  532.597 1.118843 83.0  64.0 19.0  493 94988 
09 237 5 13 0 3 11 -98.836 -137.936 -373.741  33.642 0.935153 -137.0 -64.0 73.0  391 95379 
09 238 5 14 0 1 40 -149.910 -166.082 -469.796  281.561 0.901757 -166.0 -160.0 6.0  499 95878 
09 239 5 15 0 2 24  192.074  161.748 -171.224  414.631 0.951851 170.0  89.0 81.0  366 96244 
09 240 5 16 0 2 24 -108.398 -147.676 -565.686  190.340 0.935162 -134.0 -120.0 14.0  496 96740 
09 241 5 17 0 3 11 -171.985 -143.001 -355.079  94.890 0.751462 -159.0 -85.0 74.0  388 97128 
09 242 5 18 0 2 24  102.440  164.735 -164.039  402.086 0.768163 157.0  103.0 54.0  440 97569 
09 243 5 19 0 3 11  84.872  63.569 -209.781  341.664 0.634563 72.0  68.0 4.0  500 98069 
09 244 5 20 0 1 40  67.795  14.419 -270.903  307.557 1.085445 14.0  5.0 9.0  498 98567 
09 245 5 21 0 3 11 -63.666 -61.183 -300.108  70.978 0.751466 -42.0  8.0 50.0  449 99016 
09 246 5 22 0 1 40  46.962  21.087 -189.069  340.592 0.834957 21.0  67.0 46.0  457 99473 
09 247 5 23 0 2 24  101.741  109.488 -181.688  324.427 0.801558 118.0  56.0 62.0  422 99894 
09 248 5 24 0 1 40  65.066  53.283 -348.479  347.636 0.918452 53.0  8.0 45.0  459 100353 
09 249 5 25 0 3 11  170.886  149.583 -62.202  303.328 0.801559 194.0  58.0 136.0  123 100475 
09 250 5 26 0 3 11 -45.639  5.668 -228.537  223.002 0.317284 -58.0  0.0 58.0  431 100907 
09 251 5 27 0 3 11 -109.949 -176.046 -321.443  3.384 0.768160 -99.0 -144.0 45.0  459 101365 
09 252 5 28 0 2 24 -60.559 -74.026 -423.166  210.420 0.718067 -51.0 -47.0 4.0  500 101865 
09 253 5 29 0 2 24  173.832  203.683 -65.179  466.995 0.868356 204.0  197.0 7.0  499 102364 
09 254 5 30 0 3 11  6.767  80.200 -211.671  268.591 0.868355 17.0  75.0 58.0  431 102795 
09 255 5 31 0 4  4 -90.535 -54.074 -199.725  80.435 0.384080 -84.0  0.0 84.0  356 103151 
09 256 5 32 0 2 24 -162.128 -86.665 -280.646  185.707 0.834957 -122.0 -99.0 23.0  489 103641 
09 257 5 33 0 1 40 -35.490 -53.768 -479.166  242.498 1.152239 -54.0 -61.0 7.0  499 104140 
09 258 5 34 0 1 40 -101.697 -125.881 -316.003  227.851 1.285845 -126.0 -34.0 92.0  327 104467 
09 259 5 35 0 2 24  97.912  48.411 -152.227  280.267 0.417478 82.0  0.0 82.0  363 104830 
09 260 5 36 0 1 40 -2.407  10.968 -326.435  302.368 0.768160 11.0 -42.0 53.0  443 105272 
09 261 5 37 0 1 40 -27.594 -30.135 -313.699  315.613 0.384081 -30.0  0.0 30.0  482 105754 
09 262 5 38 0 3 11 -102.906 -159.887 -379.265  96.413 1.118841 -112.0 -127.0 15.0  495 106249 
09 263 5 39 0 1 40 -1.102  3.299 -201.054  271.414 0.985248 3.0  44.0 41.0  466 106715 
09 264 5 40 0 1 40 -75.055 -91.879 -445.598  181.680 0.751462 -92.0 -69.0 23.0  489 107204 
09 265 5 41 0 1 40 -117.634 -149.037 -672.160  142.321 1.068744 -149.0 -95.0 54.0  440 107645 
09 266 5 42 0 4  4 -79.368 -0.005 -173.506  66.143 0.350677 -37.0  0.0 37.0  472 108117 
09 267 5 43 0 3 11 -119.137 -136.930 -341.873  233.998 0.868354 -155.0 -53.0 102.0  288 108405 
09 268 5 44 0 4  4 -15.683 -22.646 -85.371  126.501 0.768165 12.0 -38.0 50.0  449 108854 
09 269 5 45 0 1 40 -108.161 -129.136 -343.878  145.300 0.818257 -129.0 -95.0 34.0  476 109330 
09 270 5 46 0 4  4  109.621  125.711 -50.584  414.078 0.734763 43.0  69.0 26.0  486 109816 
09 271 5 47 0 3 11  189.077  208.556 -83.743  482.257 1.252440 191.0  114.0 77.0  379 110195 
09 272 5 48 0 4  4 -109.480 -70.326 -313.456  76.643 0.901754 -101.0  38.0 139.0  106 110301 
09 273 5 49 0 2 24 -66.890 -42.809 -360.432  251.126 1.202336 -56.0 -36.0 20.0  492 110793 
09 274 5 50 0 1 40  8.141 -5.355 -275.434  247.989 0.267192 -5.0  0.0 5.0  499 111292 
09 275 5 51 0 2 24 -183.486 -221.079 -509.894  96.919 1.118843 -202.0 -185.0 17.0  494 111786 
09 276 5 52 0 4  4  124.417  113.709  53.458  182.310 0.718059 136.0  107.0 29.0  483 112269 
09 277 5 53 0 3 11 -37.272 -56.431 -374.848  93.188 0.801558 -35.0 -31.0 4.0  500 112769 
09 278 5 54 0 4  4  54.486  125.276 -11.562  305.781 0.667964 65.0  0.0 65.0  414 113183 
09 279 5 55 0 2 24 -85.775 -77.472 -407.061  198.784 0.885054 -68.0 -83.0 15.0  495 113678 
09 280 5 56 0 2 24  9.302  13.918 -240.743  234.672 0.885053 6.0  54.0 48.0  453 114131 
