13 001 1 01 0 3 11 -50.784 -81.667 -335.580  72.022 0.468279 -78.0  0.0 78.0  376 375 
13 002 1 02 0 3 11 -15.862 -16.914 -199.371  134.651 0.434834 4.0  0.0 4.0  500 875 
13 003 1 03 0 1 40 -77.310 -115.320 -454.454  252.401 1.388123 -115.0 -148.0 33.0  478 1353 
13 004 1 04 0 1 40 -63.065 -37.089 -313.138  287.350 0.970015 -37.0 -70.0 33.0  478 1831 
13 005 1 05 0 1 40 -39.127 -37.229 -384.308  334.329 1.170706 -37.0 -65.0 28.0  484 2315 
13 006 1 06 0 2 24 -174.834 -183.395 -663.739  49.573 1.170707 -202.0 -130.0 72.0  394 2709 
13 007 1 07 0 1 40 -146.423 -181.646 -510.750  139.844 1.287777 -182.0 -211.0 29.0  483 3192 
13 008 1 08 0 4  4 -22.690  17.169 -119.267  140.833 1.153982 -53.0  32.0 85.0  353 3544 
13 009 1 09 0 2 24 -43.190 -84.972 -581.881  165.069 1.003462 -96.0 -110.0 14.0  496 4040 
13 010 1 10 0 3 11 -103.612 -170.760 -311.862  40.238 1.237602 -100.0 -134.0 34.0  476 4517 
13 011 1 11 0 2 24  80.205  98.571 -180.814  390.332 1.003463 80.0  133.0 53.0  443 4959 
13 012 1 12 0 2 24  159.424  155.637 -147.956  545.346 1.070361 168.0  190.0 22.0  490 5449 
13 013 1 13 0 4  4  55.587  149.467  26.780  240.723 1.036911 58.0  182.0 124.0  186 5636 
13 014 1 14 0 4  4 -5.918  121.750 -22.411  317.482 0.836218 44.0  93.0 49.0  451 6087 
13 015 1 15 0 2 24 -19.235 -30.508 -289.395  345.715 0.735873 -18.0 -58.0 40.0  467 6554 
13 016 1 16 0 2 24 -21.565 -20.096 -368.541  279.484 0.618804 -20.0 -68.0 48.0  453 7007 
13 017 1 17 0 3 11 -47.694 -113.248 -270.603  51.238 0.769321 -115.0 -102.0 13.0  497 7503 
13 018 1 18 0 4  4 -47.386  14.625 -94.318  148.078 0.769322 -55.0  112.0 167.0 -69 7434 
13 019 1 19 0 3 11 -14.594 -104.819 -349.152  7.881 1.455019 -21.0 -148.0 127.0  171 7605 
13 020 1 20 0 2 24 -32.983 -24.700 -284.874  277.953 1.053636 -29.0 -95.0 66.0  411 8016 
13 021 1 21 0 4  4 -352.446 -357.395 -564.372 -246.568 1.271054 -331.0 -332.0 1.0  500 8516 
13 022 1 22 0 3 11  51.907 -79.828 -292.255  95.976 0.836217 6.0 -131.0 137.0  117 8633 
13 023 1 23 0 2 24  114.055  178.986 -125.721  401.805 1.120533 155.0  249.0 94.0  320 8953 
13 024 1 24 0 1 40 -135.719 -139.805 -494.860  217.376 0.953290 -140.0 -217.0 77.0  379 9332 
13 025 1 25 0 1 40  161.691  196.096 -83.093  484.349 0.953286 196.0  223.0 27.0  485 9817 
13 026 1 26 0 2 24  188.399  187.260 -14.348  412.275 0.836221 198.0  187.0 11.0  498 10314 
13 027 1 27 0 1 40  62.794  69.350 -358.816  337.424 0.936565 69.0  60.0 9.0  498 10813 
13 028 1 28 0 1 40 -30.897 -16.459 -354.018  303.130 0.886391 -16.0 -67.0 51.0  447 11260 
13 029 1 29 0 1 40  14.886  18.945 -339.626  334.179 0.384661 19.0  0.0 19.0  493 11752 
13 030 1 30 0 4  4 -108.414 -132.796 -296.361 -28.579 0.451560 -97.0  0.0 97.0  308 12060 
13 031 1 31 0 4  4  51.820  111.635  48.219  162.639 0.769320 51.0  103.0 52.0  445 12505 
13 032 1 32 0 2 24  82.978  97.608 -133.877  407.376 0.886393 99.0  172.0 73.0  391 12896 
13 033 1 33 0 4  4 -172.239 -46.189 -251.847  116.854 0.451560 -120.0  0.0 120.0  206 13103 
13 034 1 34 0 4  4 -98.689 -66.978 -246.136  191.922 0.836219 -119.0 -66.0 53.0  443 13545 
13 035 1 35 0 3 11 -154.522 -80.194 -231.084  81.541 0.936563 -139.0 -94.0 45.0  459 14004 
13 036 1 36 0 1 40  214.805  240.420 -135.441  542.360 0.970013 240.0  265.0 25.0  487 14491 
13 037 1 37 0 4  4  79.058  87.545 -92.657  345.937 0.735871 102.0  54.0 48.0  453 14944 
13 038 1 38 0 1 40 -84.303 -83.942 -396.186  120.714 1.153982 -84.0 -142.0 58.0  431 15375 
13 039 1 39 0 3 11  52.534  59.699 -246.275  474.384 0.719146 25.0  0.0 25.0  487 15863 
13 040 1 40 0 3 11 -110.399 -143.879 -358.349  180.862 0.903118 -156.0 -149.0 7.0  499 16362 
13 041 1 41 0 2 24 -134.572 -110.655 -281.488  149.641 0.986735 -108.0 -151.0 43.0  462 16824 
13 042 1 42 0 3 11 -54.204 -26.809 -357.234  300.332 0.903119 -66.0  38.0 104.0  279 17103 
13 043 1 43 0 1 40  159.702  159.124 -142.395  513.414 1.103810 159.0  103.0 56.0  436 17539 
13 044 1 44 0 3 11  92.426  6.107 -171.260  166.532 0.652254 49.0 -49.0 98.0  304 17843 
13 045 1 45 0 2 24 -151.948 -154.138 -375.249  224.382 0.936565 -155.0 -184.0 29.0  483 18326 
13 046 1 46 0 4  4 -18.218 -24.071 -170.878  197.339 0.852943 3.0 -147.0 150.0  41 18367 
13 047 1 47 0 4  4 -162.009 -112.266 -236.247  21.504 0.869671 -169.0 -112.0 57.0  434 18801 
13 048 1 48 0 4  4 -48.714  33.602 -63.658  188.009 0.618802 -63.0 -10.0 53.0  443 19243 
13 049 1 49 0 2 24 -21.598 -6.062 -345.006  288.809 0.568628 -3.0 -43.0 40.0  467 19711 
13 050 1 50 0 2 24 -163.136 -144.370 -390.457  144.766 0.786047 -137.0 -95.0 42.0  464 20175 
13 051 1 51 0 2 24 -106.393 -104.974 -498.242  226.171 0.986739 -100.0 -122.0 22.0  490 20665 
13 052 1 52 0 3 11  35.593  93.463 -84.597  393.291 0.602079 43.0  79.0 36.0  474 21138 
13 053 1 53 0 1 40 -40.654 -87.687 -355.498  344.164 0.351213 -88.0  0.0 88.0  342 21480 
13 054 1 54 0 2 24  28.393 -19.236 -462.958  285.712 0.418111 -13.0  0.0 13.0  497 21977 
13 055 1 55 0 4  4 -47.309 -211.670 -283.763 -128.315 0.953289 -81.0 -197.0 116.0  225 22202 
13 056 1 56 0 3 11  51.623  24.782 -150.456  286.608 0.618803 46.0  13.0 33.0  478 22680 
13 057 2 01 0 4  4  164.148  221.600  121.703  385.241 0.485007 196.0  0.0 196.0 -284 22396 
13 058 2 02 0 3 11  36.716  38.647 -280.621  295.974 0.970014 14.0  69.0 55.0  438 22834 
13 059 2 03 0 2 24  49.426  33.395 -201.059  202.687 0.719154 56.0  16.0 40.0  467 23302 
13 060 2 04 0 2 24  73.547  64.097 -268.985  422.088 0.602077 79.0  58.0 21.0  491 23793 
13 061 2 05 0 3 11 -167.614 -194.286 -409.403  13.231 0.618802 -230.0 -165.0 65.0  414 24206 
13 062 2 06 0 4  4 -31.062 -66.739 -367.334  96.039 0.618804 -48.0  62.0 110.0  253 24459 
13 063 2 07 0 4  4  51.098  54.885 -97.130  193.966 0.936566 57.0  63.0 6.0  499 24959 
13 064 2 08 0 2 24 -9.660  19.116 -315.754  253.597 0.735872 -5.0  15.0 20.0  492 25451 
13 065 2 09 0 3 11 -125.499 -89.002 -307.544  62.305 0.367937 -111.0  0.0 111.0  249 25699 
13 066 2 10 0 2 24 -193.176 -254.431 -512.300  113.980 0.752598 -244.0 -283.0 39.0  469 26168 
13 067 2 11 0 3 11  137.379  109.307 -98.209  225.100 0.936563 123.0  157.0 34.0  476 26644 
13 068 2 12 0 4  4 -31.231  13.342 -104.682  112.176 0.735872 12.0  24.0 12.0  497 27141 
13 069 2 13 0 2 24  27.844  44.777 -225.610  232.679 0.752598 38.0  69.0 31.0  480 27622 
13 070 2 14 0 4  4 -187.476 -157.140 -269.981  14.034 0.836220 -170.0 -104.0 66.0  411 28033 
13 071 2 15 0 1 40 -23.664  2.785 -370.386  234.017 0.786045 3.0  36.0 33.0  478 28511 
13 072 2 16 0 4  4  5.575 -3.157 -154.094  73.421 0.903118 -27.0  20.0 47.0  455 28966 
13 073 2 17 0 4  4 -28.627 -131.158 -209.994 -79.816 0.652250 -29.0 -154.0 125.0  181 29147 
13 074 2 18 0 2 24  141.462  169.248 -221.594  404.321 0.752602 164.0  199.0 35.0  475 29622 
13 075 2 19 0 1 40  7.982  29.836 -371.141  450.905 0.418110 30.0  0.0 30.0  482 30103 
13 076 2 20 0 4  4 -25.247 -33.379 -269.634  134.300 0.501728 -44.0  0.0 44.0  460 30564 
13 077 2 21 0 3 11 -12.799 -7.025 -425.082  264.511 0.301039 -18.0  0.0 18.0  493 31057 
13 078 2 22 0 4  4 -15.968 -117.504 -284.776  58.304 0.384661 -7.0  0.0 7.0  499 31556 
13 079 2 23 1 4  4 -81.046 -173.638 -332.739  127.914 0.117071 -89.0  0.0 89.0  338 31895 
13 080 2 24 0 1 40  8.125 -30.341 -539.744  396.920 0.418113 -30.0  0.0 30.0  482 32376 
13 081 2 25 0 4  4  12.340 -74.876 -169.891  7.293 0.401387 31.0  0.0 31.0  480 32857 
13 082 2 26 1 4  4 -140.282 -57.227 -121.117  58.453 0.016727 -145.0  0.0 145.0  71 32928 
13 083 2 27 0 2 24 -6.589 -12.173 -321.084  233.858 0.418111 1.0  0.0 1.0  500 33428 
13 084 2 28 0 3 11 -68.379  20.233 -149.598  247.933 0.418110 -34.0  0.0 34.0  476 33904 
13 085 2 29 0 2 24 -79.459 -78.463 -393.605  156.118 0.685698 -84.0  0.0 84.0  356 34260 
13 086 2 30 0 4  4  93.403  182.708  50.360  408.837 0.668975 122.0  43.0 79.0  373 34633 
13 087 2 31 0 4  4 -109.251 -59.043 -72.041 -37.358 0.970016 -111.0 -55.0 56.0  436 35069 
13 088 2 32 0 3 11  128.092  48.911 -229.772  350.397 0.685702 113.0  121.0 8.0  499 35567 
13 089 2 33 0 4  4  80.068  213.882  77.399  347.328 0.819494 119.0  220.0 101.0  292 35859 
13 090 2 34 0 4  4 -48.229 -55.981 -228.664  31.921 0.451557 -72.0  0.0 72.0  394 36253 
13 091 2 35 0 3 11 -11.509 -46.144 -177.984  169.080 0.769318 -3.0 -90.0 87.0  346 36599 
13 092 2 36 0 2 24 -31.469 -8.939 -346.489  530.455 0.668980 -1.0 -14.0 13.0  497 37095 
13 093 2 37 0 4  4 -57.646  4.993 -265.707  170.557 0.668975 -56.0  104.0 160.0 -22 37073 
13 094 2 38 0 1 40 -37.125 -35.664 -354.166  325.843 0.719148 -36.0 -67.0 31.0  480 37553 
13 095 2 39 0 3 11 -46.755 -18.993 -207.470  135.050 0.652251 -40.0 -42.0 2.0  500 38053 
13 096 2 40 0 4  4  109.935  147.481  58.751  292.243 2.458479 64.0  0.0 64.0  416 38470 
13 097 2 41 0 4  4  48.862  69.755 -86.826  227.280 0.953290 15.0  78.0 63.0  419 38889 
13 098 2 42 0 3 11 -130.200 -164.625 -342.813  53.623 0.869668 -125.0 -175.0 50.0  449 39338 
13 099 2 43 0 2 24  110.953  90.973 -117.343  270.457 0.752597 84.0  159.0 75.0  385 39723 
13 100 2 44 0 3 11 -11.321 -96.692 -320.346  263.370 0.618801 -38.0 -63.0 25.0  487 40210 
13 101 2 45 0 3 11  13.499  4.820 -150.292  220.475 0.685697 9.0  32.0 23.0  489 40699 
13 102 2 46 0 3 11  68.971  68.358 -81.992  256.389 0.602076 79.0  63.0 16.0  495 41194 
13 103 2 47 0 3 11 -95.907 -183.894 -359.109  5.198 0.769330 -126.0 -134.0 8.0  499 41693 
13 104 2 48 0 2 24  37.136  15.994 -409.855  374.668 0.719151 11.0  190.0 179.0 -154 41539 
13 105 2 49 0 3 11  138.608  151.493 -163.468  417.667 0.735870 130.0  138.0 8.0  499 42038 
13 106 2 50 0 3 11  91.340  53.675 -42.198  223.164 1.271053 85.0  33.0 52.0  445 42482 
13 107 2 51 0 3 11  67.616  123.682 -121.558  415.574 0.769324 106.0  158.0 52.0  445 42927 
13 108 2 52 0 1 40 -49.091 -66.972 -299.861  197.469 0.903118 -67.0 -112.0 45.0  459 43386 
13 109 2 53 0 4  4 -130.640 -7.482 -182.629  164.224 0.668975 -132.0  124.0 256.0 -837 42548 
13 110 2 54 0 2 24  62.094  108.452 -195.480  438.508 2.073824 86.0  36.0 50.0  449 42997 
13 111 2 55 0 1 40  19.561  31.277 -332.324  495.916 0.735873 31.0  3.0 28.0  484 43481 
13 112 2 56 0 4  4 -19.434  19.635 -219.966  177.343 3.328154 -83.0  0.0 83.0  359 43841 
13 113 3 01 0 3 11  100.203  125.153 -166.787  428.682 1.070361 120.0  93.0 27.0  485 44326 
13 114 3 02 0 1 40 -75.766 -68.397 -354.623  186.454 0.668974 -68.0 -36.0 32.0  479 44805 
13 115 3 03 0 4  4 -111.625 -141.992 -297.549  118.385 0.903117 -66.0 -184.0 118.0  216 45021 
13 116 3 04 0 3 11 -133.027 -116.367 -396.154  128.377 0.903123 -154.0 -59.0 95.0  316 45337 
13 117 3 05 0 1 40 -54.953 -52.259 -392.597  190.084 0.535190 -52.0  5.0 57.0  434 45770 
13 118 3 06 0 2 24 -46.289 -25.199 -284.442  237.496 0.685697 -28.0  36.0 64.0  416 46187 
13 119 3 07 0 1 40  219.554  230.769 -112.240  447.142 0.903114 231.0  211.0 20.0  492 46679 
13 120 3 08 0 2 24  70.147  98.103 -184.366  379.107 3.060560 83.0  0.0 83.0  359 47038 
13 121 3 09 0 4  4  120.500  134.617 -13.118  357.422 0.652251 131.0  147.0 16.0  495 47533 
13 122 3 10 0 1 40 -11.325  5.658 -325.820  299.051 0.451556 6.0  0.0 6.0  499 48032 
13 123 3 11 0 3 11  67.228  53.692 -205.516  290.229 0.585354 74.0  47.0 27.0  485 48517 
13 124 3 12 0 3 11  180.462  143.886 -67.012  385.530 0.585354 198.0  76.0 122.0  196 48713 
13 125 3 13 0 3 11  65.307  140.031 -208.625  337.725 0.802772 68.0  176.0 108.0  262 48975 
13 126 3 14 0 3 11  11.891 -10.922 -273.947  197.113 0.668976 11.0 -36.0 47.0  455 49430 
13 127 3 15 0 4  4  180.125  5.609 -21.501  31.406 0.518454 175.0  0.0 175.0 -125 49305 
13 128 3 16 0 2 24  59.957  129.712 -243.023  560.742 0.852944 94.0  99.0 5.0  499 49805 
13 129 3 17 0 3 11 -123.282 -118.743 -408.715  121.151 0.602076 -111.0 -164.0 53.0  443 50247 
13 130 3 18 0 1 40 -138.996 -162.178 -541.882  143.313 0.919841 -162.0 -195.0 33.0  478 50725 
13 131 3 19 0 3 11  64.205  142.287 -140.827  372.874 0.769324 91.0  170.0 79.0  373 51098 
13 132 3 20 0 1 40  91.214  91.528 -271.796  421.186 0.635527 92.0  94.0 2.0  500 51598 
13 133 3 21 0 4  4  79.526  42.633 -94.076  163.854 0.836220 86.0  34.0 52.0  445 52043 
13 134 3 22 0 1 40 -155.618 -114.322 -464.008  124.915 1.053637 -114.0 -149.0 35.0  475 52518 
13 135 3 23 0 1 40 -52.532 -81.833 -418.460  172.651 0.936565 -82.0 -105.0 23.0  489 53007 
13 136 3 24 0 2 24 -154.028 -126.139 -393.075  363.159 3.930226 -134.0 -76.0 58.0  431 53438 
13 137 3 25 0 4  4  105.734  134.467  47.482  229.326 0.702424 112.0  156.0 44.0  460 53899 
13 138 3 26 0 3 11 -90.993 -22.925 -376.117  141.071 0.635527 -10.0 -29.0 19.0  493 54391 
13 139 3 27 0 4  4 -77.094 -84.823 -167.918  138.012 0.752597 -71.0 -108.0 37.0  472 54863 
13 140 3 28 0 4  4  90.191  140.977  25.157  185.504 0.786048 85.0  130.0 45.0  459 55322 
13 141 3 29 0 1 40  112.882  87.782 -252.743  395.627 0.752595 88.0  88.0 0.0  500 55822 
13 142 3 30 0 1 40  38.445  55.702 -132.037  314.662 1.204155 56.0  95.0 39.0  469 56291 
13 143 3 31 0 2 24  66.745  114.292 -164.400  328.774 1.220879 82.0  76.0 6.0  499 56790 
13 144 3 32 0 3 11  0.639  7.727 -125.146  277.074 0.786046 17.0  9.0 8.0  499 57289 
13 145 3 33 0 2 24 -79.883 -36.763 -305.276  186.613 0.735874 -45.0  0.0 45.0  459 57748 
13 146 3 34 0 3 11  52.165  125.801 -95.204  277.466 0.752597 77.0  115.0 38.0  471 58218 
13 147 3 35 0 2 24 -22.033 -27.561 -304.043  182.547 0.635523 -24.0 -21.0 3.0  500 58718 
13 148 3 36 1 3 11  82.693  122.645 -224.346  313.400 0.016726 108.0  0.0 108.0  262 58980 
13 149 3 37 0 1 40 -52.991 -30.956 -292.994  242.428 0.752596 -31.0  0.0 31.0  480 59460 
13 150 3 38 0 1 40 -163.998 -160.398 -452.149  129.973 1.087086 -160.0 -173.0 13.0  497 59957 
13 151 3 39 0 1 40  87.231  71.526 -204.278  446.996 0.752600 72.0  56.0 16.0  495 60452 
13 152 3 40 0 2 24  67.516  63.509 -304.505  411.905 1.120534 82.0  68.0 14.0  496 60948 
13 153 3 41 0 4  4 -66.062 -54.459 -117.884 -12.478 1.337950 -70.0 -22.0 48.0  453 61401 
13 154 3 42 0 1 40  78.220  77.346 -249.346  299.192 0.602079 77.0  0.0 77.0  379 61780 
13 155 3 43 0 4  4  13.882  47.307 -156.098  274.282 0.685699 2.0  45.0 43.0  462 62242 
13 156 3 44 0 3 11 -19.107  43.603 -149.944  343.325 0.535177 27.0 -3.0 30.0  482 62724 
13 157 3 45 0 2 24 -94.621 -119.784 -439.206  167.024 0.886392 -121.0 -124.0 3.0  500 63223 
13 158 3 46 0 2 24 -99.400 -97.157 -397.787  183.916 1.003461 -90.0 -47.0 43.0  462 63686 
13 159 3 47 0 1 40  97.873  108.942 -250.666  568.260 0.685701 109.0  126.0 17.0  494 64180 
13 160 3 48 0 4  4 -3.627  46.500  2.204  81.584 0.685697 -6.0  45.0 51.0  447 64627 
13 161 3 49 0 1 40  4.247  34.412 -228.719  313.530 0.702424 34.0  129.0 95.0  316 64942 
13 162 3 50 0 3 11 -83.039 -54.761 -426.707  231.474 0.568629 -59.0 -84.0 25.0  487 65430 
13 163 3 51 0 2 24 -9.016 -24.469 -355.555  148.915 0.518455 -12.0  0.0 12.0  497 65927 
13 164 3 52 0 1 40  113.636  155.086 -252.247  502.106 0.869669 155.0  156.0 1.0  500 66427 
13 165 3 53 0 3 11 -16.871 -43.147 -235.046  57.986 0.903115 -33.0  4.0 37.0  472 66899 
13 166 3 54 0 1 40 -18.168 -49.983 -463.780  190.712 0.802771 -50.0 -108.0 58.0  431 67330 
13 167 3 55 0 3 11 -54.489 -40.301 -243.759  193.846 0.652253 -50.0 -79.0 29.0  483 67813 
13 168 3 56 0 1 40  85.418  70.562 -288.028  425.035 0.836219 71.0  50.0 21.0  491 68304 
13 169 4 01 0 2 24 -164.189 -148.641 -470.095  113.704 0.819491 -160.0 -106.0 54.0  440 68744 
13 170 4 02 0 3 11  217.646  313.278  148.992  574.619 0.769320 244.0  299.0 55.0  438 69183 
13 171 4 03 0 1 40  61.554  87.913 -236.090  386.176 0.635518 88.0  107.0 19.0  493 69675 
13 172 4 04 0 3 11 -50.340 -35.739 -409.636  154.111 0.501733 -36.0 -6.0 30.0  482 70157 
13 173 4 05 0 2 24 -116.016 -153.745 -369.395  118.336 0.802767 -127.0 -134.0 7.0  499 70656 
13 174 4 06 0 1 40  127.706  122.918 -91.342  372.802 0.786046 123.0  118.0 5.0  499 71155 
13 175 4 07 0 3 11 -83.905 -93.348 -335.825  86.391 1.036910 -63.0 -130.0 67.0  408 71564 
13 176 4 08 0 1 40  84.993  99.465 -256.449  382.421 1.137256 99.0  130.0 31.0  480 72044 
13 177 4 09 0 3 11  17.640  42.611 -279.579  367.329 0.953289 -13.0  58.0 71.0  397 72441 
13 178 4 10 0 2 24 -1.555  54.650 -217.754  338.519 0.836220 6.0  105.0 99.0  300 72741 
13 179 4 11 0 3 11  26.743  63.133 -152.642  197.956 0.869668 9.0  92.0 83.0  359 73101 
13 180 4 12 0 3 11  253.731  245.673  82.764  357.126 0.986737 270.0  271.0 1.0  500 73601 
13 181 4 13 0 1 40  47.872  35.677 -383.351  369.868 0.702426 36.0 -76.0 112.0  244 73845 
13 182 4 14 0 1 40 -111.082 -98.525 -353.023  228.056 0.786047 -99.0 -62.0 37.0  472 74317 
13 183 4 15 0 1 40  61.573  83.289 -241.243  505.248 0.719148 83.0  43.0 40.0  467 74784 
13 184 4 16 0 3 11  37.396  125.906 -80.954  370.113 0.919838 35.0  118.0 83.0  359 75144 
13 185 4 17 0 3 11  15.546  38.046 -229.467  320.050 0.752598 83.0  32.0 51.0  447 75590 
13 186 4 18 0 1 40 -10.308 -33.233 -244.555  233.628 0.618802 -33.0 -16.0 17.0  494 76085 
13 187 4 19 0 2 24 -207.510 -200.323 -414.162  55.179 0.819493 -207.0 -155.0 52.0  445 76529 
13 188 4 20 0 1 40 -38.994 -47.943 -369.875  432.148 1.036911 -48.0 -100.0 52.0  445 76974 
13 189 4 21 0 2 24  113.978  145.044 -104.133  391.428 0.786046 94.0  112.0 18.0  493 77468 
13 190 4 22 0 2 24  4.641 -44.025 -401.342  388.637 1.036908 -20.0 -62.0 42.0  464 77932 
13 191 4 23 0 4  4 -26.005 -92.361 -375.329  106.195 1.170706 -17.0 -60.0 43.0  462 78394 
13 192 4 24 0 4  4  24.653  64.116 -36.788  195.466 0.769320 46.0  33.0 13.0  497 78890 
13 193 4 25 0 3 11  142.370  196.883 -29.280  320.261 0.769322 156.0  136.0 20.0  492 79382 
13 194 4 26 0 1 40 -58.110 -30.412 -388.457  480.569 1.120533 -30.0  0.0 30.0  482 79864 
13 195 4 27 0 3 11 -5.950  17.180 -452.920  271.713 0.401387 21.0  0.0 21.0  491 80355 
13 196 4 28 0 1 40  174.359  172.047 -303.893  455.612 0.668978 172.0  135.0 37.0  472 80827 
13 197 4 29 0 3 11  0.196  6.778 -160.608  138.078 1.020189 3.0  100.0 97.0  308 81135 
13 198 4 30 0 2 24 -68.627 -63.453 -415.722  212.351 0.685697 -55.0 -75.0 20.0  492 81627 
13 199 4 31 0 1 40  23.720  15.724 -319.856  444.260 0.468282 16.0 -5.0 21.0  491 82118 
13 200 4 32 0 2 24 -179.725 -191.831 -489.814  112.565 0.769320 -193.0 -169.0 24.0  488 82606 
13 201 4 33 0 1 40  0.467  28.815 -504.667  259.446 0.652251 29.0  95.0 66.0  411 83017 
13 202 4 34 0 1 40 -7.239  12.001 -338.794  381.982 0.652250 12.0 -33.0 45.0  459 83476 
13 203 4 35 0 2 24 -114.340 -126.132 -379.683  229.900 0.367936 -114.0 -1.0 113.0  239 83715 
13 204 4 36 0 4  4  110.495  118.250 -50.563  239.425 0.752598 123.0  97.0 26.0  486 84201 
13 205 4 37 0 2 24 -9.514  40.883 -335.498  462.393 0.668971 48.0  54.0 6.0  499 84701 
13 206 4 38 0 1 40 -65.000 -52.904 -376.160  396.431 0.685698 -53.0  22.0 75.0  385 85086 
13 207 4 39 0 2 24 -27.065 -91.383 -499.727  297.982 0.702424 -57.0 -143.0 86.0  349 85435 
13 208 4 40 0 3 11 -98.035 -113.779 -235.818  81.154 1.020186 -91.0 -114.0 23.0  489 85924 
13 209 4 41 0 1 40  39.571  52.766 -419.164  301.801 0.668975 53.0  58.0 5.0  499 86424 
13 210 4 42 0 2 24  53.469  91.891 -205.378  480.896 0.635528 86.0  85.0 1.0  500 86924 
13 211 4 43 0 4  4 -48.824 -6.728 -127.494  131.898 0.434848 -0.0 -3.0 3.0  500 87423 
13 212 4 44 0 1 40  11.871  8.654 -307.976  261.938 0.618799 9.0 -1.0 10.0  498 87921 
13 213 4 45 0 1 40 -80.990 -101.448 -567.141  212.891 0.786047 -101.0 -30.0 71.0  397 88318 
13 214 4 46 0 2 24  57.612  35.240 -167.413  317.312 0.919840 70.0  26.0 44.0  460 88779 
13 215 4 47 0 2 24  105.917  76.055 -198.739  258.207 0.518455 85.0  16.0 69.0  403 89182 
13 216 4 48 0 2 24  11.428 -7.182 -240.849  379.128 0.551903 15.0 -23.0 38.0  471 89652 
13 217 4 49 0 3 11  120.879  141.559 -342.903  348.508 0.551910 157.0  127.0 30.0  482 90134 
13 218 4 50 0 4  4  139.584  187.411  131.092  296.772 0.802770 157.0  204.0 47.0  455 90589 
13 219 4 51 0 4  4  79.439  66.559 -60.622  174.234 0.685701 48.0  94.0 46.0  457 91046 
13 220 4 52 0 1 40 -74.050 -90.925 -350.022  215.166 0.451558 -91.0  0.0 91.0  331 91377 
13 221 4 53 0 4  4  14.884  21.105 -162.565  177.021 0.702424 35.0  147.0 112.0  244 91621 
13 222 4 54 0 2 24  246.978  237.913 -147.852  464.408 0.652254 239.0  220.0 19.0  493 92113 
13 223 4 55 0 4  4 -27.420 -6.201 -137.231  178.842 1.053637 -13.0 -30.0 17.0  494 92607 
13 224 4 56 0 2 24  82.867  47.641 -152.856  355.872 0.518457 66.0  7.0 59.0  429 93036 
13 225 5 01 0 1 40 -68.419 -55.140 -431.015  298.871 0.919840 -55.0 -27.0 28.0  484 93520 
13 226 5 02 0 4  4  138.163  233.644  33.773  391.218 0.752596 142.0  236.0 94.0  320 93840 
13 227 5 03 0 4  4  162.216  245.995  17.545  510.598 0.668972 158.0  111.0 47.0  455 94295 
13 228 5 04 0 1 40  119.399  70.293 -305.906  375.039 0.568630 70.0  105.0 35.0  475 94770 
13 229 5 05 0 2 24 -93.375 -122.080 -429.348  326.906 0.585353 -122.0 -99.0 23.0  489 95259 
13 230 5 06 0 3 11 -93.476 -49.599 -251.173  177.235 0.551904 -80.0  15.0 95.0  316 95575 
13 231 5 07 0 2 24 -109.172 -89.079 -335.196  276.315 0.618804 -106.0 -59.0 47.0  455 96030 
13 232 5 08 0 4  4  50.351  76.787 -22.352  182.249 0.451559 46.0 -4.0 50.0  449 96479 
13 233 5 09 0 4  4 -111.595 -49.615 -223.321  139.630 0.652251 -148.0  2.0 150.0  41 96520 
13 234 5 10 0 2 24  166.016  100.728 -169.593  386.096 0.668975 159.0  127.0 32.0  479 96999 
13 235 5 11 0 2 24  70.826  51.498 -273.349  278.347 0.568628 58.0  62.0 4.0  500 97498 
13 236 5 12 0 3 11  27.079  23.074 -145.062  238.612 0.618805 -10.0  46.0 56.0  436 97934 
13 237 5 13 0 1 40  119.945  100.564 -300.295  325.785 0.501733 101.0  57.0 44.0  460 98395 
13 238 5 14 0 2 24  11.406  54.136 -208.042  343.073 0.585353 42.0  70.0 28.0  484 98879 
13 239 5 15 0 2 24 -105.568 -156.584 -421.335  154.529 0.802770 -101.0 -90.0 11.0  498 99377 
13 240 5 16 0 4  4 -38.119  122.326 -52.098  304.439 1.304501 -50.0  23.0 73.0  391 99768 
13 241 5 17 0 4  4  76.947  257.904  106.405  383.300 0.769322 125.0  144.0 19.0  493 100260 
13 242 5 18 0 1 40  140.822  125.889 -153.554  398.984 0.618803 126.0  125.0 1.0  500 100760 
13 243 5 19 0 2 24  44.021 -16.184 -379.466  234.408 0.819496 0.0 -32.0 32.0  479 101239 
13 244 5 20 0 4  4  53.299  82.969 -49.917  192.444 0.702423 66.0  26.0 40.0  467 101707 
13 245 5 21 0 4  4  11.545 -51.167 -210.713  97.089 0.685701 58.0 -50.0 108.0  262 101969 
13 246 5 22 0 1 40  48.262  88.402 -271.491  460.053 0.501732 88.0  63.0 25.0  487 102456 
13 247 5 23 0 3 11 -155.690 -249.280 -591.105 -8.219 0.685701 -206.0 -162.0 44.0  460 102917 
13 248 5 24 0 3 11  250.313  282.688  34.731  500.719 0.668976 271.0  183.0 88.0  342 103258 
13 249 5 25 0 3 11  101.398  173.804 -70.515  432.507 1.020187 102.0  255.0 153.0  22 103281 
13 250 5 26 0 2 24 -1.079 -0.802 -302.696  343.142 0.518456 28.0 -35.0 63.0  419 103700 
13 251 5 27 0 4  4  64.749  73.117 -11.783  163.738 0.652251 50.0  38.0 12.0  497 104197 
13 252 5 28 0 1 40 -43.313  13.625 -354.920  350.484 0.418108 14.0  0.0 14.0  496 104693 
13 253 5 29 0 2 24 -0.923  44.748 -146.982  251.079 0.735875 31.0  78.0 47.0  455 105148 
13 254 5 30 0 1 40 -0.402 -19.477 -321.254  305.729 0.602078 -19.0 -4.0 15.0  495 105643 
13 255 5 31 0 4  4  99.039  83.427  17.063  188.585 0.652250 174.0  70.0 104.0  279 105922 
13 256 5 32 0 4  4  26.590  108.558 -99.740  224.415 0.769322 24.0  145.0 121.0  201 106124 
13 257 5 33 0 4  4 -137.090 -32.279 -175.489  30.199 0.802771 -142.0  11.0 153.0  22 106146 
13 258 5 34 0 3 11  106.939  139.933 -47.996  332.746 1.889854 98.0  32.0 66.0  411 106557 
13 259 5 35 0 3 11 -13.783 -24.267 -390.928  170.711 0.869669 6.0 -28.0 34.0  476 107033 
13 260 5 36 0 2 24 -143.229 -159.069 -533.319  274.124 0.936562 -164.0 -203.0 39.0  469 107502 
13 261 5 37 0 1 40  20.758 -8.397 -312.403  306.961 0.518457 -8.0  15.0 23.0  489 107992 
13 262 5 38 0 4  4 -177.538 -144.401 -277.041 -42.974 0.652255 -175.0 -129.0 46.0  457 108448 
13 263 5 39 0 4  4  31.290  32.215 -39.480  130.655 0.585354 15.0  69.0 54.0  440 108889 
13 264 5 40 0 3 11 -266.024 -298.709 -538.670 -74.090 0.886393 -265.0 -337.0 72.0  394 109283 
13 265 5 41 0 4  4  22.222  31.231 -31.116  99.312 0.953290 24.0 -28.0 52.0  445 109728 
13 266 5 42 0 2 24 -87.814 -96.714 -291.636  356.886 0.585351 -96.0 -115.0 19.0  493 110221 
13 267 5 43 0 4  4 -0.878  210.358  91.661  374.077 0.652255 60.0  187.0 127.0  171 110391 
13 268 5 44 0 1 40 -37.290 -33.723 -355.862  289.634 0.485007 -34.0  0.0 34.0  476 110868 
13 269 5 45 0 1 40  163.206  190.548 -213.436  517.093 0.635525 191.0  169.0 22.0  490 111358 
13 270 5 46 0 1 40  92.640  86.839 -162.227  341.831 0.635527 87.0  116.0 29.0  483 111841 
13 271 5 47 0 3 11  98.865  125.175 -121.094  404.365 0.735873 119.0  165.0 46.0  457 112298 
13 272 5 48 0 3 11 -84.835 -88.311 -318.704  246.595 0.501734 -63.0 -78.0 15.0  495 112793 
13 273 5 49 0 3 11 -33.786 -16.151 -254.033  225.773 0.652252 -31.0  24.0 55.0  438 113231 
13 274 5 50 0 1 40 -142.041 -159.645 -464.949  181.417 0.702422 -160.0 -123.0 37.0  472 113703 
13 275 5 51 0 2 24 -9.419 -46.084 -268.416  199.956 0.668975 -18.0 -90.0 72.0  394 114097 
13 276 5 52 0 1 40  68.896  105.601 -194.882  418.391 0.535180 106.0  116.0 10.0  498 114595 
13 277 5 53 0 2 24  42.339  39.308 -326.958  266.061 0.769325 44.0  95.0 51.0  447 115042 
13 278 5 54 0 4  4  55.652  140.122  1.616  291.076 0.869668 118.0  64.0 54.0  440 115483 
13 279 5 55 0 2 24  30.324  35.058 -287.979  292.541 0.451565 16.0 -73.0 89.0  338 115821 
13 280 5 56 0 1 40 -88.867 -71.454 -339.100  179.486 0.668973 -71.0 -79.0 8.0  499 116320 
