 32   1 0 43 2 3 LH 1 62 -43 71 +17 1 1 9.807449 0 0 1709.101487 1709.603217 1709.603217 1709.603217 1711.610144 1721.417593 0 C 
 32   2 0 44 1 2 NL 0 164 +87 164 +67 0 1 4.752035 0 0 1722.430807 1722.932537 1722.932537 1722.932537 1724.939464 1729.691499 0 C 
 32   3 0 45 2 2 LL 1 70 -90 80 -70 1 1 2.764558 0 0 1730.709367 1731.211102 1731.211102 1731.211102 1733.218022 1735.982581 0 C 
 32   4 0 46 3 2 HL 1 120 -82 156 -62 1 1 4.796314 0 0 1736.997729 1737.499460 1737.499460 1737.499460 1739.506384 1744.302698 0 C 
 32   5 0 47 3 3 HH 1 115 +90 149 +30 1 1 36.291897 0 0 1745.326463 1745.828197 1745.828197 1745.828197 1747.835121 1784.127017 0 C 
 32   6 0 48 1 2 NL 0 91 +15 91 -5 0 1 6.758761 0 0 1785.147180 1785.648912 1785.648912 1785.648912 1787.655831 1794.414592 0 C 
 32   7 0 49 1 2 NL 0 171 -23 171 -3 0 1 3.321572 0 0 1795.432664 1795.934396 1795.934396 1795.934396 1797.941321 1801.262894 0 C 
 32   8 0 50 3 1 HN 0 175 -34 122 -34 0 1 2.087223 0 0 1802.272928 1802.774663 1802.774663 1802.774663 1804.781587 1806.868810 0 C 
 32   9 0 51 1 2 NL 0 113 +62 113 +42 0 1 1.867977 0 0 1807.892315 1808.394050 1808.394050 1808.394050 1810.400972 1812.268949 0 C 
 32  10 0 52 1 3 NH 0 150 -49 150 +11 0 1 1.531661 0 0 1813.277562 1813.779293 1813.779293 1813.779293 1815.786217 1817.317877 0 C 
 32  11 0 53 2 3 LH 1 171 -53 145 +7 1 1 1.107798 0 0 1818.328320 1818.830052 1818.830052 1818.830052 1820.836976 1821.944774 0 C 
 32  12 0 54 3 1 HN 0 102 +35 71 +35 0 1 1.955984 0 0 1822.960974 1823.462701 1823.462701 1823.462701 1825.469626 1827.425610 0 C 
 32  13 0 55 3 1 HN 0 115 +0 80 +0 0 1 2.269707 0 0 1828.446562 1828.948295 1828.948295 1828.948295 1830.955217 1833.224924 0 C 
 32  14 0 56 2 1 LN 0 120 +6 102 +6 0 1 2.230264 0 0 1834.249917 1834.751646 1834.751646 1834.751646 1836.758575 1838.988839 0 C 
 32  15 0 57 2 3 LH 1 87 -88 100 -28 1 1 6.840270 0 0 1840.003099 1840.504833 1840.504833 1840.504833 1842.511754 1849.352025 0 C 
 32  16 0 58 1 2 NL 0 122 -84 122 -64 0 1 1.366522 0 0 1850.372207 1850.873937 1850.873937 1850.873937 1852.880864 1854.247386 0 C 
 32  17 0 59 3 2 HL 1 68 -63 47 -43 0 0 4.576188 0 0 1855.272446 1855.774183 1855.774183 1855.774183 1857.781100 1862.357288 0 E 
 32  18 0 60 2 2 LL 1 81 -71 93 -51 1 1 1.482633 0 0 1863.367038 1863.868767 1863.868767 1863.868767 1865.875693 1867.358327 0 C 
 32  19 1  1 1 3 NH 0 73 +52 73 -8 0 1 2.743750 0 0 1872.147335 1872.649062 1872.649062 1872.649062 1874.655986 1877.399736 0 C 
 32  20 1  2 2 3 LH 1 76 -52 64 +8 1 1 1.537131 0 0 1878.418976 1878.920700 1878.920700 1878.920700 1880.927624 1882.464755 0 C 
 32  21 1  3 1 3 NH 0 153 -79 153 -19 0 1 1.686687 0 0 1883.486452 1883.988182 1883.988182 1883.988182 1885.995108 1887.681796 0 C 
 32  22 1  4 2 1 LN 0 144 -82 122 -82 1 0 1.724700 0 0 1888.704456 1889.206186 1889.206186 1889.206186 1891.213109 1892.937809 0 E 
 32  23 1  5 2 1 LN 0 143 -84 121 -84 0 1 3.790260 0 0 1893.955904 1894.457635 1894.457635 1894.457635 1896.464561 1900.254821 0 C 
 32  24 1  6 3 3 HH 1 76 +73 53 +13 1 1 2.258573 0 0 1901.264451 1901.766186 1901.766186 1901.766186 1903.773107 1906.031680 0 C 
 32  25 1  7 2 3 LH 1 160 -22 136 +38 1 1 3.025293 0 0 1907.051084 1907.552813 1907.552813 1907.552813 1909.559738 1912.585031 0 C 
 32  26 1  8 3 1 HN 0 70 +53 91 +53 0 1 2.020862 0 0 1913.607034 1914.108770 1914.108770 1914.108770 1916.115692 1918.136554 0 C 
 32  27 1  9 3 1 HN 0 99 -36 128 -36 0 1 2.963566 0 0 1919.159523 1919.661255 1919.661255 1919.661255 1921.668181 1924.631747 0 C 
 32  28 1 10 3 3 HH 1 158 -13 110 +47 1 1 2.451636 0 0 1925.648579 1926.150312 1926.150312 1926.150312 1928.157231 1930.608867 0 C 
 32  29 1 11 3 1 HN 0 92 +5 119 +5 0 1 1.664574 0 0 1931.619176 1932.120911 1932.120911 1932.120911 1934.127828 1935.792402 0 C 
 32  30 1 12 2 2 LL 1 138 -66 158 -86 1 1 4.052499 0 0 1936.803730 1937.305463 1937.305463 1937.305463 1939.312388 1943.364887 0 C 
 32  31 1 13 2 3 LH 1 89 -52 102 +8 1 1 2.236583 0 0 1944.379868 1944.881598 1944.881598 1944.881598 1946.888522 1949.125105 0 C 
 32  32 1 14 2 1 LN 0 109 -41 92 -41 0 1 1.614751 0 0 1950.149774 1950.651504 1950.651504 1950.651504 1952.658429 1954.273180 0 C 
 32  33 1 15 2 3 LH 1 112 +25 95 +85 1 1 2.634178 0 0 1955.284154 1955.785884 1955.785884 1955.785884 1957.792811 1960.426989 0 C 
 32  34 1 16 3 1 HN 0 126 -35 88 -35 0 1 1.520306 0 0 1961.438722 1961.940447 1961.940447 1961.940447 1963.947378 1965.467684 0 C 
 32  35 1 17 3 3 HH 1 163 -76 211 -16 1 1 8.037378 0 0 1966.489479 1966.991212 1966.991212 1966.991212 1968.998134 1977.035512 0 C 
 32  36 1 18 1 3 NH 0 83 -56 83 +4 0 1 2.760364 0 0 1978.046017 1978.547748 1978.547748 1978.547748 1980.554672 1983.315036 0 C 
 32  37 1 19 1 3 NH 0 142 -40 142 +20 0 1 4.015214 0 0 1984.334379 1984.836109 1984.836109 1984.836109 1986.843033 1990.858247 0 C 
 32  38 1 20 2 2 LL 1 139 +5 118 +25 1 1 3.299816 0 0 1991.877068 1992.378798 1992.378798 1992.378798 1994.385725 1997.685541 0 C 
 32  39 1 21 2 2 LL 1 179 -26 205 -46 1 1 2.600805 0 0 1998.700608 1999.202343 1999.202343 1999.202343 2001.209261 2003.810066 0 C 
 32  40 1 22 2 3 LH 1 170 +10 195 -50 1 1 10.370466 0 0 2004.821724 2005.323454 2005.323454 2005.323454 2007.330381 2017.700847 0 C 
 32  41 1 23 3 3 HH 1 66 +87 46 +27 1 1 1.527288 0 0 2018.719676 2019.221410 2019.221410 2019.221410 2021.228330 2022.755618 0 C 
 32  42 1 24 3 1 HN 0 132 -88 92 -88 0 1 1.901694 0 0 2023.770434 2024.272166 2024.272166 2024.272166 2026.279089 2028.180783 0 C 
 32  43 1 25 3 3 HH 1 93 -51 65 +9 1 1 2.205137 0 0 2029.205849 2029.707587 2029.707587 2029.707587 2031.714507 2033.919644 0 C 
 32  44 1 26 2 1 LN 0 65 +42 74 +42 0 1 2.220658 0 0 2034.942310 2035.444040 2035.444040 2035.444040 2037.450966 2039.671625 0 C 
 32  45 1 27 2 2 LL 1 112 +35 128 +15 1 1 2.098542 0 0 2040.695491 2041.197218 2041.197218 2041.197218 2043.204149 2045.302691 0 C 
 32  46 1 28 3 2 HL 1 95 -80 66 -60 1 1 2.632859 0 0 2046.314878 2046.816612 2046.816612 2046.816612 2048.823535 2051.456394 0 C 
 32  47 1 29 3 2 HL 1 98 +26 127 +46 1 1 4.070997 0 0 2052.469445 2052.971176 2052.971176 2052.971176 2054.978100 2059.049097 0 C 
 32  48 1 30 2 1 LN 0 172 +56 197 +56 0 1 5.894609 0 0 2060.062305 2060.564041 2060.564041 2060.564041 2062.570962 2068.465571 0 C 
 32  49 1 31 3 3 HH 1 83 -48 107 +12 1 1 1.217689 0 0 2069.478126 2069.979857 2069.979857 2069.979857 2071.986780 2073.204470 0 C 
 32  50 1 32 3 3 HH 1 112 +8 78 -52 1 1 2.516563 0 0 2074.227846 2074.729578 2074.729578 2074.729578 2076.736502 2079.253066 0 C 
 32  51 1 33 1 3 NH 0 115 +48 115 -12 0 1 2.803553 0 0 2080.265339 2080.767072 2080.767072 2080.767072 2082.773997 2085.577550 0 C 
 32  52 1 34 1 2 NL 0 146 -46 146 -26 0 1 2.440757 0 0 2086.587151 2087.088880 2087.088880 2087.088880 2089.095804 2091.536562 0 C 
 32  53 1 35 1 1 NN 0 98 +70 98 +70 0 1 6.406534 0 0 2092.557752 2093.059483 2093.059483 2093.059483 2095.066408 2101.472942 0 C 
 32  54 1 36 2 2 LL 1 61 -25 51 -45 1 1 1.873559 0 0 2102.492024 2102.993763 2102.993763 2102.993763 2105.000679 2106.874238 0 C 
 32  55 1 37 2 3 LH 1 97 -28 111 -88 1 1 2.947132 0 0 2107.893993 2108.395724 2108.395724 2108.395724 2110.402649 2113.349780 0 C 
 32  56 1 38 2 3 LH 1 61 -62 51 -2 1 1 1.493471 0 0 2114.366323 2114.868052 2114.868052 2114.868052 2116.874979 2118.368450 0 C 
 32  57 1 39 1 2 NL 0 121 +46 121 +26 0 1 5.971609 0 0 2119.383634 2119.885364 2119.885364 2119.885364 2121.892287 2127.863896 0 C 
 32  58 1 40 1 1 NN 0 161 -64 161 -64 0 1 2.170140 0 0 2128.883076 2129.384807 2129.384807 2129.384807 2131.391728 2133.561869 0 C 
 32  59 1 41 2 3 LH 1 78 +80 66 +20 1 1 3.337280 0 0 2134.586082 2135.087815 2135.087815 2135.087815 2137.094740 2140.432020 0 C 
 32  60 1 42 2 1 LN 0 149 +81 171 +81 0 1 2.721199 0 0 2141.443073 2141.944807 2141.944807 2141.944807 2143.951728 2146.672927 0 C 
 32  61 1 43 3 3 HH 1 150 -66 105 -6 1 1 2.363050 0 0 2147.697989 2148.199717 2148.199717 2148.199717 2150.206643 2152.569693 0 C 
 32  62 1 44 2 3 LH 1 175 +4 201 -56 1 1 2.484716 0 0 2153.584962 2154.086693 2154.086693 2154.086693 2156.093617 2158.578333 0 C 
 32  63 1 45 3 1 HN 0 153 +53 198 +53 0 1 1.598378 0 0 2159.589009 2160.090740 2160.090740 2160.090740 2162.097667 2163.696045 0 C 
 32  64 1 46 2 2 LL 1 154 -10 130 +10 1 1 2.500783 0 0 2164.706663 2165.208394 2165.208394 2165.208394 2167.215320 2169.716102 0 C 
 32  65 1 47 3 1 HN 0 75 +86 52 +86 0 1 4.935356 0 0 2170.727440 2171.229173 2171.229173 2171.229173 2173.236092 2178.171448 0 C 
 32  66 1 48 1 2 NL 0 75 -88 75 -68 0 1 6.001800 0 0 2179.189967 2179.691699 2179.691699 2179.691699 2181.698621 2187.700421 0 C 
 32  67 1 49 2 2 LL 1 123 +37 141 +17 0 0 1.988323 0 0 2188.722854 2189.224588 2189.224588 2189.224588 2191.231510 2193.219833 0 E 
 32  68 1 50 1 2 NL 0 85 +60 85 +40 0 1 2.406487 0 0 2194.241901 2194.743628 2194.743628 2194.743628 2196.750553 2199.157040 0 C 
 32  69 1 51 2 2 LL 1 73 -87 62 -67 1 1 1.905773 0 0 2200.179046 2200.680777 2200.680777 2200.680777 2202.687703 2204.593477 0 C 
 32  70 1 52 2 1 LN 0 71 +81 81 +81 1 0 3.504419 0 0 2205.614464 2206.116199 2206.116199 2206.116199 2208.123117 2211.627536 0 E 
 32  71 1 53 2 2 LL 1 146 -16 167 +4 1 1 1.329541 0 0 2212.638698 2213.140432 2213.140432 2213.140432 2215.147354 2216.476895 0 C 
 32  72 1 54 2 3 LH 1 155 +8 178 +68 1 1 2.414183 0 0 2217.488764 2217.990493 2217.990493 2217.990493 2219.997419 2222.411602 0 C 
 32  73 1 55 2 2 LL 1 166 -4 141 +16 1 1 3.140366 0 0 2223.425914 2223.927648 2223.927648 2223.927648 2225.934567 2229.074933 0 C 
 32  74 1 56 2 2 LL 1 95 -60 80 -80 1 1 6.092298 0 0 2230.098936 2230.600669 2230.600669 2230.600669 2232.607594 2238.699892 0 C 
 32  75 1 57 1 2 NL 0 159 +87 159 +67 0 1 2.683068 0 0 2239.715447 2240.217175 2240.217175 2240.217175 2242.224101 2244.907168 0 C 
 32  76 1 58 1 2 NL 0 57 -39 57 -59 0 1 2.010196 0 0 2245.920186 2246.421920 2246.421920 2246.421920 2248.428842 2250.439038 0 C 
 32  77 1 59 2 2 LL 1 71 +11 60 +31 1 1 5.089992 0 0 2251.455952 2251.957686 2251.957686 2251.957686 2253.964610 2259.054602 0 C 
 32  78 1 60 1 1 NN 0 124 +35 124 +35 0 1 3.260880 0 0 2260.069000 2260.570733 2260.570733 2260.570733 2262.577656 2265.838536 0 C 
 32  79 2  1 2 1 LN 0 175 +36 148 +36 0 1 3.039983 0 0 2286.961783 2287.463512 2287.463512 2287.463512 2289.470438 2292.510421 0 C 
 32  80 2  2 2 1 LN 0 95 -28 109 -28 0 1 2.291704 0 0 2293.534457 2294.036188 2294.036188 2294.036188 2296.043114 2298.334818 0 C 
 32  81 2  3 2 1 LN 0 158 -77 181 -77 0 1 3.782855 0 0 2299.354536 2299.856267 2299.856267 2299.856267 2301.863193 2305.646049 0 C 
 32  82 2  4 3 2 HL 1 74 +22 51 +2 1 1 1.868241 0 0 2306.663085 2307.164819 2307.164819 2307.164819 2309.171741 2311.039982 0 C 
 32  83 2  5 3 3 HH 1 146 -88 102 -28 1 1 1.168919 0 0 2312.065056 2312.566788 2312.566788 2312.566788 2314.573709 2315.742628 0 C 
 32  84 2  6 1 1 NN 0 127 +84 127 +84 0 1 1.675318 0 0 2316.764601 2317.266334 2317.266334 2317.266334 2319.273258 2320.948575 0 C 
 32  85 2  7 1 1 NN 0 141 -51 141 -51 0 1 6.147731 0 0 2321.965880 2322.467617 2322.467617 2322.467617 2324.474535 2330.622266 0 C 
 32  86 2  8 3 1 HN 0 60 +27 78 +27 0 1 7.552239 0 0 2331.632562 2332.134302 2332.134302 2332.134302 2334.141217 2341.693456 0 C 
 32  87 2  9 2 2 LL 1 58 +82 66 +62 1 1 2.220112 0 0 2342.704093 2343.205823 2343.205823 2343.205823 2345.212746 2347.432858 0 C 
 32  88 2 10 1 1 NN 0 154 -51 154 -51 0 1 2.412441 0 0 2348.457276 2348.959005 2348.959005 2348.959005 2350.965930 2353.378370 0 C 
 32  89 2 11 1 2 NL 0 130 -20 130 -40 0 1 1.393234 0 0 2354.394424 2354.896156 2354.896156 2354.896156 2356.903080 2358.296314 0 C 
 32  90 2 12 3 1 HN 0 116 -80 81 -80 0 1 3.718129 0 0 2359.311388 2359.813123 2359.813123 2359.813123 2361.820045 2365.538174 0 C 
 32  91 2 13 1 3 NH 0 129 -17 129 -77 0 1 6.025978 0 0 2366.553036 2367.054772 2367.054772 2367.054772 2369.061694 2375.087671 0 C 
 32  92 2 14 1 1 NN 0 119 -81 119 -81 0 1 2.429407 0 0 2376.102652 2376.604383 2376.604383 2376.604383 2378.611309 2381.040716 0 C 
 32  93 2 15 3 2 HL 1 175 -23 227 -3 1 1 2.314189 0 0 2382.056526 2382.558257 2382.558257 2382.558257 2384.565185 2386.879374 0 C 
 32  94 2 16 2 3 LH 1 111 +0 94 -60 1 1 2.016431 0 0 2387.893330 2388.395061 2388.395061 2388.395061 2390.401987 2392.418418 0 C 
 32  95 2 17 2 3 LH 1 143 -37 121 +23 0 0 2.018011 0 0 2393.429095 2393.930827 2393.930827 2393.930827 2395.937753 2397.955764 0 E 
 32  96 2 18 2 2 LL 1 145 +38 166 +58 1 1 3.999609 0 0 2398.964860 2399.466594 2399.466594 2399.466594 2401.473515 2405.473124 0 C 
 32  97 2 19 3 3 HH 1 108 +34 140 -26 1 1 3.449421 0 0 2406.490825 2406.992556 2406.992556 2406.992556 2408.999479 2412.448900 0 C 
 32  98 2 20 1 2 NL 0 64 -23 64 -43 0 1 11.357183 0 0 2413.464885 2413.966619 2413.966619 2413.966619 2415.973543 2427.330726 0 C 
 32  99 2 21 1 3 NH 0 94 +87 94 +27 0 1 2.385781 0 0 2428.349571 2428.851301 2428.851301 2428.851301 2430.858227 2433.244008 0 C 
 32 100 2 22 2 3 LH 1 57 +83 65 +23 1 1 2.578823 0 0 2434.253272 2434.755003 2434.755003 2434.755003 2436.761927 2439.340750 0 C 
 32 101 2 23 1 3 NH 0 117 -19 117 +41 0 1 8.449109 0 0 2440.357666 2440.859406 2440.859406 2440.859406 2442.866324 2451.315433 0 C 
 32 102 2 24 2 2 LL 1 109 +9 125 +29 0 0 3.228485 0 0 2452.332312 2452.834049 2452.834049 2452.834049 2454.840969 2458.069454 0 E 
 32 103 2 25 2 2 LL 1 90 +0 76 +20 1 1 2.567053 0 0 2459.088956 2459.590687 2459.590687 2459.590687 2461.597611 2464.164664 0 C 
 32 104 2 26 1 3 NH 0 124 +20 124 +80 0 1 2.318656 0 0 2465.176624 2465.678357 2465.678357 2465.678357 2467.685280 2470.003936 0 C 
 32 105 2 27 1 2 NL 0 65 -80 65 -60 0 1 4.648551 0 0 2471.013428 2471.515156 2471.515156 2471.515156 2473.522086 2478.170636 0 C 
 32 106 2 28 1 3 NH 0 156 -36 156 +24 0 1 6.182220 0 0 2479.191644 2479.693379 2479.693379 2479.693379 2481.700299 2487.882519 0 C 
 32 107 2 29 2 3 LH 1 97 +18 111 -42 0 0 1.334229 0 0 2488.891776 2489.393509 2489.393509 2489.393509 2491.400431 2492.734660 0 E 
 32 108 2 30 1 1 NN 0 153 -12 153 -12 0 1 1.762573 0 0 2493.758568 2494.260298 2494.260298 2494.260298 2496.267222 2498.029794 0 C 
 32 109 2 31 3 3 HH 1 121 +32 84 -28 1 1 3.194883 0 0 2499.043466 2499.545199 2499.545199 2499.545199 2501.552121 2504.747004 0 C 
 32 110 2 32 2 1 LN 0 180 -40 153 -40 0 1 2.913908 0 0 2505.766661 2506.268389 2506.268389 2506.268389 2508.275318 2511.189227 0 C 
 32 111 2 33 1 1 NN 0 83 +76 83 +76 0 1 2.292693 0 0 2512.205541 2512.707271 2512.707271 2512.707271 2514.714195 2517.006888 0 C 
 32 112 2 34 2 1 LN 0 158 -2 181 -2 0 1 1.647854 0 0 2518.025621 2518.527353 2518.527353 2518.527353 2520.534279 2522.182133 0 C 
 32 113 2 35 3 2 HL 1 118 +63 82 +43 1 1 1.901831 0 0 2523.193450 2523.695188 2523.695188 2523.695188 2525.702103 2527.603934 0 C 
 32 114 2 36 2 3 LH 1 174 -63 147 -3 1 1 4.093153 0 0 2528.628870 2529.130601 2529.130601 2529.130601 2531.137524 2535.230677 0 C 
 32 115 2 37 2 3 LH 1 123 +56 104 -4 1 1 2.292372 0 0 2536.255182 2536.756909 2536.756909 2536.756909 2538.763836 2541.056208 0 C 
 32 116 2 38 1 3 NH 0 148 +63 148 +3 1 0 0.926108 0 0 2542.075259 2542.576993 2542.576993 2542.576993 2544.583917 2545.510025 0 E 
 32 117 2 39 3 3 HH 1 80 +89 56 +29 1 1 1.046865 0 0 2546.523942 2547.025668 2547.025668 2547.025668 2549.032596 2550.079461 0 C 
 32 118 2 40 3 3 HH 1 103 -67 133 -7 1 1 4.874426 0 0 2551.089694 2551.591427 2551.591427 2551.591427 2553.598348 2558.472774 0 C 
 32 119 2 41 2 1 LN 0 82 -90 69 -90 1 0 4.396666 0 0 2559.485325 2559.987054 2559.987054 2559.987054 2561.993983 2566.390649 0 E 
 32 120 2 42 1 2 NL 0 91 +4 91 +24 0 1 4.061156 0 0 2567.412674 2567.914405 2567.914405 2567.914405 2569.921329 2573.982485 0 C 
 32 121 2 43 2 3 LH 1 96 +19 81 -41 1 1 2.946851 0 0 2575.005537 2575.507271 2575.507271 2575.507271 2577.514192 2580.461043 0 C 
 32 122 2 44 3 1 HN 0 164 -82 213 -82 0 1 3.439770 0 0 2581.477867 2581.979594 2581.979594 2581.979594 2583.986520 2587.426290 0 C 
 32 123 2 45 2 1 LN 0 89 -25 75 -25 0 1 5.289844 0 0 2588.435202 2588.936934 2588.936934 2588.936934 2590.943858 2596.233702 0 C 
 32 124 2 46 3 3 HH 1 97 +64 126 +4 1 1 15.754385 0 0 2597.248943 2597.750675 2597.750675 2597.750675 2599.757599 2615.511984 0 C 
 32 125 2 47 1 3 NH 0 168 -56 168 +4 0 1 1.949968 0 0 2616.532137 2617.033866 2617.033866 2617.033866 2619.040792 2620.990761 0 C 
 32 126 2 48 1 3 NH 0 98 +55 98 -5 0 1 2.357271 0 0 2622.001005 2622.502742 2622.502742 2622.502742 2624.509660 2626.866931 0 C 
 32 127 2 49 3 2 HL 1 160 +83 112 +63 1 1 2.253334 0 0 2627.887982 2628.389713 2628.389713 2628.389713 2630.396637 2632.649971 0 C 
 32 128 2 50 2 1 LN 0 134 -62 113 -62 0 1 3.466453 0 0 2633.674614 2634.176345 2634.176345 2634.176345 2636.183265 2639.649718 0 C 
 32 129 2 51 1 1 NN 0 164 -51 164 -51 0 1 1.868875 0 0 2640.665395 2641.167135 2641.167135 2641.167135 2643.174050 2645.042926 0 C 
 32 130 2 52 3 1 HN 0 125 +17 162 +17 0 1 3.033978 0 0 2646.067366 2646.569101 2646.569101 2646.569101 2648.576023 2651.610001 0 C 
 32 131 2 53 1 3 NH 0 178 -34 178 +26 0 1 8.255499 0 0 2652.623319 2653.125050 2653.125050 2653.125050 2655.131974 2663.387473 0 C 
 32 132 2 54 3 3 HH 1 142 -78 99 -18 1 1 8.226868 0 0 2664.397273 2664.899005 2664.899005 2664.899005 2666.905927 2675.132795 0 C 
 32 133 2 55 2 3 LH 1 88 -31 101 +29 1 1 2.347338 0 0 2676.154503 2676.656235 2676.656235 2676.656235 2678.663157 2681.010494 0 C 
 32 134 2 56 3 1 HN 0 79 +61 102 +61 0 1 2.424030 0 0 2682.024754 2682.526494 2682.526494 2682.526494 2684.533410 2686.957439 0 C 
 32 135 2 57 3 2 HL 1 115 -33 149 -53 1 1 8.270213 0 0 2687.978629 2688.480362 2688.480362 2688.480362 2690.487287 2698.757500 0 C 
 32 136 2 58 2 2 LL 1 158 +82 134 +62 1 1 1.950184 0 0 2699.769309 2700.271038 2700.271038 2700.271038 2702.277964 2704.228148 0 C 
 32 137 2 59 2 1 LN 0 75 +68 63 +68 0 1 3.954711 0 0 2705.238176 2705.739905 2705.739905 2705.739905 2707.746832 2711.701543 0 C 
 32 138 2 60 1 1 NN 0 66 +31 66 +31 0 1 13.014316 0 0 2712.713965 2713.215700 2713.215700 2713.215700 2715.222621 2728.236937 0 C 
 32 139 3  1 1 3 NH 0 73 -30 73 -90 0 1 1.691148 0 0 2775.731379 2776.233108 2776.233108 2776.233108 2778.240033 2779.931180 0 C 
 32 140 3  2 3 1 HN 0 180 -16 234 -16 0 1 1.301975 0 0 2780.949380 2781.451110 2781.451110 2781.451110 2783.458034 2784.760010 0 C 
 32 141 3  3 2 3 LH 1 175 +22 201 +82 1 1 2.469192 0 0 2785.782723 2786.284461 2786.284461 2786.284461 2788.291379 2790.760571 0 C 
 32 142 3  4 3 1 HN 0 141 +30 183 +30 0 1 1.768438 0 0 2791.770044 2792.271776 2792.271776 2792.271776 2794.278699 2796.047138 0 C 
 32 143 3  5 1 1 NN 0 165 -9 165 -9 0 1 2.705457 0 0 2797.071668 2797.573400 2797.573400 2797.573400 2799.580323 2802.285780 0 C 
 32 144 3  6 3 2 HL 1 74 +62 96 +42 1 1 8.513985 0 0 2803.309856 2803.811588 2803.811588 2803.811588 2805.818511 2814.332496 0 C 
 32 145 3  7 2 1 LN 0 134 -25 113 -25 0 1 2.148496 0 0 2815.351402 2815.853133 2815.853133 2815.853133 2817.860058 2820.008554 0 C 
 32 146 3  8 3 3 HH 1 129 +15 167 +75 1 1 9.259507 0 0 2821.020960 2821.522694 2821.522694 2821.522694 2823.529615 2832.789122 0 C 
 32 147 3  9 2 3 LH 1 56 +87 64 +27 0 0 4.764184 0 0 2833.798375 2834.300108 2834.300108 2834.300108 2836.307033 2841.071217 0 E 
 32 148 3 10 3 1 HN 0 113 +37 79 +37 0 1 1.890985 0 0 2842.093660 2842.595392 2842.595392 2842.595392 2844.602314 2846.493300 0 C 
 32 149 3 11 1 2 NL 0 132 +8 132 -12 1 0 2.715033 0 0 2847.512355 2848.014084 2848.014084 2848.014084 2850.021013 2852.736046 0 E 
 32 150 3 12 3 1 HN 0 155 -68 201 -68 1 0 2.170600 0 0 2853.750545 2854.252278 2854.252278 2854.252278 2856.259200 2858.429800 0 E 
 32 151 3 13 3 2 HL 1 135 +53 175 +33 1 1 1.966559 0 0 2859.453554 2859.955287 2859.955287 2859.955287 2861.962208 2863.928767 0 C 
 32 152 3 14 3 2 HL 1 158 -74 205 -54 1 1 1.521110 0 0 2864.939145 2865.440876 2865.440876 2865.440876 2867.447800 2868.968911 0 C 
 32 153 3 15 3 2 HL 1 72 -36 50 -16 1 1 2.483531 0 0 2869.989904 2870.491637 2870.491637 2870.491637 2872.498559 2874.982090 0 C 
 32 154 3 16 1 2 NL 0 155 +17 155 +37 0 1 14.147480 0 0 2875.993951 2876.495685 2876.495685 2876.495685 2878.502604 2892.650085 0 C 
 32 155 3 17 1 1 NN 0 155 -37 155 -37 0 1 5.123068 0 0 2893.671606 2894.173338 2894.173338 2894.173338 2896.180264 2901.303331 0 C 
 32 156 3 18 2 2 LL 1 54 +45 45 +25 1 1 12.789097 0 0 2902.318104 2902.819835 2902.819835 2902.819835 2904.826762 2917.615858 0 C 
 32 157 3 19 2 2 LL 1 138 +51 117 +71 1 1 8.238110 0 0 2918.641086 2919.142817 2919.142817 2919.142817 2921.149737 2929.387846 0 C 
 32 158 3 20 1 3 NH 0 170 -2 170 -62 0 1 3.541464 0 0 2930.398314 2930.900043 2930.900043 2930.900043 2932.906971 2936.448434 0 C 
 32 159 3 21 1 2 NL 0 90 -8 90 -28 0 1 17.988307 0 0 2937.472723 2937.974458 2937.974458 2937.974458 2939.981376 2957.969683 0 C 
 32 160 3 22 2 3 LH 1 171 -83 196 -23 1 1 5.459104 0 0 2958.980256 2959.481987 2959.481987 2959.481987 2961.488910 2966.948013 0 C 
 32 161 3 23 2 1 LN 0 120 -80 138 -80 0 1 4.440294 0 0 2967.961241 2968.462974 2968.462974 2968.462974 2970.469895 2974.910189 0 C 
 32 162 3 24 1 1 NN 0 110 +41 110 +41 0 1 4.731945 0 0 2975.922038 2976.423770 2976.423770 2976.423770 2978.430693 2983.162638 0 C 
 32 163 3 25 2 1 LN 0 150 -83 127 -83 0 1 1.554450 0 0 2984.183875 2984.685608 2984.685608 2984.685608 2986.692530 2988.246979 0 C 
 32 164 3 26 1 3 NH 0 67 -8 67 -68 0 1 4.921683 0 0 2989.268082 2989.769814 2989.769814 2989.769814 2991.776740 2996.698423 0 C 
 32 165 3 27 3 2 HL 1 55 -27 71 -7 1 1 13.373981 0 0 2997.713888 2998.215621 2998.215621 2998.215621 3000.222543 3013.596524 0 C 
 32 166 3 28 1 2 NL 0 54 +16 54 +36 0 1 1.812585 0 0 3014.605497 3015.107230 3015.107230 3015.107230 3017.114154 3018.926740 0 C 
 32 167 3 29 2 2 LL 1 99 +43 84 +23 1 1 2.450919 0 0 3019.940571 3020.442300 3020.442300 3020.442300 3022.449227 3024.900146 0 C 
 32 168 3 30 3 3 HH 1 138 +71 179 +11 1 1 1.548106 0 0 3025.911170 3026.412902 3026.412902 3026.412902 3028.419824 3029.967930 0 C 
 32 169 3 31 2 2 LL 1 58 -11 66 +9 0 0 5.974401 0 0 3030.978651 3031.480384 3031.480384 3031.480384 3033.487306 3039.461706 0 E 
 32 170 3 32 3 3 HH 1 180 -35 125 +25 1 1 1.857263 0 0 3040.478092 3040.979822 3040.979822 3040.979822 3042.986745 3044.844007 0 C 
 32 171 3 33 1 1 NN 0 105 -86 105 -86 0 1 4.873132 0 0 3045.863337 3046.365073 3046.365073 3046.365073 3048.371994 3053.245126 0 C 
 32 172 3 34 2 2 LL 1 173 -4 198 +16 1 1 2.671836 0 0 3054.258974 3054.760700 3054.760700 3054.760700 3056.767626 3059.439462 0 C 
 32 173 3 35 3 3 HH 1 149 -68 104 -8 1 1 5.804612 0 0 3060.463709 3060.965439 3060.965439 3060.965439 3062.972366 3068.776978 0 C 
 32 174 3 36 1 1 NN 0 66 -29 66 -29 0 1 3.366021 0 0 3069.795905 3070.297636 3070.297636 3070.297636 3072.304560 3075.670581 0 C 
 32 175 3 37 2 1 LN 0 99 +85 84 +85 0 1 10.242509 0 0 3076.686345 3077.188072 3077.188072 3077.188072 3079.194998 3089.437507 0 C 
 32 176 3 38 3 1 HN 0 146 -76 189 -76 0 1 18.138871 0 0 3090.450499 3090.952229 3090.952229 3090.952229 3092.959155 3111.098026 0 C 
 32 177 3 39 1 3 NH 0 64 +47 64 -13 0 1 3.768342 0 0 3112.108550 3112.610278 3112.610278 3112.610278 3114.617203 3118.385546 0 C 
 32 178 3 40 1 3 NH 0 121 +80 121 +20 0 1 3.226426 0 0 3119.400374 3119.902105 3119.902105 3119.902105 3121.909029 3125.135455 0 C 
 32 179 3 41 2 3 LH 1 114 +40 96 -20 1 1 4.823543 0 0 3126.157019 3126.658751 3126.658751 3126.658751 3128.665673 3133.489216 0 C 
 32 180 3 42 2 3 LH 1 94 -63 108 -3 1 1 22.566280 0 0 3134.502478 3135.004214 3135.004214 3135.004214 3137.011132 3159.577412 0 C 
 32 181 3 43 1 2 NL 0 54 -39 54 -59 0 1 5.243690 0 0 3160.592487 3161.094219 3161.094219 3161.094219 3163.101145 3168.344835 0 C 
 32 182 3 44 1 1 NN 0 68 -47 68 -47 0 1 2.585251 0 0 3169.356054 3169.857786 3169.857786 3169.857786 3171.864710 3174.449961 0 C 
 32 183 3 45 1 1 NN 0 91 -83 91 -83 0 1 19.427847 0 0 3175.460450 3175.962180 3175.962180 3175.962180 3177.969104 3197.396951 0 C 
 32 184 3 46 3 2 HL 1 96 -10 67 -30 1 1 3.073775 0 0 3198.406279 3198.908011 3198.908011 3198.908011 3200.914934 3203.988709 0 C 
 32 185 3 47 1 3 NH 0 135 +61 135 +1 0 1 3.387479 0 0 3205.012404 3205.514137 3205.514137 3205.514137 3207.521062 3210.908541 0 C 
 32 186 3 48 3 3 HH 1 173 +25 121 +85 1 1 1.664470 0 0 3211.919567 3212.421298 3212.421298 3212.421298 3214.428218 3216.092688 0 C 
 32 187 3 49 3 2 HL 1 136 -77 95 -57 1 1 3.350117 0 0 3217.104120 3217.605854 3217.605854 3217.605854 3219.612776 3222.962893 0 C 
 32 188 3 50 1 1 NN 0 126 -56 126 -56 0 1 1.431937 0 0 3223.977834 3224.479566 3224.479566 3224.479566 3226.486493 3227.918430 0 C 
 32 189 3 51 3 3 HH 1 98 -12 127 -72 1 1 1.697014 0 0 3228.928247 3229.429977 3229.429977 3229.429977 3231.436901 3233.133915 0 C 
 32 190 3 52 2 3 LH 1 149 +6 126 -54 1 1 14.438643 0 0 3234.146250 3234.647979 3234.647979 3234.647979 3236.654904 3251.093547 0 C 
 32 191 3 53 1 3 NH 0 121 -43 121 +17 0 1 1.762432 0 0 3252.108217 3252.609949 3252.609949 3252.609949 3254.616875 3256.379307 0 C 
 32 192 3 54 3 3 HH 1 147 +45 102 -15 1 1 14.937467 0 0 3257.393119 3257.894856 3257.894856 3257.894856 3259.901776 3274.839243 0 C 
 32 193 3 55 1 2 NL 0 132 +22 132 +42 0 1 1.961005 0 0 3275.856818 3276.358552 3276.358552 3276.358552 3278.365474 3280.326478 0 C 
 32 194 3 56 3 3 HH 1 54 +59 37 -1 1 1 13.673105 0 0 3281.342412 3281.844143 3281.844143 3281.844143 3283.851068 3297.524173 0 C 
 32 195 3 57 3 2 HL 1 146 -77 102 -57 1 1 2.282075 0 0 3298.535059 3299.036792 3299.036792 3299.036792 3301.043714 3303.325789 0 C 
 32 196 3 58 3 2 HL 1 113 +81 79 +61 1 1 4.874345 0 0 3304.338413 3304.840147 3304.840147 3304.840147 3306.847071 3311.721416 0 C 
 32 197 3 59 2 2 LL 1 89 +88 75 +68 1 1 16.479229 0 0 3312.734045 3313.235778 3313.235778 3313.235778 3315.242701 3331.721930 0 C 
 32 198 3 60 1 1 NN 0 75 -45 75 -45 0 1 4.301618 0 0 3332.736388 3333.238118 3333.238118 3333.238118 3335.245042 3339.546660 0 C 
 32 199 4  1 3 1 HN 0 136 -39 95 -39 0 1 5.359333 0 0 3599.791066 3600.292795 3600.292795 3600.292795 3602.299721 3607.659054 0 C 
 32 200 4  2 2 2 LL 1 55 -52 63 -32 1 1 2.995777 0 0 3608.671700 3609.173435 3609.173435 3609.173435 3611.180357 3614.176134 0 C 
 32 201 4  3 3 3 HH 1 124 +81 161 +21 1 1 2.586096 0 0 3615.194206 3615.695937 3615.695937 3615.695937 3617.702859 3620.288955 0 C 
 32 202 4  4 2 2 LL 1 146 -85 167 -65 1 1 4.379149 0 0 3621.298598 3621.800330 3621.800330 3621.800330 3623.807252 3628.186402 0 C 
 32 203 4  5 2 3 LH 1 114 +55 96 -5 1 1 2.186707 0 0 3629.209224 3629.710955 3629.710955 3629.710955 3631.717881 3633.904588 0 C 
 32 204 4  6 1 1 NN 0 125 -87 125 -87 0 1 2.478524 0 0 3634.928958 3635.430688 3635.430688 3635.430688 3637.437612 3639.916136 0 C 
 32 205 4  7 1 2 NL 0 158 -76 158 -56 0 1 2.770634 0 0 3640.933004 3641.434738 3641.434738 3641.434738 3643.441659 3646.212293 0 C 
 32 206 4  8 1 3 NH 0 66 +17 66 +77 0 1 2.469716 0 0 3647.221365 3647.723101 3647.723101 3647.723101 3649.730018 3652.199734 0 C 
 32 207 4  9 2 3 LH 1 70 +77 59 +17 1 1 4.087047 0 0 3653.208687 3653.710417 3653.710417 3653.710417 3655.717343 3659.804390 0 C 
 32 208 4 10 3 2 HL 1 157 +16 204 +36 1 1 8.178665 0 0 3660.818278 3661.320007 3661.320007 3661.320007 3663.326931 3671.505596 0 C 
 32 209 4 11 2 3 LH 1 78 +28 89 -32 1 1 1.834914 0 0 3672.525331 3673.027065 3673.027065 3673.027065 3675.033989 3676.868903 0 C 
 32 210 4 12 1 3 NH 0 101 +84 101 +24 0 1 1.818129 0 0 3677.893854 3678.395584 3678.395584 3678.395584 3680.402510 3682.220639 0 C 
 32 211 4 13 2 1 LN 0 131 +15 111 +15 0 1 2.671078 0 0 3683.245650 3683.747392 3683.747392 3683.747392 3685.754307 3688.425385 0 C 
 32 212 4 14 3 2 HL 1 91 -86 118 -66 1 1 3.838719 0 0 3689.450388 3689.952118 3689.952118 3689.952118 3691.959044 3695.797762 0 C 
 32 213 4 15 3 2 HL 1 101 +87 70 +67 1 1 7.253655 0 0 3696.809110 3697.310844 3697.310844 3697.310844 3699.317768 3706.571423 0 C 
 32 214 4 16 3 2 HL 1 98 -53 127 -33 1 1 2.088860 0 0 3707.596326 3708.098058 3708.098058 3708.098058 3710.104982 3712.193842 0 C 
 32 215 4 17 3 1 HN 0 101 -5 70 -5 0 1 1.570236 0 0 3713.215714 3713.717442 3713.717442 3713.717442 3715.724370 3717.294606 0 C 
 32 216 4 18 2 2 LL 1 93 -83 106 -63 1 1 3.044829 0 0 3718.316648 3718.818374 3718.818374 3718.818374 3720.825298 3723.870127 0 C 
 32 217 4 19 1 1 NN 0 179 +78 179 +78 0 1 1.382816 0 0 3724.889321 3725.391055 3725.391055 3725.391055 3727.397978 3728.780795 0 C 
 32 218 4 20 3 2 HL 1 60 -47 78 -27 1 1 3.304250 0 0 3729.789561 3730.291297 3730.291297 3730.291297 3732.298218 3735.602468 0 C 
 32 219 4 21 1 2 NL 0 110 -72 110 -52 0 1 1.872765 0 0 3736.613103 3737.114835 3737.114835 3737.114835 3739.121757 3740.994522 0 C 
 32 220 4 22 3 2 HL 1 63 -87 44 -67 1 1 2.082289 0 0 3742.015073 3742.516803 3742.516803 3742.516803 3744.523729 3746.606019 0 C 
 32 221 4 23 3 3 HH 1 71 +57 49 -3 1 1 2.208345 0 0 3747.617735 3748.119468 3748.119468 3748.119468 3750.126392 3752.334737 0 C 
 32 222 4 24 1 3 NH 0 142 +86 142 +26 0 1 1.961124 0 0 3753.354193 3753.855923 3753.855923 3753.855923 3755.862847 3757.823971 0 C 
 32 223 4 25 1 2 NL 0 70 +17 70 -3 0 1 3.200689 0 0 3758.839786 3759.341518 3759.341518 3759.341518 3761.348439 3764.549128 0 C 
 32 224 4 26 3 3 HH 1 126 -70 163 -10 1 1 2.352886 0 0 3765.562980 3766.064708 3766.064708 3766.064708 3768.071634 3770.424520 0 C 
 32 225 4 27 3 2 HL 1 82 +20 106 +40 1 1 2.125666 0 0 3771.433231 3771.934964 3771.934964 3771.934964 3773.941889 3776.067555 0 C 
 32 226 4 28 3 1 HN 0 107 -41 74 -41 0 1 1.411106 0 0 3777.086067 3777.587795 3777.587795 3777.587795 3779.594722 3781.005829 0 C 
 32 227 4 29 3 2 HL 1 109 -38 141 -58 1 1 2.579383 0 0 3782.019755 3782.521484 3782.521484 3782.521484 3784.528411 3787.107794 0 C 
 32 228 4 30 2 3 LH 1 80 -90 68 -30 1 1 5.469500 0 0 3788.124151 3788.625882 3788.625882 3788.625882 3790.632804 3796.102304 0 C 
 32 229 4 31 3 3 HH 1 124 +66 161 +6 1 1 1.262085 0 0 3797.121858 3797.623588 3797.623588 3797.623588 3799.630513 3800.892598 0 C 
 32 230 4 32 1 2 NL 0 71 -48 71 -28 0 1 2.715892 0 0 3801.905028 3802.406760 3802.406760 3802.406760 3804.413684 3807.129576 0 C 
 32 231 4 33 1 2 NL 0 101 -10 101 +10 0 1 2.021811 0 0 3808.143215 3808.644948 3808.644948 3808.644948 3810.651868 3812.673680 0 C 
 32 232 4 34 2 3 LH 1 64 +31 73 -29 1 1 2.771327 0 0 3813.695707 3814.197436 3814.197436 3814.197436 3816.204359 3818.975686 0 C 
 32 233 4 35 3 3 HH 1 166 +47 116 -13 1 1 3.096493 0 0 3820.000793 3820.502524 3820.502524 3820.502524 3822.509446 3825.605939 0 C 
 32 234 4 36 1 1 NN 0 104 +30 104 +30 0 1 1.461400 0 0 3826.623638 3827.125371 3827.125371 3827.125371 3829.132295 3830.593695 0 C 
 32 235 4 37 2 1 LN 0 146 +66 167 +66 0 1 1.581922 0 0 3831.607501 3832.109234 3832.109234 3832.109234 3834.116156 3835.698078 0 C 
 32 236 4 38 3 1 HN 0 79 -53 55 -53 0 1 2.533896 0 0 3836.708433 3837.210167 3837.210167 3837.210167 3839.217088 3841.750984 0 C 
 32 237 4 39 2 3 LH 1 99 -48 113 +12 1 1 1.802910 0 0 3842.762655 3843.264386 3843.264386 3843.264386 3845.271308 3847.074217 0 C 
 32 238 4 40 1 1 NN 0 93 +52 93 +52 0 1 2.612112 0 0 3848.097725 3848.599453 3848.599453 3848.599453 3850.606383 3853.218494 0 C 
 32 239 4 41 2 2 LL 1 131 +48 111 +28 1 1 3.911213 0 0 3854.235568 3854.737308 3854.737308 3854.737308 3856.744223 3860.655436 0 C 
 32 240 4 42 1 3 NH 0 92 -35 92 +25 0 1 2.352869 0 0 3861.677909 3862.179644 3862.179644 3862.179644 3864.186563 3866.539431 0 C 
 32 241 4 43 2 2 LL 1 110 +57 126 +37 1 1 1.911533 0 0 3867.548163 3868.049898 3868.049898 3868.049898 3870.056816 3871.968349 0 C 
 32 242 4 44 3 2 HL 1 133 +24 172 +4 1 1 4.532692 0 0 3872.983582 3873.485319 3873.485319 3873.485319 3875.492237 3880.024929 0 C 
 32 243 4 45 3 2 HL 1 156 -63 202 -83 1 1 7.854505 0 0 3881.044728 3881.546461 3881.546461 3881.546461 3883.553378 3891.407884 0 C 
 32 244 4 46 1 1 NN 0 176 +47 176 +47 0 1 1.497610 0 0 3892.417295 3892.919029 3892.919029 3892.919029 3894.925954 3896.423564 0 C 
 32 245 4 47 3 3 HH 1 127 +88 165 +28 1 1 4.549025 0 0 3897.434606 3897.936348 3897.936348 3897.936348 3899.943259 3904.492284 0 C 
 32 246 4 48 1 2 NL 0 163 -29 163 -49 0 1 1.162813 0 0 3905.512474 3906.014205 3906.014205 3906.014205 3908.021131 3909.183945 0 C 
 32 247 4 49 2 2 LL 1 163 +15 138 +35 1 1 3.453282 0 0 3910.195296 3910.697028 3910.697028 3910.697028 3912.703954 3916.157236 0 C 
 32 248 4 50 1 2 NL 0 95 +7 95 +27 0 1 2.214187 0 0 3917.169358 3917.671090 3917.671090 3917.671090 3919.678012 3921.892198 0 C 
 32 249 4 51 1 2 NL 0 169 -48 169 -28 0 1 1.014912 0 0 3922.905816 3923.407550 3923.407550 3923.407550 3925.414471 3926.429383 0 C 
 32 250 4 52 3 1 HN 0 150 +40 105 +40 0 1 1.630945 0 0 3927.438118 3927.939848 3927.939848 3927.939848 3929.946773 3931.577718 0 C 
 32 251 4 53 3 2 HL 1 105 -49 136 -29 1 1 1.576355 0 0 3932.589223 3933.090951 3933.090951 3933.090951 3935.097879 3936.674234 0 C 
 32 252 4 54 2 1 LN 0 157 +10 133 +10 0 1 1.333376 0 0 3937.690155 3938.191886 3938.191886 3938.191886 3940.198812 3941.532187 0 C 
 32 253 4 55 2 3 LH 1 79 +39 90 -21 1 1 1.586615 0 0 3942.556945 3943.058678 3943.058678 3943.058678 3945.065600 3946.652215 0 C 
 32 254 4 56 2 2 LL 1 65 +53 74 +33 1 1 2.722795 0 0 3947.674602 3948.176335 3948.176335 3948.176335 3950.183254 3952.906049 0 C 
 32 255 4 57 3 2 HL 1 86 -11 111 -31 1 1 8.038760 0 0 3953.929514 3954.431247 3954.431247 3954.431247 3956.438169 3964.476929 0 C 
 32 256 4 58 3 3 HH 1 145 -19 188 -79 1 1 7.474298 0 0 3965.486050 3965.987782 3965.987782 3965.987782 3967.994704 3975.469002 0 C 
 32 257 4 59 1 1 NN 0 67 -45 67 -45 0 1 3.496161 0 0 3976.490685 3976.992416 3976.992416 3976.992416 3978.999340 3982.495501 0 C 
 32 258 4 60 1 3 NH 0 144 -36 144 +24 0 1 1.036622 0 0 3983.514920 3984.016648 3984.016648 3984.016648 3986.023572 3987.060194 0 C 
 32 259 5  1 2 2 LL 1 106 +29 121 +49 1 1 1.697826 0 0 3991.191406 3991.693135 3991.693135 3991.693135 3993.700057 3995.397883 0 C 
 32 260 5  2 2 1 LN 0 160 +47 136 +47 0 1 2.142370 0 0 3996.409403 3996.911134 3996.911134 3996.911134 3998.918055 4001.060425 0 C 
 32 261 5  3 2 2 LL 1 66 -41 75 -61 1 1 5.000169 0 0 4002.078964 4002.580690 4002.580690 4002.580690 4004.587618 4009.587787 0 C 
 32 262 5  4 2 3 LH 1 166 -86 190 -26 1 1 1.983600 0 0 4010.608391 4011.110121 4011.110121 4011.110121 4013.117044 4015.100644 0 C 
 32 263 5  5 2 1 LN 0 148 -89 170 -89 0 1 1.608164 0 0 4016.110706 4016.612437 4016.612437 4016.612437 4018.619364 4020.227528 0 C 
 32 264 5  6 2 3 LH 1 121 +23 102 -37 1 1 3.123812 0 0 4021.245087 4021.746822 4021.746822 4021.746822 4023.753744 4026.877556 0 C 
 32 265 5  7 2 2 LL 1 163 -37 187 -57 1 1 1.708120 0 0 4027.901385 4028.403118 4028.403118 4028.403118 4030.410040 4032.118160 0 C 
 32 266 5  8 1 1 NN 0 176 +28 176 +28 0 1 1.019146 0 0 4033.136111 4033.637842 4033.637842 4033.637842 4035.644768 4036.663914 0 C 
 32 267 5  9 3 3 HH 1 83 -12 107 -72 1 1 1.069195 0 0 4037.685138 4038.186872 4038.186872 4038.186872 4040.193792 4041.262987 0 C 
 32 268 5 10 2 2 LL 1 59 -4 50 +16 1 1 1.190225 0 0 4042.284341 4042.786066 4042.786066 4042.786066 4044.792995 4045.983219 0 C 
 32 269 5 11 1 3 NH 0 77 +41 77 -19 0 1 1.938279 0 0 4047.000611 4047.502348 4047.502348 4047.502348 4049.509268 4051.447546 0 C 
 32 270 5 12 1 2 NL 0 134 -59 134 -79 0 1 1.069524 0 0 4052.469478 4052.971211 4052.971211 4052.971211 4054.978133 4056.047657 0 C 
 32 271 5 13 1 2 NL 0 119 +84 119 +64 0 1 1.355720 0 0 4057.068679 4057.570417 4057.570417 4057.570417 4059.577332 4060.933052 0 C 
 32 272 5 14 3 2 HL 1 176 -30 228 -50 1 1 2.368612 0 0 4061.952195 4062.453929 4062.453929 4062.453929 4064.460849 4066.829461 0 C 
 32 273 5 15 2 3 LH 1 176 +47 202 -13 1 1 3.706407 0 0 4067.839172 4068.340905 4068.340905 4068.340905 4070.347828 4074.054235 0 C 
 32 274 5 16 2 1 LN 0 111 -49 94 -49 0 1 1.900060 0 0 4075.064096 4075.565828 4075.565828 4075.565828 4077.572754 4079.472814 0 C 
 32 275 5 17 3 2 HL 1 77 -31 53 -11 1 1 1.432041 0 0 4080.482791 4080.984520 4080.984520 4080.984520 4082.991449 4084.423490 0 C 
 32 276 5 18 3 3 HH 1 150 +39 105 -21 1 1 2.104016 0 0 4085.433203 4085.934941 4085.934941 4085.934941 4087.941857 4090.045873 0 C 
 32 277 5 19 3 2 HL 1 85 +86 59 +66 1 1 1.493588 0 0 4091.069316 4091.571048 4091.571048 4091.571048 4093.577970 4095.071558 0 C 
 32 278 5 20 2 2 LL 1 76 -46 64 -26 1 1 5.127144 0 0 4096.086625 4096.588366 4096.588366 4096.588366 4098.595280 4103.722423 0 C 
 32 279 5 21 3 2 HL 1 167 +47 116 +67 1 1 2.798623 0 0 4104.733124 4105.234859 4105.234859 4105.234859 4107.241777 4110.040400 0 C 
 32 280 5 22 3 2 HL 1 109 +25 76 +5 1 1 0.981453 0 0 4111.054932 4111.556663 4111.556663 4111.556663 4113.563587 4114.545040 0 C 
 32 281 5 23 3 2 HL 1 163 +56 114 +76 1 1 0.876002 0 0 4115.553786 4116.055518 4116.055518 4116.055518 4118.062441 4118.938444 0 C 
 32 282 5 24 1 2 NL 0 169 +67 169 +87 1 0 0.694927 0 0 4119.952295 4120.454028 4120.454028 4120.454028 4122.460951 4123.155878 0 E 
 32 283 5 25 3 2 HL 1 132 -22 92 -42 1 1 1.950091 0 0 4124.166836 4124.668566 4124.668566 4124.668566 4126.675488 4128.625579 0 C 
 32 284 5 26 1 3 NH 0 173 +52 173 -8 0 1 1.729236 0 0 4129.635702 4130.137435 4130.137435 4130.137435 4132.144360 4133.873596 0 C 
 32 285 5 27 2 1 LN 0 71 +36 81 +36 0 1 1.696461 0 0 4134.887154 4135.388887 4135.388887 4135.388887 4137.395807 4139.092268 0 C 
 32 286 5 28 3 3 HH 1 155 -73 201 -13 1 1 3.332643 0 0 4140.105157 4140.606891 4140.606891 4140.606891 4142.613810 4145.946453 0 C 
 32 287 5 29 2 2 LL 1 172 +53 197 +73 1 1 6.077850 0 0 4146.962146 4147.463879 4147.463879 4147.463879 4149.470804 4155.548655 0 C 
 32 288 5 30 1 1 NN 0 93 +12 93 +12 0 1 2.025562 0 0 4156.561932 4157.063663 4157.063663 4157.063663 4159.070589 4161.096151 0 C 
 32 289 5 31 3 2 HL 1 79 +7 55 -13 1 1 1.350071 0 0 4162.114422 4162.616158 4162.616158 4162.616158 4164.623080 4165.973150 0 C 
 32 290 5 32 1 2 NL 0 129 +10 129 -10 0 1 1.102481 0 0 4166.997937 4167.499670 4167.499670 4167.499670 4169.506591 4170.609073 0 C 
 32 291 5 33 2 3 LH 1 146 -46 167 +14 1 1 2.864754 0 0 4171.630586 4172.132316 4172.132316 4172.132316 4174.139241 4177.003995 0 C 
 32 292 5 34 3 3 HH 1 126 +5 88 -55 1 1 1.779621 0 0 4178.019295 4178.521022 4178.521022 4178.521022 4180.527952 4182.307572 0 C 
 32 293 5 35 3 1 HN 0 147 +42 191 +42 0 1 1.580747 0 0 4183.320918 4183.822651 4183.822651 4183.822651 4185.829575 4187.410322 0 C 
 32 294 5 36 2 1 LN 0 108 -74 124 -74 0 1 1.234148 0 0 4188.421851 4188.923583 4188.923583 4188.923583 4190.930505 4192.164653 0 C 
 32 295 5 37 2 1 LN 0 101 +44 116 +44 0 1 0.754898 0 0 4193.188294 4193.690027 4193.690027 4193.690027 4195.696949 4196.451847 0 C 
 32 296 5 38 2 2 LL 1 179 -78 205 -58 1 1 0.931712 0 0 4197.469732 4197.971463 4197.971463 4197.971463 4199.978386 4200.910098 0 C 
 32 297 5 39 1 1 NN 0 97 +65 97 +65 0 1 1.273784 0 0 4201.935138 4202.436870 4202.436870 4202.436870 4204.443792 4205.717576 0 C 
 32 298 5 40 3 3 HH 1 103 -20 133 -80 1 1 1.697778 0 0 4206.735030 4207.236764 4207.236764 4207.236764 4209.243685 4210.941463 0 C 
 32 299 5 41 1 1 NN 0 75 -20 75 -20 0 1 1.488021 0 0 4211.953034 4212.454768 4212.454768 4212.454768 4214.461688 4215.949709 0 C 
 32 300 5 42 3 3 HH 1 158 -54 205 +6 1 1 0.948373 0 0 4216.970344 4217.472073 4217.472073 4217.472073 4219.478996 4220.427369 0 C 
 32 301 5 43 2 1 LN 0 54 +87 45 +87 0 1 5.666314 0 0 4221.452473 4221.954205 4221.954205 4221.954205 4223.961124 4229.627439 0 C 
 32 302 5 44 1 1 NN 0 74 -2 74 -2 0 1 1.316733 0 0 4230.650874 4231.152610 4231.152610 4231.152610 4233.159529 4234.476262 0 C 
 32 303 5 45 1 3 NH 0 152 -22 152 +38 0 1 1.146154 0 0 4235.500938 4236.002668 4236.002668 4236.002668 4238.009595 4239.155749 0 C 
 32 304 5 46 3 3 HH 1 106 +2 137 -58 1 1 1.746232 0 0 4240.167039 4240.668768 4240.668768 4240.668768 4242.675690 4244.421922 0 C 
 32 305 5 47 3 1 HN 0 55 +46 38 +46 0 1 2.391732 0 0 4245.435213 4245.936946 4245.936946 4245.936946 4247.943868 4250.335600 0 C 
 32 306 5 48 2 2 LL 1 151 +29 128 +49 1 1 5.176038 0 0 4251.355639 4251.857367 4251.857367 4251.857367 4253.864297 4259.040334 0 C 
 32 307 5 49 2 2 LL 1 115 +5 97 -15 1 1 1.118852 0 0 4260.052309 4260.554040 4260.554040 4260.554040 4262.560962 4263.679814 0 C 
 32 308 5 50 1 3 NH 0 107 +73 107 +13 0 1 1.533129 0 0 4264.701683 4265.203411 4265.203411 4265.203411 4267.210337 4268.743466 0 C 
 32 309 5 51 3 2 HL 1 131 -73 170 -53 1 1 2.583646 0 0 4269.752442 4270.254177 4270.254177 4270.254177 4272.261099 4274.844746 0 C 
 32 310 5 52 2 2 LL 1 159 +5 135 -15 1 1 1.019683 0 0 4275.856834 4276.358571 4276.358571 4276.358571 4278.365492 4279.385175 0 C 
 32 311 5 53 2 3 LH 1 64 +31 73 -29 1 1 1.475996 0 0 4280.405863 4280.907591 4280.907591 4280.907591 4282.914516 4284.390511 0 C 
 32 312 5 54 3 1 HN 0 54 -55 70 -55 0 1 1.758306 0 0 4285.406448 4285.908180 4285.908180 4285.908180 4287.915103 4289.673409 0 C 
 32 313 5 55 3 3 HH 1 136 +20 95 +80 1 1 1.823039 0 0 4290.691349 4291.193078 4291.193078 4291.193078 4293.200000 4295.023039 0 C 
 32 314 5 56 1 2 NL 0 165 -84 165 -64 0 1 1.114052 0 0 4296.043146 4296.544876 4296.544876 4296.544876 4298.551797 4299.665849 0 C 
 32 315 5 57 3 2 HL 1 130 -56 91 -36 1 1 1.455011 0 0 4300.675794 4301.177522 4301.177522 4301.177522 4303.184452 4304.639463 0 C 
 32 316 5 58 3 2 HL 1 167 +26 116 +46 1 1 2.430344 0 0 4305.659656 4306.161386 4306.161386 4306.161386 4308.168309 4310.598653 0 C 
 32 317 5 59 1 2 NL 0 140 +65 140 +85 0 1 1.284869 0 0 4311.613530 4312.115261 4312.115261 4312.115261 4314.122184 4315.407054 0 C 
 32 318 5 60 2 3 LH 1 166 +87 190 +27 1 1 2.429318 0 0 4316.430148 4316.931881 4316.931881 4316.931881 4318.938801 4321.368120 0 C 
 32 319 6  1 1 1 NN 0 167 -33 167 -33 0 1 1.162779 0 0 4324.257149 4324.758884 4324.758884 4324.758884 4326.765805 4327.928584 0 C 
 32 320 6  2 3 3 HH 1 61 -7 79 +53 1 1 1.608969 0 0 4328.939971 4329.441701 4329.441701 4329.441701 4331.448625 4333.057595 0 C 
 32 321 6  3 3 2 HL 1 87 -10 60 +10 1 1 2.913217 0 0 4334.074353 4334.576088 4334.576088 4334.576088 4336.583010 4339.496227 0 C 
 32 322 6  4 3 2 HL 1 131 -40 91 -60 1 1 1.972482 0 0 4340.513239 4341.014965 4341.014965 4341.014965 4343.021890 4344.994371 0 C 
 32 323 6  5 2 3 LH 1 85 -21 72 -81 1 1 1.228761 0 0 4346.015551 4346.517281 4346.517281 4346.517281 4348.524207 4349.752968 0 C 
 32 324 6  6 3 1 HN 0 90 +1 117 +1 0 1 2.737543 0 0 4350.765271 4351.267002 4351.267002 4351.267002 4353.273928 4356.011471 0 C 
 32 325 6  7 3 1 HN 0 122 -26 158 -26 0 1 1.223401 0 0 4357.020183 4357.521917 4357.521917 4357.521917 4359.528838 4360.752239 0 C 
 32 326 6  8 3 1 HN 0 72 +80 50 +80 0 1 0.771463 0 0 4361.769904 4362.271636 4362.271636 4362.271636 4364.278561 4365.050023 0 C 
 32 327 6  9 3 3 HH 1 179 -1 125 +59 1 1 1.086211 0 0 4366.068065 4366.569799 4366.569799 4366.569799 4368.576720 4369.662931 0 C 
 32 328 6 10 2 3 LH 1 60 -61 69 -1 1 1 1.734773 0 0 4370.683991 4371.185724 4371.185724 4371.185724 4373.192645 4374.927418 0 C 
 32 329 6 11 3 1 HN 0 84 +88 109 +88 0 1 1.190526 0 0 4375.952165 4376.453897 4376.453897 4376.453897 4378.460820 4379.651346 0 C 
 32 330 6 12 3 2 HL 1 113 -15 79 -35 1 1 3.045979 0 0 4380.668442 4381.170172 4381.170172 4381.170172 4383.177091 4386.223070 0 C 
 32 331 6 13 1 2 NL 0 160 -11 160 +9 0 1 1.322869 0 0 4387.241113 4387.742844 4387.742844 4387.742844 4389.749765 4391.072633 0 C 
 32 332 6 14 2 3 LH 1 130 +80 149 +20 1 1 1.372207 0 0 4392.091178 4392.592909 4392.592909 4392.592909 4394.599833 4395.972040 0 C 
 32 333 6 15 3 3 HH 1 126 -10 88 -70 1 1 3.663087 0 0 4396.991419 4397.493151 4397.493151 4397.493151 4399.500075 4403.163163 0 C 
 32 334 6 16 2 1 LN 0 55 -32 46 -32 0 1 3.767132 0 0 4404.182896 4404.684628 4404.684628 4404.684628 4406.691551 4410.458683 0 C 
 32 335 6 17 2 3 LH 1 85 +89 97 +29 1 1 3.057143 0 0 4411.474720 4411.976452 4411.976452 4411.976452 4413.983377 4417.040519 0 C 
 32 336 6 18 3 1 HN 0 136 -79 95 -79 0 1 2.494838 0 0 4418.064119 4418.565851 4418.565851 4418.565851 4420.572776 4423.067614 0 C 
 32 337 6 19 2 3 LH 1 120 +12 138 -48 1 1 3.249774 0 0 4424.084890 4424.586624 4424.586624 4424.586624 4426.593546 4429.843320 0 C 
 32 338 6 20 1 2 NL 0 154 -27 154 -47 1 0 2.038049 0 0 4430.858259 4431.359990 4431.359990 4431.359990 4433.366913 4435.404962 0 E 
 32 339 6 21 1 3 NH 0 165 +19 165 +79 0 1 1.531265 0 0 4436.427473 4436.929209 4436.929209 4436.929209 4438.936131 4440.467397 0 C 
 32 340 6 22 3 2 HL 1 101 -85 131 -65 1 1 2.363617 0 0 4441.478231 4441.979965 4441.979965 4441.979965 4443.986888 4446.350504 0 C 
 32 341 6 23 2 2 LL 1 70 +37 59 +57 1 1 2.224804 0 0 4447.365210 4447.866944 4447.866944 4447.866944 4449.873865 4452.098669 0 C 
 32 342 6 24 3 1 HN 0 81 +37 105 +37 0 1 5.178535 0 0 4453.118391 4453.620121 4453.620121 4453.620121 4455.627045 4460.805580 0 C 
 32 343 6 25 3 1 HN 0 107 -31 139 -31 0 1 1.686204 0 0 4461.815060 4462.316792 4462.316792 4462.316792 4464.323718 4466.009921 0 C 
 32 344 6 26 1 3 NH 0 166 +29 166 -31 0 1 8.928250 0 0 4467.033063 4467.534799 4467.534799 4467.534799 4469.541720 4478.469970 0 C 
 32 345 6 27 3 2 HL 1 99 +30 128 +50 1 1 5.402410 0 0 4479.492716 4479.994448 4479.994448 4479.994448 4482.001373 4487.403783 0 C 
 32 346 6 28 3 3 HH 1 128 -21 89 +39 1 1 1.178336 0 0 4488.423527 4488.925258 4488.925258 4488.925258 4490.932179 4492.110516 0 C 
 32 347 6 29 2 1 LN 0 130 -22 110 -22 0 1 2.059471 0 0 4493.123073 4493.624805 4493.624805 4493.624805 4495.631726 4497.691197 0 C 
 32 348 6 30 1 2 NL 0 167 -68 167 -88 0 1 2.098942 0 0 4498.709012 4499.210743 4499.210743 4499.210743 4501.217670 4503.316612 0 C 
 32 349 6 31 2 1 LN 0 68 +17 78 +17 0 1 0.920286 0 0 4504.328398 4504.830129 4504.830129 4504.830129 4506.837052 4507.757338 0 C 
 32 350 6 32 2 2 LL 1 104 -74 119 -54 1 1 1.896179 0 0 4508.777081 4509.278813 4509.278813 4509.278813 4511.285735 4513.181914 0 C 
 32 351 6 33 3 2 HL 1 178 +40 124 +20 1 1 0.909720 0 0 4514.195778 4514.697506 4514.697506 4514.697506 4516.704429 4517.614149 0 C 
 32 352 6 34 3 1 HN 0 105 +43 136 +43 1 0 0.684028 0 0 4518.627733 4519.129462 4519.129462 4519.129462 4521.136389 4521.820418 0 E 
 32 353 6 35 2 2 LL 1 156 -75 179 -55 1 1 1.613754 0 0 4522.842273 4523.344009 4523.344009 4523.344009 4525.350927 4526.964680 0 C 
 32 354 6 36 1 1 NN 0 101 +31 101 +31 0 1 1.459969 0 0 4527.976654 4528.478384 4528.478384 4528.478384 4530.485310 4531.945279 0 C 
 32 355 6 37 3 1 HN 0 130 -81 91 -81 0 1 1.339308 0 0 4532.960514 4533.462244 4533.462244 4533.462244 4535.469168 4536.808477 0 C 
 32 356 6 38 1 2 NL 0 144 -12 144 +8 0 1 1.289006 0 0 4537.827306 4538.329038 4538.329038 4538.329038 4540.335959 4541.624965 0 C 
 32 357 6 39 2 2 LL 1 64 -24 73 -4 1 1 2.004757 0 0 4542.643921 4543.145654 4543.145654 4543.145654 4545.152577 4547.157334 0 C 
 32 358 6 40 3 3 HH 1 54 -71 70 -11 1 1 3.024504 0 0 4548.179688 4548.681415 4548.681415 4548.681415 4550.688344 4553.712848 0 C 
 32 359 6 41 1 2 NL 0 172 +17 172 +37 0 1 1.146217 0 0 4554.735641 4555.237369 4555.237369 4555.237369 4557.244290 4558.390506 0 C 
 32 360 6 42 2 3 LH 1 168 -39 193 +21 0 0 2.242315 0 0 4559.401736 4559.903467 4559.903467 4559.903467 4561.910389 4564.152704 0 E 
 32 361 6 43 2 3 LH 1 170 -36 195 +24 1 1 1.576211 0 0 4565.171643 4565.673376 4565.673376 4565.673376 4567.680298 4569.256509 0 C 
 32 362 6 44 3 3 HH 1 98 -63 68 -3 1 1 1.173098 0 0 4570.272574 4570.774307 4570.774307 4570.774307 4572.781230 4573.954328 0 C 
 32 363 6 45 1 3 NH 0 141 -22 141 -82 0 1 2.038384 0 0 4574.972121 4575.473855 4575.473855 4575.473855 4577.480776 4579.519160 0 C 
 32 364 6 46 1 1 NN 0 143 -21 143 -21 0 1 1.552815 0 0 4580.541336 4581.043066 4581.043066 4581.043066 4583.049990 4584.602805 0 C 
 32 365 6 47 3 2 HL 1 74 +70 96 +50 1 1 1.255832 0 0 4585.625543 4586.127270 4586.127270 4586.127270 4588.134197 4589.390029 0 C 
 32 366 6 48 2 3 LH 1 98 -21 112 +39 1 1 2.324052 0 0 4590.408712 4590.910444 4590.910444 4590.910444 4592.917369 4595.241421 0 C 
 32 367 6 49 3 3 HH 1 164 -21 114 -81 1 1 0.992239 0 0 4596.262239 4596.763973 4596.763973 4596.763973 4598.770897 4599.763135 0 C 
 32 368 6 50 3 2 HL 1 55 +60 38 +80 1 1 2.428656 0 0 4600.777817 4601.279549 4601.279549 4601.279549 4603.286473 4605.715129 0 C 
 32 369 6 51 2 1 LN 0 91 +44 104 +44 0 1 3.609114 0 0 4606.731691 4607.233423 4607.233423 4607.233423 4609.240349 4612.849463 0 C 
 32 370 6 52 1 1 NN 0 113 -82 113 -82 0 1 2.137763 0 0 4613.872998 4614.374739 4614.374739 4614.374739 4616.381652 4618.519414 0 C 
 32 371 6 53 3 3 HH 1 97 +57 126 -3 1 1 1.680292 0 0 4619.542557 4620.044288 4620.044288 4620.044288 4622.051214 4623.731506 0 C 
 32 372 6 54 3 3 HH 1 178 -47 124 +13 1 1 1.581658 0 0 4624.743834 4625.245567 4625.245567 4625.245567 4627.252490 4628.834149 0 C 
 32 373 6 55 2 1 LN 0 123 -50 104 -50 0 1 1.553417 0 0 4629.844765 4630.346497 4630.346497 4630.346497 4632.353423 4633.906840 0 C 
 32 374 6 56 1 2 NL 0 161 -56 161 -36 0 1 2.303071 0 0 4634.928976 4635.430704 4635.430704 4635.430704 4637.437631 4639.740702 0 C 
 32 375 6 57 2 3 LH 1 164 +11 139 +71 1 1 2.831703 0 0 4640.765775 4641.267511 4641.267511 4641.267511 4643.274432 4646.106135 0 C 
 32 376 6 58 1 1 NN 0 137 +26 137 +26 0 1 3.189224 0 0 4647.121036 4647.622767 4647.622767 4647.622767 4649.629693 4652.818917 0 C 
 32 377 6 59 3 2 HL 1 141 +26 183 +6 1 1 7.447938 0 0 4653.827507 4654.329234 4654.329234 4654.329234 4656.336161 4663.784098 0 C 
 32 378 6 60 1 3 NH 0 91 +26 91 +86 0 1 3.711117 0 0 4664.798692 4665.300422 4665.300422 4665.300422 4667.307345 4671.018462 0 C 
