 27   1 0 43 1 3 NH 0 134 +46 134 -14 0 1 2.049404 0 0 4078.382500 4078.883468 4078.883468 4078.883468 4080.887365 4082.936769 0 C 
 27   2 0 44 2 3 LH 1 67 -30 56 -90 1 1 2.808565 0 0 4083.960006 4084.460981 4084.460981 4084.460981 4086.464874 4089.273438 0 C 
 27   3 0 45 3 2 HL 1 142 -17 184 -37 1 1 1.314670 0 0 4090.288976 4090.789951 4090.789951 4090.789951 4092.793844 4094.108513 0 C 
 27   4 0 46 2 1 LN 0 84 -34 96 -34 0 1 2.466965 0 0 4095.131723 4095.632698 4095.632698 4095.632698 4097.636591 4100.103556 0 C 
 27   5 0 47 2 2 LL 1 84 -17 96 +3 0 0 1.592744 0 0 4101.126709 4101.627683 4101.627683 4101.627683 4103.631578 4105.224322 0 E 
 27   6 0 48 2 3 LH 1 116 +71 133 +11 1 1 2.150016 0 0 4106.236643 4106.737617 4106.737617 4106.737617 4108.741511 4110.891527 0 C 
 27   7 0 49 2 3 LH 1 166 +18 190 +78 1 1 4.551282 0 0 4111.914346 4112.415317 4112.415317 4112.415317 4114.419215 4118.970497 0 C 
 27   8 0 50 3 1 HN 0 126 -29 163 -29 0 1 2.244233 0 0 4119.996724 4120.497697 4120.497697 4120.497697 4122.501592 4124.745825 0 C 
 27   9 0 51 2 3 LH 1 72 -64 82 -4 1 1 2.355503 0 0 4125.757922 4126.258898 4126.258898 4126.258898 4128.262791 4130.618294 0 C 
 27  10 0 52 3 3 HH 1 109 +78 76 +18 1 1 1.420366 0 0 4131.636017 4132.136990 4132.136990 4132.136990 4134.140885 4135.561252 0 C 
 27  11 0 53 3 3 HH 1 149 +31 193 -29 1 1 1.309055 0 0 4136.578959 4137.079932 4137.079932 4137.079932 4139.083827 4140.392882 0 C 
 27  12 0 54 1 2 NL 0 94 +37 94 +17 0 1 2.323322 0 0 4141.405007 4141.905980 4141.905980 4141.905980 4143.909875 4146.233197 0 C 
 27  13 0 55 1 2 NL 0 118 -27 118 -7 0 1 3.086649 0 0 4147.249702 4147.750676 4147.750676 4147.750676 4149.754570 4152.841219 0 C 
 27  14 0 56 1 1 NN 0 134 +88 134 +88 0 1 3.390789 0 0 4153.862557 4154.363533 4154.363533 4154.363533 4156.367425 4159.758214 0 C 
 27  15 0 57 1 1 NN 0 63 -29 63 -29 0 1 1.275554 0 0 4160.775996 4161.276968 4161.276968 4161.276968 4163.280864 4164.556418 0 C 
 27  16 0 58 3 3 HH 1 105 +24 73 +84 1 1 2.320335 0 0 4165.568645 4166.069618 4166.069618 4166.069618 4168.073513 4170.393848 0 C 
 27  17 0 59 1 1 NN 0 85 -29 85 -29 0 1 0.895077 0 0 4171.413340 4171.914317 4171.914317 4171.914317 4173.918209 4174.813286 0 C 
 27  18 0 60 1 1 NN 0 89 +14 89 +14 0 1 1.270089 0 0 4175.838608 4176.339583 4176.339583 4176.339583 4178.343478 4179.613567 0 C 
 27  19 1  1 2 1 LN 0 131 -52 111 -52 0 1 1.497257 0 0 4182.969137 4183.470116 4183.470116 4183.470116 4185.474005 4186.971262 0 C 
 27  20 1  2 3 2 HL 1 169 -2 118 -22 1 1 1.370755 0 0 4187.995575 4188.496550 4188.496550 4188.496550 4190.500443 4191.871198 0 C 
 27  21 1  3 3 2 HL 1 174 +52 226 +32 1 1 1.197686 0 0 4192.888419 4193.389394 4193.389394 4193.389394 4195.393288 4196.590974 0 C 
 27  22 1  4 3 2 HL 1 119 +22 154 +2 1 1 1.223190 0 0 4197.614273 4198.115249 4198.115249 4198.115249 4200.119151 4201.342341 0 C 
 27  23 1  5 3 2 HL 1 75 +10 52 -10 1 1 0.784663 0 0 4202.356825 4202.857801 4202.857801 4202.857801 4204.861694 4205.646357 0 C 
 27  24 1  6 2 3 LH 1 120 -72 138 -12 1 1 0.649783 0 0 4206.665200 4207.166174 4207.166174 4207.166174 4209.170068 4209.819851 0 C 
 27  25 1  7 2 3 LH 1 159 +62 182 +2 1 1 1.115005 0 0 4210.839982 4211.340955 4211.340955 4211.340955 4213.344853 4214.459857 0 C 
 27  26 1  8 2 3 LH 1 174 +40 147 -20 1 1 2.074318 0 0 4215.482341 4215.983316 4215.983316 4215.983316 4217.987206 4220.061524 0 C 
 27  27 1  9 3 2 HL 1 128 -2 166 -22 1 1 0.606688 0 0 4221.076548 4221.577521 4221.577521 4221.577521 4223.581416 4224.188105 0 C 
 27  28 1 10 2 2 LL 1 122 -79 103 -59 1 1 0.963985 0 0 4225.201231 4225.702207 4225.702207 4225.702207 4227.706101 4228.670086 0 C 
 27  29 1 11 3 1 HN 0 169 -82 118 -82 1 0 0.841520 0 0 4229.693299 4230.194271 4230.194271 4230.194271 4232.198167 4233.039687 0 E 
 27  30 1 12 3 2 HL 1 91 -28 118 -48 1 1 1.887841 0 0 4234.051771 4234.552745 4234.552745 4234.552745 4236.556643 4238.444484 0 C 
 27  31 1 13 3 3 HH 1 69 -23 48 +37 1 1 1.072939 0 0 4239.462289 4239.963261 4239.963261 4239.963261 4241.967157 4243.040096 0 C 
 27  32 1 14 1 3 NH 0 113 +23 113 -37 1 0 1.007365 0 0 4244.054549 4244.555521 4244.555521 4244.555521 4246.559417 4247.566782 0 E 
 27  33 1 15 1 3 NH 0 157 -30 157 +30 0 1 3.201733 0 0 4248.580012 4249.080988 4249.080988 4249.080988 4251.084881 4254.286614 0 C 
 27  34 1 16 3 3 HH 1 67 -45 46 +15 1 1 1.269894 0 0 4255.309760 4255.810734 4255.810734 4255.810734 4257.814629 4259.084523 0 C 
 27  35 1 17 1 2 NL 0 121 -67 121 -47 0 1 1.313133 0 0 4260.102411 4260.603386 4260.603386 4260.603386 4262.607279 4263.920413 0 C 
 27  36 1 18 1 2 NL 0 60 +23 60 +43 0 1 1.173910 0 0 4264.945157 4265.446131 4265.446131 4265.446131 4267.450027 4268.623937 0 C 
 27  37 1 19 2 3 LH 1 60 +21 69 +81 0 0 2.272069 0 0 4269.637615 4270.138585 4270.138585 4270.138585 4272.142488 4274.414556 0 E 
 27  38 1 20 3 2 HL 1 79 +72 102 +52 1 1 1.119811 0 0 4275.432212 4275.933185 4275.933185 4275.933185 4277.937079 4279.056891 0 C 
 27  39 1 21 1 3 NH 0 175 -14 175 -74 0 1 1.754321 0 0 4280.074569 4280.575541 4280.575541 4280.575541 4282.579437 4284.333757 0 C 
 27  40 1 22 2 3 LH 1 168 +24 142 +84 1 1 1.022995 0 0 4285.351493 4285.852467 4285.852467 4285.852467 4287.856361 4288.879356 0 C 
 27  41 1 23 2 2 LL 1 98 +70 83 +90 1 1 0.976664 0 0 4289.893654 4290.394629 4290.394629 4290.394629 4292.398524 4293.375188 0 C 
 27  42 1 24 1 1 NN 0 121 -22 121 -22 0 1 0.808109 0 0 4294.385720 4294.886696 4294.886696 4294.886696 4296.890590 4297.698699 0 C 
 27  43 1 25 1 1 NN 0 158 +19 158 +19 0 1 1.136505 0 0 4298.710795 4299.211770 4299.211770 4299.211770 4301.215664 4302.352169 0 C 
 27  44 1 26 1 2 NL 0 66 -73 66 -53 0 1 1.292551 0 0 4303.369851 4303.870827 4303.870827 4303.870827 4305.874727 4307.167278 0 C 
 27  45 1 27 2 2 LL 1 147 -55 124 -75 1 1 1.379128 0 0 4308.179201 4308.680176 4308.680176 4308.680176 4310.684070 4312.063197 0 C 
 27  46 1 28 2 2 LL 1 169 +88 143 +68 1 1 2.038071 0 0 4313.088745 4313.589722 4313.589722 4313.589722 4315.593613 4317.631684 0 C 
 27  47 1 29 2 2 LL 1 108 -90 91 -70 1 1 1.503856 0 0 4318.649552 4319.150527 4319.150527 4319.150527 4321.154423 4322.658280 0 C 
 27  48 1 30 3 1 HN 0 93 +90 65 +90 1 0 1.278110 0 0 4323.675993 4324.176969 4324.176969 4324.176969 4326.180860 4327.458970 0 E 
 27  49 1 31 2 2 LL 1 97 -46 82 -26 1 1 1.637498 0 0 4328.485342 4328.986316 4328.986316 4328.986316 4330.990210 4332.627708 0 C 
 27  50 1 32 2 2 LL 1 66 -63 56 -43 0 0 1.578177 0 0 4333.645370 4334.146342 4334.146342 4334.146342 4336.150240 4337.728417 0 E 
 27  51 1 33 2 1 LN 0 114 +58 131 +58 0 1 2.485692 0 0 4338.755305 4339.256277 4339.256277 4339.256277 4341.260174 4343.745865 0 C 
 27  52 1 34 1 2 NL 0 151 -54 151 -34 0 1 1.532322 0 0 4344.766989 4345.267964 4345.267964 4345.267964 4347.271860 4348.804182 0 C 
 27  53 1 35 3 2 HL 1 114 +33 148 +53 1 1 0.836067 0 0 4349.826827 4350.327802 4350.327802 4350.327802 4352.331695 4353.167761 0 C 
 27  54 1 36 2 2 LL 1 129 -1 148 -21 1 1 1.314598 0 0 4354.185300 4354.686273 4354.686273 4354.686273 4356.690168 4358.004766 0 C 
 27  55 1 37 2 1 LN 0 93 +1 79 +1 0 1 1.221159 0 0 4359.028046 4359.529020 4359.529020 4359.529020 4361.532915 4362.754074 0 C 
 27  56 1 38 2 3 LH 1 104 +47 119 -13 1 1 1.214439 0 0 4363.770600 4364.271572 4364.271572 4364.271572 4366.275475 4367.489915 0 C 
 27  57 1 39 3 2 HL 1 66 +21 46 +41 1 1 0.939565 0 0 4368.513152 4369.014125 4369.014125 4369.014125 4371.018020 4371.957586 0 C 
 27  58 1 40 3 3 HH 1 73 +3 51 -57 1 1 0.767332 0 0 4372.971820 4373.472794 4373.472794 4373.472794 4375.476687 4376.244019 0 C 
 27  59 1 41 3 1 HN 0 68 -22 47 -22 1 0 0.728283 0 0 4377.263496 4377.764470 4377.764470 4377.764470 4379.768363 4380.496646 0 E 
 27  60 1 42 1 2 NL 0 162 +25 162 +5 0 1 1.705427 0 0 4381.521773 4382.022746 4382.022746 4382.022746 4384.026640 4385.732067 0 C 
 27  61 1 43 3 1 HN 0 143 +64 185 +64 0 1 1.470454 0 0 4386.748600 4387.249572 4387.249572 4387.249572 4389.253468 4390.723922 0 C 
 27  62 1 44 1 2 NL 0 69 -11 69 -31 0 1 1.387086 0 0 4391.741641 4392.242610 4392.242610 4392.242610 4394.246508 4395.633595 0 C 
 27  63 1 45 1 2 NL 0 99 -32 99 -12 1 0 0.941734 0 0 4396.651184 4397.152156 4397.152156 4397.152156 4399.156052 4400.097786 0 E 
 27  64 1 46 2 3 LH 1 67 +59 56 -1 1 1 1.971447 0 0 4401.109850 4401.610825 4401.610825 4401.610825 4403.614719 4405.586166 0 C 
 27  65 1 47 1 3 NH 0 125 -61 125 -1 0 1 1.325800 0 0 4406.603864 4407.104836 4407.104836 4407.104836 4409.108732 4410.434532 0 C 
 27  66 1 48 1 3 NH 0 178 +50 178 -10 0 1 1.318788 0 0 4411.446612 4411.947584 4411.947584 4411.947584 4413.951480 4415.270267 0 C 
 27  67 1 49 1 3 NH 0 151 -11 151 +49 0 1 1.021130 0 0 4416.289359 4416.790335 4416.790335 4416.790335 4418.794226 4419.815356 0 C 
 27  68 1 50 1 3 NH 0 157 +89 157 +29 0 1 0.972980 0 0 4420.831521 4421.332494 4421.332494 4421.332494 4423.336390 4424.309370 0 C 
 27  69 1 51 3 1 HN 0 120 -82 156 -82 0 1 1.470431 0 0 4425.323587 4425.824563 4425.824563 4425.824563 4427.828455 4429.298886 0 C 
 27  70 1 52 2 3 LH 1 95 +16 80 +76 1 1 1.135113 0 0 4430.316628 4430.817600 4430.817600 4430.817600 4432.821494 4433.956607 0 C 
 27  71 1 53 2 2 LL 1 115 -49 97 -29 1 1 1.327157 0 0 4434.975682 4435.476655 4435.476655 4435.476655 4437.480551 4438.807708 0 C 
 27  72 1 54 2 1 LN 0 123 +29 141 +29 0 1 1.266895 0 0 4439.818430 4440.319403 4440.319403 4440.319403 4442.323298 4443.590193 0 C 
 27  73 1 55 3 3 HH 1 172 -81 120 -21 1 1 0.873490 0 0 4444.611080 4445.112056 4445.112056 4445.112056 4447.115948 4447.989438 0 C 
 27  74 1 56 3 2 HL 1 67 +85 87 +65 1 1 0.768433 0 0 4449.002951 4449.503927 4449.503927 4449.503927 4451.507819 4452.276252 0 C 
 27  75 1 57 2 3 LH 1 80 -64 68 -4 1 1 0.752396 0 0 4453.294626 4453.795599 4453.795599 4453.795599 4455.799495 4456.551891 0 C 
 27  76 1 58 2 3 LH 1 100 -29 85 +31 1 1 0.941689 0 0 4457.569604 4458.070577 4458.070577 4458.070577 4460.074471 4461.016161 0 C 
 27  77 1 59 1 1 NN 0 145 -39 145 -39 0 1 1.442662 0 0 4462.028271 4462.529243 4462.529243 4462.529243 4464.533140 4465.975802 0 C 
 27  78 1 60 2 2 LL 1 143 -7 121 -27 1 1 1.231022 0 0 4466.987912 4467.488886 4467.488886 4467.488886 4469.492780 4470.723802 0 C 
 27  79 2  1 3 3 HH 1 171 +86 222 +26 1 1 0.897009 0 0 4473.934750 4474.435726 4474.435726 4474.435726 4476.439619 4477.336628 0 C 
 27  80 2  2 2 1 LN 0 145 -38 123 -38 0 1 1.013835 0 0 4478.360019 4478.860990 4478.860990 4478.860990 4480.864886 4481.878722 0 C 
 27  81 2  3 1 3 NH 0 159 -51 159 +9 0 1 1.017848 0 0 4482.902181 4483.403154 4483.403154 4483.403154 4485.407047 4486.424895 0 C 
 27  82 2  4 3 1 HN 0 75 -36 52 -36 1 0 1.353528 0 0 4487.444345 4487.945317 4487.945317 4487.945317 4489.949212 4491.302740 0 E 
 27  83 2  5 3 3 HH 1 179 -50 232 +10 1 1 1.003111 0 0 4492.320490 4492.821463 4492.821463 4492.821463 4494.825358 4495.828469 0 C 
 27  84 2  6 2 1 LN 0 162 -64 137 -64 0 1 1.342258 0 0 4496.845952 4497.346926 4497.346926 4497.346926 4499.350820 4500.693078 0 C 
 27  85 2  7 3 2 HL 1 63 +50 81 +70 1 1 0.788713 0 0 4501.705400 4502.206373 4502.206373 4502.206373 4504.210268 4504.998981 0 C 
 27  86 2  8 2 3 LH 1 173 -40 198 +20 1 1 1.375793 0 0 4506.013775 4506.514751 4506.514751 4506.514751 4508.518643 4509.894436 0 C 
 27  87 2  9 2 2 LL 1 97 +20 111 +40 1 1 1.922982 0 0 4510.906620 4511.407592 4511.407592 4511.407592 4513.411485 4515.334467 0 C 
 27  88 2 10 3 2 HL 1 173 +38 224 +18 1 1 1.551403 0 0 4516.350535 4516.851512 4516.851512 4516.851512 4518.855413 4520.406817 0 C 
 27  89 2 11 2 1 LN 0 159 +47 135 +47 1 0 1.050673 0 0 4521.427071 4521.928041 4521.928041 4521.928041 4523.931937 4524.982611 0 E 
 27  90 2 12 2 3 LH 1 86 +67 98 +7 1 1 2.029061 0 0 4526.002632 4526.503604 4526.503604 4526.503604 4528.507500 4530.536560 0 C 
 27  91 2 13 2 1 LN 0 127 -64 146 -64 0 1 1.094565 0 0 4531.563440 4532.064422 4532.064422 4532.064422 4534.068309 4535.162874 0 C 
 27  92 2 14 2 1 LN 0 75 -26 86 -26 0 1 1.184255 0 0 4536.189100 4536.690076 4536.690076 4536.690076 4538.693968 4539.878224 0 C 
 27  93 2 15 3 1 HN 0 62 -3 43 -3 0 1 1.359169 0 0 4540.898256 4541.399230 4541.399230 4541.399230 4543.403122 4544.762292 0 C 
 27  94 2 16 2 3 LH 1 85 -45 72 +15 0 0 1.520546 0 0 4545.774400 4546.275375 4546.275375 4546.275375 4548.279268 4549.799813 0 E 
 27  95 2 17 3 3 HH 1 114 -77 79 -17 1 1 0.849151 0 0 4550.817535 4551.318508 4551.318508 4551.318508 4553.322402 4554.171552 0 C 
 27  96 2 18 3 2 HL 1 93 -5 120 +15 1 1 1.158768 0 0 4555.192708 4555.693681 4555.693681 4555.693681 4557.697576 4558.856344 0 C 
 27  97 2 19 3 2 HL 1 82 +36 106 +56 1 1 0.852621 0 0 4559.868463 4560.369436 4560.369436 4560.369436 4562.373332 4563.225953 0 C 
 27  98 2 20 1 3 NH 0 132 -9 132 +51 0 1 1.164396 0 0 4564.243639 4564.744608 4564.744608 4564.744608 4566.748504 4567.912900 0 C 
 27  99 2 21 3 3 HH 1 152 +50 106 -10 1 1 1.030736 0 0 4568.936089 4569.437065 4569.437065 4569.437065 4571.440959 4572.471695 0 C 
 27 100 2 22 3 2 HL 1 73 +89 51 +69 1 1 0.988262 0 0 4573.494953 4573.995925 4573.995925 4573.995925 4575.999820 4576.988082 0 C 
 27 101 2 23 2 1 LN 0 126 +84 144 +84 0 1 1.114593 0 0 4578.003717 4578.504690 4578.504690 4578.504690 4580.508585 4581.623178 0 C 
 27 102 2 24 2 2 LL 1 121 -37 139 -17 1 1 1.193099 0 0 4582.646075 4583.147047 4583.147047 4583.147047 4585.150943 4586.344042 0 C 
 27 103 2 25 3 3 HH 1 93 -55 120 +5 1 1 0.803889 0 0 4587.355229 4587.856205 4587.856205 4587.856205 4589.860097 4590.663986 0 C 
 27 104 2 26 2 3 LH 1 105 -22 120 -82 1 1 0.882810 0 0 4591.680300 4592.181276 4592.181276 4592.181276 4594.185172 4595.067982 0 C 
 27 105 2 27 2 1 LN 0 118 +20 135 +20 0 1 1.481611 0 0 4596.088872 4596.589846 4596.589846 4596.589846 4598.593751 4600.075361 0 C 
 27 106 2 28 1 3 NH 0 111 +5 111 +65 1 0 0.887813 0 0 4601.098611 4601.599587 4601.599587 4601.599587 4603.603480 4604.491293 0 E 
 27 107 2 29 3 3 HH 1 167 +1 217 -59 1 1 1.182798 0 0 4605.507181 4606.008155 4606.008155 4606.008155 4608.012050 4609.194848 0 C 
 27 108 2 30 2 2 LL 1 177 +41 150 +61 1 1 1.016362 0 0 4610.216335 4610.717310 4610.717310 4610.717310 4612.721204 4613.737566 0 C 
 27 109 2 31 3 3 HH 1 170 +6 118 -54 1 1 0.700978 0 0 4614.758499 4615.259472 4615.259472 4615.259472 4617.263367 4617.964345 0 C 
 27 110 2 32 2 1 LN 0 121 -13 139 -13 1 0 0.874600 0 0 4618.983378 4619.484355 4619.484355 4619.484355 4621.488246 4622.362845 0 E 
 27 111 2 33 2 3 LH 1 122 +2 103 -58 1 1 2.084700 0 0 4623.375248 4623.876222 4623.876222 4623.876222 4625.880117 4627.964817 0 C 
 27 112 2 34 3 1 HN 0 137 -41 178 -41 0 1 1.432437 0 0 4628.986154 4629.487132 4629.487132 4629.487132 4631.491024 4632.923461 0 C 
 27 113 2 35 1 1 NN 0 116 -59 116 -59 0 1 0.987312 0 0 4633.945796 4634.446768 4634.446768 4634.446768 4636.450673 4637.437985 0 C 
 27 114 2 36 1 2 NL 0 56 +4 56 -16 1 0 1.082145 0 0 4638.454561 4638.955534 4638.955534 4638.955534 4640.959430 4642.041575 0 E 
 27 115 2 37 2 3 LH 1 62 -50 71 +10 1 1 1.064877 0 0 4643.063526 4643.564498 4643.564498 4643.564498 4645.568389 4646.633267 0 C 
 27 116 2 38 3 2 HL 1 171 -18 119 -38 1 1 1.004534 0 0 4647.655780 4648.156753 4648.156753 4648.156753 4650.160649 4651.165183 0 C 
 27 117 2 39 2 2 LL 1 154 -68 130 -48 1 1 0.863641 0 0 4652.181245 4652.682222 4652.682222 4652.682222 4654.686113 4655.549755 0 C 
 27 118 2 40 3 2 HL 1 67 +87 46 +67 1 1 0.774661 0 0 4656.573117 4657.074088 4657.074088 4657.074088 4659.077984 4659.852644 0 C 
 27 119 2 41 2 3 LH 1 118 -65 135 -5 1 1 0.819229 0 0 4660.864792 4661.365765 4661.365765 4661.365765 4663.369660 4664.188889 0 C 
 27 120 2 42 2 1 LN 0 157 -45 133 -45 0 1 0.830334 0 0 4665.206564 4665.707538 4665.707538 4665.707538 4667.711434 4668.541767 0 C 
 27 121 2 43 1 3 NH 0 165 +83 165 +23 0 1 1.030751 0 0 4669.565037 4670.066011 4670.066011 4670.066011 4672.069905 4673.100655 0 C 
 27 122 2 44 3 1 HN 0 75 +39 52 +39 0 1 1.158772 0 0 4674.123899 4674.624873 4674.624873 4674.624873 4676.628768 4677.787541 0 C 
 27 123 2 45 1 2 NL 0 95 +85 95 +65 1 0 1.014042 0 0 4678.799653 4679.300632 4679.300632 4679.300632 4681.304524 4682.318565 0 E 
 27 124 2 46 3 2 HL 1 79 +21 102 +1 1 1 1.030678 0 0 4683.341818 4683.842791 4683.842791 4683.842791 4685.846687 4686.877365 0 C 
 27 125 2 47 3 2 HL 1 133 -74 93 -54 1 1 1.898447 0 0 4687.900681 4688.401653 4688.401653 4688.401653 4690.405549 4692.303996 0 C 
 27 126 2 48 2 3 LH 1 56 -79 47 -19 1 1 1.092045 0 0 4693.327897 4693.828870 4693.828870 4693.828870 4695.832766 4696.924811 0 C 
 27 127 2 49 3 3 HH 1 56 +70 72 +10 1 1 0.819220 0 0 4697.936857 4698.437830 4698.437830 4698.437830 4700.441725 4701.260945 0 C 
 27 128 2 50 1 2 NL 0 117 +35 117 +15 1 0 1.067642 0 0 4702.278630 4702.779602 4702.779602 4702.779602 4704.783498 4705.851140 0 E 
 27 129 2 51 2 3 LH 1 93 +70 106 +10 1 1 1.822984 0 0 4706.870891 4707.371863 4707.371863 4707.371863 4709.375759 4711.198742 0 C 
 27 130 2 52 1 2 NL 0 57 +70 57 +90 0 1 4.220937 0 0 4712.214611 4712.715586 4712.715586 4712.715586 4714.719480 4718.940417 0 C 
 27 131 2 53 1 2 NL 0 112 +63 112 +43 0 1 2.060458 0 0 4719.963008 4720.463980 4720.463980 4720.463980 4722.467875 4724.528334 0 C 
 27 132 2 54 2 3 LH 1 66 +9 75 +69 1 1 1.102951 0 0 4725.540514 4726.041489 4726.041489 4726.041489 4728.045384 4729.148335 0 C 
 27 133 2 55 1 1 NN 0 54 -9 54 -9 0 1 0.880460 0 0 4730.166175 4730.667147 4730.667147 4730.667147 4732.671042 4733.551502 0 C 
 27 134 2 56 3 1 HN 0 89 -55 115 -55 0 1 0.824882 0 0 4734.574743 4735.075721 4735.075721 4735.075721 4737.079612 4737.904494 0 C 
 27 135 2 57 3 1 HN 0 149 -47 104 -47 0 1 1.153325 0 0 4738.916518 4739.417490 4739.417490 4739.417490 4741.421386 4742.574711 0 C 
 27 136 2 58 3 1 HN 0 125 -10 87 -10 0 1 1.119817 0 0 4743.592274 4744.093250 4744.093250 4744.093250 4746.097142 4747.216959 0 C 
 27 137 2 59 2 2 LL 1 163 +16 138 -4 1 1 1.242080 0 0 4748.234632 4748.735603 4748.735603 4748.735603 4750.739500 4751.981579 0 C 
 27 138 2 60 2 1 LN 0 93 -53 79 -53 0 1 1.141977 0 0 4752.993882 4753.494860 4753.494860 4753.494860 4755.498755 4756.640732 0 C 
 27 139 3  1 3 2 HL 1 164 -51 114 -31 1 1 1.081287 0 0 4759.406351 4759.907321 4759.907321 4759.907321 4761.911216 4762.992503 0 C 
 27 140 3  2 3 1 HN 0 157 +54 109 +54 0 1 0.661168 0 0 4764.015307 4764.516284 4764.516284 4764.516284 4766.520175 4767.181344 0 C 
 27 141 3  3 3 3 HH 1 68 -57 47 +3 1 1 1.001196 0 0 4768.206788 4768.707762 4768.707762 4768.707762 4770.711657 4771.712853 0 C 
 27 142 3  4 2 3 LH 1 148 +80 125 +20 0 0 1.336792 0 0 4772.732254 4773.233225 4773.233225 4773.233225 4775.237119 4776.573911 0 E 
 27 143 3  5 1 3 NH 0 170 +52 170 -8 0 1 1.356991 0 0 4777.591699 4778.092674 4778.092674 4778.092674 4780.096567 4781.453559 0 C 
 27 144 3  6 2 1 LN 0 138 +18 158 +18 0 1 1.028833 0 0 4782.467845 4782.968820 4782.968820 4782.968820 4784.972713 4786.001546 0 C 
 27 145 3  7 1 2 NL 0 174 +77 174 +57 1 0 2.050507 0 0 4787.026706 4787.527679 4787.527679 4787.527679 4789.531575 4791.582081 0 E 
 27 146 3  8 3 2 HL 1 77 -18 53 +2 1 1 1.548412 0 0 4792.604214 4793.105188 4793.105188 4793.105188 4795.109084 4796.657495 0 C 
 27 147 3  9 2 3 LH 1 59 +90 67 +30 1 1 1.031922 0 0 4797.680750 4798.181727 4798.181727 4798.181727 4800.185618 4801.217540 0 C 
 27 148 3 10 2 3 LH 1 80 +63 92 +3 1 1 1.018836 0 0 4802.239612 4802.740587 4802.740587 4802.740587 4804.744481 4805.763316 0 C 
 27 149 3 11 3 2 HL 1 106 +37 74 +17 1 1 1.693158 0 0 4806.781774 4807.282750 4807.282750 4807.282750 4809.286644 4810.979801 0 C 
 27 150 3 12 3 3 HH 1 164 -58 114 +2 1 1 0.767135 0 0 4811.991902 4812.492878 4812.492878 4812.492878 4814.496770 4815.263906 0 C 
 27 151 3 13 3 1 HN 0 132 -56 92 -56 0 1 0.910044 0 0 4816.283579 4816.784552 4816.784552 4816.784552 4818.788447 4819.698491 0 C 
 27 152 3 14 1 2 NL 0 58 +48 58 +68 0 1 1.570676 0 0 4820.725549 4821.226520 4821.226520 4821.226520 4823.230415 4824.801091 0 C 
 27 153 3 15 1 1 NN 0 178 -39 178 -39 0 1 0.862298 0 0 4825.818782 4826.319757 4826.319757 4826.319757 4828.323653 4829.185951 0 C 
 27 154 3 16 1 3 NH 0 84 -1 84 -61 0 1 1.014034 0 0 4830.210651 4830.711625 4830.711625 4830.711625 4832.715520 4833.729554 0 C 
 27 155 3 17 1 2 NL 0 68 +28 68 +48 0 1 1.290303 0 0 4834.752817 4835.253787 4835.253787 4835.253787 4837.257682 4838.547985 0 C 
 27 156 3 18 3 3 HH 1 114 +76 148 +16 1 1 1.024352 0 0 4839.562163 4840.063137 4840.063137 4840.063137 4842.067038 4843.091390 0 C 
 27 157 3 19 3 2 HL 1 81 -54 105 -74 1 1 1.025148 0 0 4844.104327 4844.605300 4844.605300 4844.605300 4846.609195 4847.634344 0 C 
 27 158 3 20 2 3 LH 1 130 +47 110 -13 1 1 0.915316 0 0 4848.646491 4849.147463 4849.147463 4849.147463 4851.151358 4852.066674 0 C 
 27 159 3 21 2 2 LL 1 112 -78 95 -58 1 1 1.047446 0 0 4853.088458 4853.589434 4853.589434 4853.589434 4855.593326 4856.640773 0 C 
 27 160 3 22 2 2 LL 1 76 +38 64 +18 1 1 1.144130 0 0 4857.664022 4858.164993 4858.164993 4858.164993 4860.168887 4861.313018 0 C 
 27 161 3 23 1 2 NL 0 68 +41 68 +61 0 1 1.414806 0 0 4862.339773 4862.840750 4862.840750 4862.840750 4864.844645 4866.259451 0 C 
 27 162 3 24 2 2 LL 1 149 +5 171 -15 1 1 1.336874 0 0 4867.282717 4867.783692 4867.783692 4867.783692 4869.787584 4871.124459 0 C 
 27 163 3 25 2 1 LN 0 138 +49 158 +49 0 1 1.052754 0 0 4872.142162 4872.643139 4872.643139 4872.643139 4874.647032 4875.699786 0 C 
 27 164 3 26 2 2 LL 1 77 -48 65 -28 1 1 1.948053 0 0 4876.717725 4877.218706 4877.218706 4877.218706 4879.222593 4881.170645 0 C 
 27 165 3 27 3 3 HH 1 133 -59 172 +1 1 1 0.741271 0 0 4882.195039 4882.696015 4882.696015 4882.696015 4884.699908 4885.441180 0 C 
 27 166 3 28 2 2 LL 1 127 -39 107 -59 1 1 0.662611 0 0 4886.453317 4886.954292 4886.954292 4886.954292 4888.958185 4889.620795 0 C 
 27 167 3 29 3 3 HH 1 69 +63 48 +3 1 1 0.789049 0 0 4890.644797 4891.145774 4891.145774 4891.145774 4893.149666 4893.938714 0 C 
 27 168 3 30 2 2 LL 1 94 +42 79 +62 1 1 0.724675 0 0 4894.953173 4895.454146 4895.454146 4895.454146 4897.458042 4898.182717 0 C 
 27 169 3 31 3 1 HN 0 142 -33 184 -33 0 1 0.944070 0 0 4899.194750 4899.695724 4899.695724 4899.695724 4901.699620 4902.643689 0 C 
 27 170 3 32 1 2 NL 0 170 -82 170 -62 0 1 0.997401 0 0 4903.670115 4904.171100 4904.171100 4904.171100 4906.174985 4907.172386 0 C 
 27 171 3 33 1 1 NN 0 130 -76 130 -76 0 1 0.662664 0 0 4908.195581 4908.696558 4908.696558 4908.696558 4910.700449 4911.363114 0 C 
 27 172 3 34 1 2 NL 0 69 -4 69 -24 0 1 1.258943 0 0 4912.387063 4912.888037 4912.888037 4912.888037 4914.891931 4916.150874 0 C 
 27 173 3 35 3 3 HH 1 130 +13 169 +73 1 1 0.785759 0 0 4917.163014 4917.663990 4917.663990 4917.663990 4919.667883 4920.453642 0 C 
 27 174 3 36 3 3 HH 1 60 +18 78 +78 1 1 1.006465 0 0 4921.471390 4921.972361 4921.972361 4921.972361 4923.976257 4924.982722 0 C 
 27 175 3 37 1 3 NH 0 150 +23 150 -37 0 1 0.991789 0 0 4925.996853 4926.497825 4926.497825 4926.497825 4928.501721 4929.493510 0 C 
 27 176 3 38 1 1 NN 0 158 +6 158 +6 0 1 0.768965 0 0 4930.505617 4931.006589 4931.006589 4931.006589 4933.010485 4933.779450 0 C 
 27 177 3 39 3 1 HN 0 159 +58 111 +58 1 0 0.735560 0 0 4934.797293 4935.298265 4935.298265 4935.298265 4937.302161 4938.037720 0 E 
 27 178 3 40 3 1 HN 0 134 +19 174 +19 0 1 0.893060 0 0 4939.055571 4939.556549 4939.556549 4939.556549 4941.560439 4942.453499 0 C 
 27 179 3 41 3 2 HL 1 157 +31 204 +51 1 1 1.171748 0 0 4943.464142 4943.965113 4943.965113 4943.965113 4945.969008 4947.140756 0 C 
 27 180 3 42 2 3 LH 1 127 -16 146 +44 1 1 0.813706 0 0 4948.156596 4948.657570 4948.657570 4948.657570 4950.661464 4951.475170 0 C 
 27 181 3 43 2 3 LH 1 139 -48 118 +12 1 1 0.890153 0 0 4952.498368 4952.999341 4952.999341 4952.999341 4955.003238 4955.893391 0 C 
 27 182 3 44 1 2 NL 0 64 -10 64 -30 0 1 1.024250 0 0 4956.906939 4957.407915 4957.407915 4957.407915 4959.411808 4960.436058 0 C 
 27 183 3 45 2 3 LH 1 149 -71 171 -11 1 1 1.156342 0 0 4961.449101 4961.950075 4961.950075 4961.950075 4963.953970 4965.110313 0 C 
 27 184 3 46 3 3 HH 1 138 +89 179 +29 1 1 0.991102 0 0 4966.124858 4966.625830 4966.625830 4966.625830 4968.629726 4969.620828 0 C 
 27 185 3 47 1 1 NN 0 98 -31 98 -31 0 1 1.010608 0 0 4970.633622 4971.134595 4971.134595 4971.134595 4973.138491 4974.149099 0 C 
 27 186 3 48 1 3 NH 0 121 -63 121 -3 0 1 0.966414 0 0 4975.175785 4975.676758 4975.676758 4975.676758 4977.680653 4978.647067 0 C 
 27 187 3 49 2 3 LH 1 111 +47 94 -13 1 1 1.208596 0 0 4979.667849 4980.168822 4980.168822 4980.168822 4982.172719 4983.381315 0 C 
 27 188 3 50 1 1 NN 0 131 +1 131 +1 0 1 1.125271 0 0 4984.393703 4984.894679 4984.894679 4984.894679 4986.898572 4988.023843 0 C 
 27 189 3 51 3 2 HL 1 145 +37 101 +57 1 1 0.785599 0 0 4989.036062 4989.537035 4989.537035 4989.537035 4991.540930 4992.326529 0 C 
 27 190 3 52 3 3 HH 1 56 -11 39 +49 1 1 0.812466 0 0 4993.344439 4993.845414 4993.845414 4993.845414 4995.849305 4996.661771 0 C 
 27 191 3 53 2 2 LL 1 95 -53 109 -73 1 1 0.677844 0 0 4997.686209 4998.187183 4998.187183 4998.187183 5000.191079 5000.868922 0 C 
 27 192 3 54 1 3 NH 0 165 -17 165 +43 0 1 1.126447 0 0 5001.894390 5002.395363 5002.395363 5002.395363 5004.399259 5005.525706 0 C 
 27 193 3 55 3 2 HL 1 119 -63 83 -83 1 1 0.997333 0 0 5006.536749 5007.037721 5007.037721 5007.037721 5009.041617 5010.038950 0 C 
 27 194 3 56 3 1 HN 0 85 -85 110 -85 0 1 1.159462 0 0 5011.062212 5011.563185 5011.563185 5011.563185 5013.567080 5014.726542 0 C 
 27 195 3 57 2 2 LL 1 128 -37 147 -57 1 1 1.382427 0 0 5015.737965 5016.238941 5016.238941 5016.238941 5018.242836 5019.625264 0 C 
 27 196 3 58 2 1 LN 0 70 +78 59 +78 0 1 0.743907 0 0 5020.647511 5021.148485 5021.148485 5021.148485 5023.152380 5023.896287 0 C 
 27 197 3 59 1 3 NH 0 133 -62 133 -2 0 1 0.855171 0 0 5024.922489 5025.423462 5025.423462 5025.423462 5027.427357 5028.282528 0 C 
 27 198 3 60 3 3 HH 1 134 -1 93 +59 1 1 1.210938 0 0 5029.297660 5029.798637 5029.798637 5029.798637 5031.802529 5033.013467 0 C 
 27 199 4  1 1 1 NN 0 122 -68 122 -68 0 1 0.696645 0 0 5035.493038 5035.994013 5035.994013 5035.994013 5037.997905 5038.694550 0 C 
 27 200 4  2 3 3 HH 1 157 -28 109 -88 1 1 1.047436 0 0 5039.717914 5040.218889 5040.218889 5040.218889 5042.222787 5043.270223 0 C 
 27 201 4  3 3 2 HL 1 71 +5 92 +25 1 1 0.841488 0 0 5044.293478 5044.794450 5044.794450 5044.794450 5046.798344 5047.639832 0 C 
 27 202 4  4 3 2 HL 1 169 +84 219 +64 1 1 0.646653 0 0 5048.651950 5049.152922 5049.152922 5049.152922 5051.156818 5051.803472 0 C 
 27 203 4  5 3 1 HN 0 80 -9 104 -9 1 0 0.727870 0 0 5052.826732 5053.327704 5053.327704 5053.327704 5055.331600 5056.059470 0 E 
 27 204 4  6 2 1 LN 0 124 +85 105 +85 0 1 1.044999 0 0 5057.085009 5057.585986 5057.585986 5057.585986 5059.589878 5060.634877 0 C 
 27 205 4  7 1 3 NH 0 61 +19 61 +79 0 1 1.090407 0 0 5061.660570 5062.161544 5062.161544 5062.161544 5064.165439 5065.255846 0 C 
 27 206 4  8 2 2 LL 1 103 -44 118 -64 0 0 0.866447 0 0 5066.269530 5066.770503 5066.770503 5066.770503 5068.774398 5069.640845 0 E 
 27 207 4  9 2 1 LN 0 124 -81 142 -81 1 0 0.618749 0 0 5070.661402 5071.162378 5071.162378 5071.162378 5073.166269 5073.785018 0 E 
 27 208 4 10 1 3 NH 0 95 +16 95 +76 0 1 1.518312 0 0 5074.802786 5075.303760 5075.303760 5075.303760 5077.307653 5078.825965 0 C 
 27 209 4 11 1 3 NH 0 128 +50 128 -10 1 0 1.612496 0 0 5079.845921 5080.346894 5080.346894 5080.346894 5082.350792 5083.963288 0 E 
 27 210 4 12 3 2 HL 1 123 +26 159 +6 0 0 1.300562 0 0 5084.989254 5085.490229 5085.490229 5085.490229 5087.494121 5088.794683 0 E 
 27 211 4 13 1 1 NN 0 58 -82 58 -82 0 1 0.779312 0 0 5089.815302 5090.316276 5090.316276 5090.316276 5092.320169 5093.099481 0 C 
 27 212 4 14 1 3 NH 0 136 -56 136 +4 0 1 1.319367 0 0 5094.123676 5094.624650 5094.624650 5094.624650 5096.628545 5097.947912 0 C 
 27 213 4 15 2 1 LN 0 163 -51 187 -51 0 1 1.085537 0 0 5098.966424 5099.467396 5099.467396 5099.467396 5101.471292 5102.556829 0 C 
 27 214 4 16 3 1 HN 0 56 +76 39 +76 0 1 1.288860 0 0 5103.575387 5104.076356 5104.076356 5104.076356 5106.080251 5107.369111 0 C 
 27 215 4 17 1 2 NL 0 68 +1 68 -19 0 1 0.963888 0 0 5108.384732 5108.885709 5108.885709 5108.885709 5110.889601 5111.853488 0 C 
 27 216 4 18 1 1 NN 0 101 +68 101 +68 0 1 1.155376 0 0 5112.876796 5113.377771 5113.377771 5113.377771 5115.381666 5116.537042 0 C 
 27 217 4 19 3 2 HL 1 173 -37 224 -17 1 1 2.271782 0 0 5117.552554 5118.053526 5118.053526 5118.053526 5120.057422 5122.329204 0 C 
 27 218 4 20 2 2 LL 1 93 +72 106 +52 1 1 1.197745 0 0 5123.347151 5123.848127 5123.848127 5123.848127 5125.852019 5127.049764 0 C 
 27 219 4 21 2 2 LL 1 126 +5 144 +25 1 1 1.097491 0 0 5128.073004 5128.573977 5128.573977 5128.573977 5130.577873 5131.675364 0 C 
 27 220 4 22 1 1 NN 0 61 +60 61 +60 0 1 0.904576 0 0 5132.698663 5133.199635 5133.199635 5133.199635 5135.203543 5136.108119 0 C 
 27 221 4 23 3 3 HH 1 101 -26 70 +34 1 1 0.975089 0 0 5137.123932 5137.624918 5137.624918 5137.624918 5139.628802 5140.603891 0 C 
 27 222 4 24 3 2 HL 1 62 -48 43 -68 1 1 1.171708 0 0 5141.615998 5142.116971 5142.116971 5142.116971 5144.120866 5145.292574 0 C 
 27 223 4 25 1 1 NN 0 135 +66 135 +66 0 1 0.816933 0 0 5146.308453 5146.809425 5146.809425 5146.809425 5148.813320 5149.630253 0 C 
 27 224 4 26 1 1 NN 0 170 -43 170 -43 0 1 0.762732 0 0 5150.650226 5151.151198 5151.151198 5151.151198 5153.155094 5153.917826 0 C 
 27 225 4 27 2 2 LL 1 62 +75 71 +55 1 1 1.573690 0 0 5154.941901 5155.442875 5155.442875 5155.442875 5157.446770 5159.020461 0 C 
 27 226 4 28 2 1 LN 0 83 -75 70 -75 0 1 1.682995 0 0 5160.035137 5160.536112 5160.536112 5160.536112 5162.540004 5164.222999 0 C 
 27 227 4 29 2 3 LH 1 60 -54 69 +6 1 1 1.620814 0 0 5165.245264 5165.746239 5165.746239 5165.746239 5167.750130 5169.370944 0 C 
 27 228 4 30 2 2 LL 1 106 +64 90 +44 1 1 1.041910 0 0 5170.388595 5170.889568 5170.889568 5170.889568 5172.893464 5173.935374 0 C 
 27 229 4 31 2 2 LL 1 66 +9 56 -11 0 0 1.230305 0 0 5174.947458 5175.448429 5175.448429 5175.448429 5177.452325 5178.682630 0 E 
 27 230 4 32 3 2 HL 1 92 -5 119 -25 1 1 1.976339 0 0 5179.706709 5180.207684 5180.207684 5180.207684 5182.211575 5184.187914 0 C 
 27 231 4 33 1 2 NL 0 152 -34 152 -14 0 1 1.363413 0 0 5185.200723 5185.701694 5185.701694 5185.701694 5187.705590 5189.069003 0 C 
 27 232 4 34 1 1 NN 0 86 -17 86 -17 0 1 0.948808 0 0 5190.093566 5190.594541 5190.594541 5190.594541 5192.598435 5193.547243 0 C 
 27 233 4 35 3 1 HN 0 102 +40 71 +40 1 0 1.500988 0 0 5194.568935 5195.069906 5195.069906 5195.069906 5197.073801 5198.574789 0 E 
 27 234 4 36 3 1 HN 0 133 -44 93 -44 0 1 1.927766 0 0 5199.595371 5200.096343 5200.096343 5200.096343 5202.100239 5204.028005 0 C 
 27 235 4 37 2 3 LH 1 66 -16 75 -76 1 1 1.270106 0 0 5205.039286 5205.540261 5205.540261 5205.540261 5207.544155 5208.814261 0 C 
 27 236 4 38 1 2 NL 0 76 +44 76 +24 0 1 1.726554 0 0 5209.831940 5210.332909 5210.332909 5210.332909 5212.336805 5214.063359 0 C 
 27 237 4 39 1 2 NL 0 140 -10 140 -30 0 1 1.375920 0 0 5215.075463 5215.576436 5215.576436 5215.576436 5217.580331 5218.956250 0 C 
 27 238 4 40 3 2 HL 1 92 -66 64 -86 1 1 0.886060 0 0 5219.968312 5220.469280 5220.469280 5220.469280 5222.473177 5223.359236 0 C 
 27 239 4 41 3 1 HN 0 141 +81 183 +81 0 1 1.437059 0 0 5224.376878 5224.877849 5224.877849 5224.877849 5226.881746 5228.318804 0 C 
 27 240 4 42 1 1 NN 0 147 -3 147 -3 0 1 0.863748 0 0 5229.336519 5229.837493 5229.837493 5229.837493 5231.841385 5232.705133 0 C 
 27 241 4 43 2 3 LH 1 165 +76 189 +16 1 1 1.203287 0 0 5233.728389 5234.229366 5234.229366 5234.229366 5236.233257 5237.436544 0 C 
 27 242 4 44 3 2 HL 1 155 +59 108 +79 1 1 0.913825 0 0 5238.454242 5238.955217 5238.955217 5238.955217 5240.959111 5241.872936 0 C 
 27 243 4 45 1 1 NN 0 133 +85 133 +85 0 1 0.935448 0 0 5242.896211 5243.397187 5243.397187 5243.397187 5245.401079 5246.336527 0 C 
 27 244 4 46 3 3 HH 1 158 -61 205 -1 1 1 1.002911 0 0 5247.354879 5247.855851 5247.855851 5247.855851 5249.859743 5250.862654 0 C 
 27 245 4 47 3 3 HH 1 130 +62 169 +2 1 1 0.735714 0 0 5251.880341 5252.381315 5252.381315 5252.381315 5254.385212 5255.120926 0 C 
 27 246 4 48 2 2 LL 1 139 +31 159 +11 1 1 1.210322 0 0 5256.138619 5256.639592 5256.639592 5256.639592 5258.643487 5259.853809 0 C 
 27 247 4 49 1 2 NL 0 127 -33 127 -53 1 0 1.732039 0 0 5260.864472 5261.365446 5261.365446 5261.365446 5263.369342 5265.101381 0 E 
 27 248 4 50 3 3 HH 1 159 -20 111 +40 1 1 1.130100 0 0 5266.124699 5266.625671 5266.625671 5266.625671 5268.629567 5269.759667 0 C 
 27 249 4 51 2 1 LN 0 95 +61 109 +61 0 1 0.986124 0 0 5270.783756 5271.284729 5271.284729 5271.284729 5273.288623 5274.274746 0 C 
 27 250 4 52 3 1 HN 0 126 +29 163 +29 0 1 1.053122 0 0 5275.292525 5275.793494 5275.793494 5275.793494 5277.797388 5278.850510 0 C 
 27 251 4 53 2 3 LH 1 85 +43 72 -17 1 1 1.369085 0 0 5279.868080 5280.369054 5280.369054 5280.369054 5282.372949 5283.742034 0 C 
 27 252 4 54 2 2 LL 1 132 -61 151 -81 1 1 1.629438 0 0 5284.760925 5285.261899 5285.261899 5285.261899 5287.265793 5288.895231 0 C 
 27 253 4 55 3 2 HL 1 167 -11 217 +9 1 1 1.414622 0 0 5289.920955 5290.421928 5290.421928 5290.421928 5292.425826 5293.840449 0 C 
 27 254 4 56 3 3 HH 1 143 -37 100 +23 1 1 0.902604 0 0 5294.863900 5295.364871 5295.364871 5295.364871 5297.368765 5298.271369 0 C 
 27 255 4 57 3 3 HH 1 159 +74 206 +14 1 1 1.452575 0 0 5299.289167 5299.790143 5299.790143 5299.790143 5301.794035 5303.246611 0 C 
 27 256 4 58 3 2 HL 1 108 -55 140 -35 1 1 1.296236 0 0 5304.265507 5304.766484 5304.766484 5304.766484 5306.770375 5308.066611 0 C 
 27 257 4 59 3 2 HL 1 106 +23 74 +3 1 1 0.918397 0 0 5309.091556 5309.592528 5309.592528 5309.592528 5311.596422 5312.514819 0 C 
 27 258 4 60 1 1 NN 0 123 +79 123 +79 0 1 0.969243 0 0 5313.533524 5314.034496 5314.034496 5314.034496 5316.038399 5317.007642 0 C 
 27 259 5  1 2 2 LL 1 172 +10 197 -10 1 1 1.948020 0 0 5319.628706 5320.129678 5320.129678 5320.129678 5322.133572 5324.081593 0 C 
 27 260 5  2 1 3 NH 0 70 -14 70 -74 0 1 1.257818 0 0 5325.106020 5325.606993 5325.606993 5325.606993 5327.610887 5328.868705 0 C 
 27 261 5  3 2 3 LH 1 72 +68 82 +8 1 1 3.183974 0 0 5329.881971 5330.382943 5330.382943 5330.382943 5332.386839 5335.570813 0 C 
 27 262 5  4 2 3 LH 1 68 +89 78 +29 1 1 1.669161 0 0 5336.595019 5337.095993 5337.095993 5337.095993 5339.099888 5340.769049 0 C 
 27 263 5  5 1 3 NH 0 135 -44 135 +16 0 1 2.110731 0 0 5341.788449 5342.289425 5342.289425 5342.289425 5344.293317 5346.404048 0 C 
 27 264 5  6 1 1 NN 0 116 -67 116 -67 0 1 0.915293 0 0 5347.416055 5347.917028 5347.917028 5347.917028 5349.920923 5350.836217 0 C 
 27 265 5  7 3 1 HN 0 170 -19 118 -19 0 1 1.464824 0 0 5351.858023 5352.358996 5352.358996 5352.358996 5354.362891 5355.827715 0 C 
 27 266 5  8 2 3 LH 1 112 +90 128 +30 1 1 1.014005 0 0 5356.851063 5357.352035 5357.352035 5357.352035 5359.355930 5360.369935 0 C 
 27 267 5  9 1 2 NL 0 64 -58 64 -38 0 1 1.080820 0 0 5361.393224 5361.894198 5361.894198 5361.894198 5363.898094 5364.978913 0 C 
 27 268 5 10 1 1 NN 0 90 +63 90 +63 0 1 1.658027 0 0 5366.002185 5366.503161 5366.503161 5366.503161 5368.507053 5370.165080 0 C 
 27 269 5 11 1 1 NN 0 84 -27 84 -27 0 1 1.215753 0 0 5371.178915 5371.679891 5371.679891 5371.679891 5373.683783 5374.899535 0 C 
 27 270 5 12 3 2 HL 1 130 +83 91 +63 1 1 1.192162 0 0 5375.921468 5376.422439 5376.422439 5376.422439 5378.426334 5379.618496 0 C 
 27 271 5 13 1 3 NH 0 147 +14 147 -46 0 1 2.642817 0 0 5380.630622 5381.131595 5381.131595 5381.131595 5383.135489 5385.778306 0 C 
 27 272 5 14 2 1 LN 0 96 +39 110 +39 1 0 1.793287 0 0 5386.792604 5387.293573 5387.293573 5387.293573 5389.297468 5391.090756 0 E 
 27 273 5 15 2 1 LN 0 75 -54 86 -54 0 1 1.253381 0 0 5392.102921 5392.603899 5392.603899 5392.603899 5394.607790 5395.861171 0 C 
 27 274 5 16 3 1 HN 0 118 -75 82 -75 0 1 1.164188 0 0 5396.878874 5397.379846 5397.379846 5397.379846 5399.383739 5400.547927 0 C 
 27 275 5 17 2 2 LL 1 151 -40 173 -20 1 1 1.414915 0 0 5401.571327 5402.072301 5402.072301 5402.072301 5404.076196 5405.491111 0 C 
 27 276 5 18 2 1 LN 0 117 +81 134 +81 0 1 0.955409 0 0 5406.514271 5407.015244 5407.015244 5407.015244 5409.019138 5409.974547 0 C 
 27 277 5 19 2 1 LN 0 78 +28 66 +28 0 1 1.008451 0 0 5410.989636 5411.490609 5411.490609 5411.490609 5413.494505 5414.502956 0 C 
 27 278 5 20 1 2 NL 0 90 +36 90 +16 0 1 1.361149 0 0 5415.515100 5416.016071 5416.016071 5416.016071 5418.019969 5419.381118 0 C 
 27 279 5 21 1 1 NN 0 110 -7 110 -7 0 1 1.041844 0 0 5420.407945 5420.908918 5420.908918 5420.908918 5422.912813 5423.954657 0 C 
 27 280 5 22 2 1 LN 0 95 -73 80 -73 0 1 0.808127 0 0 5424.966806 5425.467781 5425.467781 5425.467781 5427.471675 5428.279802 0 C 
 27 281 5 23 2 2 LL 1 98 +11 112 -9 1 1 1.809438 0 0 5429.291882 5429.792856 5429.792856 5429.792856 5431.796749 5433.606187 0 C 
 27 282 5 24 3 2 HL 1 109 +75 76 +55 1 1 1.375716 0 0 5434.618904 5435.119876 5435.119876 5435.119876 5437.123772 5438.499488 0 C 
 27 283 5 25 1 2 NL 0 142 +80 142 +60 1 0 1.506365 0 0 5439.511747 5440.012721 5440.012721 5440.012721 5442.016616 5443.522981 0 E 
 27 284 5 26 1 1 NN 0 146 -5 146 -5 0 1 1.010764 0 0 5444.538184 5445.039158 5445.039158 5445.039158 5447.043054 5448.053818 0 C 
 27 285 5 27 1 1 NN 0 143 +24 143 +24 0 1 0.723468 0 0 5449.080348 5449.581321 5449.581321 5449.581321 5451.585217 5452.308684 0 C 
 27 286 5 28 3 2 HL 1 160 -55 112 -35 1 1 1.329989 0 0 5453.321931 5453.822902 5453.822902 5453.822902 5455.826794 5457.156784 0 C 
 27 287 5 29 1 3 NH 0 84 +60 84 +0 0 1 2.250076 0 0 5458.181374 5458.682347 5458.682347 5458.682347 5460.686241 5462.936317 0 C 
 27 288 5 30 1 2 NL 0 113 +17 113 +37 0 1 1.701560 0 0 5463.959271 5464.460245 5464.460245 5464.460245 5466.464140 5468.165700 0 C 
 27 289 5 31 1 1 NN 0 89 -82 89 -82 0 1 1.337846 0 0 5469.186099 5469.687072 5469.687072 5469.687072 5471.690967 5473.028813 0 C 
 27 290 5 32 2 1 LN 0 123 +28 141 +28 0 1 0.785677 0 0 5474.045545 5474.546520 5474.546520 5474.546520 5476.550413 5477.336090 0 C 
 27 291 5 33 3 3 HH 1 128 +64 89 +4 0 0 1.403743 0 0 5478.353919 5478.854895 5478.854895 5478.854895 5480.858786 5482.262529 0 E 
 27 292 5 34 3 2 HL 1 54 +5 70 -15 1 1 2.912149 0 0 5483.280162 5483.781138 5483.781138 5483.781138 5485.785031 5488.697180 0 C 
 27 293 5 35 1 2 NL 0 130 +21 130 +1 1 0 1.425979 0 0 5489.709328 5490.210301 5490.210301 5490.210301 5492.214196 5493.640175 0 E 
 27 294 5 36 1 3 NH 0 111 +12 111 +72 0 1 2.003095 0 0 5494.652269 5495.153244 5495.153244 5495.153244 5497.157138 5499.160233 0 C 
 27 295 5 37 3 3 HH 1 178 -1 231 +59 1 1 1.916619 0 0 5500.179681 5500.680654 5500.680654 5500.680654 5502.684549 5504.601168 0 C 
 27 296 5 38 1 3 NH 0 68 +5 68 +65 0 1 2.792441 0 0 5505.623597 5506.124569 5506.124569 5506.124569 5508.128467 5510.920907 0 C 
 27 297 5 39 1 3 NH 0 137 +25 137 -35 1 0 1.134628 0 0 5511.935868 5512.436840 5512.436840 5512.436840 5514.440735 5515.575364 0 E 
 27 298 5 40 2 2 LL 1 73 -13 62 +7 1 1 0.973576 0 0 5516.594924 5517.095897 5517.095897 5517.095897 5519.099792 5520.073369 0 C 
 27 299 5 41 1 1 NN 0 160 -52 160 -52 0 1 0.769192 0 0 5521.086989 5521.587963 5521.587963 5521.587963 5523.591858 5524.361050 0 C 
 27 300 5 42 3 3 HH 1 83 -55 58 +5 1 1 0.858315 0 0 5525.378676 5525.879638 5525.879638 5525.879638 5527.883531 5528.741847 0 C 
 27 301 5 43 2 2 LL 1 59 -40 67 -20 1 1 1.030708 0 0 5529.753838 5530.254810 5530.254810 5530.254810 5532.258705 5533.289413 0 C 
 27 302 5 44 3 3 HH 1 63 -59 44 +1 1 1 1.445296 0 0 5534.312700 5534.813675 5534.813675 5534.813675 5536.817567 5538.262864 0 C 
 27 303 5 45 3 2 HL 1 138 -76 96 -56 1 1 1.047514 0 0 5539.289038 5539.790012 5539.790012 5539.790012 5541.793911 5542.841426 0 C 
 27 304 5 46 1 3 NH 0 58 +87 58 +27 1 0 0.741219 0 0 5543.864603 5544.365573 5544.365573 5544.365573 5546.369469 5547.110688 0 E 
 27 305 5 47 1 1 NN 0 59 +27 59 +27 0 1 0.711241 0 0 5548.122878 5548.623851 5548.623851 5548.623851 5550.627747 5551.338988 0 C 
 27 306 5 48 2 2 LL 1 71 -33 81 -53 1 1 1.014011 0 0 5552.364457 5552.865430 5552.865430 5552.865430 5554.869336 5555.883347 0 C 
 27 307 5 49 3 1 HN 0 58 +37 75 +37 1 0 0.728041 0 0 5556.906620 5557.407593 5557.407593 5557.407593 5559.411488 5560.139529 0 E 
 27 308 5 50 1 2 NL 0 83 -75 83 -55 0 1 1.477104 0 0 5561.164897 5561.665873 5561.665873 5561.665873 5563.669766 5565.146871 0 C 
 27 309 5 51 1 3 NH 0 85 -69 85 -9 0 1 1.763295 0 0 5566.157937 5566.658910 5566.658910 5566.658910 5568.662805 5570.426100 0 C 
 27 310 5 52 3 3 HH 1 75 -58 52 +2 1 1 1.091021 0 0 5571.451561 5571.952533 5571.952533 5571.952533 5573.956436 5575.047457 0 C 
 27 311 5 53 1 1 NN 0 69 -13 69 -13 0 1 1.587377 0 0 5576.060519 5576.561497 5576.561497 5576.561497 5578.565388 5580.152765 0 C 
 27 312 5 54 3 2 HL 1 113 -8 146 -28 1 1 1.069810 0 0 5581.170454 5581.671430 5581.671430 5581.671430 5583.675322 5584.745132 0 C 
 27 313 5 55 1 2 NL 0 172 -90 172 -70 1 0 1.565763 0 0 5585.762713 5586.263687 5586.263687 5586.263687 5588.267582 5589.833345 0 E 
 27 314 5 56 2 3 LH 1 91 -40 104 +20 1 1 1.274008 0 0 5590.855948 5591.356921 5591.356921 5591.356921 5593.360816 5594.634824 0 C 
 27 315 5 57 2 3 LH 1 57 +13 65 +73 0 0 0.995899 0 0 5595.648598 5596.149571 5596.149571 5596.149571 5598.153466 5599.149365 0 E 
 27 316 5 58 3 1 HN 0 156 +15 109 +15 0 1 1.060273 0 0 5600.174062 5600.675037 5600.675037 5600.675037 5602.678930 5603.739202 0 C 
 27 317 5 59 2 2 LL 1 98 -63 83 -43 1 1 1.509456 0 0 5604.749622 5605.250595 5605.250595 5605.250595 5607.254491 5608.763947 0 C 
 27 318 5 60 3 1 HN 0 107 -55 74 -55 0 1 1.299594 0 0 5609.776060 5610.277036 5610.277036 5610.277036 5612.280929 5613.580523 0 C 
 27 319 6  1 1 1 NN 0 134 -42 134 -42 0 1 1.143352 0 0 5617.357464 5617.858440 5617.858440 5617.858440 5619.862333 5621.005685 0 C 
 27 320 6  2 2 2 LL 1 121 -35 139 -15 0 0 1.727817 0 0 5622.016521 5622.517492 5622.517492 5622.517492 5624.521390 5626.249207 0 E 
 27 321 6  3 3 1 HN 0 109 -69 141 -69 0 1 1.431662 0 0 5627.260045 5627.761021 5627.761021 5627.761021 5629.764915 5631.196577 0 C 
 27 322 6  4 1 3 NH 0 144 +88 144 +28 0 1 0.980779 0 0 5632.219688 5632.720660 5632.720660 5632.720660 5634.724557 5635.705336 0 C 
 27 323 6  5 2 3 LH 1 59 +79 50 +19 0 0 1.258911 0 0 5636.728452 5637.229426 5637.229426 5637.229426 5639.233322 5640.492233 0 E 
 27 324 6  6 1 3 NH 0 62 +21 62 +81 0 1 1.392444 0 0 5641.504403 5642.005379 5642.005379 5642.005379 5644.009272 5645.401716 0 C 
 27 325 6  7 1 1 NN 0 178 -63 178 -63 0 1 1.283157 0 0 5646.413949 5646.914924 5646.914924 5646.914924 5648.918816 5650.201973 0 C 
 27 326 6  8 2 2 LL 1 63 +20 72 +40 1 1 1.612856 0 0 5651.223297 5651.724270 5651.724270 5651.724270 5653.728165 5655.341022 0 C 
 27 327 6  9 1 2 NL 0 66 +68 66 +48 1 0 1.943628 0 0 5656.366629 5656.867601 5656.867601 5656.867601 5658.871497 5660.815124 0 E 
 27 328 6 10 3 2 HL 1 139 +38 180 +58 1 1 1.186608 0 0 5661.827244 5662.328215 5662.328215 5662.328215 5664.332112 5665.518719 0 C 
 27 329 6 11 1 3 NH 0 163 -19 163 +41 1 0 1.609621 0 0 5666.536398 5667.037370 5667.037370 5667.037370 5669.041265 5670.650886 0 E 
 27 330 6 12 3 1 HN 0 152 +39 197 +39 0 1 0.902661 0 0 5671.663031 5672.164006 5672.164006 5672.164006 5674.167898 5675.070559 0 C 
 27 331 6 13 2 1 LN 0 144 +55 122 +55 0 1 0.877438 0 0 5676.088297 5676.589271 5676.589271 5676.589271 5678.593167 5679.470605 0 C 
 27 332 6 14 2 2 LL 1 76 +13 87 -7 1 1 0.804350 0 0 5680.496869 5680.997841 5680.997841 5680.997841 5683.001737 5683.806087 0 C 
 27 333 6 15 2 1 LN 0 106 +65 121 +65 0 1 0.877494 0 0 5684.821944 5685.322916 5685.322916 5685.322916 5687.326812 5688.204306 0 C 
 27 334 6 16 1 3 NH 0 147 +73 147 +13 0 1 1.303858 0 0 5689.230513 5689.731489 5689.731489 5689.731489 5691.735381 5693.039239 0 C 
 27 335 6 17 3 3 HH 1 67 +53 46 -7 1 1 1.370281 0 0 5694.056559 5694.557531 5694.557531 5694.557531 5696.561429 5697.931710 0 C 
 27 336 6 18 2 2 LL 1 163 -47 187 -27 1 1 1.503623 0 0 5698.949405 5699.450380 5699.450380 5699.450380 5701.454274 5702.957897 0 C 
 27 337 6 19 3 3 HH 1 72 -46 50 +14 1 1 1.197569 0 0 5703.975843 5704.476816 5704.476816 5704.476816 5706.480711 5707.678281 0 C 
 27 338 6 20 3 1 HN 0 143 +55 100 +55 0 1 0.985972 0 0 5708.701695 5709.202668 5709.202668 5709.202668 5711.206565 5712.192536 0 C 
 27 339 6 21 2 3 LH 1 96 -21 81 -81 1 1 1.612291 0 0 5713.210460 5713.711439 5713.711439 5713.711439 5715.715329 5717.327621 0 C 
 27 340 6 22 1 2 NL 0 89 +38 89 +18 1 0 1.442766 0 0 5718.353792 5718.854766 5718.854766 5718.854766 5720.858662 5722.301428 0 E 
 27 341 6 23 2 1 LN 0 173 -57 198 -57 0 1 0.899297 0 0 5723.313434 5723.814405 5723.814405 5723.814405 5725.818300 5726.717597 0 C 
 27 342 6 24 1 1 NN 0 100 -65 100 -65 0 1 0.986169 0 0 5727.738703 5728.239676 5728.239676 5728.239676 5730.243571 5731.229740 0 C 
 27 343 6 25 1 2 NL 0 111 +60 111 +40 0 1 1.437108 0 0 5732.247468 5732.748442 5732.748442 5732.748442 5734.752336 5736.189444 0 C 
 27 344 6 26 2 3 LH 1 108 +60 124 +0 1 1 1.613526 0 0 5737.207108 5737.708083 5737.708083 5737.708083 5739.711977 5741.325503 0 C 
 27 345 6 27 1 3 NH 0 180 -51 180 +9 0 1 1.461919 0 0 5742.350440 5742.851412 5742.851412 5742.851412 5744.855309 5746.317228 0 C 
 27 346 6 28 1 2 NL 0 56 -2 56 +18 0 1 1.172707 0 0 5747.343480 5747.844456 5747.844456 5747.844456 5749.848348 5751.021055 0 C 
 27 347 6 29 3 2 HL 1 127 +56 88 +36 1 1 0.961750 0 0 5752.035935 5752.536907 5752.536907 5752.536907 5754.540813 5755.502564 0 C 
 27 348 6 30 1 1 NN 0 55 -60 55 -60 0 1 1.095281 0 0 5756.528000 5757.028972 5757.028972 5757.028972 5759.032868 5760.128149 0 C 
 27 349 6 31 3 1 HN 0 124 +43 161 +43 0 1 1.250981 0 0 5761.153659 5761.654631 5761.654631 5761.654631 5763.658527 5764.909508 0 C 
 27 350 6 32 3 1 HN 0 170 -43 221 -43 0 1 0.861852 0 0 5765.929609 5766.430582 5766.430582 5766.430582 5768.434478 5769.296330 0 C 
 27 351 6 33 1 3 NH 0 135 +21 135 -39 0 1 1.687567 0 0 5770.321480 5770.822453 5770.822453 5770.822453 5772.826348 5774.513915 0 C 
 27 352 6 34 3 1 HN 0 144 +49 100 +49 0 1 1.004247 0 0 5775.531608 5776.032581 5776.032581 5776.032581 5778.036475 5779.040722 0 C 
 27 353 6 35 1 2 NL 0 155 +30 155 +10 0 1 1.116686 0 0 5780.057072 5780.558048 5780.558048 5780.558048 5782.561940 5783.678626 0 C 
 27 354 6 36 3 2 HL 1 166 +71 215 +51 1 1 1.338803 0 0 5784.699429 5785.200405 5785.200405 5785.200405 5787.204298 5788.543101 0 C 
 27 355 6 37 3 2 HL 1 108 +70 75 +50 1 1 1.104715 0 0 5789.558881 5790.059849 5790.059849 5790.059849 5792.063744 5793.168459 0 C 
 27 356 6 38 3 2 HL 1 73 -67 94 -47 1 1 0.928381 0 0 5794.184534 5794.685509 5794.685509 5794.685509 5796.689402 5797.617783 0 C 
 27 357 6 39 3 3 HH 1 139 -24 97 +36 1 1 1.122824 0 0 5798.643202 5799.144175 5799.144175 5799.144175 5801.148070 5802.270894 0 C 
 27 358 6 40 2 1 LN 0 83 +30 70 +30 0 1 0.883832 0 0 5803.285558 5803.786536 5803.786536 5803.786536 5805.790427 5806.674258 0 C 
 27 359 6 41 1 3 NH 0 145 +39 145 -21 0 1 2.072763 0 0 5807.694129 5808.195102 5808.195102 5808.195102 5810.198996 5812.271759 0 C 
 27 360 6 42 3 1 HN 0 161 -54 209 -54 0 1 1.214454 0 0 5813.288338 5813.789312 5813.789312 5813.789312 5815.793205 5817.007659 0 C 
 27 361 6 43 2 1 LN 0 177 -11 150 -11 0 1 2.265478 0 0 5818.030890 5818.531863 5818.531863 5818.531863 5820.535757 5822.801235 0 C 
 27 362 6 44 3 3 HH 1 61 -44 79 +16 1 1 1.082417 0 0 5823.825487 5824.326460 5824.326460 5824.326460 5826.330355 5827.412772 0 C 
 27 363 6 45 2 2 LL 1 79 +87 67 +67 1 1 3.143156 0 0 5828.434447 5828.935420 5828.935420 5828.935420 5830.939315 5834.082471 0 C 
 27 364 6 46 1 2 NL 0 66 -59 66 -39 0 1 1.425948 0 0 5835.097399 5835.598374 5835.598374 5835.598374 5837.602267 5839.028215 0 C 
 27 365 6 47 3 3 HH 1 156 -9 202 +51 1 1 0.863588 0 0 5840.040341 5840.541313 5840.541313 5840.541313 5842.545209 5843.408797 0 C 
 27 366 6 48 2 3 LH 1 118 -20 100 -80 0 0 1.929278 0 0 5844.432211 5844.933185 5844.933185 5844.933185 5846.937080 5848.866358 0 E 
 27 367 6 49 1 1 NN 0 130 -85 130 -85 0 1 1.142076 0 0 5849.892827 5850.393797 5850.393797 5850.393797 5852.397695 5853.539771 0 C 
 27 368 6 50 2 1 LN 0 54 +38 45 +38 0 1 0.929186 0 0 5854.551882 5855.052860 5855.052860 5855.052860 5857.056752 5857.985938 0 C 
 27 369 6 51 2 3 LH 1 159 -80 182 -20 1 1 1.273305 0 0 5859.010551 5859.511523 5859.511523 5859.511523 5861.515419 5862.788724 0 C 
 27 370 6 52 3 1 HN 0 81 +68 56 +68 0 1 1.533321 0 0 5863.803211 5864.304177 5864.304177 5864.304177 5866.308069 5867.841390 0 C 
 27 371 6 53 1 1 NN 0 108 -12 108 -12 0 1 1.403666 0 0 5868.863035 5869.364012 5869.364012 5869.364012 5871.367904 5872.771571 0 C 
 27 372 6 54 2 2 LL 1 57 +59 48 +39 0 0 2.160233 0 0 5873.789277 5874.290254 5874.290254 5874.290254 5876.294147 5878.454380 0 E 
 27 373 6 55 3 3 HH 1 69 -26 89 -86 1 1 1.890280 0 0 5879.466983 5879.967959 5879.967959 5879.967959 5881.971851 5883.862132 0 C 
 27 374 6 56 3 3 HH 1 108 +11 75 +71 1 1 1.932366 0 0 5884.877500 5885.378473 5885.378473 5885.378473 5887.382369 5889.314735 0 C 
 27 375 6 57 2 1 LN 0 114 +51 96 +51 0 1 1.303538 0 0 5890.338114 5890.839088 5890.839088 5890.839088 5892.842984 5894.146523 0 C 
 27 376 6 58 2 1 LN 0 160 +87 136 +87 1 0 1.600907 0 0 5895.164162 5895.665138 5895.665138 5895.665138 5897.669032 5899.269938 0 E 
 27 377 6 59 2 2 LL 1 87 -56 73 -36 0 0 1.690905 0 0 5900.290796 5900.791770 5900.791770 5900.791770 5902.795664 5904.486569 0 E 
 27 378 6 60 3 3 HH 1 125 -37 87 +23 1 1 1.025113 0 0 5905.500924 5906.001897 5906.001897 5906.001897 5908.005793 5909.030906 0 C 
