 42   1 0 43 3 1 HN 0 139 +57 180 +57 0 1 2.249610 0 0 1608.720222 1609.221193 1609.221193 1609.221193 1611.225088 1613.474698 0 C 
 42   2 0 44 2 2 LL 1 70 +13 80 +33 0 0 4.098775 0 0 1614.498118 1614.999095 1614.999095 1614.999095 1617.002987 1621.101762 0 E 
 42   3 0 45 2 3 LH 1 87 -59 100 +1 1 1 9.129793 0 0 1622.112920 1622.613899 1622.613899 1622.613899 1624.617789 1633.747582 0 C 
 42   4 0 46 3 1 HN 0 68 -60 88 -60 0 1 2.633643 0 0 1634.770861 1635.271837 1635.271837 1635.271837 1637.275729 1639.909371 0 C 
 42   5 0 47 3 2 HL 1 126 -56 88 -36 1 1 2.790058 0 0 1640.932839 1641.433812 1641.433812 1641.433812 1643.437708 1646.227766 0 C 
 42   6 0 48 1 2 NL 0 86 +71 86 +51 0 1 2.596527 0 0 1647.245108 1647.746082 1647.746082 1647.746082 1649.749977 1652.346504 0 C 
 42   7 0 49 1 1 NN 0 122 +88 122 +88 0 1 6.424712 0 0 1653.356991 1653.857964 1653.857964 1653.857964 1655.861859 1662.286571 0 C 
 42   8 0 50 3 1 HN 0 141 -78 98 -78 0 1 1.342494 0 0 1663.309670 1663.810644 1663.810644 1663.810644 1665.814544 1667.157037 0 C 
 42   9 0 51 1 3 NH 0 75 -1 75 +59 0 1 1.481652 0 0 1668.169118 1668.670094 1668.670094 1668.670094 1670.673986 1672.155638 0 C 
 42  10 0 52 3 1 HN 0 80 +63 104 +63 0 1 1.731917 0 0 1673.178856 1673.679828 1673.679828 1673.679828 1675.683724 1677.415641 0 C 
 42  11 0 53 2 1 LN 0 111 -70 127 -70 0 1 1.710729 0 0 1678.439081 1678.940054 1678.940054 1678.940054 1680.943950 1682.654679 0 C 
 42  12 0 54 3 3 HH 1 154 -21 200 +39 1 1 2.299847 0 0 1683.665909 1684.166881 1684.166881 1684.166881 1686.170776 1688.470623 0 C 
 42  13 0 55 2 3 LH 1 97 +43 82 -17 1 1 3.980771 0 0 1689.493904 1689.994877 1689.994877 1689.994877 1691.998772 1695.979543 0 C 
 42  14 0 56 3 2 HL 1 138 +59 96 +39 1 1 1.511483 0 0 1696.991813 1697.492786 1697.492786 1697.492786 1699.496681 1701.008164 0 C 
 42  15 0 57 1 2 NL 0 57 +43 57 +63 0 1 1.793386 0 0 1702.034949 1702.535926 1702.535926 1702.535926 1704.539818 1706.333204 0 C 
 42  16 0 58 2 1 LN 0 178 -23 151 -23 0 1 3.154342 0 0 1707.345272 1707.846246 1707.846246 1707.846246 1709.850141 1713.004484 0 C 
 42  17 0 59 1 3 NH 0 75 -83 75 -23 0 1 1.587471 0 0 1714.024926 1714.525896 1714.525896 1714.525896 1716.529792 1718.117263 0 C 
 42  18 0 60 1 1 NN 0 113 -27 113 -27 0 1 1.865102 0 0 1719.134856 1719.635830 1719.635830 1719.635830 1721.639725 1723.504827 0 C 
 42  19 1  1 2 1 LN 0 111 -74 127 -74 0 1 3.164869 0 0 1727.851801 1728.352774 1728.352774 1728.352774 1730.356670 1733.521539 0 C 
 42  20 1  2 1 2 NL 0 65 -79 65 -59 0 1 1.484564 0 0 1734.548152 1735.049128 1735.049128 1735.049128 1737.053021 1738.537586 0 C 
 42  21 1  3 2 2 LL 1 108 -62 91 -42 1 1 3.286664 0 0 1739.557890 1740.058864 1740.058864 1740.058864 1742.062758 1745.349423 0 C 
 42  22 1  4 3 2 HL 1 142 -78 99 -58 1 1 2.177263 0 0 1746.371135 1746.872108 1746.872108 1746.872108 1748.876004 1751.053267 0 C 
 42  23 1  5 2 3 LH 1 121 -82 102 -22 1 1 2.628918 0 0 1752.065538 1752.566511 1752.566511 1752.566511 1754.570407 1757.199325 0 C 
 42  24 1  6 1 2 NL 0 72 -12 72 +8 0 1 2.268710 0 0 1758.210817 1758.711790 1758.711790 1758.711790 1760.715685 1762.984395 0 C 
 42  25 1  7 3 3 HH 1 141 -29 183 -89 1 1 1.359292 0 0 1764.005414 1764.506391 1764.506391 1764.506391 1766.510283 1767.869575 0 C 
 42  26 1  8 3 3 HH 1 62 +79 43 +19 1 1 1.352416 0 0 1768.881564 1769.382534 1769.382534 1769.382534 1771.386429 1772.738845 0 C 
 42  27 1  9 1 3 NH 0 103 +23 103 +83 0 1 1.462969 0 0 1773.757706 1774.258678 1774.258678 1774.258678 1776.262575 1777.725543 0 C 
 42  28 1 10 2 2 LL 1 147 +65 169 +45 1 1 2.639273 0 0 1778.750749 1779.251718 1779.251718 1779.251718 1781.255624 1783.894897 0 C 
 42  29 1 11 2 3 LH 1 129 -64 148 -4 1 1 1.181044 0 0 1784.912722 1785.413697 1785.413697 1785.413697 1787.417592 1788.598636 0 C 
 42  30 1 12 2 3 LH 1 58 -85 49 -25 1 1 2.194658 0 0 1789.621876 1790.122850 1790.122850 1790.122850 1792.126746 1794.321404 0 C 
 42  31 1 13 3 1 HN 0 109 -34 76 -34 1 0 1.131559 0 0 1795.332981 1795.833952 1795.833952 1795.833952 1797.837848 1798.969407 0 E 
 42  32 1 14 1 3 NH 0 131 -84 131 -24 0 1 2.214236 0 0 1799.992037 1800.493011 1800.493011 1800.493011 1802.496907 1804.711143 0 C 
 42  33 1 15 3 2 HL 1 105 -66 73 -46 1 1 3.133812 0 0 1805.736536 1806.237512 1806.237512 1806.237512 1808.241405 1811.375217 0 C 
 42  34 1 16 2 3 LH 1 114 -70 96 -10 1 1 1.859376 0 0 1812.399488 1812.900461 1812.900461 1812.900461 1814.904356 1816.763732 0 C 
 42  35 1 17 3 3 HH 1 91 +76 63 +16 1 1 1.362826 0 0 1817.776607 1818.277581 1818.277581 1818.277581 1820.281476 1821.644302 0 C 
 42  36 1 18 3 3 HH 1 180 +38 234 -22 1 1 1.307971 0 0 1822.669452 1823.170425 1823.170425 1823.170425 1825.174321 1826.482293 0 C 
 42  37 1 19 3 2 HL 1 91 -76 63 -56 1 1 0.912150 0 0 1827.495499 1827.996474 1827.996474 1827.996474 1830.000369 1830.912519 0 C 
 42  38 1 20 3 3 HH 1 109 -74 76 -14 1 1 1.216384 0 0 1831.937469 1832.438444 1832.438444 1832.438444 1834.442337 1835.658721 0 C 
 42  39 1 21 3 1 HN 0 141 -8 183 -8 1 0 1.097564 0 0 1836.680021 1837.180998 1837.180998 1837.180998 1839.184890 1840.282453 0 E 
 42  40 1 22 1 2 NL 0 82 -81 82 -61 0 1 1.605393 0 0 1841.305679 1841.806652 1841.806652 1841.806652 1843.810549 1845.415942 0 C 
 42  41 1 23 1 2 NL 0 75 -56 75 -76 0 1 1.226844 0 0 1846.432312 1846.933289 1846.933289 1846.933289 1848.937181 1850.164025 0 C 
 42  42 1 24 3 2 HL 1 95 +80 66 +60 1 1 1.960327 0 0 1851.174864 1851.675838 1851.675838 1851.675838 1853.679733 1855.640060 0 C 
 42  43 1 25 2 3 LH 1 141 +62 162 +2 1 1 2.031576 0 0 1856.652179 1857.153152 1857.153152 1857.153152 1859.157048 1861.188624 0 C 
 42  44 1 26 3 2 HL 1 134 -49 93 -29 1 1 2.717101 0 0 1862.212991 1862.713962 1862.713962 1862.713962 1864.717857 1867.434958 0 C 
 42  45 1 27 2 1 LN 0 132 +11 151 +11 0 1 2.478366 0 0 1868.458464 1868.959437 1868.959437 1868.959437 1870.963331 1873.441697 0 C 
 42  46 1 28 1 2 NL 0 76 +64 76 +84 0 1 1.914850 0 0 1874.453450 1874.954423 1874.954423 1874.954423 1876.958318 1878.873168 0 C 
 42  47 1 29 1 1 NN 0 72 -89 72 -89 0 1 1.843116 0 0 1879.897365 1880.398343 1880.398343 1880.398343 1882.402234 1884.245350 0 C 
 42  48 1 30 2 2 LL 1 80 -54 92 -74 1 1 1.568332 0 0 1885.257785 1885.758759 1885.758759 1885.758759 1887.762654 1889.330986 0 C 
 42  49 1 31 3 2 HL 1 179 +15 125 +35 0 0 1.654693 0 0 1890.351021 1890.851997 1890.851997 1890.851997 1892.855888 1894.510581 0 E 
 42  50 1 32 1 1 NN 0 134 -14 134 -14 0 1 2.549340 0 0 1895.527749 1896.028724 1896.028724 1896.028724 1898.032617 1900.581957 0 C 
 42  51 1 33 2 2 LL 1 110 +71 93 +51 0 0 1.557183 0 0 1901.606230 1902.107207 1902.107207 1902.107207 1904.111102 1905.668285 0 E 
 42  52 1 34 3 2 HL 1 101 -22 131 -2 1 1 1.711721 0 0 1906.682772 1907.183740 1907.183740 1907.183740 1909.187635 1910.899356 0 C 
 42  53 1 35 1 2 NL 0 98 -31 98 -11 0 1 2.422899 0 0 1911.926292 1912.427266 1912.427266 1912.427266 1914.431162 1916.854061 0 C 
 42  54 1 36 2 3 LH 1 156 -53 179 +7 1 1 2.099429 0 0 1917.871182 1918.372159 1918.372159 1918.372159 1920.376057 1922.475486 0 C 
 42  55 1 37 2 1 LN 0 66 -65 75 -65 0 1 2.083077 0 0 1923.498789 1923.999764 1923.999764 1923.999764 1926.003658 1928.086735 0 C 
 42  56 1 38 3 1 HN 0 97 +3 67 +3 0 1 2.028250 0 0 1929.109698 1929.610669 1929.610669 1929.610669 1931.614562 1933.642812 0 C 
 42  57 1 39 2 3 LH 1 120 -86 138 -26 1 1 1.832312 0 0 1934.653808 1935.154784 1935.154784 1935.154784 1937.158676 1938.990988 0 C 
 42  58 1 40 1 1 NN 0 123 -6 123 -6 0 1 2.255538 0 0 1940.014227 1940.515200 1940.515200 1940.515200 1942.519096 1944.774634 0 C 
 42  59 1 41 3 3 HH 1 111 +53 77 -7 1 1 2.205186 0 0 1945.792125 1946.293099 1946.293099 1946.293099 1948.296994 1950.502180 0 C 
 42  60 1 42 3 2 HL 1 136 -59 176 -79 1 1 2.021545 0 0 1951.519927 1952.020902 1952.020902 1952.020902 1954.024795 1956.046341 0 C 
 42  61 1 43 2 2 LL 1 68 -24 57 -44 1 1 2.268171 0 0 1957.064036 1957.565012 1957.565012 1957.565012 1959.568906 1961.837077 0 C 
 42  62 1 44 1 3 NH 0 99 +57 99 -3 0 1 1.570676 0 0 1962.858634 1963.359608 1963.359608 1963.359608 1965.363501 1966.934177 0 C 
 42  63 1 45 1 2 NL 0 129 -72 129 -52 0 1 1.840462 0 0 1967.951870 1968.452842 1968.452842 1968.452842 1970.456738 1972.297200 0 C 
 42  64 1 46 3 1 HN 0 54 -18 37 -18 1 0 1.509300 0 0 1973.312288 1973.813262 1973.813262 1973.813262 1975.817158 1977.326458 0 E 
 42  65 1 47 3 2 HL 1 106 -34 74 -54 1 1 2.339688 0 0 1978.338726 1978.839704 1978.839704 1978.839704 1980.843605 1983.183292 0 C 
 42  66 1 48 3 3 HH 1 142 -89 184 -29 1 1 2.147803 0 0 1984.200126 1984.701094 1984.701094 1984.701094 1986.704988 1988.852792 0 C 
 42  67 1 49 2 1 LN 0 83 -64 95 -64 1 0 3.411392 0 0 1989.877825 1990.378797 1990.378797 1990.378797 1992.382694 1995.794086 0 E 
 42  68 1 50 2 2 LL 1 82 -45 69 -25 1 1 1.557281 0 0 1996.807963 1997.308936 1997.308936 1997.308936 1999.312831 2000.870111 0 C 
 42  69 1 51 1 3 NH 0 72 -72 72 -12 0 1 1.839613 0 0 2001.884497 2002.385473 2002.385473 2002.385473 2004.389367 2006.228980 0 C 
 42  70 1 52 2 1 LN 0 140 -16 161 -16 1 0 1.387173 0 0 2007.244922 2007.745891 2007.745891 2007.745891 2009.749785 2011.136959 0 E 
 42  71 1 53 1 2 NL 0 99 +31 99 +11 0 1 2.526534 0 0 2012.154461 2012.655435 2012.655435 2012.655435 2014.659330 2017.185864 0 C 
 42  72 1 54 3 2 HL 1 68 -88 47 -68 1 1 8.024534 0 0 2018.199547 2018.700519 2018.700519 2018.700519 2020.704414 2028.728948 0 C 
 42  73 1 55 3 3 HH 1 74 -16 96 +44 1 1 3.030778 0 0 2029.755341 2030.256316 2030.256316 2030.256316 2032.260212 2035.290990 0 C 
 42  74 1 56 1 3 NH 0 80 +13 80 +73 0 1 1.440547 0 0 2036.318100 2036.819072 2036.819072 2036.819072 2038.822969 2040.263517 0 C 
 42  75 1 57 2 1 LN 0 153 -7 130 -7 0 1 3.284075 0 0 2041.277742 2041.778714 2041.778714 2041.778714 2043.782610 2047.066685 0 C 
 42  76 1 58 2 1 LN 0 173 +10 147 +10 0 1 1.340396 0 0 2048.090985 2048.591959 2048.591959 2048.591959 2050.595855 2051.936251 0 C 
 42  77 1 59 1 3 NH 0 95 +20 95 +80 0 1 1.202610 0 0 2052.950432 2053.451405 2053.451405 2053.451405 2055.455301 2056.657912 0 C 
 42  78 1 60 3 2 HL 1 80 +1 56 -19 1 1 1.414985 0 0 2057.676284 2058.177258 2058.177258 2058.177258 2060.181152 2061.596137 0 C 
 42  79 2  1 2 3 LH 1 159 +5 182 -55 1 1 4.314960 0 0 2066.309734 2066.810707 2066.810707 2066.810707 2068.814604 2073.129563 0 C 
 42  80 2  2 2 3 LH 1 117 +42 99 -18 1 1 1.526129 0 0 2074.141625 2074.642599 2074.642599 2074.642599 2076.646494 2078.172623 0 C 
 42  81 2  3 3 3 HH 1 72 -75 93 -15 1 1 1.214388 0 0 2079.184762 2079.685736 2079.685736 2079.685736 2081.689632 2082.904019 0 C 
 42  82 2  4 2 2 LL 1 104 +23 88 +3 1 1 1.331308 0 0 2083.927314 2084.428288 2084.428288 2084.428288 2086.432184 2087.763492 0 C 
 42  83 2  5 1 1 NN 0 131 +21 131 +21 0 1 2.071064 0 0 2088.786761 2089.287734 2089.287734 2089.287734 2091.291630 2093.362694 0 C 
 42  84 2  6 2 1 LN 0 56 +32 64 +32 1 0 1.413988 0 0 2094.380970 2094.881943 2094.881943 2094.881943 2096.885838 2098.299826 0 E 
 42  85 2  7 2 2 LL 1 136 -30 156 -50 1 1 2.238522 0 0 2099.323911 2099.824884 2099.824884 2099.824884 2101.828783 2104.067305 0 C 
 42  86 2  8 1 2 NL 0 112 -80 112 -60 0 1 1.774847 0 0 2105.085110 2105.586084 2105.586084 2105.586084 2107.589977 2109.364824 0 C 
 42  87 2  9 1 3 NH 0 167 +88 167 +28 0 1 1.337013 0 0 2110.378734 2110.879708 2110.879708 2110.879708 2112.883603 2114.220617 0 C 
 42  88 2 10 1 2 NL 0 124 -89 124 -69 0 1 1.978553 0 0 2115.238182 2115.739154 2115.739154 2115.739154 2117.743049 2119.721603 0 C 
 42  89 2 11 3 2 HL 1 99 -81 128 -61 1 1 1.488075 0 0 2120.732195 2121.233169 2121.233169 2121.233169 2123.237063 2124.725138 0 C 
 42  90 2 12 3 1 HN 0 72 -31 93 -31 0 1 1.414703 0 0 2125.741932 2126.242905 2126.242905 2126.242905 2128.246800 2129.661503 0 C 
 42  91 2 13 2 2 LL 1 126 +85 144 +65 1 1 1.420413 0 0 2130.684875 2131.185848 2131.185848 2131.185848 2133.189742 2134.610155 0 C 
 42  92 2 14 2 1 LN 0 71 +81 81 +81 0 1 1.741396 0 0 2135.627817 2136.128790 2136.128790 2136.128790 2138.132685 2139.874081 0 C 
 42  93 2 15 2 3 LH 1 112 +61 95 +1 1 1 1.978765 0 0 2140.888040 2141.389016 2141.389016 2141.389016 2143.392913 2145.371678 0 C 
 42  94 2 16 2 1 LN 0 56 +58 64 +58 0 1 1.278339 0 0 2146.398755 2146.899728 2146.899728 2146.899728 2148.903623 2150.181962 0 C 
 42  95 2 17 2 3 LH 1 71 +69 81 +9 1 1 2.266452 0 0 2151.208104 2151.709076 2151.709076 2151.709076 2153.712972 2155.979423 0 C 
 42  96 2 18 2 1 LN 0 148 +14 170 +14 0 1 2.507023 0 0 2157.002700 2157.503674 2157.503674 2157.503674 2159.507574 2162.014598 0 C 
 42  97 2 19 3 1 HN 0 133 -25 172 -25 0 1 1.874510 0 0 2163.031087 2163.532059 2163.532059 2163.532059 2165.535954 2167.410463 0 C 
 42  98 2 20 1 1 NN 0 149 +15 149 +15 0 1 1.620009 0 0 2168.424905 2168.925878 2168.925878 2168.925878 2170.929773 2172.549781 0 C 
 42  99 2 21 1 2 NL 0 96 +34 96 +14 0 1 1.257738 0 0 2173.568236 2174.069209 2174.069209 2174.069209 2176.073104 2177.330843 0 C 
 42 100 2 22 3 1 HN 0 104 +23 135 +23 0 1 1.204102 0 0 2178.344188 2178.845163 2178.845163 2178.845163 2180.849055 2182.053157 0 C 
 42 101 2 23 1 3 NH 0 54 +13 54 -47 0 1 1.388926 0 0 2183.070038 2183.571014 2183.571014 2183.571014 2185.574909 2186.963835 0 C 
 42 102 2 24 3 3 HH 1 154 +66 200 +6 1 1 1.353592 0 0 2187.979583 2188.480556 2188.480556 2188.480556 2190.484453 2191.838045 0 C 
 42 103 2 25 3 3 HH 1 171 +31 222 -29 1 1 1.294700 0 0 2192.855729 2193.356703 2193.356703 2193.356703 2195.360598 2196.655297 0 C 
 42 104 2 26 2 2 LL 1 88 +12 74 -8 0 0 1.114213 0 0 2197.681777 2198.182750 2198.182750 2198.182750 2200.186646 2201.300858 0 E 
 42 105 2 27 2 1 LN 0 148 +56 125 +56 0 1 1.715372 0 0 2202.324135 2202.825112 2202.825112 2202.825112 2204.829003 2206.544376 0 C 
 42 106 2 28 1 3 NH 0 102 -4 102 +56 0 1 1.236517 0 0 2207.567661 2208.068635 2208.068635 2208.068635 2210.072530 2211.309047 0 C 
 42 107 2 29 2 2 LL 1 75 +82 63 +62 1 1 2.508368 0 0 2212.326911 2212.827885 2212.827885 2212.827885 2214.831780 2217.340149 0 C 
 42 108 2 30 1 1 NN 0 79 +9 79 +9 0 1 1.004500 0 0 2218.355300 2218.856271 2218.856271 2218.856271 2220.860167 2221.864667 0 C 
 42 109 2 31 1 2 NL 0 121 +32 121 +52 0 1 1.181445 0 0 2222.880762 2223.381736 2223.381736 2223.381736 2225.385630 2226.567076 0 C 
 42 110 2 32 2 2 LL 1 86 +28 98 +8 1 1 2.222096 0 0 2227.589917 2228.090891 2228.090891 2228.090891 2230.094785 2232.316881 0 C 
 42 111 2 33 3 1 HN 0 157 -22 204 -22 0 1 1.279032 0 0 2233.334417 2233.835390 2233.835390 2233.835390 2235.839285 2237.118318 0 C 
 42 112 2 34 3 3 HH 1 152 -84 197 -24 1 1 1.388972 0 0 2238.143766 2238.644738 2238.644738 2238.644738 2240.648634 2242.037606 0 C 
 42 113 2 35 2 3 LH 1 158 -54 181 +6 1 1 2.195297 0 0 2243.053310 2243.554283 2243.554283 2243.554283 2245.558178 2247.753475 0 C 
 42 114 2 36 2 1 LN 0 107 -65 123 -65 0 1 1.216755 0 0 2248.764412 2249.265384 2249.265384 2249.265384 2251.269278 2252.486033 0 C 
 42 115 2 37 3 1 HN 0 76 -39 53 -39 0 1 1.826789 0 0 2253.506964 2254.007936 2254.007936 2254.007936 2256.011832 2257.838621 0 C 
 42 116 2 38 2 1 LN 0 114 +34 131 +34 0 1 1.220020 0 0 2258.850684 2259.351656 2259.351656 2259.351656 2261.355553 2262.575574 0 C 
 42 117 2 39 2 3 LH 1 74 -63 62 -3 1 1 1.694611 0 0 2263.593236 2264.094210 2264.094210 2264.094210 2266.098105 2267.792716 0 C 
 42 118 2 40 3 3 HH 1 72 +31 93 -29 1 1 2.505760 0 0 2268.803364 2269.304338 2269.304338 2269.304338 2271.308233 2273.813994 0 C 
 42 119 2 41 3 3 HH 1 169 -74 219 -14 1 1 1.878733 0 0 2274.831750 2275.332727 2275.332727 2275.332727 2277.336619 2279.215352 0 C 
 42 120 2 42 2 2 LL 1 85 +71 72 +51 1 1 1.775234 0 0 2280.242268 2280.743241 2280.743241 2280.743241 2282.747136 2284.522371 0 C 
 42 121 2 43 3 3 HH 1 167 +86 217 +26 1 1 0.984295 0 0 2285.535891 2286.036867 2286.036867 2286.036867 2288.040760 2289.025055 0 C 
 42 122 2 44 3 1 HN 0 56 +78 39 +78 1 0 2.043866 0 0 2290.044657 2290.545630 2290.545630 2290.545630 2292.549525 2294.593391 0 E 
 42 123 2 45 2 1 LN 0 80 -24 68 -24 0 1 1.481622 0 0 2295.605465 2296.106439 2296.106439 2296.106439 2298.110334 2299.591956 0 C 
 42 124 2 46 1 2 NL 0 61 -88 61 -68 0 1 1.593597 0 0 2300.615204 2301.116177 2301.116177 2301.116177 2303.120076 2304.713673 0 C 
 42 125 2 47 2 3 LH 1 153 -33 175 +27 1 1 2.196425 0 0 2305.725138 2306.226111 2306.226111 2306.226111 2308.230006 2310.426431 0 C 
 42 126 2 48 1 3 NH 0 71 -70 71 -10 0 1 1.133133 0 0 2311.452939 2311.953912 2311.953912 2311.953912 2313.957807 2315.090941 0 C 
 42 127 2 49 2 2 LL 1 165 -34 140 -14 1 1 1.022631 0 0 2316.111995 2316.612969 2316.612969 2316.612969 2318.616864 2319.639495 0 C 
 42 128 2 50 2 3 LH 1 164 +56 139 -4 1 1 1.337607 0 0 2320.654157 2321.155131 2321.155131 2321.155131 2323.159027 2324.496634 0 C 
 42 129 2 51 3 3 HH 1 96 +71 67 +11 1 1 1.214553 0 0 2325.513604 2326.014578 2326.014578 2326.014578 2328.018471 2329.233024 0 C 
 42 130 2 52 3 2 HL 1 69 +27 89 +7 1 1 1.854952 0 0 2330.256156 2330.757132 2330.757132 2330.757132 2332.761025 2334.615977 0 C 
 42 131 2 53 1 2 NL 0 139 +77 139 +57 0 1 1.247783 0 0 2335.633276 2336.134251 2336.134251 2336.134251 2338.138145 2339.385928 0 C 
 42 132 2 54 3 3 HH 1 144 -24 100 +36 1 1 1.319387 0 0 2340.409229 2340.910200 2340.910200 2340.910200 2342.914096 2344.233482 0 C 
 42 133 2 55 1 3 NH 0 135 -43 135 +17 0 1 1.158813 0 0 2345.251975 2345.752948 2345.752948 2345.752948 2347.756841 2348.915654 0 C 
 42 134 2 56 2 1 LN 0 62 -78 52 -78 1 0 1.737438 0 0 2349.927729 2350.428706 2350.428706 2350.428706 2352.432599 2354.170037 0 E 
 42 135 2 57 3 1 HN 0 100 -46 130 -46 0 1 2.044167 0 0 2355.187956 2355.688932 2355.688932 2355.688932 2357.692824 2359.736991 0 C 
 42 136 2 58 2 1 LN 0 176 -47 202 -47 0 1 1.308310 0 0 2360.748765 2361.249738 2361.249738 2361.249738 2363.253634 2364.561944 0 C 
 42 137 2 59 1 1 NN 0 57 +37 57 +37 0 1 1.604087 0 0 2365.574814 2366.075787 2366.075787 2366.075787 2368.079682 2369.683769 0 C 
 42 138 2 60 2 3 LH 1 179 -42 205 +18 1 1 1.275704 0 0 2370.701447 2371.202421 2371.202421 2371.202421 2373.206315 2374.482019 0 C 
 42 139 3  1 1 3 NH 0 90 +85 90 +25 0 1 1.154648 0 0 2408.291185 2408.792156 2408.792156 2408.792156 2410.796053 2411.950701 0 C 
 42 140 3  2 2 1 LN 0 58 +51 49 +51 1 0 1.555150 0 0 2412.966941 2413.467913 2413.467913 2413.467913 2415.471811 2417.026960 0 E 
 42 141 3  3 1 3 NH 0 145 +88 145 +28 0 1 1.328878 0 0 2418.043474 2418.544451 2418.544451 2418.544451 2420.548343 2421.877222 0 C 
 42 142 3  4 1 3 NH 0 144 -67 144 -7 0 1 0.840137 0 0 2422.902921 2423.403894 2423.403894 2423.403894 2425.407790 2426.247927 0 C 
 42 143 3  5 3 1 HN 0 160 +42 112 +42 0 1 1.429254 0 0 2427.261394 2427.762367 2427.762367 2427.762367 2429.766263 2431.195517 0 C 
 42 144 3  6 2 2 LL 1 113 +37 96 +17 1 1 2.233179 0 0 2432.221034 2432.722011 2432.722011 2432.722011 2434.725903 2436.959082 0 C 
 42 145 3  7 1 1 NN 0 64 -31 64 -31 0 1 3.335170 0 0 2437.982234 2438.483207 2438.483207 2438.483207 2440.487112 2443.822282 0 C 
 42 146 3  8 1 2 NL 0 56 +63 56 +83 0 1 2.150257 0 0 2444.845576 2445.346552 2445.346552 2445.346552 2447.350444 2449.500701 0 C 
 42 147 3  9 3 2 HL 1 122 -14 158 +6 1 1 3.257438 0 0 2450.523279 2451.024256 2451.024256 2451.024256 2453.028148 2456.285586 0 C 
 42 148 3 10 1 3 NH 0 75 -35 75 +25 0 1 2.622678 0 0 2457.303127 2457.804099 2457.804099 2457.804099 2459.807994 2462.430672 0 C 
 42 149 3 11 1 2 NL 0 127 -68 127 -88 0 1 2.004826 0 0 2463.448409 2463.949378 2463.949378 2463.949378 2465.953273 2467.958100 0 C 
 42 150 3 12 1 3 NH 0 96 +49 96 -11 0 1 2.238572 0 0 2468.975816 2469.476789 2469.476789 2469.476789 2471.480696 2473.719268 0 C 
 42 151 3 13 2 1 LN 0 93 -34 79 -34 0 1 1.815626 0 0 2474.737015 2475.237992 2475.237992 2475.237992 2477.241883 2479.057510 0 C 
 42 152 3 14 3 3 HH 1 86 +15 111 -45 1 1 1.381455 0 0 2480.080736 2480.581712 2480.581712 2480.581712 2482.585605 2483.967060 0 C 
 42 153 3 15 1 3 NH 0 141 -37 141 +23 0 1 1.138182 0 0 2484.990280 2485.491257 2485.491257 2485.491257 2487.495149 2488.633331 0 C 
 42 154 3 16 2 3 LH 1 150 +17 172 -43 1 1 1.228680 0 0 2489.649338 2490.150310 2490.150310 2490.150310 2492.154205 2493.382886 0 C 
 42 155 3 17 2 2 LL 1 124 +73 105 +53 1 1 1.608465 0 0 2494.408588 2494.909562 2494.909562 2494.909562 2496.913457 2498.521922 0 C 
 42 156 3 18 2 3 LH 1 155 -27 178 +33 1 1 1.821115 0 0 2499.535221 2500.036194 2500.036194 2500.036194 2502.040090 2503.861205 0 C 
 42 157 3 19 3 2 HL 1 126 +16 163 -4 1 1 1.778285 0 0 2504.878942 2505.379919 2505.379919 2505.379919 2507.383810 2509.162096 0 C 
 42 158 3 20 2 3 LH 1 62 +71 52 +11 1 1 1.637455 0 0 2510.172568 2510.673542 2510.673542 2510.673542 2512.677436 2514.314891 0 C 
 42 159 3 21 3 1 HN 0 161 +34 112 +34 0 1 1.320381 0 0 2515.332596 2515.833570 2515.833570 2515.833570 2517.837467 2519.157848 0 C 
 42 160 3 22 3 1 HN 0 54 +71 70 +71 1 0 2.895373 0 0 2520.175343 2520.676316 2520.676316 2520.676316 2522.680212 2525.575585 0 E 
 42 161 3 23 2 2 LL 1 58 +39 49 +19 0 0 1.445051 0 0 2526.587809 2527.088783 2527.088783 2527.088783 2529.092677 2530.537728 0 E 
 42 162 3 24 1 1 NN 0 91 -63 91 -63 0 1 1.804360 0 0 2531.564150 2532.065125 2532.065125 2532.065125 2534.069018 2535.873379 0 C 
 42 163 3 25 1 3 NH 0 108 -60 108 +0 0 1 0.975348 0 0 2536.891170 2537.392144 2537.392144 2537.392144 2539.396040 2540.371388 0 C 
 42 164 3 26 3 3 HH 1 123 +22 159 +82 1 1 1.742378 0 0 2541.383236 2541.884214 2541.884214 2541.884214 2543.888105 2545.630483 0 C 
 42 165 3 27 2 3 LH 1 103 -54 87 +6 1 1 1.758994 0 0 2546.643463 2547.144436 2547.144436 2547.144436 2549.148331 2550.907325 0 C 
 42 166 3 28 2 2 LL 1 178 +68 151 +88 1 1 1.281254 0 0 2551.920385 2552.421360 2552.421360 2552.421360 2554.425256 2555.706509 0 C 
 42 167 3 29 3 1 HN 0 171 +75 119 +75 0 1 1.351297 0 0 2556.729735 2557.230708 2557.230708 2557.230708 2559.234603 2560.585900 0 C 
 42 168 3 30 3 2 HL 1 94 -31 122 -51 1 1 2.130844 0 0 2561.605882 2562.106854 2562.106854 2562.106854 2564.110750 2566.241593 0 C 
 42 169 3 31 2 2 LL 1 132 +66 112 +86 1 1 1.181033 0 0 2567.266885 2567.767859 2567.767859 2567.767859 2569.771753 2570.952786 0 C 
 42 170 3 32 2 3 LH 1 117 +12 99 +72 1 1 1.161322 0 0 2571.976041 2572.477013 2572.477013 2572.477013 2574.480909 2575.642231 0 C 
 42 171 3 33 2 1 LN 0 95 +42 80 +42 0 1 1.244772 0 0 2576.668495 2577.169468 2577.169468 2577.169468 2579.173374 2580.418146 0 C 
 42 172 3 34 2 3 LH 1 70 -47 80 +13 1 1 1.692584 0 0 2581.444446 2581.945423 2581.945423 2581.945423 2583.949318 2585.641903 0 C 
 42 173 3 35 2 3 LH 1 144 -48 165 +12 1 1 1.626259 0 0 2586.654575 2587.155547 2587.155547 2587.155547 2589.159444 2590.785703 0 C 
 42 174 3 36 2 2 LL 1 174 -44 200 -24 1 1 2.305600 0 0 2591.797906 2592.298882 2592.298882 2592.298882 2594.302773 2596.608373 0 C 
 42 175 3 37 2 1 LN 0 102 -4 86 -4 1 0 2.472518 0 0 2597.625901 2598.126874 2598.126874 2598.126874 2600.130769 2602.603287 0 E 
 42 176 3 38 1 1 NN 0 55 +88 55 +88 0 1 1.525983 0 0 2603.620889 2604.121865 2604.121865 2604.121865 2606.125757 2607.651740 0 C 
 42 177 3 39 1 1 NN 0 82 -28 82 -28 0 1 1.120405 0 0 2608.664026 2609.164998 2609.164998 2609.164998 2611.168893 2612.289298 0 C 
 42 178 3 40 2 1 LN 0 105 -19 89 -19 0 1 0.896993 0 0 2613.306383 2613.807356 2613.807356 2613.807356 2615.811251 2616.708244 0 C 
 42 179 3 41 1 1 NN 0 109 -16 109 -16 0 1 0.813539 0 0 2617.731650 2618.232624 2618.232624 2618.232624 2620.236524 2621.050062 0 C 
 42 180 3 42 3 2 HL 1 87 +38 60 +18 1 1 2.956133 0 0 2622.073424 2622.574398 2622.574398 2622.574398 2624.578294 2627.534426 0 C 
 42 181 3 43 2 2 LL 1 152 +33 174 +53 1 1 1.242303 0 0 2628.552687 2629.053660 2629.053660 2629.053660 2631.057555 2632.299858 0 C 
 42 182 3 44 2 3 LH 1 64 +73 73 +13 1 1 1.509491 0 0 2633.311937 2633.812912 2633.812912 2633.812912 2635.816807 2637.326298 0 C 
 42 183 3 45 3 3 HH 1 135 -70 175 -10 1 1 1.161176 0 0 2638.338375 2638.839349 2638.839349 2638.839349 2640.843245 2642.004421 0 C 
 42 184 3 46 3 1 HN 0 105 -15 73 -15 0 1 1.647455 0 0 2643.030830 2643.531804 2643.531804 2643.531804 2645.535699 2647.183155 0 C 
 42 185 3 47 3 2 HL 1 125 +60 87 +40 1 1 1.660243 0 0 2648.207560 2648.708534 2648.708534 2648.708534 2650.712429 2652.372672 0 C 
 42 186 3 48 2 3 LH 1 145 -12 166 -72 1 1 2.329234 0 0 2653.384291 2653.885264 2653.885264 2653.885264 2655.889167 2658.218402 0 C 
 42 187 3 49 3 1 HN 0 129 +1 90 +1 0 1 2.695443 0 0 2659.228986 2659.729958 2659.729958 2659.729958 2661.733854 2664.429298 0 C 
 42 188 3 50 3 3 HH 1 172 +82 120 +22 1 1 1.837753 0 0 2665.441063 2665.942033 2665.942033 2665.942033 2667.945927 2669.783680 0 C 
 42 189 3 51 1 3 NH 0 145 -65 145 -5 0 1 2.273357 0 0 2670.801481 2671.302458 2671.302458 2671.302458 2673.306350 2675.579707 0 C 
 42 190 3 52 3 2 HL 1 57 -27 39 -7 1 1 2.640433 0 0 2676.596080 2677.097055 2677.097055 2677.097055 2679.100947 2681.741380 0 C 
 42 191 3 53 3 1 HN 0 125 +8 162 +8 1 0 1.710894 0 0 2682.758057 2683.259030 2683.259030 2683.259030 2685.262926 2686.973820 0 E 
 42 192 3 54 1 2 NL 0 127 -76 127 -56 0 1 1.682034 0 0 2687.984886 2688.485858 2688.485858 2688.485858 2690.489753 2692.171787 0 C 
 42 193 3 55 3 2 HL 1 70 -8 91 +12 1 1 2.017977 0 0 2693.195014 2693.695985 2693.695985 2693.695985 2695.699881 2697.717858 0 C 
 42 194 3 56 3 2 HL 1 154 +11 107 -9 1 1 2.500275 0 0 2698.739124 2699.240099 2699.240099 2699.240099 2701.243992 2703.744266 0 C 
 42 195 3 57 3 2 HL 1 180 -37 234 -57 1 1 2.299956 0 0 2704.767508 2705.268485 2705.268485 2705.268485 2707.272377 2709.572333 0 C 
 42 196 3 58 3 2 HL 1 144 +35 187 +15 1 1 1.784776 0 0 2710.595505 2711.096477 2711.096477 2711.096477 2713.100372 2714.885149 0 C 
 42 197 3 59 1 1 NN 0 155 -51 155 -51 0 1 1.236704 0 0 2715.905826 2716.406801 2716.406801 2716.406801 2718.410695 2719.647399 0 C 
 42 198 3 60 1 1 NN 0 88 -11 88 -11 0 1 1.059962 0 0 2720.665079 2721.166051 2721.166051 2721.166051 2723.169948 2724.229911 0 C 
 42 199 4  1 1 2 NL 0 151 -25 151 -5 0 1 3.374245 0 0 2747.183297 2747.684268 2747.684268 2747.684268 2749.688163 2753.062408 0 C 
 42 200 4  2 2 1 LN 0 78 +90 89 +90 0 1 0.984938 0 0 2754.080034 2754.581007 2754.581007 2754.581007 2756.584904 2757.569842 0 C 
 42 201 4  3 1 3 NH 0 65 -36 65 +24 0 1 1.481535 0 0 2758.588799 2759.089776 2759.089776 2759.089776 2761.093665 2762.575200 0 C 
 42 202 4  4 2 2 LL 1 67 +26 77 +6 1 1 1.670998 0 0 2763.598537 2764.099511 2764.099511 2764.099511 2766.103406 2767.774404 0 C 
 42 203 4  5 1 3 NH 0 63 -10 63 +50 0 1 2.586061 0 0 2768.791966 2769.292940 2769.292940 2769.292940 2771.296834 2773.882895 0 C 
 42 204 4  6 3 3 HH 1 151 +18 196 -42 1 1 1.102970 0 0 2774.903846 2775.404820 2775.404820 2775.404820 2777.408716 2778.511686 0 C 
 42 205 4  7 2 1 LN 0 178 +28 204 +28 0 1 0.780180 0 0 2779.529507 2780.030479 2780.030479 2780.030479 2782.034375 2782.814555 0 C 
 42 206 4  8 2 3 LH 1 171 -74 196 -14 1 1 1.370221 0 0 2783.837881 2784.338854 2784.338854 2784.338854 2786.342747 2787.712969 0 C 
 42 207 4  9 1 1 NN 0 140 -54 140 -54 0 1 0.931513 0 0 2788.730725 2789.231703 2789.231703 2789.231703 2791.235594 2792.167107 0 C 
 42 208 4 10 3 2 HL 1 179 +13 125 -7 1 1 1.253331 0 0 2793.189394 2793.690366 2793.690366 2793.690366 2795.694265 2796.947596 0 C 
 42 209 4 11 2 1 LN 0 158 -35 181 -35 0 1 1.492813 0 0 2797.965343 2798.466316 2798.466316 2798.466316 2800.470216 2801.963029 0 C 
 42 210 4 12 2 3 LH 1 59 +38 67 -22 0 0 2.505743 0 0 2802.975083 2803.476055 2803.476055 2803.476055 2805.479950 2807.985693 0 E 
 42 211 4 13 2 1 LN 0 109 +79 125 +79 0 1 2.419183 0 0 2809.003467 2809.504441 2809.504441 2809.504441 2811.508336 2813.927519 0 C 
 42 212 4 14 3 2 HL 1 126 -46 88 -26 1 1 1.231142 0 0 2814.948358 2815.449331 2815.449331 2815.449331 2817.453226 2818.684368 0 C 
 42 213 4 15 1 2 NL 0 114 +82 114 +62 0 1 3.663666 0 0 2819.707607 2820.208582 2820.208582 2820.208582 2822.212477 2825.876143 0 C 
 42 214 4 16 3 2 HL 1 136 +78 176 +58 0 0 3.122269 0 0 2826.888235 2827.389207 2827.389207 2827.389207 2829.393103 2832.515372 0 E 
 42 215 4 17 3 3 HH 1 114 +72 79 +12 1 1 1.720791 0 0 2833.534487 2834.035460 2834.035460 2834.035460 2836.039355 2837.760146 0 C 
 42 216 4 18 1 2 NL 0 62 -23 62 -43 0 1 1.229909 0 0 2838.778014 2839.278987 2839.278987 2839.278987 2841.282886 2842.512795 0 C 
 42 217 4 19 3 3 HH 1 101 -56 70 +4 1 1 1.407347 0 0 2843.537266 2844.038238 2844.038238 2844.038238 2846.042134 2847.449481 0 C 
 42 218 4 20 1 3 NH 0 108 -71 108 -11 0 1 2.500109 0 0 2848.463507 2848.964481 2848.964481 2848.964481 2850.968375 2853.468485 0 C 
 42 219 4 21 3 2 HL 1 78 -84 54 -64 1 1 1.310585 0 0 2854.491892 2854.992866 2854.992866 2854.992866 2856.996761 2858.307346 0 C 
 42 220 4 22 1 1 NN 0 96 +60 96 +60 0 1 1.388098 0 0 2859.317939 2859.818916 2859.818916 2859.818916 2861.822809 2863.210907 0 C 
 42 221 4 23 3 2 HL 1 63 +22 81 +42 1 1 1.233413 0 0 2864.227484 2864.728458 2864.728458 2864.728458 2866.732354 2867.965767 0 C 
 42 222 4 24 2 2 LL 1 72 +64 61 +84 1 1 1.901654 0 0 2868.986735 2869.487709 2869.487709 2869.487709 2871.491605 2873.393259 0 C 
 42 223 4 25 3 2 HL 1 85 -27 110 -7 1 1 2.916089 0 0 2874.413954 2874.914927 2874.914927 2874.914927 2876.918822 2879.834910 0 C 
 42 224 4 26 3 1 HN 0 65 +4 45 +4 0 1 2.353301 0 0 2880.859816 2881.360790 2881.360790 2881.360790 2883.364685 2885.717986 0 C 
 42 225 4 27 1 2 NL 0 149 -74 149 -54 0 1 1.604077 0 0 2886.737909 2887.238883 2887.238883 2887.238883 2889.242778 2890.846855 0 C 
 42 226 4 28 3 3 HH 1 109 -80 76 -20 1 1 1.376763 0 0 2891.864545 2892.365515 2892.365515 2892.365515 2894.369415 2895.746178 0 C 
 42 227 4 29 1 3 NH 0 59 -62 59 -2 0 1 1.461217 0 0 2896.757387 2897.258364 2897.258364 2897.258364 2899.262255 2900.723473 0 C 
 42 228 4 30 3 1 HN 0 169 +81 118 +81 0 1 1.822621 0 0 2901.750425 2902.251399 2902.251399 2902.251399 2904.255294 2906.077915 0 C 
 42 229 4 31 1 1 NN 0 110 +90 110 +90 0 1 1.030961 0 0 2907.094148 2907.595121 2907.595121 2907.595121 2909.599016 2910.629976 0 C 
 42 230 4 32 3 2 HL 1 177 +27 123 +47 1 1 0.980664 0 0 2911.653009 2912.153984 2912.153984 2912.153984 2914.157876 2915.138540 0 C 
 42 231 4 33 3 3 HH 1 87 +75 60 +15 1 1 1.698656 0 0 2916.161775 2916.662747 2916.662747 2916.662747 2918.666641 2920.365298 0 C 
 42 232 4 34 3 2 HL 1 171 +82 119 +62 1 1 1.103060 0 0 2921.388601 2921.889575 2921.889575 2921.889575 2923.893469 2924.996529 0 C 
 42 233 4 35 1 3 NH 0 165 -87 165 -27 0 1 1.382892 0 0 2926.014263 2926.515233 2926.515233 2926.515233 2928.519127 2929.902019 0 C 
 42 234 4 36 1 3 NH 0 157 +36 157 -24 0 1 1.191301 0 0 2930.923803 2931.424776 2931.424776 2931.424776 2933.428672 2934.619974 0 C 
 42 235 4 37 1 2 NL 0 57 +19 57 -1 0 1 2.210636 0 0 2935.632958 2936.133931 2936.133931 2936.133931 2938.137826 2940.348462 0 C 
 42 236 4 38 1 3 NH 0 123 +22 123 -38 0 1 1.286664 0 0 2941.360759 2941.861732 2941.861732 2941.861732 2943.865627 2945.152291 0 C 
 42 237 4 39 3 2 HL 1 179 -74 232 -54 1 1 1.676432 0 0 2946.170108 2946.671080 2946.671080 2946.671080 2948.674976 2950.351408 0 C 
 42 238 4 40 2 2 LL 1 154 +17 130 +37 1 1 1.467923 0 0 2951.363536 2951.864509 2951.864509 2951.864509 2953.868412 2955.336335 0 C 
 42 239 4 41 3 3 HH 1 91 -80 118 -20 1 1 1.553966 0 0 2956.356575 2956.857549 2956.857549 2956.857549 2958.861453 2960.415420 0 C 
 42 240 4 42 3 2 HL 1 83 -54 107 -34 1 1 1.383442 0 0 2961.433110 2961.934084 2961.934084 2961.934084 2963.937980 2965.321422 0 C 
 42 241 4 43 1 2 NL 0 113 +46 113 +26 0 1 2.063786 0 0 2966.342654 2966.843627 2966.843627 2966.843627 2968.847523 2970.911309 0 C 
 42 242 4 44 2 3 LH 1 150 -43 172 +17 1 1 3.819484 0 0 2971.936862 2972.437835 2972.437835 2972.437835 2974.441731 2978.261215 0 C 
 42 243 4 45 1 2 NL 0 106 +7 106 +27 0 1 1.255505 0 0 2979.284479 2979.785456 2979.785456 2979.785456 2981.789347 2983.044853 0 C 
 42 244 4 46 1 3 NH 0 107 +7 107 -53 0 1 1.143488 0 0 2984.060430 2984.561403 2984.561403 2984.561403 2986.565298 2987.708787 0 C 
 42 245 4 47 2 3 LH 1 131 +5 150 +65 1 1 1.236511 0 0 2988.719492 2989.220458 2989.220458 2989.220458 2991.224356 2992.460867 0 C 
 42 246 4 48 1 3 NH 0 151 +14 151 -46 0 1 2.809255 0 0 2993.478739 2993.979711 2993.979711 2993.979711 2995.983607 2998.792861 0 C 
 42 247 4 49 3 3 HH 1 171 +29 222 -31 1 1 1.848930 0 0 2999.807708 3000.308684 3000.308684 3000.308684 3002.312576 3004.161506 0 C 
 42 248 4 50 1 3 NH 0 89 +57 89 -3 0 1 0.831347 0 0 3005.184829 3005.685802 3005.685802 3005.685802 3007.689696 3008.521044 0 C 
 42 249 4 51 2 2 LL 1 169 +8 143 -12 1 1 2.640040 0 0 3009.543299 3010.044273 3010.044273 3010.044273 3012.048168 3014.688208 0 C 
 42 250 4 52 2 3 LH 1 75 +28 86 +88 1 1 1.360196 0 0 3015.705279 3016.206251 3016.206251 3016.206251 3018.210146 3019.570342 0 C 
 42 251 4 53 2 2 LL 1 167 +46 192 +66 1 1 2.610955 0 0 3020.581424 3021.082396 3021.082396 3021.082396 3023.086292 3025.697247 0 C 
 42 252 4 54 2 1 LN 0 145 -5 166 -5 0 1 2.377837 0 0 3026.710005 3027.210977 3027.210977 3027.210977 3029.214872 3031.592709 0 C 
 42 253 4 55 1 2 NL 0 137 +41 137 +21 0 1 1.009403 0 0 3032.604796 3033.105769 3033.105769 3033.105769 3035.109664 3036.119067 0 C 
 42 254 4 56 3 1 HN 0 88 +63 61 +63 1 0 1.637479 0 0 3037.130259 3037.631233 3037.631233 3037.631233 3039.635128 3041.272607 0 E 
 42 255 4 57 1 1 NN 0 146 -50 146 -50 0 1 0.891886 0 0 3042.290290 3042.791267 3042.791267 3042.791267 3044.795158 3045.687044 0 C 
 42 256 4 58 3 2 HL 1 171 +65 119 +85 1 1 1.181086 0 0 3046.698861 3047.199834 3047.199834 3047.199834 3049.203728 3050.384814 0 C 
 42 257 4 59 1 3 NH 0 155 -85 155 -25 0 1 0.991816 0 0 3051.408015 3051.908988 3051.908988 3051.908988 3053.912883 3054.904699 0 C 
 42 258 4 60 3 1 HN 0 58 +22 75 +22 0 1 1.170901 0 0 3055.916778 3056.417754 3056.417754 3056.417754 3058.421648 3059.592548 0 C 
 42 259 5  1 3 3 HH 1 174 -32 226 +28 1 1 2.042256 0 0 3107.166405 3107.667377 3107.667377 3107.667377 3109.671272 3111.713528 0 C 
 42 260 5  2 2 3 LH 1 121 +19 139 +79 1 1 1.617739 0 0 3112.727213 3113.228186 3113.228186 3113.228186 3115.232082 3116.849820 0 C 
 42 261 5  3 1 1 NN 0 172 -45 172 -45 0 1 0.908231 0 0 3117.870544 3118.371520 3118.371520 3118.371520 3120.375414 3121.283645 0 C 
 42 262 5  4 3 2 HL 1 71 +49 49 +69 1 1 2.018460 0 0 3122.295814 3122.796787 3122.796787 3122.796787 3124.800682 3126.819142 0 C 
 42 263 5  5 2 1 LN 0 83 +86 70 +86 0 1 1.732070 0 0 3127.839924 3128.340897 3128.340897 3128.340897 3130.344793 3132.076863 0 C 
 42 264 5  6 2 2 LL 1 154 +15 130 +35 1 1 1.797261 0 0 3133.100150 3133.601128 3133.601128 3133.601128 3135.605019 3137.402280 0 C 
 42 265 5  7 3 1 HN 0 141 +11 183 +11 0 1 1.001683 0 0 3138.427171 3138.928145 3138.928145 3138.928145 3140.932041 3141.933723 0 C 
 42 266 5  8 2 1 LN 0 80 -5 68 -5 0 1 2.060408 0 0 3142.952635 3143.453608 3143.453608 3143.453608 3145.457504 3147.517912 0 C 
 42 267 5  9 2 1 LN 0 58 -89 66 -89 1 0 1.411572 0 0 3148.530144 3149.031118 3149.031118 3149.031118 3151.035013 3152.446585 0 E 
 42 268 5 10 2 3 LH 1 69 -70 58 -10 1 1 3.771539 0 0 3153.473088 3153.974062 3153.974062 3153.974062 3155.977956 3159.749495 0 C 
 42 269 5 11 2 2 LL 1 76 -26 87 -6 1 1 1.793964 0 0 3160.770607 3161.271579 3161.271579 3161.271579 3163.275474 3165.069439 0 C 
 42 270 5 12 1 2 NL 0 161 +80 161 +60 0 1 2.153931 0 0 3166.080927 3166.581901 3166.581901 3166.581901 3168.585797 3170.739728 0 C 
 42 271 5 13 1 1 NN 0 136 +87 136 +87 0 1 1.470284 0 0 3171.758630 3172.259606 3172.259606 3172.259606 3174.263501 3175.733785 0 C 
 42 272 5 14 1 2 NL 0 167 -56 167 -36 0 1 1.303766 0 0 3176.751671 3177.252648 3177.252648 3177.252648 3179.256540 3180.560306 0 C 
 42 273 5 15 2 2 LL 1 92 +74 105 +54 1 1 1.709919 0 0 3181.577719 3182.078696 3182.078696 3182.078696 3184.082588 3185.792507 0 C 
 42 274 5 16 3 2 HL 1 159 +42 206 +22 1 1 2.650441 0 0 3186.804547 3187.305520 3187.305520 3187.305520 3189.309416 3191.959856 0 C 
 42 275 5 17 2 2 LL 1 81 +5 68 -15 1 1 1.454884 0 0 3192.983225 3193.484198 3193.484198 3193.484198 3195.488096 3196.942980 0 C 
 42 276 5 18 2 3 LH 1 156 +64 132 +4 1 1 1.743309 0 0 3197.959566 3198.460537 3198.460537 3198.460537 3200.464433 3202.207742 0 C 
 42 277 5 19 3 2 HL 1 139 -61 97 -41 1 1 1.236849 0 0 3203.219791 3203.720763 3203.720763 3203.720763 3205.724658 3206.961508 0 C 
 42 278 5 20 3 3 HH 1 61 +18 79 +78 1 1 1.529224 0 0 3207.979043 3208.480015 3208.480015 3208.480015 3210.483910 3212.013134 0 C 
 42 279 5 21 1 2 NL 0 123 +69 123 +89 0 1 1.281279 0 0 3213.038877 3213.539851 3213.539851 3213.539851 3215.543746 3216.825026 0 C 
 42 280 5 22 2 1 LN 0 57 +24 65 +24 0 1 1.741031 0 0 3217.848225 3218.349199 3218.349199 3218.349199 3220.353094 3222.094125 0 C 
 42 281 5 23 2 1 LN 0 62 +79 52 +79 0 1 3.887987 0 0 3223.108451 3223.609424 3223.609424 3223.609424 3225.613322 3229.501309 0 C 
 42 282 5 24 1 2 NL 0 140 +29 140 +9 0 1 4.454051 0 0 3230.522863 3231.023838 3231.023838 3231.023838 3233.027734 3237.481785 0 C 
 42 283 5 25 3 2 HL 1 175 +41 227 +21 1 1 1.479576 0 0 3238.505049 3239.006020 3239.006020 3239.006020 3241.009916 3242.489491 0 C 
 42 284 5 26 1 2 NL 0 91 -89 91 -69 0 1 1.492630 0 0 3243.514785 3244.015760 3244.015760 3244.015760 3246.019657 3247.512288 0 C 
 42 285 5 27 2 3 LH 1 160 -15 136 +45 1 1 2.140323 0 0 3248.524525 3249.025499 3249.025499 3249.025499 3251.029394 3253.169717 0 C 
 42 286 5 28 2 2 LL 1 80 +12 92 +32 1 1 1.492898 0 0 3254.185531 3254.686503 3254.686503 3254.686503 3256.690398 3258.183296 0 C 
 42 287 5 29 1 3 NH 0 80 +27 80 +87 0 1 1.241523 0 0 3259.195267 3259.696244 3259.696244 3259.696244 3261.700137 3262.941661 0 C 
 42 288 5 30 2 3 LH 1 63 +39 72 -21 1 1 2.363730 0 0 3263.954519 3264.455495 3264.455495 3264.455495 3266.459388 3268.823118 0 C 
 42 289 5 31 1 3 NH 0 74 -25 74 +35 0 1 1.381439 0 0 3269.849314 3270.350287 3270.350287 3270.350287 3272.354181 3273.735619 0 C 
 42 290 5 32 3 1 HN 0 112 +7 78 +7 0 1 2.394508 0 0 3274.758857 3275.259829 3275.259829 3275.259829 3277.263725 3279.658233 0 C 
 42 291 5 33 1 1 NN 0 151 -75 151 -75 0 1 1.729603 0 0 3280.670346 3281.171323 3281.171323 3281.171323 3283.175216 3284.904818 0 C 
 42 292 5 34 2 2 LL 1 64 +28 54 +48 0 0 2.039436 0 0 3285.930573 3286.431546 3286.431546 3286.431546 3288.435441 3290.474877 0 E 
 42 293 5 35 3 3 HH 1 115 -54 149 +6 1 1 1.724983 0 0 3291.491381 3291.992358 3291.992358 3291.992358 3293.996259 3295.721241 0 C 
 42 294 5 36 2 3 LH 1 156 +40 179 -20 1 1 1.769061 0 0 3296.734909 3297.235884 3297.235884 3297.235884 3299.239778 3301.008839 0 C 
 42 295 5 37 1 1 NN 0 160 +87 160 +87 0 1 2.450087 0 0 3302.028533 3302.529506 3302.529506 3302.529506 3304.533401 3306.983489 0 C 
 42 296 5 38 3 3 HH 1 105 +24 136 -36 1 1 1.748861 0 0 3308.006819 3308.507793 3308.507793 3308.507793 3310.511689 3312.260550 0 C 
 42 297 5 39 3 1 HN 0 141 +8 98 +8 0 1 2.912091 0 0 3313.283745 3313.784717 3313.784717 3313.784717 3315.788614 3318.700705 0 C 
 42 298 5 40 2 2 LL 1 161 -9 185 +11 1 1 1.667104 0 0 3319.712908 3320.213882 3320.213882 3320.213882 3322.217778 3323.884882 0 C 
 42 299 5 41 1 2 NL 0 136 +30 136 +50 0 1 1.646275 0 0 3324.906339 3325.407316 3325.407316 3325.407316 3327.411207 3329.057482 0 C 
 42 300 5 42 3 2 HL 1 69 +55 89 +35 1 1 1.583927 0 0 3330.083069 3330.584041 3330.584041 3330.584041 3332.587936 3334.171864 0 C 
 42 301 5 43 3 3 HH 1 165 +60 214 +0 1 1 3.351800 0 0 3335.193001 3335.693974 3335.693974 3335.693974 3337.697869 3341.049669 0 C 
 42 302 5 44 3 1 HN 0 93 +14 120 +14 0 1 1.366687 0 0 3342.073042 3342.574015 3342.574015 3342.574015 3344.577910 3345.944597 0 C 
 42 303 5 45 2 3 LH 1 159 +40 135 -20 1 1 1.570606 0 0 3346.965885 3347.466860 3347.466860 3347.466860 3349.470755 3351.041361 0 C 
 42 304 5 46 3 3 HH 1 144 -40 100 +20 1 1 1.665341 0 0 3352.059119 3352.560094 3352.560094 3352.560094 3354.563989 3356.229330 0 C 
 42 305 5 47 3 1 HN 0 87 -41 60 -41 0 1 1.876829 0 0 3357.252550 3357.753522 3357.753522 3357.753522 3359.757421 3361.634250 0 C 
 42 306 5 48 3 3 HH 1 102 +4 71 -56 1 1 1.322668 0 0 3362.646367 3363.147341 3363.147341 3363.147341 3365.151237 3366.473904 0 C 
 42 307 5 49 2 3 LH 1 80 +70 92 +10 1 1 1.362019 0 0 3367.489113 3367.990089 3367.990089 3367.990089 3369.993984 3371.356003 0 C 
 42 308 5 50 1 3 NH 0 61 +57 61 -3 0 1 3.079107 0 0 3372.381959 3372.882933 3372.882933 3372.882933 3374.886830 3377.965937 0 C 
 42 309 5 51 3 2 HL 1 83 -25 58 -5 1 1 1.672342 0 0 3378.978115 3379.479089 3379.479089 3379.479089 3381.482984 3383.155326 0 C 
 42 310 5 52 3 3 HH 1 172 -24 223 +36 1 1 1.104397 0 0 3384.171544 3384.672518 3384.672518 3384.672518 3386.676413 3387.780811 0 C 
 42 311 5 53 2 2 LL 1 101 +76 85 +56 1 1 1.677564 0 0 3388.797202 3389.298176 3389.298176 3389.298176 3391.302072 3392.979635 0 C 
 42 312 5 54 3 3 HH 1 74 -13 51 +47 1 1 2.759019 0 0 3393.990631 3394.491604 3394.491604 3394.491604 3396.495501 3399.254520 0 C 
 42 313 5 55 3 2 HL 1 78 -26 101 -46 1 1 1.454823 0 0 3400.269504 3400.770478 3400.770478 3400.770478 3402.774371 3404.229194 0 C 
 42 314 5 56 1 1 NN 0 152 +22 152 +22 0 1 1.924522 0 0 3405.245844 3405.746817 3405.746817 3405.746817 3407.750711 3409.675233 0 C 
 42 315 5 57 3 3 HH 1 68 +65 47 +5 1 1 1.101422 0 0 3410.689760 3411.190734 3411.190734 3411.190734 3413.194629 3414.296051 0 C 
 42 316 5 58 3 3 HH 1 155 +81 108 +21 1 1 1.019438 0 0 3415.315416 3415.816396 3415.816396 3415.816396 3417.820287 3418.839725 0 C 
 42 317 5 59 2 3 LH 1 120 +23 138 +83 1 1 1.481615 0 0 3419.857583 3420.358555 3420.358555 3420.358555 3422.362451 3423.844066 0 C 
 42 318 5 60 3 2 HL 1 128 +83 166 +63 1 1 1.472148 0 0 3424.867322 3425.368293 3425.368293 3425.368293 3427.372188 3428.844336 0 C 
 42 319 6  1 1 1 NN 0 161 -33 161 -33 0 1 0.874173 0 0 3458.098589 3458.599561 3458.599561 3458.599561 3460.603455 3461.477628 0 C 
 42 320 6  2 1 2 NL 0 71 -42 71 -22 0 1 0.874932 0 0 3462.490457 3462.991430 3462.991430 3462.991430 3464.995325 3465.870257 0 C 
 42 321 6  3 2 2 LL 1 101 +78 116 +58 1 1 2.001923 0 0 3466.882326 3467.383302 3467.383302 3467.383302 3469.387195 3471.389117 0 C 
 42 322 6  4 2 2 LL 1 124 -69 105 -49 1 1 2.154994 0 0 3472.409738 3472.910711 3472.910711 3472.910711 3474.914607 3477.069601 0 C 
 42 323 6  5 1 3 NH 0 150 +3 150 +63 0 1 1.876735 0 0 3478.087442 3478.588417 3478.588417 3478.588417 3480.592318 3482.469053 0 C 
 42 324 6  6 1 3 NH 0 90 +30 90 +90 0 1 2.411053 0 0 3483.481262 3483.982234 3483.982234 3483.982234 3485.986135 3488.397188 0 C 
 42 325 6  7 3 1 HN 0 144 +70 100 +70 0 1 1.043841 0 0 3489.409450 3489.910424 3489.910424 3489.910424 3491.914320 3492.958161 0 C 
 42 326 6  8 3 3 HH 1 72 -27 93 -87 1 1 1.829594 0 0 3493.985016 3494.485985 3494.485985 3494.485985 3496.489881 3498.319475 0 C 
 42 327 6  9 1 1 NN 0 112 +11 112 +11 0 1 2.051541 0 0 3499.345434 3499.846406 3499.846406 3499.846406 3501.850301 3503.901843 0 C 
 42 328 6 10 2 2 LL 1 109 +14 92 -6 1 1 2.086164 0 0 3504.922942 3505.423918 3505.423918 3505.423918 3507.427810 3509.513974 0 C 
 42 329 6 11 1 2 NL 0 83 -45 83 -25 0 1 0.991744 0 0 3510.533848 3511.034822 3511.034822 3511.034822 3513.038718 3514.030462 0 C 
 42 330 6 12 2 1 LN 0 125 +37 143 +37 0 1 1.676481 0 0 3515.042614 3515.543586 3515.543586 3515.543586 3517.547483 3519.223964 0 C 
 42 331 6 13 3 1 HN 0 125 +0 162 +0 0 1 1.021899 0 0 3520.236043 3520.737017 3520.737017 3520.737017 3522.740911 3523.762809 0 C 
 42 332 6 14 3 2 HL 1 150 +29 105 +49 1 1 1.542134 0 0 3524.778203 3525.279182 3525.279182 3525.279182 3527.283073 3528.825208 0 C 
 42 333 6 15 3 3 HH 1 158 -81 110 -21 1 1 1.268087 0 0 3529.838042 3530.339014 3530.339014 3530.339014 3532.342909 3533.610996 0 C 
 42 334 6 16 1 2 NL 0 131 +45 131 +25 0 1 1.211199 0 0 3534.630688 3535.131664 3535.131664 3535.131664 3537.135560 3538.346759 0 C 
 42 335 6 17 3 3 HH 1 122 +74 85 +14 1 1 1.450841 0 0 3539.373243 3539.874216 3539.874216 3539.874216 3541.878113 3543.328954 0 C 
 42 336 6 18 1 1 NN 0 159 +42 159 +42 0 1 1.017451 0 0 3544.349583 3544.850557 3544.850557 3544.850557 3546.854452 3547.871903 0 C 
 42 337 6 19 2 2 LL 1 155 -49 178 -69 1 1 1.479978 0 0 3548.891747 3549.392720 3549.392720 3549.392720 3551.396615 3552.876593 0 C 
 42 338 6 20 1 1 NN 0 175 -59 175 -59 0 1 1.053665 0 0 3553.901487 3554.402458 3554.402458 3554.402458 3556.406353 3557.460018 0 C 
 42 339 6 21 3 3 HH 1 110 -67 143 -7 1 1 1.107833 0 0 3558.477048 3558.978018 3558.978018 3558.978018 3560.981915 3562.089748 0 C 
 42 340 6 22 3 1 HN 0 93 -38 120 -38 1 0 2.116172 0 0 3563.102704 3563.603680 3563.603680 3563.603680 3565.607575 3567.723747 0 E 
 42 341 6 23 2 3 LH 1 124 +59 142 -1 1 1 3.252962 0 0 3568.747009 3569.247984 3569.247984 3569.247984 3571.251878 3574.504841 0 C 
 42 342 6 24 1 1 NN 0 65 +88 65 +88 0 1 1.825993 0 0 3575.526857 3576.027829 3576.027829 3576.027829 3578.031722 3579.857715 0 C 
 42 343 6 25 2 2 LL 1 147 -31 124 -51 1 1 1.253555 0 0 3580.870576 3581.371550 3581.371550 3581.371550 3583.375446 3584.629001 0 C 
 42 344 6 26 1 1 NN 0 54 -12 54 -12 0 1 1.307928 0 0 3585.646528 3586.147501 3586.147501 3586.147501 3588.151396 3589.459324 0 C 
 42 345 6 27 2 2 LL 1 173 -73 147 -53 1 1 3.425182 0 0 3590.472577 3590.973550 3590.973550 3590.973550 3592.977444 3596.402627 0 C 
 42 346 6 28 2 2 LL 1 112 -52 128 -32 1 1 1.607918 0 0 3597.419414 3597.920391 3597.920391 3597.920391 3599.924282 3601.532200 0 C 
 42 347 6 29 3 2 HL 1 161 +43 112 +63 1 1 2.082836 0 0 3602.546045 3603.047019 3603.047019 3603.047019 3605.050914 3607.133750 0 C 
 42 348 6 30 2 1 LN 0 117 +89 99 +89 0 1 0.749536 0 0 3608.156952 3608.657926 3608.657926 3608.657926 3610.661821 3611.411357 0 C 
 42 349 6 31 2 3 LH 1 171 +79 145 +19 1 1 1.114223 0 0 3612.431929 3612.932906 3612.932906 3612.932906 3614.936796 3616.051019 0 C 
 42 350 6 32 3 3 HH 1 174 +41 121 -19 1 1 1.783951 0 0 3617.074288 3617.575261 3617.575261 3617.575261 3619.579156 3621.363106 0 C 
 42 351 6 33 1 2 NL 0 125 -88 125 -68 0 1 1.125441 0 0 3622.384609 3622.885583 3622.885583 3622.885583 3624.889479 3626.014919 0 C 
 42 352 6 34 2 2 LL 1 79 -73 90 -53 1 1 1.534931 0 0 3627.026967 3627.527940 3627.527940 3627.527940 3629.531837 3631.066768 0 C 
 42 353 6 35 1 2 NL 0 59 +35 59 +55 0 1 1.045018 0 0 3632.086803 3632.587778 3632.587778 3632.587778 3634.591673 3635.636691 0 C 
 42 354 6 36 2 1 LN 0 131 -86 111 -86 1 0 1.524458 0 0 3636.662365 3637.163338 3637.163338 3637.163338 3639.167234 3640.691692 0 E 
 42 355 6 37 1 1 NN 0 65 +24 65 +24 0 1 0.984052 0 0 3641.705501 3642.206478 3642.206478 3642.206478 3644.210370 3645.194423 0 C 
 42 356 6 38 2 3 LH 1 102 +86 117 +26 1 1 1.350661 0 0 3646.214266 3646.715244 3646.715244 3646.715244 3648.719136 3650.069796 0 C 
 42 357 6 39 2 2 LL 1 120 -28 138 -8 1 1 1.627659 0 0 3651.090412 3651.591385 3651.591385 3651.591385 3653.595280 3655.222939 0 C 
 42 358 6 40 2 3 LH 1 133 -11 113 -71 1 1 1.376731 0 0 3656.233745 3656.734717 3656.734717 3656.734717 3658.738612 3660.115343 0 C 
 42 359 6 41 2 3 LH 1 96 -82 110 -22 1 1 1.343998 0 0 3661.126589 3661.627561 3661.627561 3661.627561 3663.631456 3664.975454 0 C 
 42 360 6 42 2 1 LN 0 76 -37 87 -37 0 1 2.266331 0 0 3665.986035 3666.487008 3666.487008 3666.487008 3668.490903 3670.757234 0 C 
 42 361 6 43 3 1 HN 0 75 -1 52 -1 0 1 0.785804 0 0 3671.780631 3672.281607 3672.281607 3672.281607 3674.285501 3675.071305 0 C 
 42 362 6 44 3 2 HL 1 96 -63 124 -83 1 1 1.553775 0 0 3676.089007 3676.589980 3676.589980 3676.589980 3678.593875 3680.147650 0 C 
 42 363 6 45 2 1 LN 0 162 +25 137 +25 0 1 1.053379 0 0 3681.165543 3681.666515 3681.666515 3681.666515 3683.670410 3684.723789 0 C 
 42 364 6 46 2 3 LH 1 150 -68 172 -8 1 1 2.865486 0 0 3685.741103 3686.242076 3686.242076 3686.242076 3688.245971 3691.111458 0 C 
 42 365 6 47 1 2 NL 0 120 -58 120 -78 0 1 1.114228 0 0 3692.136868 3692.637842 3692.637842 3692.637842 3694.641748 3695.755976 0 C 
 42 366 6 48 2 3 LH 1 70 +18 59 -42 1 1 1.363655 0 0 3696.779226 3697.280200 3697.280200 3697.280200 3699.284096 3700.647750 0 C 
 42 367 6 49 3 1 HN 0 146 +11 102 +11 0 1 2.566459 0 0 3701.672072 3702.173045 3702.173045 3702.173045 3704.176940 3706.743399 0 C 
 42 368 6 50 1 3 NH 0 163 +46 163 -14 0 1 1.840547 0 0 3707.767253 3708.268227 3708.268227 3708.268227 3710.272122 3712.112670 0 C 
 42 369 6 51 2 2 LL 1 95 +80 109 +60 1 1 1.175399 0 0 3713.127673 3713.628647 3713.628647 3713.628647 3715.632542 3716.807941 0 C 
 42 370 6 52 1 1 NN 0 122 +83 122 +83 0 1 1.442704 0 0 3717.820127 3718.321106 3718.321106 3718.321106 3720.324997 3721.767701 0 C 
 42 371 6 53 1 3 NH 0 126 +59 126 -1 0 1 0.955999 0 0 3722.779770 3723.280743 3723.280743 3723.280743 3725.284639 3726.240638 0 C 
 42 372 6 54 3 1 HN 0 94 -89 65 -89 0 1 2.773224 0 0 3727.255136 3727.756110 3727.756110 3727.756110 3729.760004 3732.533229 0 C 
 42 373 6 55 2 3 LH 1 129 -71 148 -11 1 1 2.104294 0 0 3733.550707 3734.051681 3734.051681 3734.051681 3736.055576 3738.159869 0 C 
 42 374 6 56 1 1 NN 0 72 +17 72 +17 0 1 1.467784 0 0 3739.178315 3739.679291 3739.679291 3739.679291 3741.683182 3743.150966 0 C 
 42 375 6 57 2 2 LL 1 115 +46 132 +26 1 1 4.309337 0 0 3744.171354 3744.672326 3744.672326 3744.672326 3746.676221 3750.985558 0 C 
 42 376 6 58 2 1 LN 0 158 -63 181 -63 0 1 0.972283 0 0 3752.003245 3752.504217 3752.504217 3752.504217 3754.508112 3755.480396 0 C 
 42 377 6 59 2 1 LN 0 110 -60 126 -60 0 1 0.913843 0 0 3756.495310 3756.996281 3756.996281 3756.996281 3759.000178 3759.914021 0 C 
 42 378 6 60 2 2 LL 1 166 -87 141 -67 1 1 1.448958 0 0 3760.937277 3761.438252 3761.438252 3761.438252 3763.442147 3764.891105 0 C 
