 24   1 0 43 1 3 NH 0 100 -89 100 -29 1 0 3.573240 0 0 35372.544931 35373.045903 35373.045903 35373.045903 35375.049797 35378.623037 0 E 
 24   2 0 44 1 1 NN 0 94 +57 94 +57 0 1 6.164002 0 0 35379.642058 35380.143031 35380.143031 35380.143031 35382.146926 35388.310929 0 C 
 24   3 0 45 3 3 HH 1 62 +34 80 -26 0 0 5.439174 0 0 35389.327553 35389.828527 35389.828527 35389.828527 35391.832421 35397.271594 0 E 
 24   4 0 46 1 2 NL 0 132 +57 132 +37 1 0 10.844329 0 0 35398.294984 35398.795957 35398.795957 35398.795957 35400.799852 35411.644181 0 E 
 24   5 0 47 2 1 LN 0 79 -14 67 -14 1 0 2.294343 0 0 35412.656235 35413.157206 35413.157206 35413.157206 35415.161107 35417.455450 0 E 
 24   6 0 48 3 2 HL 1 71 -40 49 -20 1 1 3.056810 0 0 35418.467531 35418.968507 35418.968507 35418.968507 35420.972400 35424.029210 0 C 
 24   7 0 49 1 3 NH 0 82 +19 82 -41 1 0 1.503934 0 0 35425.046989 35425.547960 35425.547960 35425.547960 35427.551856 35429.055790 0 E 
 24   8 0 50 1 2 NL 0 72 +14 72 +34 0 1 3.207295 0 0 35430.073426 35430.574400 35430.574400 35430.574400 35432.578294 35435.785589 0 C 
 24   9 0 51 1 2 NL 0 91 -12 91 -32 1 0 4.858569 0 0 35436.803174 35437.304147 35437.304147 35437.304147 35439.308043 35444.166612 0 E 
 24  10 0 52 1 2 NL 0 160 -78 160 -58 1 0 2.403740 0 0 35445.186137 35445.687110 35445.687110 35445.687110 35447.691004 35450.094744 0 E 
 24  11 0 53 3 3 HH 1 67 +66 46 +6 1 1 4.860137 0 0 35451.114326 35451.615303 35451.615303 35451.615303 35453.619195 35458.479332 0 C 
 24  12 0 54 3 3 HH 1 161 +53 112 -7 1 1 3.207282 0 0 35459.497290 35459.998262 35459.998262 35459.998262 35462.002158 35465.209440 0 C 
 24  13 0 55 1 1 NN 0 165 -5 165 -5 1 0 1.609719 0 0 35466.227038 35466.728011 35466.728011 35466.728011 35468.731906 35470.341625 0 E 
 24  14 0 56 3 2 HL 1 108 -33 140 -53 1 1 3.023604 0 0 35471.353675 35471.854645 35471.854645 35471.854645 35473.858538 35476.882142 0 C 
 24  15 0 57 3 1 HN 0 161 -59 112 -59 1 0 6.385749 0 0 35477.899729 35478.400701 35478.400701 35478.400701 35480.404597 35486.790346 0 E 
 24  16 0 58 2 1 LN 0 141 +70 162 +70 0 1 34.224560 0 0 35487.802311 35488.303285 35488.303285 35488.303285 35490.307181 35524.531741 0 C 
 24  17 0 59 2 3 LH 1 92 +77 78 +17 1 1 4.492819 0 0 35525.542341 35526.043317 35526.043317 35526.043317 35528.047211 35532.540029 0 C 
 24  18 0 60 1 3 NH 0 142 +87 142 +27 0 1 2.946381 0 0 35533.557924 35534.058900 35534.058900 35534.058900 35536.062792 35539.009172 0 C 
 24  19 1  1 3 2 HL 1 89 +26 115 +6 1 1 4.982832 0 0 35547.952574 35548.453549 35548.453549 35548.453549 35550.457440 35555.440273 0 C 
 24  20 1  2 1 2 NL 0 68 -48 68 -68 0 1 2.540712 0 0 35556.452429 35556.953401 35556.953401 35556.953401 35558.957297 35561.498009 0 C 
 24  21 1  3 2 3 LH 1 56 -55 64 +5 1 1 6.730879 0 0 35562.514215 35563.015188 35563.015188 35563.015188 35565.019080 35571.749959 0 C 
 24  22 1  4 2 3 LH 1 116 -75 133 -15 1 1 2.795279 0 0 35572.767477 35573.268450 35573.268450 35573.268450 35575.272345 35578.067624 0 C 
 24  23 1  5 2 2 LL 1 111 -24 127 -4 1 1 3.347933 0 0 35579.079746 35579.580724 35579.580724 35579.580724 35581.584616 35584.932549 0 C 
 24  24 1  6 1 3 NH 0 124 -8 124 +52 0 1 2.894297 0 0 35585.943089 35586.444064 35586.444064 35586.444064 35588.447970 35591.342266 0 C 
 24  25 1  7 3 1 HN 0 153 -40 107 -40 0 1 3.129319 0 0 35592.355554 35592.856528 35592.856528 35592.856528 35594.860421 35597.989740 0 C 
 24  26 1  8 3 3 HH 1 89 -75 62 -15 1 1 5.026949 0 0 35599.001807 35599.502782 35599.502782 35599.502782 35601.506676 35606.533626 0 C 
 24  27 1  9 3 3 HH 1 71 +66 49 +6 1 1 5.116500 0 0 35607.551760 35608.052734 35608.052734 35608.052734 35610.056630 35615.173130 0 C 
 24  28 1 10 2 1 LN 0 161 +14 136 +14 0 1 6.624945 0 0 35616.185210 35616.686184 35616.686184 35616.686184 35618.690079 35625.315024 0 C 
 24  29 1 11 1 2 NL 0 133 +57 133 +77 0 1 8.984356 0 0 35626.338279 35626.839254 35626.839254 35626.839254 35628.843148 35637.827504 0 C 
 24  30 1 12 3 2 HL 1 99 -56 69 -36 1 1 6.637689 0 0 35638.845927 35639.346901 35639.346901 35639.346901 35641.350795 35647.988484 0 C 
 24  31 1 13 2 2 LL 1 65 -24 74 -4 1 1 8.136028 0 0 35648.998997 35649.499973 35649.499973 35649.499973 35651.503866 35659.639894 0 C 
 24  32 1 14 1 1 NN 0 67 +47 67 +47 0 1 32.319361 0 0 35660.654988 35661.155963 35661.155963 35661.155963 35663.159857 35695.479218 0 C 
 24  33 1 15 3 1 HN 0 72 +43 93 +43 0 1 3.379781 0 0 35696.491319 35696.992294 35696.992294 35696.992294 35698.996187 35702.375969 0 C 
 24  34 1 16 3 3 HH 1 132 +54 171 -6 1 1 2.672852 0 0 35703.388057 35703.889032 35703.889032 35703.889032 35705.892928 35708.565779 0 C 
 24  35 1 17 1 2 NL 0 147 +6 147 -14 0 1 3.288425 0 0 35709.583433 35710.084410 35710.084410 35710.084410 35712.088304 35715.376729 0 C 
 24  36 1 18 1 3 NH 0 121 +67 121 +7 0 1 3.032670 0 0 35716.396685 35716.897655 35716.897655 35716.897655 35718.901547 35721.934217 0 C 
 24  37 1 19 1 1 NN 0 180 -35 180 -35 0 1 10.265217 0 0 35722.959436 35723.460410 35723.460410 35723.460410 35725.464304 35735.729520 0 C 
 24  38 1 20 3 3 HH 1 78 +82 101 +22 1 1 1.943521 0 0 35736.752918 35737.253890 35737.253890 35737.253890 35739.257785 35741.201306 0 C 
 24  39 1 21 2 1 LN 0 100 -41 85 -41 0 1 6.308262 0 0 35742.213533 35742.714505 35742.714505 35742.714505 35744.718400 35751.026663 0 C 
 24  40 1 22 2 2 LL 1 61 -3 51 -23 1 1 16.727963 0 0 35752.049319 35752.550292 35752.550292 35752.550292 35754.554187 35771.282150 0 C 
 24  41 1 23 1 2 NL 0 106 -29 106 -49 0 1 7.774393 0 0 35772.305361 35772.806334 35772.806334 35772.806334 35774.810228 35782.584621 0 C 
 24  42 1 24 2 2 LL 1 124 +69 142 +49 1 1 3.717447 0 0 35783.610671 35784.111646 35784.111646 35784.111646 35786.115540 35789.832987 0 C 
 24  43 1 25 2 1 LN 0 123 +36 141 +36 1 0 6.330040 0 0 35790.858092 35791.359066 35791.359066 35791.359066 35793.362959 35799.692999 0 E 
 24  44 1 26 3 3 HH 1 89 -63 62 -3 1 1 4.909052 0 0 35800.710579 35801.211551 35801.211551 35801.211551 35803.215447 35808.124498 0 C 
 24  45 1 27 2 2 LL 1 56 +13 47 +33 1 1 8.792035 0 0 35809.143639 35809.644612 35809.644612 35809.644612 35811.648507 35820.440542 0 C 
 24  46 1 28 2 2 LL 1 141 +89 119 +69 1 1 3.599099 0 0 35821.467593 35821.968568 35821.968568 35821.968568 35823.972464 35827.571563 0 C 
 24  47 1 29 1 1 NN 0 102 +24 102 +24 0 1 4.442634 0 0 35828.598123 35829.099099 35829.099099 35829.099099 35831.102991 35835.545625 0 C 
 24  48 1 30 3 3 HH 1 173 -33 224 +27 1 1 3.327009 0 0 35836.563607 35837.064582 35837.064582 35837.064582 35839.068474 35842.395482 0 C 
 24  49 1 31 1 2 NL 0 134 +3 134 +23 0 1 3.664759 0 0 35843.410249 35843.911222 35843.911222 35843.911222 35845.915117 35849.579876 0 C 
 24  50 1 32 1 2 NL 0 161 -69 161 -49 0 1 2.461344 0 0 35850.590875 35851.091848 35851.091848 35851.091848 35853.095748 35855.557092 0 C 
 24  51 1 33 3 2 HL 1 178 +63 231 +83 1 1 1.704275 0 0 35856.569163 35857.070137 35857.070137 35857.070137 35859.074030 35860.778305 0 C 
 24  52 1 34 1 2 NL 0 137 -17 137 -37 0 1 1.869494 0 0 35861.795989 35862.296963 35862.296963 35862.296963 35864.300858 35866.170351 0 C 
 24  53 1 35 3 1 HN 0 65 +88 45 +88 0 1 4.649081 0 0 35867.189808 35867.690781 35867.690781 35867.690781 35869.694677 35874.343758 0 C 
 24  54 1 36 2 1 LN 0 115 +41 97 +41 0 1 5.617519 0 0 35875.355683 35875.856655 35875.856655 35875.856655 35877.860551 35883.478070 0 C 
 24  55 1 37 1 3 NH 0 55 +34 55 -26 0 1 3.408776 0 0 35884.490106 35884.991082 35884.991082 35884.991082 35886.994984 35890.403760 0 C 
 24  56 1 38 1 2 NL 0 63 -28 63 -8 0 1 2.130908 0 0 35891.420243 35891.921218 35891.921218 35891.921218 35893.925112 35896.056019 0 C 
 24  57 1 39 1 3 NH 0 137 -69 137 -9 0 1 7.844054 0 0 35897.081248 35897.582223 35897.582223 35897.582223 35899.586117 35907.430170 0 C 
 24  58 1 40 3 1 HN 0 176 -38 123 -38 0 1 2.327763 0 0 35908.453354 35908.954330 35908.954330 35908.954330 35910.958223 35913.285986 0 C 
 24  59 1 41 2 2 LL 1 173 +49 198 +69 1 1 5.925366 0 0 35914.298049 35914.799027 35914.799027 35914.799027 35916.802918 35922.728284 0 C 
 24  60 1 42 2 1 LN 0 148 +56 125 +56 0 1 5.344650 0 0 35923.749757 35924.250732 35924.250732 35924.250732 35926.254625 35931.599274 0 C 
 24  61 1 43 2 1 LN 0 139 -51 118 -51 0 1 7.487580 0 0 35932.616993 35933.117966 35933.117966 35933.117966 35935.121862 35942.609442 0 C 
 24  62 1 44 2 1 LN 0 135 -20 114 -20 0 1 4.331646 0 0 35943.621718 35944.122694 35944.122694 35944.122694 35946.126587 35950.458233 0 C 
 24  63 1 45 1 1 NN 0 148 +8 148 +8 0 1 4.326133 0 0 35951.470308 35951.971284 35951.971284 35951.971284 35953.975177 35958.301310 0 C 
 24  64 1 46 3 3 HH 1 64 +66 83 +6 1 1 5.311247 0 0 35959.318900 35959.819873 35959.819873 35959.819873 35961.823768 35967.135015 0 C 
 24  65 1 47 2 1 LN 0 115 +19 97 +19 0 1 5.230347 0 0 35968.152738 35968.653712 35968.653712 35968.653712 35970.657607 35975.887954 0 C 
 24  66 1 48 1 2 NL 0 120 +5 120 -15 0 1 2.432048 0 0 35976.903078 35977.404057 35977.404057 35977.404057 35979.407949 35981.839997 0 C 
 24  67 1 49 3 1 HN 0 133 +21 172 +21 0 1 2.489182 0 0 35982.864670 35983.365647 35983.365647 35983.365647 35985.369538 35987.858720 0 C 
 24  68 1 50 3 2 HL 1 92 +44 64 +24 1 1 4.620986 0 0 35988.876356 35989.377333 35989.377333 35989.377333 35991.381225 35996.002211 0 C 
 24  69 1 51 3 3 HH 1 124 -82 86 -22 1 1 3.574356 0 0 35997.025530 35997.526504 35997.526504 35997.526504 35999.530400 36003.104756 0 C 
 24  70 1 52 3 2 HL 1 166 -11 116 -31 1 1 3.551469 0 0 36004.122659 36004.623633 36004.623633 36004.623633 36006.627527 36010.178996 0 C 
 24  71 1 53 2 2 LL 1 176 +83 202 +63 1 1 4.570956 0 0 36011.203090 36011.704064 36011.704064 36011.704064 36013.707968 36018.278924 0 C 
 24  72 1 54 3 2 HL 1 147 -47 102 -67 1 1 3.073618 0 0 36019.302170 36019.803146 36019.803146 36019.803146 36021.807037 36024.880655 0 C 
 24  73 1 55 3 1 HN 0 66 +75 85 +75 0 1 4.348458 0 0 36025.898324 36026.399297 36026.399297 36026.399297 36028.403192 36032.751650 0 C 
 24  74 1 56 1 2 NL 0 132 +4 132 +24 0 1 12.077169 0 0 36033.763613 36034.264587 36034.264587 36034.264587 36036.268486 36048.345655 0 C 
 24  75 1 57 3 3 HH 1 157 +9 109 -51 1 1 2.138381 0 0 36049.360599 36049.861575 36049.861575 36049.861575 36051.865468 36054.003849 0 C 
 24  76 1 58 1 3 NH 0 71 +79 71 +19 0 1 5.812324 0 0 36055.021603 36055.522577 36055.522577 36055.522577 36057.526473 36063.338797 0 C 
 24  77 1 59 3 1 HN 0 153 -7 107 -7 0 1 3.975440 0 0 36064.356417 36064.857393 36064.857393 36064.857393 36066.861285 36070.836725 0 C 
 24  78 1 60 1 1 NN 0 56 -59 56 -59 0 1 4.782727 0 0 36071.854326 36072.355298 36072.355298 36072.355298 36074.359193 36079.141921 0 C 
 24  79 2  1 1 3 NH 0 161 -79 161 -19 0 1 2.439140 0 0 36188.865117 36189.366094 36189.366094 36189.366094 36191.369986 36193.809127 0 C 
 24  80 2  2 3 1 HN 0 136 +5 95 +5 0 1 2.110712 0 0 36194.826706 36195.327681 36195.327681 36195.327681 36197.331574 36199.442286 0 C 
 24  81 2  3 3 3 HH 1 119 +39 154 -21 1 1 1.744833 0 0 36200.454312 36200.955286 36200.955286 36200.955286 36202.959181 36204.704014 0 C 
 24  82 2  4 1 1 NN 0 64 -9 64 -9 0 1 2.422276 0 0 36205.714537 36206.215513 36206.215513 36206.215513 36208.219407 36210.641683 0 C 
 24  83 2  5 1 3 NH 0 94 -31 94 +29 0 1 2.828650 0 0 36211.659428 36212.160404 36212.160404 36212.160404 36214.164296 36216.992946 0 C 
 24  84 2  6 1 3 NH 0 177 -44 177 +16 0 1 1.968239 0 0 36218.005095 36218.506073 36218.506073 36218.506073 36220.509965 36222.478203 0 C 
 24  85 2  7 3 3 HH 1 118 -43 153 +17 1 1 3.214683 0 0 36223.499108 36224.000085 36224.000085 36224.000085 36226.003976 36229.218659 0 C 
 24  86 2  8 2 2 LL 1 60 -74 69 -54 1 1 1.887982 0 0 36230.245556 36230.746531 36230.746531 36230.746531 36232.750425 36234.638406 0 C 
 24  87 2  9 2 3 LH 1 68 -54 57 +6 1 1 10.432381 0 0 36235.656076 36236.157051 36236.157051 36236.157051 36238.160943 36248.593324 0 C 
 24  88 2 10 1 2 NL 0 146 -64 146 -44 0 1 2.661601 0 0 36249.616546 36250.117523 36250.117523 36250.117523 36252.121415 36254.783016 0 C 
 24  89 2 11 1 1 NN 0 93 -73 93 -73 0 1 5.583865 0 0 36255.795224 36256.296200 36256.296200 36256.296200 36258.300092 36263.883957 0 C 
 24  90 2 12 2 3 LH 1 161 -58 185 +2 1 1 4.650480 0 0 36264.896249 36265.397225 36265.397225 36265.397225 36267.401117 36272.051597 0 C 
 24  91 2 13 2 3 LH 1 106 -46 90 +14 0 0 8.589996 0 0 36273.062123 36273.563098 36273.563098 36273.563098 36275.566991 36284.156987 0 E 
 24  92 2 14 3 1 HN 0 80 +66 104 +66 0 1 3.257130 0 0 36285.168991 36285.669967 36285.669967 36285.669967 36287.673859 36290.930989 0 C 
 24  93 2 15 2 1 LN 0 84 +71 96 +71 0 1 3.307485 0 0 36291.948836 36292.449810 36292.449810 36292.449810 36294.453705 36297.761190 0 C 
 24  94 2 16 2 2 LL 1 173 +67 147 +87 1 1 3.768350 0 0 36298.778780 36299.279756 36299.279756 36299.279756 36301.283649 36305.051999 0 C 
 24  95 2 17 2 1 LN 0 60 +87 69 +87 0 1 4.275795 0 0 36306.076299 36306.577272 36306.577272 36306.577272 36308.581167 36312.856962 0 C 
 24  96 2 18 3 2 HL 1 112 +76 145 +56 1 1 3.345099 0 0 36313.874793 36314.375768 36314.375768 36314.375768 36316.379661 36319.724760 0 C 
 24  97 2 19 2 3 LH 1 87 -13 73 -73 1 1 4.048857 0 0 36320.738134 36321.239107 36321.239107 36321.239107 36323.243003 36327.291861 0 C 
 24  98 2 20 2 3 LH 1 115 +0 132 -60 1 1 3.676380 0 0 36328.302839 36328.803812 36328.803812 36328.803812 36330.807708 36334.484088 0 C 
 24  99 2 21 2 3 LH 1 112 +53 95 -7 1 1 6.190766 0 0 36335.500163 36336.001139 36336.001139 36336.001139 36338.005032 36344.195798 0 C 
 24 100 2 22 2 2 LL 1 88 -54 74 -34 0 0 2.449959 0 0 36345.219056 36345.720029 36345.720029 36345.720029 36347.723925 36350.173884 0 E 
 24 101 2 23 2 3 LH 1 135 -64 114 -4 1 1 6.652830 0 0 36351.197345 36351.698317 36351.698317 36351.698317 36353.702212 36360.355042 0 C 
 24 102 2 24 1 2 NL 0 74 +82 74 +62 0 1 3.083912 0 0 36361.367114 36361.868086 36361.868086 36361.868086 36363.871982 36366.955894 0 C 
 24 103 2 25 2 3 LH 1 93 -68 106 -8 1 1 1.982535 0 0 36367.979969 36368.480944 36368.480944 36368.480944 36370.484839 36372.467375 0 C 
 24 104 2 26 1 3 NH 0 172 -40 172 +20 0 1 2.084532 0 0 36373.490682 36373.991653 36373.991653 36373.991653 36375.995548 36378.080080 0 C 
 24 105 2 27 2 1 LN 0 164 -47 188 -47 0 1 2.405989 0 0 36379.101587 36379.602561 36379.602561 36379.602561 36381.606456 36384.012444 0 C 
 24 106 2 28 3 2 HL 1 146 -47 102 -67 1 1 3.919693 0 0 36385.029779 36385.530749 36385.530749 36385.530749 36387.534648 36391.454341 0 C 
 24 107 2 29 3 2 HL 1 136 -61 95 -41 1 1 2.221956 0 0 36392.477589 36392.978562 36392.978562 36392.978562 36394.982466 36397.204422 0 C 
 24 108 2 30 3 1 HN 0 121 +13 84 +13 0 1 1.765546 0 0 36398.222090 36398.723066 36398.723066 36398.723066 36400.726958 36402.492504 0 C 
 24 109 2 31 1 3 NH 0 172 +21 172 -39 0 1 4.532033 0 0 36403.515714 36404.016686 36404.016686 36404.016686 36406.020581 36410.552615 0 C 
 24 110 2 32 2 1 LN 0 163 +65 138 +65 0 1 2.505923 0 0 36411.564693 36412.065666 36412.065666 36412.065666 36414.069562 36416.575485 0 C 
 24 111 2 33 1 1 NN 0 139 -33 139 -33 0 1 5.333599 0 0 36417.593076 36418.094051 36418.094051 36418.094051 36420.097947 36425.431546 0 C 
 24 112 2 34 2 2 LL 1 69 +82 79 +62 1 1 2.288877 0 0 36426.443617 36426.944589 36426.944589 36426.944589 36428.948484 36431.237361 0 C 
 24 113 2 35 3 1 HN 0 105 +55 73 +55 0 1 5.105413 0 0 36432.254912 36432.755886 36432.755886 36432.755886 36434.759781 36439.865194 0 C 
 24 114 2 36 3 1 HN 0 84 -73 58 -73 0 1 2.935607 0 0 36440.888362 36441.389335 36441.389335 36441.389335 36443.393231 36446.328838 0 C 
 24 115 2 37 2 2 LL 1 54 +25 45 +5 0 0 3.776082 0 0 36447.350925 36447.851897 36447.851897 36447.851897 36449.855793 36453.631875 0 E 
 24 116 2 38 2 3 LH 1 164 +14 188 +74 1 1 2.105060 0 0 36454.648444 36455.149417 36455.149417 36455.149417 36457.153313 36459.258373 0 C 
 24 117 2 39 3 2 HL 1 144 +78 100 +58 1 1 3.201636 0 0 36460.276050 36460.777023 36460.777023 36460.777023 36462.780919 36465.982555 0 C 
 24 118 2 40 1 2 NL 0 140 -55 140 -75 0 1 4.183396 0 0 36467.005800 36467.506774 36467.506774 36467.506774 36469.510676 36473.694072 0 C 
 24 119 2 41 1 2 NL 0 110 -28 110 -8 0 1 2.528971 0 0 36474.720797 36475.221770 36475.221770 36475.221770 36477.225665 36479.754635 0 C 
 24 120 2 42 3 1 HN 0 146 -72 189 -72 0 1 2.377782 0 0 36480.765881 36481.266854 36481.266854 36481.266854 36483.270750 36485.648531 0 C 
 24 121 2 43 2 1 LN 0 142 -52 163 -52 0 1 2.320728 0 0 36486.660673 36487.161648 36487.161648 36487.161648 36489.165542 36491.486270 0 C 
 24 122 2 44 3 2 HL 1 151 -62 105 -82 1 1 2.253306 0 0 36492.505368 36493.006341 36493.006341 36493.006341 36495.010237 36497.263543 0 C 
 24 123 2 45 1 2 NL 0 60 +77 60 +57 0 1 11.723582 0 0 36498.283266 36498.784240 36498.784240 36498.784240 36500.788133 36512.511715 0 C 
 24 124 2 46 3 1 HN 0 153 +82 198 +82 0 1 2.013895 0 0 36513.529570 36514.030546 36514.030546 36514.030546 36516.034439 36518.048334 0 C 
 24 125 2 47 1 2 NL 0 58 +30 58 +50 0 1 1.622432 0 0 36519.073680 36519.574655 36519.574655 36519.574655 36521.578550 36523.200981 0 C 
 24 126 2 48 1 1 NN 0 83 -54 83 -54 0 1 3.530018 0 0 36524.217012 36524.717988 36524.717988 36524.717988 36526.721881 36530.251899 0 C 
 24 127 2 49 2 2 LL 1 132 -86 112 -66 1 1 4.593432 0 0 36531.264045 36531.765021 36531.765021 36531.765021 36533.768913 36538.362346 0 C 
 24 128 2 50 2 2 LL 1 157 +81 133 +61 1 1 2.184692 0 0 36539.379822 36539.880795 36539.880795 36539.880795 36541.884689 36544.069381 0 C 
 24 129 2 51 1 3 NH 0 134 -33 134 +27 0 1 2.772976 0 0 36545.090922 36545.591896 36545.591896 36545.591896 36547.595791 36550.368767 0 C 
 24 130 2 52 1 1 NN 0 120 +43 120 +43 0 1 2.495176 0 0 36551.386495 36551.887471 36551.887471 36551.887471 36553.891363 36556.386539 0 C 
 24 131 2 53 1 3 NH 0 69 -77 69 -17 0 1 2.870495 0 0 36557.398181 36557.899153 36557.899153 36557.899153 36559.903049 36562.773545 0 C 
 24 132 2 54 3 2 HL 1 60 +22 78 +2 1 1 2.366768 0 0 36563.793946 36564.294922 36564.294922 36564.294922 36566.298816 36568.665584 0 C 
 24 133 2 55 3 2 HL 1 163 +10 211 +30 1 1 1.823704 0 0 36569.688743 36570.189712 36570.189712 36570.189712 36572.193607 36574.017311 0 C 
 24 134 2 56 2 1 LN 0 137 +76 157 +76 0 1 2.617120 0 0 36575.032462 36575.533434 36575.533434 36575.533434 36577.537335 36580.154454 0 C 
 24 135 2 57 3 1 HN 0 71 -32 92 -32 0 1 1.481504 0 0 36581.177740 36581.678715 36581.678715 36581.678715 36583.682608 36585.164111 0 C 
 24 136 2 58 2 1 LN 0 96 -63 110 -63 0 1 1.279911 0 0 36586.187478 36586.688454 36586.688454 36586.688454 36588.692346 36589.972257 0 C 
 24 137 2 59 3 2 HL 1 55 -90 38 -70 1 1 2.645674 0 0 36590.996827 36591.497803 36591.497803 36591.497803 36593.501695 36596.147369 0 C 
 24 138 2 60 3 3 HH 1 178 +44 231 -16 1 1 3.446603 0 0 36597.158805 36597.659779 36597.659779 36597.659779 36599.663674 36603.110276 0 C 
 24 139 3  1 2 3 LH 1 69 +77 79 +17 1 1 2.537587 0 0 36637.771087 36638.272060 36638.272060 36638.272060 36640.275953 36642.813540 0 C 
 24 140 3  2 2 1 LN 0 69 -22 79 -22 0 1 3.173948 0 0 36643.832869 36644.333845 36644.333845 36644.333845 36646.337741 36649.511689 0 C 
 24 141 3  3 1 2 NL 0 93 -15 93 -35 0 1 1.626451 0 0 36650.529219 36651.030192 36651.030192 36651.030192 36653.034088 36654.660539 0 C 
 24 142 3  4 2 2 LL 1 67 +49 56 +69 1 1 3.964243 0 0 36655.672551 36656.173524 36656.173524 36656.173524 36658.177422 36662.141666 0 C 
 24 143 3  5 3 2 HL 1 107 -26 139 -6 1 1 1.899638 0 0 36663.153760 36663.654734 36663.654734 36663.654734 36665.658628 36667.558266 0 C 
 24 144 3  6 1 2 NL 0 118 -21 118 -41 0 1 8.280296 0 0 36668.580977 36669.081955 36669.081955 36669.081955 36671.085846 36679.366142 0 C 
 24 145 3  7 1 2 NL 0 158 -13 158 +7 0 1 2.937934 0 0 36680.387263 36680.888236 36680.888236 36680.888236 36682.892129 36685.830063 0 C 
 24 146 3  8 3 1 HN 0 151 -45 105 -45 1 0 2.550417 0 0 36686.849824 36687.350796 36687.350796 36687.350796 36689.354692 36691.905108 0 E 
 24 147 3  9 3 3 HH 1 154 -21 200 +39 1 1 2.889127 0 0 36692.928307 36693.429280 36693.429280 36693.429280 36695.433177 36698.322304 0 C 
 24 148 3 10 1 3 NH 0 127 +66 127 +6 0 1 3.129386 0 0 36699.340773 36699.841745 36699.841745 36699.841745 36701.845639 36704.975025 0 C 
 24 149 3 11 1 2 NL 0 155 +31 155 +11 0 1 2.449502 0 0 36705.987023 36706.487997 36706.487997 36706.487997 36708.491893 36710.941395 0 C 
 24 150 3 12 3 1 HN 0 167 +23 217 +23 0 1 2.216382 0 0 36711.965312 36712.466287 36712.466287 36712.466287 36714.470181 36716.686563 0 C 
 24 151 3 13 3 2 HL 1 84 -30 109 -10 1 1 3.375468 0 0 36717.709813 36718.210786 36718.210786 36718.210786 36720.214681 36723.590149 0 C 
 24 152 3 14 3 2 HL 1 117 -87 152 -67 1 1 2.800885 0 0 36724.606553 36725.107525 36725.107525 36725.107525 36727.111421 36729.912306 0 C 
 24 153 3 15 2 2 LL 1 158 +74 134 +54 1 1 2.672850 0 0 36730.935522 36731.436499 36731.436499 36731.436499 36733.440391 36736.113242 0 C 
 24 154 3 16 3 2 HL 1 167 -49 217 -69 1 1 1.754796 0 0 36737.130899 36737.631872 36737.631872 36737.631872 36739.635768 36741.390564 0 C 
 24 155 3 17 1 1 NN 0 175 -9 175 -9 0 1 2.145269 0 0 36742.407824 36742.908796 36742.908796 36742.908796 36744.912690 36747.057959 0 C 
 24 156 3 18 1 1 NN 0 119 +83 119 +83 0 1 1.108671 0 0 36748.068827 36748.569801 36748.569801 36748.569801 36750.573696 36751.682367 0 C 
 24 157 3 19 2 2 LL 1 133 -57 113 -37 1 1 3.169390 0 0 36752.694486 36753.195460 36753.195460 36753.195460 36755.199355 36758.368745 0 C 
 24 158 3 20 1 3 NH 0 152 +55 152 -5 0 1 2.327633 0 0 36759.390837 36759.891811 36759.891811 36759.891811 36761.895705 36764.223338 0 C 
 24 159 3 21 2 1 LN 0 144 +12 165 +12 0 1 1.485869 0 0 36765.235533 36765.736504 36765.736504 36765.736504 36767.740400 36769.226269 0 C 
 24 160 3 22 2 3 LH 1 113 +66 129 +6 1 1 1.748764 0 0 36770.245271 36770.746243 36770.746243 36770.746243 36772.750137 36774.498901 0 C 
 24 161 3 23 2 2 LL 1 55 -44 63 -24 1 1 2.973274 0 0 36775.522196 36776.023171 36776.023171 36776.023171 36778.027063 36781.000337 0 C 
 24 162 3 24 1 3 NH 0 120 +32 120 -28 0 1 5.233397 0 0 36782.018157 36782.519133 36782.519133 36782.519133 36784.523026 36789.756423 0 C 
 24 163 3 25 2 3 LH 1 180 +87 153 +27 1 1 1.636073 0 0 36790.768499 36791.269473 36791.269473 36791.269473 36793.273368 36794.909440 0 C 
 24 164 3 26 1 1 NN 0 169 -39 169 -39 0 1 1.414867 0 0 36795.928529 36796.429502 36796.429502 36796.429502 36798.433398 36799.848265 0 C 
 24 165 3 27 2 3 LH 1 153 -39 130 +21 1 1 1.689769 0 0 36800.871471 36801.372445 36801.372445 36801.372445 36803.376351 36805.066121 0 C 
 24 166 3 28 1 1 NN 0 114 +0 114 +0 0 1 4.065197 0 0 36806.081599 36806.582573 36806.582573 36806.582573 36808.586469 36812.651667 0 C 
 24 167 3 29 3 1 HN 0 61 +39 42 +39 0 1 1.570885 0 0 36813.663004 36814.163979 36814.163979 36814.163979 36816.167873 36817.738757 0 C 
 24 168 3 30 2 3 LH 1 154 -28 130 +32 1 1 1.576937 0 0 36818.756240 36819.257211 36819.257211 36819.257211 36821.261107 36822.838044 0 C 
 24 169 3 31 2 1 LN 0 109 -17 125 -17 0 1 1.103130 0 0 36823.849472 36824.350449 36824.350449 36824.350449 36826.354341 36827.457471 0 C 
 24 170 3 32 2 2 LL 1 91 +24 77 +4 1 1 1.925741 0 0 36828.475132 36828.976106 36828.976106 36828.976106 36830.979999 36832.905740 0 C 
 24 171 3 33 3 1 HN 0 116 -11 150 -11 0 1 1.204415 0 0 36833.919047 36834.420021 36834.420021 36834.420021 36836.423916 36837.628331 0 C 
 24 172 3 34 3 1 HN 0 122 -81 85 -81 0 1 1.231119 0 0 36838.644901 36839.145873 36839.145873 36839.145873 36841.149769 36842.380888 0 C 
 24 173 3 35 2 1 LN 0 155 -67 131 -67 0 1 1.253487 0 0 36843.404150 36843.905125 36843.905125 36843.905125 36845.909021 36847.162507 0 C 
 24 174 3 36 1 2 NL 0 146 +9 146 +29 0 1 2.181333 0 0 36848.180103 36848.681075 36848.681075 36848.681075 36850.684969 36852.866302 0 C 
 24 175 3 37 2 1 LN 0 82 +28 69 +28 0 1 1.031619 0 0 36853.891203 36854.392177 36854.392177 36854.392177 36856.396072 36857.427691 0 C 
 24 176 3 38 3 3 HH 1 144 +82 187 +22 1 1 1.529560 0 0 36858.450067 36858.951039 36858.951039 36858.951039 36860.954935 36862.484495 0 C 
 24 177 3 39 2 3 LH 1 135 +58 155 -2 1 1 1.856387 0 0 36863.509901 36864.010874 36864.010874 36864.010874 36866.014771 36867.871158 0 C 
 24 178 3 40 1 1 NN 0 177 +43 177 +43 0 1 11.423156 0 0 36868.887022 36869.387995 36869.387995 36869.387995 36871.391894 36882.815050 0 C 
 24 179 3 41 3 3 HH 1 97 -81 126 -21 1 1 1.358265 0 0 36883.832740 36884.333715 36884.333715 36884.333715 36886.337609 36887.695874 0 C 
 24 180 3 42 1 3 NH 0 110 +38 110 -22 0 1 1.929631 0 0 36888.708887 36889.209863 36889.209863 36889.209863 36891.213756 36893.143387 0 C 
 24 181 3 43 3 3 HH 1 83 +41 58 -19 1 1 1.637360 0 0 36894.169503 36894.670478 36894.670478 36894.670478 36896.674370 36898.311730 0 C 
 24 182 3 44 3 1 HN 0 165 -42 214 -42 0 1 6.413381 0 0 36899.329533 36899.830508 36899.830508 36899.830508 36901.834401 36908.247782 0 C 
 24 183 3 45 3 3 HH 1 176 -65 123 -5 1 1 1.225593 0 0 36909.265514 36909.766490 36909.766490 36909.766490 36911.770382 36912.995976 0 C 
 24 184 3 46 3 2 HL 1 113 -59 79 -39 1 1 1.847907 0 0 36914.008066 36914.509043 36914.509043 36914.509043 36916.512934 36918.360841 0 C 
 24 185 3 47 1 1 NN 0 170 +67 170 +67 0 1 1.765563 0 0 36919.385185 36919.886159 36919.886159 36919.886159 36921.890054 36923.655618 0 C 
 24 186 3 48 1 2 NL 0 173 +76 173 +56 0 1 1.654458 0 0 36924.678808 36925.179783 36925.179783 36925.179783 36927.183680 36928.838137 0 C 
 24 187 3 49 3 2 HL 1 162 -89 210 -69 1 1 1.615242 0 0 36929.855539 36930.356512 36930.356512 36930.356512 36932.360408 36933.975650 0 C 
 24 188 3 50 2 2 LL 1 59 +64 50 +84 0 0 3.663668 0 0 36934.998870 36935.499843 36935.499843 36935.499843 36937.503739 36941.167407 0 E 
 24 189 3 51 2 2 LL 1 81 -60 68 -80 1 1 6.133569 0 0 36942.179500 36942.680471 36942.680471 36942.680471 36944.684365 36950.817933 0 C 
 24 190 3 52 3 3 HH 1 111 +5 144 -55 1 1 1.063977 0 0 36951.831592 36952.332565 36952.332565 36952.332565 36954.336460 36955.400437 0 C 
 24 191 3 53 3 1 HN 0 121 +77 157 +77 0 1 1.325650 0 0 36956.423851 36956.924825 36956.924825 36956.924825 36958.928720 36960.254370 0 C 
 24 192 3 54 2 1 LN 0 160 +72 136 +72 0 1 0.996184 0 0 36961.266600 36961.767575 36961.767575 36961.767575 36963.771465 36964.767649 0 C 
 24 193 3 55 1 2 NL 0 109 -24 109 -4 0 1 2.120024 0 0 36965.792063 36966.293035 36966.293035 36966.293035 36968.296932 36970.416955 0 C 
 24 194 3 56 3 2 HL 1 158 +86 110 +66 1 1 1.548445 0 0 36971.436369 36971.937344 36971.937344 36971.937344 36973.941237 36975.489682 0 C 
 24 195 3 57 3 1 HN 0 175 -72 122 -72 0 1 1.368262 0 0 36976.512904 36977.013876 36977.013876 36977.013876 36979.017772 36980.386034 0 C 
 24 196 3 58 2 3 LH 1 134 +29 113 +89 1 1 1.466667 0 0 36981.405749 36981.906721 36981.906721 36981.906721 36983.910616 36985.377283 0 C 
 24 197 3 59 2 3 LH 1 118 -5 100 +55 1 1 2.201859 0 0 36986.398789 36986.899760 36986.899760 36986.899760 36988.903656 36991.105516 0 C 
 24 198 3 60 2 3 LH 1 121 -68 139 -8 1 1 1.520872 0 0 36992.126589 36992.627563 36992.627563 36992.627563 36994.631457 36996.152329 0 C 
 24 199 4  1 2 2 LL 1 102 +44 117 +24 1 1 3.180249 0 0 37047.400702 37047.901675 37047.901675 37047.901675 37049.905572 37053.085821 0 C 
 24 200 4  2 2 3 LH 1 115 +7 132 -53 1 1 1.327640 0 0 37054.097054 37054.598027 37054.598027 37054.598027 37056.601922 37057.929563 0 C 
 24 201 4  3 3 2 HL 1 78 +5 54 -15 1 1 1.095315 0 0 37058.956500 37059.457475 37059.457475 37059.457475 37061.461369 37062.556684 0 C 
 24 202 4  4 1 1 NN 0 59 -35 59 -35 0 1 1.594757 0 0 37063.582159 37064.083132 37064.083132 37064.083132 37066.087028 37067.681784 0 C 
 24 203 4  5 1 1 NN 0 163 +36 163 +36 0 1 2.928184 0 0 37068.708790 37069.209764 37069.209764 37069.209764 37071.213660 37074.141844 0 C 
 24 204 4  6 3 2 HL 1 61 -59 42 -79 1 1 1.496204 0 0 37075.154655 37075.655631 37075.655631 37075.655631 37077.659526 37079.155730 0 C 
 24 205 4  7 1 2 NL 0 79 -53 79 -73 0 1 1.622430 0 0 37080.181093 37080.682065 37080.682065 37080.682065 37082.685961 37084.308391 0 C 
 24 206 4  8 1 3 NH 0 85 +33 85 -27 0 1 3.852994 0 0 37085.324424 37085.825397 37085.825397 37085.825397 37087.829292 37091.682286 0 C 
 24 207 4  9 3 2 HL 1 115 -43 80 -63 1 1 1.236716 0 0 37092.705439 37093.206412 37093.206412 37093.206412 37095.210307 37096.447023 0 C 
 24 208 4 10 2 2 LL 1 124 +58 142 +78 1 1 2.283141 0 0 37097.464690 37097.965662 37097.965662 37097.965662 37099.969559 37102.252700 0 C 
 24 209 4 11 2 3 LH 1 117 +67 134 +7 1 1 1.478241 0 0 37103.275987 37103.776963 37103.776963 37103.776963 37105.780865 37107.259106 0 C 
 24 210 4 12 3 1 HN 0 158 +28 110 +28 0 1 2.934863 0 0 37108.285726 37108.786699 37108.786699 37108.786699 37110.790591 37113.725454 0 C 
 24 211 4 13 2 1 LN 0 135 -39 114 -39 0 1 1.143922 0 0 37114.748289 37115.249261 37115.249261 37115.249261 37117.253156 37118.397078 0 C 
 24 212 4 14 3 2 HL 1 117 +19 152 +39 1 1 3.196142 0 0 37119.424043 37119.925017 37119.925017 37119.925017 37121.928912 37125.125054 0 C 
 24 213 4 15 1 3 NH 0 148 -89 148 -29 0 1 3.329729 0 0 37126.137094 37126.638070 37126.638070 37126.638070 37128.641962 37131.971691 0 C 
 24 214 4 16 3 2 HL 1 136 -58 95 -78 1 1 1.910229 0 0 37132.983737 37133.484711 37133.484711 37133.484711 37135.488605 37137.398834 0 C 
 24 215 4 17 3 3 HH 1 58 +18 40 -42 1 1 2.539578 0 0 37138.410953 37138.911930 37138.911930 37138.911930 37140.915820 37143.455399 0 C 
 24 216 4 18 3 2 HL 1 76 -41 53 -21 1 1 2.746092 0 0 37144.472737 37144.973713 37144.973713 37144.973713 37146.977605 37149.723697 0 C 
 24 217 4 19 3 1 HN 0 88 +60 61 +60 0 1 7.209357 0 0 37150.734910 37151.235882 37151.235882 37151.235882 37153.239778 37160.449135 0 C 
 24 218 4 20 3 3 HH 1 81 +22 56 -38 1 1 1.334920 0 0 37161.472448 37161.973422 37161.973422 37161.973422 37163.977317 37165.312237 0 C 
 24 219 4 21 2 1 LN 0 173 +54 147 +54 0 1 4.921658 0 0 37166.331896 37166.832868 37166.832868 37166.832868 37168.836764 37173.758422 0 C 
 24 220 4 22 2 1 LN 0 56 +84 47 +84 0 1 5.923782 0 0 37174.781655 37175.282628 37175.282628 37175.282628 37177.286522 37183.210304 0 C 
 24 221 4 23 2 3 LH 1 125 +89 106 +29 1 1 8.638444 0 0 37184.233364 37184.734334 37184.734334 37184.734334 37186.738229 37195.376673 0 C 
 24 222 4 24 1 3 NH 0 65 -4 65 -64 0 1 2.887966 0 0 37196.390327 37196.891299 37196.891299 37196.891299 37198.895195 37201.783160 0 C 
 24 223 4 25 3 2 HL 1 154 +67 200 +47 0 0 1.707359 0 0 37202.802794 37203.303766 37203.303766 37203.303766 37205.307659 37207.015018 0 E 
 24 224 4 26 3 1 HN 0 70 +20 91 +20 0 1 1.647105 0 0 37208.029618 37208.530592 37208.530592 37208.530592 37210.534488 37212.181592 0 C 
 24 225 4 27 1 3 NH 0 109 -16 109 +44 0 1 1.731890 0 0 37213.206348 37213.707322 37213.707322 37213.707322 37215.711217 37217.443107 0 C 
 24 226 4 28 2 2 LL 1 129 -58 148 -78 1 1 2.227474 0 0 37218.466572 37218.967547 37218.967547 37218.967547 37220.971442 37223.198916 0 C 
 24 227 4 29 2 3 LH 1 138 +88 117 +28 1 1 3.669210 0 0 37224.211074 37224.712047 37224.712047 37224.712047 37226.715943 37230.385152 0 C 
 24 228 4 30 1 1 NN 0 169 -63 169 -63 0 1 2.728306 0 0 37231.408397 37231.909372 37231.909372 37231.909372 37233.913266 37236.641572 0 C 
 24 229 4 31 2 1 LN 0 178 +86 151 +86 0 1 2.572589 0 0 37237.653872 37238.154846 37238.154846 37238.154846 37240.158742 37242.731332 0 C 
 24 230 4 32 3 2 HL 1 152 -13 197 +7 1 1 1.665253 0 0 37243.749054 37244.250028 37244.250028 37244.250028 37246.253922 37247.919175 0 C 
 24 231 4 33 1 3 NH 0 142 -15 142 -75 0 1 1.787063 0 0 37248.942484 37249.443457 37249.443457 37249.443457 37251.447352 37253.234415 0 C 
 24 232 4 34 1 1 NN 0 136 +68 136 +68 0 1 2.734035 0 0 37254.252806 37254.753780 37254.753780 37254.753780 37256.757675 37259.491709 0 C 
 24 233 4 35 3 3 HH 1 126 -25 163 -85 1 1 1.320161 0 0 37260.514978 37261.015952 37261.015952 37261.015952 37263.019848 37264.340008 0 C 
 24 234 4 36 2 3 LH 1 149 +37 171 -23 1 1 1.642960 0 0 37265.357726 37265.858699 37265.858699 37265.858699 37267.862595 37269.505555 0 C 
 24 235 4 37 2 1 LN 0 63 -90 72 -90 0 1 2.178729 0 0 37270.517758 37271.018729 37271.018729 37271.018729 37273.022626 37275.201355 0 C 
 24 236 4 38 3 3 HH 1 63 +50 81 -10 1 1 1.893520 0 0 37276.212160 37276.713132 37276.713132 37276.713132 37278.717028 37280.610548 0 C 
 24 237 4 39 3 2 HL 1 116 -18 150 +2 1 1 2.035652 0 0 37281.622677 37282.123651 37282.123651 37282.123651 37284.127556 37286.163209 0 C 
 24 238 4 40 1 1 NN 0 73 -81 73 -81 0 1 2.501312 0 0 37287.183487 37287.684461 37287.684461 37287.684461 37289.688355 37292.189667 0 C 
 24 239 4 41 3 3 HH 1 147 +24 102 -36 1 1 2.327732 0 0 37293.211871 37293.712847 37293.712847 37293.712847 37295.716741 37298.044473 0 C 
 24 240 4 42 2 3 LH 1 88 +11 74 +71 1 1 2.489377 0 0 37299.056567 37299.557540 37299.557540 37299.557540 37301.561436 37304.050813 0 C 
 24 241 4 43 3 3 HH 1 79 +16 55 -44 1 1 2.108729 0 0 37305.068254 37305.569231 37305.569231 37305.569231 37307.573122 37309.681851 0 C 
 24 242 4 44 2 1 LN 0 142 +43 163 +43 0 1 1.445569 0 0 37310.695860 37311.196836 37311.196836 37311.196836 37313.200728 37314.646298 0 C 
 24 243 4 45 1 1 NN 0 84 +35 84 +35 0 1 1.188836 0 0 37315.672200 37316.173175 37316.173175 37316.173175 37318.177067 37319.365903 0 C 
 24 244 4 46 2 2 LL 1 144 +44 165 +24 1 1 1.915804 0 0 37320.381354 37320.882328 37320.882328 37320.882328 37322.886223 37324.802027 0 C 
 24 245 4 47 1 1 NN 0 74 +85 74 +85 1 0 4.436736 0 0 37325.825275 37326.326244 37326.326244 37326.326244 37328.330143 37332.766879 0 E 
 24 246 4 48 1 3 NH 0 178 +31 178 -29 0 1 2.266460 0 0 37333.790754 37334.291731 37334.291731 37334.291731 37336.295621 37338.562081 0 C 
 24 247 4 49 2 3 LH 1 167 +45 141 -15 1 1 1.695683 0 0 37339.585353 37340.086328 37340.086328 37340.086328 37342.090218 37343.785901 0 C 
 24 248 4 50 3 1 HN 0 54 -59 70 -59 0 1 2.967969 0 0 37344.812178 37345.313152 37345.313152 37345.313152 37347.317047 37350.285017 0 C 
 24 249 4 51 3 3 HH 1 124 -68 161 -8 1 1 2.166211 0 0 37351.308139 37351.809113 37351.809113 37351.809113 37353.813009 37355.979220 0 C 
 24 250 4 52 2 3 LH 1 101 -52 116 +8 1 1 2.210948 0 0 37357.002542 37357.503516 37357.503516 37357.503516 37359.507411 37361.718359 0 C 
 24 251 4 53 2 2 LL 1 177 -42 150 -62 1 1 2.895624 0 0 37362.730344 37363.231317 37363.231317 37363.231317 37365.235212 37368.130837 0 C 
 24 252 4 54 1 1 NN 0 140 +28 140 +28 0 1 1.182477 0 0 37369.142809 37369.643784 37369.643784 37369.643784 37371.647678 37372.830155 0 C 
 24 253 4 55 1 3 NH 0 155 -28 155 +32 1 0 8.890527 0 0 37373.851962 37374.352940 37374.352940 37374.352940 37376.356830 37385.247357 0 E 
 24 254 4 56 2 1 LN 0 55 -22 63 -22 0 1 1.476069 0 0 37386.259416 37386.760392 37386.760392 37386.760392 37388.764284 37390.240353 0 C 
 24 255 4 57 3 3 HH 1 114 +89 79 +29 1 1 1.487076 0 0 37391.252455 37391.753432 37391.753432 37391.753432 37393.757321 37395.244397 0 C 
 24 256 4 58 2 2 LL 1 110 +9 126 -11 1 1 2.845441 0 0 37396.262194 37396.763166 37396.763166 37396.763166 37398.767062 37401.612503 0 C 
 24 257 4 59 2 3 LH 1 101 -88 85 -28 1 1 3.589496 0 0 37402.624562 37403.125534 37403.125534 37403.125534 37405.129430 37408.718926 0 C 
 24 258 4 60 2 2 LL 1 120 +43 102 +63 1 1 1.988965 0 0 37409.738390 37410.239363 37410.239363 37410.239363 37412.243258 37414.232223 0 C 
 24 259 5  1 3 1 HN 0 140 +20 98 +20 0 1 1.531798 0 0 37465.580277 37466.081248 37466.081248 37466.081248 37468.085143 37469.616941 0 C 
 24 260 5  2 1 1 NN 0 82 +53 82 +53 0 1 2.545124 0 0 37470.640112 37471.141084 37471.141084 37471.141084 37473.144979 37475.690104 0 C 
 24 261 5  3 3 3 HH 1 156 +17 109 -43 1 1 1.617288 0 0 37476.701895 37477.202868 37477.202868 37477.202868 37479.206763 37480.824051 0 C 
 24 262 5  4 1 3 NH 0 83 +72 83 +12 1 0 3.385340 0 0 37481.845226 37482.346199 37482.346199 37482.346199 37484.350094 37487.735435 0 E 
 24 263 5  5 1 3 NH 0 104 +84 104 +24 0 1 2.082787 0 0 37488.758665 37489.259638 37489.259638 37489.259638 37491.263538 37493.346325 0 C 
 24 264 5  6 2 3 LH 1 87 -2 100 -62 1 1 6.552587 0 0 37494.369572 37494.870548 37494.870548 37494.870548 37496.874441 37503.427027 0 C 
 24 265 5  7 2 1 LN 0 97 +66 82 +66 0 1 1.186557 0 0 37504.439147 37504.940123 37504.940123 37504.940123 37506.944015 37508.130572 0 C 
 24 266 5  8 2 3 LH 1 107 -16 123 -76 1 1 1.387069 0 0 37509.148301 37509.649274 37509.649274 37509.649274 37511.653169 37513.040238 0 C 
 24 267 5  9 2 2 LL 1 148 +62 125 +82 1 1 1.871517 0 0 37514.057844 37514.558822 37514.558822 37514.558822 37516.562713 37518.434230 0 C 
 24 268 5 10 1 3 NH 0 99 -55 99 +5 1 0 2.493582 0 0 37519.451664 37519.952636 37519.952636 37519.952636 37521.956531 37524.450113 0 E 
 24 269 5 11 2 1 LN 0 120 -42 138 -42 0 1 2.345845 0 0 37525.463348 37525.964325 37525.964325 37525.964325 37527.968218 37530.314063 0 C 
 24 270 5 12 3 2 HL 1 95 -34 123 -14 1 1 3.357522 0 0 37531.324742 37531.825720 37531.825720 37531.825720 37533.829617 37537.187139 0 C 
 24 271 5 13 3 3 HH 1 174 +35 121 -25 1 1 3.023484 0 0 37538.204784 37538.705761 37538.705761 37538.705761 37540.709652 37543.733137 0 C 
 24 272 5 14 1 2 NL 0 175 -67 175 -47 0 1 2.617197 0 0 37544.750846 37545.251816 37545.251816 37545.251816 37547.255708 37549.872905 0 C 
 24 273 5 15 1 2 NL 0 74 +33 74 +53 0 1 2.537432 0 0 37550.896123 37551.397097 37551.397097 37551.397097 37553.400990 37555.938422 0 C 
 24 274 5 16 3 3 HH 1 134 -73 174 -13 1 1 2.323237 0 0 37556.957906 37557.458878 37557.458878 37557.458878 37559.462774 37561.786011 0 C 
 24 275 5 17 3 3 HH 1 134 -85 93 -25 1 1 1.737675 0 0 37562.802600 37563.303572 37563.303572 37563.303572 37565.307468 37567.045143 0 C 
 24 276 5 18 2 3 LH 1 146 +2 167 -58 1 1 2.534744 0 0 37568.062825 37568.563799 37568.563799 37568.563799 37570.567694 37573.102438 0 C 
 24 277 5 19 3 3 HH 1 117 +63 81 +3 1 1 1.537489 0 0 37574.124608 37574.625584 37574.625584 37574.625584 37576.629477 37578.166966 0 C 
 24 278 5 20 1 1 NN 0 135 +54 135 +54 0 1 1.844054 0 0 37579.184444 37579.685421 37579.685421 37579.685421 37581.689314 37583.533368 0 C 
 24 279 5 21 3 1 HN 0 91 +73 118 +73 0 1 1.056261 0 0 37584.544866 37585.045839 37585.045839 37585.045839 37587.049734 37588.105994 0 C 
 24 280 5 22 2 3 LH 1 164 +56 188 -4 1 1 1.804447 0 0 37589.120427 37589.621402 37589.621402 37589.621402 37591.625295 37593.429742 0 C 
 24 281 5 23 3 3 HH 1 153 +73 107 +13 1 1 1.626278 0 0 37594.447449 37594.948422 37594.948422 37594.948422 37596.952316 37598.578594 0 C 
 24 282 5 24 3 3 HH 1 111 +31 77 -29 1 1 3.215314 0 0 37599.590781 37600.091751 37600.091751 37600.091751 37602.095646 37605.310961 0 C 
 24 283 5 25 1 1 NN 0 89 +78 89 +78 0 1 1.889384 0 0 37606.337227 37606.838203 37606.838203 37606.838203 37608.842096 37610.731480 0 C 
 24 284 5 26 1 2 NL 0 170 -52 170 -72 0 1 1.414777 0 0 37611.747743 37612.248719 37612.248719 37612.248719 37614.252614 37615.667390 0 C 
 24 285 5 27 3 3 HH 1 175 +37 227 -23 1 1 2.700718 0 0 37616.690685 37617.191661 37617.191661 37617.191661 37619.195556 37621.896273 0 C 
 24 286 5 28 2 3 LH 1 164 +50 188 -10 1 1 3.014839 0 0 37622.919462 37623.420436 37623.420436 37623.420436 37625.424331 37628.439170 0 C 
 24 287 5 29 1 3 NH 0 110 +47 110 -13 1 0 4.019896 0 0 37629.465521 37629.966496 37629.966496 37629.966496 37631.970390 37635.990285 0 E 
 24 288 5 30 2 3 LH 1 73 +28 62 -32 0 0 2.486381 0 0 37637.013527 37637.514501 37637.514501 37637.514501 37639.518395 37642.004776 0 E 
 24 289 5 31 1 3 NH 0 113 -63 113 -3 0 1 5.389328 0 0 37643.025212 37643.526188 37643.526188 37643.526188 37645.530081 37650.919408 0 C 
 24 290 5 32 1 1 NN 0 103 -64 103 -64 0 1 1.334144 0 0 37651.942548 37652.443524 37652.443524 37652.443524 37654.447415 37655.781559 0 C 
 24 291 5 33 3 3 HH 1 131 +35 91 -25 1 1 3.101458 0 0 37656.801993 37657.302967 37657.302967 37657.302967 37659.306862 37662.408321 0 C 
 24 292 5 34 3 2 HL 1 166 -8 116 -28 1 1 2.245620 0 0 37663.431546 37663.932521 37663.932521 37663.932521 37665.936416 37668.182036 0 C 
 24 293 5 35 2 1 LN 0 141 -38 119 -38 0 1 2.716087 0 0 37669.192746 37669.693722 37669.693722 37669.693722 37671.697616 37674.413703 0 C 
 24 294 5 36 3 1 HN 0 68 -34 88 -34 0 1 1.615230 0 0 37675.438222 37675.939193 37675.939193 37675.939193 37677.943089 37679.558319 0 C 
 24 295 5 37 2 3 LH 1 62 -28 71 +32 1 1 2.838861 0 0 37680.581552 37681.082529 37681.082529 37681.082529 37683.086420 37685.925282 0 C 
 24 296 5 38 3 2 HL 1 114 -89 79 -69 1 1 2.533718 0 0 37686.943921 37687.444896 37687.444896 37687.444896 37689.448788 37691.982507 0 C 
 24 297 5 39 2 2 LL 1 157 -78 180 -58 1 1 3.138525 0 0 37693.005704 37693.506675 37693.506675 37693.506675 37695.510572 37698.649097 0 C 
 24 298 5 40 1 3 NH 0 133 +69 133 +9 0 1 1.904583 0 0 37699.668658 37700.169629 37700.169629 37700.169629 37702.173524 37704.078108 0 C 
 24 299 5 41 2 2 LL 1 79 +33 90 +53 1 1 3.814007 0 0 37705.095873 37705.596849 37705.596849 37705.596849 37707.600741 37711.414748 0 C 
 24 300 5 42 3 3 HH 1 142 -54 184 +6 1 1 1.419219 0 0 37712.426790 37712.927766 37712.927766 37712.927766 37714.931659 37716.350877 0 C 
 24 301 5 43 3 2 HL 1 164 +84 213 +64 1 1 1.672803 0 0 37717.369736 37717.870705 37717.870705 37717.870705 37719.874601 37721.547404 0 C 
 24 302 5 44 2 2 LL 1 77 -12 88 +8 1 1 4.031014 0 0 37722.563159 37723.064133 37723.064133 37723.064133 37725.068040 37729.099054 0 C 
 24 303 5 45 2 3 LH 1 68 +14 57 +74 1 1 2.504684 0 0 37730.111167 37730.612140 37730.612140 37730.612140 37732.616036 37735.120720 0 C 
 24 304 5 46 2 2 LL 1 166 +20 141 +0 1 1 2.778672 0 0 37736.139552 37736.640527 37736.640527 37736.640527 37738.644421 37741.423093 0 C 
 24 305 5 47 1 1 NN 0 75 -12 75 -12 1 0 3.439674 0 0 37742.435124 37742.936099 37742.936099 37742.936099 37744.939993 37748.379667 0 E 
 24 306 5 48 1 2 NL 0 175 +38 175 +58 0 1 3.936518 0 0 37749.398660 37749.899636 37749.899636 37749.899636 37751.903528 37755.840046 0 C 
 24 307 5 49 1 3 NH 0 126 +76 126 +16 0 1 1.475152 0 0 37756.863171 37757.364148 37757.364148 37757.364148 37759.368039 37760.843192 0 C 
 24 308 5 50 1 3 NH 0 169 +56 169 -4 0 1 3.356063 0 0 37761.856209 37762.357187 37762.357187 37762.357187 37764.361080 37767.717144 0 C 
 24 309 5 51 2 3 LH 1 172 -87 197 -27 1 1 2.567028 0 0 37768.736255 37769.237227 37769.237227 37769.237227 37771.241119 37773.808147 0 C 
 24 310 5 52 1 2 NL 0 133 +57 133 +77 0 1 2.756414 0 0 37774.831433 37775.332406 37775.332406 37775.332406 37777.336301 37780.092715 0 C 
 24 311 5 53 3 1 HN 0 144 +36 100 +36 0 1 2.411326 0 0 37781.110305 37781.611278 37781.611278 37781.611278 37783.615174 37786.026500 0 C 
 24 312 5 54 2 3 LH 1 161 -46 185 +14 1 1 3.476493 0 0 37787.038496 37787.539469 37787.539469 37787.539469 37789.543364 37793.019857 0 C 
 24 313 5 55 1 3 NH 0 105 +14 105 -46 0 1 4.511231 0 0 37794.035430 37794.536403 37794.536403 37794.536403 37796.540299 37801.051529 0 C 
 24 314 5 56 2 2 LL 1 104 +64 119 +84 0 0 2.160751 0 0 37802.067711 37802.568687 37802.568687 37802.568687 37804.572580 37806.733330 0 E 
 24 315 5 57 3 3 HH 1 133 +41 93 -19 1 1 1.752630 0 0 37807.745414 37808.246391 37808.246391 37808.246391 37810.250283 37812.002913 0 C 
 24 316 5 58 3 2 HL 1 146 -61 189 -41 1 1 1.227515 0 0 37813.022338 37813.523315 37813.523315 37813.523315 37815.527208 37816.754723 0 C 
 24 317 5 59 1 1 NN 0 163 +54 163 +54 0 1 7.142619 0 0 37817.781595 37818.282567 37818.282567 37818.282567 37820.286459 37827.429078 0 C 
 24 318 5 60 1 2 NL 0 71 -71 71 -51 0 1 5.672990 0 0 37828.452333 37828.953307 37828.953307 37828.953307 37830.957202 37836.630193 0 C 
 24 319 6  1 1 1 NN 0 155 +46 155 +46 0 1 2.021358 0 0 37878.599815 37879.100793 37879.100793 37879.100793 37881.104686 37883.126045 0 C 
 24 320 6  2 1 3 NH 0 79 +17 79 -43 0 1 1.412268 0 0 37884.143928 37884.644897 37884.644897 37884.644897 37886.648796 37888.061064 0 C 
 24 321 6  3 1 1 NN 0 132 +87 132 +87 0 1 1.316617 0 0 37889.086869 37889.587843 37889.587843 37889.587843 37891.591737 37892.908353 0 C 
 24 322 6  4 3 3 HH 1 151 +1 196 +61 1 1 1.666178 0 0 37893.929617 37894.430589 37894.430589 37894.430589 37896.434485 37898.100662 0 C 
 24 323 6  5 1 3 NH 0 121 +7 121 -53 0 1 1.537259 0 0 37899.123044 37899.624018 37899.624018 37899.624018 37901.627913 37903.165173 0 C 
 24 324 6  6 3 2 HL 1 58 +10 40 -10 1 1 2.143264 0 0 37904.182884 37904.683856 37904.683856 37904.683856 37906.687751 37908.831016 0 C 
 24 325 6  7 3 1 HN 0 109 +1 141 +1 0 1 1.392715 0 0 37909.843885 37910.344859 37910.344859 37910.344859 37912.348751 37913.741466 0 C 
 24 326 6  8 2 2 LL 1 123 +62 104 +82 1 1 3.235030 0 0 37914.753429 37915.254403 37915.254403 37915.254403 37917.258298 37920.493328 0 C 
 24 327 6  9 2 2 LL 1 100 +43 85 +23 0 0 2.640994 0 0 37921.516576 37922.017552 37922.017552 37922.017552 37924.021444 37926.662438 0 E 
 24 328 6 10 3 2 HL 1 178 -15 231 -35 1 1 3.104679 0 0 37927.678554 37928.179530 37928.179530 37928.179530 37930.183423 37933.288102 0 C 
 24 329 6 11 1 2 NL 0 131 +43 131 +63 0 1 3.034413 0 0 37934.308111 37934.809085 37934.809085 37934.809085 37936.812976 37939.847390 0 C 
 24 330 6 12 2 2 LL 1 117 +19 99 +39 1 1 3.389954 0 0 37940.870866 37941.371838 37941.371838 37941.371838 37943.375744 37946.765698 0 C 
 24 331 6 13 3 3 HH 1 96 -87 67 -27 1 1 1.756710 0 0 37947.784305 37948.285278 37948.285278 37948.285278 37950.289173 37952.045883 0 C 
 24 332 6 14 1 1 NN 0 116 +32 116 +32 0 1 1.760029 0 0 37953.061229 37953.562205 37953.562205 37953.562205 37955.566098 37957.326127 0 C 
 24 333 6 15 3 2 HL 1 136 -41 95 -21 1 1 3.460808 0 0 37958.338154 37958.839127 37958.839127 37958.839127 37960.843023 37964.303831 0 C 
 24 334 6 16 3 3 HH 1 170 +8 118 -52 1 1 1.615115 0 0 37965.318387 37965.819363 37965.819363 37965.819363 37967.823258 37969.438374 0 C 
 24 335 6 17 3 1 HN 0 146 -71 189 -71 0 1 1.108654 0 0 37970.461721 37970.962696 37970.962696 37970.962696 37972.966590 37974.075245 0 C 
 24 336 6 18 3 3 HH 1 148 +7 192 +67 1 1 1.351229 0 0 37975.087379 37975.588357 37975.588357 37975.588357 37977.592248 37978.943477 0 C 
 24 337 6 19 1 1 NN 0 143 +79 143 +79 0 1 1.270175 0 0 37979.963523 37980.464500 37980.464500 37980.464500 37982.468396 37983.738572 0 C 
 24 338 6 20 1 3 NH 0 153 +72 153 +12 0 1 1.730547 0 0 37984.756177 37985.257149 37985.257149 37985.257149 37987.261044 37988.991590 0 C 
 24 339 6 21 2 1 LN 0 143 -67 121 -67 0 1 1.928312 0 0 37990.016401 37990.517374 37990.517374 37990.517374 37992.521269 37994.449581 0 C 
 24 340 6 22 3 2 HL 1 97 -17 126 -37 1 1 3.541253 0 0 37995.460316 37995.961292 37995.961292 37995.961292 37997.965185 38001.506438 0 C 
 24 341 6 23 2 3 LH 1 74 +38 62 -22 1 1 2.754576 0 0 38002.524048 38003.025020 38003.025020 38003.025020 38005.028925 38007.783501 0 C 
 24 342 6 24 2 1 LN 0 122 +90 103 +90 0 1 3.892588 0 0 38008.802919 38009.303893 38009.303893 38009.303893 38011.307788 38015.200376 0 C 
 24 343 6 25 3 2 HL 1 125 +83 162 +63 1 1 1.455751 0 0 38016.217332 38016.718309 38016.718309 38016.718309 38018.722201 38020.177953 0 C 
 24 344 6 26 1 2 NL 0 69 -55 69 -75 0 1 3.914155 0 0 38021.193673 38021.694650 38021.694650 38021.694650 38023.698542 38027.612697 0 C 
 24 345 6 27 1 1 NN 0 109 -42 109 -42 0 1 1.359608 0 0 38028.624785 38029.125759 38029.125759 38029.125759 38031.129654 38032.489262 0 C 
 24 346 6 28 3 1 HN 0 130 -66 91 -66 0 1 1.068328 0 0 38033.500930 38034.001904 38034.001904 38034.001904 38036.005799 38037.074127 0 C 
 24 347 6 29 3 2 HL 1 64 +21 83 +41 1 1 2.076460 0 0 38038.093193 38038.594164 38038.594164 38038.594164 38040.598063 38042.674522 0 C 
 24 348 6 30 2 2 LL 1 64 +10 73 +30 1 1 1.904771 0 0 38043.687398 38044.188374 38044.188374 38044.188374 38046.192268 38048.097039 0 C 
 24 349 6 31 2 1 LN 0 154 -57 130 -57 0 1 1.058618 0 0 38049.114615 38049.615591 38049.615591 38049.615591 38051.619482 38052.678100 0 C 
 24 350 6 32 2 2 LL 1 174 +80 200 +60 1 1 1.576781 0 0 38053.690176 38054.191151 38054.191151 38054.191151 38056.195043 38057.771824 0 C 
 24 351 6 33 2 1 LN 0 173 -52 198 -52 0 1 1.018313 0 0 38058.783409 38059.284386 38059.284386 38059.284386 38061.288280 38062.306592 0 C 
 24 352 6 34 1 2 NL 0 142 -76 142 -56 1 0 5.611876 0 0 38063.325575 38063.826551 38063.826551 38063.826551 38065.830441 38071.442317 0 E 
 24 353 6 35 2 2 LL 1 136 -52 156 -32 1 1 2.126463 0 0 38072.459997 38072.960970 38072.960970 38072.960970 38074.964869 38077.091332 0 C 
 24 354 6 36 2 3 LH 1 141 +55 162 -5 1 1 2.323029 0 0 38078.104302 38078.605275 38078.605275 38078.605275 38080.609171 38082.932200 0 C 
 24 355 6 37 3 3 HH 1 57 +33 74 -27 1 1 3.292390 0 0 38083.948997 38084.449971 38084.449971 38084.449971 38086.453866 38089.746256 0 C 
 24 356 6 38 2 3 LH 1 57 -86 65 -26 1 1 4.515583 0 0 38090.762242 38091.263215 38091.263215 38091.263215 38093.267111 38097.782694 0 C 
 24 357 6 39 2 2 LL 1 123 -9 104 +11 1 1 1.930866 0 0 38098.794522 38099.295495 38099.295495 38099.295495 38101.299391 38103.230257 0 C 
 24 358 6 40 3 3 HH 1 75 +76 52 +16 1 1 5.814599 0 0 38104.255137 38104.756110 38104.756110 38104.756110 38106.760006 38112.574605 0 C 
 24 359 6 41 3 3 HH 1 106 -60 74 +0 1 1 1.285895 0 0 38113.589953 38114.090925 38114.090925 38114.090925 38116.094819 38117.380714 0 C 
 24 360 6 42 3 3 HH 1 89 -76 115 -16 1 1 1.949008 0 0 38118.399299 38118.900272 38118.900272 38118.900272 38120.904167 38122.853175 0 C 
 24 361 6 43 3 3 HH 1 173 -51 224 +9 1 1 1.704610 0 0 38123.876614 38124.377586 38124.377586 38124.377586 38126.381482 38128.086092 0 C 
 24 362 6 44 3 1 HN 0 106 +62 74 +62 0 1 1.685703 0 0 38129.103440 38129.604416 38129.604416 38129.604416 38131.608309 38133.294011 0 C 
 24 363 6 45 2 3 LH 1 88 +75 101 +15 1 1 1.253440 0 0 38134.313569 38134.814543 38134.814543 38134.814543 38136.818437 38138.071877 0 C 
 24 364 6 46 3 3 HH 1 128 +77 89 +17 1 1 1.821013 0 0 38139.089519 38139.590493 38139.590493 38139.590493 38141.594387 38143.415401 0 C 
 24 365 6 47 1 1 NN 0 133 -56 133 -56 0 1 3.309422 0 0 38144.433251 38144.934211 38144.934211 38144.934211 38146.938116 38150.247538 0 C 
 24 366 6 48 1 2 NL 0 150 -74 150 -54 0 1 2.372379 0 0 38151.263184 38151.764156 38151.764156 38151.764156 38153.768052 38156.140431 0 C 
 24 367 6 49 3 2 HL 1 145 -2 101 +18 1 1 1.823648 0 0 38157.157980 38157.658949 38157.658949 38157.658949 38159.662844 38161.486491 0 C 
 24 368 6 50 2 1 LN 0 177 -87 150 -87 0 1 1.055726 0 0 38162.501697 38163.002672 38163.002672 38163.002672 38165.006570 38166.062295 0 C 
 24 369 6 51 2 2 LL 1 131 -36 150 -56 1 1 4.608276 0 0 38167.077259 38167.578231 38167.578231 38167.578231 38169.582127 38174.190403 0 C 
 24 370 6 52 1 3 NH 0 63 +74 63 +14 0 1 3.758232 0 0 38175.209734 38175.710707 38175.710707 38175.710707 38177.714602 38181.472834 0 C 
 24 371 6 53 1 3 NH 0 163 +40 163 -20 0 1 1.451000 0 0 38182.490558 38182.991527 38182.991527 38182.991527 38184.995426 38186.446426 0 C 
 24 372 6 54 3 2 HL 1 96 +35 67 +15 1 1 2.107867 0 0 38187.466894 38187.967867 38187.967867 38187.967867 38189.971762 38192.079629 0 C 
 24 373 6 55 2 2 LL 1 178 +56 204 +76 1 1 4.259212 0 0 38193.094501 38193.595473 38193.595473 38193.595473 38195.599369 38199.858580 0 C 
 24 374 6 56 2 3 LH 1 157 +46 180 -14 1 1 2.180476 0 0 38200.876294 38201.377265 38201.377265 38201.377265 38203.381162 38205.561638 0 C 
 24 375 6 57 1 1 NN 0 87 +27 87 +27 0 1 3.262717 0 0 38206.587395 38207.088371 38207.088371 38207.088371 38209.092264 38212.354981 0 C 
 24 376 6 58 2 3 LH 1 107 +33 123 -27 0 0 2.711762 0 0 38213.367245 38213.868217 38213.868217 38213.868217 38215.872121 38218.583884 0 E 
 24 377 6 59 2 2 LL 1 173 -16 147 +4 1 1 3.123592 0 0 38219.596017 38220.096992 38220.096992 38220.096992 38222.100886 38225.224477 0 C 
 24 378 6 60 3 1 HN 0 145 +72 188 +72 0 1 2.140211 0 0 38226.242270 38226.743240 38226.743240 38226.743240 38228.747138 38230.887349 0 C 
