 46   1 0 43 2 3 LH 1 111 -43 94 +17 1 1 14.636744 0 0 5230.360423 5230.861397 5230.861397 5230.861397 5232.865292 5247.502037 0 C 
 46   2 0 44 1 1 NN 0 166 +80 166 +80 0 1 1.092169 0 0 5248.529077 5249.030048 5249.030048 5249.030048 5251.033943 5252.126112 0 C 
 46   3 0 45 1 3 NH 0 161 -59 161 +1 0 1 1.776717 0 0 5253.138035 5253.639007 5253.639007 5253.639007 5255.642902 5257.419619 0 C 
 46   4 0 46 2 3 LH 1 160 -4 136 -64 1 1 1.025178 0 0 5258.431658 5258.932633 5258.932633 5258.932633 5260.936526 5261.961705 0 C 
 46   5 0 47 2 2 LL 1 161 -36 185 -56 1 1 3.416092 0 0 5262.973821 5263.474796 5263.474796 5263.474796 5265.478690 5268.894782 0 C 
 46   6 0 48 3 1 HN 0 114 -11 79 -11 0 1 1.986215 0 0 5269.920655 5270.421631 5270.421631 5270.421631 5272.425526 5274.411741 0 C 
 46   7 0 49 3 1 HN 0 175 -16 122 -16 0 1 1.019947 0 0 5275.431369 5275.932343 5275.932343 5275.932343 5277.936239 5278.956186 0 C 
 46   8 0 50 2 1 LN 0 108 -19 124 -19 0 1 1.215027 0 0 5279.973532 5280.474506 5280.474506 5280.474506 5282.478413 5283.693440 0 C 
 46   9 0 51 2 2 LL 1 102 -75 86 -55 1 1 2.567193 0 0 5284.716087 5285.217063 5285.217063 5285.217063 5287.220954 5289.788147 0 C 
 46  10 0 52 1 2 NL 0 106 +55 106 +35 0 1 1.337738 0 0 5290.811269 5291.312241 5291.312241 5291.312241 5293.316136 5294.653874 0 C 
 46  11 0 53 3 3 HH 1 101 +44 131 -16 1 1 1.197826 0 0 5295.670712 5296.171689 5296.171689 5296.171689 5298.175587 5299.373413 0 C 
 46  12 0 54 2 2 LL 1 166 -35 141 -55 1 1 1.238199 0 0 5300.396567 5300.897541 5300.897541 5300.897541 5302.901436 5304.139635 0 C 
 46  13 0 55 3 2 HL 1 176 +84 123 +64 1 1 1.807433 0 0 5305.155819 5305.656792 5305.656792 5305.656792 5307.660687 5309.468120 0 C 
 46  14 0 56 1 1 NN 0 70 -2 70 -2 0 1 0.963889 0 0 5310.482840 5310.983814 5310.983814 5310.983814 5312.987710 5313.951598 0 C 
 46  15 0 57 2 1 LN 0 153 -44 130 -44 0 1 1.412773 0 0 5314.974906 5315.475879 5315.475879 5315.475879 5317.479775 5318.892548 0 C 
 46  16 0 58 3 1 HN 0 78 -81 101 -81 0 1 1.721030 0 0 5319.917850 5320.418825 5320.418825 5320.418825 5322.422717 5324.143747 0 C 
 46  17 0 59 1 2 NL 0 125 +86 125 +66 0 1 1.307062 0 0 5325.161376 5325.662350 5325.662350 5325.662350 5327.666244 5328.973306 0 C 
 46  18 0 60 1 1 NN 0 89 -72 89 -72 0 1 1.075446 0 0 5329.987423 5330.488396 5330.488396 5330.488396 5332.492295 5333.567740 0 C 
 46  19 1  1 1 1 NN 0 172 +11 172 +11 0 1 0.975072 0 0 5336.900864 5337.401837 5337.401837 5337.401837 5339.405731 5340.380803 0 C 
 46  20 1  2 2 2 LL 1 138 +55 117 +75 1 1 1.382433 0 0 5341.392928 5341.893904 5341.893904 5341.893904 5343.897796 5345.280229 0 C 
 46  21 1  3 2 2 LL 1 162 +41 137 +21 1 1 1.333908 0 0 5346.302472 5346.803444 5346.803444 5346.803444 5348.807340 5350.141247 0 C 
 46  22 1  4 2 1 LN 0 176 -10 149 -10 0 1 1.019649 0 0 5351.161919 5351.662895 5351.662895 5351.662895 5353.666787 5354.686435 0 C 
 46  23 1  5 2 2 LL 1 86 -48 73 -68 1 1 2.030279 0 0 5355.704080 5356.205058 5356.205058 5356.205058 5358.208949 5360.239228 0 C 
 46  24 1  6 2 3 LH 1 95 -6 109 +54 1 1 1.203198 0 0 5361.264891 5361.765865 5361.765865 5361.765865 5363.769758 5364.972957 0 C 
 46  25 1  7 2 3 LH 1 150 +9 172 +69 1 1 1.280291 0 0 5365.990744 5366.491719 5366.491719 5366.491719 5368.495610 5369.775901 0 C 
 46  26 1  8 2 2 LL 1 101 -25 116 -45 1 1 2.388851 0 0 5370.800093 5371.301066 5371.301066 5371.301066 5373.304961 5375.693813 0 C 
 46  27 1  9 2 2 LL 1 163 -60 187 -40 1 1 1.884912 0 0 5376.711587 5377.212557 5377.212557 5377.212557 5379.216452 5381.101364 0 C 
 46  28 1 10 3 3 HH 1 154 +12 107 +72 1 1 0.922442 0 0 5382.122102 5382.623075 5382.623075 5382.623075 5384.626970 5385.549412 0 C 
 46  29 1 11 3 2 HL 1 149 -10 104 -30 1 1 0.885012 0 0 5386.564071 5387.065043 5387.065043 5387.065043 5389.068939 5389.953951 0 C 
 46  30 1 12 3 1 HN 0 179 -6 232 -6 1 0 0.858066 0 0 5390.972640 5391.473613 5391.473613 5391.473613 5393.477508 5394.335575 0 E 
 46  31 1 13 1 3 NH 0 64 -37 64 +23 0 1 1.637561 0 0 5395.347811 5395.848785 5395.848785 5395.848785 5397.852677 5399.490238 0 C 
 46  32 1 14 2 1 LN 0 72 -61 61 -61 1 0 1.596837 0 0 5400.507841 5401.008817 5401.008817 5401.008817 5403.012711 5404.609547 0 E 
 46  33 1 15 3 2 HL 1 120 -29 156 -9 1 1 1.670751 0 0 5405.634477 5406.135449 5406.135449 5406.135449 5408.139354 5409.810105 0 C 
 46  34 1 16 3 2 HL 1 155 -89 201 -69 1 1 1.659828 0 0 5410.827902 5411.328876 5411.328876 5411.328876 5413.332772 5414.992600 0 C 
 46  35 1 17 2 3 LH 1 109 +66 125 +6 1 1 1.876836 0 0 5416.004634 5416.505606 5416.505606 5416.505606 5418.509502 5420.386338 0 C 
 46  36 1 18 2 3 LH 1 176 +66 202 +6 1 1 2.063304 0 0 5421.398452 5421.899427 5421.899427 5421.899427 5423.903320 5425.966624 0 C 
 46  37 1 19 2 1 LN 0 121 -22 139 -22 0 1 1.737642 0 0 5426.992660 5427.493633 5427.493633 5427.493633 5429.497528 5431.235170 0 C 
 46  38 1 20 3 1 HN 0 97 +87 67 +87 0 1 1.083157 0 0 5432.252887 5432.753860 5432.753860 5432.753860 5434.757753 5435.840911 0 C 
 46  39 1 21 3 1 HN 0 56 +75 39 +75 0 1 1.320120 0 0 5436.861843 5437.362817 5437.362817 5437.362817 5439.366711 5440.686831 0 C 
 46  40 1 22 2 2 LL 1 69 -89 79 -69 1 1 2.495859 0 0 5441.704593 5442.205564 5442.205564 5442.205564 5444.209460 5446.705319 0 C 
 46  41 1 23 3 3 HH 1 83 +22 58 +82 1 1 1.522344 0 0 5447.716276 5448.217251 5448.217251 5448.217251 5450.221146 5451.743490 0 C 
 46  42 1 24 1 2 NL 0 85 -4 85 +16 0 1 1.471551 0 0 5452.759415 5453.260391 5453.260391 5453.260391 5455.264283 5456.735833 0 C 
 46  43 1 25 2 1 LN 0 125 +14 106 +14 0 1 0.975768 0 0 5457.752454 5458.253428 5458.253428 5458.253428 5460.257322 5461.233090 0 C 
 46  44 1 26 1 3 NH 0 54 +49 54 -11 0 1 1.426762 0 0 5462.244520 5462.745493 5462.745493 5462.745493 5464.749387 5466.176149 0 C 
 46  45 1 27 3 2 HL 1 78 +35 101 +55 1 1 1.880823 0 0 5467.187460 5467.688434 5467.688434 5467.688434 5469.692330 5471.573153 0 C 
 46  46 1 28 1 3 NH 0 107 +0 107 -60 0 1 1.014029 0 0 5472.597977 5473.098952 5473.098952 5473.098952 5475.102848 5476.116877 0 C 
 46  47 1 29 1 1 NN 0 132 -2 132 -2 0 1 1.236691 0 0 5477.140142 5477.641117 5477.641117 5477.641117 5479.645011 5480.881702 0 C 
 46  48 1 30 1 3 NH 0 118 +21 118 -39 0 1 1.136279 0 0 5481.899392 5482.400366 5482.400366 5482.400366 5484.404262 5485.540542 0 C 
 46  49 1 31 3 1 HN 0 177 +28 123 +28 0 1 1.086474 0 0 5486.558450 5487.059423 5487.059423 5487.059423 5489.063322 5490.149796 0 C 
 46  50 1 32 3 3 HH 1 144 -4 187 +56 1 1 1.403629 0 0 5491.167410 5491.668383 5491.668383 5491.668383 5493.672278 5495.075907 0 C 
 46  51 1 33 1 1 NN 0 113 -62 113 -62 0 1 0.973010 0 0 5496.093653 5496.594627 5496.594627 5496.594627 5498.598521 5499.571531 0 C 
 46  52 1 34 1 1 NN 0 135 -90 135 -90 0 1 1.698467 0 0 5500.585719 5501.086693 5501.086693 5501.086693 5503.090586 5504.789053 0 C 
 46  53 1 35 1 1 NN 0 79 +0 79 +0 0 1 1.800812 0 0 5505.812544 5506.313518 5506.313518 5506.313518 5508.317413 5510.118225 0 C 
 46  54 1 36 3 3 HH 1 99 -38 69 +22 1 1 2.117162 0 0 5511.139571 5511.640543 5511.640543 5511.640543 5513.644435 5515.761598 0 C 
 46  55 1 37 1 1 NN 0 157 +40 157 +40 0 1 0.924888 0 0 5516.783873 5517.284846 5517.284846 5517.284846 5519.288739 5520.213627 0 C 
 46  56 1 38 3 3 HH 1 98 +61 68 +1 1 1 1.790873 0 0 5521.225841 5521.726816 5521.726816 5521.726816 5523.730709 5525.521582 0 C 
 46  57 1 39 3 1 HN 0 103 +54 133 +54 0 1 0.897094 0 0 5526.536164 5527.037139 5527.037139 5527.037139 5529.041034 5529.938128 0 C 
 46  58 1 40 2 2 LL 1 137 -49 157 -29 1 1 2.315280 0 0 5530.961433 5531.462405 5531.462405 5531.462405 5533.466301 5535.781581 0 C 
 46  59 1 41 2 2 LL 1 162 +40 186 +20 1 1 1.988485 0 0 5536.806128 5537.307101 5537.307101 5537.307101 5539.310996 5541.299480 0 C 
 46  60 1 42 3 2 HL 1 145 +10 101 -10 1 1 1.887685 0 0 5542.316840 5542.817812 5542.817812 5542.817812 5544.821708 5546.709393 0 C 
 46  61 1 43 3 2 HL 1 123 +42 86 +62 1 1 1.274848 0 0 5547.727361 5548.228329 5548.228329 5548.228329 5550.232226 5551.507074 0 C 
 46  62 1 44 3 2 HL 1 129 -75 90 -55 1 1 1.926942 0 0 5552.520008 5553.020984 5553.020984 5553.020984 5555.024878 5556.951820 0 C 
 46  63 1 45 2 2 LL 1 123 -23 141 -43 0 0 2.224893 0 0 5557.963924 5558.464896 5558.464896 5558.464896 5560.468790 5562.693683 0 E 
 46  64 1 46 1 2 NL 0 119 -34 119 -54 0 1 1.041869 0 0 5563.708423 5564.209400 5564.209400 5564.209400 5566.213292 5567.255161 0 C 
 46  65 1 47 1 3 NH 0 149 +49 149 -11 0 1 1.103155 0 0 5568.267286 5568.768261 5568.768261 5568.768261 5570.772163 5571.875318 0 C 
 46  66 1 48 3 3 HH 1 171 +51 222 -9 1 1 1.325810 0 0 5572.892944 5573.393917 5573.393917 5573.393917 5575.397813 5576.723623 0 C 
 46  67 1 49 3 1 HN 0 113 +37 79 +37 0 1 0.869289 0 0 5577.735691 5578.236663 5578.236663 5578.236663 5580.240560 5581.109849 0 C 
 46  68 1 50 2 1 LN 0 79 +68 90 +68 0 1 1.451894 0 0 5582.127562 5582.628535 5582.628535 5582.628535 5584.632428 5586.084322 0 C 
 46  69 1 51 2 3 LH 1 151 +76 173 +16 1 1 1.531694 0 0 5587.103900 5587.604875 5587.604875 5587.604875 5589.608770 5591.140464 0 C 
 46  70 1 52 2 1 LN 0 99 +17 84 +17 0 1 1.943655 0 0 5592.163740 5592.664711 5592.664711 5592.664711 5594.668605 5596.612261 0 C 
 46  71 1 53 2 3 LH 1 102 +85 86 +25 1 1 1.014054 0 0 5597.624353 5598.125326 5598.125326 5598.125326 5600.129221 5601.143275 0 C 
 46  72 1 54 2 3 LH 1 135 -76 155 -16 1 1 1.620876 0 0 5602.166514 5602.667491 5602.667491 5602.667491 5604.671383 5606.292259 0 C 
 46  73 1 55 1 3 NH 0 60 +45 60 -15 0 1 1.743253 0 0 5607.309847 5607.810822 5607.810822 5607.810822 5609.814715 5611.557968 0 C 
 46  74 1 56 1 3 NH 0 142 -47 142 +13 0 1 0.885849 0 0 5612.570073 5613.071045 5613.071045 5613.071045 5615.074941 5615.960790 0 C 
 46  75 1 57 2 3 LH 1 179 -19 152 +41 1 1 1.246336 0 0 5616.978643 5617.479619 5617.479619 5617.479619 5619.483511 5620.729847 0 C 
 46  76 1 58 2 3 LH 1 76 -42 64 +18 1 1 1.173316 0 0 5621.754594 5622.255566 5622.255566 5622.255566 5624.259462 5625.432778 0 C 
 46  77 1 59 3 3 HH 1 122 -48 158 +12 1 1 1.345841 0 0 5626.447053 5626.948022 5626.948022 5626.948022 5628.951916 5630.297758 0 C 
 46  78 1 60 1 3 NH 0 107 -78 107 -18 0 1 0.884443 0 0 5631.323193 5631.824167 5631.824167 5631.824167 5633.828062 5634.712505 0 C 
 46  79 2  1 1 1 NN 0 148 -2 148 -2 0 1 1.842385 0 0 5656.639074 5657.140049 5657.140049 5657.140049 5659.143941 5660.986326 0 C 
 46  80 2  2 3 1 HN 0 81 -86 56 -86 0 1 0.911882 0 0 5661.999493 5662.500466 5662.500466 5662.500466 5664.504360 5665.416243 0 C 
 46  81 2  3 3 2 HL 1 159 +13 111 +33 1 1 1.080838 0 0 5666.441461 5666.942436 5666.942436 5666.942436 5668.946328 5670.027166 0 C 
 46  82 2  4 1 2 NL 0 125 +3 125 -17 0 1 1.381250 0 0 5671.050419 5671.551393 5671.551393 5671.551393 5673.555288 5674.936538 0 C 
 46  83 2  5 1 1 NN 0 158 -90 158 -90 0 1 0.666713 0 0 5675.959965 5676.460937 5676.460937 5676.460937 5678.464832 5679.131545 0 C 
 46  84 2  6 1 2 NL 0 133 -76 133 -56 0 1 0.890194 0 0 5680.151444 5680.652420 5680.652420 5680.652420 5682.656313 5683.546507 0 C 
 46  85 2  7 3 3 HH 1 140 -20 98 -80 1 1 1.102998 0 0 5684.560015 5685.060988 5685.060988 5685.060988 5687.064884 5688.167882 0 C 
 46  86 2  8 1 2 NL 0 158 +22 158 +2 0 1 1.437110 0 0 5689.185674 5689.686646 5689.686646 5689.686646 5691.690541 5693.127652 0 C 
 46  87 2  9 3 3 HH 1 131 -28 170 -88 1 1 1.089873 0 0 5694.145315 5694.646291 5694.646291 5694.646291 5696.650183 5697.740056 0 C 
 46  88 2 10 2 1 LN 0 127 -11 146 -11 0 1 2.639407 0 0 5698.754275 5699.255244 5699.255244 5699.255244 5701.259142 5703.898549 0 C 
 46  89 2 11 3 2 HL 1 61 +18 42 -2 1 1 1.499981 0 0 5704.916253 5705.417225 5705.417225 5705.417225 5707.421121 5708.921102 0 C 
 46  90 2 12 2 3 LH 1 127 +31 107 -29 1 1 1.259044 0 0 5709.942692 5710.443661 5710.443661 5710.443661 5712.447558 5713.706602 0 C 
 46  91 2 13 2 1 LN 0 133 +80 152 +80 0 1 1.476089 0 0 5714.718641 5715.219613 5715.219613 5715.219613 5717.223509 5718.699599 0 C 
 46  92 2 14 3 1 HN 0 177 -59 230 -59 0 1 0.835838 0 0 5719.711679 5720.212653 5720.212653 5720.212653 5722.216549 5723.052387 0 C 
 46  93 2 15 2 3 LH 1 70 -55 80 +5 1 1 1.837119 0 0 5724.070153 5724.571126 5724.571126 5724.571126 5726.575021 5728.412139 0 C 
 46  94 2 16 2 1 LN 0 176 +3 202 +3 0 1 0.702329 0 0 5729.430572 5729.931546 5729.931546 5729.931546 5731.935440 5732.637769 0 C 
 46  95 2 17 1 1 NN 0 143 +17 143 +17 0 1 1.242300 0 0 5733.655451 5734.156428 5734.156428 5734.156428 5736.160321 5737.402620 0 C 
 46  96 2 18 2 2 LL 1 57 +50 48 +70 1 1 1.618712 0 0 5738.414704 5738.915680 5738.915680 5738.915680 5740.919572 5742.538284 0 C 
 46  97 2 19 3 2 HL 1 84 -83 109 -63 1 1 1.982573 0 0 5743.558037 5744.059010 5744.059010 5744.059010 5746.062904 5748.045477 0 C 
 46  98 2 20 3 1 HN 0 152 +35 197 +35 0 1 0.872285 0 0 5749.068749 5749.569721 5749.569721 5749.569721 5751.573616 5752.445902 0 C 
 46  99 2 21 3 3 HH 1 138 +3 179 +63 1 1 0.924043 0 0 5753.460619 5753.961592 5753.961592 5753.961592 5755.965486 5756.889529 0 C 
 46 100 2 22 3 2 HL 1 100 -39 70 -59 1 1 1.429090 0 0 5757.902585 5758.403558 5758.403558 5758.403558 5760.407454 5761.836544 0 C 
 46 101 2 23 1 1 NN 0 144 -57 144 -57 0 1 0.997374 0 0 5762.862228 5763.363200 5763.363200 5763.363200 5765.367096 5766.364470 0 C 
 46 102 2 24 2 1 LN 0 178 +80 151 +80 0 1 1.383443 0 0 5767.387691 5767.888668 5767.888668 5767.888668 5769.892560 5771.276003 0 C 
 46 103 2 25 3 3 HH 1 54 +17 70 -43 1 1 0.700815 0 0 5772.297235 5772.798212 5772.798212 5772.798212 5774.802102 5775.502917 0 C 
 46 104 2 26 3 1 HN 0 154 +88 107 +88 0 1 1.095308 0 0 5776.522115 5777.023091 5777.023091 5777.023091 5779.026983 5780.122291 0 C 
 46 105 2 27 3 2 HL 1 109 -82 141 -62 1 1 1.353456 0 0 5781.147774 5781.648746 5781.648746 5781.648746 5783.652642 5785.006098 0 C 
 46 106 2 28 3 2 HL 1 150 -89 105 -69 1 1 1.693186 0 0 5786.023920 5786.524892 5786.524892 5786.524892 5788.528786 5790.221972 0 C 
 46 107 2 29 1 1 NN 0 87 +72 87 +72 0 1 0.930511 0 0 5791.234047 5791.735020 5791.735020 5791.735020 5793.738915 5794.669426 0 C 
 46 108 2 30 1 1 NN 0 57 +32 57 +32 0 1 1.353602 0 0 5795.692714 5796.193686 5796.193686 5796.193686 5798.197582 5799.551185 0 C 
 46 109 2 31 3 2 HL 1 165 -87 214 -67 1 1 0.910098 0 0 5800.568860 5801.069834 5801.069834 5801.069834 5803.073729 5803.983827 0 C 
 46 110 2 32 3 1 HN 0 161 -24 112 -24 0 1 1.121541 0 0 5805.010829 5805.511803 5805.511803 5805.511803 5807.515693 5808.637234 0 C 
 46 111 2 33 3 3 HH 1 77 +37 53 -23 1 1 0.993715 0 0 5809.653185 5810.154160 5810.154160 5810.154160 5812.158054 5813.151769 0 C 
 46 112 2 34 1 2 NL 0 170 +20 170 +0 0 1 1.156290 0 0 5814.178647 5814.679622 5814.679622 5814.679622 5816.683517 5817.839808 0 C 
 46 113 2 35 2 2 LL 1 99 +14 84 +34 1 1 1.216821 0 0 5818.854404 5819.355378 5819.355378 5819.355378 5821.359274 5822.576095 0 C 
 46 114 2 36 3 2 HL 1 150 -27 105 -47 1 1 1.143498 0 0 5823.596957 5824.097930 5824.097930 5824.097930 5826.101826 5827.245323 0 C 
 46 115 2 37 3 3 HH 1 140 -33 98 +27 1 1 0.854625 0 0 5828.256015 5828.756987 5828.756987 5828.756987 5830.760883 5831.615508 0 C 
 46 116 2 38 1 2 NL 0 103 -17 103 +3 0 1 1.328221 0 0 5832.631186 5833.132159 5833.132159 5833.132159 5835.136061 5836.464282 0 C 
 46 117 2 39 3 2 HL 1 121 +40 84 +20 1 1 0.900301 0 0 5837.490633 5837.991605 5837.991605 5837.991605 5839.995500 5840.895801 0 C 
 46 118 2 40 2 2 LL 1 58 +15 49 +35 1 1 1.800218 0 0 5841.915902 5842.416874 5842.416874 5842.416874 5844.420768 5846.220987 0 C 
 46 119 2 41 1 3 NH 0 174 -54 174 +6 0 1 1.403697 0 0 5847.242923 5847.743896 5847.743896 5847.743896 5849.747789 5851.151486 0 C 
 46 120 2 42 1 3 NH 0 86 -72 86 -12 0 1 1.311711 0 0 5852.169167 5852.670139 5852.670139 5852.670139 5854.674033 5855.985744 0 C 
 46 121 2 43 3 1 HN 0 131 -83 91 -83 0 1 1.537977 0 0 5857.011915 5857.512887 5857.512887 5857.512887 5859.516786 5861.054762 0 C 
 46 122 2 44 3 2 HL 1 77 -51 100 -31 1 1 1.392448 0 0 5862.071749 5862.572722 5862.572722 5862.572722 5864.576626 5865.969074 0 C 
 46 123 2 45 2 2 LL 1 87 +90 73 +70 1 1 1.086446 0 0 5866.981293 5867.482266 5867.482266 5867.482266 5869.486162 5870.572608 0 C 
 46 124 2 46 3 2 HL 1 148 +6 103 -14 1 1 0.978431 0 0 5871.590253 5872.091225 5872.091225 5872.091225 5874.095121 5875.073552 0 C 
 46 125 2 47 2 1 LN 0 117 -46 134 -46 0 1 1.108680 0 0 5876.099016 5876.599990 5876.599990 5876.599990 5878.603886 5879.712566 0 C 
 46 126 2 48 2 2 LL 1 92 +65 105 +85 1 1 1.314606 0 0 5880.724673 5881.225646 5881.225646 5881.225646 5883.229544 5884.544150 0 C 
 46 127 2 49 2 2 LL 1 82 -79 69 -59 1 1 1.173489 0 0 5885.567422 5886.068399 5886.068399 5886.068399 5888.072291 5889.245779 0 C 
 46 128 2 50 3 2 HL 1 69 +83 89 +63 1 1 1.186648 0 0 5890.259878 5890.760851 5890.760851 5890.760851 5892.764746 5893.951394 0 C 
 46 129 2 51 2 2 LL 1 120 -79 102 -59 1 1 1.709900 0 0 5894.969029 5895.470005 5895.470005 5895.470005 5897.473900 5899.183800 0 C 
 46 130 2 52 2 2 LL 1 179 -2 205 -22 1 1 2.177531 0 0 5900.195860 5900.696832 5900.696832 5900.696832 5902.700728 5904.878259 0 C 
 46 131 2 53 2 3 LH 1 138 -39 117 +21 1 1 1.286631 0 0 5905.890263 5906.391235 5906.391235 5906.391235 5908.395130 5909.681761 0 C 
 46 132 2 54 2 2 LL 1 68 +19 78 +39 1 1 1.612516 0 0 5910.699611 5911.200586 5911.200586 5911.200586 5913.204479 5914.816995 0 C 
 46 133 2 55 3 2 HL 1 60 +24 78 +4 1 1 1.364902 0 0 5915.842944 5916.343916 5916.343916 5916.343916 5918.347810 5919.712713 0 C 
 46 134 2 56 1 2 NL 0 133 -53 133 -33 0 1 1.851024 0 0 5920.735787 5921.236760 5921.236760 5921.236760 5923.240656 5925.091680 0 C 
 46 135 2 57 3 3 HH 1 69 +22 89 -38 1 1 1.001633 0 0 5926.112905 5926.613880 5926.613880 5926.613880 5928.617774 5929.619407 0 C 
 46 136 2 58 1 2 NL 0 100 -68 100 -48 0 1 1.737604 0 0 5930.638371 5931.139346 5931.139346 5931.139346 5933.143238 5934.880842 0 C 
 46 137 2 59 1 3 NH 0 98 +23 98 +83 1 0 2.255340 0 0 5935.898595 5936.399568 5936.399568 5936.399568 5938.403466 5940.658806 0 E 
 46 138 2 60 3 2 HL 1 136 -26 176 -6 1 1 1.534445 0 0 5941.676495 5942.177467 5942.177467 5942.177467 5944.181362 5945.715808 0 C 
 46 139 3  1 1 2 NL 0 147 -3 147 +17 0 1 0.844543 0 0 5960.763599 5961.264572 5961.264572 5961.264572 5963.268463 5964.113006 0 C 
 46 140 3  2 1 3 NH 0 179 +89 179 +29 0 1 1.080904 0 0 5965.138770 5965.639745 5965.639745 5965.639745 5967.643637 5968.724541 0 C 
 46 141 3  3 3 1 HN 0 170 -32 118 -32 1 0 0.629812 0 0 5969.747729 5970.248702 5970.248702 5970.248702 5972.252596 5972.882408 0 E 
 46 142 3  4 3 2 HL 1 160 -65 112 -45 1 1 1.496882 0 0 5973.905812 5974.406785 5974.406785 5974.406785 5976.410680 5977.907562 0 C 
 46 143 3  5 3 1 HN 0 125 -7 87 -7 0 1 1.206605 0 0 5978.932250 5979.433222 5979.433222 5979.433222 5981.437117 5982.643721 0 C 
 46 144 3  6 2 2 LL 1 175 -23 201 -43 1 1 2.578234 0 0 5983.658103 5984.159078 5984.159078 5984.159078 5986.162971 5988.741206 0 C 
 46 145 3  7 1 2 NL 0 109 -1 109 +19 0 1 2.049471 0 0 5989.753283 5990.254257 5990.254257 5990.254257 5992.258153 5994.307624 0 C 
 46 146 3  8 3 2 HL 1 147 -15 191 +5 1 1 1.125498 0 0 5995.330792 5995.831770 5995.831770 5995.831770 5997.835661 5998.961159 0 C 
 46 147 3  9 3 2 HL 1 92 +52 119 +72 1 1 1.127658 0 0 5999.973152 6000.474127 6000.474127 6000.474127 6002.478019 6003.605677 0 C 
 46 148 3 10 1 2 NL 0 134 -5 134 +15 0 1 1.812326 0 0 6004.632208 6005.133182 6005.133182 6005.133182 6007.137077 6008.949402 0 C 
 46 149 3 11 3 3 HH 1 134 -69 174 -9 1 1 0.789575 0 0 6009.975928 6010.476902 6010.476902 6010.476902 6012.480796 6013.270371 0 C 
 46 150 3 12 2 3 LH 1 85 +54 72 -6 1 1 1.662904 0 0 6014.284304 6014.785277 6014.785277 6014.785277 6016.789172 6018.452076 0 C 
 46 151 3 13 3 3 HH 1 137 +12 95 +72 1 1 1.604384 0 0 6019.477733 6019.978706 6019.978706 6019.978706 6021.982601 6023.586985 0 C 
 46 152 3 14 1 3 NH 0 141 +43 141 -17 0 1 1.037656 0 0 6024.604365 6025.105339 6025.105339 6025.105339 6027.109234 6028.146890 0 C 
 46 153 3 15 2 1 LN 0 175 -71 148 -71 0 1 2.338842 0 0 6029.163226 6029.664200 6029.664200 6029.664200 6031.668095 6034.006937 0 C 
 46 154 3 16 1 2 NL 0 159 +4 159 -16 0 1 0.841496 0 0 6035.024620 6035.525593 6035.525593 6035.525593 6037.529490 6038.370986 0 C 
 46 155 3 17 1 3 NH 0 96 -14 96 -74 0 1 1.014036 0 0 6039.383093 6039.884069 6039.884069 6039.884069 6041.887962 6042.901998 0 C 
 46 156 3 18 3 1 HN 0 122 +71 158 +71 0 1 1.047396 0 0 6043.925257 6044.426231 6044.426231 6044.426231 6046.430125 6047.477520 0 C 
 46 157 3 19 3 1 HN 0 85 -18 110 -18 1 0 2.712814 0 0 6048.500818 6049.001790 6049.001790 6049.001790 6051.005686 6053.718501 0 E 
 46 158 3 20 3 1 HN 0 87 -73 113 -73 0 1 1.153994 0 0 6054.729594 6055.230568 6055.230568 6055.230568 6057.234461 6058.388455 0 C 
 46 159 3 21 3 1 HN 0 115 +41 80 +41 0 1 0.988902 0 0 6059.405349 6059.906320 6059.906320 6059.906320 6061.910217 6062.899118 0 C 
 46 160 3 22 1 1 NN 0 135 +48 135 +48 0 1 0.528551 0 0 6063.914113 6064.415088 6064.415088 6064.415088 6066.418982 6066.947534 0 C 
 46 161 3 23 3 3 HH 1 133 +28 172 +88 1 1 2.343654 0 0 6067.972002 6068.472975 6068.472975 6068.472975 6070.476870 6072.820524 0 C 
 46 162 3 24 2 1 LN 0 106 +24 121 +24 0 1 1.078248 0 0 6073.833396 6074.334368 6074.334368 6074.334368 6076.338264 6077.416512 0 C 
 46 163 3 25 2 1 LN 0 76 -47 64 -47 0 1 0.932303 0 0 6078.442355 6078.943328 6078.943328 6078.943328 6080.947223 6081.879526 0 C 
 46 164 3 26 1 2 NL 0 83 +23 83 +3 0 1 1.320518 0 0 6082.901022 6083.401995 6083.401995 6083.401995 6085.405891 6086.726408 0 C 
 46 165 3 27 3 3 HH 1 66 +36 46 -24 1 1 1.327316 0 0 6087.743769 6088.244741 6088.244741 6088.244741 6090.248638 6091.575954 0 C 
 46 166 3 28 3 3 HH 1 61 +48 42 -12 1 1 1.587370 0 0 6092.586516 6093.087490 6093.087490 6093.087490 6095.091385 6096.678755 0 C 
 46 167 3 29 2 3 LH 1 129 +26 109 -34 1 1 1.069666 0 0 6097.696451 6098.197425 6098.197425 6098.197425 6100.201325 6101.270991 0 C 
 46 168 3 30 3 3 HH 1 64 +3 83 -57 1 1 1.647902 0 0 6102.288710 6102.789687 6102.789687 6102.789687 6104.793578 6106.441480 0 C 
 46 169 3 31 2 2 LL 1 54 -62 62 -82 1 1 1.619377 0 0 6107.465439 6107.966413 6107.966413 6107.966413 6109.970308 6111.589685 0 C 
 46 170 3 32 1 1 NN 0 122 +4 122 +4 0 1 1.278137 0 0 6112.608771 6113.109744 6113.109744 6113.109744 6115.113640 6116.391777 0 C 
 46 171 3 33 2 2 LL 1 103 -71 87 -51 1 1 1.795762 0 0 6117.418122 6117.919094 6117.919094 6117.919094 6119.922989 6121.718751 0 C 
 46 172 3 34 2 3 LH 1 72 +15 61 +75 1 1 2.343120 0 0 6122.745143 6123.246115 6123.246115 6123.246115 6125.250011 6127.593132 0 C 
 46 173 3 35 2 2 LL 1 73 +47 83 +67 1 1 2.910836 0 0 6128.606537 6129.107509 6129.107509 6129.107509 6131.111405 6134.022241 0 C 
 46 174 3 36 1 3 NH 0 136 -27 136 -87 0 1 0.869088 0 0 6135.035700 6135.536677 6135.536677 6135.536677 6137.540569 6138.409656 0 C 
 46 175 3 37 3 3 HH 1 114 -76 79 -16 1 1 1.609599 0 0 6139.427572 6139.928547 6139.928547 6139.928547 6141.932439 6143.542038 0 C 
 46 176 3 38 3 1 HN 0 61 -55 42 -55 0 1 1.218699 0 0 6144.554204 6145.055176 6145.055176 6145.055176 6147.059073 6148.277772 0 C 
 46 177 3 39 1 3 NH 0 77 +60 77 +0 0 1 1.103133 0 0 6149.296757 6149.797729 6149.797729 6149.797729 6151.801624 6152.904758 0 C 
 46 178 3 40 3 3 HH 1 179 +86 232 +26 1 1 1.596900 0 0 6153.922416 6154.423390 6154.423390 6154.423390 6156.427287 6158.024188 0 C 
 46 179 3 41 2 2 LL 1 180 +79 153 +59 1 1 1.782193 0 0 6159.049047 6159.550023 6159.550023 6159.550023 6161.553915 6163.336107 0 C 
 46 180 3 42 3 2 HL 1 136 +23 176 +43 1 1 1.240470 0 0 6164.359370 6164.860343 6164.860343 6164.860343 6166.864239 6168.104709 0 C 
 46 181 3 43 2 1 LN 0 56 +88 64 +88 1 0 1.887930 0 0 6169.118621 6169.619596 6169.619596 6169.619596 6171.623490 6173.511420 0 E 
 46 182 3 44 3 3 HH 1 117 +74 81 +14 1 1 1.025088 0 0 6174.529139 6175.030114 6175.030114 6175.030114 6177.034008 6178.059096 0 C 
 46 183 3 45 3 1 HN 0 162 +28 210 +28 0 1 1.920647 0 0 6179.071302 6179.572276 6179.572276 6179.572276 6181.576169 6183.496816 0 C 
 46 184 3 46 2 1 LN 0 160 -17 136 -17 0 1 2.078769 0 0 6184.515219 6185.016191 6185.016191 6185.016191 6187.020086 6189.098854 0 C 
 46 185 3 47 2 2 LL 1 124 +5 105 -15 1 1 1.297947 0 0 6190.109426 6190.610400 6190.610400 6190.610400 6192.614295 6193.912242 0 C 
 46 186 3 48 3 3 HH 1 127 +34 88 -26 1 1 1.943575 0 0 6194.935476 6195.436447 6195.436447 6195.436447 6197.440342 6199.383918 0 C 
 46 187 3 49 3 3 HH 1 95 +14 66 +74 1 1 0.963977 0 0 6200.396087 6200.897061 6200.897061 6200.897061 6202.900958 6203.864934 0 C 
 46 188 3 50 1 2 NL 0 157 +27 157 +7 0 1 1.080820 0 0 6204.888155 6205.389131 6205.389131 6205.389131 6207.393023 6208.473843 0 C 
 46 189 3 51 1 1 NN 0 169 -80 169 -80 0 1 1.158766 0 0 6209.497115 6209.998088 6209.998088 6209.998088 6212.001982 6213.160748 0 C 
 46 190 3 52 3 1 HN 0 136 +25 95 +25 0 1 2.036483 0 0 6214.172871 6214.673843 6214.673843 6214.673843 6216.677738 6218.714222 0 C 
 46 191 3 53 3 3 HH 1 128 +67 166 +7 1 1 2.973473 0 0 6219.733681 6220.234654 6220.234654 6220.234654 6222.238548 6225.212021 0 C 
 46 192 3 54 2 3 LH 1 175 +14 201 +74 1 1 3.212788 0 0 6226.229641 6226.730614 6226.730614 6226.730614 6228.734509 6231.947297 0 C 
 46 193 3 55 2 3 LH 1 166 -21 190 -81 1 1 1.219951 0 0 6232.959388 6233.460364 6233.460364 6233.460364 6235.464258 6236.684209 0 C 
 46 194 3 56 3 1 HN 0 126 -23 163 -23 0 1 1.403767 0 0 6237.701943 6238.202914 6238.202914 6238.202914 6240.206819 6241.610587 0 C 
 46 195 3 57 1 2 NL 0 152 +26 152 +46 0 1 4.638450 0 0 6242.628185 6243.129158 6243.129158 6243.129158 6245.133053 6249.771502 0 C 
 46 196 3 58 1 1 NN 0 82 +12 82 +12 0 1 1.032965 0 0 6250.794058 6251.295031 6251.295031 6251.295031 6253.298927 6254.331892 0 C 
 46 197 3 59 3 3 HH 1 111 +1 144 +61 1 1 1.098279 0 0 6255.352919 6255.853895 6255.853895 6255.853895 6257.857791 6258.956070 0 C 
 46 198 3 60 2 2 LL 1 72 -25 61 -45 1 1 3.112554 0 0 6259.978580 6260.479553 6260.479553 6260.479553 6262.483448 6265.596002 0 C 
 46 199 4  1 2 3 LH 1 160 -90 136 -30 1 1 0.760049 0 0 6271.834959 6272.335933 6272.335933 6272.335933 6274.339829 6275.099877 0 C 
 46 200 4  2 1 1 NN 0 78 -12 78 -12 0 1 1.061183 0 0 6276.126635 6276.627609 6276.627609 6276.627609 6278.631508 6279.692691 0 C 
 46 201 4  3 3 3 HH 1 150 +60 105 +0 1 1 0.628583 0 0 6280.718897 6281.219869 6281.219869 6281.219869 6283.223766 6283.852349 0 C 
 46 202 4  4 3 1 HN 0 73 +24 51 +24 1 0 2.105079 0 0 6284.876980 6285.377955 6285.377955 6285.377955 6287.381848 6289.486927 0 E 
 46 203 4  5 1 3 NH 0 98 +17 98 +77 0 1 0.668942 0 0 6290.504586 6291.005560 6291.005560 6291.005560 6293.009454 6293.678396 0 C 
 46 204 4  6 2 1 LN 0 106 +36 90 +36 1 0 1.470450 0 0 6294.696065 6295.197040 6295.197040 6295.197040 6297.200935 6298.671386 0 E 
 46 205 4  7 3 3 HH 1 90 -13 117 -73 1 1 1.371760 0 0 6299.689106 6300.190079 6300.190079 6300.190079 6302.193975 6303.565735 0 C 
 46 206 4  8 1 1 NN 0 93 +42 93 +42 0 1 1.020553 0 0 6304.581950 6305.082924 6305.082924 6305.082924 6307.086819 6308.107373 0 C 
 46 207 4  9 2 3 LH 1 148 -23 170 -83 1 1 1.041871 0 0 6309.124114 6309.625088 6309.625088 6309.625088 6311.628981 6312.670852 0 C 
 46 208 4 10 2 3 LH 1 130 -69 110 -9 1 1 1.585996 0 0 6313.682975 6314.183953 6314.183953 6314.183953 6316.187844 6317.773840 0 C 
 46 209 4 11 3 1 HN 0 117 +4 81 +4 1 0 1.225591 0 0 6318.792909 6319.293882 6319.293882 6319.293882 6321.297777 6322.523368 0 E 
 46 210 4 12 3 2 HL 1 102 -64 71 -44 1 1 1.845462 0 0 6323.535461 6324.036438 6324.036438 6324.036438 6326.040329 6327.885791 0 C 
 46 211 4 13 2 1 LN 0 153 -13 130 -13 0 1 1.125371 0 0 6328.912580 6329.413554 6329.413554 6329.413554 6331.417447 6332.542817 0 C 
 46 212 4 14 3 1 HN 0 123 +60 159 +60 0 1 0.897207 0 0 6333.554938 6334.055914 6334.055914 6334.055914 6336.059807 6336.957015 0 C 
 46 213 4 15 1 2 NL 0 134 -19 134 -39 0 1 1.754454 0 0 6337.980211 6338.481184 6338.481184 6338.481184 6340.485075 6342.239529 0 C 
 46 214 4 16 1 1 NN 0 71 -80 71 -80 0 1 0.908300 0 0 6343.257132 6343.758106 6343.758106 6343.758106 6345.762000 6346.670300 0 C 
 46 215 4 17 2 2 LL 1 142 +63 120 +43 1 1 1.365429 0 0 6347.682400 6348.183374 6348.183374 6348.183374 6350.187269 6351.552698 0 C 
 46 216 4 18 2 1 LN 0 65 -11 55 -11 0 1 1.593831 0 0 6352.575245 6353.076222 6353.076222 6353.076222 6355.080114 6356.673944 0 C 
 46 217 4 19 3 1 HN 0 91 -19 63 -19 0 1 1.204114 0 0 6357.685179 6358.186151 6358.186151 6358.186151 6360.190047 6361.394161 0 C 
 46 218 4 20 2 1 LN 0 64 +38 54 +38 0 1 0.793812 0 0 6362.411033 6362.912005 6362.912005 6362.912005 6364.915901 6365.709713 0 C 
 46 219 4 21 1 3 NH 0 111 +11 111 +71 0 1 0.951734 0 0 6366.736107 6367.237079 6367.237079 6367.237079 6369.240975 6370.192709 0 C 
 46 220 4 22 2 2 LL 1 151 -60 128 -40 1 1 1.372498 0 0 6371.211473 6371.712446 6371.712446 6371.712446 6373.716341 6375.088839 0 C 
 46 221 4 23 3 3 HH 1 75 -88 52 -28 1 1 1.217505 0 0 6376.104318 6376.605292 6376.605292 6376.605292 6378.609186 6379.826690 0 C 
 46 222 4 24 3 2 HL 1 94 +20 65 +40 1 1 1.353595 0 0 6380.846870 6381.347843 6381.347843 6381.347843 6383.351739 6384.705334 0 C 
 46 223 4 25 2 1 LN 0 98 -22 112 -22 0 1 1.020760 0 0 6385.723016 6386.223988 6386.223988 6386.223988 6388.227885 6389.248646 0 C 
 46 224 4 26 3 1 HN 0 112 +80 145 +80 0 1 1.470750 0 0 6390.265179 6390.766155 6390.766155 6390.766155 6392.770046 6394.240796 0 C 
 46 225 4 27 2 3 LH 1 121 +39 139 -21 1 1 1.486952 0 0 6395.258218 6395.759194 6395.759194 6395.759194 6397.763086 6399.250038 0 C 
 46 226 4 28 3 3 HH 1 171 -12 119 +48 1 1 1.566008 0 0 6400.267957 6400.768929 6400.768929 6400.768929 6402.772825 6404.338833 0 C 
 46 227 4 29 2 1 LN 0 122 +11 140 +11 0 1 1.064105 0 0 6405.361191 6405.862166 6405.862166 6405.862166 6407.866059 6408.930163 0 C 
 46 228 4 30 1 3 NH 0 108 -58 108 +2 0 1 1.047452 0 0 6409.953450 6410.454424 6410.454424 6410.454424 6412.458320 6413.505771 0 C 
 46 229 4 31 1 3 NH 0 116 -70 116 -10 0 1 1.047420 0 0 6414.529013 6415.029984 6415.029984 6415.029984 6417.033880 6418.081299 0 C 
 46 230 4 32 1 3 NH 0 74 +84 74 +24 0 1 1.398139 0 0 6419.104572 6419.605546 6419.605546 6419.605546 6421.609441 6423.007580 0 C 
 46 231 4 33 2 2 LL 1 81 +84 93 +64 0 0 0.908267 0 0 6424.030816 6424.531789 6424.531789 6424.531789 6426.535682 6427.443949 0 E 
 46 232 4 34 1 1 NN 0 117 +10 117 +10 0 1 0.674514 0 0 6428.456086 6428.957058 6428.957058 6428.957058 6430.960953 6431.635468 0 C 
 46 233 4 35 1 2 NL 0 76 +86 76 +66 0 1 1.730257 0 0 6432.647566 6433.148537 6433.148537 6433.148537 6435.152438 6436.882695 0 C 
 46 234 4 36 3 3 HH 1 170 -59 118 +1 1 1 3.207121 0 0 6437.907792 6438.408764 6438.408764 6438.408764 6440.412660 6443.619781 0 C 
 46 235 4 37 1 2 NL 0 125 +38 125 +58 0 1 3.118260 0 0 6444.637540 6445.138514 6445.138514 6445.138514 6447.142408 6450.260668 0 C 
 46 236 4 38 1 2 NL 0 172 +33 172 +53 0 1 1.175552 0 0 6451.283793 6451.784772 6451.784772 6451.784772 6453.788662 6454.964214 0 C 
 46 237 4 39 1 1 NN 0 133 +40 133 +40 0 1 1.631800 0 0 6455.976248 6456.477221 6456.477221 6456.477221 6458.481117 6460.112917 0 C 
 46 238 4 40 2 1 LN 0 153 +72 130 +72 1 0 2.600466 0 0 6461.136280 6461.637250 6461.637250 6461.637250 6463.641147 6466.241613 0 E 
 46 239 4 41 3 3 HH 1 115 +48 149 -12 1 1 3.334991 0 0 6467.264859 6467.765836 6467.765836 6467.765836 6469.769727 6473.104718 0 C 
 46 240 4 42 3 3 HH 1 79 +37 102 -23 1 1 1.932378 0 0 6474.128200 6474.629173 6474.629173 6474.629173 6476.633069 6478.565447 0 C 
 46 241 4 43 3 2 HL 1 156 -13 109 +7 1 1 3.396338 0 0 6479.588815 6480.089791 6480.089791 6480.089791 6482.093683 6485.490021 0 C 
 46 242 4 44 1 1 NN 0 149 -52 149 -52 0 1 4.644758 0 0 6486.502255 6487.003232 6487.003232 6487.003232 6489.007123 6493.651881 0 C 
 46 243 4 45 3 2 HL 1 100 -70 70 -90 1 1 1.856062 0 0 6494.668129 6495.169102 6495.169102 6495.169102 6497.172997 6499.029059 0 C 
 46 244 4 46 3 2 HL 1 153 -77 107 -57 1 1 1.487091 0 0 6500.045249 6500.546221 6500.546221 6500.546221 6502.550116 6504.037207 0 C 
 46 245 4 47 2 1 LN 0 81 -57 93 -57 0 1 10.604651 0 0 6505.054987 6505.555963 6505.555963 6505.555963 6507.559854 6518.164505 0 C 
 46 246 4 48 1 1 NN 0 91 -50 91 -50 0 1 2.847734 0 0 6519.182449 6519.683425 6519.683425 6519.683425 6521.687318 6524.535051 0 C 
 46 247 4 49 1 1 NN 0 137 +37 137 +37 0 1 2.016111 0 0 6525.561517 6526.062493 6526.062493 6526.062493 6528.066385 6530.082496 0 C 
 46 248 4 50 2 2 LL 1 119 +25 101 +45 1 1 1.565016 0 0 6531.105626 6531.606602 6531.606602 6531.606602 6533.610494 6535.175510 0 C 
 46 249 4 51 2 3 LH 1 126 +25 107 +85 1 1 1.204959 0 0 6536.198860 6536.699834 6536.699834 6536.699834 6538.703729 6539.908687 0 C 
 46 250 4 52 3 1 HN 0 136 +72 176 +72 0 1 1.440700 0 0 6540.924715 6541.425687 6541.425687 6541.425687 6543.429586 6544.870286 0 C 
 46 251 4 53 1 1 NN 0 85 +63 85 +63 0 1 0.607605 0 0 6545.884355 6546.385328 6546.385328 6546.385328 6548.389224 6548.996829 0 C 
 46 252 4 54 2 2 LL 1 79 -80 90 -60 1 1 1.313495 0 0 6550.009040 6550.510013 6550.510013 6550.510013 6552.513910 6553.827406 0 C 
 46 253 4 55 2 2 LL 1 72 +26 61 +46 1 1 1.163599 0 0 6554.851788 6555.352760 6555.352760 6555.352760 6557.356655 6558.520255 0 C 
 46 254 4 56 3 2 HL 1 159 +49 206 +69 1 1 1.650908 0 0 6559.544243 6560.045215 6560.045215 6560.045215 6562.049108 6563.700016 0 C 
 46 255 4 57 1 2 NL 0 91 +53 91 +33 0 1 1.231058 0 0 6564.720972 6565.221947 6565.221947 6565.221947 6567.225839 6568.456897 0 C 
 46 256 4 58 1 1 NN 0 64 -82 64 -82 0 1 0.999757 0 0 6569.480224 6569.981198 6569.981198 6569.981198 6571.985092 6572.984850 0 C 
 46 257 4 59 1 3 NH 0 93 -9 93 +51 0 1 1.542872 0 0 6574.005690 6574.506660 6574.506660 6574.506660 6576.510556 6578.053428 0 C 
 46 258 4 60 1 2 NL 0 130 +24 130 +44 0 1 0.660680 0 0 6579.065524 6579.566496 6579.566496 6579.566496 6581.570392 6582.231072 0 C 
 46 259 5  1 1 2 NL 0 120 -58 120 -78 0 1 0.806762 0 0 6585.828673 6586.329643 6586.329643 6586.329643 6588.333538 6589.140300 0 C 
 46 260 5  2 1 2 NL 0 170 -42 170 -22 0 1 0.788573 0 0 6590.153745 6590.654720 6590.654720 6590.654720 6592.658613 6593.447186 0 C 
 46 261 5  3 3 2 HL 1 178 -52 124 -32 0 0 1.773821 0 0 6594.462119 6594.963095 6594.963095 6594.963095 6596.966988 6598.740810 0 E 
 46 262 5  4 2 3 LH 1 124 +2 105 -58 1 1 1.631873 0 0 6599.755743 6600.256718 6600.256718 6600.256718 6602.260610 6603.892483 0 C 
 46 263 5  5 1 2 NL 0 150 -67 150 -47 0 1 0.987470 0 0 6604.915775 6605.416751 6605.416751 6605.416751 6607.420644 6608.408114 0 C 
 46 264 5  6 3 2 HL 1 70 +56 91 +76 1 1 2.316391 0 0 6609.424539 6609.925510 6609.925510 6609.925510 6611.929407 6614.245798 0 C 
 46 265 5  7 1 3 NH 0 103 +46 103 -14 0 1 1.128281 0 0 6615.269234 6615.770207 6615.770207 6615.770207 6617.774099 6618.902380 0 C 
 46 266 5  8 1 1 NN 0 89 +75 89 +75 0 1 1.080879 0 0 6619.928290 6620.429263 6620.429263 6620.429263 6622.433159 6623.514038 0 C 
 46 267 5  9 1 3 NH 0 158 -76 158 -16 0 1 0.950373 0 0 6624.537249 6625.038224 6625.038224 6625.038224 6627.042118 6627.992491 0 C 
 46 268 5 10 2 2 LL 1 163 +58 187 +38 1 1 1.370157 0 0 6629.012616 6629.513592 6629.513592 6629.513592 6631.517486 6632.887643 0 C 
 46 269 5 11 2 3 LH 1 68 +69 78 +9 1 1 1.005572 0 0 6633.905461 6634.406437 6634.406437 6634.406437 6636.410328 6637.415900 0 C 
 46 270 5 12 3 1 HN 0 152 -4 197 -4 0 1 1.167555 0 0 6638.430925 6638.931900 6638.931900 6638.931900 6640.935793 6642.103348 0 C 
 46 271 5 13 2 3 LH 1 90 +46 103 -14 1 1 4.012743 0 0 6643.123378 6643.624352 6643.624352 6643.624352 6645.628248 6649.640991 0 C 
 46 272 5 14 2 2 LL 1 142 +51 163 +31 1 1 2.432837 0 0 6650.654687 6651.155661 6651.155661 6651.155661 6653.159555 6655.592392 0 C 
 46 273 5 15 3 1 HN 0 142 +48 99 +48 0 1 0.858249 0 0 6656.616276 6657.117249 6657.117249 6657.117249 6659.121152 6659.979402 0 C 
 46 274 5 16 3 3 HH 1 163 +66 211 +6 1 1 1.199372 0 0 6660.991446 6661.492417 6661.492417 6661.492417 6663.496315 6664.695687 0 C 
 46 275 5 17 3 2 HL 1 97 +74 126 +54 1 1 2.555930 0 0 6665.717301 6666.218279 6666.218279 6666.218279 6668.222168 6670.778098 0 C 
 46 276 5 18 3 3 HH 1 173 +36 121 -24 1 1 1.050881 0 0 6671.795783 6672.296755 6672.296755 6672.296755 6674.300652 6675.351533 0 C 
 46 277 5 19 1 1 NN 0 72 -9 72 -9 0 1 1.023717 0 0 6676.371343 6676.872316 6676.872316 6676.872316 6678.876210 6679.899927 0 C 
 46 278 5 20 2 3 LH 1 152 +43 129 -17 1 1 0.973806 0 0 6680.913507 6681.414479 6681.414479 6681.414479 6683.418375 6684.392180 0 C 
 46 279 5 21 1 2 NL 0 119 -78 119 -58 0 1 1.701784 0 0 6685.405577 6685.906545 6685.906545 6685.906545 6687.910440 6689.612225 0 C 
 46 280 5 22 2 3 LH 1 114 +7 96 -53 1 1 1.094205 0 0 6690.632400 6691.133372 6691.133372 6691.133372 6693.137268 6694.231473 0 C 
 46 281 5 23 2 1 LN 0 67 +11 77 +11 1 0 2.071526 0 0 6695.258058 6695.759031 6695.759031 6695.759031 6697.762927 6699.834452 0 E 
 46 282 5 24 1 1 NN 0 114 -88 114 -88 0 1 1.099093 0 0 6700.852269 6701.353241 6701.353241 6701.353241 6703.357135 6704.456228 0 C 
 46 283 5 25 3 3 HH 1 138 -65 96 -5 1 1 1.545511 0 0 6705.477925 6705.978901 6705.978901 6705.978901 6707.982793 6709.528304 0 C 
 46 284 5 26 3 2 HL 1 122 +6 85 +26 1 1 2.438975 0 0 6710.554460 6711.055435 6711.055435 6711.055435 6713.059337 6715.498312 0 C 
 46 285 5 27 1 2 NL 0 67 -63 67 -43 0 1 2.989949 0 0 6716.516050 6717.017022 6717.017022 6717.017022 6719.020918 6722.010866 0 C 
 46 286 5 28 1 2 NL 0 150 -64 150 -44 0 1 0.684621 0 0 6723.028707 6723.529681 6723.529681 6723.529681 6725.533577 6726.218198 0 C 
 46 287 5 29 1 3 NH 0 120 +51 120 -9 0 1 2.606032 0 0 6727.236888 6727.737862 6727.737862 6727.737862 6729.741757 6732.347789 0 C 
 46 288 5 30 3 2 HL 1 110 +73 77 +53 1 1 6.123947 0 0 6733.365470 6733.866442 6733.866442 6733.866442 6735.870337 6741.994284 0 C 
 46 289 5 31 1 3 NH 0 157 +90 157 +30 0 1 2.119666 0 0 6743.017565 6743.518538 6743.518538 6743.518538 6745.522433 6747.642100 0 C 
 46 290 5 32 2 2 LL 1 164 +70 188 +50 1 1 3.133340 0 0 6748.661871 6749.162844 6749.162844 6749.162844 6751.166739 6754.300079 0 C 
 46 291 5 33 3 2 HL 1 128 +72 166 +52 1 1 3.257339 0 0 6755.324824 6755.825796 6755.825796 6755.825796 6757.829691 6761.087030 0 C 
 46 292 5 34 3 2 HL 1 115 +35 149 +15 1 1 2.505822 0 0 6762.104669 6762.605645 6762.605645 6762.605645 6764.609537 6767.115360 0 C 
 46 293 5 35 3 3 HH 1 128 -75 89 -15 1 1 1.837835 0 0 6768.133055 6768.634027 6768.634027 6768.634027 6770.637921 6772.475756 0 C 
 46 294 5 36 3 3 HH 1 58 +29 40 +89 1 1 1.420129 0 0 6773.493474 6773.994449 6773.994449 6773.994449 6775.998343 6777.418472 0 C 
 46 295 5 37 2 1 LN 0 66 -51 75 -51 0 1 1.233749 0 0 6778.436417 6778.937392 6778.937392 6778.937392 6780.941286 6782.175035 0 C 
 46 296 5 38 1 3 NH 0 58 -33 58 +27 0 1 2.873040 0 0 6783.195668 6783.696641 6783.696641 6783.696641 6785.700536 6788.573577 0 C 
 46 297 5 39 3 2 HL 1 67 +56 46 +36 1 1 0.925041 0 0 6789.591433 6790.092407 6790.092407 6790.092407 6792.096302 6793.021343 0 C 
 46 298 5 40 3 1 HN 0 96 +30 67 +30 0 1 0.980684 0 0 6794.033403 6794.534375 6794.534375 6794.534375 6796.538271 6797.518955 0 C 
 46 299 5 41 1 1 NN 0 180 +3 180 +3 0 1 1.159777 0 0 6798.542167 6799.043140 6799.043140 6799.043140 6801.047035 6802.206812 0 C 
 46 300 5 42 1 3 NH 0 121 -10 121 -70 0 1 0.980627 0 0 6803.217923 6803.718898 6803.718898 6803.718898 6805.722791 6806.703418 0 C 
 46 301 5 43 2 2 LL 1 58 +26 49 +6 1 1 1.477034 0 0 6807.726688 6808.227662 6808.227662 6808.227662 6810.231556 6811.708590 0 C 
 46 302 5 44 3 2 HL 1 159 -74 206 -54 1 1 2.040085 0 0 6812.719726 6813.220702 6813.220702 6813.220702 6815.224596 6817.264681 0 C 
 46 303 5 45 1 2 NL 0 112 +79 112 +59 0 1 1.002946 0 0 6818.280537 6818.781510 6818.781510 6818.781510 6820.785405 6821.788351 0 C 
 46 304 5 46 1 3 NH 0 83 +84 83 +24 0 1 1.231141 0 0 6822.806001 6823.306973 6823.306973 6823.306973 6825.310868 6826.542010 0 C 
 46 305 5 47 3 3 HH 1 66 -29 46 -89 1 1 1.113541 0 0 6827.565253 6828.066224 6828.066224 6828.066224 6830.070121 6831.183662 0 C 
 46 306 5 48 2 3 LH 1 91 -50 104 +10 0 0 0.707876 0 0 6832.207610 6832.708583 6832.708583 6832.708583 6834.712478 6835.420354 0 E 
 46 307 5 49 2 3 LH 1 54 +74 62 +14 1 1 2.455558 0 0 6836.432490 6836.933462 6836.933462 6836.933462 6838.937357 6841.392916 0 C 
 46 308 5 50 2 3 LH 1 63 -52 72 +8 1 1 1.882362 0 0 6842.410776 6842.911753 6842.911753 6842.911753 6844.915645 6846.798008 0 C 
 46 309 5 51 2 3 LH 1 165 -59 189 +1 1 1 1.787906 0 0 6847.821296 6848.322269 6848.322269 6848.322269 6850.326163 6852.114069 0 C 
 46 310 5 52 1 1 NN 0 108 +34 108 +34 0 1 1.403685 0 0 6853.131618 6853.632591 6853.632591 6853.632591 6855.636486 6857.040171 0 C 
 46 311 5 53 2 3 LH 1 155 +63 131 +3 1 1 0.924288 0 0 6858.057859 6858.558833 6858.558833 6858.558833 6860.562726 6861.487014 0 C 
 46 312 5 54 2 3 LH 1 148 -31 170 +29 1 1 0.897227 0 0 6862.499829 6863.000800 6863.000800 6863.000800 6865.004697 6865.901924 0 C 
 46 313 5 55 2 2 LL 1 115 -75 132 -55 1 1 1.369697 0 0 6866.925099 6867.426071 6867.426071 6867.426071 6869.429966 6870.799662 0 C 
 46 314 5 56 3 2 HL 1 70 +19 91 -1 1 1 2.111934 0 0 6871.817941 6872.318918 6872.318918 6872.318918 6874.322811 6876.434745 0 C 
 46 315 5 57 2 2 LL 1 73 -58 62 -78 1 1 0.787211 0 0 6877.445548 6877.946523 6877.946523 6877.946523 6879.950416 6880.737628 0 C 
 46 316 5 58 3 2 HL 1 178 +28 124 +48 1 1 1.165769 0 0 6881.753924 6882.254896 6882.254896 6882.254896 6884.258790 6885.424559 0 C 
 46 317 5 59 1 3 NH 0 87 -64 87 -4 0 1 1.334739 0 0 6886.446382 6886.947352 6886.947352 6886.947352 6888.951244 6890.285983 0 C 
 46 318 5 60 1 3 NH 0 120 +9 120 +69 0 1 0.976564 0 0 6891.305824 6891.806799 6891.806799 6891.806799 6893.810693 6894.787257 0 C 
 46 319 6  1 2 1 LN 0 151 -70 173 -70 0 1 1.688810 0 0 6957.567966 6958.068939 6958.068939 6958.068939 6960.072835 6961.761644 0 C 
 46 320 6  2 2 3 LH 1 165 +41 140 -19 1 1 1.169717 0 0 6962.778093 6963.279067 6963.279067 6963.279067 6965.282962 6966.452679 0 C 
 46 321 6  3 1 1 NN 0 116 -15 116 -15 0 1 1.290894 0 0 6967.470550 6967.971524 6967.971524 6967.971524 6969.975417 6971.266311 0 C 
 46 322 6  4 1 3 NH 0 68 -43 68 +17 0 1 1.873011 0 0 6972.279899 6972.780871 6972.780871 6972.780871 6974.784767 6976.657778 0 C 
 46 323 6  5 2 3 LH 1 142 +58 120 -2 1 1 0.942919 0 0 6977.673717 6978.174689 6978.174689 6978.174689 6980.178584 6981.121503 0 C 
 46 324 6  6 2 2 LL 1 113 -1 129 -21 1 1 1.333410 0 0 6982.132383 6982.633357 6982.633357 6982.633357 6984.637250 6985.970660 0 C 
 46 325 6  7 1 3 NH 0 114 +71 114 +11 0 1 2.377869 0 0 6986.991841 6987.492803 6987.492803 6987.492803 6989.496698 6991.874567 0 C 
 46 326 6  8 1 2 NL 0 141 +68 141 +48 0 1 2.166248 0 0 6992.886623 6993.387595 6993.387595 6993.387595 6995.391491 6997.557739 0 C 
 46 327 6  9 3 1 HN 0 54 -15 37 -15 0 1 1.637464 0 0 6998.581026 6999.081997 6999.081997 6999.081997 7001.085894 7002.723358 0 C 
 46 328 6 10 2 1 LN 0 115 -49 97 -49 0 1 0.990166 0 0 7003.741056 7004.242027 7004.242027 7004.242027 7006.245924 7007.236090 0 C 
 46 329 6 11 1 2 NL 0 100 -30 100 -50 0 1 2.704912 0 0 7008.249819 7008.750794 7008.750794 7008.750794 7010.754689 7013.459601 0 C 
 46 330 6 12 2 1 LN 0 73 +70 62 +70 0 1 3.518920 0 0 7014.478594 7014.979568 7014.979568 7014.979568 7016.983463 7020.502384 0 C 
 46 331 6 13 1 2 NL 0 145 +63 145 +83 0 1 1.142255 0 0 7021.525628 7022.026600 7022.026600 7022.026600 7024.030496 7025.172751 0 C 
 46 332 6 14 3 3 HH 1 69 +5 48 -55 1 1 4.353853 0 0 7026.184682 7026.685659 7026.685659 7026.685659 7028.689553 7033.043406 0 C 
 46 333 6 15 2 2 LL 1 155 +80 178 +60 1 1 1.498287 0 0 7034.066674 7034.567646 7034.567646 7034.567646 7036.571538 7038.069825 0 C 
 46 334 6 16 1 1 NN 0 72 +38 72 +38 0 1 0.773938 0 0 7039.093109 7039.594086 7039.594086 7039.594086 7041.597979 7042.371916 0 C 
 46 335 6 17 1 1 NN 0 101 -27 101 -27 0 1 1.331289 0 0 7043.384786 7043.885763 7043.885763 7043.885763 7045.889655 7047.220944 0 C 
 46 336 6 18 2 1 LN 0 59 -89 67 -89 0 1 0.774705 0 0 7048.244236 7048.745205 7048.745205 7048.745205 7050.749101 7051.523806 0 C 
 46 337 6 19 2 3 LH 1 122 +73 103 +13 1 1 1.331409 0 0 7052.535909 7053.036884 7053.036884 7053.036884 7055.040777 7056.372186 0 C 
 46 338 6 20 3 3 HH 1 100 -14 70 +46 1 1 1.097573 0 0 7057.395356 7057.896328 7057.896328 7057.896328 7059.900223 7060.997796 0 C 
 46 339 6 21 3 2 HL 1 171 -20 119 -40 1 1 1.064184 0 0 7062.021014 7062.521987 7062.521987 7062.521987 7064.525882 7065.590067 0 C 
 46 340 6 22 2 2 LL 1 171 +59 196 +39 1 1 1.158755 0 0 7066.613273 7067.114247 7067.114247 7067.114247 7069.118143 7070.276898 0 C 
 46 341 6 23 1 2 NL 0 133 -66 133 -46 0 1 1.298240 0 0 7071.289029 7071.790006 7071.790006 7071.790006 7073.793898 7075.092138 0 C 
 46 342 6 24 2 1 LN 0 93 +45 106 +45 0 1 0.763534 0 0 7076.115079 7076.616051 7076.616051 7076.616051 7078.619946 7079.383480 0 C 
 46 343 6 25 1 2 NL 0 63 -23 63 -3 0 1 0.936062 0 0 7080.406752 7080.907727 7080.907727 7080.907727 7082.911622 7083.847684 0 C 
 46 344 6 26 2 3 LH 1 87 -85 100 -25 1 1 1.498411 0 0 7084.865421 7085.366399 7085.366399 7085.366399 7087.370290 7088.868701 0 C 
 46 345 6 27 3 1 HN 0 68 -64 88 -64 0 1 0.937760 0 0 7089.891858 7090.392832 7090.392832 7090.392832 7092.396727 7093.334488 0 C 
 46 346 6 28 2 3 LH 1 128 +26 147 -34 1 1 1.553211 0 0 7094.350527 7094.851498 7094.851498 7094.851498 7096.855395 7098.408606 0 C 
 46 347 6 29 3 3 HH 1 168 +28 117 +88 1 1 1.002814 0 0 7099.427072 7099.928034 7099.928034 7099.928034 7101.931929 7102.934743 0 C 
 46 348 6 30 3 2 HL 1 69 +31 48 +11 1 1 1.904612 0 0 7103.952525 7104.453498 7104.453498 7104.453498 7106.457393 7108.362006 0 C 
 46 349 6 31 2 3 LH 1 124 -21 105 +39 1 1 1.565981 0 0 7109.379742 7109.880715 7109.880715 7109.880715 7111.884610 7113.450591 0 C 
 46 350 6 32 3 3 HH 1 115 -25 80 -85 1 1 0.724653 0 0 7114.472974 7114.973949 7114.973949 7114.973949 7116.977845 7117.702498 0 C 
 46 351 6 33 3 1 HN 0 141 +80 183 +80 0 1 1.863051 0 0 7118.714554 7119.215527 7119.215527 7119.215527 7121.219423 7123.082474 0 C 
 46 352 6 34 2 3 LH 1 160 +29 136 -31 1 1 1.267755 0 0 7124.108373 7124.609346 7124.609346 7124.609346 7126.613241 7127.880996 0 C 
 46 353 6 35 3 2 HL 1 63 +34 81 +14 1 1 1.612704 0 0 7128.901024 7129.401995 7129.401995 7129.401995 7131.405891 7133.018595 0 C 
 46 354 6 36 2 2 LL 1 117 -2 99 +18 1 1 2.113940 0 0 7134.044353 7134.545331 7134.545331 7134.545331 7136.549222 7138.663162 0 C 
 46 355 6 37 2 3 LH 1 152 -59 174 +1 1 1 1.352572 0 0 7139.688661 7140.189632 7140.189632 7140.189632 7142.193528 7143.546100 0 C 
 46 356 6 38 1 1 NN 0 71 +64 71 +64 0 1 4.648932 0 0 7144.564804 7145.065781 7145.065781 7145.065781 7147.069674 7151.718605 0 C 
 46 357 6 39 2 2 LL 1 54 +77 62 +57 0 0 2.708740 0 0 7152.730679 7153.231651 7153.231651 7153.231651 7155.235547 7157.944287 0 E 
 46 358 6 40 2 3 LH 1 89 +25 102 -35 1 1 1.567932 0 0 7158.959464 7159.460426 7159.460426 7159.460426 7161.464322 7163.032254 0 C 
 46 359 6 41 3 3 HH 1 69 +77 48 +17 1 1 1.837727 0 0 7164.052688 7164.553661 7164.553661 7164.553661 7166.557555 7168.395282 0 C 
 46 360 6 42 1 3 NH 0 64 +22 64 +82 0 1 2.875167 0 0 7169.413108 7169.914083 7169.914083 7169.914083 7171.917974 7174.793141 0 C 
 46 361 6 43 1 3 NH 0 75 -72 75 -12 0 1 2.352561 0 0 7175.808873 7176.309847 7176.309847 7176.309847 7178.313743 7180.666304 0 C 
 46 362 6 44 2 3 LH 1 168 +46 142 -14 1 1 2.249836 0 0 7181.686968 7182.187940 7182.187940 7182.187940 7184.191836 7186.441672 0 C 
 46 363 6 45 1 2 NL 0 146 -51 146 -31 0 1 1.209385 0 0 7187.464865 7187.965839 7187.965839 7187.965839 7189.969734 7191.179119 0 C 
 46 364 6 46 3 1 HN 0 104 +31 72 +31 1 0 0.884924 0 0 7192.190720 7192.691696 7192.691696 7192.691696 7194.695587 7195.580511 0 E 
 46 365 6 47 1 2 NL 0 127 +36 127 +16 0 1 0.761388 0 0 7196.599289 7197.100262 7197.100262 7197.100262 7199.104157 7199.865545 0 C 
 46 366 6 48 1 1 NN 0 81 -45 81 -45 0 1 0.840971 0 0 7200.890964 7201.391938 7201.391938 7201.391938 7203.395833 7204.236804 0 C 
 46 367 6 49 3 1 HN 0 65 +79 84 +79 0 1 0.975097 0 0 7205.249441 7205.750410 7205.750410 7205.750410 7207.754306 7208.729402 0 C 
 46 368 6 50 2 2 LL 1 131 +25 111 +5 1 1 3.670712 0 0 7209.741504 7210.242476 7210.242476 7210.242476 7212.246371 7215.917084 0 C 
 46 369 6 51 3 1 HN 0 139 -56 180 -56 0 1 2.661709 0 0 7216.938824 7217.439800 7217.439800 7217.439800 7219.443696 7222.105406 0 C 
 46 370 6 52 2 2 LL 1 125 -44 143 -64 1 1 1.270097 0 0 7223.117505 7223.618476 7223.618476 7223.618476 7225.622373 7226.892470 0 C 
 46 371 6 53 3 2 HL 1 70 -88 91 -68 1 1 1.069666 0 0 7227.910155 7228.411129 7228.411129 7228.411129 7230.415023 7231.484689 0 C 
 46 372 6 54 2 3 LH 1 162 -6 137 +54 1 1 0.908172 0 0 7232.502416 7233.003388 7233.003388 7233.003388 7235.007283 7235.915455 0 C 
 46 373 6 55 2 1 LN 0 90 -51 103 -51 0 1 0.657668 0 0 7236.927685 7237.428660 7237.428660 7237.428660 7239.432555 7240.090223 0 C 
 46 374 6 56 2 3 LH 1 60 +36 69 -24 1 1 1.077395 0 0 7241.102466 7241.603439 7241.603439 7241.603439 7243.607334 7244.684729 0 C 
 46 375 6 57 2 1 LN 0 96 -23 81 -23 1 0 0.627510 0 0 7245.711423 7246.212399 7246.212399 7246.212399 7248.216293 7248.843803 0 E 
 46 376 6 58 3 3 HH 1 145 +56 188 -4 1 1 0.789891 0 0 7249.869509 7250.370480 7250.370480 7250.370480 7252.374376 7253.164267 0 C 
 46 377 6 59 2 1 LN 0 128 +79 108 +79 0 1 1.088769 0 0 7254.177887 7254.678858 7254.678858 7254.678858 7256.682752 7257.771520 0 C 
 46 378 6 60 2 1 LN 0 170 -72 195 -72 0 1 1.423172 0 0 7258.786844 7259.287815 7259.287815 7259.287815 7261.291711 7262.714883 0 C 
