 33   1 0 43 1 3 NH 0 93 -64 93 -4 0 1 9.059352 0 0 5221.435770 5221.937498 5221.937498 5221.937498 5223.944422 5233.003774 0 C 
 33   2 0 44 1 1 NN 0 124 -2 124 -2 0 1 6.316326 0 0 5234.012489 5234.514218 5234.514218 5234.514218 5236.521143 5242.837469 0 C 
 33   3 0 45 2 3 LH 1 62 +3 52 -57 1 1 28.339084 0 0 5243.846414 5244.348146 5244.348146 5244.348146 5246.355069 5274.694154 0 C 
 33   4 0 46 3 3 HH 1 82 +29 57 -31 1 1 8.848686 0 0 5275.706332 5276.208061 5276.208061 5276.208061 5278.214987 5287.063673 0 C 
 33   5 0 47 3 2 HL 1 102 +82 71 +62 1 1 7.017774 0 0 5288.082364 5288.584095 5288.584095 5288.584095 5290.591021 5297.608795 0 C 
 33   6 0 48 2 1 LN 0 143 -63 121 -63 0 1 11.848651 0 0 5298.618713 5299.120443 5299.120443 5299.120443 5301.127369 5312.976020 0 C 
 33   7 0 49 1 2 NL 0 130 +34 130 +54 0 1 20.301459 0 0 5313.988406 5314.490138 5314.490138 5314.490138 5316.497063 5336.798523 0 C 
 33   8 0 50 3 3 HH 1 100 +25 130 -35 1 1 3.389588 0 0 5337.820627 5338.322356 5338.322356 5338.322356 5340.329282 5343.718870 0 C 
 33   9 0 51 1 1 NN 0 144 -50 144 -50 0 1 23.045273 0 0 5344.727791 5345.229523 5345.229523 5345.229523 5347.236446 5370.281719 0 C 
 33  10 0 52 3 2 HL 1 77 -40 100 -20 1 1 11.884360 0 0 5371.302808 5371.804542 5371.804542 5371.804542 5373.811464 5385.695824 0 C 
 33  11 0 53 2 3 LH 1 130 -22 110 +38 1 1 6.707095 0 0 5386.705950 5387.207681 5387.207681 5387.207681 5389.214604 5395.921699 0 C 
 33  12 0 54 1 1 NN 0 59 -61 59 -61 0 1 16.930198 0 0 5396.941261 5397.442993 5397.442993 5397.442993 5399.449916 5416.380114 0 C 
 33  13 0 55 2 3 LH 1 110 -59 93 +1 1 1 6.121267 0 0 5417.395161 5417.896891 5417.896891 5417.896891 5419.903816 5426.025082 0 C 
 33  14 0 56 3 3 HH 1 169 +7 219 -53 1 1 4.658092 0 0 5427.045122 5427.546854 5427.546854 5427.546854 5429.553776 5434.211868 0 C 
 33  15 0 57 1 2 NL 0 148 +88 148 +68 0 1 16.441645 0 0 5435.223335 5435.725069 5435.725069 5435.725069 5437.731990 5454.173635 0 C 
 33  16 0 58 2 2 LL 1 113 +19 96 +39 1 1 5.893387 0 0 5455.192229 5455.693969 5455.693969 5455.693969 5457.700885 5463.594272 0 C 
 33  17 0 59 1 2 NL 0 71 -60 71 -80 0 1 9.438836 0 0 5464.608046 5465.109783 5465.109783 5465.109783 5467.116701 5476.555537 0 C 
 33  18 0 60 2 3 LH 1 151 +56 128 -4 1 1 4.608639 0 0 5477.569429 5478.071163 5478.071163 5478.071163 5480.078088 5484.686727 0 C 
 33  19 1  1 2 3 LH 1 80 +13 68 +73 1 1 4.531942 0 0 5491.183066 5491.684799 5491.684799 5491.684799 5493.691718 5498.223661 0 C 
 33  20 1  2 1 1 NN 0 55 -52 55 -52 0 1 5.042828 0 0 5499.244210 5499.745941 5499.745941 5499.745941 5501.752863 5506.795691 0 C 
 33  21 1  3 3 1 HN 0 131 -5 91 -5 0 1 6.274861 0 0 5507.807084 5508.308818 5508.308818 5508.308818 5510.315739 5516.590599 0 C 
 33  22 1  4 3 2 HL 1 160 +33 112 +13 1 1 10.986066 0 0 5517.607561 5518.109290 5518.109290 5518.109290 5520.116217 5531.102282 0 C 
 33  23 1  5 1 3 NH 0 112 +19 112 +79 0 1 10.376949 0 0 5532.124312 5532.626040 5532.626040 5532.626040 5534.632964 5545.009913 0 C 
 33  24 1  6 2 2 LL 1 55 -26 63 -6 1 1 5.422912 0 0 5546.022260 5546.523991 5546.523991 5546.523991 5548.530918 5553.953830 0 C 
 33  25 1  7 3 3 HH 1 133 +37 93 -23 1 1 4.715567 0 0 5554.969796 5555.471532 5555.471532 5555.471532 5557.478450 5562.194017 0 C 
 33  26 1  8 1 3 NH 0 102 -42 102 +18 0 1 6.572902 0 0 5563.214909 5563.716642 5563.716642 5563.716642 5565.723565 5572.296468 0 C 
 33  27 1  9 2 2 LL 1 178 +35 204 +55 1 1 5.214011 0 0 5573.316425 5573.818157 5573.818157 5573.818157 5575.825081 5581.039092 0 C 
 33  28 1 10 2 3 LH 1 126 +85 144 +25 1 1 8.378424 0 0 5582.063270 5582.565002 5582.565002 5582.565002 5584.571924 5592.950348 0 C 
 33  29 1 11 3 3 HH 1 134 -86 93 -26 1 1 4.138313 0 0 5593.971020 5594.472746 5594.472746 5594.472746 5596.479672 5600.617985 0 C 
 33  30 1 12 2 2 LL 1 171 +56 196 +76 1 1 9.533357 0 0 5601.630779 5602.132508 5602.132508 5602.132508 5604.139432 5613.672789 0 C 
 33  31 1 13 2 3 LH 1 151 -38 128 +22 1 1 4.457980 0 0 5614.692507 5615.194241 5615.194241 5615.194241 5617.201162 5621.659142 0 C 
 33  32 1 14 2 3 LH 1 148 -73 170 -13 1 1 3.533097 0 0 5622.670029 5623.171766 5623.171766 5623.171766 5625.178684 5628.711782 0 C 
 33  33 1 15 3 2 HL 1 84 +48 109 +28 1 1 5.904381 0 0 5629.727712 5630.229446 5630.229446 5630.229446 5632.236369 5638.140750 0 C 
 33  34 1 16 1 1 NN 0 137 -86 137 -86 0 1 9.080148 0 0 5639.160254 5639.661983 5639.661983 5639.661983 5641.668911 5650.749059 0 C 
 33  35 1 17 3 1 HN 0 159 +53 111 +53 0 1 12.148999 0 0 5651.770426 5652.272158 5652.272158 5652.272158 5654.279083 5666.428083 0 C 
 33  36 1 18 3 1 HN 0 88 -70 61 -70 0 1 5.888094 0 0 5667.441158 5667.942895 5667.942895 5667.942895 5669.949812 5675.837906 0 C 
 33  37 1 19 2 3 LH 1 180 -28 153 -88 1 1 6.935949 0 0 5676.856976 5677.358703 5677.358703 5677.358703 5679.365632 5686.301581 0 C 
 33  38 1 20 3 2 HL 1 60 +57 78 +77 1 1 5.224832 0 0 5687.326430 5687.828166 5687.828166 5687.828166 5689.835085 5695.059917 0 C 
 33  39 1 21 1 2 NL 0 89 +89 89 +69 0 1 12.525645 0 0 5696.073273 5696.575005 5696.575005 5696.575005 5698.581927 5711.107572 0 C 
 33  40 1 22 3 3 HH 1 85 -22 110 -82 1 1 3.466278 0 0 5712.128665 5712.630395 5712.630395 5712.630395 5714.637321 5718.103599 0 C 
 33  41 1 23 2 1 LN 0 167 +18 192 +18 0 1 10.665201 0 0 5719.119448 5719.621181 5719.621181 5719.621181 5721.628106 5732.293306 0 C 
 33  42 1 24 1 1 NN 0 145 +34 145 +34 0 1 10.475233 0 0 5733.318435 5733.820166 5733.820166 5733.820166 5735.827089 5746.302322 0 C 
 33  43 1 25 2 1 LN 0 162 +5 137 +5 0 1 13.469498 0 0 5747.316728 5747.818463 5747.818463 5747.818463 5749.825385 5763.294883 0 C 
 33  44 1 26 1 3 NH 0 123 -85 123 -25 0 1 9.139936 0 0 5764.308685 5764.810420 5764.810420 5764.810420 5766.817343 5775.957279 0 C 
 33  45 1 27 1 2 NL 0 85 -62 85 -82 0 1 11.856742 0 0 5776.969032 5777.470768 5777.470768 5777.470768 5779.477685 5791.334427 0 C 
 33  46 1 28 1 3 NH 0 63 +73 63 +13 0 1 14.167181 0 0 5792.355447 5792.857178 5792.857178 5792.857178 5794.864102 5809.031283 0 C 
 33  47 1 29 3 1 HN 0 153 +78 198 +78 0 1 18.580477 0 0 5810.049827 5810.551563 5810.551563 5810.551563 5812.558484 5831.138961 0 C 
 33  48 1 30 1 1 NN 0 152 -29 152 -29 0 1 12.066974 0 0 5832.159440 5832.661168 5832.661168 5832.661168 5834.668091 5846.735065 0 C 
 33  49 1 31 1 2 NL 0 98 +28 98 +48 0 1 9.658818 0 0 5847.746547 5848.248279 5848.248279 5848.248279 5850.255202 5859.914020 0 C 
 33  50 1 32 3 2 HL 1 124 +52 161 +32 1 1 19.743477 0 0 5860.925348 5861.427079 5861.427079 5861.427079 5863.434003 5883.177480 0 C 
 33  51 1 33 1 3 NH 0 168 +59 168 -1 0 1 35.426300 0 0 5884.188941 5884.690674 5884.690674 5884.690674 5886.697596 5922.123896 0 C 
 33  52 1 34 2 1 LN 0 170 +47 195 +47 0 1 5.843200 0 0 5923.139987 5923.641724 5923.641724 5923.641724 5925.648644 5931.491844 0 C 
 33  53 1 35 1 1 NN 0 93 +48 93 +48 0 1 14.808461 0 0 5932.505634 5933.007368 5933.007368 5933.007368 5935.014289 5949.822749 0 C 
 33  54 1 36 2 2 LL 1 163 +82 138 +62 1 1 3.635563 0 0 5950.835540 5951.337271 5951.337271 5951.337271 5953.344195 5956.979757 0 C 
 33  55 1 37 3 3 HH 1 174 +23 121 -37 1 1 2.325342 0 0 5957.993569 5958.495299 5958.495299 5958.495299 5960.502225 5962.827568 0 C 
 33  56 1 38 3 3 HH 1 179 +32 125 -28 1 1 5.035655 0 0 5963.847097 5964.348825 5964.348825 5964.348825 5966.355751 5971.391405 0 C 
 33  57 1 39 1 1 NN 0 154 +8 154 +8 0 1 10.057770 0 0 5972.409973 5972.911706 5972.911706 5972.911706 5974.918626 5984.976396 0 C 
 33  58 1 40 1 3 NH 0 104 -84 104 -24 0 1 8.296551 0 0 5985.990156 5986.491893 5986.491893 5986.491893 5988.498811 5996.795363 0 C 
 33  59 1 41 3 3 HH 1 122 -54 158 +6 1 1 9.794802 0 0 5997.814283 5998.316011 5998.316011 5998.316011 6000.322938 6010.117740 0 C 
 33  60 1 42 2 3 LH 1 73 -80 83 -20 1 1 13.810019 0 0 6011.126878 6011.628609 6011.628609 6011.628609 6013.635532 6027.445552 0 C 
 33  61 1 43 1 1 NN 0 139 +73 139 +73 0 1 30.900112 0 0 6028.470046 6028.971775 6028.971775 6028.971775 6030.978703 6061.878815 0 C 
 33  62 1 44 2 3 LH 1 122 +88 140 +28 1 1 2.882154 0 0 6062.888793 6063.390521 6063.390521 6063.390521 6065.397446 6068.279600 0 C 
 33  63 1 45 3 1 HN 0 54 -3 37 -3 0 1 74.649746 0 0 6069.294223 6069.795955 6069.795955 6069.795955 6071.802881 6146.452628 0 C 
 33  64 1 46 2 3 LH 1 77 -39 88 +21 1 1 3.972568 0 0 6147.463911 6147.965638 6147.965638 6147.965638 6149.972568 6153.945136 0 C 
 33  65 1 47 3 2 HL 1 145 -62 188 -42 1 1 3.081336 0 0 6154.956426 6155.458157 6155.458157 6155.458157 6157.465082 6160.546418 0 C 
 33  66 1 48 3 2 HL 1 139 -15 180 -35 1 1 49.883467 0 0 6161.562551 6162.064282 6162.064282 6162.064282 6164.071208 6213.954675 0 C 
 33  67 1 49 3 3 HH 1 62 +34 43 -26 1 1 11.055755 0 0 6214.963451 6215.465182 6215.465182 6215.465182 6217.472107 6228.527862 0 C 
 33  68 1 50 3 1 HN 0 56 -13 39 -13 0 1 13.943303 0 0 6229.547098 6230.048828 6230.048828 6230.048828 6232.055753 6245.999057 0 C 
 33  69 1 51 2 3 LH 1 126 -90 144 -30 1 1 6.832948 0 0 6247.024063 6247.525795 6247.525795 6247.525795 6249.532718 6256.365666 0 C 
 33  70 1 52 2 1 LN 0 123 +89 141 +89 0 1 5.305344 0 0 6257.376444 6257.878177 6257.878177 6257.878177 6259.885101 6265.190445 0 C 
 33  71 1 53 1 2 NL 0 80 +85 80 +65 0 1 44.125365 0 0 6266.206910 6266.708640 6266.708640 6266.708640 6268.715560 6312.840925 0 C 
 33  72 1 54 3 1 HN 0 77 -22 53 -22 0 1 3.653440 0 0 6313.854628 6314.356361 6314.356361 6314.356361 6316.363280 6320.016720 0 C 
 33  73 1 55 3 3 HH 1 137 +53 95 -7 1 1 21.984312 0 0 6321.029381 6321.531116 6321.531116 6321.531116 6323.538034 6345.522346 0 C 
 33  74 1 56 3 3 HH 1 60 +15 78 +75 1 1 16.240243 0 0 6346.534040 6347.035772 6347.035772 6347.035772 6349.042693 6365.282936 0 C 
 33  75 1 57 2 3 LH 1 174 -66 200 -6 1 1 5.801819 0 0 6366.302239 6366.803973 6366.803973 6366.803973 6368.810894 6374.612714 0 C 
 33  76 1 58 3 3 HH 1 151 -68 196 -8 1 1 4.144890 0 0 6375.634437 6376.136169 6376.136169 6376.136169 6378.143091 6382.287981 0 C 
 33  77 1 59 3 3 HH 1 169 -88 118 -28 1 1 3.349438 0 0 6383.310919 6383.812648 6383.812648 6383.812648 6385.819577 6389.169015 0 C 
 33  78 1 60 3 2 HL 1 60 -15 78 +5 1 1 21.159101 0 0 6390.184637 6390.686368 6390.686368 6390.686368 6392.693292 6413.852393 0 C 
 33  79 2  1 2 2 LL 1 122 +86 140 +66 1 1 4.342054 0 0 6757.602233 6758.103962 6758.103962 6758.103962 6760.110886 6764.452939 0 C 
 33  80 2  2 2 2 LL 1 73 -9 83 -29 1 1 7.811465 0 0 6765.462683 6765.964414 6765.964414 6765.964414 6767.971347 6775.782812 0 C 
 33  81 2  3 2 2 LL 1 158 -5 134 +15 1 1 17.097303 0 0 6776.801803 6777.303532 6777.303532 6777.303532 6779.310455 6796.407759 0 C 
 33  82 2  4 2 1 LN 0 114 -29 131 -29 0 1 25.821723 0 0 6797.422946 6797.924675 6797.924675 6797.924675 6799.931601 6825.753325 0 C 
 33  83 2  5 3 3 HH 1 67 +71 87 +11 1 1 3.773154 0 0 6826.774209 6827.275941 6827.275941 6827.275941 6829.282864 6833.056018 0 C 
 33  84 2  6 2 3 LH 1 155 +79 178 +19 1 1 7.872450 0 0 6834.066032 6834.567765 6834.567765 6834.567765 6836.574690 6844.447140 0 C 
 33  85 2  7 3 1 HN 0 73 +76 51 +76 0 1 19.223325 0 0 6845.472050 6845.973784 6845.973784 6845.973784 6847.980705 6867.204030 0 C 
 33  86 2  8 3 2 HL 1 67 -42 87 -62 1 1 10.110355 0 0 6868.217186 6868.718923 6868.718923 6868.718923 6870.725846 6880.836201 0 C 
 33  87 2  9 2 2 LL 1 151 +28 173 +8 1 1 19.556825 0 0 6881.847551 6882.349277 6882.349277 6882.349277 6884.356203 6903.913028 0 C 
 33  88 2 10 3 2 HL 1 79 +58 55 +38 1 1 7.945895 0 0 6904.927172 6905.428901 6905.428901 6905.428901 6907.435826 6915.381721 0 C 
 33  89 2 11 1 1 NN 0 126 -47 126 -47 0 1 18.800964 0 0 6916.400088 6916.901813 6916.901813 6916.901813 6918.908739 6937.709703 0 C 
 33  90 2 12 3 1 HN 0 78 -29 101 -29 0 1 5.575462 0 0 6938.727117 6939.228848 6939.228848 6939.228848 6941.235769 6946.811231 0 C 
 33  91 2 13 2 3 LH 1 173 -64 147 -4 1 1 14.232942 0 0 6947.825170 6948.326903 6948.326903 6948.326903 6950.333826 6964.566768 0 C 
 33  92 2 14 3 3 HH 1 133 -77 172 -17 1 1 5.168307 0 0 6965.586448 6966.088178 6966.088178 6966.088178 6968.095101 6973.263407 0 C 
 33  93 2 15 3 3 HH 1 147 -28 191 -88 1 1 5.768173 0 0 6974.283117 6974.784851 6974.784851 6974.784851 6976.791774 6982.559948 0 C 
 33  94 2 16 3 2 HL 1 160 +3 112 +23 1 1 3.140251 0 0 6983.581864 6984.083596 6984.083596 6984.083596 6986.090518 6989.230769 0 C 
 33  95 2 17 2 3 LH 1 158 +68 181 +8 1 1 23.691498 0 0 6990.254887 6990.756622 6990.756622 6990.756622 6992.763542 7016.455040 0 C 
 33  96 2 18 3 2 HL 1 87 -75 113 -55 1 1 13.697363 0 0 7017.465431 7017.967160 7017.967160 7017.967160 7019.974087 7033.671450 0 C 
 33  97 2 19 2 2 LL 1 96 +73 81 +53 1 1 20.912665 0 0 7034.691527 7035.193259 7035.193259 7035.193259 7037.200181 7058.112846 0 C 
 33  98 2 20 2 3 LH 1 125 +21 143 +81 1 1 8.845675 0 0 7059.125825 7059.627559 7059.627559 7059.627559 7061.634480 7070.480156 0 C 
 33  99 2 21 3 2 HL 1 178 +58 231 +38 1 1 10.598450 0 0 7071.501858 7072.003587 7072.003587 7072.003587 7074.010513 7084.608963 0 C 
 33 100 2 22 1 3 NH 0 129 -9 129 +51 0 1 10.289324 0 0 7085.633947 7086.135677 7086.135677 7086.135677 7088.142600 7098.431924 0 C 
 33 101 2 23 2 1 LN 0 110 -71 126 -71 0 1 12.692521 0 0 7099.448273 7099.950003 7099.950003 7099.950003 7101.956928 7114.649448 0 C 
 33 102 2 24 3 1 HN 0 96 +20 67 +20 0 1 5.367155 0 0 7115.670908 7116.172637 7116.172637 7116.172637 7118.179562 7123.546716 0 C 
 33 103 2 25 2 2 LL 1 81 -37 93 -57 1 1 10.500039 0 0 7124.568270 7125.070001 7125.070001 7125.070001 7127.076922 7137.576961 0 C 
 33 104 2 26 3 2 HL 1 169 -64 118 -44 1 1 3.808253 0 0 7138.600013 7139.101746 7139.101746 7139.101746 7141.108671 7144.916923 0 C 
 33 105 2 27 2 2 LL 1 104 -60 88 -40 1 1 23.562009 0 0 7145.942010 7146.443743 7146.443743 7146.443743 7148.450664 7172.012674 0 C 
 33 106 2 28 1 1 NN 0 92 +78 92 +78 0 1 6.963666 0 0 7173.035483 7173.537214 7173.537214 7173.537214 7175.544138 7182.507804 0 C 
 33 107 2 29 1 2 NL 0 138 -45 138 -25 0 1 5.454627 0 0 7183.521660 7184.023395 7184.023395 7184.023395 7186.030318 7191.484944 0 C 
 33 108 2 30 2 1 LN 0 122 +38 103 +38 0 1 8.716067 0 0 7192.502644 7193.004380 7193.004380 7193.004380 7195.011300 7203.727367 0 C 
 33 109 2 31 1 2 NL 0 150 -47 150 -67 0 1 11.598356 0 0 7204.744880 7205.246609 7205.246609 7205.246609 7207.253538 7218.851894 0 C 
 33 110 2 32 3 1 HN 0 85 +7 110 +7 0 1 4.264696 0 0 7219.863707 7220.365438 7220.365438 7220.365438 7222.372364 7226.637061 0 C 
 33 111 2 33 2 3 LH 1 112 -43 128 +17 1 1 27.017162 0 0 7227.657262 7228.158993 7228.158993 7228.158993 7230.165917 7257.183079 0 C 
 33 112 2 34 2 3 LH 1 75 -77 86 -17 1 1 5.101661 0 0 7258.195954 7258.697684 7258.697684 7258.697684 7260.704610 7265.806271 0 C 
 33 113 2 35 3 2 HL 1 90 -76 117 -56 1 1 12.478828 0 0 7266.825728 7267.327455 7267.327455 7267.327455 7269.334378 7281.813206 0 C 
 33 114 2 36 2 1 LN 0 79 +42 67 +42 0 1 8.173836 0 0 7282.830946 7283.332679 7283.332679 7283.332679 7285.339600 7293.513436 0 C 
 33 115 2 37 2 2 LL 1 177 +49 203 +29 1 1 36.024303 0 0 7294.538003 7295.039734 7295.039734 7295.039734 7297.046656 7333.070959 0 C 
 33 116 2 38 3 2 HL 1 142 -21 184 -41 1 1 6.170506 0 0 7334.091127 7334.592858 7334.592858 7334.592858 7336.599782 7342.770288 0 C 
 33 117 2 39 1 1 NN 0 148 +34 148 +34 0 1 8.104486 0 0 7343.791260 7344.292991 7344.292991 7344.292991 7346.299917 7354.404403 0 C 
 33 118 2 40 1 3 NH 0 135 +74 135 +14 0 1 117.100706 0 0 7355.414694 7355.916425 7355.916425 7355.916425 7357.923348 7475.024055 0 C 
 33 119 2 41 3 1 HN 0 110 -83 77 -83 0 1 59.924503 0 0 7476.047546 7476.549277 7476.549277 7476.549277 7478.556203 7538.480706 0 C 
 33 120 2 42 2 2 LL 1 61 -82 70 -62 1 1 59.577883 0 0 7539.499791 7540.001519 7540.001519 7540.001519 7542.008455 7601.586338 0 C 
 33 121 2 43 1 2 NL 0 76 +58 76 +78 0 1 3.491318 0 0 7602.600823 7603.102554 7603.102554 7603.102554 7605.109481 7608.600799 0 C 
 33 122 2 44 3 2 HL 1 171 +73 119 +53 1 1 4.654097 0 0 7609.625059 7610.126784 7610.126784 7610.126784 7612.133714 7616.787811 0 C 
 33 123 2 45 3 2 HL 1 82 +71 57 +51 1 1 44.297802 0 0 7617.803272 7618.305003 7618.305003 7618.305003 7620.311930 7664.609732 0 C 
 33 124 2 46 3 1 HN 0 103 -25 72 -25 0 1 6.543007 0 0 7665.634960 7666.136687 7666.136687 7666.136687 7668.143616 7674.686623 0 C 
 33 125 2 47 3 2 HL 1 60 -67 78 -87 1 1 39.505007 0 0 7675.703027 7676.204758 7676.204758 7676.204758 7678.211680 7717.716687 0 C 
 33 126 2 48 1 3 NH 0 178 -2 178 -62 0 1 77.498831 0 0 7718.734822 7719.236554 7719.236554 7719.236554 7721.243476 7798.742307 0 C 
 33 127 2 49 3 3 HH 1 115 -9 149 +51 1 1 2.429175 0 0 7799.764375 7800.266107 7800.266107 7800.266107 7802.273028 7804.702203 0 C 
 33 128 2 50 3 2 HL 1 90 +1 117 +21 1 1 3.559564 0 0 7805.718250 7806.219979 7806.219979 7806.219979 7808.226903 7811.786468 0 C 
 33 129 2 51 3 2 HL 1 69 -59 48 -39 1 1 5.257394 0 0 7812.809380 7813.311113 7813.311113 7813.311113 7815.318035 7820.575430 0 C 
 33 130 2 52 1 3 NH 0 132 -20 132 -80 0 1 59.735896 0 0 7821.589672 7822.091403 7822.091403 7822.091403 7824.098332 7883.834227 0 C 
 33 131 2 53 2 2 LL 1 143 -30 164 -10 1 1 4.555323 0 0 7884.857948 7885.359682 7885.359682 7885.359682 7887.366603 7891.921926 0 C 
 33 132 2 54 1 1 NN 0 134 -79 134 -79 0 1 39.576563 0 0 7892.935817 7893.437545 7893.437545 7893.437545 7895.444474 7935.021038 0 C 
 33 133 2 55 3 3 HH 1 60 +19 78 +79 1 1 4.176155 0 0 7936.034509 7936.536241 7936.536241 7936.536241 7938.543166 7942.719320 0 C 
 33 134 2 56 3 1 HN 0 114 +29 148 +29 0 1 6.223055 0 0 7943.744442 7944.246169 7944.246169 7944.246169 7946.253096 7952.476150 0 C 
 33 135 2 57 3 1 HN 0 62 +42 80 +42 0 1 3.785447 0 0 7953.494749 7953.996487 7953.996487 7953.996487 7956.003401 7959.788849 0 C 
 33 136 2 58 1 3 NH 0 67 -45 67 +15 0 1 22.916148 0 0 7960.803295 7961.305024 7961.305024 7961.305024 7963.311953 7986.228101 0 C 
 33 137 2 59 1 3 NH 0 81 -82 81 -22 0 1 25.479211 0 0 7987.244518 7987.746247 7987.746247 7987.746247 7989.753171 8015.232383 0 C 
 33 138 2 60 3 3 HH 1 64 +37 44 -23 1 1 12.711492 0 0 8016.244568 8016.746299 8016.746299 8016.746299 8018.753222 8031.464714 0 C 
 33 139 3  1 3 2 HL 1 65 -62 84 -82 1 1 3.988754 0 0 8234.547720 8235.049449 8235.049449 8235.049449 8237.056375 8241.045129 0 C 
 33 140 3  2 2 3 LH 1 75 -64 86 -4 1 1 3.040841 0 0 8242.056957 8242.558697 8242.558697 8242.558697 8244.565615 8247.606456 0 C 
 33 141 3  3 2 3 LH 1 172 +83 146 +23 1 1 1.978501 0 0 8248.629632 8249.131367 8249.131367 8249.131367 8251.138289 8253.116790 0 C 
 33 142 3  4 3 3 HH 1 157 +76 204 +16 1 1 2.397484 0 0 8254.131949 8254.633688 8254.633688 8254.633688 8256.640605 8259.038089 0 C 
 33 143 3  5 2 3 LH 1 57 -6 48 +54 1 1 19.359041 0 0 8260.052374 8260.554103 8260.554103 8260.554103 8262.561031 8281.920072 0 C 
 33 144 3  6 2 2 LL 1 116 +26 133 +6 1 1 20.867372 0 0 8282.931309 8283.433049 8283.433049 8283.433049 8285.439965 8306.307338 0 C 
 33 145 3  7 1 1 NN 0 152 -11 152 -11 0 1 3.866946 0 0 8307.332158 8307.833889 8307.833889 8307.833889 8309.840814 8313.707759 0 C 
 33 146 3  8 2 1 LN 0 177 -44 150 -44 0 1 2.061942 0 0 8314.724328 8315.226061 8315.226061 8315.226061 8317.232983 8319.294925 0 C 
 33 147 3  9 3 2 HL 1 138 -66 96 -86 1 1 1.944567 0 0 8320.310266 8320.811999 8320.811999 8320.811999 8322.818921 8324.763488 0 C 
 33 148 3 10 3 1 HN 0 139 +40 97 +40 0 1 1.680255 0 0 8325.779134 8326.280865 8326.280865 8326.280865 8328.287788 8329.968043 0 C 
 33 149 3 11 3 3 HH 1 115 -86 80 -26 1 1 1.774368 0 0 8330.980412 8331.482143 8331.482143 8331.482143 8333.489068 8335.263435 0 C 
 33 150 3 12 1 1 NN 0 135 -8 135 -8 0 1 2.700142 0 0 8336.282036 8336.783770 8336.783770 8336.783770 8338.790690 8341.490832 0 C 
 33 151 3 13 1 2 NL 0 144 +80 144 +60 0 1 10.941239 0 0 8342.503500 8343.005233 8343.005233 8343.005233 8345.012157 8355.953396 0 C 
 33 152 3 14 2 1 LN 0 81 +24 68 +24 0 1 3.725217 0 0 8356.970077 8357.471810 8357.471810 8357.471810 8359.478732 8363.203949 0 C 
 33 153 3 15 1 1 NN 0 173 +67 173 +67 0 1 10.835149 0 0 8364.228451 8364.730184 8364.730184 8364.730184 8366.737109 8377.572258 0 C 
 33 154 3 16 1 2 NL 0 80 +40 80 +60 0 1 2.633562 0 0 8378.594682 8379.096415 8379.096415 8379.096415 8381.103337 8383.736899 0 C 
 33 155 3 17 2 1 LN 0 126 +52 107 +52 0 1 6.649104 0 0 8384.749248 8385.250990 8385.250990 8385.250990 8387.257903 8393.907007 0 C 
 33 156 3 18 3 1 HN 0 133 -36 172 -36 0 1 1.675648 0 0 8394.917663 8395.419399 8395.419399 8395.419399 8397.426321 8399.101969 0 C 
 33 157 3 19 2 1 LN 0 140 +11 161 +11 0 1 22.601044 0 0 8400.118940 8400.620674 8400.620674 8400.620674 8402.627595 8425.228640 0 C 
 33 158 3 20 1 1 NN 0 159 +23 159 +23 0 1 2.843775 0 0 8426.242402 8426.744131 8426.744131 8426.744131 8428.751058 8431.594833 0 C 
 33 159 3 21 2 1 LN 0 163 -39 187 -39 0 1 18.673782 0 0 8432.614386 8433.116114 8433.116114 8433.116114 8435.123039 8453.796821 0 C 
 33 160 3 22 3 2 HL 1 141 -74 183 -54 1 1 2.099540 0 0 8454.807618 8455.309346 8455.309346 8455.309346 8457.316272 8459.415812 0 C 
 33 161 3 23 1 2 NL 0 87 -55 87 -35 0 1 13.092849 0 0 8460.427004 8460.928736 8460.928736 8460.928736 8462.935660 8476.028508 0 C 
 33 162 3 24 2 1 LN 0 126 -32 144 -32 0 1 2.352351 0 0 8477.051025 8477.552755 8477.552755 8477.552755 8479.559679 8481.912030 0 C 
 33 163 3 25 1 2 NL 0 85 -12 85 -32 0 1 54.280518 0 0 8482.921276 8483.423009 8483.423009 8483.423009 8485.429935 8539.710452 0 C 
 33 164 3 26 2 1 LN 0 138 +17 158 +17 0 1 2.876393 0 0 8540.720685 8541.222425 8541.222425 8541.222425 8543.229344 8546.105737 0 C 
 33 165 3 27 2 1 LN 0 112 +89 128 +89 0 1 6.511139 0 0 8547.126118 8547.627848 8547.627848 8547.627848 8549.634775 8556.145913 0 C 
 33 166 3 28 3 2 HL 1 66 +64 85 +44 1 1 6.385219 0 0 8557.160738 8557.662469 8557.662469 8557.662469 8559.669392 8566.054612 0 C 
 33 167 3 29 1 1 NN 0 82 +87 82 +87 0 1 2.264141 0 0 8567.078286 8567.580015 8567.580015 8567.580015 8569.586939 8571.851081 0 C 
 33 168 3 30 3 1 HN 0 127 -62 165 -62 0 1 3.118458 0 0 8572.864915 8573.366648 8573.366648 8573.366648 8575.373575 8578.492033 0 C 
 33 169 3 31 1 2 NL 0 77 -34 77 -14 0 1 31.507642 0 0 8579.504490 8580.006224 8580.006224 8580.006224 8582.013145 8613.520787 0 C 
 33 170 3 32 2 1 LN 0 114 +61 96 +61 1 0 36.625261 0 0 8614.542038 8615.043770 8615.043770 8615.043770 8617.050692 8653.675954 0 E 
 33 171 3 33 3 1 HN 0 71 +72 92 +72 0 1 8.527227 0 0 8654.697240 8655.198971 8655.198971 8655.198971 8657.205893 8665.733120 0 C 
 33 172 3 34 2 3 LH 1 58 -71 66 -11 1 1 4.005122 0 0 8666.755508 8667.257242 8667.257242 8667.257242 8669.264163 8673.269285 0 C 
 33 173 3 35 3 1 HN 0 134 +72 174 +72 0 1 3.052331 0 0 8674.281473 8674.783204 8674.783204 8674.783204 8676.790129 8679.842459 0 C 
 33 174 3 36 1 2 NL 0 155 +75 155 +55 0 1 7.073163 0 0 8680.854148 8681.355879 8681.355879 8681.355879 8683.362804 8690.435967 0 C 
 33 175 3 37 2 1 LN 0 180 -64 153 -64 0 1 2.925012 0 0 8691.457397 8691.959129 8691.959129 8691.959129 8693.966052 8696.891064 0 C 
 33 176 3 38 1 3 NH 0 64 +0 64 +60 0 1 3.768042 0 0 8697.913002 8698.414735 8698.414735 8698.414735 8700.421656 8704.189697 0 C 
 33 177 3 39 1 3 NH 0 141 +17 141 +77 0 1 3.218616 0 0 8705.204826 8705.706560 8705.706560 8705.706560 8707.713481 8710.932096 0 C 
 33 178 3 40 3 3 HH 1 117 +62 152 +2 1 1 2.137759 0 0 8711.944745 8712.446476 8712.446476 8712.446476 8714.453402 8716.591160 0 C 
 33 179 3 41 3 1 HN 0 117 -50 81 -50 0 1 3.894031 0 0 8717.614305 8718.116041 8718.116041 8718.116041 8720.122960 8724.016992 0 C 
 33 180 3 42 3 2 HL 1 145 -78 101 -58 1 1 3.587809 0 0 8725.039924 8725.541653 8725.541653 8725.541653 8727.548579 8731.136388 0 C 
 33 181 3 43 3 1 HN 0 78 +75 54 +75 0 1 7.113276 0 0 8732.147779 8732.649511 8732.649511 8732.649511 8734.656434 8741.769710 0 C 
 33 182 3 44 1 2 NL 0 167 +29 167 +49 0 1 3.145619 0 0 8742.784480 8743.286207 8743.286207 8743.286207 8745.293131 8748.438750 0 C 
 33 183 3 45 1 3 NH 0 119 -65 119 -5 0 1 3.255732 0 0 8749.457499 8749.959229 8749.959229 8749.959229 8751.966152 8755.221884 0 C 
 33 184 3 46 2 3 LH 1 138 -64 117 -4 1 1 2.435163 0 0 8756.230866 8756.732598 8756.732598 8756.732598 8758.739520 8761.174684 0 C 
 33 185 3 47 3 3 HH 1 126 +60 88 +0 1 1 2.760288 0 0 8762.184740 8762.686472 8762.686472 8762.686472 8764.693398 8767.453686 0 C 
 33 186 3 48 3 2 HL 1 146 -43 189 -63 1 1 2.280911 0 0 8768.473102 8768.974833 8768.974833 8768.974833 8770.981758 8773.262668 0 C 
 33 187 3 49 1 2 NL 0 177 +20 177 +40 0 1 3.976961 0 0 8774.276456 8774.778188 8774.778188 8774.778188 8776.785113 8780.762074 0 C 
 33 188 3 50 1 1 NN 0 64 -87 64 -87 0 1 3.180098 0 0 8781.785698 8782.287426 8782.287426 8782.287426 8784.294352 8787.474451 0 C 
 33 189 3 51 2 3 LH 1 91 +7 104 -53 1 1 2.897588 0 0 8788.492168 8788.993902 8788.993902 8788.993902 8791.000824 8793.898412 0 C 
 33 190 3 52 1 3 NH 0 107 +61 107 +1 0 1 4.736660 0 0 8794.914325 8795.416053 8795.416053 8795.416053 8797.422977 8802.159637 0 C 
 33 191 3 53 3 1 HN 0 65 +76 84 +76 0 1 7.630861 0 0 8803.176162 8803.677892 8803.677892 8803.677892 8805.684816 8813.315677 0 C 
 33 192 3 54 3 3 HH 1 106 +42 74 -18 1 1 4.091872 0 0 8814.331314 8814.833055 8814.833055 8814.833055 8816.839971 8820.931843 0 C 
 33 193 3 55 2 3 LH 1 178 +86 151 +26 1 1 2.193980 0 0 8821.940902 8822.442635 8822.442635 8822.442635 8824.449555 8826.643535 0 C 
 33 194 3 56 2 2 LL 1 138 -83 158 -63 1 1 3.080510 0 0 8827.660630 8828.162364 8828.162364 8828.162364 8830.169287 8833.249797 0 C 
 33 195 3 57 3 2 HL 1 170 +1 221 -19 1 1 3.634104 0 0 8834.266758 8834.768489 8834.768489 8834.768489 8836.775414 8840.409517 0 C 
 33 196 3 58 3 3 HH 1 176 -66 123 -6 1 1 10.327146 0 0 8841.424787 8841.926520 8841.926520 8841.926520 8843.933442 8854.260587 0 C 
 33 197 3 59 3 1 HN 0 96 +38 124 +38 0 1 3.990370 0 0 8855.272561 8855.774292 8855.774292 8855.774292 8857.781216 8861.771586 0 C 
 33 198 3 60 3 2 HL 1 153 +88 198 +68 1 1 2.776274 0 0 8862.781803 8863.283533 8863.283533 8863.283533 8865.290458 8868.066732 0 C 
 33 199 4  1 3 2 HL 1 170 -77 221 -57 1 1 3.096494 0 0 8875.659563 8876.161294 8876.161294 8876.161294 8878.168217 8881.264711 0 C 
 33 200 4  2 1 2 NL 0 66 +29 66 +9 0 1 2.530047 0 0 8882.282415 8882.784144 8882.784144 8882.784144 8884.791070 8887.321117 0 C 
 33 201 4  3 2 1 LN 0 179 +16 152 +16 0 1 1.647300 0 0 8888.336633 8888.838367 8888.838367 8888.838367 8890.845289 8892.492589 0 C 
 33 202 4  4 1 3 NH 0 67 -61 67 -1 0 1 2.089008 0 0 8893.504464 8894.006195 8894.006195 8894.006195 8896.013120 8898.102127 0 C 
 33 203 4  5 1 3 NH 0 69 -56 69 +4 0 1 2.028595 0 0 8899.123850 8899.625579 8899.625579 8899.625579 8901.632507 8903.661102 0 C 
 33 204 4  6 3 3 HH 1 100 +23 70 +83 1 1 1.708626 0 0 8904.676339 8905.178070 8905.178070 8905.178070 8907.184996 8908.893622 0 C 
 33 205 4  7 2 2 LL 1 169 -69 194 -89 1 1 3.431248 0 0 8909.911067 8910.412799 8910.412799 8910.412799 8912.419720 8915.850968 0 C 
 33 206 4  8 3 3 HH 1 112 +37 145 -23 1 1 1.531509 0 0 8916.868402 8917.370142 8917.370142 8917.370142 8919.377056 8920.908566 0 C 
 33 207 4  9 3 3 HH 1 158 -80 110 -20 1 1 1.608788 0 0 8921.919160 8922.420892 8922.420892 8922.420892 8924.427817 8926.036605 0 C 
 33 208 4 10 2 1 LN 0 133 -44 152 -44 0 1 2.264606 0 0 8927.053541 8927.555272 8927.555272 8927.555272 8929.562196 8931.826801 0 C 
 33 209 4 11 3 2 HL 1 94 -29 122 -9 1 1 2.175630 0 0 8932.840175 8933.341912 8933.341912 8933.341912 8935.348825 8937.524455 0 C 
 33 210 4 12 1 2 NL 0 135 +79 135 +59 0 1 2.865424 0 0 8938.543181 8939.044909 8939.044909 8939.044909 8941.051835 8943.917259 0 C 
 33 211 4 13 3 2 HL 1 155 +52 201 +32 1 1 1.834823 0 0 8944.931887 8945.433618 8945.433618 8945.433618 8947.440543 8949.275366 0 C 
 33 212 4 14 2 2 LL 1 70 +0 80 -20 1 1 15.534118 0 0 8950.300410 8950.802140 8950.802140 8950.802140 8952.809067 8968.343184 0 C 
 33 213 4 15 1 3 NH 0 154 -6 154 -66 0 1 3.189516 0 0 8969.366187 8969.867918 8969.867918 8969.867918 8971.874840 8975.064356 0 C 
 33 214 4 16 2 2 LL 1 98 -49 83 -29 1 1 5.574786 0 0 8976.089383 8976.591115 8976.591115 8976.591115 8978.598037 8984.172822 0 C 
 33 215 4 17 1 1 NN 0 174 +2 174 +2 0 1 2.969095 0 0 8985.187436 8985.689168 8985.689168 8985.689168 8987.696089 8990.665184 0 C 
 33 216 4 18 1 2 NL 0 156 +14 156 -6 0 1 2.583176 0 0 8991.676493 8992.178225 8992.178225 8992.178225 8994.185146 8996.768322 0 C 
 33 217 4 19 2 2 LL 1 83 -49 70 -69 1 1 3.719847 0 0 8997.780883 8998.282617 8998.282617 8998.282617 9000.289540 9004.009387 0 C 
 33 218 4 20 1 2 NL 0 126 +20 126 +40 0 1 2.964299 0 0 9005.022535 9005.524263 9005.524263 9005.524263 9007.531192 9010.495491 0 C 
 33 219 4 21 3 3 HH 1 141 +33 98 -27 1 1 2.501669 0 0 9011.511588 9012.013322 9012.013322 9012.013322 9014.020246 9016.521915 0 C 
 33 220 4 22 3 1 HN 0 158 +35 205 +35 0 1 2.109801 0 0 9017.532360 9018.034097 9018.034097 9018.034097 9020.041015 9022.150817 0 C 
 33 221 4 23 1 1 NN 0 153 -66 153 -66 0 1 3.745905 0 0 9023.168476 9023.670202 9023.670202 9023.670202 9025.677129 9029.423034 0 C 
 33 222 4 24 2 3 LH 1 123 +66 141 +6 1 1 3.741931 0 0 9030.443573 9030.945303 9030.945303 9030.945303 9032.952226 9036.694157 0 C 
 33 223 4 25 2 1 LN 0 127 +70 107 +70 0 1 4.347112 0 0 9037.718671 9038.220403 9038.220403 9038.220403 9040.227325 9044.574437 0 C 
 33 224 4 26 3 2 HL 1 63 -88 44 -68 1 1 2.826436 0 0 9045.595848 9046.097578 9046.097578 9046.097578 9048.104509 9050.930945 0 C 
 33 225 4 27 2 2 LL 1 178 -60 204 -40 1 1 2.694078 0 0 9051.951107 9052.452835 9052.452835 9052.452835 9054.459763 9057.153841 0 C 
 33 226 4 28 1 3 NH 0 146 +64 146 +4 0 1 2.270206 0 0 9058.172569 9058.674301 9058.674301 9058.674301 9060.681225 9062.951431 0 C 
 33 227 4 29 2 2 LL 1 110 -86 93 -66 1 1 3.778810 0 0 9063.975926 9064.477657 9064.477657 9064.477657 9066.484583 9070.263392 0 C 
 33 228 4 30 3 3 HH 1 100 -18 130 -78 1 1 2.535671 0 0 9071.284474 9071.786204 9071.786204 9071.786204 9073.793128 9076.328799 0 C 
 33 229 4 31 1 3 NH 0 135 -52 135 +8 0 1 1.972012 0 0 9077.338693 9077.840427 9077.840427 9077.840427 9079.847349 9081.819362 0 C 
 33 230 4 32 2 2 LL 1 142 +58 163 +78 1 1 4.314234 0 0 9082.841010 9083.342743 9083.342743 9083.342743 9085.349663 9089.663897 0 C 
 33 231 4 33 2 1 LN 0 161 +14 185 +14 0 1 2.104209 0 0 9090.684737 9091.186468 9091.186468 9091.186468 9093.193395 9095.297603 0 C 
 33 232 4 34 2 1 LN 0 66 +24 75 +24 0 1 1.719203 0 0 9096.320850 9096.822582 9096.822582 9096.822582 9098.829507 9100.548710 0 C 
 33 233 4 35 3 3 HH 1 144 -21 100 +39 1 1 2.496675 0 0 9101.572300 9102.074031 9102.074031 9102.074031 9104.080953 9106.577628 0 C 
 33 234 4 36 1 1 NN 0 113 +29 113 +29 0 1 2.309113 0 0 9107.593072 9108.094804 9108.094804 9108.094804 9110.101727 9112.410840 0 C 
 33 235 4 37 1 1 NN 0 131 -45 131 -45 0 1 3.423469 0 0 9113.429877 9113.931607 9113.931607 9113.931607 9115.938533 9119.362002 0 C 
 33 236 4 38 3 1 HN 0 57 -55 39 -55 0 1 2.236846 0 0 9120.387213 9120.888945 9120.888945 9120.888945 9122.895866 9125.132712 0 C 
 33 237 4 39 2 1 LN 0 119 +3 136 +3 0 1 2.104808 0 0 9126.157120 9126.658851 9126.658851 9126.658851 9128.665772 9130.770580 0 C 
 33 238 4 40 2 3 LH 1 97 +33 82 -27 1 1 3.999765 0 0 9131.793230 9132.294962 9132.294962 9132.294962 9134.301885 9138.301650 0 C 
 33 239 4 41 1 3 NH 0 77 -87 77 -27 0 1 3.288191 0 0 9139.319192 9139.820933 9139.820933 9139.820933 9141.827851 9145.116042 0 C 
 33 240 4 42 1 1 NN 0 178 +48 178 +48 0 1 2.225934 0 0 9146.126011 9146.627742 9146.627742 9146.627742 9148.634666 9150.860599 0 C 
 33 241 4 43 1 1 NN 0 108 +52 108 +52 0 1 3.338980 0 0 9151.879193 9152.380926 9152.380926 9152.380926 9154.387848 9157.726828 0 C 
 33 242 4 44 3 3 HH 1 145 -19 101 -79 1 1 1.448878 0 0 9158.736182 9159.237916 9159.237916 9159.237916 9161.244838 9162.693716 0 C 
 33 243 4 45 3 1 HN 0 88 -89 61 -89 0 1 2.225078 0 0 9163.703320 9164.205061 9164.205061 9164.205061 9166.211975 9168.437053 0 C 
 33 244 4 46 3 2 HL 1 94 -71 122 -51 1 1 2.815815 0 0 9169.456503 9169.958232 9169.958232 9169.958232 9171.965157 9174.780972 0 C 
 33 245 4 47 2 3 LH 1 74 -75 85 -15 1 1 3.340753 0 0 9175.795037 9176.296768 9176.296768 9176.296768 9178.303694 9181.644448 0 C 
 33 246 4 48 2 3 LH 1 162 -38 137 +22 1 1 1.878659 0 0 9182.668752 9183.170482 9183.170482 9183.170482 9185.177405 9187.056064 0 C 
 33 247 4 49 3 2 HL 1 161 +51 209 +31 1 1 4.490600 0 0 9188.070720 9188.572454 9188.572454 9188.572454 9190.579379 9195.069979 0 C 
 33 248 4 50 3 3 HH 1 172 +82 223 +22 1 1 2.474217 0 0 9196.081692 9196.583428 9196.583428 9196.583428 9198.590348 9201.064565 0 C 
 33 249 4 51 3 1 HN 0 81 +53 56 +53 0 1 3.261365 0 0 9202.085741 9202.587472 9202.587472 9202.587472 9204.594400 9207.855765 0 C 
 33 250 4 52 1 3 NH 0 83 -90 83 -30 0 1 3.061885 0 0 9208.875833 9209.377563 9209.377563 9209.377563 9211.384485 9214.446370 0 C 
 33 251 4 53 1 3 NH 0 93 +22 93 +82 0 1 2.143473 0 0 9215.465232 9215.966964 9215.966964 9215.966964 9217.973889 9220.117363 0 C 
 33 252 4 54 2 3 LH 1 109 +22 92 +82 1 1 2.749156 0 0 9221.134791 9221.636523 9221.636523 9221.636523 9223.643450 9226.392606 0 C 
 33 253 4 55 2 2 LL 1 134 -45 113 -25 1 1 3.740958 0 0 9227.406430 9227.908161 9227.908161 9227.908161 9229.915084 9233.656043 0 C 
 33 254 4 56 1 1 NN 0 82 -68 82 -68 0 1 4.362873 0 0 9234.664804 9235.166535 9235.166535 9235.166535 9237.173459 9241.536332 0 C 
 33 255 4 57 2 2 LL 1 163 +54 187 +34 1 1 2.506655 0 0 9242.558705 9243.060438 9243.060438 9243.060438 9245.067360 9247.574015 0 C 
 33 256 4 58 1 2 NL 0 88 -37 88 -57 0 1 2.732782 0 0 9248.596202 9249.097933 9249.097933 9249.097933 9251.104856 9253.837639 0 C 
 33 257 4 59 3 2 HL 1 74 -73 96 -53 1 1 2.727012 0 0 9254.851115 9255.352843 9255.352843 9255.352843 9257.359771 9260.086783 0 C 
 33 258 4 60 3 3 HH 1 152 +36 197 -24 1 1 1.922393 0 0 9261.106027 9261.607763 9261.607763 9261.607763 9263.614683 9265.537075 0 C 
 33 259 5  1 1 2 NL 0 137 -66 137 -86 0 1 2.408005 0 0 9293.450953 9293.952682 9293.952682 9293.952682 9295.959606 9298.367612 0 C 
 33 260 5  2 3 1 HN 0 125 -37 87 -37 0 1 3.255988 0 0 9299.388101 9299.889832 9299.889832 9299.889832 9301.896758 9305.152745 0 C 
 33 261 5  3 3 3 HH 1 103 +9 72 +69 1 1 1.956130 0 0 9306.161469 9306.663201 9306.663201 9306.663201 9308.670123 9310.626254 0 C 
 33 262 5  4 2 1 LN 0 149 -66 171 -66 0 1 2.899231 0 0 9311.647062 9312.148799 9312.148799 9312.148799 9314.155713 9317.054943 0 C 
 33 263 5  5 2 2 LL 1 123 +3 104 +23 1 1 2.848854 0 0 9318.069218 9318.570951 9318.570951 9318.570951 9320.577873 9323.426727 0 C 
 33 264 5  6 3 3 HH 1 71 -51 49 +9 1 1 3.211889 0 0 9324.441202 9324.942934 9324.942934 9324.942934 9326.949855 9330.161744 0 C 
 33 265 5  7 1 2 NL 0 83 -71 83 -51 0 1 1.840873 0 0 9331.181120 9331.682852 9331.682852 9331.682852 9333.689776 9335.530649 0 C 
 33 266 5  8 1 2 NL 0 74 -65 74 -45 0 1 2.744047 0 0 9336.549643 9337.051377 9337.051377 9337.051377 9339.058295 9341.802342 0 C 
 33 267 5  9 3 2 HL 1 178 +11 231 +31 1 1 1.643281 0 0 9342.821279 9343.323011 9343.323011 9343.323011 9345.329934 9346.973215 0 C 
 33 268 5 10 3 2 HL 1 84 -39 58 -19 1 1 2.561778 0 0 9347.989109 9348.490842 9348.490842 9348.490842 9350.497764 9353.059541 0 C 
 33 269 5 11 1 3 NH 0 112 +41 112 -19 0 1 2.818932 0 0 9354.076778 9354.578511 9354.578511 9354.578511 9356.585433 9359.404364 0 C 
 33 270 5 12 2 3 LH 1 131 -88 150 -28 1 1 2.511633 0 0 9360.415313 9360.917039 9360.917039 9360.917039 9362.923967 9365.435600 0 C 
 33 271 5 13 3 2 HL 1 73 -60 51 -40 1 1 2.721764 0 0 9366.452808 9366.954541 9366.954541 9366.954541 9368.961461 9371.683225 0 C 
 33 272 5 14 1 2 NL 0 71 +51 71 +31 0 1 2.738891 0 0 9372.707722 9373.209453 9373.209453 9373.209453 9375.216378 9377.955270 0 C 
 33 273 5 15 3 2 HL 1 93 +49 65 +29 1 1 3.498444 0 0 9378.979360 9379.481090 9379.481090 9379.481090 9381.488016 9384.986461 0 C 
 33 274 5 16 2 3 LH 1 57 +81 65 +21 1 1 3.245451 0 0 9386.003593 9386.505332 9386.505332 9386.505332 9388.512247 9391.757699 0 C 
 33 275 5 17 1 2 NL 0 176 +47 176 +67 0 1 2.160415 0 0 9392.776958 9393.278694 9393.278694 9393.278694 9395.285618 9397.446033 0 C 
 33 276 5 18 2 3 LH 1 84 -27 71 -87 1 1 2.419213 0 0 9398.463245 9398.964976 9398.964976 9398.964976 9400.971900 9403.391113 0 C 
 33 277 5 19 1 2 NL 0 102 +31 102 +51 0 1 2.193124 0 0 9404.400394 9404.902136 9404.902136 9404.902136 9406.909050 9409.102173 0 C 
 33 278 5 20 1 3 NH 0 149 -51 149 +9 0 1 2.991211 0 0 9410.120128 9410.621859 9410.621859 9410.621859 9412.628786 9415.619997 0 C 
 33 279 5 21 3 1 HN 0 119 -76 83 -76 0 1 2.293570 0 0 9416.642632 9417.144360 9417.144360 9417.144360 9419.151286 9421.444856 0 C 
 33 280 5 22 2 1 LN 0 141 -77 119 -77 0 1 2.011192 0 0 9422.462710 9422.964442 9422.964442 9422.964442 9424.971365 9426.982557 0 C 
 33 281 5 23 1 3 NH 0 108 +25 108 -35 0 1 3.025660 0 0 9427.998475 9428.500206 9428.500206 9428.500206 9430.507128 9433.532789 0 C 
 33 282 5 24 1 1 NN 0 58 -27 58 -27 0 1 2.000337 0 0 9434.554427 9435.056158 9435.056158 9435.056158 9437.063084 9439.063420 0 C 
 33 283 5 25 3 1 HN 0 160 -53 112 -53 0 1 3.085629 0 0 9440.073467 9440.575201 9440.575201 9440.575201 9442.582123 9445.667752 0 C 
 33 284 5 26 2 2 LL 1 152 -58 129 -78 1 1 3.360781 0 0 9446.679592 9447.181323 9447.181323 9447.181323 9449.188244 9452.549025 0 C 
 33 285 5 27 3 2 HL 1 146 -39 102 -59 1 1 2.345923 0 0 9453.570032 9454.071764 9454.071764 9454.071764 9456.078688 9458.424611 0 C 
 33 286 5 28 2 2 LL 1 141 -34 162 -54 1 1 4.016952 0 0 9459.440285 9459.942014 9459.942014 9459.942014 9461.948941 9465.965892 0 C 
 33 287 5 29 3 3 HH 1 110 +87 77 +27 1 1 2.051095 0 0 9466.982973 9467.484703 9467.484703 9467.484703 9469.491630 9471.542725 0 C 
 33 288 5 30 1 3 NH 0 171 +73 171 +13 0 1 3.416782 0 0 9472.552186 9473.053923 9473.053923 9473.053923 9475.060841 9478.477623 0 C 
 33 289 5 31 2 3 LH 1 72 -78 61 -18 1 1 3.580727 0 0 9479.492798 9479.994533 9479.994533 9479.994533 9482.001453 9485.582180 0 C 
 33 290 5 32 1 3 NH 0 134 -86 134 -26 0 1 2.666928 0 0 9486.600655 9487.102387 9487.102387 9487.102387 9489.109309 9491.776237 0 C 
 33 291 5 33 2 2 LL 1 57 +71 48 +51 1 1 4.836528 0 0 9492.788670 9493.290405 9493.290405 9493.290405 9495.297330 9500.133859 0 C 
 33 292 5 34 1 2 NL 0 179 -45 179 -65 0 1 2.258601 0 0 9501.150852 9501.652592 9501.652592 9501.652592 9503.659508 9505.918109 0 C 
 33 293 5 35 1 1 NN 0 152 +2 152 +2 0 1 2.121133 0 0 9506.937484 9507.439218 9507.439218 9507.439218 9509.446137 9511.567271 0 C 
 33 294 5 36 3 2 HL 1 121 -19 157 +1 1 1 2.407054 0 0 9512.590319 9513.092054 9513.092054 9513.092054 9515.098974 9517.506027 0 C 
 33 295 5 37 3 2 HL 1 115 +56 149 +76 1 1 1.866893 0 0 9518.527474 9519.029207 9519.029207 9519.029207 9521.036126 9522.903019 0 C 
 33 296 5 38 2 2 LL 1 87 +88 73 +68 1 1 2.077515 0 0 9523.912714 9524.414443 9524.414443 9524.414443 9526.421369 9528.498884 0 C 
 33 297 5 39 1 2 NL 0 72 +71 72 +51 0 1 1.967356 0 0 9529.515377 9530.017108 9530.017108 9530.017108 9532.024031 9533.991387 0 C 
 33 298 5 40 3 3 HH 1 119 +11 83 +71 1 1 1.856749 0 0 9535.000970 9535.502700 9535.502700 9535.502700 9537.509627 9539.366376 0 C 
 33 299 5 41 1 1 NN 0 174 +76 174 +76 0 1 1.955779 0 0 9540.386216 9540.887945 9540.887945 9540.887945 9542.894872 9544.850652 0 C 
 33 300 5 42 1 2 NL 0 143 -42 143 -62 0 1 1.946420 0 0 9545.871809 9546.373540 9546.373540 9546.373540 9548.380463 9550.326883 0 C 
 33 301 5 43 3 3 HH 1 175 +45 227 -15 1 1 2.671893 0 0 9551.340674 9551.842408 9551.842408 9551.842408 9553.849332 9556.521226 0 C 
 33 302 5 44 2 1 LN 0 63 +64 72 +64 0 1 3.085151 0 0 9557.545415 9558.047146 9558.047146 9558.047146 9560.054071 9563.139222 0 C 
 33 303 5 45 3 1 HN 0 56 +89 39 +89 0 1 1.878618 0 0 9564.151539 9564.653275 9564.653275 9564.653275 9566.660194 9568.538812 0 C 
 33 304 5 46 1 3 NH 0 127 +9 127 -51 0 1 2.523603 0 0 9569.553509 9570.055240 9570.055240 9570.055240 9572.062165 9574.585768 0 C 
 33 305 5 47 2 3 LH 1 60 +7 69 +67 1 1 2.524108 0 0 9575.607731 9576.109460 9576.109460 9576.109460 9578.116384 9580.640493 0 C 
 33 306 5 48 3 3 HH 1 129 +45 90 -15 1 1 2.734094 0 0 9581.661951 9582.163682 9582.163682 9582.163682 9584.170608 9586.904702 0 C 
 33 307 5 49 2 2 LL 1 151 -77 128 -57 1 1 2.120772 0 0 9587.916865 9588.418591 9588.418591 9588.418591 9590.425520 9592.546292 0 C 
 33 308 5 50 2 3 LH 1 121 -59 102 +1 1 1 1.338812 0 0 9593.569698 9594.071434 9594.071434 9594.071434 9596.078354 9597.417166 0 C 
 33 309 5 51 3 3 HH 1 142 +77 184 +17 1 1 1.416622 0 0 9598.436487 9598.938221 9598.938221 9598.938221 9600.945147 9602.361769 0 C 
 33 310 5 52 2 2 LL 1 95 +81 80 +61 1 1 3.587251 0 0 9603.386899 9603.888629 9603.888629 9603.888629 9605.895558 9609.482809 0 C 
 33 311 5 53 3 2 HL 1 153 +58 198 +78 1 1 2.936422 0 0 9610.494757 9610.996489 9610.996489 9610.996489 9613.003413 9615.939835 0 C 
 33 312 5 54 2 3 LH 1 168 -32 193 +28 1 1 3.554030 0 0 9616.950362 9617.452091 9617.452091 9617.452091 9619.459020 9623.013050 0 C 
 33 313 5 55 3 1 HN 0 174 -72 121 -72 0 1 3.360714 0 0 9624.024770 9624.526498 9624.526498 9624.526498 9626.533423 9629.894137 0 C 
 33 314 5 56 3 3 HH 1 142 -14 99 -74 1 1 1.713333 0 0 9630.915207 9631.416943 9631.416943 9631.416943 9633.423865 9635.137198 0 C 
 33 315 5 57 1 3 NH 0 169 +76 169 +16 0 1 2.203516 0 0 9636.149935 9636.651666 9636.651666 9636.651666 9638.658589 9640.862105 0 C 
 33 316 5 58 2 2 LL 1 128 +24 147 +44 1 1 3.400191 0 0 9641.886393 9642.388124 9642.388124 9642.388124 9644.395049 9647.795241 0 C 
 33 317 5 59 3 3 HH 1 180 -13 125 -73 1 1 2.548964 0 0 9648.810280 9649.312013 9649.312013 9649.312013 9651.318935 9653.867899 0 C 
 33 318 5 60 2 3 LH 1 172 +12 146 -48 1 1 1.857174 0 0 9654.881225 9655.382953 9655.382953 9655.382953 9657.389879 9659.247053 0 C 
 33 319 6  1 3 3 HH 1 87 -75 113 -15 1 1 1.597470 0 0 9675.034088 9675.535817 9675.535817 9675.535817 9677.542741 9679.140210 0 C 
 33 320 6  2 2 2 LL 1 149 -57 126 -77 1 1 2.401860 0 0 9680.151741 9680.653473 9680.653473 9680.653473 9682.660396 9685.062256 0 C 
 33 321 6  3 1 1 NN 0 146 -89 146 -89 0 1 1.223833 0 0 9686.072166 9686.573901 9686.573901 9686.573901 9688.580825 9689.804659 0 C 
 33 322 6  4 2 2 LL 1 114 +26 131 +46 1 1 2.297591 0 0 9690.821887 9691.323620 9691.323620 9691.323620 9693.330545 9695.628136 0 C 
 33 323 6  5 3 3 HH 1 103 -84 72 -24 1 1 2.281253 0 0 9696.641967 9697.143698 9697.143698 9697.143698 9699.150621 9701.431874 0 C 
 33 324 6  6 1 1 NN 0 153 -63 153 -63 0 1 0.981273 0 0 9702.445322 9702.947050 9702.947050 9702.947050 9704.953977 9705.935250 0 C 
 33 325 6  7 2 3 LH 1 131 +65 150 +5 1 1 1.543471 0 0 9706.944177 9707.445910 9707.445910 9707.445910 9709.452832 9710.996303 0 C 
 33 326 6  8 2 2 LL 1 108 -34 91 -54 1 1 1.768772 0 0 9712.011660 9712.513392 9712.513392 9712.513392 9714.520315 9716.289087 0 C 
 33 327 6  9 1 2 NL 0 91 -76 91 -56 0 1 4.024018 0 0 9717.313285 9717.815015 9717.815015 9717.815015 9719.821937 9723.845955 0 C 
 33 328 6 10 2 2 LL 1 177 -54 203 -34 1 1 2.457699 0 0 9724.855971 9725.357710 9725.357710 9725.357710 9727.364627 9729.822326 0 C 
 33 329 6 11 1 1 NN 0 65 +64 65 +64 0 1 2.705830 0 0 9730.843296 9731.345027 9731.345027 9731.345027 9733.351950 9736.057781 0 C 
 33 330 6 12 2 2 LL 1 120 +0 102 +20 1 1 2.198505 0 0 9737.081484 9737.583215 9737.583215 9737.583215 9739.590138 9741.788643 0 C 
 33 331 6 13 3 1 HN 0 80 -59 104 -59 0 1 2.066362 0 0 9742.801217 9743.302950 9743.302950 9743.302950 9745.309874 9747.376236 0 C 
 33 332 6 14 2 3 LH 1 120 -75 102 -15 1 1 3.431654 0 0 9748.387156 9748.888888 9748.888888 9748.888888 9750.895807 9754.327460 0 C 
 33 333 6 15 1 1 NN 0 54 +71 54 +71 0 1 1.372631 0 0 9755.344491 9755.846226 9755.846226 9755.846226 9757.853146 9759.225778 0 C 
 33 334 6 16 1 2 NL 0 84 +36 84 +16 0 1 2.065520 0 0 9760.244731 9760.746459 9760.746459 9760.746459 9762.753388 9764.818908 0 C 
 33 335 6 17 2 3 LH 1 59 +64 67 +4 1 1 1.973014 0 0 9765.830672 9766.332402 9766.332402 9766.332402 9768.339323 9770.312338 0 C 
 33 336 6 18 1 2 NL 0 74 +26 74 +46 0 1 2.711222 0 0 9771.332985 9771.834719 9771.834719 9771.834719 9773.841642 9776.552863 0 C 
 33 337 6 19 1 1 NN 0 145 -62 145 -62 0 1 1.075241 0 0 9777.571174 9778.072905 9778.072905 9778.072905 9780.079826 9781.155067 0 C 
 33 338 6 20 2 1 LN 0 99 -12 84 -12 0 1 2.259353 0 0 9782.170374 9782.672108 9782.672108 9782.672108 9784.679032 9786.938385 0 C 
 33 339 6 21 1 1 NN 0 101 +81 101 +81 0 1 1.048050 0 0 9787.957005 9788.458734 9788.458734 9788.458734 9790.465660 9791.513710 0 C 
 33 340 6 22 3 2 HL 1 60 -41 78 -21 1 1 1.929014 0 0 9792.522757 9793.024488 9793.024488 9793.024488 9795.031412 9796.960427 0 C 
 33 341 6 23 3 3 HH 1 166 -56 215 +4 1 1 1.240066 0 0 9797.974901 9798.476633 9798.476633 9798.476633 9800.483558 9801.723624 0 C 
 33 342 6 24 1 3 NH 0 104 -61 104 -1 0 1 1.807175 0 0 9802.741345 9803.243078 9803.243078 9803.243078 9805.250002 9807.057177 0 C 
 33 343 6 25 3 1 HN 0 71 +37 49 +37 0 1 1.647688 0 0 9808.076419 9808.578151 9808.578151 9808.578151 9810.585073 9812.232761 0 C 
 33 344 6 26 3 1 HN 0 60 +12 78 +12 0 1 1.432893 0 0 9813.244246 9813.745978 9813.745978 9813.745978 9815.752903 9817.185796 0 C 
 33 345 6 27 1 3 NH 0 94 +14 94 +74 0 1 2.689241 0 0 9818.194659 9818.696392 9818.696392 9818.696392 9820.703317 9823.392557 0 C 
 33 346 6 28 2 1 LN 0 171 +67 145 +67 0 1 2.087364 0 0 9824.416125 9824.917853 9824.917853 9824.917853 9826.924778 9829.012142 0 C 
 33 347 6 29 1 3 NH 0 92 +56 92 -4 0 1 1.603199 0 0 9830.035510 9830.537241 9830.537241 9830.537241 9832.544168 9834.147367 0 C 
 33 348 6 30 2 1 LN 0 169 -48 194 -48 0 1 1.427917 0 0 9835.169890 9835.671628 9835.671628 9835.671628 9837.678547 9839.106464 0 C 
 33 349 6 31 1 2 NL 0 96 -11 96 -31 0 1 4.643389 0 0 9840.120303 9840.622033 9840.622033 9840.622033 9842.628958 9847.272346 0 C 
 33 350 6 32 2 3 LH 1 113 +80 96 +20 1 1 2.198052 0 0 9848.281793 9848.783524 9848.783524 9848.783524 9850.790450 9852.988502 0 C 
 33 351 6 33 2 2 LL 1 167 -79 192 -59 1 1 3.206893 0 0 9854.001526 9854.503258 9854.503258 9854.503258 9856.510183 9859.717076 0 C 
 33 352 6 34 2 1 LN 0 59 -82 50 -82 0 1 1.630881 0 0 9860.741446 9861.243181 9861.243181 9861.243181 9863.250100 9864.880981 0 C 
 33 353 6 35 3 1 HN 0 177 +75 230 +75 0 1 0.931810 0 0 9865.892551 9866.394284 9866.394284 9866.394284 9868.401205 9869.333015 0 C 
 33 354 6 36 2 3 LH 1 126 -83 107 -23 1 1 1.786008 0 0 9870.357956 9870.859692 9870.859692 9870.859692 9872.866614 9874.652622 0 C 
 33 355 6 37 3 3 HH 1 95 -46 66 +14 1 1 1.972120 0 0 9875.676305 9876.178033 9876.178033 9876.178033 9878.184961 9880.157081 0 C 
 33 356 6 38 2 1 LN 0 117 -62 99 -62 0 1 1.675258 0 0 9881.178621 9881.680357 9881.680357 9881.680357 9883.687279 9885.362537 0 C 
 33 357 6 39 3 2 HL 1 173 -7 224 +13 1 1 3.102189 0 0 9886.379899 9886.881630 9886.881630 9886.881630 9888.888551 9891.990740 0 C 
 33 358 6 40 3 3 HH 1 58 +47 40 -13 1 1 4.109456 0 0 9893.002748 9893.504481 9893.504481 9893.504481 9895.511406 9899.620862 0 C 
 33 359 6 41 2 2 LL 1 114 -5 96 +15 1 1 2.880862 0 0 9900.645783 9901.147516 9901.147516 9901.147516 9903.154438 9906.035300 0 C 
 33 360 6 42 1 1 NN 0 145 +11 145 +11 0 1 2.044386 0 0 9907.051216 9907.552947 9907.552947 9907.552947 9909.559873 9911.604259 0 C 
 33 361 6 43 2 3 LH 1 99 -63 113 -3 1 1 2.578564 0 0 9912.620433 9913.122166 9913.122166 9913.122166 9915.129085 9917.707649 0 C 
 33 362 6 44 2 1 LN 0 127 -63 146 -63 0 1 2.005518 0 0 9918.724824 9919.226560 9919.226560 9919.226560 9921.233478 9923.238997 0 C 
 33 363 6 45 1 3 NH 0 103 -32 103 +28 0 1 2.561511 0 0 9924.260588 9924.762321 9924.762321 9924.762321 9926.769243 9929.330754 0 C 
 33 364 6 46 1 2 NL 0 172 -19 172 -39 0 1 2.021327 0 0 9930.348257 9930.849991 9930.849991 9930.849991 9932.856914 9934.878241 0 C 
 33 365 6 47 3 2 HL 1 65 -25 45 -45 1 1 2.165164 0 0 9935.900748 9936.402478 9936.402478 9936.402478 9938.409399 9940.574563 0 C 
 33 366 6 48 1 3 NH 0 149 +53 149 -7 0 1 2.076751 0 0 9941.587032 9942.088765 9942.088765 9942.088765 9944.095686 9946.172437 0 C 
 33 367 6 49 3 2 HL 1 125 -52 162 -32 1 1 1.785490 0 0 9947.189693 9947.691431 9947.691431 9947.691431 9949.698349 9951.483839 0 C 
 33 368 6 50 3 1 HN 0 152 +25 197 +25 0 1 1.068749 0 0 9952.508042 9953.009775 9953.009775 9953.009775 9955.016695 9956.085444 0 C 
 33 369 6 51 1 1 NN 0 171 -14 171 -14 0 1 1.085914 0 0 9957.107242 9957.608984 9957.608984 9957.608984 9959.615898 9960.701812 0 C 
 33 370 6 52 3 3 HH 1 150 -12 105 -72 1 1 2.177269 0 0 9961.723168 9962.224903 9962.224903 9962.224903 9964.231823 9966.409092 0 C 
 33 371 6 53 2 3 LH 1 149 -19 171 -79 1 1 2.270034 0 0 9967.426175 9967.927905 9967.927905 9967.927905 9969.934832 9972.204866 0 C 
 33 372 6 54 2 3 LH 1 177 +74 203 +14 1 1 1.835887 0 0 9973.229532 9973.731260 9973.731260 9973.731260 9975.738184 9977.574071 0 C 
 33 373 6 55 2 1 LN 0 170 -66 195 -66 0 1 1.053245 0 0 9978.598053 9979.099785 9979.099785 9979.099785 9981.106708 9982.159953 0 C 
 33 374 6 56 2 3 LH 1 101 +80 85 +20 1 1 1.372046 0 0 9983.180530 9983.682260 9983.682260 9983.682260 9985.689185 9987.061231 0 C 
 33 375 6 57 1 2 NL 0 85 +72 85 +52 0 1 1.895712 0 0 9988.080770 9988.582500 9988.582500 9988.582500 9990.589427 9992.485139 0 C 
 33 376 6 58 2 2 LL 1 145 +57 166 +37 1 1 3.783273 0 0 9993.499463 9994.001204 9994.001204 9994.001204 9996.008118 9999.791391 0 C 
 33 377 6 59 2 2 LL 1 125 -58 143 -78 1 1 2.149365 0 0 10000.808017 10001.309742 10001.309742 10001.309742 10003.316666 10005.466031 0 C 
 33 378 6 60 3 3 HH 1 78 -4 101 +56 1 1 1.597764 0 0 10006.477569 10006.979301 10006.979301 10006.979301 10008.986229 10010.583993 0 C 
