14 0 01 01 01 03 0.940000 0.426095 0.025635 3.490119 356    355 
14 0 02 01 02 01 0.200000 0.154005 0.267910 1.035354 488    843 
14 0 03 01 03 01 0.200000 0.124195 0.139440 1.135542 500   1343 
14 0 04 01 04 02 0.870000 0.210873 0.267411 1.085441 497   1840 
14 0 05 01 05 02 0.870000 0.501755 0.655696 1.118842 479   2319 
14 0 06 01 06 02 0.870000 0.204214 0.249358 2.137489 498   2817 
14 0 07 01 07 01 0.200000 0.889017 0.785398 1.018647 490   3308 
14 0 08 01 08 04 1.000000 0.454688 0.055499 0.951851 357   3664 
14 0 09 01 09 04 1.000000 0.179071 0.549993 0.901754 376   4040 
14 0 10 01 10 03 0.940000 0.139388 0.319909 0.968549 471   4511 
14 0 11 01 11 04 1.000000 0.835277 0.340616 0.901755 280   4791 
14 0 12 01 12 02 0.870000 0.298928 0.474400 1.018648 472   5263 
14 0 13 01 13 01 0.200000 0.505528 0.486603 0.868354 500   5763 
14 0 14 01 14 01 0.200000 0.356044 0.359506 1.001947 500   6263 
14 0 15 01 15 03 0.940000 0.393046 0.543190 0.951850 480   6742 
14 0 16 01 16 04 1.000000 0.136737 0.691505 0.834958 223   6965 
14 0 17 01 17 03 0.940000 0.321184 0.315616 0.851655 500   7465 
14 0 18 01 18 03 0.940000 -0.027080 0.457175 0.868354 289   7754 
14 0 19 01 19 03 0.940000 0.461161 0.516819 1.068745 497   8252 
14 0 20 01 20 02 0.870000 -0.089094 -0.147849 1.452824 497   8748 
14 0 21 01 21 04 1.000000 0.936135 0.125707 0.834957 -91   8657 
14 0 22 01 22 04 1.000000 0.622278 0.388034 0.834957 451   9108 
14 0 23 01 23 01 0.200000 0.837927 0.694738 0.935150 482   9590 
14 0 24 01 24 01 0.200000 0.520799 0.490852 1.402728 499  10089 
14 0 25 01 25 02 0.870000 0.930541 0.727211 0.851656 463  10552 
14 0 26 01 26 03 0.940000 0.364287 0.418224 1.252436 497  11049 
14 0 27 01 27 04 1.000000 0.634068 1.055247 1.219036 340  11389 
14 0 28 01 28 04 1.000000 0.234954 0.126973 0.851655 490  11879 
14 0 29 01 29 02 0.870000 0.676535 0.665969 1.118843 500  12379 
14 0 30 01 30 03 0.940000 0.976024 0.054002 0.951846 -265  12114 
14 0 31 01 31 03 0.940000 -0.023329 0.393869 1.219037 343  12457 
14 0 32 01 32 02 0.870000 0.373309 0.497172 1.553021 486  12943 
14 0 33 01 33 02 0.870000 0.759183 0.863579 1.068744 490  13433 
14 0 34 01 34 02 0.870000 -0.055489 -0.042528 1.335927 500  13933 
14 0 35 01 35 01 0.200000 0.397568 0.353319 1.870303 498  14431 
14 0 36 01 36 04 1.000000 -0.094638 0.395690 1.436126 284  14715 
14 0 37 01 37 03 0.940000 0.272972 0.509071 1.669914 450  15165 
14 0 38 01 38 04 1.000000 0.551992 0.360566 0.667971 467  15632 
14 0 39 01 39 03 0.940000 0.453879 0.610726 0.885062 478  16110 
14 0 40 01 40 02 0.870000 0.327541 0.371801 1.335932 498  16608 
14 0 41 01 41 03 0.940000 0.488232 0.749516 0.868354 439  17046 
14 0 42 01 42 01 0.200000 0.450679 0.421419 1.903702 499  17546 
14 0 43 01 43 04 1.000000 0.681563 0.327400 1.402728 387  17933 
14 0 44 01 44 02 0.870000 0.941967 0.951323 0.951850 500  18433 
14 0 45 01 45 04 1.000000 0.358890 0.574645 1.436124 458  18891 
14 0 46 01 46 03 0.940000 0.433827 0.469600 1.419426 499  19390 
14 0 47 01 47 01 0.200000 0.496278 0.474546 1.386027 500  19889 
14 0 48 01 48 04 1.000000 -0.045059 0.463648 0.868355 267  20156 
14 0 49 01 49 01 0.200000 0.910432 0.707127 1.820206 463  20619 
14 0 50 01 50 02 0.870000 0.051230 0.052892 0.951851 500  21119 
14 0 51 01 51 03 0.940000 0.788673 0.518256 0.968551 434  21553 
14 0 52 01 52 03 0.940000 0.673102 0.521434 1.102142 479  22033 
14 0 53 01 53 01 0.200000 0.542215 0.511659 1.352626 499  22532 
14 0 54 01 54 01 0.200000 0.599647 0.496423 0.885056 490  23022 
14 0 55 01 55 03 0.940000 0.615530 0.569058 1.185637 498  23520 
14 0 56 01 56 03 0.940000 0.416010 0.712135 1.436125 421  23941 
14 0 57 01 57 02 0.870000 0.349428 0.491591 1.152242 482  24423 
14 0 58 01 58 02 0.870000 0.058993 0.081580 1.369328 500  24923 
14 0 59 01 59 03 0.940000 1.005004 0.847334 1.352629 478  25400 
14 0 60 01 60 01 0.200000 0.160576 0.210183 1.085443 498  25898 
14 0 61 02 01 03 0.940000 0.299122 0.381812 1.486223 494  26392 
14 0 62 02 02 03 0.940000 0.847714 0.701795 0.851656 481  26873 
14 0 63 02 03 02 0.870000 0.210020 0.360271 1.135541 480  27352 
14 0 64 02 04 02 0.870000 0.571327 0.556902 1.386028 500  27852 
14 0 65 02 05 02 0.870000 0.243619 0.288055 1.369331 498  28351 
14 0 66 02 06 02 0.870000 0.036571 0.115881 1.185634 494  28845 
14 0 67 02 07 02 0.870000 0.108856 0.170309 1.269133 497  29341 
14 0 68 02 08 01 0.200000 0.295765 0.305299 1.185638 500  29841 
14 0 69 02 09 01 0.200000 1.079015 0.886745 1.235736 467  30308 
14 0 70 02 10 04 1.000000 0.102924 0.214685 0.951851 489  30797 
14 0 71 02 11 03 0.940000 0.031726 0.090660 1.669913 497  31294 
14 0 72 02 12 04 1.000000 0.613396 0.606383 0.801558 500  31794 
14 0 73 02 13 02 0.870000 -0.004956 0.036793 1.185635 498  32292 
14 0 74 02 14 01 0.200000 -0.242554 -0.193622 1.569720 498  32790 
14 0 75 02 15 02 0.870000 0.153145 0.208122 1.052042 497  33287 
14 0 76 02 16 02 0.870000 0.388890 0.452154 1.436125 496  33784 
14 0 77 02 17 02 0.870000 -0.066236 -0.092451 1.285834 499  34283 
14 0 78 02 18 02 0.870000 0.451860 0.449514 0.801559 500  34783 
14 0 79 02 19 04 1.000000 0.698021 0.381812 1.152241 410  35193 
14 0 80 02 20 04 1.000000 -0.075414 0.317459 1.085447 361  35554 
14 0 81 02 21 02 0.870000 0.372134 0.360358 1.302532 500  36054 
14 0 82 02 22 02 0.870000 0.002368 -0.127680 0.851657 485  36539 
14 0 83 02 23 01 0.200000 0.277334 0.293436 1.202341 500  37039 
14 0 84 02 24 01 0.200000 0.089253 0.211093 0.734763 487  37525 
14 0 85 02 25 01 0.200000 0.629808 0.537675 1.653214 492  38018 
14 0 86 02 26 02 0.870000 0.463389 0.535662 1.219036 495  38513 
14 0 87 02 27 02 0.870000 1.024894 1.007480 1.035345 500  39013 
14 0 88 02 28 01 0.200000 0.267231 0.249841 1.035348 500  39512 
14 0 89 02 29 01 0.200000 0.470269 0.408729 0.901754 497  40009 
14 0 90 02 30 01 0.200000 0.853523 0.709912 1.202339 481  40490 
14 0 91 02 31 01 0.200000 -0.167712 -0.168750 1.185639 500  40990 
14 0 92 02 32 03 0.940000 0.439452 0.248710 0.901753 467  41458 
14 0 93 02 33 03 0.940000 0.492916 0.771574 1.152240 430  41888 
14 0 94 02 34 01 0.200000 0.640350 0.651077 1.085444 500  42388 
14 0 95 02 35 04 1.000000 0.906041 0.807816 0.918453 491  42879 
14 0 96 02 36 03 0.940000 -0.107084 0.000000 0.734762 490  43369 
14 0 97 02 37 03 0.940000 0.402747 -0.210089 1.052045 162  43531 
14 0 98 02 38 04 1.000000 -0.004677 0.457834 1.001949 307  43838 
14 0 99 02 39 03 0.940000 0.839343 0.882527 1.302533 498  44336 
14 0 100 02 40 03 0.940000 0.364889 0.477584 0.935152 489  44825 
14 0 101 02 41 01 0.200000 0.640374 0.579833 1.369330 497  45322 
14 0 102 02 42 04 1.000000 0.705980 0.088937 0.768161 157  45479 
14 0 103 02 43 04 1.000000 0.628020 0.548241 0.968549 494  45973 
14 0 104 02 44 03 0.940000 0.533290 0.527146 0.901754 500  46473 
14 0 105 02 45 03 0.940000 0.579977 0.602983 1.102144 500  46973 
14 0 106 02 46 02 0.870000 0.550797 0.607305 1.018646 497  47470 
14 0 107 02 47 04 1.000000 0.530194 -0.079830 1.502922 165  47635 
14 0 108 02 48 03 0.940000 0.065667 0.694738 1.052046 144  47779 
14 0 109 02 49 04 1.000000 0.161876 0.552494 0.818257 363  48141 
14 0 110 02 50 03 0.940000 -0.026588 0.437177 0.651268 306  48448 
14 0 111 02 51 03 0.940000 0.658183 0.618887 0.851656 499  48947 
14 0 112 02 52 03 0.940000 0.865804 0.935481 1.152240 496  49442 
14 0 113 02 53 04 1.000000 0.315573 0.662216 1.052046 392  49834 
14 0 114 02 54 03 0.940000 0.322068 0.570968 1.653215 444  50278 
14 0 115 02 55 02 0.870000 -0.126690 -0.174270 1.703311 498  50776 
14 0 116 02 56 04 1.000000 0.917825 -0.140994 0.751461 -509  50267 
14 0 117 02 57 04 1.000000 0.142791 0.365747 1.335932 455  50722 
14 0 118 02 58 02 0.870000 0.363665 0.356501 0.918454 500  51222 
14 0 119 02 59 03 0.940000 0.039519 0.066129 1.703309 499  51722 
14 0 120 02 60 04 1.000000 0.314764 1.181005 1.068747 -175  51546 
14 0 121 03 01 02 0.870000 0.580147 0.534955 0.951851 498  52045 
14 0 122 03 02 01 0.200000 0.306326 0.337339 1.052047 499  52544 
14 0 123 03 03 01 0.200000 0.213857 0.173246 1.519619 499  53042 
14 0 124 03 04 01 0.200000 0.555396 0.460390 0.918447 492  53534 
14 0 125 03 05 03 0.940000 0.425953 0.353542 1.319231 495  54029 
14 0 126 03 06 03 0.940000 0.151268 0.254368 1.302533 490  54520 
14 0 127 03 07 03 0.940000 1.074074 1.043650 1.202342 499  55019 
14 0 128 03 08 02 0.870000 0.201587 0.326061 1.018647 486  55505 
14 0 129 03 09 02 0.870000 0.115711 0.201188 0.834956 493  55999 
14 0 130 03 10 01 0.200000 0.284711 0.263629 1.553019 500  56498 
14 0 131 03 11 03 0.940000 -0.519403 -0.565854 2.204285 498  56996 
14 0 132 03 12 01 0.200000 0.460290 0.475011 1.486223 500  57496 
14 0 133 03 13 01 0.200000 0.527857 0.492211 1.085444 499  57995 
14 0 134 03 14 03 0.940000 0.578555 0.509592 1.102143 496  58491 
14 0 135 03 15 02 0.870000 0.277402 0.345556 0.985249 496  58986 
14 0 136 03 16 01 0.200000 0.629936 0.611216 1.653214 500  59486 
14 0 137 03 17 04 1.000000 0.449948 -0.381679 1.636516 -122  59364 
14 0 138 03 18 04 1.000000 0.915183 0.365201 0.818256 228  59591 
14 0 139 03 19 03 0.940000 0.038074 0.016215 1.219037 500  60091 
14 0 140 03 20 04 1.000000 0.289891 0.498316 0.801560 461  60552 
14 0 141 03 21 04 1.000000 0.867147 0.398842 1.135541 303  60854 
14 0 142 03 22 04 1.000000 0.378198 0.599744 0.918453 456  61310 
14 0 143 03 23 01 0.200000 0.862489 0.717541 1.669913 481  61791 
14 0 144 03 24 03 0.940000 -0.009128 0.000000 1.419427 500  62291 
14 0 145 03 25 04 1.000000 -0.160082 0.253939 0.801560 346  62637 
14 0 146 03 26 03 0.940000 -0.063670 0.589956 1.252435 115  62753 
14 0 147 03 27 03 0.940000 0.594353 0.638146 0.834957 498  63251 
14 0 148 03 28 04 1.000000 0.699328 0.006452 0.818258  68  63319 
14 0 149 03 29 01 0.200000 0.158026 0.173076 1.502923 500  63819 
14 0 150 03 30 01 0.200000 0.315468 0.274910 1.185638 499  64317 
14 0 151 03 31 01 0.200000 0.738989 0.729900 0.935153 500  64817 
14 0 152 03 32 01 0.200000 -0.203672 -0.157417 1.686615 498  65315 
14 0 153 03 33 02 0.870000 0.799736 0.860810 1.586418 497  65812 
14 0 154 03 34 02 0.870000 0.205302 0.253894 0.834958 498  66310 
14 0 155 03 35 01 0.200000 0.071112 0.048610 1.369329 500  66809 
14 0 156 03 36 04 1.000000 0.608265 0.108068 0.651268 275  67084 
14 0 157 03 37 03 0.940000 0.191075 0.517719 0.885054 404  67488 
14 0 158 03 38 02 0.870000 0.395800 0.353612 0.868356 498  67986 
14 0 159 03 39 04 1.000000 -0.385807 0.578715 0.651267 -337  67649 
14 0 160 03 40 03 0.940000 0.198541 0.243355 0.834957 498  68147 
14 0 161 03 41 03 0.940000 0.167151 0.243154 0.951853 495  68642 
14 0 162 03 42 02 0.870000 0.647506 0.505694 0.818258 482  69124 
14 0 163 03 43 03 0.940000 0.148331 0.348176 1.569721 464  69588 
14 0 164 03 44 01 0.200000 0.604438 0.504861 1.085443 491  70079 
14 0 165 03 45 04 1.000000 0.631936 -0.393698 1.285833 -447  69632 
14 0 166 03 46 04 1.000000 0.497682 0.486519 0.834957 500  70132 
14 0 167 03 47 04 1.000000 -0.014681 0.670331 1.068745  78  70210 
14 0 168 03 48 03 0.940000 1.082677 0.670522 0.985249 347  70557 
14 0 169 03 49 04 1.000000 0.796569 0.460542 0.701364 398  70955 
14 0 170 03 50 01 0.200000 -0.356305 -0.291457 1.653215 496  71452 
14 0 171 03 51 01 0.200000 -0.083705 -0.102668 1.352630 500  71951 
14 0 172 03 52 01 0.200000 0.636831 0.620848 0.968552 500  72451 
14 0 173 03 53 04 1.000000 0.309229 0.148654 0.734762 477  72928 
14 0 174 03 54 03 0.940000 0.521472 0.557186 1.168940 499  73427 
14 0 175 03 55 02 0.870000 0.512854 0.532323 0.818257 500  73926 
14 0 176 03 56 03 0.940000 0.258884 0.567208 0.751461 414  74341 
14 0 177 03 57 02 0.870000 0.352719 0.453844 0.784859 491  74832 
14 0 178 03 58 03 0.940000 -0.038405 0.060329 0.818257 491  75323 
14 0 179 03 59 04 1.000000 0.004279 0.030111 1.168939 499  75822 
14 0 180 03 60 02 0.870000 0.464735 0.422575 1.001949 498  76321 
14 0 181 04 01 02 0.870000 0.561772 0.475275 0.968547 493  76814 
14 0 182 04 02 03 0.940000 0.541177 0.584524 0.885055 498  77312 
14 0 183 04 03 03 0.940000 -0.365140 -0.315069 1.436122 498  77810 
14 0 184 04 04 01 0.200000 0.273958 0.266252 0.834956 500  78310 
14 0 185 04 05 03 0.940000 0.222416 0.144812 1.001947 495  78804 
14 0 186 04 06 03 0.940000 0.607888 0.798273 1.001948 467  79272 
14 0 187 04 07 02 0.870000 0.804625 0.794657 1.302532 500  79772 
14 0 188 04 08 04 1.000000 -0.297809 -0.356501 1.235737 497  80269 
14 0 189 04 09 03 0.940000 0.100357 -0.117795 0.818259 457  80726 
14 0 190 04 10 04 1.000000 0.026029 -0.013244 1.052046 499  81224 
14 0 191 04 11 02 0.870000 0.913610 0.785398 1.068745 485  81710 
14 0 192 04 12 01 0.200000 0.061440 0.074860 1.068745 500  82209 
14 0 193 04 13 04 1.000000 -0.184177 -0.292098 0.868356 490  82699 
14 0 194 04 14 01 0.200000 0.455115 0.466894 0.901743 500  83199 
14 0 195 04 15 03 0.940000 0.435107 0.226273 0.684666 461  83660 
14 0 196 04 16 02 0.870000 0.052436 0.099669 0.784859 498  84158 
14 0 197 04 17 02 0.870000 0.305054 0.302215 0.751462 500  84658 
14 0 198 04 18 04 1.000000 -0.107532 0.196271 1.052050 417  85075 
14 0 199 04 19 04 1.000000 0.702727 -0.037173 1.586418   7  85082 
14 1 200 04 20 04 1.000000 0.357680 -0.009259 6.178681 379  85461 
14 0 201 04 21 02 0.870000 -0.843643 -0.511364 0.985250 401  85861 
14 0 202 04 22 04 1.000000 1.035554 0.368131 1.502921  99  85960 
14 0 203 04 23 04 1.000000 0.322633 -0.444151 0.834956 -29  85931 
14 0 204 04 24 03 0.940000 0.129867 0.135772 0.918458 500  86431 
14 0 205 04 25 04 1.000000 0.830772 0.285329 0.784859 232  86663 
14 0 206 04 26 02 0.870000 0.108752 0.140315 0.834957 499  87163 
14 0 207 04 27 02 0.870000 0.440189 0.391811 0.901750 498  87660 
14 0 208 04 28 01 0.200000 -0.268219 -0.251690 1.586420 500  88160 
14 0 209 04 29 02 0.870000 0.647886 0.593750 1.419425 497  88658 
14 0 210 04 30 04 1.000000 0.432738 -0.161267 1.536320 182  88840 
14 0 211 04 31 01 0.200000 -0.431556 -0.404892 1.436128 499  89339 
14 0 212 04 32 04 1.000000 0.998274 0.049710 1.018646 -310  89030 
14 0 213 04 33 03 0.940000 0.114065 0.133701 0.801558 500  89529 
14 0 214 04 34 04 1.000000 0.344435 0.270072 0.734761 495  90024 
14 0 215 04 35 04 1.000000 0.998395 0.161967 1.352629 -130  89895 
14 0 216 04 36 02 0.870000 0.511786 0.449363 0.801558 496  90391 
14 0 217 04 37 02 0.870000 0.480930 0.495246 0.901754 500  90891 
14 0 218 04 38 03 0.940000 0.271966 0.347062 0.834957 495  91386 
14 0 219 04 39 01 0.200000 0.566924 0.499347 1.269139 496  91882 
14 0 220 04 40 01 0.200000 0.380778 0.407494 0.968551 499  92381 
14 0 221 04 41 04 1.000000 -0.298484 0.237374 0.701367 242  92623 
14 0 222 04 42 04 1.000000 0.871379 0.091175 0.784860 -48  92575 
14 0 223 04 43 02 0.870000 0.630856 0.608522 1.452824 500  93074 
14 0 224 04 44 01 0.200000 0.022970 0.000000 1.152240 500  93574 
14 0 225 04 45 01 0.200000 0.442607 0.451453 1.235740 500  94074 
14 0 226 04 46 01 0.200000 0.513035 0.537392 1.352630 499  94573 
14 0 227 04 47 02 0.870000 0.266055 0.239743 1.035347 499  95073 
14 0 228 04 48 01 0.200000 0.807612 0.707884 0.935152 491  95564 
14 0 229 04 49 02 0.870000 0.549444 0.460995 0.801562 493  96057 
14 0 230 04 50 04 1.000000 0.194848 0.509769 0.768164 411  96467 
14 0 231 04 51 01 0.200000 0.442727 0.434670 0.985253 500  96967 
14 0 232 04 52 01 0.200000 0.308542 0.307199 1.386028 500  97467 
14 0 233 04 53 04 1.000000 0.750152 1.000505 1.319232 444  97911 
14 0 234 04 54 01 0.200000 0.730241 0.659848 1.402725 496  98406 
14 0 235 04 55 02 0.870000 -0.129202 -0.253266 1.118842 486  98893 
14 0 236 04 56 03 0.940000 -0.104621 -0.060900 0.851657 498  99391 
14 0 237 04 57 03 0.940000 0.078742 0.278300 1.252437 464  99855 
14 0 238 04 58 01 0.200000 0.776903 0.697021 0.951850 494 100349 
14 0 239 04 59 04 1.000000 0.027637 -0.508237 0.851655 242 100591 
14 0 240 04 60 01 0.200000 1.451681 1.266285 1.386031 469 101060 
14 0 241 05 01 02 0.870000 -0.082827 -0.073487 0.734761 500 101560 
14 0 242 05 02 04 1.000000 -0.418395 -0.019997 1.536318 357 101917 
14 0 243 05 03 01 0.200000 0.488159 0.463648 0.985249 499 102416 
14 0 244 05 04 02 0.870000 0.200613 0.188222 1.252435 500 102916 
14 0 245 05 05 01 0.200000 -0.283383 -0.241662 1.536321 498 103415 
14 0 246 05 06 02 0.870000 0.216290 0.363469 1.135546 481 103895 
14 0 247 05 07 02 0.870000 0.295588 0.161502 1.335935 484 104379 
14 0 248 05 08 01 0.200000 0.565628 0.499347 0.751461 496 104875 
14 0 249 05 09 04 1.000000 0.211499 0.244979 0.701363 499 105374 
14 0 250 05 10 04 1.000000 0.938562 0.597636 1.335931 395 105770 
14 0 251 05 11 02 0.870000 1.096807 0.931274 1.352630 475 106245 
14 0 252 05 12 01 0.200000 0.307296 0.286745 0.834957 500 106744 
14 0 253 05 13 02 0.870000 0.384147 0.413217 1.035348 499 107244 
14 0 254 05 14 02 0.870000 0.704811 0.805597 1.085443 491 107735 
14 0 255 05 15 02 0.870000 -0.025955 -0.116041 0.968552 493 108227 
14 0 256 05 16 01 0.200000 0.333452 0.327987 1.185639 500 108727 
14 0 257 05 17 01 0.200000 0.946657 0.812177 1.519620 484 109211 
14 0 258 05 18 04 1.000000 0.409044 0.248875 0.701364 477 109688 
14 0 259 05 19 04 1.000000 1.310450 0.348176 0.801557 -333 109354 
14 0 260 05 20 02 0.870000 0.581474 0.505791 0.851656 495 109849 
14 0 261 05 21 02 0.870000 0.304814 0.319493 1.219036 500 110349 
14 0 262 05 22 02 0.870000 -0.528213 -0.390947 1.152241 483 110832 
14 0 263 05 23 04 1.000000 0.366818 0.027204 0.768159 396 111228 
14 0 264 05 24 01 0.200000 0.439725 0.447520 0.968549 500 111728 
14 0 265 05 25 03 0.940000 0.779207 0.780270 0.901753 500 112228 
14 0 266 05 26 03 0.940000 0.056972 -0.069779 1.102142 486 112714 
14 0 267 05 27 01 0.200000 0.333355 0.332059 1.870303 500 113214 
14 0 268 05 28 01 0.200000 0.344413 0.368131 1.085443 499 113713 
14 0 269 05 29 03 0.940000 0.544359 0.409910 0.885055 484 114197 
14 0 270 05 30 03 0.940000 -0.467076 -0.492625 1.052044 499 114697 
14 0 271 05 31 04 1.000000 0.461983 0.445845 1.219038 500 115196 
14 0 272 05 32 02 0.870000 0.994325 0.870300 2.521570 486 115682 
14 0 273 05 33 04 1.000000 0.036605 0.676586 1.352629 131 115814 
14 0 274 05 34 03 0.940000 0.136361 0.368960 0.834956 451 116265 
14 0 275 05 35 01 0.200000 -0.296347 -0.329624 1.252436 499 116764 
14 0 276 05 36 03 0.940000 0.299469 0.457475 0.718062 478 117242 
14 0 277 05 37 04 1.000000 -0.016999 -0.203493 0.651265 469 117710 
14 0 278 05 38 01 0.200000 0.861008 0.737049 0.951850 486 118197 
14 0 279 05 39 02 0.870000 0.223622 0.046945 1.102144 472 118668 
14 0 280 05 40 04 1.000000 0.444767 0.557367 1.352631 489 119157 
14 0 281 05 41 03 0.940000 0.217002 0.102054 0.751461 488 119645 
14 0 282 05 42 03 0.940000 0.049168 0.024686 1.870303 499 120145 
14 0 283 05 43 01 0.200000 0.593079 0.515549 1.118842 495 120639 
14 0 284 05 44 04 1.000000 0.474159 -0.319543 1.068744 -67 120572 
14 0 285 05 45 04 1.000000 0.047938 0.575850 0.851657 249 120821 
14 0 286 05 46 01 0.200000 0.506593 0.479732 0.985249 499 121321 
14 0 287 05 47 02 0.870000 0.666612 0.689539 0.868354 500 121820 
14 0 288 05 48 04 1.000000 0.273762 0.549490 0.918448 432 122252 
14 0 289 05 49 03 0.940000 0.090594 0.121698 1.185639 499 122751 
14 0 290 05 50 02 0.870000 -0.053266 -0.005917 1.219037 498 123249 
14 0 291 05 51 01 0.200000 0.565742 0.488852 1.035347 495 123744 
14 0 292 05 52 01 0.200000 0.278451 0.294039 1.753409 500 124243 
14 0 293 05 53 03 0.940000 0.530426 0.533920 0.768159 500 124743 
14 0 294 05 54 03 0.940000 0.340661 0.310168 1.001948 499 125243 
14 0 295 05 55 04 1.000000 0.130457 0.259732 0.918452 485 125728 
14 0 296 05 56 02 0.870000 0.206661 0.267411 0.951850 497 126224 
14 0 297 05 57 03 0.940000 0.077080 0.079199 0.784862 500 126724 
14 0 298 05 58 01 0.200000 0.049252 0.026310 1.135538 500 127224 
14 0 299 05 59 04 1.000000 -0.068692 0.511659 0.918452 197 127421 
14 0 300 05 60 02 0.870000 0.617393 0.241566 0.968549 373 127793 
