04 0 01 01 01 03 0.940000 0.582156 0.561736 3.779707 500    499 
04 0 02 01 02 02 0.870000 0.914834 0.795707 1.103809 487    986 
04 0 03 01 03 02 0.870000 0.196773 0.279223 1.555367 494   1480 
04 0 04 01 04 01 0.200000 1.054142 1.032660 1.505194 500   1980 
04 0 05 01 05 04 1.000000 0.063147 0.389044 1.555364 404   2384 
04 0 06 01 06 03 0.940000 0.432112 0.516695 0.970018 494   2878 
04 0 07 01 07 03 0.940000 0.306400 0.353640 1.337951 498   3376 
04 0 08 01 08 04 1.000000 0.363096 -0.106736 1.304501 301   3677 
04 0 09 01 09 02 0.870000 0.812452 0.813428 1.337953 500   4177 
04 0 10 01 10 03 0.940000 -0.179696 -0.246579 1.404847 496   4673 
04 0 11 01 11 02 0.870000 0.777894 0.734422 0.903117 498   5171 
04 0 12 01 12 03 0.940000 0.725603 0.775783 1.287777 498   5669 
04 0 13 01 13 02 0.870000 0.408344 0.434316 1.170704 499   6169 
04 0 14 01 14 04 1.000000 0.854024 -0.073041 1.103807 -274   5895 
04 0 15 01 15 02 0.870000 0.515468 0.563617 1.220882 498   6393 
04 0 16 01 16 01 0.200000 -0.006670 0.035882 1.739334 498   6891 
04 0 17 01 17 02 0.870000 0.177247 0.351031 1.070358 473   7364 
04 0 18 01 18 03 0.940000 0.556752 0.629583 1.103809 495   7859 
04 0 19 01 19 02 0.870000 0.535085 0.594051 1.822957 497   8356 
04 0 20 01 20 03 0.940000 0.519705 0.602287 1.287778 494   8850 
04 0 21 01 21 02 0.870000 0.556710 0.640873 1.170706 494   9344 
04 0 22 01 22 02 0.870000 -0.127214 -0.191648 1.254328 496   9840 
04 0 23 01 23 04 1.000000 0.465965 -0.723207 0.936567 -773   9067 
04 0 24 01 24 01 0.200000 0.477143 0.485732 1.137256 500   9567 
04 0 25 01 25 01 0.200000 0.785396 0.749840 1.036912 499  10066 
04 0 26 01 26 02 0.870000 -0.075603 -0.269407 1.103803 466  10532 
04 0 27 01 27 04 1.000000 0.659568 -0.781446 0.919840 -1369   9163 
04 0 28 01 28 01 0.200000 1.184625 1.027319 1.605539 478   9641 
04 0 29 01 29 03 0.940000 0.443465 0.388546 1.204155 497  10138 
04 0 30 01 30 01 0.200000 0.865701 0.856408 1.388124 500  10638 
04 0 31 01 31 01 0.200000 0.846232 0.803447 1.689162 498  11137 
04 0 32 01 32 03 0.940000 0.834853 0.605154 0.903118 453  11589 
04 0 33 01 33 02 0.870000 0.322722 0.408368 0.903116 493  12083 
04 0 34 01 34 02 0.870000 0.830999 0.717705 1.070361 488  12571 
04 0 35 01 35 04 1.000000 0.389242 -0.676737 1.505191 -523  12048 
04 0 36 01 36 01 0.200000 0.281936 0.325970 1.120532 498  12547 
04 0 37 01 37 01 0.200000 0.403156 0.443946 1.103811 499  13045 
04 0 38 01 38 01 0.200000 -0.097063 -0.149365 0.786042 498  13543 
04 0 39 01 39 01 0.200000 0.157832 0.191561 1.220879 499  14042 
04 0 40 01 40 01 0.200000 0.491603 0.540420 0.986736 498  14539 
04 0 41 01 41 04 1.000000 0.507394 -0.976037 1.337949 -1481  13059 
04 0 42 01 42 02 0.870000 0.180143 0.217293 0.869666 499  13558 
04 0 43 01 43 01 0.200000 -0.070019 0.044415 1.087082 488  14046 
04 0 44 01 44 04 1.000000 0.597127 0.311319 0.869668 426  14472 
04 0 45 01 45 01 0.200000 -0.344193 -0.394431 1.505193 498  14970 
04 0 46 01 46 02 0.870000 0.675729 0.680521 0.953291 500  15470 
04 0 47 01 47 01 0.200000 0.687202 0.719918 0.852944 499  15969 
04 0 48 01 48 01 0.200000 0.317266 0.263249 1.973475 497  16467 
04 0 49 01 49 03 0.940000 -0.228266 -0.581740 1.806231 388  16854 
04 0 50 01 50 01 0.200000 0.869485 0.760403 0.903116 489  17343 
04 0 51 01 51 03 0.940000 0.356772 0.233743 0.786043 486  17830 
04 0 52 01 52 03 0.940000 0.283805 0.377348 0.786045 492  18322 
04 0 53 01 53 01 0.200000 0.751400 0.646758 1.371397 490  18812 
04 0 54 01 54 02 0.870000 0.291557 0.345776 1.204154 497  19309 
04 0 55 01 55 03 0.940000 0.635379 0.539482 0.769321 492  19801 
04 0 56 01 56 01 0.200000 -0.575321 -0.421233 1.020185 479  20280 
04 0 57 01 57 03 0.940000 0.623063 0.638482 0.786045 500  20780 
04 0 58 01 58 04 1.000000 0.169373 -0.107066 1.003463 431  21211 
04 0 59 01 59 01 0.200000 0.722454 0.725562 1.137260 500  21711 
04 0 60 01 60 01 0.200000 0.408671 0.368791 0.769321 499  22209 
04 0 61 02 01 04 1.000000 0.420663 0.216085 0.970014 462  22672 
04 0 62 02 02 03 0.940000 -0.288141 -0.197396 1.020188 493  23164 
04 0 63 02 03 01 0.200000 -0.267626 -0.212346 1.204157 497  23661 
04 0 64 02 04 02 0.870000 0.687676 0.695593 1.505194 500  24161 
04 0 65 02 05 02 0.870000 0.116445 0.158871 0.903116 498  24660 
04 0 66 02 06 03 0.940000 0.263457 0.029231 1.170708 451  25110 
04 0 67 02 07 02 0.870000 0.489977 0.339870 1.153979 480  25590 
04 0 68 02 08 02 0.870000 0.807121 0.780567 0.802770 499  26089 
04 0 69 02 09 04 1.000000 0.288372 0.604201 0.786046 410  26500 
04 0 70 02 10 04 1.000000 0.644396 0.232557 1.153983 347  26847 
04 0 71 02 11 02 0.870000 0.788731 0.595293 1.371399 466  27313 
04 0 72 02 12 03 0.940000 0.078999 -0.064774 1.455020 481  27795 
04 0 73 02 13 03 0.940000 0.546988 0.283794 0.769320 438  28232 
04 0 74 02 14 02 0.870000 0.989713 0.982794 0.836223 500  28732 
04 0 75 02 15 01 0.200000 -0.235687 -0.224711 1.254326 500  29232 
04 0 76 02 16 04 1.000000 0.859447 -0.378058 1.153979 -878  28354 
04 0 77 02 17 01 0.200000 -0.023765 0.023388 1.036917 498  28852 
04 0 78 02 18 03 0.940000 0.610699 0.776308 1.354681 475  29327 
04 0 79 02 19 01 0.200000 0.458294 0.519889 1.572091 497  29824 
04 0 80 02 20 04 1.000000 -0.542669 0.238492 1.003463 -49  29775 
04 0 81 02 21 02 0.870000 0.330526 0.487453 0.986739 478  30253 
04 0 82 02 22 03 0.940000 -0.091236 -0.295441 0.953290 462  30715 
04 0 83 02 23 01 0.200000 -0.241707 -0.228103 1.220879 500  31215 
04 0 84 02 24 04 1.000000 -0.144476 0.011111 0.836217 478  31693 
04 0 85 02 25 02 0.870000 -0.053295 -0.253156 1.153982 464  32157 
04 0 86 02 26 02 0.870000 0.361316 0.527343 0.852941 475  32632 
04 0 87 02 27 02 0.870000 0.702374 0.622032 1.036914 494  33127 
04 0 88 02 28 01 0.200000 0.527053 0.540420 2.157443 500  33626 
04 0 89 02 29 04 1.000000 0.076394 -0.215506 1.137257 423  34050 
04 0 90 02 30 04 1.000000 0.141969 -0.153708 1.321225 421  34471 
04 0 91 02 31 01 0.200000 -0.241616 -0.184223 0.970011 497  34968 
04 0 92 02 32 02 0.870000 0.160550 0.262656 0.869667 491  35459 
04 0 93 02 33 04 1.000000 0.211225 0.313119 0.752597 491  35949 
04 0 94 02 34 01 0.200000 0.480910 0.497822 1.321227 500  36449 
04 0 95 02 35 04 1.000000 0.301481 -0.019045 0.970011 408  36857 
04 0 96 02 36 04 1.000000 0.694136 -0.238998 1.087092 -284  36573 
04 0 97 02 37 04 1.000000 0.694087 0.325235 0.936565 378  36950 
04 0 98 02 38 04 1.000000 0.482269 0.354329 0.869667 485  37436 
04 0 99 02 39 01 0.200000 0.411910 0.529247 1.170708 488  37923 
04 0 100 02 40 02 0.870000 -0.010515 -0.134922 1.120532 486  38409 
04 0 101 02 41 01 0.200000 -0.092381 -0.096839 0.903118 500  38909 
04 0 102 02 42 02 0.870000 0.459808 0.677593 1.538642 457  39367 
04 0 103 02 43 04 1.000000 0.314045 -0.091635 1.120533 352  39719 
04 0 104 02 44 03 0.940000 0.036249 0.257008 0.802777 456  40175 
04 0 105 02 45 04 1.000000 0.218238 0.077119 1.204155 482  40657 
04 0 106 02 46 04 1.000000 -0.010221 0.016852 0.970013 499  41156 
04 0 107 02 47 01 0.200000 0.180418 0.229904 0.786042 498  41654 
04 0 108 02 48 01 0.200000 0.576227 0.492211 1.204155 494  42148 
04 0 109 02 49 03 0.940000 0.186090 -0.005435 0.836221 467  42615 
04 0 110 02 50 03 0.940000 0.103724 0.000000 0.836217 490  43105 
04 0 111 02 51 02 0.870000 0.788217 0.732417 1.003462 497  43602 
04 0 112 02 52 01 0.200000 0.533717 0.451264 1.070363 494  44096 
04 0 113 02 53 03 0.940000 0.929969 0.474517 0.986743 313  44409 
04 0 114 02 54 01 0.200000 0.105538 0.207238 1.020187 491  44900 
04 0 115 02 55 04 1.000000 -0.046218 -0.203045 1.170707 478  45378 
04 0 116 02 56 04 1.000000 0.681428 0.088377 1.120534 183  45561 
04 0 117 02 57 04 1.000000 0.437480 0.266252 0.819499 474  46035 
04 0 118 02 58 04 1.000000 0.321594 -0.010204 0.953291 401  46436 
04 0 119 02 59 01 0.200000 0.729572 0.648813 0.903116 494  46930 
04 0 120 02 60 03 0.940000 0.504643 0.613207 1.455021 489  47419 
04 0 121 03 01 01 0.200000 -0.364955 -0.287652 0.986735 495  47914 
04 0 122 03 02 03 0.940000 0.224484 0.251328 0.819496 499  48413 
04 0 123 03 03 02 0.870000 0.339926 0.426627 1.421572 493  48907 
04 0 124 03 04 01 0.200000 0.204741 0.257008 0.869668 498  49404 
04 0 125 03 05 01 0.200000 -0.177677 -0.157310 1.388123 500  49904 
04 0 126 03 06 03 0.940000 0.061040 0.193712 1.103812 484  50388 
04 0 127 03 07 01 0.200000 0.696378 0.564751 1.254330 484  50872 
04 0 128 03 08 01 0.200000 0.353382 0.294414 1.137256 497  51369 
04 0 129 03 09 04 1.000000 0.369958 0.149210 1.471745 456  51825 
04 0 130 03 10 03 0.940000 0.502895 0.490547 1.003465 500  52325 
04 0 131 03 11 02 0.870000 0.180548 0.219114 1.304502 499  52824 
04 0 132 03 12 03 0.940000 0.072845 0.279141 1.103806 462  53286 
04 0 133 03 13 01 0.200000 -0.346225 -0.386177 1.020185 499  53784 
04 0 134 03 14 04 1.000000 0.275858 0.095299 1.036912 471  54255 
04 0 135 03 15 02 0.870000 -0.209963 -0.366765 1.003462 478  54733 
04 0 136 03 16 03 0.940000 0.516002 0.429593 1.404848 493  55226 
04 0 137 03 17 02 0.870000 1.302218 1.061967 1.237604 448  55674 
04 0 138 03 18 01 0.200000 0.264682 0.268522 0.919841 500  56174 
04 0 139 03 19 04 1.000000 0.369054 0.064427 0.819494 416  56590 
04 0 140 03 20 03 0.940000 0.062263 0.378294 0.735873 410  57001 
04 0 141 03 21 04 1.000000 0.882703 -0.272749 1.020190 -702  56299 
04 0 142 03 22 01 0.200000 0.432446 0.383177 1.036911 498  56797 
04 0 143 03 23 04 1.000000 0.213453 0.252096 2.441761 499  57295 
04 0 144 03 24 04 1.000000 0.826752 0.427190 1.103809 356  57652 
04 0 145 03 25 01 0.200000 0.319510 0.314232 0.819495 500  58152 
04 0 146 03 26 04 1.000000 0.519397 -0.154172 0.685696  92  58243 
04 0 147 03 27 02 0.870000 -0.245594 -0.380506 0.802767 484  58727 
04 0 148 03 28 03 0.940000 -0.031363 -0.185714 0.886392 479  59206 
04 0 149 03 29 02 0.870000 0.719063 0.636298 0.936564 494  59699 
04 0 150 03 30 04 1.000000 0.452257 0.416807 0.802770 499  60198 
04 0 151 03 31 04 1.000000 0.315534 -0.310762 0.836219 147  60345 
04 0 152 03 32 04 1.000000 0.648760 -0.144338 0.702423 -66  60279 
04 0 153 03 33 03 0.940000 0.300710 0.479951 0.919841 471  60750 
04 0 154 03 34 01 0.200000 -0.100726 -0.103792 0.869672 500  61250 
04 0 155 03 35 02 0.870000 0.275163 0.287831 0.702423 500  61750 
04 0 156 03 36 01 0.200000 -0.137233 -0.144338 0.719149 500  62250 
04 0 157 03 37 01 0.200000 0.642819 0.629718 0.986739 500  62750 
04 0 158 03 38 01 0.200000 0.691720 0.564904 0.786046 486  63235 
04 0 159 03 39 01 0.200000 0.049018 0.182866 0.986740 484  63719 
04 0 160 03 40 04 1.000000 0.064341 -0.106339 0.852942 474  64193 
04 0 161 03 41 02 0.870000 -0.251205 -0.165149 0.970014 493  64686 
04 0 162 03 42 04 1.000000 0.410202 -0.119988 0.752596 247  64933 
04 0 163 03 43 02 0.870000 0.338288 0.440860 0.735875 491  65424 
04 0 164 03 44 04 1.000000 0.022933 -0.059532 1.053634 494  65918 
04 0 165 03 45 03 0.940000 -0.081537 -0.133227 1.471744 498  66415 
04 0 166 03 46 01 0.200000 0.549145 0.423171 0.752595 486  66901 
04 0 167 03 47 04 1.000000 -0.136023 -0.030665 1.020187 490  67391 
04 0 168 03 48 04 1.000000 0.283467 -0.073939 1.003463 385  67776 
04 0 169 03 49 03 0.940000 0.153349 0.087613 1.254325 496  68272 
04 0 170 03 50 01 0.200000 0.676235 0.591871 1.103809 494  68766 
04 0 171 03 51 03 0.940000 0.032359 -0.157163 1.103806 468  69234 
04 0 172 03 52 03 0.940000 0.472888 0.539162 0.886394 496  69730 
04 0 173 03 53 04 1.000000 0.015290 0.480887 0.719148 305  70035 
04 0 174 03 54 01 0.200000 0.712183 0.604421 1.220882 490  70524 
04 0 175 03 55 01 0.200000 0.280426 0.288674 1.337945 500  71024 
04 0 176 03 56 01 0.200000 0.292194 0.333635 1.287774 498  71522 
04 0 177 03 57 02 0.870000 0.897845 0.870903 0.936565 499  72022 
04 0 178 03 58 01 0.200000 -0.133732 -0.153544 1.070360 500  72521 
04 0 179 03 59 02 0.870000 0.350693 0.421233 1.655715 496  73017 
04 0 180 03 60 03 0.940000 -0.244307 -0.152277 1.020184 492  73509 
04 0 181 04 01 02 0.870000 0.324149 0.476069 1.220877 479  73989 
04 0 182 04 02 02 0.870000 0.535166 0.642155 1.137258 490  74478 
04 0 183 04 03 04 1.000000 0.457790 0.475879 1.070365 500  74978 
04 0 184 04 04 01 0.200000 0.583873 0.522240 1.254328 497  75475 
04 0 185 04 05 03 0.940000 0.140958 0.038443 1.036912 491  75965 
04 0 186 04 06 01 0.200000 0.103395 0.144034 0.919843 499  76464 
04 0 187 04 07 03 0.940000 0.436800 0.596199 1.053637 477  76941 
04 0 188 04 08 03 0.940000 0.688315 0.611299 0.919842 495  77435 
04 0 189 04 09 04 1.000000 0.623259 0.043183 0.836215 197  77633 
04 0 190 04 10 03 0.940000 0.032359 0.154601 0.986737 487  78119 
04 0 191 04 11 02 0.870000 0.092793 0.128083 1.287778 499  78618 
04 0 192 04 12 01 0.200000 0.272403 0.235286 1.170703 499  79117 
04 0 193 04 13 01 0.200000 0.066094 0.085505 1.622266 500  79616 
04 0 194 04 14 03 0.940000 0.941537 0.895159 0.852943 498  80114 
04 0 195 04 15 02 0.870000 0.169023 0.194480 1.404845 499  80614 
04 0 196 04 16 03 0.940000 0.537936 0.654650 1.304503 488  81102 
04 0 197 04 17 04 1.000000 0.384009 0.649870 0.886389 436  81538 
04 0 198 04 18 02 0.870000 1.077389 0.850632 1.756058 454  81992 
04 0 199 04 19 02 0.870000 0.136767 0.217208 1.271049 494  82486 
04 0 200 04 20 04 1.000000 0.684566 0.385494 1.789507 420  82905 
04 0 201 04 21 03 0.940000 0.364757 0.306770 0.936565 497  83402 
04 0 202 04 22 04 1.000000 -0.053526 0.405395 0.786048 310  83713 
04 0 203 04 23 02 0.870000 0.189860 0.217111 1.287777 499  84212 
04 0 204 04 24 04 1.000000 0.271797 0.298040 0.903114 499  84712 
04 0 205 04 25 03 0.940000 -0.010931 0.106973 0.903112 487  85199 
04 0 206 04 26 03 0.940000 0.593664 0.640957 0.819495 498  85697 
04 0 207 04 27 02 0.870000 0.204497 0.185714 0.652253 500  86197 
04 0 208 04 28 02 0.870000 0.266115 0.431912 1.304497 475  86672 
04 0 209 04 29 02 0.870000 0.488295 0.656123 1.137258 475  87147 
04 0 210 04 30 02 0.870000 0.584254 0.596199 1.053637 500  87647 
04 0 211 04 31 02 0.870000 0.020035 -0.150082 1.003463 474  88120 
04 0 212 04 32 01 0.200000 0.257960 0.273009 1.137257 500  88620 
04 0 213 04 33 04 1.000000 0.562112 0.490547 0.936570 495  89116 
04 0 214 04 34 03 0.940000 0.232687 0.366730 0.769323 484  89599 
04 0 215 04 35 02 0.870000 0.357000 0.315739 0.769322 498  90098 
04 0 216 04 36 03 0.940000 -0.100288 -0.115135 0.869665 500  90598 
04 0 217 04 37 04 1.000000 0.345521 0.031735 1.220876 411  91009 
04 0 218 04 38 01 0.200000 0.389841 0.450374 1.053634 497  91506 
04 0 219 04 39 02 0.870000 0.690186 0.639163 0.752597 498  92003 
04 0 220 04 40 01 0.200000 0.623175 0.569756 1.204155 497  92501 
04 0 221 04 41 01 0.200000 -0.013156 -0.059190 1.505193 498  92999 
04 0 222 04 42 02 0.870000 -0.236253 -0.355806 0.869667 487  93486 
04 0 223 04 43 02 0.870000 0.038890 0.077564 1.153980 499  93985 
04 0 224 04 44 03 0.940000 0.678046 0.745815 0.702422 496  94481 
04 0 225 04 45 02 0.870000 0.595892 0.642108 0.769322 498  94979 
04 0 226 04 46 02 0.870000 0.404429 0.385494 1.003463 500  95478 
04 0 227 04 47 02 0.870000 0.296978 0.210089 1.036908 493  95972 
04 0 228 04 48 03 0.940000 0.557879 0.521434 1.020186 499  96470 
04 0 229 04 49 01 0.200000 0.335492 0.335324 1.321220 500  96970 
04 0 230 04 50 01 0.200000 0.463972 0.460680 0.903116 500  97470 
04 0 231 04 51 04 1.000000 -0.298169 0.289504 1.756061 189  97660 
04 0 232 04 52 04 1.000000 0.502013 -0.186132 0.903116  74  97733 
04 0 233 04 53 02 0.870000 0.697547 0.762778 1.287777 496  98230 
04 0 234 04 54 03 0.940000 -0.293482 -0.273798 1.120534 500  98729 
04 0 235 04 55 03 0.940000 0.214285 -0.010204 1.036912 455  99184 
04 0 236 04 56 03 0.940000 0.094780 0.217293 0.836220 486  99670 
04 0 237 04 57 02 0.870000 -0.406531 -0.403353 1.103809 500 100170 
04 0 238 04 58 01 0.200000 0.514858 0.457599 1.304501 497 100667 
04 0 239 04 59 03 0.940000 0.525324 0.521056 0.903114 500 101167 
04 0 240 04 60 04 1.000000 0.025654 -0.272286 1.271052 420 101588 
04 0 241 05 01 04 1.000000 0.409174 -0.296352 1.087084  52 101640 
04 0 242 05 02 02 0.870000 -0.237229 -0.278300 1.722610 498 102138 
04 0 243 05 03 04 1.000000 0.367038 -0.150636 1.622265 259 102397 
04 0 244 05 04 03 0.940000 0.107355 0.071307 1.170704 499 102896 
04 0 245 05 05 02 0.870000 -0.016085 -0.179339 1.337947 476 103372 
04 0 246 05 06 02 0.870000 0.235200 0.282048 1.153982 498 103870 
04 0 247 05 07 03 0.940000 0.329106 0.475879 1.187430 481 104350 
04 0 248 05 08 02 0.870000 0.040404 0.046324 0.869668 500 104850 
04 0 249 05 09 03 0.940000 0.529684 0.674741 0.702423 481 105331 
04 0 250 05 10 04 1.000000 0.716696 0.028564 1.170706  74 105405 
04 0 251 05 11 03 0.940000 0.270218 0.535503 0.852943 437 105842 
04 0 252 05 12 04 1.000000 0.614063 -0.151502 0.886391 -27 105814 
04 0 253 05 13 03 0.940000 0.621672 0.511364 0.752596 489 106303 
04 0 254 05 14 01 0.200000 0.146044 0.131315 1.271055 500 106803 
04 0 255 05 15 04 1.000000 0.038611 -0.023117 1.605537 497 107300 
04 0 256 05 16 03 0.940000 0.203088 0.142856 1.087082 497 107796 
04 0 257 05 17 02 0.870000 0.350166 0.284385 0.903114 496 108293 
04 0 258 05 18 02 0.870000 0.203094 0.276595 1.505193 495 108788 
04 0 259 05 19 01 0.200000 0.628755 0.553430 0.819495 495 109283 
04 0 260 05 20 04 1.000000 0.533928 0.135909 1.103809 357 109640 
04 0 261 05 21 04 1.000000 0.117522 -0.152101 1.120531 435 110075 
04 0 262 05 22 01 0.200000 0.057735 0.083141 1.421572 499 110574 
04 0 263 05 23 03 0.940000 0.219420 0.123031 0.752597 492 111066 
04 0 264 05 24 01 0.200000 0.163444 0.201642 1.555367 499 111564 
04 0 265 05 25 03 0.940000 -0.025175 -0.066168 0.970016 498 112063 
04 0 266 05 26 01 0.200000 0.294924 0.362087 1.187436 496 112559 
04 0 267 05 27 02 0.870000 0.132547 0.169413 0.903118 499 113058 
04 0 268 05 28 04 1.000000 0.400933 -0.051678 0.802769 316 113373 
04 0 269 05 29 04 1.000000 0.444924 -0.010810 0.735873 313 113686 
04 0 270 05 30 04 1.000000 1.121023 0.212696 1.187431 -243 113444 
04 0 271 05 31 02 0.870000 0.552242 0.498393 0.869666 497 113941 
04 0 272 05 32 03 0.940000 0.519695 0.804443 1.070357 427 114368 
04 0 273 05 33 04 1.000000 0.322183 -0.146592 1.555365 302 114670 
04 0 274 05 34 04 1.000000 0.738480 0.252894 1.153982 288 114958 
04 0 275 05 35 04 1.000000 0.015411 -0.237658 0.869667 442 115401 
04 0 276 05 36 02 0.870000 0.484328 0.498225 1.220879 500 115900 
04 0 277 05 37 02 0.870000 0.784196 0.736548 1.170707 498 116398 
04 0 278 05 38 01 0.200000 -0.423099 -0.349943 1.120533 495 116893 
04 0 279 05 39 02 0.870000 0.511916 0.547467 1.153982 499 117392 
04 0 280 05 40 03 0.940000 0.277714 0.200848 1.521920 495 117887 
04 0 281 05 41 02 0.870000 0.088050 0.049343 0.970009 499 118386 
04 0 282 05 42 03 0.940000 0.771929 0.766170 1.103807 500 118886 
04 0 283 05 43 03 0.940000 0.346782 0.368446 0.702424 500 119385 
04 0 284 05 44 03 0.940000 0.831040 0.912908 1.070360 494 119879 
04 0 285 05 45 01 0.200000 -0.152011 -0.138959 1.170709 500 120379 
04 0 286 05 46 03 0.940000 0.188550 0.268189 0.869668 494 120873 
04 0 287 05 47 03 0.940000 0.367640 0.433953 1.020187 496 121369 
04 0 288 05 48 03 0.940000 0.517251 0.401229 1.103809 488 121857 
04 0 289 05 49 04 1.000000 0.357893 0.271335 0.936562 493 122351 
04 0 290 05 50 04 1.000000 0.115965 -0.069072 1.020183 469 122820 
04 0 291 05 51 04 1.000000 0.171362 0.205683 0.819495 499 123319 
04 0 292 05 52 03 0.940000 -0.185948 -0.211386 1.271047 499 123818 
04 0 293 05 53 04 1.000000 0.126978 0.207769 0.769322 494 124312 
04 0 294 05 54 03 0.940000 0.584086 0.410127 1.120534 473 124785 
04 0 295 05 55 02 0.870000 0.669816 0.627158 0.886391 498 125283 
04 0 296 05 56 03 0.940000 -0.256441 -0.138640 1.287777 488 125771 
04 0 297 05 57 04 1.000000 0.412949 -0.039388 0.702423 316 126087 
04 0 298 05 58 01 0.200000 0.316642 0.353440 1.003463 499 126585 
04 0 299 05 59 03 0.940000 0.346550 0.513176 1.020185 475 127060 
04 0 300 05 60 04 1.000000 0.021984 0.670857 0.852944 121 127182 
