09 0 01 01 01 03 0.940000 0.115368 -0.014285 6.612853 485    484 
09 0 02 01 02 03 0.940000 0.087658 0.083141 3.974394 500    984 
09 0 03 01 03 01 0.200000 0.580451 0.633516 2.421377 497   1482 
09 0 04 01 04 04 1.000000 0.112725 -0.006849 3.690510 487   1969 
09 0 05 01 05 04 1.000000 0.843267 0.044842 2.154189 -74   1895 
09 0 06 01 06 03 0.940000 0.616887 0.671606 2.170888 497   2393 
09 0 07 01 07 04 1.000000 0.337391 -0.019997 1.235737 385   2778 
09 0 08 01 08 02 0.870000 0.404858 0.663476 1.953800 440   3217 
09 0 09 01 09 03 0.940000 0.185108 0.303644 1.519622 487   3705 
09 0 10 01 10 04 1.000000 0.233347 0.660425 2.387977 336   4041 
09 0 11 01 11 02 0.870000 0.309327 0.482513 1.836907 473   4514 
09 0 12 01 12 04 1.000000 0.344135 0.056677 2.655163 426   4939 
09 0 13 01 13 02 0.870000 -0.159027 -0.445655 1.118842 426   5365 
09 0 14 01 14 04 1.000000 0.544723 0.112203 0.951851 332   5697 
09 0 15 01 15 04 1.000000 0.323984 0.520014 1.335928 465   6162 
09 0 16 01 16 01 0.200000 -0.182300 -0.319680 1.068746 483   6645 
09 0 17 01 17 02 0.870000 0.607671 0.687671 1.402727 494   7140 
09 0 18 01 18 03 0.940000 -0.093464 -0.029403 1.001949 496   7636 
09 0 19 01 19 03 0.940000 1.078266 0.891791 2.287782 469   8105 
09 0 20 01 20 03 0.940000 0.857734 0.794744 1.068747 496   8601 
09 0 21 01 21 02 0.870000 0.311691 0.406354 1.319232 492   9093 
09 0 22 01 22 03 0.940000 0.289476 0.455338 1.018648 475   9568 
09 0 23 01 23 02 0.870000 0.349751 0.466069 1.603119 488  10056 
09 0 24 01 24 02 0.870000 1.000432 0.957799 0.985252 498  10554 
09 0 25 01 25 04 1.000000 -0.080001 0.483308 1.052047 214  10769 
09 0 26 01 26 01 0.200000 -0.098835 -0.140375 0.951852 498  11267 
09 0 27 01 27 02 0.870000 -0.052217 -0.047333 1.118843 500  11767 
09 0 28 01 28 04 1.000000 0.849539 0.019997 1.352631 -119  11648 
09 0 29 01 29 03 0.940000 0.275893 0.482738 1.185639 461  12109 
09 0 30 01 30 04 1.000000 0.307043 0.294851 1.335933 500  12609 
09 0 31 01 31 04 1.000000 0.256306 0.389044 0.885056 484  13093 
09 0 32 01 32 01 0.200000 0.229268 0.249841 0.985250 500  13593 
09 0 33 01 33 03 0.940000 0.736873 0.872894 2.404677 483  14076 
09 0 34 01 34 03 0.940000 0.692494 0.608325 0.918458 494  14570 
09 0 35 01 35 02 0.870000 0.889505 0.982794 1.970499 492  15062 
09 0 36 01 36 02 0.870000 0.274466 0.351262 1.068746 495  15557 
09 0 37 01 37 02 0.870000 0.188987 0.295670 1.419429 490  16047 
09 0 38 01 38 04 1.000000 0.510039 0.711155 0.801559 464  16510 
09 0 39 01 39 01 0.200000 0.516452 0.466894 1.302530 498  17008 
09 0 40 01 40 04 1.000000 -0.207764 0.066973 1.052046 432  17440 
09 0 41 01 41 02 0.870000 0.269794 0.343691 1.269134 495  17935 
09 0 42 01 42 02 0.870000 -0.157617 -0.424706 1.235737 436  18371 
09 0 43 01 43 03 0.940000 0.623173 0.623370 1.085443 500  18871 
09 0 44 01 44 03 0.940000 0.670880 0.564398 0.918454 490  19361 
09 0 45 01 45 03 0.940000 -0.212946 -0.589817 1.001947 372  19733 
09 0 46 01 46 01 0.200000 0.832922 0.785398 1.502924 498  20231 
09 0 47 01 47 01 0.200000 0.570204 0.496181 1.202338 495  20726 
09 0 48 01 48 04 1.000000 0.553351 -0.548278 1.586419 -592  20134 
09 0 49 01 49 04 1.000000 0.362556 0.553430 0.801559 467  20601 
09 0 50 01 50 02 0.870000 0.083843 0.019865 0.818258 496  21097 
09 0 51 01 51 02 0.870000 0.491285 0.682623 0.868357 467  21564 
09 0 52 01 52 02 0.870000 0.412899 0.553294 1.319231 482  22047 
09 0 53 01 53 03 0.940000 0.821783 0.552584 1.135542 435  22481 
09 0 54 01 54 02 0.870000 0.219722 0.104513 0.951852 488  22969 
09 0 55 01 55 03 0.940000 0.427611 0.522403 0.968549 492  23461 
09 0 56 01 56 02 0.870000 -0.085761 -0.206474 1.469519 487  23948 
09 0 57 01 57 01 0.200000 -0.173900 -0.207496 1.085443 499  24447 
09 0 58 01 58 01 0.200000 0.603963 0.664774 1.168943 497  24944 
09 0 59 01 59 03 0.940000 0.486045 0.472766 0.801564 500  25444 
09 0 60 01 60 01 0.200000 0.987025 0.991934 0.801559 500  25944 
09 0 61 02 01 01 0.200000 0.067762 0.174270 2.154189 490  26433 
09 0 62 02 02 02 0.870000 -0.144988 -0.189988 0.834962 498  26932 
09 0 63 02 03 02 0.870000 1.026538 0.820268 1.886999 462  27393 
09 0 64 02 04 01 0.200000 0.543139 0.658631 1.235737 488  27881 
09 0 65 02 05 04 1.000000 0.177489 -0.790373 0.935153 -343  27538 
09 0 66 02 06 01 0.200000 0.306803 0.444722 0.851658 483  28021 
09 0 67 02 07 01 0.200000 0.646176 0.597884 0.935153 498  28519 
09 0 68 02 08 04 1.000000 -0.136277 0.123590 0.784862 439  28958 
09 0 69 02 09 02 0.870000 0.464522 0.523513 0.834957 497  29455 
09 0 70 02 10 04 1.000000 0.139955 0.128697 1.102144 500  29955 
09 0 71 02 11 04 1.000000 0.496050 0.091295 0.617869 353  30308 
09 0 72 02 12 01 0.200000 0.028970 0.052892 1.786808 499  30807 
09 0 73 02 13 02 0.870000 0.773172 0.720554 1.052048 498  31305 
09 0 74 02 14 02 0.870000 0.557878 0.640688 0.935150 494  31798 
09 0 75 02 15 01 0.200000 0.405613 0.426627 0.968551 500  32298 
09 0 76 02 16 01 0.200000 0.611530 0.438859 0.851657 473  32771 
09 0 77 02 17 01 0.200000 0.305602 0.438731 1.419423 484  33255 
09 0 78 02 18 02 0.870000 -0.138354 -0.402554 0.868356 437  33692 
09 0 79 02 19 02 0.870000 0.102269 0.269589 1.419429 475  34167 
09 0 80 02 20 02 0.870000 0.254047 0.331274 0.901754 495  34662 
09 0 81 02 21 01 0.200000 0.080012 -0.006993 0.918451 493  35155 
09 0 82 02 22 04 1.000000 -0.052213 0.251887 0.851657 417  35572 
09 0 83 02 23 01 0.200000 0.359269 0.402037 0.768161 498  36070 
09 0 84 02 24 03 0.940000 0.338126 0.000000 0.567771 397  36467 
09 0 85 02 25 03 0.940000 0.498266 0.423129 0.601170 495  36962 
09 0 86 02 26 03 0.940000 0.323517 0.563869 0.968551 448  37410 
09 0 87 02 27 02 0.870000 0.956936 0.958259 0.768162 500  37910 
09 0 88 02 28 01 0.200000 0.382217 0.291457 0.851654 493  38403 
09 0 89 02 29 01 0.200000 0.550111 0.544280 1.085445 500  38903 
09 0 90 02 30 02 0.870000 1.216509 1.146441 1.252436 496  39398 
09 0 91 02 31 01 0.200000 0.284597 0.307841 0.751461 500  39898 
09 0 92 02 32 04 1.000000 0.543884 -0.166282 1.269135  46  39944 
09 0 93 02 33 01 0.200000 0.249056 0.412022 0.734764 476  40420 
09 0 94 02 34 02 0.870000 0.881355 0.901342 0.734762 500  40920 
09 0 95 02 35 04 1.000000 0.943476 0.588003 0.734759 386  41306 
09 0 96 02 36 02 0.870000 0.503603 0.493941 0.918453 500  41806 
09 0 97 02 37 01 0.200000 0.419481 0.418224 0.851658 500  42306 
09 0 98 02 38 04 1.000000 0.271638 0.507783 0.951850 450  42756 
09 0 99 02 39 01 0.200000 0.300313 0.234042 0.851657 496  43252 
09 0 100 02 40 04 1.000000 0.411045 0.073202 1.269135 397  43649 
09 0 101 02 41 01 0.200000 0.161561 0.180747 0.901752 500  44149 
09 0 102 02 42 04 1.000000 0.392758 0.863307 0.851658 301  44449 
09 0 103 02 43 01 0.200000 0.433027 0.424976 1.035347 500  44949 
09 0 104 02 44 04 1.000000 0.285797 0.397079 0.718066 489  45438 
09 0 105 02 45 01 0.200000 0.711184 0.610726 0.935152 491  45929 
09 0 106 02 46 03 0.940000 0.799362 0.632749 0.667966 475  46404 
09 0 107 02 47 04 1.000000 0.631474 0.424976 0.634569 462  46866 
09 0 108 02 48 01 0.200000 0.394602 0.477731 0.651266 494  47359 
09 0 109 02 49 02 0.870000 0.337118 0.292056 1.202337 498  47858 
09 0 110 02 50 01 0.200000 0.460059 0.416329 0.801558 498  48356 
09 0 111 02 51 03 0.940000 0.315349 0.451264 0.768161 483  48839 
09 0 112 02 52 02 0.870000 0.626433 0.540420 0.818260 493  49333 
09 0 113 02 53 02 0.870000 0.305504 0.473201 0.818259 475  49807 
09 0 114 02 54 02 0.870000 0.433759 0.525458 0.784859 492  50300 
09 0 115 02 55 04 1.000000 0.632040 0.426627 0.534374 462  50762 
09 0 116 02 56 04 1.000000 0.613892 0.609568 0.684664 500  51262 
09 0 117 02 57 02 0.870000 0.980585 0.938421 0.734763 498  51760 
09 0 118 02 58 04 1.000000 0.342753 0.745815 0.667967 354  52114 
09 0 119 02 59 01 0.200000 0.800209 0.737815 0.885053 496  52610 
09 0 120 02 60 01 0.200000 0.273289 0.284074 1.352630 500  53110 
09 0 121 03 01 02 0.870000 0.132060 0.078490 1.135543 497  53608 
09 0 122 03 02 04 1.000000 0.223098 0.476069 0.684666 442  54050 
09 0 123 03 03 04 1.000000 0.432567 0.463648 0.634569 499  54549 
09 0 124 03 04 04 1.000000 0.318182 0.304296 1.269135 500  55049 
09 0 125 03 05 03 0.940000 0.304110 0.330988 1.202339 499  55548 
09 0 126 03 06 02 0.870000 0.584847 0.680941 1.135542 492  56040 
09 0 127 03 07 02 0.870000 -0.588991 -0.699636 0.834955 489  56529 
09 0 128 03 08 04 1.000000 0.188810 0.522092 0.834958 400  56929 
09 0 129 03 09 02 0.870000 0.018977 -0.014353 0.651267 499  57428 
09 0 130 03 10 04 1.000000 0.228177 0.226799 1.319231 500  57928 
09 0 131 03 11 02 0.870000 0.327629 0.396301 1.402729 496  58424 
09 0 132 03 12 03 0.940000 0.153841 0.032668 0.784861 487  58911 
09 0 133 03 13 04 1.000000 -0.099048 0.412063 0.617870 265  59176 
09 0 134 03 14 02 0.870000 -0.065382 -0.212320 0.784859 481  59656 
09 0 135 03 15 03 0.940000 0.224031 0.469038 0.617869 446  60102 
09 0 136 03 16 03 0.940000 0.134887 0.342581 0.918454 461  60563 
09 0 137 03 17 01 0.200000 0.241460 0.264342 0.935153 500  61063 
09 0 138 03 18 01 0.200000 0.628613 0.549853 0.801559 494  61557 
09 0 139 03 19 01 0.200000 0.197015 0.118645 0.768161 494  62052 
09 0 140 03 20 04 1.000000 0.603187 0.373187 0.601171 452  62504 
09 0 141 03 21 01 0.200000 0.831058 0.749145 1.018648 494  62998 
09 0 142 03 22 03 0.940000 0.412082 0.414975 0.684666 500  63498 
09 0 143 03 23 02 0.870000 0.265178 0.406489 0.617870 482  63980 
09 0 144 03 24 03 0.940000 0.140872 0.463648 0.651266 406  64386 
09 0 145 03 25 04 1.000000 0.166606 0.118645 0.784862 498  64884 
09 0 146 03 26 03 0.940000 0.813792 0.375640 0.718064 327  65212 
09 0 147 03 27 03 0.940000 1.235478 0.871939 0.784858 381  65593 
09 0 148 03 28 01 0.200000 0.505295 0.500911 0.968550 500  66093 
09 0 149 03 29 04 1.000000 0.045777 0.210053 0.784860 476  66568 
09 0 150 03 30 04 1.000000 -0.054845 0.080776 0.651266 483  67052 
09 0 151 03 31 04 1.000000 0.581579 0.000000 0.718064 196  67247 
09 0 152 03 32 04 1.000000 0.986793 0.504006 0.684663 290  67538 
09 0 153 03 33 03 0.940000 0.447055 0.228873 0.534371 457  67995 
09 0 154 03 34 04 1.000000 0.198656 0.544864 0.818260 392  68387 
09 0 155 03 35 02 0.870000 0.148505 0.019734 0.684664 485  68872 
09 0 156 03 36 02 0.870000 0.272583 0.369129 0.885054 492  69364 
09 0 157 03 37 04 1.000000 0.705361 0.178093 0.601170 250  69613 
09 0 158 03 38 03 0.940000 0.348881 0.454850 0.834957 490  70103 
09 0 159 03 39 03 0.940000 0.166828 0.110657 0.718059 497  70600 
09 0 160 03 40 01 0.200000 -0.024883 -0.010989 0.751462 500  71100 
09 0 161 03 41 01 0.200000 0.604958 0.651869 0.651267 498  71598 
09 0 162 03 42 01 0.200000 0.256944 0.222082 0.935152 499  72097 
09 0 163 03 43 01 0.200000 0.576789 0.558054 1.619816 500  72597 
09 0 164 03 44 01 0.200000 0.542261 0.524796 0.968550 500  73097 
09 0 165 03 45 03 0.940000 0.477989 0.160901 0.567772 410  73506 
09 0 166 03 46 04 1.000000 0.406848 0.289846 0.517675 488  73994 
09 0 167 03 47 03 0.940000 0.813476 0.756835 0.834956 497  74491 
09 0 168 03 48 01 0.200000 0.247688 0.312042 1.001948 496  74987 
09 0 169 03 49 02 0.870000 0.635315 0.652847 0.584470 500  75487 
09 0 170 03 50 03 0.940000 0.137151 -0.085505 0.617867 455  75942 
09 0 171 03 51 04 1.000000 0.199699 0.104877 0.634567 492  76434 
09 0 172 03 52 01 0.200000 0.518795 0.492387 0.951851 499  76933 
09 0 173 03 53 04 1.000000 0.418176 -0.098517 0.551078 260  77193 
09 0 174 03 54 01 0.200000 0.088127 0.070590 0.734763 500  77693 
09 0 175 03 55 04 1.000000 0.446814 0.360358 0.517675 493  78186 
09 0 176 03 56 02 0.870000 0.106507 0.184063 0.935151 495  78681 
09 0 177 03 57 01 0.200000 0.334883 0.346228 0.951851 500  79181 
09 0 178 03 58 03 0.940000 -0.046621 -0.005714 0.667966 498  79679 
09 0 179 03 59 03 0.940000 1.074152 0.913139 0.718062 477  80156 
09 0 180 03 60 04 1.000000 1.207873 -0.077227 0.918452 -986  79169 
09 0 181 04 01 01 0.200000 0.551440 0.578924 1.018648 499  79669 
09 0 182 04 02 03 0.940000 0.353613 0.525244 0.551073 473  80142 
09 0 183 04 03 02 0.870000 0.242620 0.398842 0.651266 478  80620 
09 0 184 04 04 01 0.200000 0.377744 0.378427 0.634567 500  81120 
09 0 185 04 05 04 1.000000 -0.080203 0.342232 0.534373 339  81460 
09 0 186 04 06 02 0.870000 0.513893 0.564569 0.601170 498  81957 
09 0 187 04 07 04 1.000000 0.725677 0.297504 0.517669 335  82292 
09 0 188 04 08 04 1.000000 0.339710 0.374547 0.851653 499  82791 
09 0 189 04 09 01 0.200000 0.345736 0.358771 0.901755 500  83291 
09 0 190 04 10 02 0.870000 0.266180 0.360001 0.951852 492  83783 
09 0 191 04 11 02 0.870000 0.595292 0.661417 0.567772 496  84279 
09 0 192 04 12 03 0.940000 0.197097 0.223076 0.584471 499  84779 
09 0 193 04 13 02 0.870000 -0.171655 -0.494329 1.018648 406  85185 
09 0 194 04 14 01 0.200000 0.711201 0.679684 0.667966 499  85684 
09 0 195 04 15 03 0.940000 0.674489 0.521326 0.651268 479  86163 
09 0 196 04 16 02 0.870000 0.864283 1.009303 0.801559 481  86644 
09 0 197 04 17 04 1.000000 0.333623 0.142525 0.601169 467  87111 
09 0 198 04 18 03 0.940000 0.128940 0.079830 0.851655 498  87609 
09 0 199 04 19 01 0.200000 0.293283 0.241200 0.784862 498  88107 
09 0 200 04 20 01 0.200000 0.747271 0.691795 1.035348 497  88604 
09 0 201 04 21 04 1.000000 0.039221 -0.158655 0.651267 465  89069 
09 0 202 04 22 04 1.000000 0.709508 0.005988 0.551070  55  89123 
09 0 203 04 23 02 0.870000 0.629840 0.935770 0.684665 416  89539 
09 0 204 04 24 04 1.000000 0.223466 -0.017240 0.601166 448  89987 
09 0 205 04 25 03 0.940000 1.075559 1.054871 0.818259 500  90486 
09 0 206 04 26 01 0.200000 -0.120117 -0.249470 0.801560 485  90971 
09 0 207 04 27 01 0.200000 0.637058 0.866302 0.718064 453  91424 
09 0 208 04 28 03 0.940000 0.746863 0.559285 0.634568 468  91892 
09 0 209 04 29 04 1.000000 0.843853 0.075613 0.500976 -31  91861 
09 0 210 04 30 01 0.200000 0.626506 0.835584 0.918453 461  92322 
09 0 211 04 31 04 1.000000 1.023973 0.209023 0.534374 -98  92224 
09 0 212 04 32 03 0.940000 -0.082283 0.083637 0.701364 475  92699 
09 0 213 04 33 03 0.940000 0.801192 0.975661 0.634569 473  93172 
09 0 214 04 34 01 0.200000 0.654502 0.648006 0.818257 500  93672 
09 0 215 04 35 02 0.870000 0.412065 0.655248 0.985249 447  94119 
09 0 216 04 36 04 1.000000 0.515250 0.132552 0.517674 368  94487 
09 0 217 04 37 02 0.870000 0.588869 0.627014 0.634562 499  94986 
09 0 218 04 38 04 1.000000 0.253278 0.965643 0.551072  43  95029 
09 0 219 04 39 03 0.940000 0.506674 0.571969 0.617868 496  95525 
09 0 220 04 40 01 0.200000 0.695074 0.713061 0.684666 500  96025 
09 0 221 04 41 01 0.200000 0.118504 0.080287 0.701363 499  96523 
09 0 222 04 42 02 0.870000 0.224691 0.317549 0.784863 492  97016 
09 0 223 04 43 04 1.000000 -0.033463 0.802940 0.567771 -130  96886 
09 0 224 04 44 01 0.200000 0.579061 0.371287 0.634567 461  97347 
09 0 225 04 45 01 0.200000 0.629767 0.630530 0.617869 500  97847 
09 0 226 04 46 02 0.870000 0.125094 0.079378 0.551073 498  98345 
09 0 227 04 47 04 1.000000 0.829929 0.376294 0.517674 315  98660 
09 0 228 04 48 03 0.940000 0.306576 0.472629 0.517672 475  99135 
09 0 229 04 49 01 0.200000 0.707923 0.666693 0.634574 498  99634 
09 0 230 04 50 02 0.870000 0.386251 0.536083 0.551072 480 100114 
09 0 231 04 51 04 1.000000 0.374951 0.585405 0.517673 460 100574 
09 0 232 04 52 03 0.940000 0.299048 0.475275 0.601170 472 101046 
09 0 233 04 53 01 0.200000 0.628059 0.672479 0.534373 498 101544 
09 0 234 04 54 03 0.940000 0.673230 0.580205 0.500973 492 102036 
09 0 235 04 55 04 1.000000 0.657189 0.255182 0.517674 355 102391 
09 0 236 04 56 03 0.940000 0.572644 0.759497 0.517675 469 102859 
09 0 237 04 57 03 0.940000 0.436378 0.352706 0.551072 494 103353 
09 0 238 04 58 02 0.870000 0.429929 0.431958 0.617869 500 103853 
09 0 239 04 59 02 0.870000 0.573316 0.512079 0.951847 497 104350 
09 0 240 04 60 02 0.870000 0.523327 0.589471 0.718062 496 104846 
09 0 241 05 01 03 0.940000 0.181500 0.158240 0.901753 500 105345 
09 0 242 05 02 04 1.000000 0.617856 0.236849 0.701365 369 105715 
09 0 243 05 03 03 0.940000 0.270628 0.383927 0.584471 488 106203 
09 0 244 05 04 02 0.870000 0.800674 0.810024 0.617869 500 106703 
09 0 245 05 05 01 0.200000 0.241528 0.204018 0.885055 499 107202 
09 0 246 05 06 03 0.940000 0.261848 0.556330 0.784862 422 107624 
09 0 247 05 07 04 1.000000 0.379292 0.201484 0.601170 472 108095 
09 0 248 05 08 03 0.940000 0.415492 0.486603 0.634572 495 108591 
09 0 249 05 09 01 0.200000 0.303278 0.347607 0.718063 498 109089 
09 0 250 05 10 01 0.200000 -0.109481 -0.250882 1.018648 482 109571 
09 0 251 05 11 04 1.000000 0.511772 0.533443 0.534374 500 110070 
09 0 252 05 12 01 0.200000 0.345066 0.338556 0.701362 500 110570 
09 0 253 05 13 04 1.000000 0.731425 0.401066 0.534373 402 110972 
09 0 254 05 14 02 0.870000 0.001530 -0.119988 0.534372 487 111459 
09 0 255 05 15 02 0.870000 0.328009 0.648332 1.118842 408 111866 
09 0 256 05 16 03 0.940000 0.011404 -0.005050 0.551072 500 112366 
09 0 257 05 17 04 1.000000 0.765098 0.708626 0.634572 497 112863 
09 0 258 05 18 01 0.200000 -0.068002 -0.048349 0.584470 500 113363 
09 0 259 05 19 03 0.940000 0.153400 0.375961 0.484280 455 113818 
09 0 260 05 20 03 0.940000 0.615154 0.556027 0.701371 497 114315 
09 0 261 05 21 01 0.200000 0.237730 0.261822 0.534373 499 114815 
09 0 262 05 22 03 0.940000 1.112805 0.941563 1.018649 474 115288 
09 0 263 05 23 01 0.200000 -0.273371 -0.421067 0.701365 480 115769 
09 0 264 05 24 04 1.000000 0.412413 0.766170 0.534374 387 116156 
09 0 265 05 25 02 0.870000 0.329962 0.443448 0.634566 488 116645 
09 0 266 05 26 02 0.870000 0.135978 0.000000 0.551068 483 117128 
09 0 267 05 27 04 1.000000 0.421403 0.619588 0.801556 465 117593 
09 0 268 05 28 03 0.940000 0.757011 0.724744 0.601170 499 118092 
09 0 269 05 29 02 0.870000 -0.034844 -0.172463 0.634566 483 118575 
09 0 270 05 30 02 0.870000 0.963081 0.925881 0.701364 499 119073 
09 0 271 05 31 03 0.940000 0.281678 -0.042031 0.601168 406 119479 
09 0 272 05 32 03 0.940000 0.344444 0.157879 0.584471 469 119948 
09 0 273 05 33 02 0.870000 0.817642 0.805971 0.701367 500 120448 
09 0 274 05 34 04 1.000000 0.557224 -0.458371 0.551074 -428 120019 
09 0 275 05 35 03 0.940000 -0.043385 -0.141897 0.734761 491 120511 
09 0 276 05 36 01 0.200000 0.409472 0.287831 0.768160 487 120997 
09 0 277 05 37 01 0.200000 0.685107 0.494799 0.617870 467 121465 
09 0 278 05 38 01 0.200000 0.646175 0.655696 0.584472 500 121965 
09 0 279 05 39 03 0.940000 0.406407 0.466160 0.617862 497 122461 
09 0 280 05 40 04 1.000000 -0.255874 0.370891 0.768160 146 122608 
09 0 281 05 41 03 0.940000 0.709176 0.437338 0.500974 433 123041 
09 0 282 05 42 02 0.870000 0.039736 0.027771 0.551073 500 123541 
09 0 283 05 43 02 0.870000 -0.109354 -0.224544 0.601172 488 124029 
09 0 284 05 44 03 0.940000 0.600671 0.468514 0.534375 484 124513 
09 0 285 05 45 02 0.870000 0.168175 0.112271 0.634563 497 125011 
09 0 286 05 46 02 0.870000 0.400605 0.574571 0.567768 473 125483 
09 0 287 05 47 02 0.870000 -0.084054 -0.255892 0.617868 473 125957 
09 0 288 05 48 03 0.940000 0.492132 0.719918 0.567772 453 126410 
09 0 289 05 49 03 0.940000 0.658143 0.356437 0.567774 418 126828 
09 0 290 05 50 02 0.870000 0.825956 0.725562 0.517673 491 127319 
09 0 291 05 51 03 0.940000 0.222588 0.000000 0.567770 455 127775 
09 0 292 05 52 03 0.940000 0.420748 0.469038 0.517676 498 128272 
09 0 293 05 53 03 0.940000 0.035977 0.006173 0.534372 499 128772 
09 0 294 05 54 04 1.000000 0.844572 0.499347 0.500973 393 129164 
09 0 295 05 55 04 1.000000 0.458430 0.118196 0.484277 396 129560 
09 0 296 05 56 01 0.200000 0.628248 0.715512 0.534373 493 130053 
09 0 297 05 57 03 0.940000 0.646219 0.584813 0.584471 497 130550 
09 0 298 05 58 03 0.940000 0.429070 0.468183 0.534374 499 131049 
09 0 299 05 59 03 0.940000 0.799154 0.647300 0.584470 479 131528 
09 0 300 05 60 01 0.200000 0.572599 0.674741 0.467581 491 132018 
