  5   1  1 1 1 1 NN 0 +17 37 +17 37 0 1 4.515210 0 0 3707.482577 3707.983547 3708.484521 3708.985495 3709.987441 3714.502651 0.887605 C 255.000000 0.000000 171.964034 
  5   2  1 2 3 2 HL 1 -54 91 -24 105 0 0 1.999290 0 0 3715.514856 3716.015828 3716.516801 3717.017776 3718.019723 3720.019013 0.997979 E 255.000000 0.000000 3.092345 
  5   3  1 3 2 3 LH 1 -9 46 +6 75 0 0 2.116200 0 0 3721.042266 3721.543242 3722.044213 3722.545187 3723.547135 3725.663335 0.862363 E 255.000000 0.000000 210.584108 
  5   4  1 4 3 3 HH 1 -44 104 -14 75 1 1 1.518277 0 0 3726.686573 3727.187547 3727.688518 3728.189493 3729.191439 3730.709716 0.410746 C 0.000000 255.000000 118.441935 
  5   5  1 5 3 3 HH 1 -17 57 -47 28 1 1 2.362031 0 0 3731.729714 3732.230681 3732.731657 3733.232629 3734.234574 3736.596605 0.642515 C 0.000000 36.951806 255.000000 
  5   6  1 6 1 3 NH 0 -52 74 -52 45 0 1 1.699452 0 0 3737.607802 3738.108774 3738.609748 3739.110722 3740.112670 3741.812123 0.825985 C 243.757787 0.000000 255.000000 
  5   7  1 7 1 2 NL 0 -18 38 -18 52 0 1 2.281022 0 0 3742.834629 3743.335602 3743.836576 3744.337550 3745.339498 3747.620520 0.525910 C 0.000000 215.357511 255.000000 
  5   8  1 8 3 2 HL 1 +51 72 +21 86 0 0 1.489166 0 0 3748.629227 3749.130201 3749.631173 3750.132146 3751.134095 3752.623261 0.835589 E 255.000000 0.000000 251.548471 
  5   9  1 9 1 2 NL 0 -20 95 -20 109 0 1 1.177225 0 0 3753.638965 3754.139942 3754.640912 3755.141886 3756.143833 3757.321058 0.823346 C 239.719948 0.000000 255.000000 
  5  10  1 10 3 1 HN 0 -4 99 -34 99 0 1 1.161165 0 0 3758.331418 3758.832393 3759.333367 3759.834341 3760.836293 3761.997458 0.031534 C 255.000000 48.247617 0.000000 
  5  11  1 11 2 2 LL 1 +9 116 -6 102 1 1 1.728248 0 0 3763.007175 3763.508149 3764.009123 3764.510097 3765.512044 3767.240292 0.818860 C 232.855680 0.000000 255.000000 
  5  12  1 12 3 3 HH 1 +42 50 +12 79 1 1 1.837595 0 0 3768.250703 3768.751674 3769.252650 3769.753623 3770.755574 3772.593168 0.067556 C 255.000000 103.361056 0.000000 
  5  13  1 13 1 3 NH 0 +25 56 +25 85 0 1 1.413384 0 0 3773.611123 3774.112096 3774.613069 3775.114041 3776.115991 3777.529375 0.579449 C 0.000000 133.443715 255.000000 
  5  14  1 14 2 1 LN 0 +4 89 -11 89 0 1 1.412960 0 0 3778.554065 3779.055038 3779.556011 3780.056985 3781.058933 3782.471893 0.171659 C 247.361093 255.000000 0.000000 
  5  15  1 15 1 1 NN 0 -19 90 -19 90 0 1 1.550688 0 0 3783.480308 3783.981280 3784.482254 3784.983228 3785.985176 3787.535864 0.765992 C 151.968524 0.000000 255.000000 
  5  16  1 16 2 2 LL 1 +53 109 +38 95 0 0 1.288328 0 0 3788.556841 3789.057819 3789.558789 3790.059763 3791.061711 3792.350039 0.046957 E 255.000000 71.844419 0.000000 
  5  17  1 17 2 3 LH 1 -14 68 -29 39 1 1 2.160762 0 0 3793.366191 3793.867165 3794.368138 3794.869112 3795.871059 3798.031821 0.199617 C 204.585704 255.000000 0.000000 
  5  18  1 18 1 2 NL 0 +34 115 +34 101 0 1 1.281360 0 0 3799.043894 3799.544868 3800.045844 3800.546818 3801.548763 3802.830123 0.911789 C 255.000000 0.000000 134.962325 
  5  19  1 19 3 2 HL 1 -24 83 -54 97 1 1 1.890351 0 0 3803.853245 3804.354217 3804.855191 3805.356165 3806.358112 3808.248464 0.426105 C 0.000000 255.000000 141.941165 
  5  20  1 20 2 3 LH 1 -44 39 -59 68 0 0 1.521681 0 0 3809.263761 3809.764734 3810.265712 3810.766682 3811.768630 3813.290311 0.395476 E 0.000000 255.000000 95.077881 
  5  21  1 21 1 2 NL 0 -8 37 -8 51 0 1 1.314624 0 0 3814.306898 3814.807875 3815.308845 3815.809819 3816.811766 3818.126390 0.156930 C 255.000000 240.103016 0.000000 
  5  22  1 22 3 3 HH 1 -40 77 -10 106 1 1 1.431476 0 0 3819.149646 3819.650617 3820.151593 3820.652566 3821.654513 3823.085988 0.238935 C 144.428899 255.000000 0.000000 
  5  23  1 23 1 2 NL 0 -25 113 -25 99 0 1 1.201114 0 0 3824.109288 3824.610259 3825.111233 3825.612207 3826.614154 3827.815269 0.628763 C 0.000000 57.992241 255.000000 
  5  24  1 24 1 3 NH 0 -34 44 -34 73 0 1 0.780272 0 0 3828.835139 3829.336112 3829.837087 3830.338060 3831.340008 3832.120280 0.941558 C 255.000000 0.000000 89.416362 
  5  25  1 25 3 1 HN 0 -34 82 -4 82 0 1 1.048247 0 0 3833.143517 3833.644488 3834.145462 3834.646435 3835.648384 3836.696631 0.509262 C 0.000000 240.828437 255.000000 
  5  26  1 26 3 1 HN 0 -29 35 -59 35 1 0 3.097494 0 0 3837.719075 3838.220049 3838.721023 3839.221995 3840.223945 3843.321439 0.999994 E 255.000000 0.000000 0.009270 
  5  27  1 27 3 1 HN 0 +42 98 +12 98 0 1 0.819196 0 0 3844.331931 3844.832908 3845.333877 3845.834851 3846.836801 3847.655997 0.132529 C 255.000000 202.769002 0.000000 
  5  28  1 28 3 3 HH 1 -43 49 -13 78 1 1 1.134099 0 0 3848.673704 3849.174680 3849.675651 3850.176628 3851.178572 3852.312672 0.513911 C 0.000000 233.715850 255.000000 
  5  29  1 29 3 2 HL 1 +15 110 -15 96 0 0 0.806123 0 0 3853.332762 3853.833734 3854.334708 3854.835685 3855.837629 3856.643752 0.703474 E 56.315354 0.000000 255.000000 
  5  30  1 30 2 3 LH 1 +42 81 +57 110 1 1 2.272088 0 0 3857.657834 3858.158812 3858.659782 3859.160755 3860.162704 3862.434792 0.077286 C 255.000000 118.246929 0.000000 
  5  31  1 31 3 3 HH 1 +43 53 +13 82 1 1 1.231167 0 0 3863.452432 3863.953405 3864.454383 3864.955353 3865.957301 3867.188468 0.672787 C 9.364860 0.000000 255.000000 
  5  32  1 32 2 3 LH 1 +10 81 -5 110 1 1 1.492757 0 0 3868.211685 3868.712658 3869.213631 3869.714605 3870.716553 3872.209310 0.042922 C 255.000000 65.670710 0.000000 
  5  33  1 33 2 2 LL 1 +39 103 +24 89 1 1 0.986127 0 0 3873.221422 3873.722400 3874.223370 3874.724344 3875.726291 3876.712418 0.062607 C 255.000000 95.788842 0.000000 
  5  34  1 34 3 1 HN 0 +44 109 +14 109 0 1 1.192032 0 0 3877.730186 3878.231160 3878.732134 3879.233108 3880.235056 3881.427088 0.535328 C 0.000000 200.948348 255.000000 
  5  35  1 35 3 3 HH 1 -7 52 -37 81 0 0 1.353561 0 0 3882.439347 3882.940315 3883.441288 3883.942263 3884.944211 3886.297771 0.347322 E 0.000000 255.000000 21.403367 
  5  36  1 36 2 3 LH 1 +49 30 +34 59 1 1 1.520511 0 0 3887.315487 3887.816458 3888.317436 3888.818409 3889.820356 3891.340866 0.057524 C 255.000000 88.012310 0.000000 
  5  37  1 37 1 1 NN 0 +4 36 +4 36 0 1 1.325768 0 0 3892.358625 3892.859598 3893.360570 3893.861545 3894.863492 3896.189259 0.477300 C 0.000000 255.000000 220.269320 
  5  38  1 38 2 3 LH 1 -53 76 -38 47 1 1 1.584028 0 0 3897.201370 3897.702344 3898.203318 3898.704291 3899.706240 3901.290268 0.806917 C 214.582941 0.000000 255.000000 
  5  39  1 39 1 3 NH 0 +28 106 +28 77 0 1 0.972769 0 0 3902.311305 3902.812278 3903.313252 3903.814225 3904.816173 3905.788942 0.902779 C 255.000000 0.000000 148.748224 
  5  40  1 40 1 2 NL 0 +38 106 +38 92 0 1 1.111546 0 0 3906.803369 3907.304343 3907.805317 3908.306291 3909.308238 3910.419784 0.298920 C 52.652464 255.000000 0.000000 
  5  41  2 1 1 3 NH 0 +41 110 +41 81 0 1 0.791415 0 0 3922.684246 3923.185214 3923.686188 3924.187161 3925.189109 3925.980524 0.795116 C 196.528063 0.000000 255.000000 
  5  42  2 2 1 3 NH 0 -44 45 -44 74 0 1 1.019643 0 0 3926.992616 3927.493589 3927.994563 3928.495537 3929.497484 3930.517127 0.148286 C 255.000000 226.877549 0.000000 
  5  43  2 3 1 3 NH 0 -58 61 -58 32 0 1 1.114242 0 0 3931.534779 3932.035752 3932.536726 3933.037700 3934.039646 3935.153889 0.702449 C 54.747103 0.000000 255.000000 
  5  44  2 4 2 1 LN 0 -37 111 -52 111 0 1 3.228828 0 0 3936.177137 3936.678108 3937.179083 3937.680057 3938.682005 3941.910833 0.872090 C 255.000000 0.000000 195.701946 
  5  45  2 5 1 3 NH 0 -48 63 -48 34 0 1 1.125506 0 0 3942.923584 3943.424557 3943.925532 3944.426505 3945.428452 3946.553958 0.255996 C 118.326765 255.000000 0.000000 
  5  46  2 6 1 1 NN 0 -4 81 -4 81 0 1 1.356056 0 0 3947.565942 3948.066915 3948.567889 3949.068863 3950.070810 3951.426866 0.011319 C 255.000000 17.318112 0.000000 
  5  47  2 7 3 1 HN 0 -50 41 -20 41 0 1 1.203310 0 0 3952.442089 3952.943060 3953.444035 3953.945009 3954.946956 3956.150266 0.047145 C 255.000000 72.131626 0.000000 
  5  48  2 8 2 3 LH 1 -31 34 -46 63 1 1 1.403094 0 0 3957.167942 3957.668912 3958.169889 3958.670862 3959.672814 3961.075908 0.419147 C 0.000000 255.000000 131.294673 
  5  49  2 9 2 2 LL 1 +54 55 +39 69 0 0 1.343747 0 0 3962.094185 3962.595157 3963.096130 3963.597104 3964.599052 3965.942799 0.326786 E 10.017815 255.000000 0.000000 
  5  50  2 10 3 2 HL 1 -53 41 -23 55 0 0 1.328872 0 0 3966.953630 3967.454603 3967.955575 3968.456551 3969.458499 3970.787370 0.765266 E 150.857347 0.000000 255.000000 
  5  51  2 11 2 3 LH 1 -43 110 -28 81 1 1 1.257098 0 0 3971.796379 3972.297351 3972.798325 3973.299298 3974.301247 3975.558345 0.704059 C 57.210025 0.000000 255.000000 
  5  52  2 12 3 1 HN 0 +41 107 +11 107 0 1 1.165865 0 0 3976.572329 3977.073301 3977.574275 3978.075249 3979.077197 3980.243061 0.722645 C 85.647005 0.000000 255.000000 
  5  53  2 13 1 2 NL 0 -41 96 -41 110 0 1 2.132744 0 0 3981.264784 3981.765756 3982.266730 3982.767702 3983.769651 3985.902395 0.525644 C 0.000000 215.764601 255.000000 
  5  54  2 14 3 3 HH 1 +40 47 +10 76 0 0 1.720991 0 0 3986.925788 3987.426761 3987.927735 3988.428708 3989.430656 3991.151647 0.935379 E 255.000000 0.000000 98.870146 
  5  55  2 15 2 2 LL 1 -17 42 -2 28 1 1 1.078205 0 0 3992.169314 3992.670286 3993.171261 3993.672235 3994.674180 3995.752385 0.864825 C 255.000000 0.000000 206.817594 
  5  56  2 16 3 2 HL 1 +5 46 +35 60 0 0 1.492117 0 0 3996.761576 3997.262547 3997.763521 3998.264493 3999.266443 4000.758560 0.542808 E 0.000000 189.503667 255.000000 
  5  57  2 17 3 1 HN 0 -17 92 +13 92 0 1 1.268183 0 0 4001.771313 4002.272286 4002.773259 4003.274234 4004.276181 4005.544364 0.996317 C 255.000000 0.000000 5.634934 
  5  58  2 18 2 3 LH 1 -39 85 -24 114 0 0 1.538927 0 0 4006.563961 4007.064935 4007.565909 4008.066883 4009.068831 4010.607758 0.003746 E 255.000000 5.731259 0.000000 
  5  59  2 19 3 1 HN 0 +18 79 +48 79 0 1 1.229955 0 0 4011.623798 4012.124775 4012.625745 4013.126719 4014.128666 4015.358621 0.691816 C 38.479007 0.000000 255.000000 
  5  60  2 20 3 3 HH 1 -29 101 +1 72 1 1 1.181777 0 0 4016.383051 4016.884024 4017.384997 4017.885974 4018.887918 4020.069695 0.885879 C 255.000000 0.000000 174.605646 
  5  61  2 21 2 2 LL 1 -1 57 -16 71 0 0 1.520582 0 0 4021.092204 4021.593177 4022.094149 4022.595125 4023.597075 4025.117657 0.201108 E 202.304458 255.000000 0.000000 
  5  62  2 22 1 3 NH 0 +30 61 +30 32 0 1 1.236430 0 0 4026.135342 4026.636314 4027.137288 4027.638261 4028.640209 4029.876639 0.000052 C 255.000000 0.079051 0.000000 
  5  63  2 23 2 2 LL 1 -46 113 -31 99 1 1 2.342789 0 0 4030.894592 4031.395565 4031.896540 4032.397513 4033.399461 4035.742249 0.587521 C 0.000000 121.093274 255.000000 
  5  64  2 24 2 2 LL 1 -23 109 -8 95 0 0 1.533188 0 0 4036.755986 4037.256959 4037.757934 4038.258906 4039.260855 4040.794043 0.122426 E 255.000000 187.311184 0.000000 
  5  65  2 25 2 2 LL 1 +58 62 +43 48 1 1 1.055367 0 0 4041.815824 4042.316799 4042.817770 4043.318743 4044.320691 4045.376058 0.712056 C 69.446368 0.000000 255.000000 
  5  66  2 26 3 1 HN 0 -3 28 -33 28 0 1 1.184396 0 0 4046.391385 4046.892358 4047.393331 4047.894306 4048.896252 4050.080648 0.608225 C 0.000000 89.415363 255.000000 
  5  67  2 27 3 2 HL 1 -56 83 -26 97 1 1 2.099439 0 0 4051.100538 4051.601510 4052.102485 4052.603461 4053.605405 4055.704844 0.733902 C 102.870025 0.000000 255.000000 
  5  68  2 28 2 1 LN 0 -59 37 -44 37 0 1 1.660688 0 0 4056.728144 4057.229117 4057.730091 4058.231065 4059.233012 4060.893701 0.688171 C 32.902006 0.000000 255.000000 
  5  69  2 29 1 3 NH 0 +6 79 +6 50 0 1 1.416232 0 0 4061.904874 4062.405847 4062.906821 4063.407794 4064.409742 4065.825974 0.657969 C 0.000000 13.307404 255.000000 
  5  70  2 30 3 1 HN 0 -59 45 -29 45 0 1 0.997187 0 0 4066.847817 4067.348789 4067.849763 4068.350736 4069.352684 4070.349871 0.043755 C 255.000000 66.945398 0.000000 
  5  71  2 31 2 3 LH 1 +12 46 -3 75 1 1 1.347040 0 0 4071.373279 4071.874252 4072.375226 4072.876200 4073.878148 4075.225188 0.325287 C 12.310206 255.000000 0.000000 
  5  72  2 32 1 1 NN 0 -4 33 -4 33 0 1 1.728082 0 0 4076.249425 4076.750398 4077.251372 4077.752346 4078.754292 4080.482374 0.936846 C 255.000000 0.000000 96.624973 
  5  73  2 33 3 3 HH 1 +46 39 +16 68 1 1 1.205040 0 0 4081.492952 4081.993924 4082.494898 4082.995873 4083.997820 4085.202860 0.374345 C 0.000000 255.000000 62.748453 
  5  74  2 34 3 1 HN 0 +32 64 +2 64 1 0 1.687444 0 0 4086.218806 4086.719778 4087.220752 4087.721728 4088.723673 4090.411118 0.459739 E 0.000000 255.000000 193.399911 
  5  75  2 35 1 3 NH 0 -52 73 -52 102 0 1 1.292168 0 0 4091.428934 4091.929910 4092.430879 4092.931854 4093.933802 4095.225970 0.637896 C 0.000000 44.018848 255.000000 
  5  76  2 36 2 3 LH 1 -10 55 -25 84 0 0 1.203268 0 0 4096.238282 4096.739255 4097.240228 4097.741206 4098.743150 4099.946418 0.414108 E 0.000000 255.000000 123.584795 
  5  77  2 37 3 2 HL 1 -52 97 -22 111 1 1 1.091965 0 0 4100.964134 4101.465108 4101.966082 4102.467056 4103.469003 4104.560968 0.720748 C 82.744530 0.000000 255.000000 
  5  78  2 38 3 1 HN 0 +60 57 +30 57 0 1 1.537551 0 0 4105.573094 4106.074067 4106.575041 4107.076015 4108.077963 4109.615514 0.688723 C 33.745570 0.000000 255.000000 
  5  79  2 39 2 1 LN 0 +41 38 +56 38 0 1 1.061533 0 0 4110.632932 4111.133903 4111.634877 4112.135851 4113.137798 4114.199332 0.493324 C 0.000000 255.000000 244.786172 
  5  80  2 40 2 3 LH 1 +8 114 -7 85 1 1 0.945498 0 0 4115.208492 4115.709467 4116.210439 4116.711411 4117.713360 4118.658859 0.049820 C 255.000000 76.224093 0.000000 
  5  81  3 1 2 2 LL 1 +50 30 +35 44 1 1 0.894837 0 0 4134.178703 4134.679675 4135.180648 4135.681622 4136.683570 4137.578407 0.638769 C 0.000000 42.683430 255.000000 
  5  82  3 2 2 3 LH 1 +2 98 +17 69 1 1 1.281374 0 0 4138.587271 4139.088244 4139.589218 4140.090191 4141.092140 4142.373513 0.042497 C 255.000000 65.020034 0.000000 
  5  83  3 3 3 3 HH 1 -35 47 -5 76 1 1 1.094111 0 0 4143.396621 4143.897593 4144.398567 4144.899541 4145.901489 4146.995600 0.734542 C 103.849117 0.000000 255.000000 
  5  84  3 4 2 3 LH 1 +32 55 +17 84 1 1 1.181077 0 0 4148.005580 4148.506553 4149.007527 4149.508501 4150.510448 4151.691525 0.767493 C 154.264668 0.000000 255.000000 
  5  85  3 5 3 3 HH 1 +14 100 +44 71 1 1 0.761232 0 0 4152.714734 4153.215706 4153.716681 4154.217658 4155.219602 4155.980834 0.469782 C 0.000000 255.000000 208.766460 
  5  86  3 6 2 3 LH 1 +1 114 -14 85 1 1 0.674434 0 0 4156.989710 4157.490683 4157.991657 4158.492631 4159.494579 4160.169013 0.584456 C 0.000000 125.783015 255.000000 
  5  87  3 7 2 3 LH 1 -3 81 +12 52 1 1 0.685574 0 0 4161.181193 4161.682172 4162.183140 4162.684113 4163.686059 4164.371633 0.096752 C 255.000000 148.030393 0.000000 
  5  88  3 8 2 2 LL 1 +7 68 +22 82 0 0 1.415194 0 0 4165.389371 4165.890345 4166.391322 4166.892293 4167.894241 4169.309434 0.471610 E 0.000000 255.000000 211.563965 
  5  89  3 9 1 3 NH 0 -58 29 -58 58 0 1 1.348162 0 0 4170.332313 4170.833286 4171.334261 4171.835236 4172.837182 4174.185344 0.495532 C 0.000000 255.000000 248.164662 
  5  90  3 10 2 3 LH 1 -56 109 -41 80 1 1 1.336819 0 0 4175.208460 4175.709433 4176.210407 4176.711381 4177.713328 4179.050147 0.245799 C 133.927855 255.000000 0.000000 
  5  91  3 11 3 3 HH 1 +13 86 +43 115 1 1 1.041998 0 0 4180.067907 4180.568879 4181.069853 4181.570827 4182.572775 4183.614773 0.748619 C 125.387593 0.000000 255.000000 
  5  92  3 12 3 1 HN 0 +54 105 +24 105 1 0 0.863766 0 0 4184.626767 4185.127741 4185.628716 4186.129689 4187.131635 4187.995400 0.746053 E 121.461416 0.000000 255.000000 
  5  93  3 13 3 3 HH 1 +56 85 +26 114 1 1 0.785763 0 0 4189.018639 4189.519612 4190.020585 4190.521559 4191.523507 4192.309269 0.031108 C 255.000000 47.595022 0.000000 
  5  94  3 14 2 1 LN 0 -39 79 -54 79 0 1 1.316271 0 0 4193.327015 4193.827987 4194.328959 4194.829935 4195.831882 4197.148153 0.437554 C 0.000000 255.000000 159.458233 
  5  95  3 15 2 3 LH 1 +20 58 +35 29 1 1 1.247656 0 0 4198.169761 4198.670734 4199.171707 4199.672682 4200.674630 4201.922286 0.618726 C 0.000000 73.349886 255.000000 
  5  96  3 16 2 1 LN 0 +1 103 -14 103 0 1 0.963895 0 0 4202.945711 4203.446685 4203.947661 4204.448633 4205.450580 4206.414475 0.112075 C 255.000000 171.474471 0.000000 
  5  97  3 17 2 1 LN 0 -3 104 +12 104 0 1 1.126945 0 0 4207.437777 4207.938750 4208.439724 4208.940699 4209.942645 4211.069590 0.836500 C 255.000000 0.000000 250.154603 
  5  98  3 18 2 2 LL 1 +56 65 +41 51 0 0 1.565555 0 0 4212.080136 4212.581108 4213.082082 4213.583056 4214.585004 4216.150559 0.627265 E 0.000000 60.284420 255.000000 
  5  99  3 19 3 3 HH 1 -48 45 -18 74 1 1 0.769173 0 0 4217.173369 4217.674342 4218.175316 4218.676290 4219.678238 4220.447410 0.562248 C 0.000000 159.760105 255.000000 
  5 100  3 20 3 3 HH 1 -48 72 -18 101 0 0 1.626325 0 0 4221.465046 4221.966018 4222.466992 4222.967966 4223.969914 4225.596239 0.717385 E 77.598409 0.000000 255.000000 
  5 101  3 21 3 3 HH 1 +27 78 +57 49 1 1 0.868388 0 0 4226.608377 4227.109350 4227.610326 4228.111298 4229.113245 4229.981633 0.785749 C 182.196463 0.000000 255.000000 
  5 102  3 22 2 2 LL 1 +30 48 +45 34 0 0 0.890746 0 0 4231.000247 4231.501223 4232.002196 4232.503168 4233.505116 4234.395862 0.447685 E 0.000000 255.000000 174.957949 
  5 103  3 23 3 3 HH 1 -53 32 -23 61 1 1 0.702320 0 0 4235.408818 4235.909794 4236.410764 4236.911738 4237.913685 4238.616005 0.121456 C 255.000000 185.827432 0.000000 
  5 104  3 24 3 3 HH 1 +27 64 +57 93 1 1 1.066077 0 0 4239.633698 4240.134670 4240.635647 4241.136619 4242.138565 4243.204642 0.346643 C 0.000000 255.000000 20.363329 
  5 105  3 25 2 3 LH 1 -41 58 -56 87 1 1 1.010909 0 0 4244.225958 4244.726930 4245.227909 4245.728878 4246.730825 4247.741734 0.731089 C 98.566427 0.000000 255.000000 
  5 106  3 26 3 3 HH 1 -4 64 +26 93 1 1 0.799046 0 0 4248.751420 4249.252394 4249.753367 4250.254342 4251.256290 4252.055335 0.861192 C 255.000000 0.000000 212.376477 
  5 107  3 27 2 3 LH 1 -2 41 +13 70 1 1 1.106684 0 0 4253.076496 4253.577468 4254.078442 4254.579416 4255.581364 4256.688048 0.194228 C 212.831604 255.000000 0.000000 
  5 108  3 28 1 2 NL 0 +48 61 +48 47 0 1 1.094546 0 0 4257.702153 4258.203126 4258.704104 4259.205077 4260.207022 4261.301567 0.393664 C 0.000000 255.000000 92.305906 
  5 109  3 29 2 1 LN 0 -31 61 -16 61 0 1 1.592924 0 0 4262.311114 4262.812086 4263.313060 4263.814036 4264.815982 4266.408905 0.483181 C 0.000000 255.000000 229.267103 
  5 110  3 30 3 3 HH 1 +1 110 -29 81 1 1 1.238449 0 0 4267.421046 4267.922021 4268.422994 4268.923967 4269.925914 4271.164363 0.457118 C 0.000000 255.000000 189.390373 
  5 111  3 31 3 2 HL 1 +56 113 +26 99 1 1 1.215443 0 0 4272.180297 4272.681271 4273.182246 4273.683218 4274.685166 4275.900610 0.997505 C 255.000000 0.000000 3.817046 
  5 112  3 32 2 3 LH 1 +5 61 +20 90 0 0 1.869275 0 0 4276.922849 4277.423823 4277.924797 4278.425771 4279.427718 4281.296993 0.199304 E 205.065223 255.000000 0.000000 
  5 113  3 33 3 3 HH 1 +2 88 -28 59 1 1 0.769178 0 0 4282.316670 4282.817645 4283.318615 4283.819589 4284.821537 4285.590715 0.310902 C 34.320083 255.000000 0.000000 
  5 114  3 34 2 1 LN 0 -59 48 -44 48 0 1 1.188208 0 0 4286.608348 4287.109318 4287.610291 4288.111271 4289.113213 4290.301420 0.681323 C 22.423955 0.000000 255.000000 
  5 115  3 35 2 2 LL 1 -41 63 -56 77 0 0 1.876146 0 0 4291.317500 4291.818473 4292.319446 4292.820421 4293.822368 4295.698513 0.596290 E 0.000000 107.676637 255.000000 
  5 116  3 36 1 1 NN 0 -46 43 -46 43 0 1 1.094242 0 0 4296.711318 4297.212294 4297.713264 4298.214238 4299.216186 4300.310428 0.465284 C 0.000000 255.000000 201.884812 
  5 117  3 37 2 1 LN 0 +14 88 -1 88 1 0 1.175558 0 0 4301.320278 4301.821252 4302.322224 4302.823197 4303.825146 4305.000704 0.826227 E 244.127796 0.000000 255.000000 
  5 118  3 38 1 2 NL 0 +57 38 +57 52 0 1 1.989425 0 0 4306.012733 4306.513705 4307.014679 4307.515653 4308.517601 4310.507026 0.155988 C 255.000000 238.662270 0.000000 
  5 119  3 39 3 3 HH 1 -59 31 -29 60 1 1 0.822095 0 0 4311.523445 4312.024420 4312.525391 4313.026364 4314.028313 4314.850408 0.918673 C 255.000000 0.000000 124.430226 
  5 120  3 40 2 3 LH 1 -3 33 +12 62 1 1 0.941657 0 0 4315.865217 4316.366194 4316.867164 4317.368139 4318.370086 4319.311743 0.899581 C 255.000000 0.000000 153.641440 
  5 121  4 1 2 3 LH 1 -41 115 -26 86 1 1 0.774703 0 0 4338.776423 4339.277392 4339.778369 4340.279343 4341.281290 4342.055993 0.875604 C 255.000000 0.000000 190.325178 
  5 122  4 2 1 2 NL 0 +5 78 +5 92 1 0 0.813492 0 0 4343.068097 4343.569071 4344.070044 4344.571018 4345.572966 4346.386457 0.688965 E 34.117170 0.000000 255.000000 
  5 123  4 3 3 2 HL 1 +20 80 -10 66 0 0 1.620589 0 0 4347.409870 4347.910847 4348.411818 4348.912791 4349.914739 4351.535328 0.749664 E 126.985766 0.000000 255.000000 
  5 124  4 4 3 2 HL 1 +43 95 +13 81 0 0 1.016763 0 0 4352.553203 4353.054175 4353.555150 4354.056123 4355.058071 4356.074834 0.835648 E 255.000000 0.000000 251.458111 
  5 125  4 5 2 2 LL 1 -12 103 +3 89 1 1 1.935700 0 0 4357.095365 4357.596338 4358.097312 4358.598288 4359.600234 4361.535934 0.062217 C 255.000000 95.191678 0.000000 
  5 126  4 6 3 3 HH 1 -56 57 -26 28 1 1 1.062681 0 0 4362.555980 4363.056956 4363.557929 4364.058901 4365.060849 4366.123529 0.357533 C 0.000000 255.000000 37.025996 
  5 127  4 7 2 2 LL 1 -60 71 -45 85 1 1 0.823261 0 0 4367.148242 4367.649213 4368.150189 4368.651163 4369.653109 4370.476370 0.551553 C 0.000000 176.123962 255.000000 
  5 128  4 8 2 3 LH 1 +28 72 +43 101 1 1 0.785887 0 0 4371.490014 4371.990987 4372.491965 4372.992937 4373.994882 4374.780769 0.052427 C 255.000000 80.212902 0.000000 
  5 129  4 9 1 2 NL 0 -44 107 -44 93 0 1 0.917206 0 0 4375.798389 4376.299361 4376.800337 4377.301310 4378.303257 4379.220463 0.199678 C 204.492311 255.000000 0.000000 
  5 130  4 10 3 1 HN 0 -4 52 -34 52 0 1 1.247832 0 0 4380.240358 4380.741332 4381.242304 4381.743278 4382.745226 4383.993058 0.674853 C 12.525535 0.000000 255.000000 
  5 131  4 11 2 1 LN 0 +7 81 +22 81 0 1 1.303492 0 0 4385.016308 4385.517281 4386.018254 4386.519229 4387.521176 4388.824668 0.148383 C 255.000000 227.026591 0.000000 
  5 132  4 12 3 2 HL 1 -10 85 +20 99 1 1 0.705152 0 0 4389.842355 4390.343329 4390.844307 4391.345277 4392.347224 4393.052377 0.220776 C 172.212066 255.000000 0.000000 
  5 133  4 13 3 3 HH 1 -41 65 -11 36 1 1 1.021700 0 0 4394.067235 4394.568209 4395.069182 4395.570156 4396.572104 4397.593804 0.718197 C 78.840923 0.000000 255.000000 
  5 134  4 14 1 1 NN 0 +15 85 +15 85 0 1 1.047334 0 0 4398.609398 4399.110374 4399.611345 4400.112318 4401.114267 4402.161601 0.090613 C 255.000000 138.638212 0.000000 
  5 135  4 15 2 1 LN 0 -8 35 +7 35 0 1 1.058516 0 0 4403.184960 4403.685933 4404.186910 4404.687880 4405.689828 4406.748344 0.482465 C 0.000000 255.000000 228.172002 
  5 136  4 16 3 2 HL 1 -57 76 -27 62 0 0 0.964000 0 0 4407.760521 4408.261494 4408.762468 4409.263442 4410.265389 4411.229389 0.766461 E 152.685730 0.000000 255.000000 
  5 137  4 17 1 2 NL 0 -46 88 -46 102 0 1 1.181091 0 0 4412.252586 4412.753559 4413.254537 4413.755507 4414.757455 4415.938546 0.973006 C 255.000000 0.000000 41.301029 
  5 138  4 18 2 2 LL 1 +25 107 +40 93 1 1 2.439010 0 0 4416.961740 4417.462713 4417.963687 4418.464661 4419.466609 4421.905618 0.908350 C 255.000000 0.000000 140.224654 
  5 139  4 19 3 1 HN 0 -18 102 +12 102 0 1 1.142131 0 0 4422.923332 4423.424302 4423.925276 4424.426250 4425.428198 4426.570329 0.368395 C 0.000000 255.000000 53.644077 
  5 140  4 20 1 3 NH 0 -54 43 -54 72 0 1 1.293934 0 0 4427.582388 4428.083359 4428.584333 4429.085305 4430.087255 4431.381188 0.869261 C 255.000000 0.000000 200.031410 
  5 141  4 21 1 1 NN 0 -3 37 -3 37 0 1 1.222397 0 0 4432.391736 4432.892706 4433.393682 4433.894656 4434.896603 4436.119000 0.448617 C 0.000000 255.000000 176.384709 
  5 142  4 22 1 2 NL 0 -6 115 -6 101 0 1 1.910130 0 0 4437.134288 4437.635265 4438.136235 4438.637209 4439.639156 4441.549286 0.975280 C 255.000000 0.000000 37.821262 
  5 143  4 23 1 1 NN 0 +3 111 +3 111 0 1 0.811606 0 0 4442.561505 4443.062481 4443.563451 4444.064425 4445.066372 4445.877978 0.902733 C 255.000000 0.000000 148.818731 
  5 144  4 24 3 2 HL 1 +53 61 +23 47 0 0 1.014059 0 0 4446.886579 4447.387551 4447.888525 4448.389500 4449.391447 4450.405506 0.050998 E 255.000000 78.026709 0.000000 
  5 145  4 25 2 2 LL 1 +49 51 +34 65 0 0 1.041985 0 0 4451.428743 4451.929714 4452.430688 4452.931662 4453.933610 4454.975595 0.529335 E 0.000000 210.117812 255.000000 
  5 146  4 26 1 2 NL 0 -2 41 -2 55 0 1 1.698620 0 0 4455.987603 4456.488576 4456.989550 4457.490524 4458.492472 4460.191092 0.210910 C 187.307311 255.000000 0.000000 
  5 147  4 27 2 2 LL 1 +56 46 +41 60 1 1 1.359163 0 0 4461.214432 4461.715403 4462.216378 4462.717352 4463.719299 4465.078462 0.129786 C 255.000000 198.572045 0.000000 
  5 148  4 28 3 3 HH 1 -51 54 -21 83 1 1 1.002873 0 0 4466.090575 4466.591549 4467.092523 4467.593497 4468.595445 4469.598318 0.078700 C 255.000000 120.411139 0.000000 
  5 149  4 29 1 3 NH 0 -2 54 -2 83 0 1 1.414813 0 0 4470.616039 4471.117012 4471.617987 4472.118960 4473.120908 4474.535721 0.760204 C 143.112507 0.000000 255.000000 
  5 150  4 30 2 3 LH 1 -37 84 -52 55 1 1 1.347832 0 0 4475.558981 4476.059958 4476.560929 4477.061902 4478.063850 4479.411682 0.758255 C 140.129943 0.000000 255.000000 
  5 151  4 31 2 1 LN 0 -3 85 -18 85 0 1 1.391348 0 0 4480.435128 4480.936100 4481.437074 4481.938048 4482.940004 4484.331352 0.788950 C 187.093828 0.000000 255.000000 
  5 152  4 32 2 2 LL 1 +15 100 +30 86 1 1 0.925023 0 0 4485.344671 4485.845644 4486.346618 4486.847591 4487.849539 4488.774562 0.061026 C 255.000000 93.369527 0.000000 
  5 153  4 33 2 1 LN 0 +41 103 +56 103 0 1 0.960792 0 0 4489.786639 4490.287612 4490.788585 4491.289560 4492.291507 4493.252299 0.028471 C 255.000000 43.560859 0.000000 
  5 154  4 34 2 2 LL 1 -4 39 -19 53 1 1 1.430285 0 0 4494.262005 4494.762979 4495.263952 4495.764926 4496.766874 4498.197160 0.400020 C 0.000000 255.000000 102.030908 
  5 155  4 35 2 2 LL 1 +34 62 +19 76 1 1 1.429207 0 0 4499.221648 4499.722620 4500.223594 4500.724568 4501.726515 4503.155722 0.280782 C 80.403787 255.000000 0.000000 
  5 156  4 36 2 1 LN 0 -53 47 -38 47 1 0 1.799180 0 0 4504.164590 4504.665562 4505.166536 4505.667511 4506.669457 4508.468637 0.715089 E 74.086889 0.000000 255.000000 
  5 157  4 37 1 1 NN 0 +46 91 +46 91 0 1 0.771656 0 0 4509.491609 4509.992584 4510.493558 4510.994532 4511.996479 4512.768135 0.280932 C 80.174026 255.000000 0.000000 
  5 158  4 38 2 3 LH 1 -47 98 -32 69 1 1 1.132326 0 0 4513.783286 4514.284259 4514.785232 4515.286205 4516.288154 4517.420480 0.087186 C 255.000000 133.394064 0.000000 
  5 159  4 39 3 3 HH 1 +10 83 +40 54 1 1 0.877050 0 0 4518.442343 4518.943316 4519.444291 4519.945263 4520.947213 4521.824262 0.965049 C 255.000000 0.000000 53.474524 
  5 160  4 40 3 2 HL 1 -27 106 -57 92 0 0 1.086265 0 0 4522.834215 4523.335187 4523.836162 4524.337138 4525.339082 4526.425348 0.609978 E 0.000000 86.734207 255.000000 
  5 161  5 1 1 2 NL 0 +10 71 +10 85 0 1 1.249003 0 0 4539.366354 4539.867324 4540.368298 4540.869274 4541.871220 4543.120223 0.569180 C 0.000000 149.154422 255.000000 
  5 162  5 2 1 3 NH 0 +17 101 +17 72 1 0 1.304143 0 0 4544.142303 4544.643275 4545.144249 4545.645223 4546.647170 4547.951313 0.045915 E 255.000000 70.249702 0.000000 
  5 163  5 3 1 3 NH 0 +29 83 +29 112 0 1 1.047429 0 0 4548.968350 4549.469323 4549.970297 4550.471270 4551.473219 4552.520648 0.493698 C 0.000000 255.000000 245.357985 
  5 164  5 4 3 2 HL 1 +2 33 +32 47 1 1 0.902664 0 0 4553.543911 4554.044884 4554.545858 4555.046832 4556.048779 4556.951443 0.844318 C 255.000000 0.000000 238.192757 
  5 165  5 5 1 3 NH 0 -33 58 -33 87 0 1 1.337039 0 0 4557.969180 4558.470153 4558.971127 4559.472101 4560.474048 4561.811087 0.506662 C 0.000000 244.807161 255.000000 
  5 166  5 6 3 1 HN 0 -50 39 -20 39 0 1 1.493662 0 0 4562.828628 4563.329599 4563.830573 4564.331547 4565.333495 4566.827157 0.408600 C 0.000000 255.000000 115.157348 
  5 167  5 7 1 2 NL 0 +24 40 +24 54 0 1 1.176324 0 0 4567.838365 4568.339338 4568.840312 4569.341286 4570.343233 4571.519557 0.373403 C 0.000000 255.000000 61.307187 
  5 168  5 8 3 1 HN 0 -50 56 -20 56 0 1 0.910459 0 0 4572.530819 4573.031793 4573.532767 4574.033741 4575.035695 4575.946154 0.657755 C 0.000000 13.635299 255.000000 
  5 169  5 9 1 3 NH 0 +28 45 +28 74 0 1 0.938080 0 0 4576.956090 4577.457061 4577.958037 4578.459009 4579.460957 4580.399037 0.148408 C 255.000000 227.064721 0.000000 
  5 170  5 10 2 2 LL 1 +7 31 +22 45 1 1 1.126680 0 0 4581.414756 4581.915730 4582.416706 4582.917677 4583.919624 4585.046304 0.847908 C 255.000000 0.000000 232.700559 
  5 171  5 11 3 3 HH 1 -14 76 +16 105 1 1 0.838477 0 0 4586.057112 4586.558087 4587.059061 4587.560035 4588.561983 4589.400459 0.183109 C 229.843291 255.000000 0.000000 
  5 172  5 12 3 2 HL 1 -32 106 -2 92 1 1 0.850247 0 0 4590.415587 4590.916565 4591.417534 4591.918507 4592.920455 4593.770702 0.364984 C 0.000000 255.000000 48.425997 
  5 173  5 13 1 2 NL 0 -45 66 -45 80 0 1 1.178993 0 0 4594.790759 4595.291731 4595.792705 4596.293679 4597.295627 4598.474619 0.869399 C 255.000000 0.000000 199.820276 
  5 174  5 14 1 2 NL 0 +8 58 +8 44 0 1 1.206286 0 0 4599.483213 4599.984186 4600.485161 4600.986134 4601.988081 4603.194367 0.101133 C 255.000000 154.733137 0.000000 
  5 175  5 15 1 3 NH 0 +47 70 +47 99 0 1 1.694220 0 0 4604.209066 4604.710039 4605.211017 4605.711987 4606.713935 4608.408155 0.645594 C 0.000000 32.241663 255.000000 
  5 176  5 16 2 2 LL 1 +44 54 +29 40 1 1 0.877157 0 0 4609.419194 4609.920167 4610.421141 4610.922118 4611.924063 4612.801220 0.156930 C 255.000000 240.103103 0.000000 
  5 177  5 17 2 1 LN 0 +2 86 -13 86 0 1 1.109284 0 0 4613.811064 4614.312039 4614.813013 4615.313986 4616.315934 4617.425218 0.638921 C 0.000000 42.450566 255.000000 
  5 178  5 18 1 1 NN 0 -12 69 -12 69 0 1 1.066340 0 0 4618.436725 4618.937698 4619.438671 4619.939644 4620.941592 4622.007933 0.195562 C 210.789983 255.000000 0.000000 
  5 179  5 19 3 1 HN 0 +2 110 +32 110 0 1 1.194661 0 0 4623.028983 4623.529957 4624.030931 4624.531905 4625.533852 4626.728513 0.149924 C 255.000000 229.383187 0.000000 
  5 180  5 20 3 1 HN 0 -27 113 -57 113 0 1 0.961253 0 0 4627.738139 4628.239113 4628.740085 4629.241059 4630.243007 4631.204260 0.234469 C 151.262880 255.000000 0.000000 
  5 181  5 21 1 1 NN 0 -23 30 -23 30 0 1 1.034256 0 0 4632.213505 4632.714478 4633.215452 4633.716425 4634.718373 4635.752629 0.520182 C 0.000000 224.122143 255.000000 
  5 182  5 22 3 2 HL 1 +45 79 +15 93 0 0 1.583641 0 0 4636.772366 4637.273340 4637.774313 4638.275287 4639.277235 4640.860875 0.055703 E 255.000000 85.225478 0.000000 
  5 183  5 23 3 3 HH 1 +2 28 +32 57 1 1 0.793846 0 0 4641.882301 4642.383272 4642.884247 4643.385220 4644.387168 4645.181015 0.602540 C 0.000000 98.113866 255.000000 
  5 184  5 24 2 1 LN 0 +57 103 +42 103 0 1 0.945116 0 0 4646.190674 4646.691647 4647.192622 4647.693595 4648.695544 4649.640659 0.852530 C 255.000000 0.000000 225.629509 
  5 185  5 25 1 1 NN 0 +16 107 +16 107 0 1 0.785227 0 0 4650.649342 4651.150315 4651.651289 4652.152263 4653.154211 4653.939438 0.761992 C 145.848058 0.000000 255.000000 
  5 186  5 26 2 1 LN 0 +44 77 +29 77 1 0 2.485686 0 0 4654.957719 4655.458690 4655.959668 4656.460638 4657.462585 4659.948271 0.200437 E 203.331253 255.000000 0.000000 
  5 187  5 27 2 3 LH 1 -12 96 -27 67 0 0 0.679996 0 0 4660.969405 4661.470380 4661.971350 4662.472324 4663.474272 4664.154268 0.315039 E 27.989710 255.000000 0.000000 
  5 188  5 28 3 1 HN 0 +51 106 +21 106 0 1 0.982826 0 0 4665.177584 4665.678560 4666.179531 4666.680505 4667.682452 4668.665279 0.769391 C 157.168745 0.000000 255.000000 
  5 189  5 29 1 1 NN 0 +15 50 +15 50 0 1 0.922310 0 0 4669.686348 4670.187323 4670.688296 4671.189270 4672.191216 4673.113526 0.503004 C 0.000000 250.403605 255.000000 
  5 190  5 30 2 2 LL 1 -6 53 +9 39 1 1 0.778982 0 0 4674.128317 4674.629290 4675.130264 4675.631237 4676.633187 4677.412169 0.206485 C 194.077793 255.000000 0.000000 
  5 191  5 31 3 2 HL 1 -8 55 -38 41 0 0 0.935508 0 0 4678.436691 4678.937665 4679.438639 4679.939613 4680.941560 4681.877068 0.698160 E 48.184193 0.000000 255.000000 
  5 192  5 32 1 1 NN 0 +6 92 +6 92 0 1 2.171827 0 0 4682.895358 4683.396332 4683.897306 4684.398280 4685.400228 4687.572055 0.484055 C 0.000000 255.000000 230.604328 
  5 193  5 33 2 2 LL 1 -55 78 -40 64 1 1 0.715565 0 0 4688.589761 4689.090734 4689.591708 4690.092683 4691.094629 4691.810194 0.016134 C 255.000000 24.684653 0.000000 
  5 194  5 34 3 1 HN 0 +25 96 +55 96 0 1 1.482095 0 0 4692.831340 4693.332314 4693.833291 4694.334263 4695.336209 4696.818304 0.230409 C 157.474581 255.000000 0.000000 
  5 195  5 35 1 3 NH 0 -22 83 -22 112 1 0 1.620781 0 0 4697.841082 4698.342052 4698.843026 4699.344000 4700.345948 4701.966729 0.831438 E 252.100585 0.000000 255.000000 
  5 196  5 36 3 2 HL 1 +29 28 -1 42 1 1 1.036318 0 0 4702.984410 4703.485383 4703.986359 4704.487331 4705.489279 4706.525597 0.900957 C 255.000000 0.000000 151.536020 
  5 197  5 37 2 2 LL 1 +24 38 +9 52 1 1 1.308910 0 0 4707.543274 4708.044247 4708.545220 4709.046193 4710.048141 4711.357051 0.062263 C 255.000000 95.262867 0.000000 
  5 198  5 38 3 2 HL 1 -18 35 -48 49 1 1 0.891596 0 0 4712.369321 4712.870294 4713.371267 4713.872241 4714.874192 4715.765788 0.519620 C 0.000000 224.980935 255.000000 
  5 199  5 39 2 3 LH 1 -25 99 -40 70 1 1 0.858206 0 0 4716.777890 4717.278864 4717.779837 4718.280811 4719.282759 4720.140964 0.714452 C 73.112001 0.000000 255.000000 
  5 200  5 40 3 3 HH 1 -15 74 +15 103 1 1 0.772613 0 0 4721.153064 4721.654037 4722.155008 4722.655983 4723.657941 4724.430554 0.193707 C 213.628398 255.000000 0.000000 
  5 201  6 1 2 1 LN 0 +34 86 +19 86 0 1 0.897102 0 0 4743.028922 4743.529893 4744.030867 4744.531840 4745.533789 4746.430891 0.684018 C 26.547428 0.000000 255.000000 
  5 202  6 2 1 3 NH 0 -31 96 -31 67 0 1 1.960108 0 0 4747.454189 4747.955162 4748.456136 4748.957110 4749.959059 4751.919167 0.114534 C 255.000000 175.236560 0.000000 
  5 203  6 3 1 3 NH 0 +25 110 +25 81 0 1 1.320215 0 0 4752.931502 4753.432476 4753.933450 4754.434424 4755.436372 4756.756587 0.114781 C 255.000000 175.614741 0.000000 
  5 204  6 4 2 2 LL 1 +35 106 +50 92 1 1 1.111371 0 0 4757.774252 4758.275224 4758.776198 4759.277171 4760.279120 4761.390491 0.645466 C 0.000000 32.436581 255.000000 
  5 205  6 5 2 1 LN 0 +60 51 +45 51 0 1 0.838655 0 0 4762.399910 4762.900882 4763.401856 4763.902834 4764.904778 4765.743433 0.363562 C 0.000000 255.000000 46.250200 
  5 206  6 6 3 2 HL 1 +59 34 +29 48 1 1 0.952895 0 0 4766.758381 4767.259354 4767.760331 4768.261303 4769.263250 4770.216145 0.900014 C 255.000000 0.000000 152.978946 
  5 207  6 7 2 2 LL 1 +0 105 +15 91 1 1 3.273946 0 0 4771.233749 4771.734721 4772.235695 4772.736669 4773.738617 4777.012563 0.740085 C 112.330577 0.000000 255.000000 
  5 208  6 8 2 1 LN 0 +56 52 +41 52 0 1 0.735025 0 0 4778.030295 4778.531267 4779.032241 4779.533214 4780.535162 4781.270187 0.858717 C 255.000000 0.000000 216.162487 
  5 209  6 9 3 2 HL 1 +18 86 +48 100 1 1 0.830389 0 0 4782.288572 4782.789544 4783.290518 4783.791496 4784.793439 4785.623828 0.634536 C 0.000000 49.159585 255.000000 
  5 210  6 10 2 2 LL 1 +37 76 +52 62 0 0 2.358685 0 0 4786.647043 4787.148017 4787.648993 4788.149965 4789.151912 4791.510597 0.536116 E 0.000000 199.743167 255.000000 
  5 211  6 11 2 2 LL 1 -39 81 -24 95 1 1 1.267632 0 0 4792.525137 4793.026110 4793.527084 4794.028058 4795.030005 4796.297637 0.930064 C 255.000000 0.000000 107.001709 
  5 212  6 12 2 3 LH 1 +19 88 +34 59 1 1 0.790671 0 0 4797.317787 4797.818760 4798.319735 4798.820708 4799.822655 4800.613326 0.264270 C 105.666263 255.000000 0.000000 
  5 213  6 13 1 2 NL 0 +50 108 +50 94 0 1 0.763583 0 0 4801.626161 4802.127135 4802.628109 4803.129083 4804.131030 4804.894613 0.713404 C 71.508251 0.000000 255.000000 
  5 214  6 14 3 3 HH 1 -35 34 -5 63 1 1 0.808013 0 0 4805.917839 4806.418810 4806.919785 4807.420758 4808.422707 4809.230720 0.101838 C 255.000000 155.812583 0.000000 
  5 215  6 15 2 1 LN 0 +10 74 +25 74 0 1 1.156298 0 0 4810.242912 4810.743885 4811.244856 4811.745833 4812.747781 4813.904078 0.093032 C 255.000000 142.338817 0.000000 
  5 216  6 16 3 1 HN 0 +3 76 +33 76 0 1 1.047439 0 0 4814.918669 4815.419641 4815.920613 4816.421589 4817.423536 4818.470975 0.427959 C 0.000000 255.000000 144.777632 
  5 217  6 17 3 2 HL 1 -38 112 -8 98 0 0 0.874914 0 0 4819.494230 4819.995207 4820.496176 4820.997150 4821.999097 4822.874012 0.393377 E 0.000000 255.000000 91.867239 
  5 218  6 18 3 2 HL 1 +49 66 +19 80 0 0 1.336894 0 0 4823.886101 4824.387073 4824.888049 4825.389021 4826.390969 4827.727863 0.156543 E 255.000000 239.510306 0.000000 
  5 219  6 19 2 3 LH 1 +40 92 +55 63 1 1 0.550392 0 0 4828.745548 4829.246519 4829.747493 4830.248466 4831.250414 4831.800807 0.361401 C 0.000000 255.000000 42.944151 
  5 220  6 20 3 3 HH 1 +13 98 -17 69 1 1 1.001790 0 0 4832.820134 4833.321106 4833.822080 4834.323055 4835.325002 4836.326792 0.963341 C 255.000000 0.000000 56.087762 
  5 221  6 21 1 3 NH 0 -14 97 -14 68 0 1 1.165409 0 0 4837.345598 4837.846570 4838.347544 4838.848518 4839.850466 4841.015875 0.948656 C 255.000000 0.000000 78.555799 
  5 222  6 22 3 2 HL 1 +58 49 +28 35 1 1 1.176625 0 0 4842.038054 4842.539025 4843.039999 4843.540973 4844.542920 4845.719546 0.327677 C 8.653948 255.000000 0.000000 
  5 223  6 23 3 3 HH 1 +36 53 +6 82 1 1 0.799822 0 0 4846.730508 4847.231480 4847.732454 4848.233428 4849.235376 4850.035198 0.791697 C 191.296563 0.000000 255.000000 
  5 224  6 24 1 3 NH 0 -17 109 -17 80 0 1 1.119792 0 0 4851.055582 4851.556555 4852.057529 4852.558502 4853.560450 4854.680242 0.453649 C 0.000000 255.000000 184.082618 
  5 225  6 25 2 3 LH 1 -30 75 -15 46 1 1 1.320787 0 0 4855.697940 4856.198910 4856.699886 4857.200860 4858.202806 4859.523593 0.879283 C 255.000000 0.000000 184.696251 
  5 226  6 26 3 3 HH 1 -55 108 -25 79 1 1 0.938401 0 0 4860.540688 4861.041660 4861.542633 4862.043609 4863.045555 4863.983956 0.888728 C 255.000000 0.000000 170.245794 
  5 227  6 27 1 2 NL 0 -41 50 -41 64 0 1 1.040062 0 0 4864.999356 4865.500326 4866.001303 4866.502274 4867.504221 4868.544283 0.857693 C 255.000000 0.000000 217.729611 
  5 228  6 28 2 1 LN 0 +33 64 +18 64 0 1 1.265900 0 0 4869.558216 4870.059188 4870.560163 4871.061135 4872.063084 4873.328985 0.685942 C 29.491623 0.000000 255.000000 
  5 229  6 29 2 1 LN 0 +52 101 +37 101 0 1 1.587993 0 0 4874.350867 4874.851842 4875.352813 4875.853786 4876.855734 4878.443727 0.631216 C 0.000000 54.239473 255.000000 
  5 230  6 30 3 2 HL 1 -31 32 -1 46 1 1 0.855082 0 0 4879.460799 4879.961772 4880.462743 4880.963722 4881.965665 4882.820747 0.553648 C 0.000000 172.918181 255.000000 
  5 231  6 31 2 1 LN 0 -44 116 -29 116 0 1 1.236957 0 0 4883.835971 4884.336944 4884.837916 4885.338891 4886.340839 4887.577796 0.831629 C 252.392972 0.000000 255.000000 
  5 232  6 32 3 3 HH 1 +20 67 -10 38 1 1 0.943722 0 0 4888.595221 4889.096195 4889.597169 4890.098142 4891.100090 4892.043812 0.870567 C 255.000000 0.000000 198.033219 
  5 233  6 33 1 3 NH 0 +19 105 +19 76 0 1 1.398096 0 0 4893.053890 4893.554861 4894.055836 4894.556812 4895.558758 4896.956854 0.083141 C 255.000000 127.206198 0.000000 
  5 234  6 34 2 1 LN 0 +9 87 +24 87 0 1 1.531925 0 0 4897.980132 4898.481106 4898.982079 4899.483053 4900.485001 4902.016926 0.433536 C 0.000000 255.000000 153.310603 
  5 235  6 35 2 1 LN 0 -35 30 -20 30 0 1 0.841534 0 0 4903.039969 4903.540941 4904.041915 4904.542889 4905.544837 4906.386371 0.226374 C 163.647278 255.000000 0.000000 
  5 236  6 36 3 2 HL 1 +20 83 -10 97 0 0 1.971479 0 0 4907.398442 4907.899413 4908.400387 4908.901361 4909.903307 4911.874786 0.981647 E 255.000000 0.000000 28.079329 
  5 237  6 37 2 2 LL 1 -12 112 +3 98 0 0 0.838922 0 0 4912.892453 4913.393427 4913.894400 4914.395377 4915.397320 4916.236242 0.632718 E 0.000000 51.940717 255.000000 
  5 238  6 38 3 1 HN 0 -9 51 +21 51 0 1 1.069741 0 0 4917.250926 4917.751899 4918.252873 4918.753847 4919.755794 4920.825535 0.609036 C 0.000000 88.175230 255.000000 
  5 239  6 39 2 2 LL 1 +4 57 -11 43 1 1 0.824852 0 0 4921.843188 4922.344159 4922.845133 4923.346107 4924.348055 4925.172906 0.279959 C 81.662480 255.000000 0.000000 
  5 240  6 40 1 3 NH 0 -35 86 -35 115 1 0 2.048530 0 0 4926.184960 4926.685936 4927.186910 4927.687880 4928.689831 4930.738361 0.376599 E 0.000000 255.000000 66.197222 
  5 241  7 1 1 1 NN 0 +49 76 +49 76 0 1 0.794778 0 0 4946.407611 4946.908577 4947.409551 4947.910525 4948.912473 4949.707251 0.010155 C 255.000000 15.537359 0.000000 
  5 242  7 2 1 3 NH 0 -13 67 -13 96 0 1 1.217841 0 0 4950.715980 4951.216953 4951.717926 4952.218900 4953.220847 4954.438688 0.607971 C 0.000000 89.803738 255.000000 
  5 243  7 3 2 3 LH 1 +14 89 +29 60 1 1 1.145004 0 0 4955.458533 4955.959510 4956.460478 4956.961453 4957.963399 4959.108403 0.113101 C 255.000000 173.044697 0.000000 
  5 244  7 4 1 2 NL 0 -12 65 -12 51 0 1 1.303536 0 0 4960.117594 4960.618561 4961.119536 4961.620509 4962.622457 4963.925993 0.854707 C 255.000000 0.000000 222.298143 
  5 245  7 5 3 2 HL 1 -15 34 -45 48 1 1 0.802556 0 0 4964.943636 4965.444609 4965.945583 4966.446558 4967.448505 4968.251061 0.125914 C 255.000000 192.648992 0.000000 
  5 246  7 6 3 2 HL 1 +6 94 +36 108 1 1 2.533707 0 0 4969.268714 4969.769684 4970.270658 4970.771632 4971.773579 4974.307287 0.282652 C 77.542872 255.000000 0.000000 
  5 247  7 7 3 1 HN 0 -8 78 +22 78 0 1 1.002191 0 0 4975.330495 4975.831467 4976.332441 4976.833415 4977.835363 4978.837553 0.386943 C 0.000000 255.000000 82.022542 
  5 248  7 8 2 2 LL 1 -19 109 -4 95 1 1 1.523468 0 0 4979.855959 4980.356932 4980.857905 4981.358879 4982.360827 4983.884295 0.085697 C 255.000000 131.116380 0.000000 
  5 249  7 9 1 1 NN 0 -29 96 -29 96 0 1 0.984444 0 0 4984.899096 4985.400070 4985.901042 4986.402018 4987.403963 4988.388407 0.016432 C 255.000000 25.140471 0.000000 
  5 250  7 10 3 1 HN 0 -15 95 +15 95 0 1 0.924941 0 0 4989.407861 4989.908836 4990.409807 4990.910780 4991.912730 4992.837670 0.040106 C 255.000000 61.362671 0.000000 
  5 251  7 11 3 2 HL 1 +42 48 +12 34 1 1 0.802526 0 0 4993.849827 4994.350801 4994.851775 4995.352748 4996.354696 4997.157222 0.291541 C 63.941855 255.000000 0.000000 
  5 252  7 12 1 1 NN 0 -16 106 -16 106 0 1 0.823206 0 0 4998.174901 4998.675876 4999.176849 4999.677823 5000.679770 5001.502976 0.791983 C 191.733529 0.000000 255.000000 
  5 253  7 13 1 2 NL 0 +11 40 +11 54 0 1 1.321102 0 0 5002.516676 5003.017649 5003.518622 5004.019596 5005.021544 5006.342646 0.749308 C 126.441354 0.000000 255.000000 
  5 254  7 14 3 2 HL 1 +51 82 +21 96 1 1 1.804469 0 0 5007.359422 5007.860396 5008.361373 5008.862343 5009.864292 5011.668760 0.888007 C 255.000000 0.000000 171.349886 
  5 255  7 15 2 3 LH 1 -23 55 -38 84 1 1 0.791328 0 0 5012.686445 5013.187417 5013.688391 5014.189367 5015.191313 5015.982641 0.361349 C 0.000000 255.000000 42.864417 
  5 256  7 16 2 3 LH 1 -43 50 -28 79 1 1 1.069579 0 0 5016.994819 5017.495796 5017.996766 5018.497741 5019.499687 5020.569267 0.119810 C 255.000000 183.309044 0.000000 
  5 257  7 17 2 3 LH 1 -36 114 -51 85 1 1 1.136777 0 0 5021.587081 5022.088057 5022.589027 5023.090001 5024.091949 5025.228726 0.877268 C 255.000000 0.000000 187.779444 
  5 258  7 18 3 3 HH 1 +60 54 +30 83 1 1 0.958355 0 0 5026.246138 5026.747114 5027.248084 5027.749058 5028.751006 5029.709360 0.321065 C 18.770537 255.000000 0.000000 
  5 259  7 19 1 1 NN 0 -20 74 -20 74 0 1 0.774711 0 0 5030.721504 5031.222477 5031.723450 5032.224426 5033.226372 5034.001083 0.144713 C 255.000000 221.410297 0.000000 
  5 260  7 20 1 1 NN 0 -16 36 -16 36 0 1 0.655330 0 0 5035.013179 5035.514154 5036.015125 5036.516098 5037.518048 5038.173378 0.683541 C 25.818049 0.000000 255.000000 
  5 261  7 21 1 2 NL 0 -18 78 -18 64 0 1 0.673280 0 0 5039.187961 5039.688934 5040.189908 5040.690882 5041.692827 5042.366107 0.751803 C 130.258197 0.000000 255.000000 
  5 262  7 22 2 3 LH 1 -39 94 -54 65 1 1 0.860692 0 0 5043.379442 5043.880415 5044.381389 5044.882365 5045.884310 5046.745002 0.285294 C 73.500335 255.000000 0.000000 
  5 263  7 23 1 2 NL 0 +37 42 +37 56 0 1 1.222047 0 0 5047.754613 5048.255587 5048.756561 5049.257534 5050.259483 5051.481530 0.884575 C 255.000000 0.000000 176.599790 
  5 264  7 24 1 3 NH 0 +15 99 +15 70 1 0 2.427960 0 0 5052.497168 5052.998140 5053.499114 5054.000087 5055.002035 5057.429995 0.765538 E 151.272496 0.000000 255.000000 
  5 265  7 25 3 2 HL 1 +41 101 +11 87 1 1 1.454190 0 0 5058.442056 5058.943029 5059.444004 5059.944977 5060.946925 5062.401115 0.474130 C 0.000000 255.000000 215.418374 
  5 266  7 26 3 2 HL 1 +55 90 +25 76 1 1 1.247688 0 0 5063.418399 5063.919369 5064.420345 5064.921317 5065.923265 5067.170952 0.790705 C 189.777926 0.000000 255.000000 
  5 267  7 27 1 2 NL 0 -60 100 -60 114 0 1 1.718952 0 0 5068.194349 5068.695320 5069.196297 5069.697268 5070.699215 5072.418168 0.137606 C 255.000000 210.537244 0.000000 
  5 268  7 28 1 3 NH 0 +17 98 +17 69 0 1 1.119896 0 0 5073.437873 5073.938850 5074.439820 5074.940794 5075.942742 5077.062638 0.289439 C 67.158152 255.000000 0.000000 
  5 269  7 29 1 3 NH 0 -9 77 -9 48 0 1 1.535436 0 0 5078.080231 5078.581204 5079.082178 5079.583152 5080.585099 5082.120535 0.249268 C 128.620268 255.000000 0.000000 
  5 270  7 30 2 1 LN 0 -22 75 -37 75 0 1 1.345950 0 0 5083.140067 5083.641040 5084.142014 5084.642987 5085.644935 5086.990885 0.693606 C 41.217152 0.000000 255.000000 
  5 271  7 31 1 1 NN 0 +28 85 +28 85 0 1 0.824629 0 0 5087.999513 5088.500489 5089.001460 5089.502434 5090.504382 5091.329011 0.184523 C 227.679804 255.000000 0.000000 
  5 272  7 32 1 1 NN 0 -28 54 -28 54 0 1 1.020069 0 0 5092.341286 5092.842260 5093.343234 5093.844207 5094.846155 5095.866224 0.593080 C 0.000000 112.587765 255.000000 
  5 273  7 33 3 1 HN 0 -14 68 -44 68 0 1 1.477015 0 0 5096.883449 5097.384423 5097.885398 5098.386371 5099.388318 5100.865333 0.908318 C 255.000000 0.000000 140.273850 
  5 274  7 34 3 2 HL 1 -53 35 -23 49 1 1 1.203177 0 0 5101.876489 5102.377462 5102.878436 5103.379410 5104.381357 5105.584534 0.938895 C 255.000000 0.000000 93.490000 
  5 275  7 35 3 2 HL 1 +23 109 -7 95 1 1 1.759977 0 0 5106.602343 5107.103316 5107.604289 5108.105263 5109.107210 5110.867186 0.405545 C 0.000000 255.000000 110.483627 
  5 276  7 36 3 3 HH 1 +44 36 +14 65 1 1 0.969455 0 0 5111.879268 5112.380240 5112.881214 5113.382188 5114.384135 5115.353591 0.521981 C 0.000000 221.369394 255.000000 
  5 277  7 37 2 2 LL 1 -52 78 -37 92 1 1 1.659793 0 0 5116.371333 5116.872306 5117.373279 5117.874253 5118.876201 5120.535994 0.684275 C 26.940974 0.000000 255.000000 
  5 278  7 38 1 2 NL 0 -6 105 -6 91 0 1 0.746834 0 0 5121.548066 5122.049035 5122.550009 5123.050983 5124.052931 5124.799765 0.550727 C 0.000000 177.388123 255.000000 
  5 279  7 39 1 1 NN 0 -55 38 -55 38 0 1 0.715455 0 0 5125.823039 5126.324014 5126.824986 5127.325960 5128.327906 5129.043361 0.179918 C 234.724830 255.000000 0.000000 
  5 280  7 40 2 1 LN 0 -44 80 -29 80 0 1 0.712028 0 0 5130.064617 5130.565589 5131.066565 5131.567538 5132.569486 5133.281514 0.057569 C 255.000000 88.080385 0.000000 
  5 281  8 1 2 2 LL 1 -34 95 -19 81 1 1 1.561288 0 0 5150.387460 5150.888430 5151.389406 5151.890378 5152.892325 5154.453613 0.482314 C 0.000000 255.000000 227.940487 
  5 282  8 2 1 2 NL 0 -8 95 -8 109 0 1 1.105148 0 0 5155.463993 5155.964965 5156.465939 5156.966912 5157.968860 5159.074008 0.315337 C 27.535029 255.000000 0.000000 
  5 283  8 3 3 3 HH 1 -49 33 -19 62 1 1 0.878823 0 0 5160.089650 5160.590623 5161.091597 5161.592571 5162.594519 5163.473342 0.577601 C 0.000000 136.270763 255.000000 
  5 284  8 4 3 2 HL 1 +20 80 +50 66 1 1 1.145815 0 0 5164.498219 5164.999194 5165.500167 5166.001140 5167.003089 5168.148905 0.600985 C 0.000000 100.493409 255.000000 
  5 285  8 5 1 2 NL 0 -23 59 -23 73 0 1 0.741339 0 0 5169.157282 5169.658250 5170.159224 5170.660198 5171.662145 5172.403484 0.684926 C 27.936295 0.000000 255.000000 
  5 286  8 6 1 1 NN 0 +49 88 +49 88 0 1 1.857833 0 0 5173.415554 5173.916530 5174.417506 5174.918475 5175.920423 5177.778256 0.355189 C 0.000000 255.000000 33.439441 
  5 287  8 7 3 1 HN 0 -29 32 -59 32 0 1 1.100101 0 0 5178.792673 5179.293647 5179.794621 5180.295598 5181.297543 5182.397644 0.595159 C 0.000000 109.407049 255.000000 
  5 288  8 8 1 3 NH 0 -1 72 -1 101 0 1 1.011503 0 0 5183.418333 5183.919306 5184.420280 5184.921253 5185.923201 5186.934704 0.031407 C 255.000000 48.052423 0.000000 
  5 289  8 9 3 1 HN 0 +20 44 -10 44 0 1 1.050849 0 0 5187.943796 5188.444769 5188.945744 5189.446717 5190.448665 5191.499514 0.081967 C 255.000000 125.409990 0.000000 
  5 290  8 10 3 1 HN 0 -21 71 -51 71 0 1 0.923450 0 0 5192.519357 5193.020334 5193.521304 5194.022279 5195.024225 5195.947675 0.577751 C 0.000000 136.040503 255.000000 
  5 291  8 11 1 1 NN 0 +58 91 +58 91 0 1 0.769180 0 0 5196.961326 5197.462299 5197.963273 5198.464246 5199.466194 5200.235374 0.688951 C 34.094320 0.000000 255.000000 
  5 292  8 12 2 1 LN 0 +53 28 +38 28 1 0 2.373199 0 0 5201.253002 5201.753974 5202.254949 5202.755924 5203.757871 5206.131070 0.390221 E 0.000000 255.000000 87.037921 
  5 293  8 13 2 3 LH 1 +34 89 +49 60 0 0 2.848782 0 0 5207.147795 5207.648769 5208.149741 5208.650715 5209.652663 5212.501445 0.305964 E 41.875382 255.000000 0.000000 
  5 294  8 14 3 1 HN 0 -20 84 -50 84 0 1 0.972141 0 0 5213.510162 5214.011134 5214.512107 5215.013083 5216.015031 5216.987171 0.244606 C 135.752518 255.000000 0.000000 
  5 295  8 15 2 1 LN 0 -30 112 -15 112 1 0 1.628754 0 0 5218.002233 5218.503201 5219.004174 5219.505147 5220.507096 5222.135851 0.739808 E 111.905976 0.000000 255.000000 
  5 296  8 16 1 3 NH 0 +48 31 +48 60 0 1 2.003423 0 0 5223.145561 5223.646531 5224.147505 5224.648480 5225.650428 5227.653850 0.892470 C 255.000000 0.000000 164.520335 
  5 297  8 17 1 1 NN 0 +9 28 +9 28 0 1 0.925049 0 0 5228.672971 5229.173943 5229.674917 5230.175891 5231.177839 5232.102888 0.735473 C 105.274087 0.000000 255.000000 
  5 298  8 18 3 2 HL 1 +43 64 +13 50 0 0 1.850662 0 0 5233.114939 5233.615911 5234.116885 5234.617859 5235.619807 5237.470470 0.034766 E 255.000000 53.192361 0.000000 
  5 299  8 19 2 2 LL 1 -12 50 +3 36 1 1 1.696896 0 0 5238.492058 5238.993032 5239.494005 5239.994978 5240.996927 5242.693824 0.402907 C 0.000000 255.000000 106.448371 
  5 300  8 20 2 1 LN 0 +28 69 +43 69 0 1 1.576237 0 0 5243.702188 5244.203159 5244.704133 5245.205106 5246.207054 5247.783291 0.477176 C 0.000000 255.000000 220.079919 
  5 301  8 21 1 2 NL 0 +40 89 +40 75 0 1 1.331398 0 0 5248.795419 5249.296393 5249.797366 5250.298341 5251.300289 5252.631687 0.178190 C 237.369564 255.000000 0.000000 
  5 302  8 22 2 3 LH 1 -27 45 -42 74 1 1 1.791842 0 0 5253.654867 5254.155840 5254.656815 5255.157787 5256.159735 5257.951577 0.725276 C 89.671749 0.000000 255.000000 
  5 303  8 23 2 2 LL 1 +17 87 +32 101 1 1 1.186625 0 0 5258.965190 5259.466163 5259.967136 5260.468110 5261.470057 5262.656683 0.323964 C 14.335252 255.000000 0.000000 
  5 304  8 24 3 3 HH 1 -51 102 -21 73 1 1 0.874908 0 0 5263.674344 5264.175320 5264.676290 5265.177264 5266.179213 5267.054121 0.682136 C 23.667989 0.000000 255.000000 
  5 305  8 25 1 2 NL 0 +20 97 +20 83 0 1 1.269846 0 0 5268.066216 5268.567190 5269.068161 5269.569135 5270.571083 5271.840929 0.961317 C 255.000000 0.000000 59.184346 
  5 306  8 26 2 2 LL 1 +19 108 +34 94 1 1 1.756140 0 0 5272.858864 5273.359837 5273.860811 5274.361785 5275.363730 5277.119870 0.181575 C 232.190541 255.000000 0.000000 
  5 307  8 27 1 1 NN 0 +15 41 +15 41 0 1 1.557087 0 0 5278.135788 5278.636761 5279.137735 5279.638709 5280.640657 5282.197744 0.120174 C 255.000000 183.866835 0.000000 
  5 308  8 28 3 2 HL 1 -5 70 +25 84 1 1 0.940216 0 0 5283.212324 5283.713297 5284.214271 5284.715245 5285.717192 5286.657408 0.949097 C 255.000000 0.000000 77.882251 
  5 309  8 29 2 3 LH 1 +50 112 +35 83 0 0 1.353438 0 0 5287.670990 5288.171964 5288.672938 5289.173911 5290.175859 5291.529297 0.966987 E 255.000000 0.000000 50.510387 
  5 310  8 30 1 2 NL 0 -37 60 -37 46 0 1 1.084211 0 0 5292.547139 5293.048111 5293.549084 5294.050057 5295.052005 5296.136216 0.974819 C 255.000000 0.000000 38.527224 
  5 311  8 31 1 1 NN 0 -56 85 -56 85 0 1 1.123036 0 0 5297.156097 5297.657073 5298.158043 5298.659017 5299.660965 5300.784001 0.048049 C 255.000000 73.515665 0.000000 
  5 312  8 32 1 1 NN 0 +2 49 +2 49 0 1 0.807415 0 0 5301.798454 5302.299427 5302.800400 5303.301374 5304.303322 5305.110737 0.480633 C 0.000000 255.000000 225.368058 
  5 313  8 33 1 1 NN 0 +16 114 +16 114 0 1 0.849631 0 0 5306.123528 5306.624500 5307.125475 5307.626449 5308.628396 5309.478027 0.340028 C 0.000000 255.000000 10.243371 
  5 314  8 34 3 1 HN 0 +8 115 +38 115 0 1 0.997319 0 0 5310.498700 5310.999672 5311.500646 5312.001620 5313.003568 5314.000887 0.280133 C 81.397028 255.000000 0.000000 
  5 315  8 35 1 1 NN 0 +55 37 +55 37 0 1 0.629678 0 0 5315.024163 5315.525136 5316.026110 5316.527084 5317.529031 5318.158709 0.784434 C 180.183309 0.000000 255.000000 
  5 316  8 36 2 2 LL 1 -12 51 +3 37 1 1 1.036304 0 0 5319.182245 5319.683219 5320.184193 5320.685167 5321.687115 5322.723419 0.652015 C 0.000000 22.417395 255.000000 
  5 317  8 37 3 3 HH 1 +6 94 +36 65 1 1 1.002919 0 0 5323.741109 5324.242081 5324.743056 5325.244029 5326.245976 5327.248896 0.047124 C 255.000000 72.099441 0.000000 
  5 318  8 38 1 2 NL 0 -5 45 -5 31 0 1 1.254481 0 0 5328.266571 5328.767545 5329.268519 5329.769492 5330.771451 5332.025932 0.919577 C 255.000000 0.000000 123.046811 
  5 319  8 39 3 2 HL 1 -19 115 +11 101 1 1 0.971498 0 0 5333.042524 5333.543499 5334.044469 5334.545443 5335.547391 5336.518889 0.113249 C 255.000000 173.271704 0.000000 
  5 320  8 40 1 1 NN 0 -36 38 -36 38 0 1 0.744244 0 0 5337.534589 5338.035561 5338.536539 5339.037509 5340.039457 5340.783700 0.924273 C 255.000000 0.000000 115.862152 
