  4   1  1 1 2 2 LL 1 +12 111 -3 97 1 1 9.832547 0 0 1452.881323 1453.382859 1453.884396 1454.385934 1455.389017 1465.221564 0.800444 C 204.679607 0.000000 255.000000 
  4   2  1 2 2 2 LL 1 -59 105 -44 91 1 1 1.851082 0 0 1466.238939 1466.740470 1467.242006 1467.743545 1468.746621 1470.597703 0.687454 C 31.804134 0.000000 255.000000 
  4   3  1 3 2 2 LL 1 -31 47 -16 33 1 1 0.992877 0 0 1471.622102 1472.123638 1472.625175 1473.126713 1474.129788 1475.122665 0.073499 C 255.000000 112.453465 0.000000 
  4   4  1 4 2 2 LL 1 +45 69 +30 55 1 1 1.197588 0 0 1476.135938 1476.637475 1477.139012 1477.640550 1478.643624 1479.841212 0.292960 C 61.770887 255.000000 0.000000 
  4   5  1 5 2 1 LN 0 +37 42 +22 42 1 0 2.503089 0 0 1480.850390 1481.351926 1481.853464 1482.355001 1483.358076 1485.861165 0.189709 E 219.745251 255.000000 0.000000 
  4   6  1 6 3 3 HH 1 -33 48 -3 77 0 0 4.705806 0 0 1486.885555 1487.387093 1487.888630 1488.390168 1489.393242 1494.099048 0.954907 E 255.000000 0.000000 68.992101 
  4   7  1 7 3 2 HL 1 +47 113 +17 99 1 1 1.650466 0 0 1495.110768 1495.612306 1496.113841 1496.615380 1497.618455 1499.268921 0.744050 C 118.396374 0.000000 255.000000 
  4   8  1 8 2 1 LN 0 -12 53 -27 53 1 0 1.602949 0 0 1500.293320 1500.794859 1501.296396 1501.797933 1502.801008 1504.403958 0.394885 E 0.000000 255.000000 94.173966 
  4   9  1 9 2 3 LH 1 +1 91 +16 62 1 1 2.580979 0 0 1505.425725 1505.927257 1506.428795 1506.930335 1507.933418 1510.514397 0.157933 C 255.000000 241.637497 0.000000 
  4  10  1 10 2 2 LL 1 +60 104 +45 90 1 1 1.663403 0 0 1511.527759 1512.029296 1512.530833 1513.032371 1514.035445 1515.698848 0.501443 C 0.000000 252.792868 255.000000 
  4  11  1 11 1 2 NL 0 +56 56 +56 42 1 0 3.250792 0 0 1516.710311 1517.211848 1517.713386 1518.214927 1519.217998 1522.468790 0.084547 E 255.000000 129.357546 0.000000 
  4  12  1 12 3 3 HH 1 +46 97 +16 68 1 1 3.038030 0 0 1523.481066 1523.982603 1524.484141 1524.985678 1525.988753 1529.026783 0.320424 C 19.750723 255.000000 0.000000 
  4  13  1 13 3 2 HL 1 -55 114 -25 100 1 1 2.296895 0 0 1530.051206 1530.552743 1531.054280 1531.555818 1532.558903 1534.855798 0.870353 C 255.000000 0.000000 198.359961 
  4  14  1 14 1 2 NL 0 +50 39 +50 53 1 0 0.923892 0 0 1535.869039 1536.370577 1536.872114 1537.373651 1538.376726 1539.300617 0.670692 E 6.159125 0.000000 255.000000 
  4  15  1 15 1 2 NL 0 +23 39 +23 53 1 0 0.896852 0 0 1540.316005 1540.817539 1541.319079 1541.820616 1542.823690 1543.720543 0.854336 E 255.000000 0.000000 222.865418 
  4  16  1 16 2 3 LH 1 +52 112 +37 83 0 0 1.697123 0 0 1544.729532 1545.231071 1545.732607 1546.234144 1547.237219 1548.934342 0.154924 E 255.000000 237.033774 0.000000 
  4  17  1 17 1 1 NN 0 -35 34 -35 34 1 0 2.257254 0 0 1549.945522 1550.447059 1550.948596 1551.450134 1552.453209 1554.710463 0.295974 E 57.160224 255.000000 0.000000 
  4  18  1 18 3 2 HL 1 +39 39 +9 53 1 1 1.178908 0 0 1555.729918 1556.231455 1556.732994 1557.234541 1558.237606 1559.416514 0.252457 C 123.741272 255.000000 0.000000 
  4  19  1 19 3 2 HL 1 -7 96 -37 110 1 1 5.502107 0 0 1560.427652 1560.929191 1561.430727 1561.932269 1562.935341 1568.437448 0.282970 C 77.056527 255.000000 0.000000 
  4  20  1 20 2 1 LN 0 +29 59 +14 59 1 0 1.037446 0 0 1569.455324 1569.956863 1570.458399 1570.959938 1571.963023 1573.000469 0.511184 E 0.000000 237.889207 255.000000 
  4  21  1 21 3 3 HH 1 +45 96 +15 67 1 1 4.230269 0 0 1574.019317 1574.520852 1575.022390 1575.523927 1576.527001 1580.757270 0.549553 C 0.000000 179.184344 255.000000 
  4  22  1 22 2 1 LN 0 -24 89 -9 89 1 0 0.987225 0 0 1581.776428 1582.277965 1582.779501 1583.281043 1584.284114 1585.271338 0.027714 E 255.000000 42.403125 0.000000 
  4  23  1 23 1 1 NN 0 -18 94 -18 94 1 0 1.193550 0 0 1586.290265 1586.791801 1587.293338 1587.794874 1588.797950 1589.991500 0.703575 E 56.469904 0.000000 255.000000 
  4  24  1 24 2 3 LH 1 +44 61 +29 90 1 1 1.472068 0 0 1591.004714 1591.506252 1592.007789 1592.509328 1593.512399 1594.984467 0.889958 C 255.000000 0.000000 168.363767 
  4  25  1 25 3 2 HL 1 -47 42 -17 56 1 1 3.734633 0 0 1596.003372 1596.504908 1597.006449 1597.507986 1598.511057 1602.245691 0.397787 C 0.000000 255.000000 98.613914 
  4  26  1 26 1 3 NH 0 +30 84 +30 113 1 0 1.537010 0 0 1603.258946 1603.760481 1604.262019 1604.763556 1605.766631 1607.303641 0.722437 E 85.329342 0.000000 255.000000 
  4  27  1 27 1 3 NH 0 -17 97 -17 68 0 1 3.701270 0 0 1608.324473 1608.826009 1609.327547 1609.829083 1610.832163 1614.533433 0.270029 C 96.856029 255.000000 0.000000 
  4  28  1 28 1 3 NH 0 -38 70 -38 99 0 1 0.786713 0 0 1615.546610 1616.048147 1616.549685 1617.051226 1618.054297 1618.841010 0.659344 C 0.000000 11.204439 255.000000 
  4  29  1 29 1 1 NN 0 -2 30 -2 30 0 1 1.450592 0 0 1619.859832 1620.361369 1620.862906 1621.364443 1622.367518 1623.818110 0.349080 C 0.000000 255.000000 24.093013 
  4  30  1 30 1 1 NN 0 +18 66 +18 66 0 1 0.530413 0 0 1624.841766 1625.343307 1625.844844 1626.346385 1627.349456 1627.879869 0.012127 C 255.000000 18.554757 0.000000 
  4  31  1 31 3 2 HL 1 +38 60 +8 46 0 0 1.030874 0 0 1628.904222 1629.405760 1629.907297 1630.408834 1631.411909 1632.442782 0.627395 E 0.000000 60.085660 255.000000 
  4  32  1 32 1 1 NN 0 -31 31 -31 31 0 1 0.831295 0 0 1633.451494 1633.953036 1634.454569 1634.956107 1635.959181 1636.790477 0.472430 C 0.000000 255.000000 212.818050 
  4  33  1 33 1 2 NL 0 -59 92 -59 78 0 1 3.637939 0 0 1637.814869 1638.316407 1638.817944 1639.319486 1640.322557 1643.960495 0.366927 C 0.000000 255.000000 51.397791 
  4  34  1 34 2 3 LH 1 -46 67 -31 96 0 0 2.514292 0 0 1644.970137 1645.471674 1645.973213 1646.474751 1647.477823 1649.992114 0.402697 E 0.000000 255.000000 106.126976 
  4  35  1 35 2 3 LH 1 +30 31 +15 60 1 1 1.854078 0 0 1651.005303 1651.506840 1652.008377 1652.509915 1653.512989 1655.367067 0.305354 C 42.808677 255.000000 0.000000 
  4  36  1 36 3 2 HL 1 +53 58 +23 44 1 1 2.313572 0 0 1656.388472 1656.890008 1657.391545 1657.893084 1658.896157 1661.209729 0.819878 C 234.413003 0.000000 255.000000 
  4  37  1 37 3 3 HH 1 -51 29 -21 58 1 1 0.929658 0 0 1662.223022 1662.724561 1663.226097 1663.727634 1664.730709 1665.660367 0.793457 C 193.989797 0.000000 255.000000 
  4  38  1 38 2 2 LL 1 +51 48 +36 62 1 1 1.856637 0 0 1666.669987 1667.171524 1667.673062 1668.174599 1669.177671 1671.034307 0.332539 C 1.215548 255.000000 0.000000 
  4  39  1 39 3 3 HH 1 -33 62 -3 91 0 0 1.622775 0 0 1672.053155 1672.554692 1673.056229 1673.557771 1674.560841 1676.183617 0.224291 E 166.835271 255.000000 0.000000 
  4  40  1 40 3 3 HH 1 -29 72 -59 43 0 0 2.202006 0 0 1677.202272 1677.703809 1678.205347 1678.706887 1679.709961 1681.911966 0.763007 E 147.400779 0.000000 255.000000 
  4  41  2 1 3 1 HN 0 -5 86 +25 86 0 1 2.508699 0 0 1702.914422 1703.415961 1703.917496 1704.419033 1705.422108 1707.930807 0.352688 C 0.000000 255.000000 29.613223 
  4  42  2 2 2 3 LH 1 +30 64 +45 35 0 0 2.664486 0 0 1708.949587 1709.451124 1709.952662 1710.454197 1711.457274 1714.121760 0.375510 E 0.000000 255.000000 64.529965 
  4  43  2 3 3 1 HN 0 +19 60 -11 60 0 1 1.198289 0 0 1715.135216 1715.636752 1716.138291 1716.639827 1717.642912 1718.841201 0.183310 C 229.536091 255.000000 0.000000 
  4  44  2 4 2 1 LN 0 +27 81 +42 81 0 1 1.174090 0 0 1719.849667 1720.351203 1720.852741 1721.354278 1722.357354 1723.531444 0.211077 C 187.052542 255.000000 0.000000 
  4  45  2 5 1 3 NH 0 -11 58 -11 29 0 1 2.492032 0 0 1724.547400 1725.048943 1725.550474 1726.052012 1727.055086 1729.547119 0.019217 C 255.000000 29.401967 0.000000 
  4  46  2 6 1 1 NN 0 +19 31 +19 31 1 0 1.128568 0 0 1730.565850 1731.067385 1731.568927 1732.070458 1733.073535 1734.202103 0.825909 E 243.640879 0.000000 255.000000 
  4  47  2 7 3 2 HL 1 +58 90 +28 104 0 0 1.026305 0 0 1735.213428 1735.714965 1736.216503 1736.718040 1737.721115 1738.747419 0.845081 E 255.000000 0.000000 237.025994 
  4  48  2 8 3 1 HN 0 +25 112 -5 112 1 0 2.157550 0 0 1739.760705 1740.262236 1740.763775 1741.265312 1742.268386 1744.425936 0.988933 E 255.000000 0.000000 16.931894 
  4  49  2 9 2 2 LL 1 +1 82 +16 68 0 0 0.825703 0 0 1745.444791 1745.946328 1746.447865 1746.949403 1747.952476 1748.778179 0.729805 E 96.602138 0.000000 255.000000 
  4  50  2 10 2 3 LH 1 +32 55 +47 84 1 1 1.073130 0 0 1749.791449 1750.292986 1750.794526 1751.296060 1752.299134 1753.372264 0.079440 C 255.000000 121.543567 0.000000 
  4  51  2 11 1 3 NH 0 +49 31 +49 60 1 0 2.571794 0 0 1754.388877 1754.890411 1755.391948 1755.893489 1756.896560 1759.468354 0.021668 E 255.000000 33.151614 0.000000 
  4  52  2 12 1 2 NL 0 +44 55 +44 41 1 0 1.479879 0 0 1760.490912 1760.992448 1761.493986 1761.995524 1762.998598 1764.478478 0.687437 E 31.778110 0.000000 255.000000 
  4  53  2 13 2 3 LH 1 +13 33 -2 62 0 0 1.473993 0 0 1765.489571 1765.991104 1766.492643 1766.994177 1767.997254 1769.471248 0.427087 E 0.000000 255.000000 143.442614 
  4  54  2 14 3 3 HH 1 -30 48 +0 77 1 1 0.795351 0 0 1770.488224 1770.989761 1771.491298 1771.992840 1772.995910 1773.791261 0.433403 C 0.000000 255.000000 153.105906 
  4  55  2 15 2 2 LL 1 +47 91 +32 77 0 0 1.070824 0 0 1774.801445 1775.302982 1775.804519 1776.306057 1777.309134 1778.379959 0.386876 E 0.000000 255.000000 81.920696 
  4  56  2 16 3 3 HH 1 -16 85 +14 56 1 1 1.131550 0 0 1779.398870 1779.900408 1780.401945 1780.903483 1781.906557 1783.038107 0.258637 C 114.285738 255.000000 0.000000 
  4  57  2 17 3 2 HL 1 -35 100 -5 114 1 1 1.205217 0 0 1784.063169 1784.564706 1785.066243 1785.567780 1786.570855 1787.776072 0.229788 C 158.425089 255.000000 0.000000 
  4  58  2 18 1 3 NH 0 +29 112 +29 83 0 1 1.878989 0 0 1788.794338 1789.295879 1789.797412 1790.298947 1791.302024 1793.181013 0.167899 C 253.113983 255.000000 0.000000 
  4  59  2 19 1 1 NN 0 -35 93 -35 93 0 1 2.976694 0 0 1794.194224 1794.695761 1795.197302 1795.698835 1796.701910 1799.678604 0.830375 C 250.474229 0.000000 255.000000 
  4  60  2 20 3 1 HN 0 +49 48 +19 48 1 0 0.792267 0 0 1800.697492 1801.199028 1801.700566 1802.202107 1803.205178 1803.997445 0.615935 E 0.000000 77.618849 255.000000 
  4  61  2 21 3 3 HH 1 +58 42 +28 71 0 0 0.976212 0 0 1805.010713 1805.512250 1806.013788 1806.515330 1807.518399 1808.494611 0.005599 E 255.000000 8.566113 0.000000 
  4  62  2 22 2 1 LN 0 +42 45 +57 45 1 0 1.439305 0 0 1809.507832 1810.009368 1810.510905 1811.012443 1812.015518 1813.454823 0.428862 E 0.000000 255.000000 146.158112 
  4  63  2 23 2 1 LN 0 -46 93 -31 93 0 1 0.731010 0 0 1814.473052 1814.974588 1815.476126 1815.977663 1816.980738 1817.711748 0.321203 C 18.559613 255.000000 0.000000 
  4  64  2 24 1 1 NN 0 +55 43 +55 43 1 0 0.736623 0 0 1818.736119 1819.237656 1819.739193 1820.240735 1821.243805 1821.980428 0.964728 E 255.000000 0.000000 53.965423 
  4  65  2 25 1 3 NH 0 -38 82 -38 53 0 1 0.942022 0 0 1822.999186 1823.500724 1824.002262 1824.503800 1825.506872 1826.448894 0.267996 C 99.966136 255.000000 0.000000 
  4  66  2 26 1 3 NH 0 +42 52 +42 81 1 0 1.449820 0 0 1827.462870 1827.964406 1828.465947 1828.967485 1829.970556 1831.420376 0.825132 E 242.452113 0.000000 255.000000 
  4  67  2 27 3 2 HL 1 -44 54 -14 68 0 0 1.126666 0 0 1832.444808 1832.946344 1833.447882 1833.949419 1834.952494 1836.079160 0.531590 E 0.000000 206.666828 255.000000 
  4  68  2 28 1 2 NL 0 -41 52 -41 66 1 0 1.025124 0 0 1837.092387 1837.593924 1838.095461 1838.596999 1839.600073 1840.625197 0.203637 E 198.435154 255.000000 0.000000 
  4  69  2 29 3 1 HN 0 -50 87 -20 87 1 0 1.867814 0 0 1841.639659 1842.141196 1842.642734 1843.144273 1844.147345 1846.015159 0.955980 E 255.000000 0.000000 67.350349 
  4  70  2 30 2 2 LL 1 +49 83 +34 97 0 0 3.122237 0 0 1847.039545 1847.541082 1848.042619 1848.544157 1849.547232 1852.669469 0.795855 E 197.658336 0.000000 255.000000 
  4  71  2 31 1 1 NN 0 -5 43 -5 43 0 1 1.972514 0 0 1853.693274 1854.194811 1854.696352 1855.197890 1856.200960 1858.173474 0.373420 C 0.000000 255.000000 61.332200 
  4  72  2 32 2 3 LH 1 -39 70 -24 41 1 1 14.250239 0 0 1859.193467 1859.695004 1860.196542 1860.698083 1861.701153 1875.951392 0.342580 C 0.000000 255.000000 14.147762 
  4  73  2 33 2 2 LL 1 -58 92 -43 106 1 1 0.751993 0 0 1876.964608 1877.466145 1877.967683 1878.469220 1879.472294 1880.224287 0.627468 C 0.000000 59.973848 255.000000 
  4  74  2 34 3 2 HL 1 +22 46 -8 60 1 1 1.015180 0 0 1881.244393 1881.745929 1882.247467 1882.749006 1883.752080 1884.767259 0.932109 C 255.000000 0.000000 103.873745 
  4  75  2 35 2 3 LH 1 +4 61 +19 90 1 1 0.934187 0 0 1885.791666 1886.293203 1886.794740 1887.296280 1888.299352 1889.233539 0.235307 C 149.980214 255.000000 0.000000 
  4  76  2 36 3 2 HL 1 +19 88 +49 74 1 1 0.744516 0 0 1890.255349 1890.756885 1891.258423 1891.759965 1892.763035 1893.507551 0.796121 C 198.065574 0.000000 255.000000 
  4  77  2 37 2 3 LH 1 -53 97 -38 68 0 0 0.925353 0 0 1894.518417 1895.019953 1895.521492 1896.023028 1897.026103 1897.951456 0.637704 E 0.000000 44.312801 255.000000 
  4  78  2 38 1 3 NH 0 -55 100 -55 71 1 0 0.962108 0 0 1898.965382 1899.466923 1899.968455 1900.469993 1901.473068 1902.435175 0.854608 E 255.000000 0.000000 222.449399 
  4  79  2 39 1 1 NN 0 -32 74 -32 74 0 1 0.530309 0 0 1903.445783 1903.947319 1904.448856 1904.950393 1905.953468 1906.483777 0.462734 C 0.000000 255.000000 197.982503 
  4  80  2 40 3 3 HH 1 -60 75 -30 104 1 1 0.831294 0 0 1907.508234 1908.009771 1908.511309 1909.012846 1910.015924 1910.847218 0.768814 C 156.285206 0.000000 255.000000 
  4  81  3 1 2 3 LH 1 +17 84 +32 55 1 1 0.820106 0 0 1915.348936 1915.850472 1916.352010 1916.853547 1917.856622 1918.676728 0.416625 C 0.000000 255.000000 127.435962 
  4  82  3 2 1 1 NN 0 -3 102 -3 102 0 1 1.332709 0 0 1919.695593 1920.197131 1920.698667 1921.200208 1922.203279 1923.535988 0.289936 C 66.398567 255.000000 0.000000 
  4  83  3 3 2 2 LL 1 +9 114 -6 100 1 1 0.820033 0 0 1924.560506 1925.062041 1925.563579 1926.065117 1927.068193 1927.888226 0.619649 C 0.000000 71.936679 255.000000 
  4  84  3 4 1 2 NL 0 +45 110 +45 96 0 1 0.714212 0 0 1928.907167 1929.408699 1929.910237 1930.411775 1931.414848 1932.129060 0.198638 C 206.083689 255.000000 0.000000 
  4  85  3 5 1 3 NH 0 -2 104 -2 75 0 1 1.143361 0 0 1933.153512 1933.655049 1934.156586 1934.658124 1935.661198 1936.804560 0.834008 C 255.000000 0.000000 253.967987 
  4  86  3 6 2 1 LN 0 -25 59 -10 59 1 0 0.766844 0 0 1937.817810 1938.319347 1938.820884 1939.322426 1940.325496 1941.092341 0.511381 E 0.000000 237.586352 255.000000 
  4  87  3 7 3 2 HL 1 +4 93 +34 79 1 1 0.884077 0 0 1942.114313 1942.615850 1943.117387 1943.618925 1944.621999 1945.506076 0.296628 C 56.159040 255.000000 0.000000 
  4  88  3 8 3 2 HL 1 -37 79 -7 65 1 1 0.920427 0 0 1946.527843 1947.029383 1947.530921 1948.032454 1949.035529 1949.955956 0.124501 C 255.000000 190.487274 0.000000 
  4  89  3 9 3 1 HN 0 +39 68 +9 68 1 0 1.098805 0 0 1950.974807 1951.476344 1951.977881 1952.479422 1953.482498 1954.581303 0.761331 E 144.835784 0.000000 255.000000 
  4  90  3 10 3 2 HL 1 +28 65 -2 51 1 1 1.523855 0 0 1955.605667 1956.107206 1956.608743 1957.110282 1958.113354 1959.637209 0.258963 C 113.785879 255.000000 0.000000 
  4  91  3 11 1 2 NL 0 +39 65 +39 79 1 0 2.294728 0 0 1960.654478 1961.156015 1961.657553 1962.159090 1963.162165 1965.456893 0.707825 E 62.971893 0.000000 255.000000 
  4  92  3 12 3 3 HH 1 -9 44 -39 73 0 0 1.761913 0 0 1966.472313 1966.973848 1967.475384 1967.976924 1968.980000 1970.741913 0.922413 E 255.000000 0.000000 118.708314 
  4  93  3 13 3 2 HL 1 -19 107 +11 93 1 1 0.863294 0 0 1971.755173 1972.256709 1972.758246 1973.259784 1974.262860 1975.126154 0.702573 C 54.937424 0.000000 255.000000 
  4  94  3 14 1 1 NN 0 +1 83 +1 83 0 1 1.678492 0 0 1976.135265 1976.636804 1977.138340 1977.639877 1978.642951 1980.321443 0.928884 C 255.000000 0.000000 108.806776 
  4  95  3 15 1 1 NN 0 -25 113 -25 113 0 1 0.863506 0 0 1981.334536 1981.836073 1982.337610 1982.839149 1983.842223 1984.705729 0.183553 C 229.163557 255.000000 0.000000 
  4  96  3 16 2 3 LH 1 +28 68 +43 97 1 1 1.428055 0 0 1985.714630 1986.216165 1986.717704 1987.219241 1988.222316 1989.650371 0.060360 C 255.000000 92.351476 0.000000 
  4  97  3 17 3 3 HH 1 +51 114 +21 85 1 1 1.121034 0 0 1990.663132 1991.164668 1991.666206 1992.167743 1993.170818 1994.291852 0.562909 C 0.000000 158.748468 255.000000 
  4  98  3 18 3 2 HL 1 +55 88 +25 102 1 1 1.740310 0 0 1995.310711 1995.812248 1996.313785 1996.815323 1997.818397 1999.558707 0.028585 C 255.000000 43.734807 0.000000 
  4  99  3 19 3 2 HL 1 +36 74 +6 88 1 1 0.920444 0 0 2000.576854 2001.078390 2001.579928 2002.081465 2003.084538 2004.004982 0.356826 C 0.000000 255.000000 35.943365 
  4 100  3 20 3 2 HL 1 +9 41 -21 55 1 1 1.210359 0 0 2005.023817 2005.525355 2006.026890 2006.528430 2007.531505 2008.741864 0.157379 C 255.000000 240.790478 0.000000 
  4 101  3 21 3 1 HN 0 -36 107 -6 107 1 0 0.829241 0 0 2009.754985 2010.256523 2010.758061 2011.259603 2012.262681 2013.091922 0.140449 E 255.000000 214.886566 0.000000 
  4 102  3 22 2 2 LL 1 +12 113 -3 99 1 1 0.725313 0 0 2014.101645 2014.603181 2015.104719 2015.606256 2016.609335 2017.334648 0.086442 C 255.000000 132.255759 0.000000 
  4 103  3 23 3 3 HH 1 +3 86 +33 57 1 1 0.784244 0 0 2018.347995 2018.849531 2019.351069 2019.852606 2020.855683 2021.639927 0.762883 C 147.211334 0.000000 255.000000 
  4 104  3 24 2 3 LH 1 +25 68 +40 97 1 1 1.909391 0 0 2022.661216 2023.162753 2023.664288 2024.165827 2025.168902 2027.078293 0.470249 C 0.000000 255.000000 209.480315 
  4 105  3 25 3 1 HN 0 +24 113 +54 113 1 0 1.483243 0 0 2028.094538 2028.596074 2029.097612 2029.599149 2030.602224 2032.085467 0.022023 E 255.000000 33.695557 0.000000 
  4 106  3 26 2 1 LN 0 +38 30 +23 30 1 0 0.948269 0 0 2033.109909 2033.611448 2034.112985 2034.614522 2035.617597 2036.565867 0.166817 E 254.770584 255.000000 0.000000 
  4 107  3 27 2 1 LN 0 -28 90 -43 90 1 0 1.236582 0 0 2037.590312 2038.091849 2038.593386 2039.094923 2040.097998 2041.334580 0.103308 E 255.000000 158.061955 0.000000 
  4 108  3 28 1 1 NN 0 +5 56 +5 56 0 1 0.502309 0 0 2042.354918 2042.856454 2043.357991 2043.859528 2044.862603 2045.364912 0.549792 C 0.000000 178.818378 255.000000 
  4 109  3 29 3 2 HL 1 +18 99 +48 85 1 1 0.859054 0 0 2046.383934 2046.885470 2047.387008 2047.888549 2048.891619 2049.750673 0.059133 C 255.000000 90.474030 0.000000 
  4 110  3 30 2 1 LN 0 +26 73 +11 73 0 1 1.228294 0 0 2050.764025 2051.265564 2051.767101 2052.268638 2053.271713 2054.500007 0.036942 C 255.000000 56.520561 0.000000 
  4 111  3 31 1 1 NN 0 +22 91 +22 91 0 1 0.673625 0 0 2055.511914 2056.013450 2056.514988 2057.016535 2058.019600 2058.693225 0.282900 C 77.162585 255.000000 0.000000 
  4 112  3 32 1 1 NN 0 -58 110 -58 110 0 1 0.384167 0 0 2059.708111 2060.209647 2060.711186 2061.212723 2062.215796 2062.599963 0.823786 C 240.393196 0.000000 255.000000 
  4 113  3 33 3 2 HL 1 -1 88 -31 74 0 0 1.349372 0 0 2063.620101 2064.121638 2064.623175 2065.124716 2066.127788 2067.477160 0.113803 E 255.000000 174.119328 0.000000 
  4 114  3 34 2 2 LL 1 -6 63 -21 77 1 1 0.662968 0 0 2068.501732 2069.003269 2069.504808 2070.006344 2071.009420 2071.672388 0.926552 C 255.000000 0.000000 112.374948 
  4 115  3 35 3 3 HH 1 +27 61 +57 32 0 0 0.786433 0 0 2072.681210 2073.182747 2073.684280 2074.185822 2075.188895 2075.975329 0.867234 E 255.000000 0.000000 203.131961 
  4 116  3 36 1 3 NH 0 +10 53 +10 82 1 0 2.232559 0 0 2076.994432 2077.495968 2077.997509 2078.499043 2079.502118 2081.734677 0.631005 E 0.000000 54.562629 255.000000 
  4 117  3 37 3 3 HH 1 +49 55 +19 84 1 1 2.336000 0 0 2082.745393 2083.246930 2083.748471 2084.250005 2085.253080 2087.589080 0.831048 C 251.502939 0.000000 255.000000 
  4 118  3 38 1 2 NL 0 +36 31 +36 45 0 1 1.590685 0 0 2088.613381 2089.114917 2089.616455 2090.117993 2091.121067 2092.711752 0.237929 C 145.968832 255.000000 0.000000 
  4 119  3 39 2 3 LH 1 +55 35 +40 64 0 0 1.193482 0 0 2093.729063 2094.230599 2094.732136 2095.233674 2096.236749 2097.430231 0.018105 E 255.000000 27.701195 0.000000 
  4 120  3 40 3 2 HL 1 +0 100 -30 86 1 1 1.043268 0 0 2098.443512 2098.945050 2099.446588 2099.948129 2100.951199 2101.994467 0.033216 C 255.000000 50.820441 0.000000 
  4 121  4 1 1 3 NH 0 -7 63 -7 92 1 0 1.216719 0 0 2125.342635 2125.844171 2126.345709 2126.847246 2127.850321 2129.067040 0.148545 E 255.000000 227.273654 0.000000 
  4 122  4 2 3 1 HN 0 +32 76 +2 76 0 1 1.572276 0 0 2130.090522 2130.592058 2131.093596 2131.595140 2132.598210 2134.170486 0.194043 C 213.113945 255.000000 0.000000 
  4 123  4 3 3 3 HH 1 -35 38 -5 67 1 1 1.417406 0 0 2135.189485 2135.691022 2136.192559 2136.694101 2137.697171 2139.114578 0.859582 C 255.000000 0.000000 214.839877 
  4 124  4 4 1 3 NH 0 +22 47 +22 76 1 0 2.819168 0 0 2140.137987 2140.639524 2141.141061 2141.642599 2142.645673 2145.464841 0.653053 E 0.000000 20.828473 255.000000 
  4 125  4 5 1 3 NH 0 +10 106 +10 77 0 1 2.260526 0 0 2146.474076 2146.975613 2147.477150 2147.978688 2148.981762 2151.242289 0.193650 C 213.715440 255.000000 0.000000 
  4 126  4 6 2 2 LL 1 +54 90 +39 104 0 0 2.042017 0 0 2152.258474 2152.760011 2153.261548 2153.763085 2154.766163 2156.808180 0.414669 E 0.000000 255.000000 124.443165 
  4 127  4 7 1 3 NH 0 +30 43 +30 72 0 1 1.038740 0 0 2157.825538 2158.327075 2158.828613 2159.330150 2160.333225 2161.371965 0.484256 C 0.000000 255.000000 230.911749 
  4 128  4 8 2 2 LL 1 +13 64 -2 50 1 1 1.527049 0 0 2162.389530 2162.891065 2163.392611 2163.894142 2164.897225 2166.424274 0.784290 C 179.963695 0.000000 255.000000 
  4 129  4 9 2 3 LH 1 -12 112 +3 83 1 1 1.535039 0 0 2167.438338 2167.939875 2168.441412 2168.942952 2169.946023 2171.481061 0.482539 C 0.000000 255.000000 228.285184 
  4 130  4 10 3 3 HH 1 +54 72 +24 101 1 1 1.319897 0 0 2172.503867 2173.005403 2173.506940 2174.008477 2175.011552 2176.331449 0.727524 C 93.112378 0.000000 255.000000 
  4 131  4 11 2 1 LN 0 +25 36 +40 36 0 1 1.796820 0 0 2177.352061 2177.853597 2178.355132 2178.856675 2179.859746 2181.656566 0.528768 C 0.000000 210.985631 255.000000 
  4 132  4 12 2 1 LN 0 +30 106 +45 106 0 1 2.308008 0 0 2182.668357 2183.169893 2183.671434 2184.172979 2185.176043 2187.484051 0.093850 C 255.000000 143.590100 0.000000 
  4 133  4 13 2 3 LH 1 -17 113 -32 84 1 1 0.999080 0 0 2188.502908 2189.004445 2189.505982 2190.007524 2191.010594 2192.009674 0.220814 C 172.154954 255.000000 0.000000 
  4 134  4 14 3 1 HN 0 -47 90 -17 90 1 0 1.285057 0 0 2193.033462 2193.535001 2194.036536 2194.538073 2195.541149 2196.826206 0.070186 E 255.000000 107.384176 0.000000 
  4 135  4 15 3 1 HN 0 +45 88 +15 88 0 1 0.953917 0 0 2197.848222 2198.349757 2198.851295 2199.352833 2200.355908 2201.309825 0.793043 C 193.356204 0.000000 255.000000 
  4 136  4 16 1 2 NL 0 -42 85 -42 99 0 1 1.173045 0 0 2202.328623 2202.830158 2203.331696 2203.833237 2204.836308 2206.009352 0.506256 C 0.000000 245.428478 255.000000 
  4 137  4 17 1 1 NN 0 -16 113 -16 113 0 1 0.781129 0 0 2207.026353 2207.527892 2208.029433 2208.530967 2209.534041 2210.315170 0.317911 C 23.595888 255.000000 0.000000 
  4 138  4 18 3 3 HH 1 +39 28 +9 57 1 1 2.162475 0 0 2211.339577 2211.841113 2212.342650 2212.844191 2213.847262 2216.009737 0.860549 C 255.000000 0.000000 213.360725 
  4 139  4 19 2 3 LH 1 +26 45 +11 74 1 1 1.808125 0 0 2217.023667 2217.525212 2218.026741 2218.528278 2219.531363 2221.339488 0.476991 C 0.000000 255.000000 219.796937 
  4 140  4 20 3 2 HL 1 -33 73 -3 87 1 1 1.165560 0 0 2222.356682 2222.858217 2223.359755 2223.861292 2224.864368 2226.029928 0.926098 C 255.000000 0.000000 113.070541 
  4 141  4 21 1 3 NH 0 +5 71 +5 42 0 1 1.410816 0 0 2227.054413 2227.555950 2228.057488 2228.559030 2229.562101 2230.972917 0.647475 C 0.000000 29.362888 255.000000 
  4 142  4 22 3 2 HL 1 +43 83 +13 97 1 1 2.044066 0 0 2231.986197 2232.487735 2232.989273 2233.490809 2234.493885 2236.537951 0.337917 C 0.000000 255.000000 7.013023 
  4 143  4 23 2 1 LN 0 -11 94 -26 94 0 1 0.814520 0 0 2237.553263 2238.054800 2238.556337 2239.057875 2240.060949 2240.875470 0.325101 C 12.595894 255.000000 0.000000 
  4 144  4 24 2 2 LL 1 -25 30 -10 44 1 1 1.686942 0 0 2241.899921 2242.401461 2242.902998 2243.404535 2244.407606 2246.094548 0.721255 C 83.520616 0.000000 255.000000 
  4 145  4 25 3 3 HH 1 -7 85 -37 56 1 1 1.188645 0 0 2247.115910 2247.617445 2248.118982 2248.620518 2249.623597 2250.812242 0.611902 C 0.000000 83.789522 255.000000 
  4 146  4 26 2 1 LN 0 -26 68 -41 68 0 1 1.388534 0 0 2251.830361 2252.331898 2252.833435 2253.334976 2254.338048 2255.726582 0.226551 C 163.377518 255.000000 0.000000 
  4 147  4 27 2 2 LL 1 +29 42 +14 28 1 1 1.544593 0 0 2256.745427 2257.246964 2257.748501 2258.250039 2259.253113 2260.797706 0.822357 C 238.205912 0.000000 255.000000 
  4 148  4 28 2 1 LN 0 +29 30 +14 30 0 1 1.294520 0 0 2261.810954 2262.312491 2262.814032 2263.315564 2264.318641 2265.613161 0.585411 C 0.000000 124.321238 255.000000 
  4 149  4 29 3 3 HH 1 -9 50 -39 79 1 1 1.201082 0 0 2266.625715 2267.127249 2267.628787 2268.130325 2269.133410 2270.334492 0.236696 C 147.855371 255.000000 0.000000 
  4 150  4 30 2 3 LH 1 +14 100 +29 71 0 0 1.238040 0 0 2271.356883 2271.858418 2272.359957 2272.861494 2273.864569 2275.102609 0.382262 E 0.000000 255.000000 74.861393 
  4 151  4 31 1 3 NH 0 +21 43 +21 72 0 1 1.240121 0 0 2276.121488 2276.623024 2277.124562 2277.626102 2278.629174 2279.869295 0.520746 C 0.000000 223.258545 255.000000 
  4 152  4 32 3 3 HH 1 -60 99 -30 70 1 1 0.859185 0 0 2280.886093 2281.387629 2281.889167 2282.390704 2283.393779 2284.252964 0.007617 C 255.000000 11.654125 0.000000 
  4 153  4 33 2 1 LN 0 -14 87 -29 87 0 1 1.554722 0 0 2285.266185 2285.767722 2286.269260 2286.770799 2287.773873 2289.328596 0.223625 C 167.853272 255.000000 0.000000 
  4 154  4 34 3 2 HL 1 +23 34 +53 48 1 1 0.853542 0 0 2290.348433 2290.849967 2291.351505 2291.853043 2292.856117 2293.709659 0.153467 C 255.000000 234.805113 0.000000 
  4 155  4 35 3 2 HL 1 -9 91 -39 77 1 1 1.048645 0 0 2294.728523 2295.230065 2295.731599 2296.233139 2297.236211 2298.284856 0.332770 C 0.861158 255.000000 0.000000 
  4 156  4 36 3 2 HL 1 +21 113 -9 99 1 1 1.815576 0 0 2299.309233 2299.810771 2300.312306 2300.813848 2301.816918 2303.632495 0.225382 C 165.165902 255.000000 0.000000 
  4 157  4 37 2 2 LL 1 +15 55 +30 69 1 1 0.992935 0 0 2304.642245 2305.143783 2305.645325 2306.146864 2307.149932 2308.142867 0.751094 C 129.173519 0.000000 255.000000 
  4 158  4 38 2 1 LN 0 -32 92 -47 92 0 1 0.718731 0 0 2309.156083 2309.657619 2310.159157 2310.660694 2311.663768 2312.382499 0.020943 C 255.000000 32.042055 0.000000 
  4 159  4 39 1 1 NN 0 +50 69 +50 69 0 1 1.114774 0 0 2313.402433 2313.903969 2314.405513 2314.907044 2315.910129 2317.024903 0.721532 C 83.943378 0.000000 255.000000 
  4 160  4 40 3 3 HH 1 -60 91 -30 62 1 1 0.977638 0 0 2318.033294 2318.534829 2319.036370 2319.537905 2320.540981 2321.518618 0.970107 C 255.000000 0.000000 45.736650 
  4 161  5 1 2 2 LL 1 +55 54 +40 40 1 1 0.945408 0 0 2344.096519 2344.598057 2345.099594 2345.601131 2346.604206 2347.549614 0.117971 C 255.000000 180.495851 0.000000 
  4 162  5 2 1 2 NL 0 -59 36 -59 50 0 1 1.477705 0 0 2348.560202 2349.061743 2349.563277 2350.064818 2351.067889 2352.545594 0.685659 C 29.058107 0.000000 255.000000 
  4 163  5 3 3 2 HL 1 +3 45 -27 31 1 1 0.972872 0 0 2353.558859 2354.060395 2354.561932 2355.063471 2356.066545 2357.039417 0.660258 C 0.000000 9.804929 255.000000 
  4 164  5 4 1 3 NH 0 -50 95 -50 66 0 1 1.467580 0 0 2358.055977 2358.557513 2359.059051 2359.560592 2360.563663 2362.031243 0.383445 C 0.000000 255.000000 76.670749 
  4 165  5 5 1 1 NN 0 +56 84 +56 84 0 1 0.772416 0 0 2363.054632 2363.556169 2364.057711 2364.559248 2365.562318 2366.334735 0.618822 C 0.000000 73.202430 255.000000 
  4 166  5 6 3 2 HL 1 -48 89 -18 75 1 1 0.619553 0 0 2367.351136 2367.852675 2368.354210 2368.855748 2369.858822 2370.478375 0.211096 C 187.022511 255.000000 0.000000 
  4 167  5 7 1 3 NH 0 +27 68 +27 39 0 1 0.922987 0 0 2371.497177 2371.998715 2372.500250 2373.001790 2374.004865 2374.927852 0.538706 C 0.000000 195.780136 255.000000 
  4 168  5 8 2 2 LL 1 -16 45 -1 31 1 1 0.892509 0 0 2375.944143 2376.445679 2376.947220 2377.448755 2378.451829 2379.344338 0.305864 C 42.028046 255.000000 0.000000 
  4 169  5 9 3 3 HH 1 -24 113 +6 84 1 1 0.959485 0 0 2380.357673 2380.859210 2381.360746 2381.862284 2382.865358 2383.824842 0.230015 C 158.077480 255.000000 0.000000 
  4 170  5 10 1 1 NN 0 +50 99 +50 99 0 1 0.719728 0 0 2384.838071 2385.339609 2385.841147 2386.342687 2387.345759 2388.065487 0.016518 C 255.000000 25.273257 0.000000 
  4 171  5 11 2 2 LL 1 +7 36 -8 50 1 1 0.714348 0 0 2389.084423 2389.585959 2390.087500 2390.589034 2391.592108 2392.306457 0.421614 C 0.000000 255.000000 135.069424 
  4 172  5 12 2 1 LN 0 -15 113 -30 113 1 0 1.697965 0 0 2393.330772 2393.832308 2394.333851 2394.835384 2395.838458 2397.536424 0.511741 E 0.000000 237.036341 255.000000 
  4 173  5 13 2 3 LH 1 +38 56 +53 85 1 1 1.731857 0 0 2398.546761 2399.048298 2399.549835 2400.051373 2401.054447 2402.786303 0.282810 C 77.300964 255.000000 0.000000 
  4 174  5 14 1 3 NH 0 -19 43 -19 72 0 1 0.800400 0 0 2403.796182 2404.297722 2404.799259 2405.300797 2406.303870 2407.104270 0.807429 C 215.366268 0.000000 255.000000 
  4 175  5 15 1 2 NL 0 +2 77 +2 91 0 1 1.639147 0 0 2408.126125 2408.627665 2409.129199 2409.630742 2410.633811 2412.272958 0.413972 C 0.000000 255.000000 123.376855 
  4 176  5 16 2 3 LH 1 -6 101 +9 72 1 1 0.781195 0 0 2413.291960 2413.793496 2414.295036 2414.796571 2415.799646 2416.580841 0.109034 C 255.000000 166.821690 0.000000 
  4 177  5 17 3 2 HL 1 +35 78 +5 64 1 1 0.658532 0 0 2417.605183 2418.106716 2418.608255 2419.109792 2420.112867 2420.771399 0.730175 C 97.168371 0.000000 255.000000 
  4 178  5 18 2 3 LH 1 +14 96 -1 67 1 1 1.099613 0 0 2421.784659 2422.286196 2422.787733 2423.289273 2424.292345 2425.391958 0.683580 C 25.877859 0.000000 255.000000 
  4 179  5 19 2 2 LL 1 +47 114 +32 100 1 1 0.838881 0 0 2426.415521 2426.917058 2427.418595 2427.920136 2428.923206 2429.762087 0.569257 C 0.000000 149.036661 255.000000 
  4 180  5 20 2 1 LN 0 +18 37 +3 37 1 0 0.667322 0 0 2430.778896 2431.280433 2431.781970 2432.283512 2433.286582 2433.953904 0.477377 E 0.000000 255.000000 220.386607 
  4 181  5 21 2 2 LL 1 -14 29 +1 43 1 1 0.792272 0 0 2434.975089 2435.476628 2435.978166 2436.479703 2437.482778 2438.275050 0.226112 C 164.048420 255.000000 0.000000 
  4 182  5 22 1 1 NN 0 -35 42 -35 42 0 1 0.814631 0 0 2439.288313 2439.789854 2440.291388 2440.792925 2441.796000 2442.610631 0.708321 C 63.731153 0.000000 255.000000 
  4 183  5 23 1 1 NN 0 +31 48 +31 48 0 1 0.661592 0 0 2443.634970 2444.136507 2444.638044 2445.139582 2446.142657 2446.804249 0.924624 C 255.000000 0.000000 115.324746 
  4 184  5 24 3 1 HN 0 +60 44 +30 44 1 0 2.291224 0 0 2447.814449 2448.315987 2448.817524 2449.319060 2450.322135 2452.613358 0.964887 E 255.000000 0.000000 53.722327 
  4 185  5 25 1 2 NL 0 -16 107 -16 93 0 1 0.645175 0 0 2453.632283 2454.133819 2454.635356 2455.136898 2456.139969 2456.785144 0.229133 C 159.425757 255.000000 0.000000 
  4 186  5 26 1 3 NH 0 +27 61 +27 32 0 1 1.431603 0 0 2457.795044 2458.296579 2458.798120 2459.299654 2460.302729 2461.734331 0.981273 C 255.000000 0.000000 28.652022 
  4 187  5 27 2 2 LL 1 +33 35 +48 49 1 1 1.362790 0 0 2462.743545 2463.245079 2463.746619 2464.248157 2465.251232 2466.614022 0.097213 C 255.000000 148.736336 0.000000 
  4 188  5 28 3 2 HL 1 +6 107 -24 93 0 0 1.501487 0 0 2467.625175 2468.126712 2468.628247 2469.129787 2470.132865 2471.634351 0.852102 E 255.000000 0.000000 226.283941 
  4 189  5 29 2 3 LH 1 -50 52 -35 81 1 1 1.176821 0 0 2472.657267 2473.158805 2473.660341 2474.161878 2475.164953 2476.341774 0.259961 C 112.259028 255.000000 0.000000 
  4 190  5 30 2 3 LH 1 +60 64 +45 93 0 0 2.683707 0 0 2477.355000 2477.856537 2478.358076 2478.859612 2479.862686 2482.546393 0.399672 E 0.000000 255.000000 101.498009 
  4 191  5 31 1 3 NH 0 -31 91 -31 62 0 1 1.121017 0 0 2483.557349 2484.058882 2484.560420 2485.061961 2486.065032 2487.186049 0.900510 C 255.000000 0.000000 152.220056 
  4 192  5 32 3 1 HN 0 +28 32 +58 32 1 0 0.842406 0 0 2488.204925 2488.706462 2489.208000 2489.709537 2490.712612 2491.555018 0.336807 E 0.000000 255.000000 5.314902 
  4 193  5 33 2 2 LL 1 -29 84 -44 98 0 0 0.719810 0 0 2492.568301 2493.069837 2493.571375 2494.072916 2495.075987 2495.795797 0.609461 E 0.000000 87.524109 255.000000 
  4 194  5 34 1 1 NN 0 +16 73 +16 73 0 1 1.018504 0 0 2496.814649 2497.316188 2497.817735 2498.319262 2499.322335 2500.340839 0.393400 C 0.000000 255.000000 91.901479 
  4 195  5 35 3 1 HN 0 -33 95 -3 95 0 1 1.318016 0 0 2501.361922 2501.863459 2502.364997 2502.866538 2503.869613 2505.187629 0.043355 C 255.000000 66.333343 0.000000 
  4 196  5 36 1 3 NH 0 -17 54 -17 83 0 1 0.677488 0 0 2506.210115 2506.711653 2507.213191 2507.714732 2508.717812 2509.395300 0.412179 C 0.000000 255.000000 120.633494 
  4 197  5 37 2 2 LL 1 +10 85 +25 99 1 1 0.836927 0 0 2510.406318 2510.907850 2511.409388 2511.910930 2512.914000 2513.750927 0.589600 C 0.000000 117.912147 255.000000 
  4 198  5 38 3 3 HH 1 +24 34 +54 63 0 0 1.109960 0 0 2514.769688 2515.271225 2515.772761 2516.274297 2517.277375 2518.387335 0.672257 E 8.552549 0.000000 255.000000 
  4 199  5 39 2 3 LH 1 +33 90 +48 61 1 1 1.555677 0 0 2519.400551 2519.902087 2520.403626 2520.905164 2521.908236 2523.463914 0.134416 C 255.000000 205.656679 0.000000 
  4 200  5 40 3 3 HH 1 +43 71 +13 42 1 1 1.573383 0 0 2524.482794 2524.984332 2525.485870 2525.987407 2526.990481 2528.563864 0.369950 C 0.000000 255.000000 56.022970 
  4 201  6 1 2 2 LL 1 -33 80 -18 66 1 1 0.792262 0 0 2559.857899 2560.359435 2560.860972 2561.362510 2562.365589 2563.157852 0.454964 C 0.000000 255.000000 186.095351 
  4 202  6 2 3 1 HN 0 -9 73 -39 73 0 1 1.539021 0 0 2564.171120 2564.672656 2565.174198 2565.675732 2566.678806 2568.217827 0.348744 C 0.000000 255.000000 23.578825 
  4 203  6 3 3 1 HN 0 -1 114 -31 114 0 1 1.208328 0 0 2569.236648 2569.738184 2570.239722 2570.741259 2571.744333 2572.952660 0.661887 C 0.000000 7.313149 255.000000 
  4 204  6 4 3 3 HH 1 +9 43 -21 72 1 1 0.797861 0 0 2573.967820 2574.469353 2574.970891 2575.472432 2576.475503 2577.273364 0.065920 C 255.000000 100.857953 0.000000 
  4 205  6 5 2 3 LH 1 -31 99 -16 70 0 0 1.732179 0 0 2578.297755 2578.799292 2579.300830 2579.802368 2580.805442 2582.537622 0.657111 E 0.000000 14.619472 255.000000 
  4 206  6 6 1 3 NH 0 -47 102 -47 73 0 1 1.010996 0 0 2583.547180 2584.048717 2584.550257 2585.051792 2586.054867 2587.065863 0.263078 C 107.491206 255.000000 0.000000 
  4 207  6 7 2 3 LH 1 -55 64 -40 93 1 1 0.927724 0 0 2588.077735 2588.579271 2589.080810 2589.582348 2590.585420 2591.513144 0.883524 C 255.000000 0.000000 178.208386 
  4 208  6 8 1 3 NH 0 +19 108 +19 79 0 1 1.165630 0 0 2592.524700 2593.026236 2593.527772 2594.029311 2595.032384 2596.198014 0.954568 C 255.000000 0.000000 69.511567 
  4 209  6 9 2 1 LN 0 +52 110 +37 110 1 0 1.030126 0 0 2597.222433 2597.723970 2598.225508 2598.727045 2599.730119 2600.760246 0.819639 E 234.048071 0.000000 255.000000 
  4 210  6 10 3 2 HL 1 -50 33 -20 47 0 0 1.427480 0 0 2601.769709 2602.271241 2602.772779 2603.274315 2604.277391 2605.704871 0.855673 E 255.000000 0.000000 220.820237 
  4 211  6 11 2 1 LN 0 -9 89 +6 89 0 1 1.120899 0 0 2606.718208 2607.219744 2607.721281 2608.222819 2609.225902 2610.346801 0.362876 C 0.000000 255.000000 45.199826 
  4 212  6 12 2 1 LN 0 -39 82 -54 82 0 1 0.808816 0 0 2611.365788 2611.867324 2612.368861 2612.870402 2613.873473 2614.682289 0.053843 C 255.000000 82.379975 0.000000 
  4 213  6 13 1 2 NL 0 -12 46 -12 60 0 1 1.722906 0 0 2615.695736 2616.197266 2616.698800 2617.200337 2618.203412 2619.926318 0.659222 C 0.000000 11.391101 255.000000 
  4 214  6 14 2 2 LL 1 +41 77 +26 63 0 0 1.483237 0 0 2620.945151 2621.446688 2621.948224 2622.449770 2623.452835 2624.936072 0.655990 E 0.000000 16.335590 255.000000 
  4 215  6 15 1 2 NL 0 -18 28 -18 42 0 1 1.271667 0 0 2625.960524 2626.462061 2626.963599 2627.465136 2628.468211 2629.739877 0.401303 C 0.000000 255.000000 103.993270 
  4 216  6 16 2 1 LN 0 -22 110 -37 110 0 1 0.983204 0 0 2630.758565 2631.260102 2631.761640 2632.263177 2633.266252 2634.249456 0.857247 C 255.000000 0.000000 218.412320 
  4 217  6 17 1 3 NH 0 -44 103 -44 74 0 1 1.160117 0 0 2635.272401 2635.773938 2636.275476 2636.777013 2637.780088 2638.940205 0.245019 C 135.120588 255.000000 0.000000 
  4 218  6 18 1 1 NN 0 -28 39 -28 39 0 1 0.842290 0 0 2639.953417 2640.454954 2640.956491 2641.458030 2642.461103 2643.303394 0.664472 C 0.000000 3.357569 255.000000 
  4 219  6 19 1 1 NN 0 -6 32 -6 32 0 1 1.059823 0 0 2644.316792 2644.818329 2645.319867 2645.821408 2646.824479 2647.884302 0.267729 C 100.374185 255.000000 0.000000 
  4 220  6 20 3 3 HH 1 +56 33 +26 62 1 1 0.939913 0 0 2648.897499 2649.399037 2649.900575 2650.402113 2651.405187 2652.345099 0.101635 C 255.000000 155.502038 0.000000 
  4 221  6 21 3 3 HH 1 +25 47 +55 76 1 1 1.199030 0 0 2653.361183 2653.862720 2654.364258 2654.865794 2655.868868 2657.067898 0.093226 C 255.000000 142.635698 0.000000 
  4 222  6 22 1 2 NL 0 +17 101 +17 115 0 1 1.522365 0 0 2658.092353 2658.593889 2659.095427 2659.596964 2660.600038 2662.122403 0.581976 C 0.000000 129.576358 255.000000 
  4 223  6 23 3 2 HL 1 +39 41 +9 55 1 1 2.073557 0 0 2663.141162 2663.642699 2664.144234 2664.645773 2665.648848 2667.722405 0.497190 C 0.000000 255.000000 250.700173 
  4 224  6 24 2 3 LH 1 -45 87 -60 58 1 1 1.113166 0 0 2668.741662 2669.243199 2669.744737 2670.246274 2671.249347 2672.362513 0.415684 C 0.000000 255.000000 125.996946 
  4 225  6 25 3 3 HH 1 -36 74 -6 103 1 1 0.995198 0 0 2673.372525 2673.874061 2674.375605 2674.877136 2675.880221 2676.875419 0.217923 C 176.577506 255.000000 0.000000 
  4 226  6 26 2 3 LH 1 -23 28 -8 57 1 1 1.695062 0 0 2677.886364 2678.387897 2678.889435 2679.390970 2680.394047 2682.089109 0.620807 C 0.000000 70.165589 255.000000 
  4 227  6 27 1 2 NL 0 +21 31 +21 45 0 1 1.377256 0 0 2683.102350 2683.603886 2684.105432 2684.606963 2685.610036 2686.987291 0.585833 C 0.000000 123.675963 255.000000 
  4 228  6 28 3 2 HL 1 +24 91 -6 77 1 1 1.984824 0 0 2688.000698 2688.502234 2689.003772 2689.505308 2690.508384 2692.493208 0.726540 C 91.606557 0.000000 255.000000 
  4 229  6 29 2 1 LN 0 -53 37 -38 37 0 1 1.522206 0 0 2693.517609 2694.019146 2694.520683 2695.022220 2696.025295 2697.547502 0.155716 C 255.000000 238.245049 0.000000 
  4 230  6 30 3 2 HL 1 +16 107 -14 93 1 1 1.179341 0 0 2698.566419 2699.067955 2699.569492 2700.071030 2701.074105 2702.253445 0.694356 C 42.364029 0.000000 255.000000 
  4 231  6 31 1 2 NL 0 -42 46 -42 32 0 1 1.533360 0 0 2703.264152 2703.765689 2704.267229 2704.768763 2705.771837 2707.305197 0.060590 C 255.000000 92.702156 0.000000 
  4 232  6 32 1 1 NN 0 -36 96 -36 96 0 1 0.856896 0 0 2708.329680 2708.831218 2709.332754 2709.834291 2710.837366 2711.694262 0.304806 C 43.646199 255.000000 0.000000 
  4 233  6 33 1 2 NL 0 +47 77 +47 91 0 1 0.793553 0 0 2712.709771 2713.211309 2713.712847 2714.214384 2715.217459 2716.011011 0.751020 C 129.061183 0.000000 255.000000 
  4 234  6 34 1 1 NN 0 +48 114 +48 114 0 1 0.577933 0 0 2717.022994 2717.524530 2718.026068 2718.527605 2719.530681 2720.108614 0.174288 C 243.339638 255.000000 0.000000 
  4 235  6 35 3 1 HN 0 -1 62 -31 62 0 1 0.847977 0 0 2721.118880 2721.620419 2722.121957 2722.623494 2723.626568 2724.474545 0.822256 C 238.051653 0.000000 255.000000 
  4 236  6 36 2 3 LH 1 -58 74 -43 45 0 0 1.767610 0 0 2725.498975 2726.000513 2726.502049 2727.003587 2728.006665 2729.774275 0.130263 E 255.000000 199.301658 0.000000 
  4 237  6 37 2 3 LH 1 -35 77 -20 48 1 1 1.427540 0 0 2730.798554 2731.300088 2731.801628 2732.303165 2733.306240 2734.733780 0.970061 C 255.000000 0.000000 45.806515 
  4 238  6 38 1 2 NL 0 -31 105 -31 91 0 1 0.925999 0 0 2735.747055 2736.248591 2736.750134 2737.251665 2738.254742 2739.180742 0.355426 C 0.000000 255.000000 33.801296 
  4 239  6 39 3 1 HN 0 -12 50 +18 50 0 1 1.166752 0 0 2740.194021 2740.695558 2741.197095 2741.698633 2742.701706 2743.868459 0.592561 C 0.000000 113.381423 255.000000 
  4 240  6 40 2 1 LN 0 +30 83 +45 83 0 1 1.667108 0 0 2744.891754 2745.393291 2745.894828 2746.396366 2747.399440 2749.066548 0.069836 C 255.000000 106.848520 0.000000 
  4 241  7 1 2 2 LL 1 -17 85 -32 71 1 1 1.862138 0 0 2766.558168 2767.059705 2767.561243 2768.062784 2769.065855 2770.927992 0.975555 C 255.000000 0.000000 37.401415 
  4 242  7 2 3 3 HH 1 -20 47 -50 76 1 1 0.989528 0 0 2771.941337 2772.442873 2772.944411 2773.445948 2774.449033 2775.438561 0.654808 C 0.000000 18.143243 255.000000 
  4 243  7 3 2 2 LL 1 +56 59 +41 45 1 1 1.035344 0 0 2776.455173 2776.956709 2777.458247 2777.959788 2778.962859 2779.998203 0.971418 C 255.000000 0.000000 43.729955 
  4 244  7 4 1 2 NL 0 -14 58 -14 72 0 1 0.807006 0 0 2781.019163 2781.520700 2782.022234 2782.523774 2783.526849 2784.333855 0.378868 C 0.000000 255.000000 69.667512 
  4 245  7 5 3 1 HN 0 -58 103 -28 103 0 1 1.104214 0 0 2785.349101 2785.850639 2786.352176 2786.853714 2787.856786 2788.960999 0.359365 C 0.000000 255.000000 39.828172 
  4 246  7 6 1 1 NN 0 +22 28 +22 28 0 1 0.662707 0 0 2789.979962 2790.481501 2790.983038 2791.484576 2792.487650 2793.150357 0.322040 C 17.279309 255.000000 0.000000 
  4 247  7 7 3 3 HH 1 +59 53 +29 82 1 1 0.992938 0 0 2794.159442 2794.660979 2795.162516 2795.664054 2796.667128 2797.660066 0.564655 C 0.000000 156.078590 255.000000 
  4 248  7 8 3 1 HN 0 -23 74 -53 74 0 1 0.994557 0 0 2798.673278 2799.174815 2799.676353 2800.177890 2801.180965 2802.175522 0.553055 C 0.000000 173.826398 255.000000 
  4 249  7 9 1 3 NH 0 -11 92 -11 63 0 1 0.671994 0 0 2803.187118 2803.688652 2804.190189 2804.691726 2805.694802 2806.366795 0.528162 C 0.000000 211.912736 255.000000 
  4 250  7 10 2 3 LH 1 +33 112 +48 83 1 1 0.909207 0 0 2807.383311 2807.884848 2808.386389 2808.887926 2809.890997 2810.800204 0.396795 C 0.000000 255.000000 97.095907 
  4 251  7 11 1 2 NL 0 +27 114 +27 100 0 1 0.619443 0 0 2811.813558 2812.315094 2812.816631 2813.318169 2814.321244 2814.940687 0.294068 C 60.075242 255.000000 0.000000 
  4 252  7 12 1 1 NN 0 +5 73 +5 73 0 1 0.569360 0 0 2815.959601 2816.461137 2816.962674 2817.464212 2818.467286 2819.036646 0.527909 C 0.000000 212.299755 255.000000 
  4 253  7 13 2 2 LL 1 +10 66 -5 80 0 0 0.812836 0 0 2820.055489 2820.557026 2821.058563 2821.560100 2822.563175 2823.376011 0.473366 E 0.000000 255.000000 214.250659 
  4 254  7 14 2 3 LH 1 -6 81 -21 52 1 1 0.783959 0 0 2824.385432 2824.886964 2825.388502 2825.890041 2826.893114 2827.677073 0.171091 C 248.231512 255.000000 0.000000 
  4 255  7 15 3 1 HN 0 +58 81 +28 81 0 1 1.321667 0 0 2828.698649 2829.200186 2829.701724 2830.203265 2831.206336 2832.528003 0.114018 C 255.000000 174.446852 0.000000 
  4 256  7 16 1 2 NL 0 -18 95 -18 81 0 1 0.711949 0 0 2833.546844 2834.048381 2834.549918 2835.051460 2836.054530 2836.766479 0.982188 C 255.000000 0.000000 27.252179 
  4 257  7 17 1 1 NN 0 +30 76 +30 76 0 1 0.530411 0 0 2837.776477 2838.278013 2838.779550 2839.281087 2840.284159 2840.814571 0.606663 C 0.000000 91.805094 255.000000 
  4 258  7 18 1 3 NH 0 -23 45 -23 74 0 1 0.707682 0 0 2841.838929 2842.340466 2842.842003 2843.343544 2844.346615 2845.054297 0.576965 C 0.000000 137.243094 255.000000 
  4 259  7 19 3 2 HL 1 +55 50 +25 36 1 1 0.850034 0 0 2846.068561 2846.570097 2847.071640 2847.573172 2848.576247 2849.426281 0.136060 C 255.000000 208.172325 0.000000 
  4 260  7 20 2 2 LL 1 -22 103 -7 89 1 1 1.394102 0 0 2850.448654 2850.950189 2851.451728 2851.953265 2852.956349 2854.350450 0.502645 C 0.000000 250.953219 255.000000 
  4 261  7 21 3 1 HN 0 +20 71 +50 71 0 1 1.070923 0 0 2855.363720 2855.865257 2856.366794 2856.868335 2857.871413 2858.942337 0.491098 C 0.000000 255.000000 241.380076 
  4 262  7 22 2 3 LH 1 -14 86 +1 57 1 1 0.953822 0 0 2859.961146 2860.462687 2860.964220 2861.465758 2862.468832 2863.422654 0.371641 C 0.000000 255.000000 58.610984 
  4 263  7 23 1 2 NL 0 +30 96 +30 82 0 1 0.810086 0 0 2864.441546 2864.943083 2865.444621 2865.946162 2866.949233 2867.759319 0.570597 C 0.000000 146.986902 255.000000 
  4 264  7 24 1 1 NN 0 +45 81 +45 81 0 1 0.579121 0 0 2868.771486 2869.273023 2869.774560 2870.276097 2871.279175 2871.858296 0.852327 C 255.000000 0.000000 225.939745 
  4 265  7 25 3 3 HH 1 +32 74 +2 45 1 1 0.898192 0 0 2872.867375 2873.368911 2873.870452 2874.371989 2875.375061 2876.273253 0.582099 C 0.000000 129.388239 255.000000 
  4 266  7 26 3 1 HN 0 -7 77 +23 77 0 1 1.252016 0 0 2877.297620 2877.799158 2878.300695 2878.802233 2879.805307 2881.057323 0.916033 C 255.000000 0.000000 128.468940 
  4 267  7 27 3 2 HL 1 -21 40 -51 54 1 1 1.109750 0 0 2882.078944 2882.580485 2883.082017 2883.583556 2884.586630 2885.696380 0.031984 C 255.000000 48.934932 0.000000 
  4 268  7 28 3 3 HH 1 +45 54 +15 83 1 1 1.293709 0 0 2886.709805 2887.211342 2887.712880 2888.214421 2889.217492 2890.511201 0.816390 C 229.077055 0.000000 255.000000 
  4 269  7 29 1 2 NL 0 +6 42 +6 28 0 1 2.770562 0 0 2891.524564 2892.026101 2892.527650 2893.029174 2894.032251 2896.802813 0.998639 C 255.000000 0.000000 2.082645 
  4 270  7 30 3 1 HN 0 -24 72 -54 72 1 0 0.912519 0 0 2897.827217 2898.328755 2898.830291 2899.331830 2900.334903 2901.247422 0.303881 E 45.061903 255.000000 0.000000 
  4 271  7 31 2 1 LN 0 -53 55 -38 55 0 1 0.806632 0 0 2902.257464 2902.759003 2903.260538 2903.762074 2904.765151 2905.571783 0.911647 C 255.000000 0.000000 135.179501 
  4 272  7 32 1 2 NL 0 -6 103 -6 89 0 1 0.744660 0 0 2906.587403 2907.088940 2907.590478 2908.092015 2909.095095 2909.839755 0.933511 C 255.000000 0.000000 101.728397 
  4 273  7 33 3 2 HL 1 -35 51 -5 37 1 1 0.833798 0 0 2910.850472 2911.352008 2911.853546 2912.355084 2913.358158 2914.191956 0.964483 C 255.000000 0.000000 54.340320 
  4 274  7 34 3 3 HH 1 +4 74 -26 45 1 1 1.399704 0 0 2915.213847 2915.715382 2916.216921 2916.718458 2917.721533 2919.121237 0.658727 C 0.000000 12.148136 255.000000 
  4 275  7 35 3 1 HN 0 +60 66 +30 66 0 1 1.639277 0 0 2920.145631 2920.647167 2921.148704 2921.650243 2922.653317 2924.292594 0.268248 C 99.580762 255.000000 0.000000 
  4 276  7 36 1 2 NL 0 +19 74 +19 88 0 1 0.714238 0 0 2925.311466 2925.813003 2926.314544 2926.816077 2927.819152 2928.533389 0.846841 C 255.000000 0.000000 234.332821 
  4 277  7 37 2 2 LL 1 +23 73 +8 59 1 1 0.897385 0 0 2929.557815 2930.059353 2930.560890 2931.062427 2932.065503 2932.962889 0.180316 C 234.117243 255.000000 0.000000 
  4 278  7 38 1 2 NL 0 -21 73 -21 59 0 1 0.549693 0 0 2933.971344 2934.472883 2934.974418 2935.475956 2936.479031 2937.028723 0.868863 C 255.000000 0.000000 200.639052 
  4 279  7 39 3 1 HN 0 -60 101 -30 101 0 1 0.917368 0 0 2938.050514 2938.552053 2939.053588 2939.555126 2940.558201 2941.475570 0.067960 C 255.000000 103.978755 0.000000 
  4 280  7 40 2 3 LH 1 +20 115 +5 86 1 1 1.271675 0 0 2942.497478 2942.999017 2943.500554 2944.002091 2945.005166 2946.276842 0.793592 C 194.196523 0.000000 255.000000 
  4 281  8 1 1 1 NN 0 +31 112 +31 112 0 1 0.567618 0 0 2964.397947 2964.899482 2965.401019 2965.902557 2966.905631 2967.473249 0.968977 C 255.000000 0.000000 47.464864 
  4 282  8 2 3 3 HH 1 +40 56 +10 85 1 1 0.713434 0 0 2968.493832 2968.995370 2969.496908 2969.998445 2971.001518 2971.714952 0.637988 C 0.000000 43.878636 255.000000 
  4 283  8 3 3 1 HN 0 +2 59 -28 59 0 1 0.931548 0 0 2972.723465 2973.225003 2973.726540 2974.228077 2975.231152 2976.162700 0.996840 C 255.000000 0.000000 4.835008 
  4 284  8 4 3 3 HH 1 -13 69 +17 98 1 1 0.613910 0 0 2977.187148 2977.688685 2978.190222 2978.691760 2979.694834 2980.308744 0.503685 C 0.000000 249.361207 255.000000 
  4 285  8 5 3 3 HH 1 -25 45 -55 74 1 1 0.706550 0 0 2981.333191 2981.834727 2982.336269 2982.837804 2983.840877 2984.547426 0.288226 C 69.014759 255.000000 0.000000 
  4 286  8 6 3 3 HH 1 -57 53 -27 82 1 1 0.767206 0 0 2985.562822 2986.064359 2986.565897 2987.067433 2988.070506 2988.837712 0.075195 C 255.000000 115.048836 0.000000 
  4 287  8 7 1 3 NH 0 -46 68 -46 39 0 1 1.271517 0 0 2989.859324 2990.360863 2990.862404 2991.363938 2992.367012 2993.638530 0.343322 C 0.000000 255.000000 15.282025 
  4 288  8 8 3 2 HL 1 +13 37 -17 51 1 1 0.742117 0 0 2994.657367 2995.158904 2995.660441 2996.161979 2997.165053 2997.907170 0.779400 C 172.482506 0.000000 255.000000 
  4 289  8 9 1 3 NH 0 +60 51 +60 80 0 1 0.623944 0 0 2998.920435 2999.421971 2999.923509 3000.425050 3001.428121 3002.052065 0.063820 C 255.000000 97.644637 0.000000 
  4 290  8 10 1 3 NH 0 +34 83 +34 112 0 1 1.085433 0 0 3003.066477 3003.568014 3004.069551 3004.571088 3005.574163 3006.659596 0.839888 C 255.000000 0.000000 244.971955 
  4 291  8 11 1 2 NL 0 -38 82 -38 68 0 1 0.536502 0 0 3007.680621 3008.182158 3008.683694 3009.185233 3010.188306 3010.724809 0.714715 C 73.513454 0.000000 255.000000 
  4 292  8 12 2 2 LL 1 +53 42 +38 56 0 0 0.650536 0 0 3011.743074 3012.244610 3012.746147 3013.247689 3014.250763 3014.901299 0.915387 E 255.000000 0.000000 129.458199 
  4 293  8 13 2 2 LL 1 -22 62 -37 48 1 1 0.935657 0 0 3015.922552 3016.424088 3016.925626 3017.427164 3018.430239 3019.365896 0.778856 C 171.649650 0.000000 255.000000 
  4 294  8 14 3 3 HH 1 -33 95 -3 66 1 1 0.792267 0 0 3020.386234 3020.887771 3021.389309 3021.890845 3022.893920 3023.686187 0.464356 C 0.000000 255.000000 200.464143 
  4 295  8 15 2 3 LH 1 -16 75 -31 46 1 1 1.006046 0 0 3024.699455 3025.200992 3025.702530 3026.204072 3027.207143 3028.213188 0.784614 C 180.459853 0.000000 255.000000 
  4 296  8 16 2 2 LL 1 -46 93 -31 79 1 1 1.310364 0 0 3029.230009 3029.731551 3030.233088 3030.734621 3031.737706 3033.048070 0.070400 C 255.000000 107.711442 0.000000 
  4 297  8 17 3 1 HN 0 +48 53 +18 53 1 0 0.842390 0 0 3034.061487 3034.563023 3035.064561 3035.566098 3036.569173 3037.411563 0.143128 E 255.000000 218.985110 0.000000 
  4 298  8 18 2 3 LH 1 +2 108 +17 79 1 1 0.719799 0 0 3038.424861 3038.926398 3039.427936 3039.929474 3040.932549 3041.652348 0.987760 C 255.000000 0.000000 18.727100 
  4 299  8 19 2 1 LN 0 -24 86 -39 86 0 1 1.516669 0 0 3042.671211 3043.172750 3043.674286 3044.175823 3045.178908 3046.695577 0.866452 C 255.000000 0.000000 204.328411 
  4 300  8 20 3 3 HH 1 +13 108 +43 79 1 1 3.905804 0 0 3047.720020 3048.221558 3048.723096 3049.224632 3050.227707 3054.133511 0.734593 C 103.926769 0.000000 255.000000 
  4 301  8 21 2 1 LN 0 +24 99 +9 99 0 1 0.965074 0 0 3055.142775 3055.644311 3056.145849 3056.647386 3057.650461 3058.615535 0.679035 C 18.923909 0.000000 255.000000 
  4 302  8 22 2 1 LN 0 +18 80 +3 80 0 1 0.914906 0 0 3059.639896 3060.141430 3060.642967 3061.144508 3062.147579 3063.062485 0.069225 C 255.000000 105.914667 0.000000 
  4 303  8 23 3 1 HN 0 -17 99 +13 99 0 1 1.109820 0 0 3064.086858 3064.588395 3065.089931 3065.591469 3066.594543 3067.704364 0.591235 C 0.000000 115.411118 255.000000 
  4 304  8 24 3 1 HN 0 -44 37 -14 37 0 1 1.280172 0 0 3068.717719 3069.219256 3069.720790 3070.222331 3071.225405 3072.505577 0.315168 C 27.793049 255.000000 0.000000 
  4 305  8 25 1 2 NL 0 +42 104 +42 90 0 1 0.641636 0 0 3073.515761 3074.017297 3074.518834 3075.020372 3076.023447 3076.665082 0.088588 C 255.000000 135.539097 0.000000 
  4 306  8 26 1 3 NH 0 -18 110 -18 81 0 1 0.814430 0 0 3077.678522 3078.180056 3078.681594 3079.183132 3080.186217 3081.000647 0.628157 C 0.000000 58.919334 255.000000 
  4 307  8 27 2 2 LL 1 +42 75 +27 61 0 0 0.608209 0 0 3082.025178 3082.526714 3083.028252 3083.529788 3084.532864 3085.141074 0.764908 E 150.309017 0.000000 255.000000 
  4 308  8 28 2 1 LN 0 -17 64 -2 64 0 1 0.625121 0 0 3086.154502 3086.656039 3087.157580 3087.659115 3088.662188 3089.287309 0.047251 C 255.000000 72.294393 0.000000 
  4 309  8 29 2 1 LN 0 +31 57 +46 57 0 1 0.831276 0 0 3090.300545 3090.802081 3091.303619 3091.805155 3092.808230 3093.639506 0.874721 C 255.000000 0.000000 191.676249 
  4 310  8 30 1 2 NL 0 +54 100 +54 86 1 0 0.964953 0 0 3094.663920 3095.165456 3095.666994 3096.168534 3097.171609 3098.136562 0.276546 E 86.884466 255.000000 0.000000 
  4 311  8 31 3 1 HN 0 -8 48 -38 48 0 1 0.691987 0 0 3099.161040 3099.662575 3100.164116 3100.665650 3101.668724 3102.360711 0.928593 C 255.000000 0.000000 109.252839 
  4 312  8 32 3 2 HL 1 +14 46 -16 60 1 1 1.405190 0 0 3103.373952 3103.875488 3104.377026 3104.878564 3105.881638 3107.286828 0.085823 C 255.000000 131.309591 0.000000 
  4 313  8 33 1 2 NL 0 -46 28 -46 42 0 1 1.289739 0 0 3108.305734 3108.807273 3109.308810 3109.810351 3110.813422 3112.103161 0.432941 C 0.000000 255.000000 152.400476 
  4 314  8 34 3 1 HN 0 +18 51 -12 51 0 1 0.909297 0 0 3113.120494 3113.622032 3114.123569 3114.625106 3115.628181 3116.537479 0.832360 C 253.511004 0.000000 255.000000 
  4 315  8 35 2 3 LH 1 +4 83 -11 112 1 1 0.992869 0 0 3117.550742 3118.052279 3118.553816 3119.055354 3120.058427 3121.051296 0.168785 C 251.759111 255.000000 0.000000 
  4 316  8 36 2 3 LH 1 -30 43 -45 72 1 1 1.869002 0 0 3122.064578 3122.566115 3123.067652 3123.569190 3124.572264 3126.441266 0.634497 C 0.000000 49.220078 255.000000 
  4 317  8 37 2 2 LL 1 -22 95 -37 109 1 1 0.948295 0 0 3127.464464 3127.966007 3128.467538 3128.969079 3129.972150 3130.920444 0.952776 C 255.000000 0.000000 72.252969 
  4 318  8 38 2 3 LH 1 -57 49 -42 78 1 1 0.886946 0 0 3131.944864 3132.446401 3132.947939 3133.449478 3134.452551 3135.339497 0.563182 C 0.000000 158.332086 255.000000 
  4 319  8 39 2 2 LL 1 -20 52 -35 66 0 0 1.254730 0 0 3136.358394 3136.859934 3137.361472 3137.863006 3138.866079 3140.120810 0.780566 E 174.265576 0.000000 255.000000 
  4 320  8 40 2 2 LL 1 +8 44 +23 30 1 1 1.338379 0 0 3141.139716 3141.641253 3142.142791 3142.644329 3143.647403 3144.985781 0.264985 C 104.572877 255.000000 0.000000 
